1005262.00
-265025.00
22.71,-6.02,133
-4.24,-6.56,144
0.14,-5.07,155
45.40,-3.38,166
41.38,-3.94,178
23.17,-5.93,190
20.55,-7.17,201
-0.97,-7.01,212
10.50,-4.89,224
42.70,-2.75,235
34.86,-2.82,246
25.19,-4.93,258
23.44,-5.77,270
2.21,-5.91,281
6.41,-4.11,292
38.40,-2.26,304
34.50,-3.50,315
29.75,-5.33,326
24.46,-7.32,337
-4.37,-7.15,349
3.57,-5.03,361
43.49,-3.74,372
41.78,-3.03,384
26.95,-5.35,395
20.28,-6.44,406
-6.54,-5.69,417
8.11,-3.40,429
55.07,-1.36,441
34.17,-3.03,452
19.04,-5.03,463
22.19,-6.87,475
-3.41,-6.20,486
13.07,-3.83,497
48.10,-3.14,508
27.90,-3.96,521
22.31,-5.83,532
26.72,-7.03,543
-2.56,-5.78,555
10.70,-3.43,566
43.48,-1.60,577
32.44,-2.48,588
31.37,-4.90,601
20.62,-6.31,612
-8.07,-5.94,623
11.51,-3.62,634
48.16,-2.42,646
35.87,-4.18,657
25.70,-6.14,668
14.20,-7.36,680
-5.85,-6.24,692
19.54,-3.77,703
49.78,-2.55,714
30.79,-3.42,726
21.09,-5.88,737
17.35,-7.04,748
0.57,-5.14,760
17.10,-3.56,772
42.65,-2.13,783
28.14,-4.45,794
26.43,-6.17,805
21.00,-7.37,817
-8.00,-6.50,828
14.36,-3.21,840
48.12,-3.03,851
32.97,-3.67,863
29.59,-6.03,874
15.37,-7.12,885
-13.25,-5.13,897
19.22,-3.41,908
54.04,-1.95,920
28.07,-4.28,931
22.31,-6.40,943
12.05,-6.72,954
-7.15,-6.11,965
25.74,-3.10,976
47.50,-3.29,988
22.64,-5.04,1000
25.63,-6.43,1011
14.49,-7.37,1022
-3.41,-4.90,1034
26.27,-3.07,1045
41.45,-2.19,1056
25.22,-3.86,1068
30.39,-6.25,1080
14.03,-6.53,1091
-10.00,-5.49,1102
25.54,-3.09,1114
45.70,-2.68,1125
27.30,-5.29,1136
28.36,-7.14,1147
7.49,-7.64,1159
-10.98,-6.09,1171
28.13,-3.13,1182
50.24,-3.46,1193
27.47,-4.70,1205
22.85,-6.44,1216
7.68,-6.76,1227
-4.54,-4.29,1239
32.44,-2.99,1251
45.79,-2.82,1262
22.12,-5.05,1273
22.12,-7.65,1285
9.87,-7.35,1296
-1.12,-6.48,1307
28.00,-3.84,1318
41.99,-3.37,1331
27.57,-5.29,1342
26.35,-6.42,1353
12.31,-7.28,1364
-3.79,-4.57,1376
29.99,-2.60,1387
45.58,-2.27,1398
30.80,-4.11,1411
26.15,-6.96,1422
2.52,-6.54,1433
-5.67,-4.91,1444
32.59,-3.61,1456
45.82,-4.13,1467
23.49,-6.54,1478
21.81,-7.57,1490
5.42,-6.65,1502
-0.89,-4.29,1513
41.14,-2.29,1524
42.70,-2.79,1536
19.33,-4.76,1547
27.21,-6.26,1558
5.20,-6.29,1570
-1.33,-3.78,1582
39.79,-2.96,1593
40.10,-3.46,1604
22.32,-5.09,1615
30.12,-7.76,1627
1.95,-5.91,1638
-2.36,-4.30,1650
41.91,-2.04,1661
41.56,-2.14,1673
28.03,-4.85,1684
28.17,-5.36,1695
-0.80,-5.36,1707
0.91,-2.51,1718
40.96,-1.47,1729
40.99,-3.28,1741
24.10,-5.46,1753
20.22,-8.15,1764
-1.15,-6.96,1775
6.41,-4.55,1786
41.05,-3.31,1798
38.51,-3.55,1809
24.32,-5.23,1821
21.96,-6.07,1832
4.67,-4.91,1844
7.96,-2.84,1855
39.22,-1.38,1866
38.00,-2.73,1878
22.98,-5.38,1889
23.64,-7.69,1901
-1.28,-7.20,1912
1.66,-4.63,1924
42.35,-3.72,1935
39.79,-4.24,1946
27.06,-5.96,1957
22.69,-7.25,1969
-1.91,-5.29,1981
7.29,-3.22,1992
48.05,-1.67,2003
39.86,-2.99,2015
20.77,-5.44,2026
20.93,-6.34,2037
-3.03,-6.22,2049
8.23,-3.83,2061
44.50,-3.72,2072
31.09,-5.75,2083
21.53,-7.15,2095
23.50,-8.90,2106
-0.92,-6.65,2117
9.28,-4.18,2128
41.72,-3.21,2141
34.06,-3.24,2152
27.37,-5.84,2163
23.50,-6.03,2174
-7.67,-5.38,2186
8.39,-3.46,2197
45.58,-2.66,2208
35.47,-5.47,2221
25.30,-6.40,2232
14.52,-8.24,2243
-6.55,-6.72,2254
13.78,-3.23,2266
49.01,-2.87,2277
35.61,-3.53,2288
23.52,-5.19,2300
17.99,-5.42,2312
-2.15,-3.80,2323
16.26,-2.49,2334
43.76,-2.33,2345
29.69,-4.86,2357
23.67,-7.16,2368
18.39,-7.86,2380
-3.92,-6.63,2392
14.82,-4.17,2403
46.24,-3.02,2414
30.82,-4.49,2425
25.89,-5.58,2437
22.02,-6.07,2448
-7.96,-4.07,2459
16.82,-1.44,2471
49.25,-1.98,2483
29.12,-3.59,2494
27.07,-6.23,2505
16.62,-6.91,2516
-11.36,-5.30,2528
18.78,-3.97,2539
50.56,-3.67,2551
26.41,-5.68,2563
25.69,-6.62,2574
16.10,-6.58,2585
-9.93,-4.78,2596
25.71,-1.65,2608
50.10,-1.78,2619
26.89,-3.35,2631
25.88,-5.67,2642
15.37,-6.31,2654
-4.30,-4.65,2665
22.03,-3.57,2676
42.18,-3.40,2688
27.21,-5.34,2699
26.40,-7.49,2711
11.30,-7.16,2722
-5.34,-5.21,2734
22.16,-2.85,2745
44.35,-2.36,2756
34.36,-4.41,2767
26.97,-5.04,2779
10.86,-5.46,2791
-3.51,-3.50,2802
25.19,-2.30,2813
46.71,-3.63,2825
29.32,-5.45,2836
21.01,-8.30,2847
8.83,-6.85,2859
-1.77,-5.08,2871
30.29,-3.23,2882
44.31,-2.71,2893
26.04,-5.08,2905
25.62,-5.57,2916
12.24,-5.32,2927
-1.93,-3.25,2938
29.62,-1.66,2951
44.25,-2.92,2962
23.41,-4.69,2973
28.63,-6.89,2984
9.10,-6.79,2996
-8.68,-4.62,3007
31.25,-3.43,3018
48.42,-3.51,3031
28.99,-5.66,3042
27.45,-6.88,3053
6.60,-5.28,3064
-5.50,-2.90,3076
37.98,-1.21,3087
49.24,-2.44,3098
25.53,-5.02,3110
24.31,-6.76,3122
6.75,-6.49,3133
-1.21,-4.37,3144
33.71,-3.31,3155
39.21,-4.33,3167
22.07,-6.41,3178
26.72,-7.93,3189
9.10,-6.96,3202
-1.34,-3.96,3213
32.67,-2.56,3224
43.35,-3.21,3235
28.66,-5.18,3247
28.69,-6.60,3258
4.32,-5.60,3269
-6.53,-4.10,3281
35.58,-2.45,3293
45.34,-4.63,3304
26.58,-7.14,3315
25.06,-8.02,3326
-0.66,-7.07,3338
-3.93,-3.85,3349
41.89,-3.46,3361
43.69,-4.27,3373
21.69,-5.85,3384
25.98,-6.45,3395
1.78,-4.98,3406
1.23,-2.88,3418
42.90,-2.01,3429
38.25,-3.89,3441
21.08,-6.52,3452
27.11,-7.62,3464
3.48,-6.60,3475
1.55,-4.10,3486
39.55,-3.91,3497
38.89,-4.87,3509
25.64,-6.24,3521
27.63,-6.57,3532
0.90,-4.14,3544
1.18,-2.08,3555
43.71,-1.27,3566
40.01,-3.86,3577
23.54,-5.90,3589
22.11,-6.86,3601
-2.21,-5.78,3612
3.39,-3.65,3623
46.27,-3.67,3635
38.40,-4.92,3646
20.57,-7.04,3657
22.37,-7.15,3668
0.47,-4.95,3681
8.05,-2.27,3692
44.47,-1.54,3703
35.29,-3.41,3715
22.84,-5.52,3726
24.34,-6.35,3737
0.00,-5.02,3748
6.42,-2.91,3761
38.80,-2.95,3772
33.26,-5.45,3783
27.93,-7.39,3794
22.37,-7.37,3806
-3.96,-5.24,3817
6.01,-2.17,3828
44.20,-1.89,3841
40.75,-3.66,3852
28.51,-5.35,3863
16.58,-5.79,3874
-6.70,-4.28,3886
12.86,-2.52,3897
48.35,-2.99,3908
33.85,-5.47,3920
20.49,-7.93,3932
16.58,-7.46,3943
-3.87,-5.85,3954
15.36,-3.63,3965
47.93,-3.20,3977
29.40,-4.52,3988
21.08,-5.52,3999
24.59,-5.80,4012
-2.26,-3.88,4023
11.02,-1.94,4034
45.04,-2.24,4045
31.41,-4.71,4057
26.29,-7.03,4068
23.39,-7.19,4079
-9.13,-5.27,4091
8.32,-3.33,4103
49.24,-3.26,4114
37.23,-4.52,4125
24.97,-6.63,4136
16.38,-5.58,4148
-7.11,-3.38,4159
17.17,-1.18,4171
52.42,-1.60,4183
33.20,-4.11,4194
18.93,-6.32,4205
15.07,-6.91,4216
-4.39,-4.81,4228
17.93,-4.23,4239
46.65,-4.69,4251
27.31,-6.65,4262
23.76,-7.90,4274
18.18,-6.71,4285
-3.15,-4.82,4296
19.43,-2.14,4307
44.42,-2.70,4319
32.45,-4.08,4331
28.83,-5.83,4342
16.40,-5.60,4354
-8.25,-3.62,4365
19.06,-2.58,4376
47.07,-3.91,4387
31.11,-6.70,4399
25.76,-8.08,4411
10.45,-7.12,4422
-8.28,-4.79,4433
27.63,-2.94,4445
49.92,-4.08,4456
28.42,-5.31,4467
24.64,-6.41,4478
10.79,-5.06,4491
-2.66,-2.93,4502
28.46,-2.56,4513
44.14,-3.59,4525
23.42,-6.23,4536
25.71,-7.36,4547
14.27,-6.66,4558
-5.12,-4.98,4570
23.55,-3.28,4582
44.49,-4.59,4593
26.60,-5.57,4604
28.79,-6.68,4616
14.99,-5.26,4627
-6.88,-2.35,4638
25.94,-1.55,4649
49.89,-2.54,4662
30.41,-5.53,4673
22.36,-6.53,4684
9.20,-6.14,4696
-4.65,-4.15,4707
28.87,-3.29,4718
48.93,-5.03,4729
25.95,-6.49,4742
20.62,-7.81,4753
8.75,-6.01,4764
-2.59,-3.74,4775
31.02,-2.22,4787
45.64,-3.30,4798
23.91,-5.24,4809
23.66,-6.18,4822
9.23,-5.21,4833
-4.79,-3.45,4844
30.12,-3.17,4855
42.20,-5.15,4867
22.60,-7.32,4878
29.01,-7.70,4889
8.41,-6.19,4901
-5.00,-3.27,4913
32.26,-2.22,4924
42.78,-3.36,4935
28.10,-5.21,4946
31.75,-6.28,4958
3.75,-4.76,4969
-5.33,-2.54,4981
37.78,-2.54,4993
43.59,-4.56,5004
25.16,-7.05,5015
24.93,-7.83,5026
1.86,-6.16,5038
-3.08,-3.94,5049
40.45,-3.32,5061
41.11,-5.00,5072
22.67,-5.93,5084
25.48,-6.50,5095
6.27,-4.35,5106
0.16,-2.24,5117
37.08,-2.49,5129
37.34,-4.52,5141
22.95,-7.69,5152
24.84,-7.87,5164
2.35,-6.75,5175
-3.72,-4.34,5186
35.80,-4.07,5197
42.13,-6.05,5209
25.24,-7.04,5220
26.46,-7.13,5232
0.58,-3.95,5243
0.28,-1.80,5255
43.56,-1.68,5266
41.05,-3.84,5277
24.17,-6.75,5288
20.31,-6.75,5300
-1.73,-5.64,5312
2.57,-3.94,5323
41.80,-4.01,5335
38.52,-6.19,5346
19.86,-7.86,5357
23.35,-7.81,5368
3.31,-4.67,5380
3.30,-2.09,5392
41.62,-1.84,5403
37.21,-3.82,5414
24.15,-5.38,5426
26.30,-5.41,5437
-1.24,-4.11,5448
1.27,-2.62,5459
43.68,-3.86,5472
37.16,-6.49,5483
21.69,-8.44,5494
21.10,-7.69,5506
-7.03,-4.87,5517
5.53,-3.25,5528
50.32,-3.35,5539
37.91,-4.89,5552
22.94,-5.44,5563
22.60,-4.86,5574
-0.23,-3.18,5585
9.62,-1.96,5597
45.76,-3.77,5608
32.41,-6.54,5619
21.16,-8.38,5632
22.91,-7.70,5643
-0.17,-5.85,5654
5.51,-3.91,5665
42.96,-4.32,5677
36.93,-5.19,5688
27.04,-6.00,5699
22.46,-4.87,5711
-3.69,-2.88,5723
7.66,-1.93,5734
45.49,-3.12,5745
36.31,-6.16,5756
23.58,-7.75,5768
15.75,-7.13,5779
-6.20,-5.18,5790
14.15,-4.02,5803
47.03,-5.12,5814
32.96,-6.52,5825
25.20,-6.92,5836
20.65,-5.65,5848
-2.65,-2.59,5859
18.17,-2.10,5870
46.13,-2.78,5882
27.74,-5.20,5894
30.03,-7.04,5905
19.08,-5.75,5916
-7.11,-4.38,5927
15.76,-3.02,5939
43.59,-5.19,5950
29.60,-7.03,5962
31.49,-7.71,5974
13.72,-6.38,5985
-7.22,-2.79,5996
20.01,-1.80,6007
48.63,-2.65,6019
33.12,-4.59,6030
26.06,-6.05,6042
15.16,-4.48,6053
-4.74,-2.62,6065
22.44,-2.03,6076
45.82,-4.45,6087
26.60,-7.24,6098
24.63,-8.23,6110
17.19,-6.48,6122
-4.04,-3.91,6133
22.79,-2.57,6145
42.21,-3.90,6156
26.18,-5.46,6167
32.84,-5.92,6178
17.27,-4.04,6190
-9.29,-1.36,6202
23.40,-1.67,6213
47.74,-3.95,6224
27.23,-7.03,6236
28.94,-8.24,6247
10.43,-6.56,6258
-11.19,-4.45,6269
28.65,-3.02,6282
49.91,-5.25,6293
25.77,-6.34,6304
25.95,-6.16,6316
11.98,-4.23,6327
-3.69,-1.47,6338
33.00,-2.29,6349
46.22,-3.71,6362
21.42,-6.24,6373
25.22,-7.25,6384
12.94,-5.44,6395
-4.16,-4.19,6407
26.16,-3.75,6418
43.50,-5.71,6429
27.87,-7.49,6440
30.17,-7.50,6453
11.54,-5.20,6464
-6.82,-2.22,6475
28.57,-2.15,6487
48.72,-4.11,6498
29.01,-6.67,6509
24.14,-7.11,6520
4.47,-5.39,6533
-7.80,-3.43,6544
32.29,-3.99,6555
47.73,-6.19,6566
21.77,-7.81,6578
22.38,-7.17,6589
6.88,-4.64,6600
-1.41,-2.42,6612
35.41,-2.08,6624
44.75,-4.04,6635
22.61,-5.87,6646
26.35,-5.88,6658
8.35,-4.77,6669
-3.54,-2.48,6680
31.55,-3.84,6692
41.40,-6.42,6704
23.42,-7.99,6715
26.46,-8.26,6726
2.74,-5.07,6737
-4.94,-3.33,6749
37.50,-2.94,6760
44.24,-4.96,6772
28.41,-6.56,6784
25.26,-5.13,6795
-0.56,-3.64,6806
1.37,-0.91,6817
41.79,-2.94,6829
40.40,-5.93,6840
24.51,-7.83,6852
20.25,-8.13,6863
0.58,-5.27,6875
3.84,-3.40,6886
39.39,-3.65,6897
37.03,-5.37,6908
23.75,-6.31,6920
26.65,-5.97,6932
3.60,-3.06,6943
0.10,-1.62,6955
37.72,-2.68,6966
40.04,-5.15,6977
26.34,-7.94,6988
23.48,-6.74,7000
-3.15,-4.94,7012
-0.20,-3.57,7023
42.33,-4.67,7034
39.20,-7.05,7046
23.33,-7.14,7057
22.72,-6.32,7068
-1.95,-3.38,7079
4.85,-1.62,7091
48.39,-3.22,7103
35.68,-4.79,7114
21.61,-6.85,7126
24.72,-5.53,7137
-0.83,-4.03,7148
5.59,-3.66,7159
41.92,-4.89,7171
35.20,-7.74,7183
24.15,-8.11,7194
25.36,-6.61,7205
-2.95,-3.22,7217
5.14,-1.64,7228
45.87,-2.55,7239
39.31,-4.10,7250
26.93,-5.67,7263
20.34,-4.69,7274
-5.91,-2.83,7285
8.28,-2.81,7297
48.31,-4.93,7308
35.52,-7.52,7319
19.93,-8.10,7330
16.19,-6.14,7343
-5.58,-3.65,7354
14.56,-2.90,7365
49.14,-3.87,7376
34.65,-5.44,7388
21.70,-5.70,7399
21.92,-4.18,7410
-0.30,-2.21,7422
16.02,-2.02,7434
45.21,-4.17,7445
28.53,-6.58,7456
24.82,-7.65,7468
22.30,-6.27,7479
-6.07,-4.07,7490
11.17,-3.54,7502
44.35,-4.50,7514
32.24,-6.67,7525
27.92,-6.38,7536
18.76,-4.32,7547
-9.12,-1.86,7559
15.94,-1.03,7570
50.46,-3.31,7582
33.44,-4.99,7593
23.99,-6.74,7605
14.67,-5.28,7616
-7.59,-4.03,7627
20.31,-4.19,7639
49.44,-5.23,7650
27.20,-7.71,7661
23.89,-6.59,7673
18.88,-4.96,7685
-3.02,-3.04,7696
19.89,-1.86,7707
45.15,-4.28,7718
28.76,-5.33,7730
29.37,-6.53,7741
17.82,-5.14,7753
-9.17,-2.90,7764
17.64,-4.08,7776
44.88,-5.63,7787
33.23,-7.69,7798
27.59,-7.62,7810
10.03,-4.73,7821
-10.23,-2.78,7833
24.38,-2.71,7844
50.25,-4.63,7856
30.56,-6.40,7867
24.33,-5.43,7878
6.35,-4.68,7889
-2.82,-2.08,7901
30.90,-3.05,7913
40.20,-5.71,7924
24.79,-6.53,7936
27.03,-7.45,7947
9.37,-4.69,7958
-2.28,-3.55,7969
25.54,-3.83,7981
38.67,-5.06,7993
29.33,-7.31,8004
30.89,-6.37,8015
8.26,-4.40,8027
-8.46,-2.42,8038
26.82,-3.20,8049
47.10,-5.62,8060
29.14,-6.90,8073
25.46,-7.09,8084
6.45,-4.65,8095
-9.80,-3.54,8107
31.72,-4.53,8118
50.33,-5.75,8129
23.06,-7.55,8140
21.89,-6.07,8153
12.17,-4.13,8164
-2.87,-2.43,8175
33.17,-3.06,8186
45.73,-5.44,8198
20.69,-6.89,8209
24.79,-6.79,8220
10.99,-4.42,8232
-4.70,-3.19,8244
30.16,-4.46,8255
43.93,-6.52,8266
25.20,-7.80,8278
27.54,-6.94,8289
7.82,-4.45,8300
-4.86,-2.87,8311
33.36,-3.63,8324
46.19,-5.48,8335
26.62,-6.91,8346
25.51,-5.54,8357
3.41,-3.74,8369
-1.66,-2.71,8380
39.73,-3.97,8391
41.86,-6.33,8403
21.87,-7.18,8415
24.58,-5.99,8426
1.89,-4.39,8437
2.21,-2.49,8449
37.75,-4.28,8460
35.79,-5.28,8471
22.97,-6.49,8483
28.09,-5.19,8495
4.88,-2.22,8506
-1.33,-2.09,8517
37.56,-2.84,8528
39.80,-6.10,8540
26.41,-7.51,8551
26.78,-6.05,8563
-2.05,-4.42,8574
-3.44,-3.21,8586
43.30,-5.45,8597
43.65,-7.03,8608
23.54,-7.36,8620
22.92,-5.45,8631
-0.61,-2.41,8643
3.24,-1.91,8654
46.36,-3.60,8666
38.78,-6.10,8677
22.73,-6.68,8688
23.72,-5.07,8699
0.85,-2.85,8711
7.47,-3.33,8723
40.66,-4.66,8734
31.50,-7.36,8745
26.78,-7.84,8757
26.12,-5.90,8768
-0.49,-3.37,8779
7.46,-1.53,8791
41.39,-4.03,8803
34.67,-5.12,8814
31.98,-5.94,8825
22.17,-3.90,8837
-6.02,-1.40,8848
10.89,-2.57,8859
44.16,-4.23,8870
36.21,-7.55,8883
25.26,-8.16,8894
17.32,-5.32,8905
-4.29,-3.42,8916
11.72,-2.95,8928
43.45,-5.41,8939
34.60,-6.86,8950
22.04,-6.31,8962
20.24,-4.36,8974
-0.03,-1.34,8985
11.56,-1.66,8996
45.31,-4.01,9008
35.04,-6.50,9019
23.83,-6.97,9030
21.48,-5.46,9041
-4.62,-3.32,9054
9.04,-3.27,9065
46.31,-5.33,9076
33.20,-7.53,9088
23.58,-7.12,9099
23.03,-4.15,9110
-4.27,-1.77,9122
12.56,-1.32,9134
51.92,-3.94,9145
33.55,-5.76,9156
23.25,-5.93,9167
21.08,-4.81,9179
-7.34,-2.52,9191
14.83,-3.38,9202
49.15,-5.36,9213
28.61,-7.73,9225
24.79,-7.52,9236
20.84,-4.47,9247
-7.26,-2.92,9260
16.73,-1.75,9271
49.15,-4.12,9282
30.20,-5.78,9293
24.38,-5.60,9305
19.38,-3.94,9316
-4.92,-1.47,9328
15.79,-3.15,9339
50.20,-5.08,9351
31.29,-7.48,9362
24.39,-7.81,9373
16.78,-4.88,9384
-8.28,-4.10,9397
17.43,-3.63,9408
51.44,-5.50,9419
30.81,-7.03,9431
21.73,-5.75,9442
14.92,-4.33,9453
-5.74,-1.86,9465
21.98,-3.41,9477
52.73,-4.91,9488
28.27,-6.37,9499
21.62,-7.24,9510
16.11,-4.45,9522
-5.97,-3.89,9533
22.59,-4.46,9545
47.71,-6.59,9556
26.89,-7.42,9568
26.88,-6.78,9579
11.34,-4.38,9590
-8.02,-2.86,9602
24.37,-3.89,9614
47.05,-6.13,9625
28.75,-7.66,9636
26.51,-5.97,9648
8.26,-4.37,9659
-5.82,-2.80,9670
28.18,-4.50,9682
46.21,-6.15,9694
28.15,-7.35,9705
26.08,-6.75,9716
8.22,-3.60,9728
-6.93,-3.18,9739
29.52,-3.99,9751
45.52,-5.69,9762
27.99,-7.60,9774
27.29,-5.53,9785
10.08,-3.99,9796
-5.62,-2.85,9807
28.29,-4.25,9820
44.66,-6.91,9831
24.64,-6.98,9842
27.05,-6.91,9853
10.22,-3.85,9865
-6.97,-2.89,9876
29.60,-4.49,9888
46.71,-5.00,9900
27.27,-6.49,9911
25.54,-4.72,9922
6.30,-2.69,9933
-4.35,-2.32,9945
33.27,-4.02,9957
48.29,-6.27,9968
23.91,-7.26,9979
23.41,-5.76,9991
6.40,-3.98,10002
-0.83,-3.09,10013
35.12,-4.44,10025
42.60,-6.60,10037
25.16,-6.01,10048
26.33,-4.55,10059
6.67,-1.84,10071
-0.64,-1.97,10082
34.31,-3.71,10094
41.01,-5.10,10105
27.87,-6.77,10117
29.15,-5.05,10128
-0.06,-3.88,10139
-3.91,-3.38,10150
37.12,-4.74,10163
42.05,-7.44,10174
25.89,-6.84,10185
25.31,-5.36,10196
0.83,-2.33,10208
1.14,-1.51,10219
40.81,-3.53,10231
41.84,-4.99,10243
23.49,-5.80,10254
25.39,-4.14,10265
2.69,-2.97,10276
1.69,-3.37,10289
38.04,-5.94,10300
37.45,-7.63,10311
23.16,-7.97,10322
24.88,-5.09,10334
0.94,-3.13,10345
-1.66,-2.70,10356
41.21,-4.25,10369
41.12,-6.02,10380
25.68,-5.30,10391
26.05,-4.44,10402
-412.71,767.03,10414
21.69,-5.68,10476
28.58,-4.21,10537
4.18,-2.08,10549
-0.16,-2.00,10560
37.04,-4.70,10571
39.30,-6.14,10584
24.71,-7.42,10595
28.49,-5.20,10606
1.29,-3.37,10617
-3.64,-3.66,10629
38.29,-4.65,10640
43.09,-7.07,10652
24.93,-6.22,10663
24.91,-4.11,10675
0.69,-2.25,10686
-0.53,-1.70,10697
43.87,-4.33,10708
43.83,-6.01,10721
22.07,-6.08,10732
22.70,-4.65,10743
1.83,-2.88,10755
2.91,-3.71,10766
42.85,-5.75,10777
39.05,-7.05,10789
22.28,-6.92,10801
23.78,-4.04,10812
3.34,-2.44,10823
3.87,-2.51,10834
40.56,-3.96,10846
36.76,-6.13,10858
24.31,-5.65,10869
26.10,-4.68,10881
-0.88,-2.88,10892
1.61,-3.63,10903
40.94,-6.07,10914
39.40,-7.35,10927
25.98,-7.57,10938
21.29,-4.81,10949
-2.33,-3.05,10960
3.71,-3.39,10972
43.15,-4.34,10983
39.29,-6.47,10994
23.65,-4.93,11006
22.59,-2.80,11018
-2.68,-1.46,11029
6.77,-2.61,11040
45.35,-5.21,11052
35.72,-6.87,11063
23.75,-6.70,11075
20.92,-4.82,11086
-5.07,-3.40,11098
9.37,-4.28,11109
44.51,-6.28,11120
34.90,-6.59,11131
24.63,-5.99,11144
21.87,-3.00,11155
-3.53,-2.04,11166
11.38,-3.26,11177
46.58,-4.88,11189
32.62,-7.09,11200
27.39,-5.80,11212
20.19,-4.17,11224
-6.07,-3.94,11235
13.52,-4.73,11246
46.21,-7.33,11257
32.06,-7.41,11269
25.24,-6.56,11281
17.47,-3.66,11292
-4.67,-1.43,11303
16.87,-3.37,11315
47.08,-4.01,11326
31.61,-5.84,11337
23.83,-4.68,11350
18.30,-2.94,11361
-3.78,-3.28,11372
13.70,-4.05,11383
44.02,-7.20,11395
31.92,-8.09,11406
23.94,-6.69,11418
17.59,-4.69,11429
-5.76,-2.86,11441
13.67,-4.37,11452
47.98,-5.48,11463
34.00,-6.20,11474
25.45,-4.67,11487
17.24,-2.19,11498
-7.94,-1.82,11509
18.21,-4.11,11521
50.21,-6.60,11532
28.81,-7.79,11543
22.59,-6.65,11555
13.21,-4.65,11567
-7.51,-3.85,11578
21.76,-4.91,11589
45.93,-6.25,11600
25.39,-6.49,11612
26.68,-4.39,11624
16.09,-2.50,11635
-5.02,-1.59,11646
24.38,-3.69,11658
45.71,-6.01,11669
26.99,-6.89,11680
27.42,-6.36,11693
14.72,-4.37,11704
-8.74,-4.37,11715
20.69,-5.96,11726
46.39,-7.49,11738
27.61,-8.03,11749
24.45,-4.99,11761
13.78,-2.73,11772
-7.05,-1.89,11784
25.01,-3.45,11795
51.52,-5.48,11806
28.75,-5.83,11817
21.93,-5.14,11830
10.90,-3.33,11841
-4.00,-3.96,11852
25.49,-6.33,11864
42.81,-8.30,11875
24.20,-8.55,11886
23.05,-6.19,11898
11.15,-3.40,11910
-3.16,-2.71,11921
27.32,-3.49,11932
43.78,-5.66,11943
29.61,-5.80,11955
31.01,-3.66,11967
7.82,-2.43,11978
-7.00,-3.17,11990
30.41,-6.08,12001
44.35,-8.19,12012
26.76,-8.12,12023
27.62,-6.30,12036
2.21,-3.79,12047
-7.46,-4.29,12058
36.29,-5.23,12069
45.91,-6.23,12081
24.94,-5.69,12092
27.17,-2.66,12103
7.28,-1.64,12115
-2.49,-1.62,12127
38.32,-4.57,12138
42.54,-6.72,12149
22.23,-6.88,12161
25.48,-6.07,12172
5.99,-4.30,12184
-3.95,-5.90,12195
31.91,-7.19,12207
41.67,-7.86,12218
25.55,-6.52,12229
26.54,-3.12,12240
8.90,-1.54,12253
-2.99,-1.61,12264
32.84,-4.27,12275
45.88,-5.80,12286
27.03,-6.09,12298
22.12,-4.34,12309
4.18,-3.37,12321
-2.78,-5.27,12333
35.73,-6.73,12344
43.45,-8.11,12355
20.19,-6.40,12366
21.35,-4.45,12378
6.79,-1.98,12390
1.62,-2.46,12401
40.60,-4.13,12412
38.17,-4.94,12424
22.34,-4.97,12435
30.31,-2.81,12446
2.91,-2.71,12459
-1.38,-4.37,12470
39.48,-6.58,12481
36.95,-8.36,12492
24.59,-6.56,12504
28.81,-4.31,12515
-3.52,-2.10,12527
-0.73,-3.00,12538
44.61,-5.04,12550
39.51,-5.51,12561
27.03,-5.13,12572
25.73,-2.38,12583
-6.35,-1.97,12596
4.19,-4.30,12607
49.06,-6.62,12618
36.32,-8.82,12630
20.50,-7.10,12641
22.63,-5.16,12652
-1.29,-3.69,12664
5.95,-4.31,12676
43.92,-6.15,12687
34.93,-6.25,12698
22.47,-5.17,12709
27.91,-2.81,12721
3.87,-1.90,12733
4.83,-4.11,12744
39.81,-6.21,12755
36.88,-8.14,12767
26.74,-6.89,12778
23.20,-4.57,12789
-3.35,-4.02,12802
2.64,-4.62,12813
42.90,-7.15,12824
41.10,-7.03,12835
26.19,-5.18,12847
18.78,-2.76,12858
-3.28,-1.94,12870
9.47,-4.13,12881
49.61,-5.55,12893
39.40,-6.36,12904
21.49,-5.98,12915
17.31,-4.35,12926
-1.56,-4.10,12938
12.22,-5.95,12950
46.29,-7.30,12961
29.54,-7.54,12973
20.75,-4.99,12984
19.79,-3.22,12995
-1.90,-2.27,13006
12.27,-3.24,13019
44.56,-5.52,13030
31.67,-5.65,13041
29.30,-4.73,13052
21.78,-2.67,13064
-7.84,-2.96,13075
11.05,-5.42,13087
44.54,-7.52,13099
33.45,-8.56,13110
25.21,-6.25,13121
14.22,-3.91,13132
-8.93,-3.52,13144
17.13,-4.16,13156
52.37,-5.57,13167
32.05,-4.90,13178
23.45,-3.57,13190
17.36,-2.50,13201
-5.88,-2.61,13212
20.07,-5.26,13224
48.49,-7.07,13236
24.33,-7.29,13247
22.85,-6.10,13258
20.54,-3.73,13270
-5.52,-3.57,13281
16.32,-4.76,13293
46.62,-5.89,13304
26.31,-5.49,13316
27.96,-3.15,13327
20.83,-1.60,13338
-7.71,-1.97,13349
19.22,-3.98,13362
49.30,-6.88,13373
30.30,-6.66,13384
27.08,-5.34,13395
15.33,-3.74,13407
-11.27,-4.33,13418
22.54,-6.46,13430
47.72,-7.21,13442
26.11,-6.60,13453
26.17,-3.91,13464
13.61,-1.89,13475
-6.60,-2.26,13487
27.09,-3.99,13499
47.60,-6.00,13510
26.07,-5.57,13521
25.28,-3.66,13533
14.27,-2.86,13544
-5.40,-3.86,13555
25.12,-6.37,13568
42.79,-7.97,13579
25.88,-7.37,13590
25.13,-4.85,13601
11.20,-2.79,13613
-5.50,-3.56,13624
24.05,-4.88,13636
42.82,-6.00,13647
30.74,-5.29,13659
26.84,-3.41,13670
10.83,-2.20,13681
-5.81,-3.43,13692
27.47,-6.03,13705
48.20,-7.48,13716
26.38,-6.77,13727
23.26,-4.57,13739
9.24,-2.75,13750
-4.02,-3.82,13761
31.21,-6.07,13772
47.09,-6.90,13785
22.03,-6.35,13796
24.81,-3.59,13807
12.70,-2.06,13818
-4.91,-3.18,13830
31.16,-4.80,13841
46.17,-7.07,13853
21.01,-6.07,13864
28.29,-4.26,13876
11.36,-3.25,13887
-6.11,-4.26,13898
32.43,-6.40,13910
43.47,-7.09,13922
25.90,-6.10,13933
30.10,-3.47,13944
6.47,-1.64,13956
-5.42,-2.95,13967
37.85,-5.23,13978
45.39,-6.57,13990
27.20,-5.26,14002
26.40,-2.84,14013
0.09,-2.30,14024
36.65,-4.33,14036
42.23,-6.52,14048
24.40,-7.72,14059
20.14,-5.90,14070
4.44,-4.39,14082
4.28,-2.78,14093
33.67,-3.44,14104
39.36,-5.39,14116
26.60,-5.70,14128
23.94,-4.64,14139
7.46,-2.32,14150
5.17,-1.23,14161
33.11,-3.56,14173
41.45,-5.30,14184
30.15,-7.43,14196
23.88,-6.15,14208
1.92,-4.16,14219
-0.94,-3.53,14230
39.25,-3.88,14241
43.80,-6.43,14253
24.04,-5.82,14265
25.58,-4.92,14276
0.14,-2.33,14287
1.71,-1.37,14299
47.21,-3.74,14310
40.16,-5.30,14321
21.26,-6.60,14333
27.23,-5.15,14345
0.24,-3.33,14356
2.63,-3.84,14367
44.42,-4.89,14379
33.28,-7.14,14390
22.42,-7.14,14402
28.07,-4.75,14413
-0.66,-2.86,14425
2.97,-1.77,14436
43.99,-3.51,14447
37.55,-5.24,14458
27.04,-5.83,14471
21.80,-4.52,14482
-4.89,-2.44,14493
5.34,-3.09,14504
42.63,-5.68,14516
37.62,-7.78,14527
22.66,-8.19,14539
17.05,-6.01,14551
-2.99,-3.26,14562
8.75,-2.92,14573
44.57,-4.03,14584
35.96,-5.67,14596
22.78,-5.59,14607
23.37,-3.70,14619
0.07,-2.23,14630
6.72,-2.45,14642
41.16,-5.31,14653
33.51,-8.06,14664
23.75,-8.29,14675
22.52,-6.67,14688
-4.54,-4.02,14699
2.54,-3.92,14710
46.47,-5.24,14722
37.49,-6.34,14733
23.74,-5.85,14744
22.38,-3.12,14756
-412.16,771.54,14768
20.56,-7.08,14829
23.84,-4.72,14891
1.52,-2.40,14902
5.97,-1.93,14914
42.55,-3.74,14925
35.46,-5.73,14937
26.08,-6.37,14948
24.83,-4.93,14959
-3.95,-3.83,14970
3.67,-4.21,14983
43.78,-6.35,14994
36.55,-8.01,15005
26.22,-7.34,15016
19.76,-4.94,15028
-6.88,-2.23,15039
11.36,-2.69,15051
48.23,-3.91,15063
32.59,-5.58,15074
24.04,-5.24,15085
20.27,-3.67,15096
-4.96,-2.70,15108
12.02,-3.81,15120
46.69,-6.29,15131
29.27,-7.87,15142
23.79,-7.93,15154
21.86,-5.69,15165
-6.87,-3.77,15176
10.12,-3.13,15188
47.21,-4.22,15200
34.45,-5.56,15211
27.24,-4.75,15222
20.52,-3.00,15234
-6.63,-1.34,15245
12.00,-2.83,15257
49.15,-5.84,15268
32.39,-7.48,15280
23.31,-8.37,15291
16.80,-5.57,15302
-7.00,-4.40,15313
16.80,-4.87,15326
48.50,-5.44,15337
30.08,-6.65,15348
24.55,-4.83,15360
20.72,-2.73,15371
-4.27,-1.36,15382
17.71,-1.89,15394
45.14,-4.79,15406
29.54,-6.21,15417
26.72,-6.45,15428
17.05,-5.36,15439
-8.17,-4.16,15451
14.36,-5.84,15463
45.63,-7.29,15474
32.79,-7.60,15485
27.43,-5.50,15497
14.44,-1.97,15508
-7.59,-1.17,15519
23.09,-1.71,15532
50.96,-3.70,15543
32.04,-5.29,15554
25.64,-4.79,15565
11.85,-3.26,15577
-5.22,-3.25,15588
24.81,-4.76,15600
43.89,-7.28,15611
25.84,-7.74,15623
27.11,-6.29,15634
16.64,-3.34,15645
-2.60,-1.25,15656
24.54,-2.19,15669
46.67,-3.08,15680
31.12,-4.51,15691
32.47,-3.83,15703
13.94,-1.84,15714
-5.73,-2.62,15725
24.33,-4.40,15737
45.03,-7.63,15749
28.61,-8.68,15760
25.28,-6.90,15771
6.69,-4.81,15782
-5.51,-2.57,15794
27.83,-4.61,15806
46.70,-4.89,15817
27.46,-5.19,15828
25.73,-3.76,15840
10.90,-1.11,15851
-0.76,-1.94,15862
29.65,-3.21,15875
44.19,-6.53,15886
25.11,-7.91,15897
25.86,-6.73,15908
10.23,-5.54,15920
-5.08,-4.64,15931
29.05,-6.13,15943
44.56,-7.35,15954
24.54,-6.03,15966
30.17,-3.55,15977
9.64,-0.71,15988
-6.28,-0.53,16000
34.66,-3.07,16012
49.08,-5.31,16023
25.64,-6.53,16034
28.27,-5.54,16046
2.35,-4.43,16057
-7.46,-5.10,16068
37.01,-6.22,16080
44.38,-8.41,16092
21.26,-7.55,16103
25.21,-4.86,16114
3.87,-2.23,16125
-1.20,-0.71,16137
40.85,-2.86,16148
44.50,-3.99,16160
24.60,-5.12,16172
29.51,-4.32,16183
5.98,-2.69,16194
-1.40,-4.43,16205
35.05,-6.36,16217
38.33,-8.86,16229
25.39,-8.55,16240
25.43,-5.79,16251
-0.39,-3.33,16263
-1.54,-2.39,16274
38.96,-3.90,16285
44.25,-4.97,16297
27.73,-4.51,16309
25.56,-2.75,16320
-0.06,-1.59,16331
0.17,-2.90,16343
44.12,-5.98,16354
40.15,-8.07,16366
17.22,-8.56,16377
22.20,-7.37,16389
0.16,-4.75,16400
3.74,-4.96,16411
41.59,-6.13,16422
36.04,-6.44,16435
24.69,-5.35,16446
27.92,-2.23,16457
3.59,-1.12,16468
5.46,-1.62,16480
37.51,-4.30,16491
35.79,-7.38,16503
31.68,-7.01,16515
19.22,-6.58,16526
-7.09,-4.73,16537
5.93,-6.32,16548
37.01,-7.22,16560
40.44,-7.61,16572
32.11,-6.32,16583
14.16,-1.62,16594
-1.19,-0.93,16606
15.03,-1.07,16617
41.38,-3.86,16628
41.46,-5.85,16641
26.16,-5.00,16652
15.54,-4.37,16663
0.70,-3.80,16674
8.96,-5.67,16686
39.41,-7.49,16697
34.70,-8.29,16709
23.97,-6.78,16720
20.94,-3.32,16732
-3.70,-1.21,16743
9.27,-1.70,16754
47.68,-2.88,16765
34.83,-4.30,16778
27.55,-3.67,16789
24.17,-2.31,16800
-7.95,-2.45,16812
10.94,-4.89,16823
48.02,-7.92,16834
-176.37,381.11,16846
30.13,-8.89,16919
25.24,-7.45,16992
22.32,-6.50,17004
-5.36,-3.82,17015
8.99,-5.23,17027
42.61,-5.98,17038
36.35,-5.62,17049
28.75,-3.85,17060
19.16,-0.83,17073
-3.74,-0.43,17084
12.78,-2.15,17095
-6.27,771.63,17106
-1.10,-0.37,17168
15.83,-1.46,17230
46.47,-3.89,17242
32.02,-5.69,17253
28.24,-5.52,17264
19.66,-3.82,17275
-8.48,-4.49,17287
13.99,-6.41,17299
43.20,-8.65,17310
28.77,-9.26,17321
28.21,-6.96,17333
15.43,-4.39,17344
-8.73,-1.58,17355
19.07,-3.04,17368
48.99,-4.15,17379
32.27,-5.58,17390
26.37,-4.61,17401
14.30,-2.18,17413
-5.66,-3.15,17424
20.77,-5.03,17436
45.56,-8.21,17447
27.36,-9.18,17459
23.08,-7.43,17470
14.02,-5.01,17481
-5.17,-2.52,17492
22.35,-3.97,17505
46.31,-5.02,17516
27.98,-4.66,17527
29.53,-2.83,17539
16.77,-0.31,17550
24.18,774.45,17561
22.02,-3.76,17624
11.24,-1.49,17685
-2.80,-0.24,17696
29.76,-2.45,17708
46.59,-5.24,17719
23.68,-7.19,17731
20.05,-6.99,17742
11.04,-5.15,17754
-4.65,-5.32,17765
24.47,-6.42,17776
38.86,-8.36,17787
24.96,-8.62,17800
26.37,-5.82,17811
9.34,-2.79,17822
-3.71,-1.32,17833
30.13,-2.38,17845
45.56,-4.23,17856
28.70,-4.71,17868
27.60,-4.33,17880
5.33,-3.03,17891
-6.21,-3.89,17902
32.78,-6.38,17913
43.62,-8.75,17925
22.22,-8.69,17937
22.62,-6.49,17948
2.94,-3.45,17959
-2.19,-1.90,17971
37.51,-3.38,17982
44.15,-4.42,17993
25.16,-4.62,18006
26.74,-2.40,18017
7.40,-1.79,18028
-1.69,-2.78,18039
35.23,-5.17,18051
38.92,-8.88,18062
22.14,-8.95,18074
22.44,-7.66,18085
4.77,-4.69,18097
-4.60,-3.75,18108
36.33,-5.08,18119
42.06,-5.47,18130
24.52,-5.75,18143
26.85,-2.54,18154
4.94,-1.03,18165
-2.36,-1.84,18177
36.76,-4.53,18188
43.09,-7.59,18199
22.87,-8.50,18211
20.54,-6.19,18223
4.83,-4.35,18234
-1.34,-5.04,18245
37.19,-6.72,18256
41.96,-7.72,18268
21.01,-6.59,18280
23.09,-3.20,18291
7.14,-1.01,18302
0.34,-0.75,18314
40.61,-3.84,18325
47.19,-5.92,18336
20.09,-6.48,18349
23.27,-5.15,18360
5.31,-3.51,18371
-7.20,-5.94,18382
43.15,-7.80,18394
43.81,-9.37,18405
13.86,-7.68,18417
25.94,-4.30,18428
4.76,-1.63,18440
0.06,-0.69,18451
49.55,-3.50,18462
40.79,-4.84,18473
18.29,-4.84,18486
28.10,-3.49,18497
-0.04,-2.25,18508
-0.74,-5.04,18520
47.96,-7.19,18531
34.47,-9.18,18542
18.02,-8.86,18554
24.59,-5.36,18566
-2.80,-3.20,18577
3.48,-2.69,18588
44.61,-3.92,18599
40.55,-5.30,18611
23.39,-3.78,18623
21.40,-1.90,18634
3.33,-0.79,18646
5.91,-2.53,18657
43.77,-6.10,18668
44.41,-7.80,18679
17.49,-8.10,18691
12.67,-5.71,18703
2.36,-4.44,18714
6.20,-5.45,18725
40.95,-6.28,18737
40.81,-7.17,18748
20.38,-4.58,18759
18.55,-1.84,18771
3.90,-0.32,18783
9.57,-1.40,18794
43.85,-4.72,18805
35.97,-6.49,18817
23.05,-6.44,18828
18.58,-5.28,18840
-7.18,-4.74,18851
8.70,-7.07,18863
42.75,-8.20,18874
31.71,-8.58,18885
27.80,-6.09,18896
16.90,-2.42,18909
-6.04,-1.36,18920
20.19,-1.27,18931
49.51,-3.97,18942
32.65,-5.08,18954
25.43,-4.86,18965
14.76,-4.21,18977
-5.26,-4.42,18989
21.10,-7.51,19000
43.62,-8.93,19011
25.27,-10.37,19022
25.05,-8.31,19034
14.76,-4.55,19046
-3.93,-2.79,19057
20.41,-2.85,19068
43.69,-4.33,19080
30.97,-4.21,19091
31.16,-2.73,19102
16.97,-1.56,19115
-5.36,-2.55,19126
18.03,-5.37,19137
42.69,-8.44,19148
31.88,-10.11,19160
25.78,-8.75,19171
5.97,-6.07,19183
-7.71,-5.05,19194
24.50,-5.57,19206
44.27,-6.16,19217
30.56,-4.94,19228
26.48,-2.80,19239
10.47,-0.28,19252
0.40,-0.34,19263
31.48,-3.66,19274
44.74,-6.90,19286
22.84,-8.39,19297
25.61,-7.73,19308
12.10,-6.57,19320
-6.00,-5.64,19332
23.03,-7.43,19343
43.68,-7.82,19354
25.62,-7.10,19365
31.02,-3.38,19377
14.39,-0.10,19389
-6.84,0.33,19400
29.71,-1.22,19411
50.52,-5.09,19423
28.90,-5.68,19434
24.48,-5.83,19445
8.53,-4.38,19458
-8.18,-5.09,19469
28.65,-7.80,19480
45.49,-8.81,19491
20.88,-8.72,19503
23.46,-5.02,19514
13.61,-1.28,19526
-1.21,-0.90,19537
33.85,-1.19,19549
45.40,-3.25,19560
26.61,-3.50,19571
29.89,-2.94,19582
14.09,-2.98,19595
-4.83,-3.76,19606
27.04,-7.87,19617
42.76,-10.45,19629
24.82,-9.78,19640
25.70,-7.65,19651
5.18,-3.55,19663
-9.05,-3.34,19675
35.42,-3.42,19686
50.66,-4.24,19697
30.06,-3.79,19708
24.41,-1.42,19720
4.01,-1.55,19732
-0.79,-3.01,19743
40.24,-6.25,19755
42.40,-9.19,19766
16.86,-8.97,19777
20.10,-7.78,19788
7.47,-5.66,19801
-2.24,-5.15,19812
35.33,-5.83,19823
41.23,-5.74,19834
22.90,-4.46,19846
31.30,-1.90,19857
12.21,0.23,19868
-2.71,-1.44,19880
34.90,-3.87,19892
44.22,-7.10,19903
27.45,-7.61,19914
27.33,-6.35,19926
-1.14,-5.66,19937
-7.67,-6.03,19949
39.23,-7.68,19960
44.24,-7.88,19972
24.51,-6.06,19983
22.09,-2.36,19994
0.36,-0.08,20005
4.83,-0.97,20018
45.66,-2.92,20029
44.19,-5.52,20040
20.98,-5.91,20051
20.65,-4.96,20063
4.97,-4.87,20074
5.30,-6.31,20086
37.58,-8.31,20098
34.28,-9.66,20109
20.60,-7.88,20120
25.32,-4.52,20131
4.47,-1.90,20143
2.57,-1.60,20155
37.79,-3.14,20166
42.38,-4.40,20177
28.65,-3.96,20189
26.15,-2.72,20200
-2.68,-2.87,20211
-4.03,-5.53,20224
42.32,-7.98,20235
42.31,-9.97,20246
22.19,-8.27,20257
17.99,-5.12,20269
-5.18,-3.88,20280
4.96,-3.63,20292
48.80,-5.21,20303
40.09,-4.33,20315
19.87,-2.61,20326
22.77,-1.05,20337
2.50,-0.10,20348
11.97,-3.84,20361
44.99,-5.55,20372
31.33,-8.05,20383
20.13,-7.75,20395
23.17,-5.72,20406
-1.98,-5.47,20417
5.23,-5.05,20429
40.70,-6.71,20441
35.71,-6.05,20452
28.25,-3.36,20463
25.12,-0.48,20474
-4.07,1.07,20486
8.57,-1.40,20498
51.19,-4.10,20509
40.08,-6.15,20520
24.36,-5.87,20532
17.34,-4.13,20543
-6.44,-4.74,20554
11.04,-6.84,20567
47.84,-8.60,20578
33.94,-8.32,20589
18.45,-5.05,20600
20.06,-1.34,20612
2.08,-0.24,20623
16.19,-1.11,20635
46.10,-3.59,20646
32.91,-4.93,20658
27.41,-3.49,20669
26.32,-3.30,20680
-4.55,-3.72,20691
7.93,-7.02,20704
44.87,-9.35,20715
31.83,-9.89,20726
26.70,-7.53,20738
19.37,-3.83,20749
-12.79,-2.45,20760
14.34,-3.22,20772
57.13,-4.37,20784
33.77,-4.01,20795
24.70,-2.00,20806
20.02,-0.81,20817
-10.65,-2.44,20829
23.23,-5.35,20841
51.71,-8.37,20852
21.15,-9.34,20864
23.43,-7.28,20875
19.75,-5.24,20886
-11.19,-4.59,20897
19.95,-5.64,20910
45.12,-6.05,20921
22.83,-5.14,20932
33.18,-2.75,20943
21.84,-0.72,20955
-9.77,-1.10,20966
22.93,-4.54,20978
46.71,-6.50,20989
30.23,-8.21,21001
29.59,-6.54,21012
9.26,-5.57,21023
-10.94,-6.43,21035
20.42,-7.11,21047
46.72,-8.72,21058
30.20,-6.70,21069
21.40,-3.46,21081
9.26,-0.89,21092
-1.18,-0.06,21103
25.24,-3.66,21115
47.20,-4.94,21127
28.19,-5.78,21138
20.26,-4.86,21149
15.29,-3.86,21160
0.12,-6.19,21172
17.10,-7.81,21184
38.07,-9.94,21195
28.28,-8.68,21207
26.20,-4.66,21218
12.36,-2.64,21229
-5.05,-1.94,21240
21.46,-3.36,21253
48.56,-4.71,21264
36.52,-3.97,21275
24.95,-2.96,21286
5.76,-2.40,21298
-5.12,-4.36,21309
28.77,-7.75,21321
24.25,-9.32,21332
16.41,-8.61,21344
5.09,-6.25,21355
0.19,-4.08,21366
32.17,-4.98,21379
43.24,-4.64,21390
25.05,-5.40,21401
25.24,-3.89,21412
14.51,-1.08,21424
0.54,-1.15,21435
28.68,-1.98,21446
42.76,-6.11,21458
29.76,-7.56,21470
29.65,-7.15,21481
3.83,-6.42,21492
-7.88,-4.65,21504
33.61,-6.31,21515
46.15,-6.95,21526
29.42,-6.75,21538
26.72,-4.33,21550
1.44,-1.00,21561
-0.33,0.06,21572
45.22,-1.40,21583
44.77,-4.16,21595
21.27,-6.22,21607
25.84,-6.17,21618
4.20,-4.40,21629
-1.69,-5.03,21641
36.67,-6.36,21652
36.23,-8.28,21663
20.73,-7.90,21676
29.44,-5.15,21687
6.74,-2.25,21698
-1.46,0.23,21709
37.00,-2.44,21721
-3.33,771.97,21732
-0.94,-2.73,21794
3.12,-4.02,21856
43.01,-4.87,21867
41.10,-4.72,21878
21.46,-3.00,21890
24.22,-0.79,21902
4.55,-1.34,21913
6.00,-4.03,21924
41.52,-7.26,21936
34.93,-8.89,21947
20.38,-7.90,21959
25.31,-5.64,21970
1.69,-3.98,21982
0.10,-4.89,21993
38.14,-6.16,22004
37.55,-5.27,22016
28.26,-2.81,22027
27.24,0.06,22039
0.11,-0.15,22050
4.68,-2.90,22062
46.42,-6.20,22073
41.05,-7.74,22084
22.75,-6.51,22095
16.37,-5.36,22108
-7.08,-5.36,22119
9.27,-7.14,22130
45.89,-8.31,22141
32.81,-6.94,22153
22.22,-4.04,22164
18.27,-1.36,22176
1.44,-0.93,22188
16.96,-3.37,22199
44.13,-4.96,22210
30.87,-5.97,22221
24.97,-4.86,22233
22.36,-3.87,22245
-3.10,-5.19,22256
10.05,-7.03,22267
39.68,-9.54,22279
29.96,-8.72,22290
29.81,-5.92,22301
18.84,-3.01,22313
-11.34,-2.68,22325
11.41,-4.27,22336
50.30,-5.30,22347
34.30,-4.81,22359
26.22,-2.76,22370
16.38,-2.17,22382
-10.35,-3.76,22393
50.80,-6.84,22405
26.31,-8.76,22416
20.23,-8.37,22428
17.53,-6.27,22439
-6.15,-3.93,22451
19.28,-4.00,22462
48.60,-5.17,22473
25.37,-5.75,22484
27.18,-4.48,22496
26.05,-2.11,22508
-7.39,-0.99,22519
15.73,-1.90,22531
47.89,-5.00,22542
27.74,-7.41,22553
27.22,-7.00,22564
15.27,-5.16,22576
-11.04,-3.33,22588
18.22,-4.77,22599
49.46,-6.96,22610
31.86,-8.03,22622
21.82,-6.14,22633
10.26,-2.44,22644
-2.96,-1.11,22657
27.84,-2.29,22668
46.16,-4.57,22679
28.57,-6.22,22690
24.55,-5.37,22702
8.37,-4.18,22713
-2.10,-3.36,22725
27.38,-5.17,22736
39.09,-7.61,22748
23.74,-8.46,22759
28.05,-6.58,22770
10.88,-3.45,22781
-3.54,-1.49,22794
29.47,-2.31,22805
44.31,-4.48,22816
26.96,-5.69,22828
31.72,-4.34,22839
9.97,-2.39,22850
-8.85,-2.01,22862
31.86,-4.36,22874
47.30,-7.23,22885
22.46,-8.84,22896
25.57,-6.94,22907
8.40,-4.21,22919
-7.82,-2.23,22931
36.80,-4.41,22942
48.22,-5.55,22953
21.20,-5.37,22965
28.40,-3.91,22976
11.82,-0.78,22987
-2.62,-0.72,23000
36.77,-2.76,23011
44.85,-6.03,23022
22.67,-7.98,23033
27.19,-6.38,23045
4.68,-5.06,23056
-6.06,-3.68,23067
36.38,-5.69,23079
42.61,-7.01,23091
28.11,-6.72,23102
28.51,-4.69,23113
1.91,-1.02,23124
-0.47,-1.29,23136
42.83,-2.93,23148
42.16,-5.60,23159
22.72,-7.02,23171
25.26,-5.44,23182
1.05,-4.85,23193
0.99,-4.17,23204
39.86,-6.47,23217
38.64,-8.06,23228
22.84,-7.31,23239
25.97,-5.51,23250
3.22,-2.54,23262
3.18,-2.01,23273
41.59,-3.16,23285
39.63,-5.03,23297
25.99,-5.60,23308
25.97,-4.68,23319
3.18,-2.95,23330
0.16,-3.85,23342
37.38,-5.98,23354
40.94,-8.27,23365
22.44,-8.65,23376
21.03,-5.99,23388
0.20,-4.07,23399
0.94,-3.14,23410
43.27,-4.44,23422
42.99,-5.85,23434
23.68,-5.41,23445
23.35,-3.74,23456
-1.37,-2.12,23468
6.82,-2.74,23479
46.09,-5.47,23491
32.84,-7.10,23502
22.20,-8.19,23514
21.89,-5.99,23525
-5.53,-4.71,23536
9.77,-4.86,23547
43.47,-5.68,23560
28.15,-7.36,23571
28.29,-5.51,23582
24.36,-3.47,23593
-6.37,-1.27,23605
13.94,-1.95,23616
43.71,-4.68,23628
33.96,-6.01,23640
30.77,-7.05,23651
17.36,-4.89,23662
-10.42,-4.15,23673
12.23,-5.52,23685
44.15,-7.28,23697
34.31,-8.41,23708
26.48,-6.65,23719
14.93,-3.38,23731
-2.63,-1.79,23742
17.90,-2.53,23753
47.62,-3.84,23766
35.24,-5.60,23777
23.36,-4.18,23788
19.19,-3.58,23799
-0.43,-3.56,23811
11.30,-4.86,23822
43.95,-8.59,23834
29.62,-8.86,23845
19.32,-8.40,23857
21.23,-5.36,23868
-6.44,-3.20,23879
13.04,-3.45,23890
50.52,-3.46,23903
32.47,-5.00,23914
27.27,-3.02,23925
20.77,-1.18,23937
-6.79,-1.51,23948
18.63,-3.38,23959
50.73,-7.10,23971
28.37,-8.23,23983
24.62,-7.61,23994
12.55,-5.36,24005
-10.23,-3.57,24016
26.25,-5.06,24028
46.27,-5.68,24040
25.07,-5.70,24051
28.91,-3.52,24062
15.26,0.09,24074
-3.08,0.24,24085
28.75,-1.87,24096
43.66,-4.85,24109
26.56,-7.58,24120
29.15,-6.32,24131
12.63,-4.66,24142
-9.15,-4.78,24154
23.29,-5.59,24165
43.40,-8.09,24177
28.46,-6.52,24188
29.30,-4.14,24200
10.51,-1.23,24211
-5.98,0.91,24222
33.13,-2.35,24233
51.63,-3.83,24246
28.19,-6.04,24257
25.03,-5.31,24268
7.33,-3.26,24280
-3.73,-5.53,24291
31.55,-6.09,24302
42.31,-9.48,24314
20.97,-8.71,24326
23.79,-5.28,24337
9.21,-3.71,24348
-1.52,-0.96,24359
34.01,-3.44,24371
44.05,-3.81,24383
27.07,-4.20,24394
32.58,-3.44,24406
7.93,-1.08,24417
-4.57,-3.35,24428
31.71,-6.18,24439
41.31,-9.38,24452
26.90,-9.94,24463
24.48,-7.22,24474
-0.30,-4.98,24485
-5.76,-3.61,24497
36.41,-4.56,24508
45.60,-5.95,24519
26.94,-4.13,24531
27.44,-2.37,24543
5.40,-0.11,24554
1.95,-0.90,24565
40.84,-4.80,24577
40.17,-7.31,24588
19.91,-8.45,24600
23.58,-7.12,24611
3.38,-5.43,24623
-0.04,-5.82,24634
34.95,-6.39,24645
35.86,-7.47,24656
26.42,-5.57,24669
27.76,-1.84,24680
2.87,-0.11,24691
5.78,-0.02,24702
38.71,-3.54,24714
38.40,-4.98,24725
32.17,-5.79,24737
23.43,-4.98,24749
-6.16,-3.58,24760
6.78,-5.60,24771
37.62,-6.78,24782
37.65,-8.88,24794
29.21,-7.19,24806
16.83,-3.17,24817
-0.12,-1.70,24828
9.38,-0.92,24840
40.93,-3.67,24851
40.67,-5.05,24862
24.38,-4.18,24875
19.92,-3.85,24886
4.62,-2.88,24897
4.75,-4.49,24908
39.98,-7.09,24920
34.13,-9.20,24931
20.49,-8.01,24943
24.84,-4.95,24954
-0.08,-2.76,24966
1.50,-2.57,24977
49.11,-3.35,24988
37.86,-4.24,24999
25.51,-3.06,25012
30.84,-1.08,25023
-4.97,-1.05,25034
5.39,-3.19,25046
54.41,-6.78,25057
29.20,-8.59,25068
19.15,-8.28,25080
23.36,-6.30,25092
-11.56,-3.96,25103
12.40,-5.32,25114
53.99,-5.23,25125
27.35,-5.15,25137
26.53,-3.85,25149
26.95,-0.84,25160
-5.14,-0.65,25171
19.36,-2.05,25183
44.51,-4.87,25194
27.45,-6.65,25205
30.80,-6.26,25218
16.97,-5.17,25229
-5.93,-4.25,25240
14.29,-5.84,25251
38.90,-7.34,25263
37.74,-6.81,25274
26.41,-4.92,25286
10.13,-1.23,25297
1.38,-0.10,25309
15.70,-1.85,25320
45.01,-4.29,25331
44.55,-5.73,25342
18.89,-4.73,25355
9.04,-3.70,25366
5.61,-4.21,25377
11.56,-5.81,25389
42.75,-8.83,25400
38.97,-8.41,25411
15.12,-5.72,25423
14.86,-3.09,25435
7.26,-1.37,25446
12.74,-2.58,25457
45.50,-4.35,25468
37.50,-4.72,25480
20.80,-4.23,25492
15.06,-2.49,25503
-2.63,-3.63,25515
14.03,-6.16,25526
43.97,-9.05,25537
30.64,-9.76,25548
21.36,-6.92,25561
9.30,-4.59,25572
-6.05,-2.97,25583
23.74,-4.46,25594
46.90,-5.79,25606
29.32,-5.31,25617
27.48,-4.43,25629
8.96,-1.83,25640
-6.70,-3.04,25652
31.28,-5.48,25663
38.27,-7.98,25674
23.82,-8.89,25686
29.95,-7.00,25698
4.44,-4.68,25709
-8.88,-4.59,25720
34.52,-6.26,25732
39.59,-6.90,25743
24.88,-6.30,25754
32.59,-3.30,25766
6.22,-0.94,25778
-3.56,-1.54,25789
34.86,-3.34,25800
42.61,-6.51,25811
28.73,-6.37,25823
27.31,-5.43,25835
6.01,-4.28,25846
-7.37,-4.46,25858
31.32,-7.25,25869
44.64,-7.27,25880
21.71,-7.13,25891
22.08,-4.06,25904
10.17,-1.60,25915
-2.46,-2.18,25926
32.98,-3.02,25937
49.48,-6.02,25949
23.02,-4.83,25960
25.65,-4.54,25972
13.30,-3.30,25984
-8.35,-3.98,25995
32.51,-7.34,26006
45.32,-8.25,26017
20.46,-8.11,26029
26.85,-4.94,26041
5.58,-2.79,26052
-8.30,-3.50,26063
38.35,-4.64,26075
46.61,-5.86,26086
22.44,-4.55,26097
25.51,-3.09,26109
2.71,-2.50,26121
-2.36,-4.39,26132
39.54,-7.09,26143
40.12,-8.82,26155
21.34,-8.20,26166
21.92,-5.64,26178
1.52,-4.20,26189
1.79,-4.48,26201
38.51,-5.23,26212
39.63,-5.66,26223
25.42,-4.38,26234
24.80,-1.87,26247
5.31,-0.94,26258
4.00,-2.39,26269
36.24,-5.35,26280
42.57,-7.52,26292
26.02,-6.69,26303
20.78,-4.87,26315
-0.11,-3.85,26327
2.30,-5.05,26338
40.14,-6.55,26349
42.76,-6.88,26360
25.97,-5.06,26372
20.47,-2.16,26384
0.98,-1.06,26395
9.00,-2.46,26406
44.28,-4.59,26418
37.41,-5.86,26429
25.09,-4.92,26440
24.63,-3.90,26452
-1.73,-3.69,26464
9.11,-6.03,26475
41.16,-7.70,26486
31.97,-7.99,26498
25.29,-6.38,26509
24.74,-2.74,26521
-1.54,-1.68,26532
8.01,-2.67,26544
44.77,-4.60,26555
36.40,-5.45,26566
25.20,-4.27,26577
24.18,-3.12,26590
-3.98,-3.02,26601
6.02,-5.63,26612
45.89,-8.25,26624
38.21,-8.28,26635
21.04,-6.63,26646
18.66,-3.83,26658
-3.05,-2.68,26670
11.59,-4.05,26681
48.98,-5.29,26692
35.68,-5.68,26703
22.96,-3.81,26715
20.57,-1.84,26727
1.04,-2.24,26738
15.19,-4.72,26749
43.16,-7.32,26761
30.52,-7.98,26772
26.64,-6.56,26783
19.51,-4.82,26796
-7.20,-3.70,26807
13.84,-5.11,26818
45.39,-6.46,26829
33.07,-5.73,26841
28.56,-3.89,26852
18.70,-1.16,26864
-7.10,-2.03,26875
19.46,-4.12,26887
49.43,-6.14,26898
30.10,-7.56,26909
21.92,-5.99,26920
15.17,-4.79,26933
-7.04,-4.69,26944
17.95,-6.58,26955
48.46,-8.11,26967
25.98,-6.83,26978
23.44,-4.63,26989
19.83,-2.15,27001
-3.35,-1.95,27013
19.90,-4.07,27024
47.47,-6.28,27035
29.30,-7.03,27046
27.49,-5.60,27058
15.90,-4.08,27070
-8.78,-5.04,27081
19.41,-6.98,27092
45.56,-8.81,27104
29.93,-7.88,27115
28.40,-5.19,27126
12.12,-2.63,27138
-8.39,-2.24,27150
27.58,-3.77,27161
52.14,-5.06,27172
26.76,-4.85,27184
27.06,-3.39,27195
12.74,-2.50,27207
-4.46,-3.97,27218
27.52,-6.50,27230
44.87,-8.38,27241
24.61,-8.09,27252
25.25,-5.61,27264
13.35,-3.60,27275
-3.09,-3.71,27287
25.53,-4.27,27298
43.96,-6.06,27310
31.22,-4.03,27321
29.88,-2.14,27332
14.51,-1.07,27343
-5.91,-2.14,27356
24.30,-5.46,27367
48.51,-7.26,27378
31.46,-7.22,27389
23.64,-5.29,27401
6.38,-4.06,27412
-5.42,-5.28,27424
28.76,-6.40,27436
48.55,-6.51,27447
28.01,-4.42,27458
21.96,-1.61,27469
8.77,-0.25,27481
1.62,-1.63,27493
34.98,-4.31,27504
41.95,-6.89,27515
24.17,-6.46,27527
7.34,-5.44,27538
1.87,-4.64,27550
29.24,-5.60,27561
37.22,-7.71,27573
26.62,-8.02,27584
27.76,-6.54,27595
5.79,-3.22,27608
-1.76,-1.27,27619
32.36,-2.79,27630
44.19,-4.22,27641
33.34,-5.85,27653
24.78,-4.82,27664
0.50,-3.45,27675
-4.71,-3.52,27686
38.12,-5.23,27699
44.99,-7.81,27710
22.44,-8.51,27721
20.09,-6.24,27732
3.69,-4.07,27744
1.51,-2.57,27755
40.96,-3.57,27767
41.96,-4.99,27779
21.15,-4.92,27790
25.56,-4.06,27801
7.90,-2.38,27812
-0.86,-1.99,27824
36.36,-4.80,27836
39.31,-7.15,27847
21.98,-8.91,27858
25.03,-7.89,27870
0.97,-5.55,27881
-2.48,-4.67,27892
37.28,-4.79,27905
41.75,-6.31,27916
27.44,-5.83,27927
24.99,-3.49,27938
-0.51,-1.17,27950
2.61,-0.37,27961
43.73,-3.99,27973
40.63,-5.79,27984
25.31,-7.10,27996
19.79,-6.92,28007
-2.56,-4.66,28018
3.86,-5.49,28029
43.23,-6.15,28042
39.63,-7.47,28053
20.38,-6.91,28064
22.02,-3.56,28076
3.17,-1.82,28087
6.77,-0.47,28098
45.37,-3.09,28110
39.45,-4.82,28122
22.63,-5.56,28133
25.90,-4.75,28144
0.24,-3.00,28155
4.19,-4.19,28167
42.82,-5.90,28179
40.08,-8.03,28190
24.58,-7.57,28201
21.75,-5.02,28213
-2.81,-2.49,28224
7.34,-2.15,28235
48.03,-3.57,28248
40.62,-4.75,28259
23.68,-5.08,28270
18.79,-3.22,28281
-1.38,-2.64,28293
12.69,-3.25,28304
45.47,-5.43,28316
30.56,-8.13,28327
22.60,-7.48,28339
19.50,-6.29,28350
-2.62,-3.40,28361
12.94,-3.63,28372
41.24,-4.86,28385
31.72,-5.22,28396
30.29,-5.17,28407
23.88,-2.31,28419
-4.16,-1.32,28430
11.72,-1.77,28441
46.67,-4.66,28453
35.52,-7.42,28465
30.10,-7.09,28476
14.87,-6.07,28487
-12.62,-3.93,28498
16.09,-4.61,28510
50.98,-6.24,28522
31.01,-6.88,28533
22.49,-5.68,28545
16.10,-2.83,28556
-1.66,-1.67,28567
20.94,-2.52,28578
47.34,-4.29,28591
29.74,-5.99,28602
24.19,-5.76,28613
20.40,-4.43,28624
-1.39,-3.95,28636
14.98,-4.96,28647
40.97,-6.74,28659
30.25,-7.93,28670
27.64,-6.43,28682
16.39,-4.17,28693
-5.43,-1.67,28704
15.66,-2.60,28716
46.21,-4.56,28728
34.78,-5.70,28739
26.88,-5.75,28750
11.43,-3.49,28762
-10.83,-3.37,28773
23.02,-5.15,28784
50.42,-7.16,28795
26.86,-8.45,28808
20.20,-6.30,28819
10.34,-4.29,28830
-8.01,-2.96,28841
28.10,-4.13,28853
48.80,-5.45,28864
21.03,-5.68,28876
26.27,-4.48,28888
17.46,-2.26,28899
-6.07,-2.20,28910
25.56,-4.37,28921
43.08,-6.91,28933
23.78,-8.56,28945
29.96,-7.54,28956
8.42,-5.06,28967
-10.64,-3.98,28979
24.70,-5.46,28990
44.52,-6.52,29001
30.21,-7.03,29014
26.51,-5.12,29025
5.81,-1.99,29036
-3.93,-2.29,29047
32.13,-3.25,29059
47.27,-6.42,29070
22.82,-7.37,29082
21.05,-6.22,29093
8.54,-4.75,29105
-2.58,-3.91,29116
31.22,-6.28,29127
40.44,-6.74,29138
23.03,-7.27,29151
26.53,-5.00,29162
10.99,-2.26,29173
-3.31,-1.98,29185
30.89,-3.05,29196
42.13,-6.02,29207
26.54,-6.43,29219
28.03,-5.05,29231
4.09,-3.58,29242
-6.35,-3.15,29253
34.56,-5.31,29264
44.33,-7.17,29276
26.64,-7.60,29288
25.11,-5.59,29299
0.72,-2.83,29310
-0.79,-2.41,29322
43.10,-3.81,29333
43.64,-5.49,29344
22.52,-5.56,29357
25.45,-3.96,29368
7.14,-2.51,29379
3.14,-2.78,29390
36.78,-4.69,29402
37.29,-6.93,29413
23.19,-7.06,29425
26.54,-5.42,29436
6.08,-3.24,29448
-1.36,-2.47,29459
33.69,-3.78,29470
41.84,-4.99,29481
30.05,-4.34,29494
26.64,-2.79,29505
1.68,-1.16,29516
1.37,-2.21,29528
41.27,-4.91,29539
43.97,-7.02,29550
25.92,-7.98,29562
20.01,-5.62,29574
-1.87,-3.84,29585
6.72,-3.57,29596
44.15,-4.94,29607
38.21,-6.02,29619
24.92,-5.48,29631
23.16,-2.95,29642
1.95,-1.69,29654
7.77,-2.29,29665
41.38,-4.43,29676
36.41,-6.87,29687
24.50,-6.72,29700
25.24,-5.38,29711
0.05,-3.42,29722
1.93,-4.31,29733
41.19,-5.73,29745
39.59,-7.05,29756
26.60,-6.63,29768
25.18,-3.51,29779
-3.69,-2.08,29791
3.88,-2.45,29802
46.07,-4.69,29813
39.50,-6.63,29825
21.78,-5.65,29837
19.45,-4.39,29848
-2.79,-2.57,29859
11.07,-3.80,29871
47.26,-6.25,29882
32.70,-6.80,29893
20.10,-6.70,29905
24.47,-3.76,29917
0.24,-2.52,29928
11.74,-3.76,29939
42.64,-5.10,29950
31.02,-6.62,29962
28.67,-5.43,29973
24.95,-3.47,29985
-2.82,-2.63,29997
7.12,-3.61,30008
42.21,-5.93,30019
37.63,-7.08,30030
27.56,-6.12,30042
18.05,-3.76,30054
-7.43,-1.94,30065
11.74,-3.67,30076
50.74,-5.37,30088
36.07,-6.50,30099
23.65,-5.37,30110
15.33,-2.90,30123
-1.31,-2.15,30134
19.88,-3.73,30145
45.86,-5.63,30156
29.80,-6.97,30168
23.06,-5.72,30179
20.10,-3.64,30191
-2.91,-3.17,30202
17.39,-4.09,30214
44.81,-5.59,30225
30.09,-6.20,30236
29.61,-5.52,30247
19.32,-2.80,30260
-7.77,-2.19,30271
17.18,-3.99,30282
48.38,-5.90,30294
31.44,-7.27,30305
27.88,-5.80,30316
12.17,-3.96,30328
-8.06,-2.88,30340
