
-281592.00,991078.0,19015
-281597.00,991354.0,19027
-281136.00,991391.0,19039
-281123.00,991272.0,19051
-281002.00,991125.0,19062
-281039.00,991239.0,19075
-281711.00,991007.0,19086
-281605.00,990983.0,19098
-280796.00,991232.0,19109
-280740.00,991522.0,19122
-281656.00,991533.0,19133
-281384.00,991434.0,19145
-280715.00,991395.0,19156
-280857.00,991337.0,19169
-281173.00,991553.0,19180
-281562.00,991767.0,19192
-281164.00,991768.0,19204
-280617.00,991897.0,19216
-280526.00,991860.0,19227
-280998.00,991673.0,19239
-281079.00,991697.0,19251
-280145.00,991628.0,19263
-281050.00,991432.0,19274
-281794.00,991385.0,19287
-281506.00,991444.0,19298
-281126.00,991486.0,19310
-280350.00,991501.0,19321
-280160.00,991681.0,19334
-281830.00,991586.0,19345
-282138.00,991410.0,19357
-281004.00,991347.0,19368
-280773.00,991202.0,19381
-281341.00,991246.0,19392
-281567.00,991290.0,19404
-281502.00,991285.0,19416
-281183.00,991082.0,19428
-280924.00,991001.0,19439
-281302.00,990885.0,19451
-281753.00,990928.0,19463
-281730.00,990865.0,19475
-280889.00,990843.0,19486
-281383.00,990819.0,19499
-281745.00,990745.0,19510
-281522.00,990853.0,19522
-281891.00,990945.0,19533
-281335.00,990655.0,19546
-281011.00,990654.0,19557
-281889.00,990748.0,19569
-281763.00,990704.0,19580
-280872.00,990472.0,19593
-281728.00,990386.0,19604
-281296.00,990444.0,19616
-281617.00,990418.0,19628
-280744.00,990257.0,19640
-280916.00,990180.0,19651
-282414.00,990087.0,19663
-281359.00,990203.0,19675
-281063.00,990371.0,19687
-281717.00,990388.0,19698
-281117.00,990415.0,19709
-281825.00,990350.0,19722
-282200.00,990260.0,19733
-280932.00,990096.0,19745
-280959.00,990306.0,19757
-281817.00,990235.0,19769
-282354.00,990112.0,19780
-281256.00,990225.0,19792
-281159.00,990277.0,19804
-282315.00,990353.0,19816
-281340.00,990350.0,19827
-281463.00,990390.0,19840
-282450.00,990274.0,19851
-280565.00,990413.0,19863
-280913.00,990605.0,19874
-282713.00,990777.0,19887
-281316.00,990830.0,19898
-280809.00,990991.0,19910
-281612.00,990899.0,19921
-281156.00,990955.0,19934
-281681.00,990808.0,19945
-281742.00,990746.0,19957
-280836.00,990797.0,19969
-280947.00,990884.0,19981
-281369.00,990935.0,19992
-281636.00,990975.0,20004
-281383.00,991113.0,20016
-280752.00,991156.0,20028
-281377.00,991463.0,20039
-281092.00,991556.0,20051
-281462.00,991463.0,20063
-280556.00,991520.0,20075
-280690.00,991469.0,20086
-282079.00,991338.0,20099
-281397.00,991163.0,20110
-280820.00,991233.0,20122
-281057.00,991085.0,20133
-280956.00,991131.0,20146
-281340.00,991613.0,20157
-281711.00,991450.0,20169
-281722.00,991517.0,20180
-280634.00,991678.0,20193
-280464.00,991562.0,20204
-281502.00,991631.0,20216
-281307.00,991643.0,20228
-281047.00,991680.0,20240
-280965.00,991495.0,20251
-280722.00,991488.0,20263
-280996.00,991475.0,20275
-281711.00,991296.0,20287
-281247.00,991378.0,20298
-280399.00,991570.0,20311
-281528.00,991551.0,20322
-281769.00,991608.0,20334
-280823.00,991461.0,20345
-280974.00,991363.0,20358
-281155.00,991466.0,20369
-281152.00,991550.0,20381
-281390.00,991428.0,20392
-281544.00,991378.0,20405
-280874.00,991204.0,20416
-281590.00,991133.0,20428
-281809.00,991145.0,20440
-281103.00,991055.0,20452
-281487.00,990923.0,20463
-281460.00,990820.0,20475
-281340.00,990643.0,20487
-281561.00,990734.0,20498
-281728.00,990532.0,20510
-281539.00,990723.0,20521
-281137.00,990843.0,20534
-281468.00,990875.0,20545
-281831.00,990802.0,20557
-281543.00,990483.0,20569
-281587.00,990313.0,20581
-281446.00,990240.0,20592
-281341.00,990283.0,20604
-281788.00,990273.0,20616
-281682.00,990221.0,20628
-281470.00,990041.0,20639
-281669.00,990114.0,20652
-281470.00,990391.0,20663
-281501.00,990559.0,20675
-281929.00,990403.0,20686
-281556.00,990373.0,20699
-281329.00,990255.0,20710
-281719.00,990378.0,20722
-281496.00,990446.0,20733
-281661.00,990261.0,20746
-281616.00,990327.0,20757
-281149.00,990206.0,20769
-281681.00,990045.0,20781
-282233.00,990306.0,20793
-281756.00,990435.0,20804
-281147.00,990449.0,20816
-281284.00,990386.0,20828
-281853.00,990501.0,20840
-281626.00,990483.0,20851
-281402.00,990642.0,20864
-281014.00,990699.0,20875
-281301.00,990890.0,20887
-281799.00,990869.0,20898
-281878.00,990441.0,20911
-281557.00,990376.0,20922
-281056.00,990356.0,20934
-281160.00,990571.0,20945
-281787.00,990797.0,20958
-282158.00,991095.0,20969
-281210.00,991160.0,20981
-280935.00,991311.0,20993
-281170.00,991442.0,21005
-281148.00,991500.0,21016
-281512.00,991684.0,21028
-280804.00,991475.0,21040
-280641.00,991261.0,21052
-281654.00,991175.0,21063
-281467.00,991223.0,21075
-281514.00,991188.0,21087
-281547.00,991099.0,21099
-280317.00,991248.0,21110
-281065.00,991327.0,21123
-282236.00,991501.0,21134
-281125.00,991581.0,21146
-280887.00,991760.0,21157
-280830.00,992054.0,21170
-280687.00,992084.0,21181
-281730.00,992029.0,21193
-281076.00,991856.0,21204
-280677.00,991644.0,21217
-280373.00,991431.0,21228
-282551.00,991390.0,21240
-281412.00,991190.0,21252
-280019.00,991065.0,21263
-282060.00,990807.0,21275
-281367.00,991036.0,21286
-280497.00,991386.0,21299
-282072.00,991585.0,21310
-280706.00,991516.0,21322
-280589.00,991519.0,21334
-282158.00,991385.0,21346
-280817.00,991371.0,21357
-281127.00,991553.0,21369
-280912.00,991465.0,21381
-281308.00,991123.0,21393
-282130.00,990943.0,21404
-280726.00,990709.0,21416
-281429.00,990632.0,21428
-281772.00,990737.0,21440
-280756.00,990650.0,21451
-282341.00,990473.0,21464
-281548.00,990744.0,21475
-280198.00,990790.0,21487
-282104.00,991092.0,21498
-281364.00,991187.0,21511
-280823.00,991132.0,21522
-282174.00,990884.0,21534
-280640.00,990471.0,21545
-281462.00,990393.0,21558
-282558.00,990418.0,21569
-281049.00,990301.0,21581
-281410.00,990159.0,21593
-281650.00,990015.0,21605
-282496.00,989985.0,21616
-281185.00,990171.0,21628
-280519.00,990293.0,21640
-282188.00,990511.0,21652
-281859.00,990558.0,21663
-281726.00,990523.0,21676
-281501.00,990392.0,21687
-280625.00,990481.0,21699
-281717.00,990440.0,21710
-282092.00,990189.0,21723
-281975.00,989958.0,21734
-281528.00,989909.0,21746
-280773.00,990100.0,21757
-281991.00,990299.0,21770
-282341.00,990327.0,21781
-281379.00,990374.0,21793
-281185.00,990548.0,21805
-281274.00,990745.0,21817
-281522.00,990875.0,21828
-281840.00,991096.0,21840
-281345.00,991000.0,21852
-280569.00,990705.0,21864
-281435.00,990718.0,21875
-282384.00,990534.0,21888
-281476.00,990530.0,21899
-280594.00,990628.0,21911
-280765.00,990719.0,21922
-281476.00,990752.0,21935
-282501.00,990673.0,21946
-281575.00,990844.0,21958
-280032.00,991205.0,21969
-280825.00,991606.0,21982
-4400.00,991623.0,21993
4194303.00,991452.0,22004
-280925.00,991378.0,22017
-280461.00,991280.0,22029
-281922.00,991242.0,22040
-282151.00,991173.0,22051
-280525.00,990994.0,22064
-280839.00,990921.0,22075
-281417.00,991112.0,22087
-281635.00,991328.0,22098
-281246.00,991468.0,22111
-280658.00,991459.0,22122
-281012.00,991422.0,22134
-281131.00,991567.0,22146
-281564.00,991516.0,22158
-280984.00,991521.0,22169
-280054.00,991626.0,22181
-280911.00,991540.0,22193
-281989.00,991334.0,22205
-281881.00,991185.0,22216
-280841.00,991146.0,22228
-280868.00,991166.0,22240
-280887.00,991288.0,22252
-281259.00,991357.0,22263
-282049.00,991458.0,22276
-280601.00,991436.0,22287
-280506.00,991592.0,22299
-281557.00,991730.0,22310
-281040.00,991482.0,22323
-281112.00,991322.0,22334
-280960.00,991275.0,22346
-280683.00,991222.0,22358
-281555.00,991154.0,22370
-281800.00,990811.0,22381
-281055.00,990715.0,22393
-281179.00,990541.0,22405
-282135.00,990653.0,22417
-281737.00,990785.0,22428
-281118.00,990894.0,22440
-281362.00,990942.0,22452
-281422.00,990872.0,22464
-281448.00,990831.0,22475
-281709.00,990788.0,22488
-281418.00,990692.0,22499
-281323.00,990538.0,22511
-281965.00,990338.0,22522
-281684.00,990266.0,22535
-281146.00,990096.0,22546
-281516.00,990049.0,22558
-281874.00,989955.0,22569
-282140.00,990269.0,22582
-281125.00,990398.0,22593
-281152.00,990363.0,22605
-281956.00,990581.0,22617
-281176.00,990525.0,22629
-281495.00,990329.0,22640
-281733.00,990398.0,22652
-280996.00,990493.0,22664
-281671.00,990372.0,22676
-282273.00,990286.0,22687
-281362.00,990358.0,22700
-281060.00,990213.0,22711
-282056.00,990047.0,22723
-282305.00,990036.0,22734
-281667.00,990113.0,22747
-281180.00,990330.0,22758
-281396.00,990356.0,22770
-281651.00,990615.0,22781
-281547.00,990599.0,22794
-280562.00,990611.0,22805
-280874.00,990884.0,22816
-282080.00,990919.0,22829
-281823.00,990708.0,22840
-281245.00,990637.0,22852
-281177.00,990384.0,22863
-281016.00,990429.0,22876
-281690.00,990455.0,22887
-282053.00,990563.0,22899
-281396.00,990693.0,22910
-281328.00,990961.0,22923
-281058.00,990992.0,22934
-281133.00,991021.0,22946
-281457.00,991366.0,22958
-280590.00,991312.0,22970
-281064.00,991422.0,22981
-281768.00,991422.0,22993
-281100.00,991128.0,23005
-280810.00,990987.0,23017
-281027.00,991024.0,23028
-281380.00,991250.0,23041
-281665.00,991189.0,23052
-281824.00,991087.0,23064
-281293.00,991060.0,23075
-280932.00,991191.0,23088
-280842.00,991457.0,23099
-281054.00,991539.0,23111
-281407.00,991515.0,23122
-280964.00,991707.0,23135
-280794.00,991830.0,23146
-280972.00,991702.0,23158
-281124.00,991755.0,23170
-280723.00,991559.0,23182
-280749.00,991159.0,23193
-281712.00,990880.0,23205
-281298.00,990879.0,23217
-280818.00,991047.0,23229
-281140.00,991329.0,23240
-281121.00,991279.0,23252
-281607.00,991276.0,23264
-281242.00,991483.0,23276
-280527.00,991489.0,23287
-280644.00,991584.0,23300
-280885.00,991707.0,23311
-281751.00,991605.0,23323
-281695.00,991247.0,23334
-280758.00,990930.0,23347
-280935.00,990829.0,23358
-281885.00,990642.0,23370
-281902.00,990567.0,23382
-281147.00,990507.0,23394
-281208.00,990554.0,23405
-281291.00,990901.0,23417
-281513.00,991151.0,23429
-281520.00,991144.0,23441
-281012.00,990987.0,23452
-281007.00,990777.0,23464
-281416.00,990836.0,23476
-281928.00,990743.0,23488
-281548.00,990640.0,23499
-281156.00,990399.0,23512
-281810.00,990322.0,23523
-281741.00,990157.0,23535
-281794.00,990017.0,23546
-282274.00,989970.0,23559
-281082.00,990051.0,23570
-282145.00,990204.0,23582
-281266.00,990462.0,23593
-281268.00,990523.0,23605
-281589.00,990457.0,23617
-281197.00,990316.0,23628
-281507.00,990340.0,23641
-281774.00,990162.0,23652
-281527.00,989974.0,23664
-281526.00,989920.0,23675
-282087.00,990006.0,23688
-282041.00,990009.0,23699
-281288.00,990095.0,23711
-281396.00,990012.0,23723
-281829.00,990044.0,23735
-281362.00,990371.0,23746
-281691.00,990672.0,23758
-281883.00,990713.0,23770
-280706.00,990773.0,23782
-280893.00,990892.0,23793
-281662.00,990808.0,23805
-281213.00,990559.0,23817
-281336.00,990394.0,23829
-281908.00,990346.0,23840
-281603.00,990267.0,23853
-281491.00,990316.0,23864
-281313.00,990415.0,23876
-281176.00,990660.0,23887
-281732.00,991005.0,23900
-281719.00,991272.0,23911
-281251.00,991571.0,23923
-280476.00,991648.0,23934
-280747.00,991390.0,23947
-281449.00,991398.0,23958
-281349.00,991252.0,23970
-281212.00,990995.0,23982
-280581.00,990911.0,23994
-281601.00,990878.0,24005
-282126.00,990814.0,24017
-281180.00,990887.0,24029
-281076.00,991208.0,24041
-281277.00,991410.0,24052
-281173.00,991523.0,24065
-281062.00,991803.0,24076
-281167.00,991758.0,24088
-281237.00,991747.0,24099
-280843.00,991711.0,24112
-281373.00,991558.0,24123
-281407.00,991547.0,24135
-280447.00,991403.0,24146
-281112.00,991282.0,24159
-282015.00,991140.0,24170
-281200.00,991228.0,24182
-280939.00,991281.0,24194
-280979.00,991357.0,24206
-280715.00,991472.0,24217
-281663.00,991489.0,24229
-281945.00,991619.0,24241
-280591.00,991812.0,24253
-280157.00,991766.0,24264
-280630.00,991772.0,24276
-281399.00,991655.0,24288
-281659.00,991278.0,24300
-280978.00,990809.0,24311
-281243.00,990557.0,24324
-281853.00,990548.0,24335
-281345.00,990641.0,24346
-281112.00,991052.0,24358
-280965.00,991078.0,24370
-282233.00,991001.0,24382
-281633.00,991092.0,24393
-280815.00,991029.0,24406
-281304.00,990977.0,24417
-281107.00,990786.0,24429
-282043.00,990505.0,24440
-281924.00,990449.0,24453
-280891.00,990459.0,24464
-281408.00,990489.0,24476
-281974.00,990425.0,24487
-282096.00,990260.0,24500
-281773.00,990119.0,24511
-281089.00,990032.0,24523
-280969.00,990253.0,24535
-281877.00,990594.0,24547
-281878.00,990767.0,24558
-281479.00,990803.0,24570
-281324.00,990749.0,24582
-281085.00,990475.0,24594
-282035.00,990239.0,24605
-281832.00,989949.0,24617
-280711.00,989842.0,24629
-281617.00,990174.0,24641
-281913.00,990072.0,24652
-281828.00,990032.0,24665
-282315.00,990160.0,24676
-280843.00,990106.0,24688
-280866.00,990290.0,24699
-282706.00,990435.0,24712
-282036.00,990605.0,24723
-281136.00,990692.0,24735
-281126.00,990566.0,24747
-281578.00,990753.0,24759
-282140.00,990696.0,24770
-281595.00,990347.0,24782
-280848.00,990155.0,24794
-281776.00,990135.0,24806
-282482.00,990424.0,24817
-281421.00,990573.0,24829
-280515.00,990352.0,24841
-281198.00,990428.0,24853
-281848.00,990826.0,24864
-281610.00,991118.0,24877
-281510.00,991110.0,24888
-280457.00,991109.0,24900
-280350.00,991245.0,24911
-282233.00,991103.0,24924
-282188.00,991082.0,24935
-280650.00,990972.0,24947
-280780.00,990947.0,24958
-281371.00,991005.0,24971
-282098.00,990968.0,24982
-281809.00,990982.0,24994
-280871.00,990971.0,25006
-280295.00,991360.0,25018
-280679.00,991686.0,25029
-281953.00,991881.0,25041
-281473.00,991790.0,25053
-280436.00,991525.0,25065
-280658.00,991272.0,25076
-281457.00,991433.0,25089
-282051.00,991573.0,25100
-281078.00,991610.0,25111
-280106.00,991659.0,25123
-280783.00,991701.0,25135
-281823.00,991641.0,25147
-281208.00,991526.0,25158
-280368.00,991298.0,25170
-280564.00,991463.0,25182
-282153.00,991662.0,25194
-281984.00,991786.0,25205
-280248.00,991666.0,25218
-280291.00,991536.0,25229
-281312.00,991258.0,25241
-281592.00,991255.0,25252
-281514.00,990994.0,25265
-281399.00,990787.0,25276
-280862.00,990966.0,25288
-281207.00,991157.0,25299
-281642.00,991090.0,25312
-281222.00,991038.0,25323
-280673.00,990834.0,25335
-281273.00,990721.0,25347
-282310.00,990926.0,25359
-281558.00,991059.0,25370
-281384.00,991115.0,25382
-281237.00,990815.0,25394
-280666.00,990639.0,25406
-281663.00,990589.0,25417
-282286.00,990487.0,25430
-281157.00,990367.0,25441
-280806.00,990422.0,25453
-281891.00,990426.0,25464
-281898.00,990516.0,25477
-281533.00,990581.0,25488
-281495.00,990610.0,25500
-280986.00,990640.0,25511
-281476.00,990650.0,25524
-282166.00,990542.0,25535
-281031.00,990409.0,25547
-281905.00,990468.0,25559
-281969.00,990341.0,25571
-281600.00,990170.0,25582
-281156.00,990232.0,25594
-281290.00,990121.0,25606
-282131.00,990037.0,25618
-282406.00,990145.0,25629
-281730.00,990204.0,25641
-280749.00,990154.0,25653
-281314.00,990357.0,25665
-282057.00,990434.0,25676
-281763.00,990644.0,25689
-281171.00,990698.0,25700
-280755.00,990564.0,25712
-282113.00,990467.0,25723
-282345.00,990404.0,25736
-281207.00,990340.0,25747
-281219.00,990314.0,25759
-281178.00,990439.0,25771
-281983.00,990599.0,25783
-282249.00,990581.0,25794
-281293.00,990367.0,25806
-281019.00,990436.0,25818
-281156.00,990741.0,25830
-282204.00,991096.0,25841
-282343.00,991241.0,25852
-280508.00,991329.0,25865
-280839.00,991226.0,25876
-281675.00,990822.0,25888
-281589.00,990702.0,25900
-281613.00,990812.0,25912
-280632.00,991041.0,25923
-282193.00,991272.0,25935
-282506.00,991409.0,25947
-280790.00,991453.0,25959
-280846.00,991198.0,25970
-280514.00,991092.0,25982
-280771.00,991272.0,25994
-282352.00,991553.0,26006
-280766.00,991709.0,26017
-280261.00,991701.0,26030
-281708.00,991689.0,26041
-281418.00,991500.0,26053
-281093.00,991310.0,26064
-281068.00,991050.0,26077
-280548.00,991304.0,26088
-281640.00,991505.0,26100
-281935.00,991511.0,26112
-281484.00,991528.0,26124
-280793.00,991542.0,26135
-279762.00,991594.0,26147
-281450.00,991747.0,26159
-282044.00,991587.0,26171
-280681.00,991374.0,26182
-280786.00,991536.0,26194
-280957.00,991551.0,26206
-281193.00,991423.0,26218
-281989.00,991233.0,26229
-281806.00,990939.0,26242
-280556.00,991029.0,26253
-281384.00,990955.0,26265
-282098.00,990987.0,26276
-281478.00,991198.0,26289
-281164.00,991230.0,26300
-280954.00,991211.0,26312
-281444.00,991096.0,26323
-281257.00,991245.0,26336
-280988.00,991309.0,26347
-280856.00,991162.0,26359
-281588.00,990830.0,26371
-281848.00,990525.0,26383
-281321.00,990328.0,26394
-281470.00,990224.0,26406
-281794.00,990304.0,26418
-281949.00,990179.0,26430
-281741.00,990032.0,26441
-281258.00,990188.0,26454
-281498.00,990356.0,26465
-281670.00,990575.0,26477
-281624.00,990712.0,26488
-281460.00,990983.0,26501
-281187.00,990860.0,26512
-281905.00,990448.0,26524
-281759.00,990315.0,26535
-281340.00,990140.0,26548
-281131.00,990112.0,26559
-281071.00,990085.0,26571
-282236.00,990086.0,26583
-281999.00,990099.0,26595
-281042.00,990001.0,26606
-281701.00,990048.0,26617
-281710.00,990293.0,26630
-281307.00,990423.0,26641
-281940.00,990696.0,26653
-281349.00,990728.0,26664
-280868.00,990797.0,26677
-281975.00,990691.0,26688
-281681.00,990568.0,26700
-281067.00,990261.0,26712
-281568.00,990207.0,26724
-282093.00,990334.0,26735
-281810.00,990192.0,26747
-281311.00,990210.0,26759
-281354.00,990135.0,26771
-281475.00,990454.0,26782
-282057.00,990741.0,26795
-281911.00,990928.0,26806
-280845.00,991128.0,26818
-280776.00,991496.0,26829
-281664.00,991575.0,26842
-281644.00,991463.0,26853
-281208.00,991122.0,26865
-281336.00,990801.0,26876
-281405.00,990646.0,26889
-281275.00,990623.0,26900
-281949.00,990642.0,26912
-281818.00,990716.0,26924
-280887.00,991058.0,26936
-280688.00,991190.0,26947
-281971.00,991533.0,26959
-281329.00,991652.0,26971
-280139.00,991677.0,26983
-281003.00,991761.0,26994
-280923.00,991701.0,27006
-281176.00,991483.0,27018
-281913.00,991335.0,27030
-280932.00,991297.0,27041
-280330.00,991237.0,27054
-281429.00,991137.0,27065
-282276.00,991095.0,27077
-280867.00,991141.0,27088
-280514.00,991461.0,27101
-4393.00,991798.0,27112
-281379.00,991974.0,27124
-280120.00,991922.0,27147
-281054.00,991732.0,27158
-281691.00,991551.0,27169
-280791.00,991277.0,27182
-280947.00,991282.0,27193
-281156.00,991095.0,27204
-281316.00,990764.0,27215
-281871.00,990848.0,27227
-282047.00,990811.0,27238
-280679.00,990786.0,27250
-280926.00,990716.0,27261
-281825.00,990834.0,27273
-281270.00,990937.0,27284
-281535.00,991161.0,27295
-280941.00,991259.0,27307
-280532.00,991339.0,27318
-281498.00,991389.0,27330
-281521.00,991357.0,27341
-281396.00,990917.0,27353
-281199.00,990596.0,27364
-281537.00,990233.0,27375
-282120.00,990030.0,27386
-281595.00,990181.0,27399
-281504.00,990040.0,27410
-281691.00,989947.0,27421
-281386.00,990283.0,27432
-281686.00,990508.0,27444
-281637.00,990615.0,27455
-280728.00,990926.0,27467
-281394.00,990915.0,27479
-282005.00,990582.0,27490
-281325.00,990252.0,27501
-281438.00,990071.0,27512
-281865.00,989893.0,27524
-281360.00,989820.0,27536
-282034.00,989756.0,27547
-282473.00,989782.0,27559
-281363.00,989706.0,27571
-281762.00,990149.0,27583
-281579.00,990464.0,27594
-281435.00,990807.0,27607
-281661.00,990785.0,27618
-280795.00,990694.0,27630
-281389.00,990638.0,27641
-282002.00,990681.0,27654
-281876.00,990439.0,27665
-281298.00,990119.0,27677
-281115.00,989882.0,27688
-281841.00,989823.0,27701
-282080.00,989998.0,27712
-281902.00,990020.0,27724
-281418.00,990321.0,27736
-280948.00,990643.0,27748
-281551.00,991017.0,27759
-281904.00,991066.0,27771
-281328.00,991096.0,27783
-280967.00,991180.0,27795
-281060.00,991067.0,27806
-281242.00,990812.0,27819
-281941.00,990721.0,27830
-281766.00,990748.0,27842
-280626.00,990653.0,27853
-281003.00,990770.0,27866
-282032.00,991274.0,27877
-281636.00,991245.0,27889
-281144.00,991182.0,27900
-280943.00,991259.0,27913
-281485.00,991241.0,27924
-281992.00,991464.0,27936
-280456.00,991451.0,27948
-280123.00,991513.0,27960
-281450.00,991496.0,27971
-281593.00,991169.0,27983
-281090.00,990975.0,27995
-280928.00,991032.0,28007
-280483.00,991171.0,28018
-281254.00,991130.0,28030
-282291.00,991383.0,28042
-281113.00,991481.0,28054
-280575.00,991336.0,28065
-281160.00,991721.0,28078
-281198.00,991814.0,28089
-281414.00,991742.0,28101
-280789.00,991645.0,28112
-280433.00,991753.0,28125
-280870.00,991679.0,28136
-281521.00,991444.0,28148
-282100.00,991321.0,28160
-280814.00,991028.0,28171
-280480.00,990839.0,28183
-281948.00,990903.0,28194
-281560.00,990999.0,28207
-281477.00,991208.0,28218
-281304.00,991258.0,28230
-280419.00,991292.0,28241
-281377.00,991352.0,28254
-282254.00,991289.0,28265
-280704.00,991370.0,28277
-280752.00,991299.0,28289
-281645.00,991141.0,28301
-281611.00,990884.0,28312
-281345.00,990645.0,28324
-280871.00,990602.0,28336
-281554.00,990485.0,28348
-282265.00,990444.0,28359
-281906.00,990433.0,28371
-280607.00,990537.0,28383
-281203.00,990433.0,28395
-282370.00,990669.0,28406
-281535.00,990857.0,28419
-281155.00,990819.0,28430
-281243.00,990704.0,28442
-281186.00,990188.0,28453
-282123.00,989958.0,28466
-282121.00,989797.0,28477
-281011.00,990020.0,28489
-281302.00,990172.0,28500
-282007.00,990002.0,28513
-282061.00,990166.0,28524
-281412.00,990275.0,28536
-280897.00,990517.0,28548
-281554.00,990573.0,28560
-281494.00,990755.0,28571
-281687.00,990741.0,28583
-281756.00,990328.0,28595
-280834.00,990278.0,28607
-281423.00,990280.0,28618
-282505.00,990144.0,28631
-281959.00,990120.0,28642
-280986.00,990028.0,28654
-280960.00,990183.0,28665
-281821.00,990296.0,28678
-281124.00,990379.0,28689
-280962.00,990570.0,28701
-281240.00,990771.0,28712
-281015.00,990852.0,28725
-283103.00,990839.0,28736
-281503.00,990777.0,28748
-280003.00,990880.0,28760
-281507.00,990918.0,28772
-281781.00,990861.0,28783
-281713.00,990799.0,28795
-281550.00,990675.0,28807
-280934.00,990589.0,28819
-281331.00,990794.0,28830
-281927.00,991046.0,28843
-281604.00,991052.0,28854
-281330.00,991070.0,28866
-280184.00,991297.0,28877
-280930.00,991479.0,28890
-282607.00,991626.0,28901
-280921.00,991604.0,28913
-280460.00,991515.0,28924
-281158.00,991367.0,28937
-280927.00,991329.0,28948
-281983.00,991215.0,28959
-281418.00,991165.0,28972
-280307.00,991275.0,28983
-280841.00,991287.0,28995
-281685.00,991367.0,29006
-282340.00,991538.0,29019
-281305.00,991490.0,29030
-279891.00,991486.0,29042
-281325.00,991730.0,29053
-281487.00,991844.0,29066
-280701.00,991844.0,29077
-280331.00,991813.0,29089
-280970.00,991620.0,29101
-282479.00,991224.0,29113
-281085.00,991132.0,29124
-280427.00,991163.0,29136
-281149.00,990968.0,29148
-281508.00,990841.0,29160
-281647.00,991020.0,29171
-281215.00,991173.0,29184
-280798.00,991202.0,29195
-281165.00,991241.0,29207
-281678.00,991315.0,29218
-281993.00,991293.0,29231
-280795.00,991354.0,29242
-280122.00,991225.0,29254
-281646.00,991049.0,29265
-281446.00,991039.0,29278
-281303.00,990765.0,29289
-281573.00,990578.0,29301
-280971.00,990622.0,29313
-281590.00,990617.0,29325
-282026.00,990481.0,29336
-281537.00,990350.0,29348
-281050.00,990407.0,29360
-280871.00,990543.0,29372
-281970.00,990507.0,29383
-282147.00,990672.0,29395
-281072.00,990779.0,29407
-281186.00,990803.0,29419
-281399.00,990592.0,29430
-281294.00,990493.0,29443
-282141.00,990311.0,29454
-281304.00,990251.0,29466
-281818.00,990286.0,29477
-281939.00,990155.0,29490
-282127.00,990022.0,29501
-281253.00,989918.0,29513
-281147.00,989843.0,29524
-281983.00,990280.0,29537
-281460.00,990355.0,29548
-281749.00,990268.0,29560
-281799.00,990477.0,29572
-280661.00,990466.0,29584
-282017.00,990467.0,29595
-282524.00,990496.0,29607
-280552.00,990352.0,29619
-281327.00,990086.0,29631
-282105.00,990081.0,29642
-281537.00,990167.0,29655
-282141.00,990130.0,29666
-281456.00,990122.0,29678
-280965.00,990411.0,29689
-281597.00,990543.0,29702
-281798.00,990699.0,29713
-281690.00,990935.0,29725
-280947.00,990896.0,29736
-281184.00,990787.0,29748
-281711.00,991060.0,29760
-280952.00,991034.0,29771
-281710.00,991034.0,29784
-281484.00,991101.0,29795
-280345.00,990662.0,29807
-282362.00,990534.0,29818
-281713.00,990603.0,29831
-280096.00,990983.0,29842
-282010.00,990936.0,29854
-281583.00,991214.0,29865
-281509.00,991725.0,29878
-280651.00,991681.0,29889
-280522.00,991878.0,29901
-281840.00,991901.0,29913
-281708.00,991588.0,29925
-280637.00,991353.0,29936
-280971.00,991195.0,29948
-281919.00,991070.0,29960
-281628.00,990966.0,29972
-281086.00,991126.0,29983
-281280.00,991257.0,29996
-280943.00,991563.0,30007
-281213.00,991834.0,30019
-281785.00,991789.0,30030
-280496.00,991871.0,30043
-280449.00,991893.0,30054
-281836.00,991751.0,30066
-281287.00,991701.0,30077
-281444.00,991581.0,30090
-280879.00,991318.0,30101
-280420.00,991138.0,30113
-282256.00,991124.0,30125
-281866.00,991040.0,30137
-281118.00,990843.0,30148
-281330.00,990971.0,30160
-280366.00,991096.0,30172
-281409.00,991376.0,30184
-282487.00,991626.0,30195
-280631.00,991709.0,30208
-280532.00,991742.0,30219
-281525.00,991509.0,30231
-281177.00,991364.0,30242
-281457.00,991023.0,30255
-280897.00,990723.0,30266
-281245.00,990557.0,30278
-282011.00,990378.0,30289
-282617.00,990511.0,30302
-280767.00,990479.0,30313
-280650.00,990626.0,30325
-282396.00,990667.0,30337
-281754.00,990837.0,30349
-281498.00,990928.0,30360
-281846.00,990956.0,30372
-280047.00,990906.0,30384
-281185.00,990665.0,30396
-283302.00,990505.0,30407
-281030.00,990241.0,30419
-280279.00,989979.0,30431
-282064.00,989927.0,30443
-281977.00,989966.0,30454
-281684.00,990107.0,30467
-282001.00,990092.0,30478
-281534.00,990086.0,30489
-281106.00,990509.0,30501
-281842.00,990549.0,30513
-282209.00,990599.0,30525
-280811.00,990689.0,30536
-280259.00,990722.0,30548
-282070.00,990518.0,30560
-281940.00,990311.0,30572
-281328.00,990315.0,30583
-281838.00,990016.0,30596
-280794.00,989928.0,30607
-281288.00,989983.0,30619
-283238.00,990039.0,30630
-281654.00,990346.0,30643
-281439.00,990728.0,30654
-281831.00,990849.0,30666
-281672.00,990822.0,30678
-281252.00,990863.0,30690
-280720.00,990843.0,30701
-280886.00,990898.0,30713
-281980.00,990933.0,30725
-282636.00,990707.0,30737
-281191.00,990705.0,30748
-280256.00,990510.0,30760
-281664.00,990230.0,30772
-282464.00,990453.0,30784
-281670.00,990720.0,30795
-280957.00,990928.0,30808
-280693.00,991256.0,30819
-281178.00,991528.0,30831
-282061.00,991671.0,30842
-281387.00,991580.0,30855
-280336.00,991459.0,30866
-280494.00,991419.0,30878
-281720.00,991366.0,30889
-282393.00,991141.0,30902
-281193.00,990845.0,30913
-280753.00,990909.0,30925
-281274.00,991064.0,30937
-281458.00,991191.0,30949
-281713.00,991297.0,30960
-281346.00,991484.0,30972
-280361.00,991588.0,30984
-280568.00,991858.0,30996
-281702.00,992201.0,31007
-281590.00,992316.0,31020
-280263.00,992034.0,31031
-280562.00,991663.0,31043
-281005.00,991413.0,31054
-281409.00,991324.0,31067
-281515.00,991052.0,31078
-280620.00,990810.0,31090
-281638.00,990683.0,31101
-281913.00,990778.0,31114
-280720.00,990956.0,31125
-281181.00,991124.0,31137
-281295.00,991410.0,31149
-281076.00,991385.0,31161
-281683.00,991459.0,31172
-281161.00,991587.0,31184
-280630.00,991376.0,31196
-281274.00,991190.0,31208
-281684.00,991098.0,31219
-281496.00,990706.0,31232
-280857.00,990727.0,31243
-281574.00,990542.0,31255
-282115.00,990281.0,31266
-281286.00,990278.0,31278
-281785.00,990265.0,31290
-281563.00,990506.0,31301
-280635.00,990679.0,31313
-281966.00,990915.0,31325
-282242.00,990920.0,31337
-280469.00,990795.0,31348
-281657.00,990712.0,31361
-281918.00,990596.0,31372
-280756.00,990587.0,31384
-282318.00,990444.0,31395
-281973.00,990142.0,31408
-280688.00,990117.0,31419
-281855.00,989765.0,31431
-281558.00,989787.0,31442
-281057.00,989884.0,31455
-282103.00,990200.0,31466
-281421.00,990490.0,31478
-281051.00,990621.0,31490
-282125.00,990535.0,31502
-281112.00,990536.0,31513
-280287.00,990509.0,31525
-282138.00,990076.0,31537
-282420.00,989864.0,31549
-281094.00,989972.0,31560
-281549.00,989802.0,31572
-281736.00,989965.0,31584
-281533.00,990221.0,31596
-281942.00,990310.0,31607
-281728.00,990393.0,31620
-281018.00,990724.0,31631
-281400.00,990745.0,31643
-282033.00,990779.0,31654
-281257.00,991020.0,31667
-281010.00,991016.0,31678
-281299.00,990821.0,31690
-281613.00,990890.0,31702
-282012.00,990675.0,31714
-281281.00,990473.0,31725
-280982.00,990541.0,31737
-281673.00,990685.0,31749
-281816.00,990740.0,31761
-281268.00,990906.0,31772
-281411.00,991204.0,31784
-281200.00,991355.0,31796
-280797.00,991502.0,31808
-281853.00,991519.0,31819
-280175.00,991405.0,31832
-281092.00,991376.0,31843
-281825.00,991317.0,31855
-281275.00,991211.0,31866
-280986.00,991059.0,31879
-281028.00,991138.0,31890
-280918.00,990972.0,31902
-281640.00,991056.0,31913
-281901.00,991384.0,31926
-280963.00,991484.0,31937
-280555.00,991720.0,31949
-280950.00,991739.0,31961
-281786.00,991452.0,31973
-280851.00,991626.0,31984
-280297.00,991636.0,31996
-281426.00,991443.0,32008
-280850.00,991342.0,32020
-281398.00,991230.0,32031
-282048.00,991001.0,32044
-280356.00,990930.0,32055
-280846.00,991186.0,32066
-282152.00,991289.0,32078
-281487.00,991180.0,32090
-280702.00,991222.0,32102
-280964.00,991398.0,32113
-281466.00,991569.0,32125
-281362.00,991708.0,32137
-281444.00,991440.0,32149
-281072.00,991309.0,32160
-280630.00,991383.0,32173
-280760.00,991175.0,32184
-282174.00,990937.0,32196
-281947.00,990796.0,32207
-280210.00,990432.0,32220
-282142.00,990499.0,32231
-281169.00,990691.0,32243
-281498.00,990797.0,32254
-281145.00,990698.0,32267
-280920.00,990772.0,32278
-281478.00,990684.0,32290
-281856.00,990674.0,32302
-281094.00,990851.0,32314
-280899.00,990756.0,32325
-281905.00,990669.0,32337
-281979.00,990519.0,32349
-281411.00,990245.0,32361
-281352.00,989905.0,32372
-281764.00,990076.0,32385
-281298.00,990235.0,32396
-281749.00,990096.0,32408
-282351.00,990173.0,32419
-281106.00,990311.0,32432
-281081.00,990567.0,32443
-282048.00,990624.0,32455
-281728.00,990743.0,32466
-281100.00,990515.0,32479
-281659.00,990151.0,32490
-281446.00,990154.0,32502
-281015.00,990151.0,32514
-282895.00,990019.0,32526
-281560.00,989925.0,32537
-280894.00,989923.0,32549
-282406.00,990268.0,32561
-281510.00,990466.0,32573
-281598.00,990652.0,32584
-281542.00,990738.0,32596
-280719.00,990893.0,32608
-281696.00,990874.0,32620
-281524.00,990698.0,32631
-281353.00,990647.0,32644
-281697.00,990618.0,32655
-281394.00,990500.0,32667
-281336.00,990328.0,32678
-282054.00,990283.0,32691
-281500.00,990347.0,32702
-280807.00,990420.0,32714
-281012.00,990688.0,32726
-282079.00,990788.0,32738
-281220.00,991154.0,32749
-280671.00,991301.0,32761
-281983.00,991040.0,32773
-280503.00,991192.0,32785
-280889.00,991320.0,32796
-282228.00,991316.0,32808
-280743.00,991258.0,32820
-281305.00,991264.0,32831
-281390.00,991100.0,32843
-280545.00,991022.0,32855
-281597.00,991263.0,32867
-281104.00,991295.0,32878
-280940.00,991514.0,32890
-281761.00,991603.0,32902
-281060.00,991444.0,32914
-281050.00,991572.0,32925
-280818.00,991480.0,32937
-280801.00,991355.0,32949
-281698.00,991368.0,32961
-281480.00,991133.0,32972
-280764.00,991268.0,32985
-281242.00,991543.0,32996
-281206.00,991453.0,33008
-281767.00,991384.0,33019
-280446.00,991337.0,33032
-280964.00,991529.0,33043
-281204.00,991440.0,33055
-281122.00,991340.0,33067
-281879.00,991286.0,33079
-280544.00,991269.0,33090
-280738.00,991166.0,33102
-282166.00,991046.0,33114
-280837.00,991088.0,33126
-280938.00,991020.0,33137
-281367.00,991011.0,33149
-280843.00,990880.0,33161
-282429.00,990922.0,33173
-281692.00,990935.0,33184
-280020.00,991041.0,33197
-281388.00,991245.0,33208
-281990.00,991147.0,33220
-281391.00,990820.0,33231
-281139.00,990645.0,33244
-281277.00,990408.0,33255
-281532.00,990401.0,33267
-281479.00,990568.0,33278
-281776.00,990613.0,33291
-282116.00,990504.0,33302
-280819.00,990327.0,33314
-281509.00,990380.0,33326
-282699.00,990435.0,33338
-281219.00,990622.0,33349
-281239.00,990444.0,33361
-281714.00,990236.0,33373
-281232.00,990150.0,33385
-281983.00,990279.0,33396
-280723.00,990453.0,33409
-281656.00,990344.0,33420
-282173.00,990294.0,33432
-282032.00,990174.0,33443
-281716.00,990158.0,33456
-280741.00,990231.0,33467
-281724.00,990213.0,33479
-282296.00,990293.0,33490
-281413.00,990283.0,33503
-281542.00,990143.0,33514
-280851.00,990278.0,33526
-281582.00,990434.0,33538
-282437.00,990522.0,33550
-280843.00,990383.0,33561
-281017.00,990377.0,33573
-281892.00,990379.0,33585
-281419.00,990376.0,33597
-282090.00,990501.0,33608
-281316.00,990458.0,33619
-280629.00,990236.0,33632
-282104.00,990442.0,33643
-281745.00,990835.0,33655
-280969.00,991084.0,33667
-281586.00,991100.0,33679
-280831.00,991251.0,33690
-280990.00,991123.0,33702
-282118.00,990865.0,33714
-280950.00,990839.0,33726
-280945.00,990924.0,33737
-281594.00,991104.0,33750
-281307.00,991120.0,33761
-281297.00,990959.0,33773
-281415.00,991104.0,33784
-280951.00,991247.0,33797
-281860.00,991276.0,33808
-281954.00,991142.0,33820
-280133.00,991360.0,33831
-280624.00,991461.0,33844
-282221.00,991446.0,33855
-281355.00,991548.0,33867
-280222.00,991618.0,33879
-281193.00,991564.0,33891
-281427.00,991448.0,33902
-280798.00,991410.0,33914
-281634.00,991545.0,33926
-281105.00,991520.0,33938
-280501.00,991454.0,33949
-281699.00,991387.0,33961
-281374.00,991299.0,33973
-280933.00,991451.0,33985
-281271.00,991514.0,33996
-281134.00,991570.0,34009
-281031.00,991432.0,34020
-281668.00,991195.0,34032
-281515.00,991430.0,34043
-280378.00,991610.0,34056
-281406.00,991463.0,34067
-281842.00,991248.0,34079
-280868.00,991160.0,34091
-281510.00,991027.0,34103
-281379.00,990969.0,34114
-281262.00,991165.0,34126
-281581.00,991092.0,34138
-281310.00,991143.0,34150
-281555.00,991274.0,34161
-280943.00,991184.0,34173
-281336.00,991013.0,34185
-281126.00,990933.0,34197
-281122.00,990746.0,34208
-281749.00,990493.0,34221
-281693.00,990332.0,34232
-281658.00,990491.0,34244
-281722.00,990676.0,34255
-280824.00,990559.0,34268
-281679.00,990416.0,34279
-282346.00,990401.0,34291
-280918.00,990458.0,34302
-281189.00,990432.0,34315
-281563.00,990519.0,34326
-281553.00,990494.0,34338
-281886.00,990462.0,34350
-281299.00,990418.0,34362
-281639.00,990306.0,34373
-281823.00,990194.0,34384
-281390.00,990229.0,34397
-282141.00,990222.0,34408
-280952.00,990173.0,34420
-280857.00,990217.0,34432
-282008.00,990527.0,34444
-281323.00,990722.0,34455
-281575.00,990708.0,34467
-281916.00,990430.0,34479
-280601.00,990405.0,34491
-281287.00,990323.0,34502
-282551.00,990149.0,34514
-281479.00,990245.0,34526
-281729.00,990295.0,34538
-281645.00,990351.0,34549
-280762.00,990470.0,34562
-281977.00,990435.0,34573
-281387.00,990552.0,34585
-280974.00,990648.0,34596
-281192.00,990769.0,34609
-282038.00,990920.0,34620
-281704.00,990933.0,34632
-280814.00,990791.0,34643
-281228.00,990759.0,34656
-281238.00,990761.0,34667
-281603.00,990663.0,34679
-282141.00,990667.0,34691
-280948.00,990635.0,34703
-280865.00,990825.0,34714
-281794.00,991061.0,34726
-281688.00,991312.0,34738
-281478.00,991276.0,34750
-280639.00,991037.0,34761
-280825.00,991088.0,34774
-281642.00,991408.0,34785
-281711.00,991380.0,34797
-281640.00,991549.0,34808
-280649.00,991547.0,34821
-280586.00,991423.0,34832
-282085.00,991326.0,34844
-281443.00,991240.0,34855
-280835.00,991211.0,34868
-281228.00,991341.0,34879
-280918.00,991518.0,34891
-281680.00,991571.0,34903
-281668.00,991660.0,34915
-280426.00,991712.0,34926
-280762.00,991771.0,34938
-281378.00,991854.0,34950
-281453.00,991752.0,34962
-281192.00,991483.0,34973
-280945.00,991444.0,34985
-281011.00,991324.0,34997
-281867.00,991122.0,35009
-281438.00,991118.0,35020
-280429.00,991116.0,35033
-280910.00,991075.0,35044
-281822.00,990884.0,35056
-281675.00,991025.0,35067
-281126.00,991087.0,35080
-281185.00,991241.0,35091
-280940.00,991312.0,35103
-281341.00,991285.0,35115
-281822.00,991225.0,35127
-281165.00,991073.0,35138
-280667.00,990838.0,35149
-281472.00,990680.0,35162
-282254.00,990730.0,35173
-281416.00,990811.0,35185
-281166.00,990748.0,35196
-281556.00,990701.0,35209
-281073.00,990696.0,35220
-281685.00,990683.0,35232
-281902.00,990592.0,35244
-280933.00,990654.0,35256
-281043.00,990768.0,35267
-281805.00,990702.0,35279
-281860.00,990728.0,35291
-281430.00,990554.0,35303
-281159.00,990278.0,35314
-281247.00,990221.0,35326
-281791.00,990165.0,35338
-282007.00,990151.0,35350
-281767.00,990059.0,35361
-281165.00,990025.0,35374
-282034.00,990100.0,35385
-281750.00,990341.0,35397
-281521.00,990449.0,35408
-281187.00,990467.0,35421
-280868.00,990448.0,35432
-282239.00,990406.0,35444
-282214.00,990235.0,35456
-280830.00,990170.0,35468
-281281.00,990288.0,35479
-282032.00,990352.0,35491
-281609.00,990076.0,35503
-281992.00,989935.0,35515
-281649.00,989990.0,35526
-281075.00,990200.0,35538
-281986.00,990687.0,35550
-281607.00,990640.0,35562
-280983.00,990573.0,35573
-281569.00,990701.0,35586
-281370.00,990734.0,35597
-281052.00,990773.0,35609
-281730.00,990800.0,35620
-281677.00,990623.0,35633
-281116.00,990464.0,35644
-281107.00,990355.0,35656
-281591.00,990561.0,35667
-281979.00,990833.0,35680
-281378.00,990863.0,35691
-281506.00,991003.0,35703
-281238.00,991139.0,35715
-280839.00,991295.0,35727
-281800.00,991389.0,35738
-281541.00,991633.0,35750
-280269.00,991713.0,35762
-281573.00,991561.0,35774
-281054.00,991375.0,35785
-281146.00,991178.0,35798
-281404.00,990999.0,35809
-280858.00,990789.0,35821
-281218.00,990991.0,35832
-281644.00,991207.0,35845
-281184.00,991439.0,35856
-280750.00,991562.0,35868
-280692.00,991384.0,35879
-281555.00,991551.0,35892
-281265.00,991790.0,35903
-280543.00,991697.0,35915
-281162.00,991703.0,35927
-280968.00,991694.0,35938
-281237.00,991528.0,35950
-281396.00,991464.0,35961
-281199.00,991141.0,35974
-281176.00,990921.0,35985
-281013.00,990767.0,35997
-281768.00,990963.0,36008
-281477.00,990996.0,36021
-280948.00,991233.0,36032
-281266.00,991471.0,36044
-280997.00,991369.0,36056
-281145.00,991632.0,36068
-281272.00,991574.0,36079
-280885.00,991491.0,36091
-281126.00,991346.0,36103
-281603.00,991008.0,36115
-281657.00,990786.0,36126
-281195.00,990648.0,36139
-281433.00,990800.0,36150
-281695.00,990646.0,36162
-281871.00,990420.0,36173
-281181.00,990412.0,36186
-281244.00,990424.0,36197
-282060.00,990515.0,36209
-281318.00,990775.0,36220
-280982.00,991088.0,36233
-281481.00,991164.0,36244
-281652.00,991094.0,36256
-281411.00,990972.0,36268
-281306.00,990506.0,36280
-281961.00,990232.0,36291
-281629.00,990046.0,36303
-281542.00,989932.0,36315
-282026.00,989891.0,36327
-281528.00,989998.0,36338
-281178.00,990237.0,36350
-281744.00,990276.0,36362
-282091.00,990391.0,36374
-281443.00,990308.0,36385
-281309.00,990300.0,36398
-281358.00,990435.0,36409
-281189.00,990359.0,36421
-281950.00,990526.0,36432
-281530.00,990477.0,36445
-280655.00,990212.0,36456
-281606.00,990110.0,36468
-281701.00,989953.0,36480
-282253.00,990131.0,36492
-281849.00,990270.0,36503
-280525.00,990471.0,36515
-281625.00,990780.0,36527
-282157.00,990859.0,36539
-281074.00,990852.0,36550
-281192.00,990834.0,36562
-281386.00,990773.0,36574
-281496.00,990792.0,36586
-281801.00,990748.0,36597
-281154.00,990870.0,36610
-280790.00,990905.0,36621
-281542.00,990949.0,36633
-282243.00,990622.0,36644
-281262.00,990477.0,36657
-280221.00,990467.0,36668
-281603.00,990733.0,36680
-281445.00,991039.0,36691
-281365.00,991240.0,36703
-281860.00,991386.0,36715
-280057.00,991497.0,36726
-280997.00,991568.0,36739
-282201.00,991616.0,36750
-280865.00,991393.0,36762
-281284.00,991234.0,36773
-280925.00,991068.0,36786
-280766.00,990979.0,36797
-281998.00,990919.0,36809
-281731.00,990910.0,36820
-280907.00,991110.0,36833
-280770.00,991249.0,36844
-281510.00,991409.0,36856
-281963.00,991654.0,36868
-280731.00,991815.0,36880
-280188.00,992042.0,36891
-281192.00,992011.0,36903
-281152.00,991684.0,36915
-281467.00,991475.0,36927
-281752.00,991186.0,36938
-281130.00,991133.0,36951
-282317.00,990894.0,36962
-280929.00,990929.0,36974
-281290.00,991031.0,36985
-281036.00,991254.0,36998
-280783.00,991379.0,37009
-281881.00,991390.0,37021
-281208.00,991357.0,37032
-280827.00,991351.0,37045
-281149.00,991255.0,37056
-281181.00,991361.0,37068
-281883.00,991360.0,37080
-281107.00,991220.0,37092
-280760.00,990921.0,37103
-281723.00,990751.0,37115
-281776.00,990488.0,37127
-281541.00,990322.0,37139
-281412.00,990330.0,37150
-280910.00,990361.0,37163
-281514.00,990863.0,37174
-282192.00,990974.0,37186
-281519.00,991128.0,37197
-281281.00,991129.0,37210
-281031.00,990907.0,37221
-281495.00,990774.0,37233
-282048.00,990561.0,37244
-281708.00,990418.0,37257
-281236.00,990220.0,37268
-281115.00,990249.0,37280
-281912.00,990396.0,37292
-282658.00,990288.0,37304
-281598.00,990111.0,37315
-281057.00,990115.0,37327
-281921.00,990246.0,37339
-281491.00,990417.0,37351
-281618.00,990547.0,37362
-281073.00,990851.0,37374
-281417.00,990747.0,37386
-282168.00,990511.0,37398
-281710.00,990292.0,37409
-280896.00,989990.0,37422
-281096.00,989987.0,37433
-282158.00,990273.0,37445
-282186.00,990119.0,37456
-281373.00,990011.0,37468
-281131.00,990015.0,37480
-281473.00,990075.0,37491
-281783.00,990176.0,37504
-281809.00,990556.0,37515
-281454.00,990927.0,37527
-280747.00,990993.0,37538
-281071.00,991155.0,37551
-281679.00,991036.0,37562
-281728.00,990831.0,37574
-281021.00,990596.0,37585
-280725.00,990642.0,37598
-282097.00,990694.0,37609
-282237.00,990620.0,37621
-281192.00,990782.0,37633
-280875.00,990834.0,37645
-281178.00,990921.0,37656
-281442.00,991119.0,37668
-281600.00,991243.0,37680
-281422.00,991271.0,37692
-280686.00,991384.0,37703
-281093.00,991529.0,37715
-282145.00,991463.0,37727
-280247.00,991255.0,37739
-281126.00,991318.0,37750
-281583.00,991131.0,37763
-281791.00,990973.0,37774
-281506.00,990880.0,37786
-280401.00,990979.0,37797
-280619.00,991139.0,37810
-281934.00,991310.0,37821
-281884.00,991629.0,37833
-280537.00,991753.0,37844
-280491.00,991679.0,37857
-281236.00,991649.0,37868
-281510.00,991569.0,37880
-281817.00,991649.0,37892
-280605.00,991399.0,37904
-280341.00,991402.0,37915
-281612.00,991421.0,37927
-281938.00,991398.0,37939
-281192.00,991278.0,37951
-280565.00,991300.0,37962
-280997.00,991334.0,37975
-281524.00,991489.0,37986
-281731.00,991383.0,37998
-281305.00,991200.0,38009
-280687.00,991240.0,38022
-281169.00,991308.0,38033
-281773.00,991235.0,38045
-281275.00,991106.0,38056
-281078.00,991031.0,38069
-281030.00,990915.0,38080
-281361.00,991012.0,38092
-282459.00,990983.0,38104
-281855.00,990845.0,38116
-280911.00,990955.0,38127
-282078.00,990795.0,38139
-281727.00,990664.0,38151
-281151.00,990640.0,38163
-281375.00,990354.0,38174
-280780.00,990370.0,38187
-281683.00,990470.0,38198
-282104.00,990569.0,38210
-281079.00,990520.0,38221
-281073.00,990482.0,38233
-281826.00,990330.0,38245
-281987.00,990161.0,38256
-281220.00,990301.0,38268
-281620.00,990587.0,38280
-281656.00,990581.0,38292
-281381.00,990443.0,38303
-281979.00,990281.0,38316
-281665.00,990040.0,38327
-281084.00,989923.0,38339
-281611.00,990167.0,38350
-282136.00,990296.0,38363
-281792.00,990381.0,38374
-281576.00,990354.0,38386
-281389.00,990328.0,38397
-281461.00,990329.0,38410
-281361.00,990455.0,38421
-281456.00,990396.0,38433
-281401.00,990388.0,38445
-281372.00,990402.0,38457
-282015.00,990310.0,38468
-281783.00,990372.0,38480
-281126.00,990627.0,38492
-281044.00,990809.0,38504
-281662.00,990831.0,38515
-281101.00,990739.0,38528
-281565.00,990504.0,38539
-281225.00,990510.0,38551
-281260.00,990559.0,38562
-281754.00,990480.0,38575
-281218.00,990801.0,38586
-281594.00,990771.0,38598
-281346.00,990900.0,38609
-281299.00,990822.0,38622
-281374.00,990711.0,38633
-281019.00,990833.0,38645
-281804.00,990847.0,38657
-281862.00,991124.0,38669
-280956.00,991288.0,38680
-281193.00,991272.0,38692
-281551.00,991181.0,38704
-280911.00,991206.0,38716
-281001.00,991266.0,38727
-281585.00,991176.0,38739
-281193.00,991384.0,38751
-281152.00,991485.0,38763
-281217.00,991492.0,38774
-280935.00,991499.0,38787
-281592.00,991398.0,38798
-281781.00,991544.0,38810
-280768.00,991293.0,38821
-281176.00,991359.0,38834
-281086.00,991335.0,38845
-281387.00,991402.0,38857
-281107.00,991536.0,38868
-280581.00,991671.0,38881
-281568.00,991621.0,38892
-281109.00,991443.0,38904
-281084.00,991298.0,38916
-281060.00,991179.0,38928
-281923.00,991305.0,38939
-280684.00,991272.0,38951
-280888.00,991292.0,38963
-281591.00,991275.0,38975
-280542.00,991233.0,38986
-281192.00,991054.0,38998
-281611.00,991130.0,39010
-281556.00,991013.0,39021
-280897.00,990887.0,39033
-280949.00,990944.0,39045
-281657.00,990977.0,39057
-281353.00,990988.0,39068
-281859.00,990902.0,39080
-281533.00,990549.0,39092
-280832.00,990352.0,39104
-281136.00,990387.0,39115
-281855.00,990494.0,39128
-281846.00,990756.0,39139
-281320.00,990664.0,39151
-281655.00,990823.0,39162
-281402.00,990707.0,39175
-281496.00,990311.0,39186
-281796.00,990336.0,39198
-281278.00,990455.0,39209
-281507.00,990440.0,39222
-281511.00,990434.0,39233
-281525.00,990315.0,39245
-282348.00,990376.0,39257
-281178.00,990305.0,39269
-281044.00,990324.0,39280
-282186.00,990619.0,39292
-281620.00,990565.0,39304
-281374.00,990414.0,39316
-281199.00,990173.0,39327
-282041.00,990039.0,39340
-281461.00,990410.0,39351
-281490.00,990344.0,39363
-282020.00,990319.0,39374
-281613.00,990186.0,39387
-281312.00,990087.0,39398
-281786.00,990222.0,39410
-281329.00,990452.0,39421
-281316.00,990335.0,39434
-282176.00,990475.0,39445
-281013.00,990445.0,39457
-281566.00,990340.0,39469
-282126.00,990320.0,39481
-281308.00,990375.0,39492
-281514.00,990426.0,39504
-280760.00,990587.0,39516
-281557.00,990459.0,39528
-282580.00,990390.0,39539
-281198.00,990507.0,39552
-281382.00,990694.0,39563
-281321.00,990771.0,39575
-280567.00,990877.0,39586
-281906.00,990937.0,39599
-281804.00,991126.0,39610
-280945.00,991312.0,39622
-281207.00,991452.0,39633
-280962.00,991262.0,39646
-281374.00,991098.0,39657
-281809.00,990834.0,39669
-281125.00,990809.0,39681
-280829.00,991062.0,39693
-281620.00,991197.0,39704
-281165.00,991183.0,39716
-281098.00,991186.0,39728
-280348.00,991305.0,39740
-281301.00,991420.0,39751
-281514.00,991486.0,39762
-281014.00,991505.0,39775
-280704.00,991515.0,39786
-279898.00,991402.0,39798
-281650.00,991400.0,39810
-282197.00,991389.0,39822
-280911.00,991174.0,39833
-280991.00,991042.0,39845
-280838.00,990900.0,39857
-281386.00,990936.0,39869
-282292.00,991321.0,39880
-281316.00,991507.0,39892
-280307.00,991557.0,39904
-281028.00,991642.0,39916
-281579.00,991627.0,39927
-281367.00,991437.0,39940
-281441.00,991257.0,39951
-280698.00,991126.0,39963
-280706.00,991204.0,39974
-282106.00,991220.0,39987
-281543.00,990969.0,39998
-280908.00,990810.0,40010
-281193.00,990727.0,40022
-281135.00,990810.0,40034
-282051.00,990966.0,40045
-281960.00,991003.0,40057
-281034.00,991117.0,40069
-280921.00,991079.0,40081
-281714.00,991089.0,40092
-281078.00,990999.0,40104
-281384.00,990748.0,40116
-281609.00,990500.0,40128
-281008.00,990398.0,40139
-281504.00,990496.0,40152
-281921.00,990434.0,40163
-281618.00,990217.0,40175
-280805.00,990160.0,40186
-281298.00,990345.0,40199
-282263.00,990440.0,40210
-281656.00,990420.0,40222
-281759.00,990333.0,40233
-281525.00,990253.0,40246
-281438.00,990330.0,40257
-281527.00,990277.0,40269
-281232.00,990515.0,40281
-281605.00,990537.0,40293
-281615.00,990379.0,40304
-281599.00,990171.0,40316
-281783.00,990091.0,40328
-281311.00,990125.0,40340
-281502.00,990419.0,40351
-282088.00,990457.0,40364
-281792.00,990355.0,40375
-281167.00,990408.0,40387
-281600.00,990341.0,40398
-281724.00,990562.0,40411
-281128.00,990427.0,40422
-282076.00,990617.0,40434
-281617.00,990722.0,40445
-281197.00,990609.0,40458
-282073.00,990503.0,40469
-281336.00,990287.0,40481
-281605.00,990384.0,40493
-281181.00,990439.0,40504
-282107.00,990696.0,40516
-281577.00,990897.0,40527
-280909.00,990861.0,40540
-281052.00,991065.0,40551
-281159.00,991065.0,40563
-281511.00,990861.0,40574
-281046.00,990799.0,40587
-281157.00,990786.0,40598
-281215.00,991033.0,40610
-281356.00,991102.0,40622
-281625.00,991062.0,40634
-281271.00,991095.0,40645
-281371.00,991147.0,40657
-280973.00,991047.0,40669
-281517.00,991118.0,40681
-281461.00,991432.0,40692
-280688.00,991505.0,40705
-281263.00,991638.0,40716
-281121.00,991616.0,40728
-281485.00,991356.0,40739
-281561.00,991192.0,40752
-280357.00,990946.0,40763
-281324.00,991294.0,40775
-282061.00,991282.0,40786
-281150.00,991261.0,40799
-280925.00,991670.0,40810
-280761.00,991846.0,40822
-281222.00,991897.0,40834
-281386.00,991733.0,40846
-281935.00,991595.0,40857
-280678.00,991475.0,40869
-282178.00,991426.0,40881
-281796.00,991445.0,40893
-281201.00,991316.0,40904
-280438.00,991043.0,40916
-281015.00,991022.0,40928
-282352.00,990984.0,40940
-281511.00,990971.0,40951
-281042.00,990914.0,40964
-280962.00,990906.0,40975
-281054.00,991060.0,40987
-281815.00,991262.0,40998
-281483.00,991472.0,41011
-280417.00,991549.0,41022
-280928.00,991207.0,41034
-281769.00,990876.0,41046
-281589.00,990745.0,41058
-281645.00,990793.0,41069
-281268.00,990746.0,41081
-281089.00,990711.0,41093
-281902.00,990674.0,41105
-281857.00,990433.0,41116
-281383.00,990323.0,41128
-281487.00,990439.0,41140
-281205.00,990570.0,41152
-281560.00,990740.0,41163
-282231.00,990856.0,41176
-281182.00,990799.0,41187
-280710.00,990731.0,41199
-281523.00,990750.0,41210
-281765.00,990481.0,41223
-281540.00,990158.0,41234
-281397.00,990079.0,41246
-281866.00,990092.0,41257
-281425.00,990241.0,41270
-282020.00,990208.0,41281
-281868.00,990367.0,41292
-280816.00,990229.0,41305
-281726.00,990145.0,41316
-282382.00,990273.0,41328
-280835.00,990357.0,41339
-281116.00,990620.0,41352
-281326.00,990714.0,41363
-281282.00,990660.0,41375
-282023.00,990530.0,41387
-281430.00,990295.0,41399
-280972.00,990248.0,41410
-281682.00,990088.0,41422
-281884.00,990152.0,41434
-281690.00,990252.0,41446
-281756.00,990411.0,41457
-280877.00,990579.0,41469
-281264.00,990899.0,41481
-282399.00,990871.0,41493
-281443.00,990840.0,41504
-280824.00,990723.0,41517
-280795.00,990860.0,41528
-281725.00,990909.0,41540
-282256.00,990988.0,41551
-280535.00,990755.0,41564
-280983.00,990902.0,41575
-281609.00,991050.0,41587
-281048.00,990827.0,41598
-282377.00,990830.0,41611
-281528.00,991034.0,41622
-280114.00,991284.0,41634
-281500.00,991468.0,41646
-281769.00,991612.0,41658
-280573.00,991680.0,41669
-280982.00,991577.0,41681
-281360.00,991651.0,41693
-281225.00,991593.0,41705
-281552.00,991454.0,41716
-280479.00,991248.0,41729
-280679.00,991366.0,41740
-281995.00,991248.0,41752
-281838.00,991141.0,41763
-280857.00,991219.0,41776
-280350.00,991150.0,41787
-281376.00,991115.0,41799
-281536.00,991316.0,41810
-281276.00,991520.0,41823
-281194.00,991621.0,41834
-280573.00,991552.0,41846
-281063.00,991635.0,41858
-281360.00,991445.0,41870
-281632.00,991318.0,41881
-280737.00,991226.0,41893
-280757.00,991144.0,41905
-281907.00,991225.0,41917
-280930.00,991306.0,41928
-281682.00,990989.0,41940
-281083.00,991027.0,41952
-280427.00,991018.0,41964
-282114.00,991108.0,41975
-281441.00,991102.0,41988
-280816.00,991288.0,41999
-281595.00,991135.0,42011
-281545.00,991288.0,42022
-281692.00,991221.0,42035
-281194.00,991059.0,42046
-281352.00,990890.0,42057
-281006.00,990558.0,42070
-282177.00,990222.0,42081
-281825.00,990349.0,42093
-280606.00,990477.0,42104
-281783.00,990594.0,42117
-282193.00,990502.0,42128
-281436.00,990646.0,42140
-281585.00,990608.0,42151
-281773.00,990388.0,42164
-281159.00,990620.0,42175
-281364.00,990421.0,42187
-281646.00,990198.0,42199
-281462.00,990172.0,42211
-281442.00,990373.0,42222
-281529.00,990379.0,42234
-282244.00,990074.0,42246
-281506.00,989932.0,42258
-281099.00,989967.0,42269
-281959.00,990034.0,42281
-281471.00,990197.0,42293
-281799.00,990394.0,42305
-281626.00,990534.0,42316
-280824.00,990542.0,42329
-281445.00,990520.0,42340
-281635.00,990615.0,42352
-281709.00,990536.0,42363
-281156.00,990538.0,42376
-280993.00,990653.0,42387
-281537.00,990652.0,42399
-281888.00,990484.0,42411
-281941.00,990532.0,42423
-281291.00,990574.0,42434
-281303.00,990478.0,42446
-281518.00,990628.0,42458
-281613.00,990539.0,42470
-281316.00,990665.0,42481
-281401.00,990863.0,42493
-281319.00,990951.0,42505
-281571.00,990882.0,42517
-281346.00,991008.0,42528
-281085.00,990821.0,42541
-281005.00,990967.0,42552
-281808.00,990890.0,42564
-282084.00,991087.0,42575
-280546.00,991251.0,42588
-280706.00,991093.0,42599
-281979.00,991200.0,42611
-281080.00,991138.0,42622
-280822.00,991254.0,42635
-281292.00,991323.0,42646
-280700.00,991355.0,42658
-281173.00,991627.0,42670
-281346.00,991473.0,42682
-280829.00,991359.0,42693
-280974.00,991447.0,42705
-281366.00,991502.0,42717
-281492.00,991315.0,42729
-280512.00,991323.0,42740
-281042.00,991404.0,42753
-281737.00,991209.0,42764
-281144.00,991535.0,42776
-281560.00,991573.0,42787
-281001.00,991598.0,42800
-280550.00,991639.0,42811
-281366.00,991543.0,42823
-281768.00,991430.0,42834
-280851.00,991616.0,42846
-281515.00,991571.0,42858
-281176.00,991284.0,42869
-281495.00,991274.0,42882
-281198.00,991005.0,42893
-281003.00,990961.0,42905
-281286.00,991187.0,42916
-281479.00,991090.0,42929
-281576.00,990854.0,42940
-281358.00,990980.0,42952
-280659.00,991089.0,42963
-281471.00,990911.0,42976
-281560.00,991214.0,42987
-281215.00,991051.0,42999
-281588.00,990897.0,43011
-281041.00,990909.0,43023
-281607.00,990741.0,43034
-281978.00,990554.0,43046
-281470.00,990413.0,43058
-281275.00,990524.0,43070
-281002.00,990441.0,43081
-281817.00,990652.0,43094
-281874.00,990636.0,43105
-281392.00,990627.0,43117
-281256.00,990587.0,43128
-281094.00,990530.0,43141
-281741.00,990501.0,43152
-281784.00,990418.0,43164
-281244.00,990307.0,43175
-281225.00,990364.0,43188
-281478.00,990423.0,43199
-282074.00,990409.0,43211
-281815.00,990312.0,43223
-281631.00,990422.0,43235
-281177.00,990330.0,43246
-282283.00,990297.0,43258
-281620.00,990083.0,43270
-280639.00,990096.0,43282
-281555.00,990406.0,43293
-281702.00,990358.0,43305
-281747.00,990322.0,43317
-281783.00,990385.0,43329
-281173.00,990248.0,43340
-280738.00,990487.0,43353
-281427.00,990420.0,43364
-282542.00,990307.0,43376
-281782.00,990273.0,43387
-280762.00,990208.0,43400
-281071.00,990233.0,43411
-282150.00,990675.0,43423
-281844.00,990804.0,43435
-280971.00,990756.0,43447
-281381.00,990796.0,43458
-280829.00,990941.0,43470
-281246.00,991049.0,43482
-282250.00,991201.0,43494
-280478.00,991155.0,43505
-280715.00,991015.0,43517
-282346.00,990694.0,43529
-281785.00,990769.0,43541
-281281.00,990921.0,43552
-280985.00,991011.0,43565
-280533.00,991314.0,43576
-281542.00,991438.0,43588
-282325.00,991521.0,43599
-281365.00,991267.0,43612
-280225.00,991363.0,43623
-281820.00,991491.0,43634
-281783.00,991471.0,43646
-280864.00,991220.0,43658
-281206.00,991157.0,43670
-281330.00,991335.0,43681
-280767.00,991288.0,43694
-282222.00,991182.0,43705
-281629.00,990887.0,43717
-279206.00,991046.0,43728
-281091.00,991515.0,43741
-282514.00,991696.0,43752
-281254.00,991551.0,43764
-280481.00,991549.0,43776
-280788.00,991563.0,43788
-281308.00,991341.0,43799
-281535.00,991179.0,43811
-281537.00,991301.0,43823
-280619.00,991295.0,43835
-280181.00,991325.0,43846
-281906.00,991288.0,43858
-283062.00,991176.0,43870
-280635.00,991007.0,43882
-280188.00,990951.0,43893
-281401.00,991056.0,43906
-281449.00,991173.0,43917
-281944.00,991324.0,43929
-281589.00,991385.0,43940
-280203.00,991573.0,43953
-281096.00,991438.0,43964
-282297.00,991158.0,43976
-281470.00,990874.0,43987
-281122.00,990720.0,44000
-280726.00,990653.0,44011
-282608.00,990528.0,44023
-282255.00,990537.0,44035
-280476.00,990382.0,44047
-280769.00,990348.0,44058
-281747.00,990490.0,44070
-282072.00,990797.0,44082
-281258.00,990802.0,44094
-280704.00,990772.0,44105
-281012.00,990985.0,44118
-281630.00,990686.0,44129
-282353.00,990410.0,44141
-281375.00,990443.0,44152
-280724.00,990087.0,44165
-281686.00,989931.0,44176
-282819.00,989985.0,44188
-282043.00,989894.0,44199
-280394.00,990011.0,44212
-281304.00,990245.0,44223
-281896.00,990502.0,44235
-281948.00,990575.0,44247
-281740.00,990474.0,44259
-280466.00,990558.0,44270
-281089.00,990507.0,44282
-282286.00,990390.0,44294
-282046.00,990311.0,44306
-280991.00,990251.0,44317
-280562.00,990280.0,44329
-281815.00,990233.0,44341
-282375.00,990199.0,44353
-282164.00,990160.0,44364
-281107.00,990186.0,44377
-280077.00,990570.0,44388
-281719.00,990648.0,44399
-282640.00,990945.0,44411
-280112.00,990884.0,44423
-280901.00,990757.0,44435
-281719.00,990826.0,44446
-281599.00,990917.0,44459
-281636.00,990854.0,44470
-280070.00,990812.0,44482
-280420.00,990750.0,44493
-282767.00,990680.0,44506
-282276.00,990658.0,44517
-280428.00,990588.0,44529
-280268.00,990632.0,44540
-281681.00,991040.0,44553
-281965.00,991292.0,44564
-281485.00,991415.0,44576
-281093.00,991562.0,44588
-280000.00,991464.0,44600
-281063.00,991578.0,44611
-282906.00,991568.0,44623
-281005.00,991423.0,44635
-279937.00,991126.0,44647
-281514.00,990932.0,44658
-281678.00,991045.0,44670
-281371.00,990904.0,44682
-281629.00,990980.0,44694
-280644.00,991320.0,44705
-280436.00,991515.0,44718
-282219.00,991770.0,44729
-281996.00,991705.0,44741
-279947.00,991907.0,44752
-280539.00,991902.0,44765
-281239.00,991755.0,44776
-281608.00,991656.0,44788
-282024.00,991431.0,44800
-279969.00,991092.0,44812
-281531.00,991086.0,44823
-282802.00,991081.0,44835
-281358.00,991041.0,44847
-280450.00,991106.0,44859
-281184.00,991234.0,44870
-281234.00,991283.0,44882
-281592.00,991211.0,44894
-281633.00,991121.0,44906
-280301.00,991145.0,44917
-280682.00,991177.0,44930
-282378.00,991116.0,44941
-281761.00,991083.0,44953
-280722.00,990995.0,44964
-280908.00,990734.0,44977
-281357.00,990490.0,44988
-281864.00,990315.0,45000
-282042.00,990345.0,45011
-281089.00,990433.0,45024
-280455.00,990695.0,45035
-281349.00,990787.0,45047
-282252.00,990728.0,45059
-281521.00,990752.0,45071
-280552.00,990547.0,45082
-280927.00,990361.0,45094
-281865.00,990455.0,45106
-281812.00,990483.0,45118
-281143.00,990214.0,45129
-281667.00,990212.0,45142
-281440.00,990287.0,45153
-281574.00,990237.0,45164
-282326.00,990226.0,45176
-281584.00,990409.0,45188
-4399.00,990288.0,45200
-281569.00,990295.0,45211
-281376.00,990559.0,45235
-281832.00,990611.0,45246
-280897.00,990373.0,45257
-281483.00,990315.0,45268
-282298.00,990370.0,45281
-281343.00,990431.0,45292
-281332.00,990339.0,45303
-282443.00,990181.0,45315
-282037.00,990094.0,45326
-280786.00,990058.0,45337
-281736.00,989918.0,45348
-281839.00,990256.0,45361
-280624.00,990414.0,45372
-281804.00,990435.0,45383
-282073.00,990562.0,45394
-280674.00,990859.0,45406
-281612.00,990992.0,45417
-282105.00,990821.0,45429
-281045.00,990788.0,45441
-281069.00,990832.0,45452
-282065.00,990967.0,45463
-281939.00,990808.0,45474
-279843.00,990701.0,45486
-281434.00,990647.0,45498
-283626.00,990747.0,45509
-279785.00,991060.0,45520
-280024.00,991307.0,45532
-283111.00,991166.0,45543
-280582.00,991388.0,45554
-279732.00,991417.0,45565
-282886.00,991258.0,45578
-281304.00,991271.0,45589
-279613.00,991409.0,45600
-281934.00,991292.0,45612
-282509.00,990983.0,45624
-280409.00,991292.0,45635
-279704.00,991318.0,45647
-282867.00,991135.0,45659
-281489.00,991484.0,45671
-279354.00,991482.0,45682
-283508.00,991371.0,45694
-280392.00,991389.0,45706
-278394.00,991657.0,45718
-284142.00,991605.0,45729
-280917.00,991446.0,45742
-279111.00,991518.0,45753
-282972.00,991315.0,45765
-281072.00,991288.0,45776
-280548.00,991399.0,45789
-282017.00,991322.0,45800
-281282.00,990993.0,45812
-280908.00,991212.0,45824
-280699.00,991318.0,45836
-282117.00,991371.0,45847
-282369.00,991508.0,45859
-279221.00,991232.0,45871
-281642.00,991127.0,45883
-282162.00,991433.0,45894
-280043.00,991448.0,45906
-282571.00,991169.0,45918
-281311.00,991175.0,45930
-279959.00,990891.0,45941
-282460.00,990655.0,45954
-281658.00,990658.0,45965
-281404.00,990705.0,45976
-280188.00,990683.0,45988
-283220.00,990761.0,46000
-281361.00,990764.0,46012
-280314.00,990510.0,46023
-283007.00,990662.0,46035
-280536.00,990786.0,46047
-281371.00,990714.0,46059
-283137.00,990480.0,46070
-279831.00,990504.0,46083
-281265.00,990405.0,46094
-282832.00,990191.0,46106
-281048.00,990128.0,46117
-281787.00,990259.0,46130
-281108.00,990230.0,46141
-280994.00,990162.0,46153
-282395.00,990296.0,46164
-281673.00,990349.0,46177
-281319.00,990415.0,46188
-280992.00,990376.0,46200
-281673.00,990353.0,46212
-282745.00,990493.0,46224
-280883.00,990227.0,46235
-281168.00,990170.0,46247
-282311.00,990310.0,46259
-281005.00,990365.0,46271
-282784.00,990375.0,46282
-281986.00,990573.0,46295
-279936.00,990515.0,46306
-282058.00,990538.0,46318
-282405.00,990506.0,46329
-280547.00,990627.0,46342
-281544.00,990685.0,46353
-281683.00,990763.0,46365
-281255.00,990754.0,46376
-281506.00,990624.0,46389
-280983.00,990690.0,46400
-280477.00,991000.0,46412
-282422.00,990821.0,46424
-282621.00,990599.0,46436
-280253.00,990865.0,46447
-280947.00,990946.0,46459
-281824.00,990977.0,46471
-281457.00,991210.0,46483
-282023.00,991129.0,46494
-280894.00,991155.0,46507
-279930.00,991158.0,46518
-281663.00,991150.0,46530
-282353.00,991175.0,46541
-281152.00,991261.0,46554
-280267.00,991429.0,46565
-281083.00,991177.0,46577
-282115.00,991249.0,46588
-281206.00,991227.0,46601
-280975.00,991033.0,46612
-280911.00,991083.0,46624
-280691.00,991602.0,46636
-282098.00,991752.0,46648
-281453.00,991831.0,46659
-280211.00,991774.0,46671
-280449.00,991673.0,46683
-281121.00,991611.0,46695
-282378.00,991352.0,46706
-281401.00,991198.0,46718
-280031.00,991144.0,46730
-281052.00,991240.0,46741
-281289.00,991358.0,46753
-281667.00,991327.0,46765
-279930.00,991330.0,46777
-280430.00,991347.0,46788
-282413.00,991520.0,46800
-281262.00,991477.0,46812
-280723.00,991398.0,46824
-281380.00,991295.0,46835
-280985.00,991106.0,46848
-281387.00,991049.0,46859
-281992.00,990984.0,46871
-281353.00,990910.0,46882
-280657.00,991029.0,46895
-281504.00,991026.0,46906
-282405.00,990887.0,46918
-280781.00,990696.0,46929
-280463.00,990734.0,46942
-281932.00,991037.0,46953
-281183.00,990903.0,46965
-281791.00,990797.0,46977
-282204.00,990599.0,46989
-280010.00,990424.0,47000
-281002.00,990353.0,47012
-282623.00,990461.0,47024
-281690.00,990567.0,47036
-281326.00,990512.0,47047
-281178.00,990452.0,47059
-281134.00,990245.0,47071
-282051.00,990177.0,47083
-281984.00,990329.0,47094
-281405.00,990530.0,47107
-280876.00,990686.0,47118
-281549.00,990720.0,47130
-282199.00,990732.0,47141
-281725.00,990676.0,47154
-281074.00,990422.0,47165
-281895.00,990363.0,47177
-282688.00,990271.0,47188
-281569.00,990151.0,47201
-280629.00,990099.0,47212
-281203.00,990234.0,47224
-282161.00,990445.0,47236
-282386.00,990278.0,47248
-281435.00,990477.0,47259
-280403.00,990566.0,47271
-281309.00,990762.0,47283
-282734.00,990738.0,47295
-281768.00,990612.0,47306
-281059.00,990636.0,47319
-281055.00,990429.0,47330
-281378.00,990604.0,47342
-282202.00,990741.0,47353
-281796.00,990568.0,47366
-280897.00,990616.0,47377
-280741.00,990612.0,47389
-282022.00,990636.0,47400
-282088.00,990545.0,47413
-280523.00,990895.0,47424
-281203.00,991219.0,47436
-281507.00,991273.0,47448
-280644.00,991256.0,47460
-282051.00,991161.0,47471
-281321.00,991130.0,47483
-279988.00,991136.0,47495
-281724.00,991230.0,47507
-282344.00,991210.0,47518
-280823.00,991280.0,47529
-280514.00,991280.0,47542
-281717.00,991104.0,47553
-280882.00,991258.0,47565
-281489.00,991318.0,47577
-281469.00,991410.0,47589
-280127.00,991624.0,47600
-281432.00,991608.0,47612
-282058.00,991438.0,47624
-280186.00,991459.0,47636
-280837.00,991479.0,47647
-281937.00,991367.0,47660
-281358.00,991364.0,47671
-281308.00,991289.0,47683
-280609.00,991228.0,47694
-280778.00,991252.0,47707
-281696.00,991240.0,47718
-281641.00,991167.0,47730
-281235.00,991278.0,47741
-280437.00,991558.0,47754
-280924.00,991493.0,47765
-282025.00,991401.0,47777
-281253.00,991302.0,47789
-280461.00,991030.0,47801
-280786.00,991190.0,47812
-281440.00,991219.0,47824
-281850.00,991100.0,47836
-281278.00,990935.0,47848
-280828.00,990835.0,47859
-281361.00,990610.0,47872
-281654.00,990676.0,47883
-282246.00,990991.0,47895
-281222.00,991095.0,47906
-280129.00,991348.0,47919
-282026.00,991353.0,47930
-282036.00,991036.0,47942
-281213.00,990850.0,47953
-280520.00,990777.0,47966
-281481.00,990636.0,47977
-282654.00,990526.0,47989
-281719.00,990398.0,48001
-280718.00,990156.0,48013
-280494.00,990313.0,48024
-282653.00,990437.0,48036
-282948.00,990386.0,48048
-280667.00,990174.0,48060
-280977.00,990269.0,48071
-281389.00,990458.0,48083
-281265.00,990593.0,48095
-283206.00,990529.0,48107
-281230.00,990604.0,48118
-279868.00,990587.0,48131
-282410.00,990467.0,48142
-282068.00,990371.0,48154
-281896.00,990351.0,48165
-281726.00,990212.0,48178
-280281.00,990167.0,48189
-282047.00,990366.0,48201
-282498.00,990464.0,48212
-281482.00,990457.0,48225
-281135.00,990379.0,48236
-280564.00,990512.0,48248
-281673.00,990860.0,48260
-282312.00,990881.0,48272
-281276.00,990691.0,48283
-281233.00,990452.0,48295
-281069.00,990286.0,48307
-281221.00,990303.0,48318
-282873.00,990400.0,48330
-281370.00,990464.0,48342
-282562.00,990419.0,48354
-281493.00,990614.0,48365
-281490.00,990891.0,48377
-281775.00,991026.0,48389
-280101.00,991141.0,48401
-281481.00,991198.0,48412
-281558.00,990951.0,48424
-281506.00,991025.0,48436
-281412.00,991081.0,48448
-280659.00,990915.0,48459
-281878.00,990923.0,48472
-281383.00,990847.0,48483
-280538.00,990850.0,48495
-281875.00,990847.0,48506
-281721.00,990954.0,48519
-280654.00,990983.0,48530
-281702.00,991144.0,48542
-281022.00,991514.0,48553
-280472.00,991560.0,48566
-282300.00,991590.0,48577
-281511.00,991511.0,48589
-279971.00,991482.0,48601
-280892.00,991380.0,48613
-281881.00,991222.0,48624
-281722.00,991278.0,48636
-280982.00,991155.0,48648
-280598.00,991257.0,48660
-280628.00,991499.0,48671
-281368.00,991374.0,48684
-282179.00,991513.0,48695
-281013.00,991545.0,48707
-279771.00,991550.0,48718
-281092.00,991632.0,48731
-281259.00,991683.0,48742
-281104.00,991646.0,48754
-280509.00,991304.0,48765
-281038.00,991195.0,48778
-282018.00,991063.0,48789
-281854.00,990683.0,48801
-281174.00,990696.0,48813
-280270.00,990877.0,48825
-281310.00,991071.0,48836
-282521.00,991107.0,48848
-281608.00,991116.0,48860
-280530.00,990967.0,48872
-280757.00,990933.0,48883
-281376.00,991196.0,48896
-282013.00,991065.0,48907
-282193.00,990930.0,48919
-280571.00,990666.0,48930
-280728.00,990584.0,48943
-281966.00,990439.0,48954
-282046.00,990342.0,48966
-281574.00,990312.0,48977
-281329.00,990188.0,48990
-281406.00,990227.0,49001
-281536.00,990473.0,49013
-282507.00,990604.0,49025
-281535.00,990632.0,49037
-279892.00,990635.0,49048
-281532.00,990627.0,49060
-282562.00,990489.0,49072
-281678.00,990294.0,49084
-281034.00,990298.0,49095
-280975.00,990182.0,49106
-281611.00,990278.0,49119
-281802.00,990329.0,49130
-280961.00,990098.0,49142
-280842.00,989952.0,49154
-281797.00,990227.0,49166
-282647.00,990373.0,49177
-281717.00,990414.0,49189
-280816.00,990349.0,49201
-281066.00,990411.0,49213
-281786.00,990635.0,49224
-281809.00,990755.0,49236
-281087.00,990577.0,49248
-281176.00,990340.0,49260
-281824.00,990300.0,49271
-281683.00,990204.0,49284
-281901.00,990181.0,49295
-281575.00,990319.0,49307
-280715.00,990644.0,49318
-281609.00,990655.0,49331
-282496.00,990658.0,49342
-280914.00,990961.0,49354
-280489.00,991014.0,49366
-282107.00,991300.0,49378
-281441.00,991461.0,49389
-281068.00,991211.0,49401
-281552.00,990850.0,49413
-281094.00,990854.0,49425
-280975.00,990938.0,49436
-281791.00,990813.0,49448
-281901.00,990994.0,49460
-280217.00,990978.0,49472
-281273.00,991072.0,49483
-282364.00,991560.0,49496
-280879.00,991554.0,49507
-281253.00,991565.0,49519
-280073.00,991613.0,49530
-281324.00,991524.0,49543
-282620.00,991371.0,49554
-280584.00,991245.0,49566
-279987.00,991262.0,49577
-282175.00,991320.0,49590
-281784.00,991436.0,49601
-280603.00,991333.0,49613
-281254.00,991133.0,49625
-280979.00,991009.0,49637
-280577.00,991306.0,49648
-282187.00,991748.0,49660
-281514.00,991594.0,49672
-280015.00,991619.0,49684
-280811.00,991526.0,49695
-281560.00,991543.0,49708
-281622.00,991541.0,49719
-281230.00,991264.0,49731
-280363.00,991146.0,49742
-280859.00,991163.0,49755
-282161.00,991064.0,49766
-282001.00,990941.0,49778
-281106.00,990858.0,49789
-280862.00,990705.0,49802
-281082.00,990906.0,49813
-281799.00,991072.0,49825
-282177.00,991213.0,49837
-281238.00,991285.0,49849
-280043.00,991439.0,49860
-280783.00,991334.0,49872
-282511.00,991187.0,49884
-281706.00,990974.0,49895
-280492.00,990643.0,49907
-281750.00,990759.0,49918
-282129.00,990649.0,49931
-281690.00,990406.0,49942
-280961.00,990335.0,49954
-281261.00,990456.0,49966
-281782.00,990483.0,49978
-281871.00,990553.0,49989
-281942.00,990553.0,50001
-280127.00,990555.0,50013
-280960.00,990459.0,50025
-282280.00,990484.0,50036
-281746.00,990500.0,50049
-281966.00,990230.0,50060
-280825.00,989953.0,50072
-281122.00,990002.0,50083
-282554.00,990023.0,50096
-281978.00,990243.0,50107
-281584.00,990421.0,50119
-280887.00,990488.0,50130
-281283.00,990530.0,50143
-282388.00,990600.0,50154
-282029.00,990478.0,50166
-281148.00,990287.0,50178
-280796.00,990360.0,50190
-281172.00,990484.0,50201
-282156.00,990615.0,50213
-281862.00,990508.0,50225
-280612.00,990397.0,50237
-281720.00,990205.0,50248
-282074.00,990375.0,50260
-281202.00,990527.0,50272
-282255.00,990632.0,50284
-280705.00,990700.0,50295
-280284.00,990854.0,50308
-282217.00,991043.0,50319
-281266.00,990970.0,50331
-280785.00,990776.0,50342
-281040.00,990748.0,50355
-281875.00,990850.0,50366
-282031.00,990648.0,50378
-280978.00,990697.0,50390
-280819.00,990779.0,50402
-281099.00,990982.0,50413
-282228.00,990984.0,50425
-282596.00,990892.0,50437
-279924.00,990893.0,50449
-280603.00,990975.0,50460
-281619.00,991480.0,50472
-281323.00,991842.0,50484
-282039.00,991984.0,50496
-280660.00,991702.0,50507
-280086.00,991555.0,50520
-281624.00,991269.0,50531
-282060.00,990891.0,50543
-281431.00,990972.0,50554
-281030.00,991075.0,50567
-280743.00,991256.0,50578
-281481.00,991316.0,50590
-282246.00,991450.0,50601
-280626.00,991507.0,50614
-280187.00,991496.0,50625
-280821.00,991762.0,50637
-281380.00,991709.0,50649
-282238.00,991638.0,50660
-280626.00,991578.0,50672
-280196.00,991399.0,50683
-281312.00,991388.0,50696
-282014.00,991259.0,50707
-281528.00,990885.0,50719
-280563.00,990731.0,50731
-281552.00,990714.0,50743
-282035.00,991111.0,50754
-280910.00,991105.0,50766
-280711.00,991316.0,50778
-281010.00,991364.0,50790
-281481.00,991337.0,50801
-281727.00,991166.0,50813
-281680.00,990877.0,50825
-280754.00,990944.0,50837
-280104.00,990860.0,50848
-281813.00,990832.0,50861
-282329.00,990726.0,50872
-281417.00,990415.0,50884
-280896.00,990384.0,50895
-281439.00,990234.0,50908
-282034.00,990446.0,50919
-281712.00,990575.0,50931
-281978.00,990727.0,50942
-280643.00,990938.0,50955
-280316.00,991033.0,50966
-282589.00,991032.0,50978
-282476.00,990698.0,50990
-280519.00,990262.0,51002
-281194.00,989984.0,51013
-282102.00,990068.0,51025
-281485.00,990158.0,51037
-282289.00,990030.0,51049
-281409.00,990315.0,51060
-280306.00,990560.0,51073
-282237.00,990359.0,51084
-281005.00,990359.0,51096
-280604.00,990260.0,51107
-281067.00,990429.0,51120
-282091.00,990497.0,51131
-281994.00,990682.0,51143
-281039.00,990503.0,51154
-281015.00,990242.0,51167
-281185.00,990152.0,51178
-282243.00,990131.0,51190
-282499.00,990361.0,51202
-280563.00,990275.0,51214
-280935.00,990285.0,51225
-282219.00,990587.0,51237
-281224.00,990790.0,51249
-281762.00,990885.0,51261
-281442.00,990816.0,51272
-280125.00,990832.0,51284
-282089.00,990745.0,51296
-282196.00,990628.0,51308
-280515.00,990880.0,51319
-280737.00,991099.0,51332
-281779.00,991095.0,51343
-281954.00,990907.0,51355
-281639.00,990679.0,51366
-281183.00,990594.0,51379
-281050.00,990627.0,51390
-281449.00,990893.0,51402
-281387.00,991350.0,51414
-281573.00,991614.0,51426
-280267.00,991597.0,51437
-280922.00,991456.0,51449
-282492.00,991428.0,51461
-280891.00,991318.0,51472
-280850.00,991234.0,51484
-280923.00,991429.0,51495
-281399.00,991521.0,51508
-281495.00,991440.0,51519
-280653.00,991426.0,51531
-281110.00,991339.0,51543
-281789.00,991126.0,51555
-280717.00,991075.0,51566
-281185.00,991041.0,51578
-281047.00,990947.0,51590
-280863.00,991304.0,51602
-281158.00,991752.0,51613
-281047.00,991723.0,51625
-281400.00,991466.0,51637
-280784.00,991179.0,51649
-281418.00,991200.0,51660
-281828.00,991212.0,51673
-280676.00,991171.0,51684
-281196.00,991317.0,51696
-281612.00,991173.0,51707
-281285.00,991204.0,51720
-281104.00,991232.0,51731
-281584.00,991179.0,51743
-281317.00,991175.0,51755
-280868.00,991078.0,51767
-281297.00,991063.0,51778
-281258.00,991048.0,51790
-281561.00,991051.0,51802
-281316.00,991040.0,51814
-281151.00,990625.0,51825
-281464.00,990593.0,51837
-281039.00,990614.0,51849
-281674.00,990620.0,51861
-282239.00,990689.0,51872
-280798.00,990840.0,51885
-281924.00,990996.0,51896
-281795.00,990958.0,51908
-281132.00,990597.0,51919
-281350.00,990247.0,51932
-281459.00,990072.0,51943
-281336.00,990293.0,51955
-282074.00,990615.0,51966
-281830.00,990655.0,51979
-280364.00,990395.0,51990
-281351.00,990383.0,52002
-282101.00,990335.0,52014
-281075.00,990173.0,52026
-281332.00,990184.0,52037
-281423.00,990136.0,52049
-281775.00,990230.0,52061
-282160.00,990245.0,52073
-281564.00,990293.0,52084
-280724.00,990233.0,52097
-281181.00,990354.0,52108
-281875.00,990414.0,52120
-281336.00,990337.0,52131
-282303.00,990481.0,52144
-282211.00,990435.0,52155
-280750.00,990328.0,52167
-281662.00,990552.0,52178
-282073.00,990600.0,52191
-281232.00,990705.0,52202
-281038.00,990727.0,52214
-281625.00,990709.0,52226
-281743.00,990625.0,52238
-281484.00,990609.0,52249
-281503.00,990613.0,52261
-280928.00,990747.0,52273
-282058.00,991055.0,52284
-281407.00,991145.0,52296
-281052.00,990950.0,52307
-281606.00,990774.0,52320
-281650.00,990712.0,52331
-281127.00,990652.0,52343
-281494.00,990826.0,52355
-280942.00,991131.0,52367
-281154.00,991155.0,52378
-282268.00,991100.0,52390
-280969.00,991087.0,52402
-280211.00,991121.0,52414
-281467.00,991212.0,52425
-281725.00,991478.0,52438
-281152.00,991514.0,52449
-281711.00,991484.0,52461
-280606.00,991571.0,52472
-279832.00,991579.0,52485
-282220.00,991299.0,52496
-281569.00,991164.0,52508
-280348.00,991218.0,52519
-281082.00,991157.0,52532
-281878.00,991195.0,52543
-281443.00,991361.0,52555
-281172.00,991339.0,52567
-281253.00,991623.0,52579
-280369.00,991658.0,52590
-281445.00,991806.0,52602
-282261.00,991541.0,52614
-281067.00,991447.0,52626
-279961.00,991634.0,52637
-280736.00,991625.0,52649
-281678.00,991656.0,52661
-281236.00,991423.0,52673
-280055.00,991055.0,52684
-281284.00,991001.0,52697
-282516.00,991288.0,52708
-281876.00,991147.0,52720
-280637.00,990977.0,52731
-279881.00,991052.0,52744
-280928.00,991250.0,52755
-282528.00,991461.0,52767
-282287.00,991252.0,52779
-280242.00,990841.0,52791
-279992.00,990816.0,52802
-281999.00,990635.0,52814
-282851.00,990592.0,52826
-281561.00,990598.0,52838
-280055.00,990713.0,52849
-280901.00,990841.0,52861
-282213.00,991020.0,52873
-282417.00,990813.0,52885
-281700.00,990534.0,52896
-280472.00,990550.0,52909
-280723.00,990825.0,52920
-281984.00,990844.0,52932
-282637.00,990852.0,52943
-281252.00,990720.0,52956
-280032.00,990565.0,52967
-281349.00,990343.0,52979
-282377.00,990373.0,52990
-281920.00,990159.0,53003
-280945.00,990130.0,53014
-280987.00,990543.0,53026
-281245.00,990761.0,53038
-282419.00,990735.0,53050
-280613.00,990527.0,53061
-280429.00,990303.0,53072
-282108.00,990314.0,53085
-282804.00,990635.0,53096
-281603.00,990687.0,53108
-281026.00,990447.0,53120
-280407.00,990551.0,53132
-281583.00,990592.0,53143
-283234.00,990368.0,53155
-281646.00,989985.0,53167
-280595.00,990150.0,53179
-280512.00,990344.0,53190
-281761.00,990658.0,53202
-282591.00,990839.0,53214
-281528.00,990826.0,53226
-280989.00,990833.0,53237
-280385.00,990964.0,53250
-282086.00,990785.0,53261
-282571.00,990915.0,53273
-280520.00,990716.0,53284
-280890.00,990749.0,53297
-281696.00,990999.0,53308
-281653.00,991081.0,53320
-281592.00,990937.0,53331
-281514.00,991028.0,53344
-280526.00,991158.0,53355
-280913.00,991242.0,53367
-282723.00,991315.0,53379
-280936.00,991509.0,53391
-280140.00,991559.0,53402
-281306.00,991475.0,53414
-281112.00,991489.0,53426
-281426.00,991389.0,53438
-281342.00,991228.0,53449
-281529.00,991122.0,53462
-281103.00,991055.0,53473
-281072.00,990932.0,53485
-281441.00,991139.0,53496
-280849.00,991413.0,53509
-281125.00,991499.0,53520
-281307.00,991591.0,53532
-281141.00,991682.0,53543
-281025.00,991640.0,53556
-281140.00,991405.0,53567
-281128.00,991484.0,53579
-280909.00,991459.0,53591
-281058.00,991398.0,53603
-281152.00,991275.0,53614
-281942.00,990942.0,53626
-281006.00,990760.0,53638
-280574.00,990951.0,53650
-281744.00,991295.0,53661
-280836.00,991353.0,53673
-281459.00,991306.0,53685
-281663.00,991354.0,53697
-280452.00,991443.0,53708
-281063.00,991452.0,53721
-281081.00,991240.0,53732
-281685.00,991006.0,53744
-281458.00,990997.0,53755
-280746.00,990800.0,53768
-281587.00,990590.0,53779
-281914.00,990561.0,53791
-281299.00,990518.0,53803
-280922.00,990617.0,53815
-281265.00,990900.0,53826
-281286.00,990978.0,53838
-282235.00,990900.0,53850
-280820.00,990894.0,53862
-280669.00,990723.0,53873
-281504.00,990678.0,53885
-282044.00,990681.0,53897
-281967.00,990535.0,53908
-280957.00,990297.0,53920
-280476.00,990165.0,53932
-282425.00,989926.0,53944
-282419.00,990057.0,53955
-281088.00,990121.0,53967
-281264.00,990231.0,53979
-280964.00,990442.0,53991
-281445.00,990675.0,54002
-282506.00,990639.0,54014
-281374.00,990731.0,54026
-280249.00,990681.0,54038
-281447.00,990527.0,54049
-282425.00,990408.0,54062
-281635.00,990339.0,54073
-280936.00,989967.0,54085
-280838.00,990148.0,54096
-282019.00,990385.0,54109
-282349.00,990475.0,54120
-281484.00,990214.0,54132
-281552.00,990312.0,54144
-280647.00,990812.0,54156
-281069.00,991031.0,54167
-282805.00,991204.0,54179
-281