989625.0,7777
-301732.00,989796.0,7788
-301122.00,989691.0,7800
-300774.00,989636.0,7812
-301064.00,989614.0,7824
-300806.00,989588.0,7835
-301194.00,989440.0,7847
-301327.00,989557.0,7859
-300397.00,989625.0,7871
-300436.00,989709.0,7882
-301326.00,989896.0,7895
-300852.00,989677.0,7906
-300999.00,989428.0,7918
-300763.00,989500.0,7929
-301057.00,989728.0,7942
-300834.00,989872.0,7953
-300510.00,989922.0,7965
-300440.00,990174.0,7976
-300826.00,990153.0,7989
-301115.00,989898.0,8000
-300854.00,989605.0,8012
-301029.00,989421.0,8024
-300824.00,989522.0,8036
-300880.00,989560.0,8047
-300323.00,989829.0,8059
-300333.00,989980.0,8071
-301003.00,990070.0,8083
-300360.00,990164.0,8094
-300914.00,990083.0,8107
-300340.00,989803.0,8118
-300036.00,990162.0,8130
-301337.00,990266.0,8141
-301054.00,990238.0,8154
-300511.00,990218.0,8165
-300104.00,990281.0,8177
-300463.00,990251.0,8188
-300672.00,990072.0,8201
-301196.00,989630.0,8212
-301171.00,989709.0,8224
-300309.00,989938.0,8236
-300453.00,990020.0,8248
-301107.00,990026.0,8259
-301123.00,989914.0,8271
-300399.00,989843.0,8283
-300212.00,989836.0,8295
-300992.00,990037.0,8306
-301173.00,990023.0,8318
-300140.00,989817.0,8330
-299768.00,989705.0,8342
-301601.00,989835.0,8353
-301498.00,989775.0,8366
-300875.00,989561.0,8377
-301261.00,989440.0,8389
-300030.00,989351.0,8400
-300520.00,989207.0,8412
-301920.00,989377.0,8424
-301133.00,989505.0,8435
-300396.00,989530.0,8448
-300420.00,989757.0,8459
-300596.00,989752.0,8471
-301037.00,989751.0,8482
-301476.00,989449.0,8495
-301138.00,989437.0,8506
-300171.00,989343.0,8518
-300389.00,989449.0,8529
-301576.00,989554.0,8542
-301638.00,989321.0,8553
-300630.00,989366.0,8565
-299896.00,989083.0,8577
-300908.00,989166.0,8589
-301939.00,989406.0,8600
-301376.00,989360.0,8612
-300289.00,989544.0,8624
-300039.00,989911.0,8636
-300801.00,990008.0,8647
-301756.00,989823.0,8659
-301576.00,989445.0,8671
-299977.00,989240.0,8683
-299940.00,988992.0,8694
-301898.00,989081.0,8707
-301409.00,989093.0,8718
-300273.00,989043.0,8730
-300210.00,989150.0,8741
-301453.00,989200.0,8754
-301923.00,989377.0,8765
-301006.00,989499.0,8777
-300215.00,989571.0,8788
-300314.00,989860.0,8801
-301214.00,990023.0,8812
-301165.00,990222.0,8824
-300373.00,990041.0,8836
-299929.00,989755.0,8848
-300050.00,989517.0,8859
-302259.00,989217.0,8871
-302301.00,989237.0,8883
-300254.00,989252.0,8895
-299987.00,989495.0,8906
-300536.00,989542.0,8919
-301699.00,989804.0,8930
-301741.00,989996.0,8942
-300073.00,989946.0,8953
-300030.00,990109.0,8966
-300714.00,990382.0,8977
-301002.00,990393.0,8989
-301160.00,990509.0,9000
-300076.00,990339.0,9013
-300140.00,990363.0,9024
-300923.00,990197.0,9036
-301288.00,989984.0,9048
-301240.00,989592.0,9060
-300492.00,989235.0,9071
-300766.00,989472.0,9083
-301365.00,989797.0,9095
-300382.00,990033.0,9107
-300228.00,990046.0,9118
-300426.00,990222.0,9131
-301065.00,990343.0,9142
-300781.00,990465.0,9154
-300127.00,990448.0,9165
-300660.00,990357.0,9178
-300462.00,990278.0,9189
-300944.00,989963.0,9201
-300852.00,989900.0,9212
-300195.00,989839.0,9224
-300962.00,989670.0,9236
-301118.00,989520.0,9247
-300835.00,989238.0,9260
-301417.00,989321.0,9271
-301044.00,989537.0,9283
-300119.00,989622.0,9294
-301015.00,990099.0,9307
-300700.00,990243.0,9318
-300241.00,990334.0,9330
-300891.00,990109.0,9341
-300644.00,989925.0,9354
-301207.00,989768.0,9365
-301000.00,989409.0,9377
-300098.00,989312.0,9389
-300720.00,989500.0,9401
-301329.00,989469.0,9412
-301418.00,989316.0,9424
-301359.00,989216.0,9436
-300538.00,989159.0,9448
-300546.00,989251.0,9459
-301439.00,989445.0,9472
-300970.00,989757.0,9483
-300343.00,990179.0,9495
-299873.00,990262.0,9506
-301523.00,990078.0,9519
-301282.00,989537.0,9530
-300227.00,989249.0,9542
-301022.00,988942.0,9553
-301117.00,988899.0,9566
-301293.00,988977.0,9577
-301847.00,989145.0,9589
-300363.00,989150.0,9601
-299808.00,989186.0,9613
-301100.00,989320.0,9624
-301860.00,989389.0,9636
-301295.00,989599.0,9648
-300142.00,989729.0,9660
-300160.00,989889.0,9671
-301256.00,990101.0,9683
-300952.00,990006.0,9695
-301002.00,989758.0,9707
-300150.00,989475.0,9718
-299648.00,989275.0,9731
-302284.00,989056.0,9742
-302035.00,988839.0,9754
-300379.00,988985.0,9765
-301040.00,989101.0,9778
-300372.00,989587.0,9789
-300996.00,989931.0,9801
-301858.00,990012.0,9812
-299876.00,990127.0,9825
-299914.00,990388.0,9836
-300818.00,990283.0,9848
-300607.00,990335.0,9860
-301243.00,990262.0,9872
-300086.00,990141.0,9883
-300728.00,990060.0,9895
-300757.00,989785.0,9907
-301190.00,989571.0,9919
-300963.00,989433.0,9930
-300264.00,989486.0,9943
-300901.00,989609.0,9954
-301050.00,990109.0,9966
-300991.00,990359.0,9977
-300998.00,990396.0,9990
-299751.00,990562.0,10001
-299983.00,990295.0,10013
-301497.00,990271.0,10024
-301046.00,990261.0,10036
-300539.00,990505.0,10048
-299835.00,990257.0,10059
-299680.00,989776.0,10072
-301870.00,989454.0,10083
-301122.00,988907.0,10095
-300454.00,988873.0,10106
-302262.00,989090.0,10119
-301156.00,989496.0,10130
-299706.00,989965.0,10142
-300371.00,990463.0,10153
-300946.00,990882.0,10166
-301164.00,990959.0,10177
-301070.00,990983.0,10189
-299358.00,990649.0,10201
-299658.00,990168.0,10213
-302002.00,989537.0,10224
-301731.00,989280.0,10236
-300934.00,989527.0,10248
-299663.00,989620.0,10260
-302266.00,989309.0,10271
-302594.00,988837.0,10284
-300842.00,988668.0,10295
-299392.00,989067.0,10307
-300189.00,989755.0,10318
-302320.00,990387.0,10331
-301797.00,990583.0,10342
-299223.00,990349.0,10354
-299026.00,990240.0,10365
-301143.00,989944.0,10378
-302818.00,989574.0,10389
-301599.00,989173.0,10401
-299133.00,988553.0,10413
-300118.00,988526.0,10425
-301921.00,988712.0,10436
-302951.00,988889.0,10448
-302200.00,988983.0,10460
-298570.00,989295.0,10472
-298538.00,989388.0,10483
-302716.00,989628.0,10496
-303497.00,989890.0,10507
-300133.00,990239.0,10519
-298750.00,990559.0,10530
-299723.00,990423.0,10543
-301561.00,989937.0,10554
-302392.00,989348.0,10566
-300919.00,988399.0,10577
-299794.00,988173.0,10590
-300183.00,988387.0,10601
-302872.00,988725.0,10613
-302269.00,989009.0,10625
-299860.00,988983.0,10637
-300335.00,989234.0,10648
-300530.00,989853.0,10660
-301855.00,990161.0,10672
-298944.00,990541.0,10684
-298996.00,990601.0,10695
-301725.00,990626.0,10707
-301834.00,990644.0,10719
-300860.00,990402.0,10731
-299851.00,989909.0,10742
-299271.00,989123.0,10755
-301978.00,988617.0,10766
-303544.00,988394.0,10778
-301199.00,988444.0,10789
-299676.00,988874.0,10802
-300579.00,989305.0,10813
-301530.00,989697.0,10825
-301611.00,990028.0,10836
-300361.00,990387.0,10848
-299485.00,990782.0,10860
-300278.00,991244.0,10871
-301870.00,991249.0,10884
-301185.00,990975.0,10895
-298505.00,990884.0,10907
-299397.00,990627.0,10918
-301879.00,990052.0,10931
-302140.00,989403.0,10942
-301522.00,989090.0,10954
-299995.00,988983.0,10966
-299615.00,988807.0,10978
-302019.00,988882.0,10989
-303049.00,989199.0,11001
-300034.00,989659.0,11013
-298772.00,990188.0,11025
-300445.00,990240.0,11036
-301587.00,990311.0,11048
-300301.00,990616.0,11060
-298621.00,990818.0,11072
-300131.00,990916.0,11083
-301787.00,990464.0,11096
-301899.00,989801.0,11107
-300429.00,989394.0,11119
-299517.00,988901.0,11130
-301043.00,988817.0,11143
-302680.00,989157.0,11154
-301633.00,989542.0,11166
-299743.00,989635.0,11177
-299633.00,989654.0,11190
-300716.00,989862.0,11201
-301950.00,989786.0,11213
-301405.00,989718.0,11225
-299505.00,989688.0,11237
-299605.00,989527.0,11248
-300842.00,989564.0,11260
-301717.00,989675.0,11272
-301570.00,989389.0,11284
-300232.00,989063.0,11295
-299906.00,989081.0,11308
-300673.00,989017.0,11319
-302239.00,989161.0,11331
-302048.00,989342.0,11342
-299455.00,989516.0,11355
-299636.00,989840.0,11366
-301367.00,989882.0,11378
-301407.00,989579.0,11389
-300933.00,989358.0,11402
-300518.00,989237.0,11413
-299996.00,989364.0,11425
-300312.00,989374.0,11437
-301632.00,989161.0,11449
-300413.00,988857.0,11460
-300677.00,988635.0,11472
-302052.00,988561.0,11484
-301282.00,989079.0,11496
-301070.00,989439.0,11507
-301604.00,989644.0,11520
-300152.00,989964.0,11531
-300475.00,990077.0,11543
-301730.00,990188.0,11554
-300878.00,990328.0,11567
-300487.00,990172.0,11578
-300713.00,989764.0,11590
-300416.00,989701.0,11601
-300871.00,989393.0,11614
-301865.00,989257.0,11625
-300450.00,989164.0,11636
-300260.00,988899.0,11649
-301734.00,988686.0,11660
-301130.00,988831.0,11672
-301198.00,989125.0,11683
-301536.00,989468.0,11696
-300692.00,989800.0,11707
-300617.00,990246.0,11719
-301058.00,990549.0,11730
-301301.00,990608.0,11743
-300564.00,990711.0,11754
-300615.00,990657.0,11766
-300851.00,990422.0,11778
-300324.00,990380.0,11790
-300731.00,990061.0,11801
-301766.00,989504.0,11813
-300776.00,989356.0,11825
-301319.00,989436.0,11837
-301568.00,989487.0,11848
-300860.00,989377.0,11860
-300664.00,989297.0,11872
-300391.00,989627.0,11884
-300159.00,990174.0,11895
-301166.00,990463.0,11908
-301207.00,990523.0,11919
-300204.00,990471.0,11931
-299749.00,990421.0,11942
-300120.00,990501.0,11955
-301358.00,990488.0,11966
-301391.00,990165.0,11978
-300944.00,989582.0,11990
-300108.00,989229.0,12002
-300298.00,989088.0,12013
-301578.00,989195.0,12025
-301468.00,989621.0,12037
-300586.00,989717.0,12049
-300325.00,989602.0,12060
-300599.00,989790.0,12072
-300503.00,989885.0,12084
-301116.00,989915.0,12096
-301268.00,990239.0,12107
-299251.00,990291.0,12120
-299611.00,989956.0,12131
-302094.00,989641.0,12143
-301164.00,989432.0,12154
-300114.00,989479.0,12167
-301170.00,989502.0,12178
-301095.00,989548.0,12190
-301267.00,989434.0,12201
-301949.00,989325.0,12214
-300527.00,989354.0,12225
-301578.00,989471.0,12237
-302098.00,989628.0,12249
-300410.00,989739.0,12261
-300846.00,989580.0,12272
-300031.00,989586.0,12284
-299733.00,989628.0,12296
-302133.00,989510.0,12308
-301331.00,989402.0,12319
-300531.00,989123.0,12332
-300864.00,989073.0,12343
-300464.00,988867.0,12355
-301593.00,989003.0,12366
-301681.00,989092.0,12379
-300761.00,988991.0,12390
-300917.00,989295.0,12402
-301029.00,989594.0,12413
-300683.00,989721.0,12426
-301179.00,990081.0,12437
-300713.00,990086.0,12448
-300276.00,989832.0,12461
-301433.00,989639.0,12472
-300793.00,989278.0,12484
-300416.00,989116.0,12495
-300926.00,989114.0,12508
-300693.00,989186.0,12519
-301801.00,989072.0,12531
-301457.00,988980.0,12542
-300131.00,989140.0,12555
-300978.00,989360.0,12566
-301113.00,989607.0,12578
-301015.00,990016.0,12590
-301100.00,990212.0,12602
-299950.00,990392.0,12613
-300654.00,990805.0,12625
-300604.00,990556.0,12637
-301093.00,990203.0,12649
-299902.00,989775.0,12660
-300356.00,989461.0,12673
-301316.00,989514.0,12684
-301132.00,989344.0,12696
-301819.00,989118.0,12707
-300654.00,989061.0,12720
-299797.00,989045.0,12731
-301518.00,989329.0,12743
-302174.00,989766.0,12754
-300525.00,990185.0,12767
-300078.00,990636.0,12778
-300136.00,990706.0,12790
-299966.00,990934.0,12802
-301179.00,990892.0,12814
-300653.00,990860.0,12825
-300029.00,990693.0,12837
-300231.00,990149.0,12849
-300733.00,989685.0,12861
-302154.00,989191.0,12872
-300455.00,988759.0,12884
-300281.00,988601.0,12896
-301297.00,988691.0,12908
-300868.00,989162.0,12919
-301987.00,989563.0,12932
-300749.00,990147.0,12943
-299244.00,990662.0,12955
-300813.00,990832.0,12966
-301020.00,990752.0,12979
-300316.00,990860.0,12990
-299916.00,990917.0,13002
-300955.00,990836.0,13014
-302359.00,990387.0,13026
-300882.00,989686.0,13037
-299273.00,989112.0,13049
-300376.00,988472.0,13061
-301391.00,988265.0,13073
-302797.00,988044.0,13084
-302108.00,988118.0,13096
-299786.00,988478.0,13108
-299698.00,989197.0,13120
-301220.00,989759.0,13131
-301795.00,990456.0,13144
-300088.00,990662.0,13155
-299959.00,990549.0,13167
-300732.00,990299.0,13178
-300603.00,990302.0,13191
-301401.00,990066.0,13202
-301001.00,989612.0,13213
-299744.00,989622.0,13225
-300336.00,989241.0,13238
-302116.00,988893.0,13249
-302038.00,988584.0,13260
-299988.00,988377.0,13273
-300723.00,988421.0,13284
-301632.00,988749.0,13296
-301115.00,989351.0,13307
-301375.00,989627.0,13320
-300589.00,989996.0,13331
-299146.00,990021.0,13343
-300746.00,989630.0,13355
-302618.00,989683.0,13367
-299694.00,989662.0,13378
-299557.00,989756.0,13390
-301486.00,989364.0,13402
-302443.00,989044.0,13414
-300808.00,988931.0,13425
-299540.00,988740.0,13437
-300696.00,989160.0,13449
-302357.00,989410.0,13461
-302271.00,989325.0,13472
-299972.00,989421.0,13485
-299541.00,989577.0,13496
-300578.00,989870.0,13508
-301261.00,990065.0,13519
-301223.00,990202.0,13532
-300406.00,989923.0,13543
-299247.00,989503.0,13555
-300628.00,989060.0,13566
-302396.00,988895.0,13579
-300987.00,989081.0,13590
-300366.00,989312.0,13602
-300977.00,989424.0,13614
-301376.00,989829.0,13626
-302022.00,990363.0,13637
-300070.00,990527.0,13649
-298728.00,990816.0,13661
-300599.00,990720.0,13673
-301314.00,990523.0,13684
-301171.00,990102.0,13697
-300298.00,989890.0,13708
-298969.00,989679.0,13720
-300409.00,989440.0,13731
-302506.00,989171.0,13744
-301177.00,988907.0,13755
-299979.00,988568.0,13767
-300424.00,988762.0,13778
-301039.00,989041.0,13791
-301096.00,989792.0,13802
-299721.00,990223.0,13814
-299823.00,991017.0,13826
-300685.00,991751.0,13838
-301136.00,991636.0,13849
-299758.00,991492.0,13861
-299246.00,990676.0,13873
-300917.00,990100.0,13885
-301247.00,989392.0,13896
-301310.00,988907.0,13908
-300847.00,988753.0,13920
-300170.00,988580.0,13932
-300870.00,988691.0,13943
-302151.00,988577.0,13956
-301392.00,988920.0,13967
-299575.00,989044.0,13979
-300744.00,989337.0,13990
-301704.00,989946.0,14003
-300994.00,990590.0,14014
-300137.00,991177.0,14026
-299474.00,991438.0,14038
-299896.00,991216.0,14049
-301647.00,990451.0,14061
-301822.00,989427.0,14072
-300377.00,988682.0,14085
-300296.00,988421.0,14096
-300856.00,988539.0,14108
-302159.00,988879.0,14119
-302051.00,989219.0,14132
-299909.00,988979.0,14143
-299985.00,988887.0,14155
-301718.00,989017.0,14167
-301292.00,989250.0,14179
-299908.00,989722.0,14190
-299480.00,990362.0,14202
-301793.00,990630.0,14214
-301269.00,990664.0,14226
-299842.00,990254.0,14237
-300054.00,989581.0,14249
-300506.00,989094.0,14261
-302515.00,988757.0,14273
-302891.00,988450.0,14284
-300428.00,988541.0,14297
-299853.00,989020.0,14308
-300486.00,989352.0,14320
-301883.00,989580.0,14331
-302343.00,989495.0,14344
-299997.00,989190.0,14355
-299800.00,989228.0,14367
-301249.00,989595.0,14379
-301316.00,990040.0,14391
-300967.00,990162.0,14402
-299822.00,990201.0,14414
-299365.00,989907.0,14426
-301185.00,989361.0,14438
-302334.00,989020.0,14449
-301130.00,988787.0,14461
-300553.00,988612.0,14473
-300460.00,989100.0,14485
-301500.00,989618.0,14496
-301698.00,989954.0,14509
-300485.00,990114.0,14520
-300217.00,990233.0,14532
-300329.00,990089.0,14543
-300597.00,989735.0,14556
-301527.00,989776.0,14567
-300431.00,990014.0,14579
-300767.00,990098.0,14590
-300884.00,989901.0,14603
-301126.00,989318.0,14614
-300805.00,989093.0,14626
-300748.00,988845.0,14638
-300983.00,989092.0,14650
-301585.00,989408.0,14661
-301198.00,989879.0,14673
-300505.00,990400.0,14685
-300149.00,990849.0,14697
-300318.00,990883.0,14708
-300885.00,990529.0,14721
-300797.00,990360.0,14732
-300536.00,990227.0,14744
-300155.00,989938.0,14755
-300401.00,989827.0,14768
-301692.00,989462.0,14779
-300826.00,989243.0,14791
-300184.00,988943.0,14802
-301426.00,988917.0,14815
-300879.00,989121.0,14826
-300657.00,989219.0,14838
-301254.00,989691.0,14850
-300696.00,990108.0,14861
-300379.00,990562.0,14873
-300700.00,990790.0,14884
-300281.00,990739.0,14897
-300062.00,990696.0,14908
-300864.00,990449.0,14920
-300658.00,990137.0,14931
-300619.00,989941.0,14944
-300381.00,989523.0,14955
-300716.00,989233.0,14967
-300996.00,988925.0,14979
-300846.00,988691.0,14991
-301332.00,988810.0,15002
-300856.00,989003.0,15014
-301568.00,989383.0,15026
-300982.00,989795.0,15038
-300146.00,990077.0,15049
-300968.00,990363.0,15062
-300331.00,990258.0,15073
-300647.00,990266.0,15085
-301279.00,990272.0,15096
-299841.00,989905.0,15109
-300410.00,989640.0,15120
-301831.00,989392.0,15132
-301015.00,989063.0,15143
-300739.00,988790.0,15156
-301273.00,988747.0,15167
-301040.00,988692.0,15179
-301623.00,988801.0,15191
-301425.00,988973.0,15203
-300376.00,989345.0,15214
-300835.00,989732.0,15226
-300816.00,989716.0,15238
-301098.00,989993.0,15250
-300898.00,990195.0,15261
-300245.00,990079.0,15273
-300529.00,989957.0,15285
-300770.00,989722.0,15297
-301533.00,989405.0,15308
-301523.00,989034.0,15321
-300160.00,988835.0,15332
-300779.00,988927.0,15344
-301645.00,989059.0,15355
-301539.00,989119.0,15368
-300434.00,989257.0,15379
-299772.00,989530.0,15391
-301188.00,989984.0,15403
-301727.00,990244.0,15415
-300197.00,990048.0,15426
-299589.00,990089.0,15438
-300323.00,990041.0,15450
-301287.00,989827.0,15462
-301750.00,989636.0,15473
-300992.00,989365.0,15485
-300012.00,989235.0,15497
-300822.00,989252.0,15509
-302133.00,989258.0,15520
-301319.00,989356.0,15533
-300315.00,989557.0,15544
-299906.00,989687.0,15556
-300960.00,990115.0,15567
-302084.00,990523.0,15580
-300529.00,990520.0,15591
-299741.00,990535.0,15603
-299904.00,990451.0,15614
-300871.00,990361.0,15627
-301496.00,989950.0,15638
-300813.00,989708.0,15649
-299788.00,989389.0,15662
-300515.00,989100.0,15673
-302012.00,988962.0,15685
-301374.00,989031.0,15696
-300765.00,989505.0,15709
-300514.00,989739.0,15720
-300684.00,989799.0,15732
-301740.00,990065.0,15744
-300642.00,990413.0,15756
-299976.00,990884.0,15767
-300127.00,991046.0,15779
-301835.00,990597.0,15791
-300836.00,990318.0,15803
-299340.00,990017.0,15814
-300558.00,989641.0,15826
-301394.00,989438.0,15838
-301521.00,989118.0,15850
-301188.00,989039.0,15861
-299930.00,988918.0,15874
-300421.00,989049.0,15885
-302049.00,989193.0,15897
-301161.00,989454.0,15908
-300548.00,989726.0,15921
-300430.00,989999.0,15932
-300209.00,990411.0,15944
-301420.00,990437.0,15955
-301564.00,990503.0,15968
-299893.00,990411.0,15979
-299971.00,990264.0,15991
-300506.00,989943.0,16003
-302035.00,989343.0,16015
-301936.00,988953.0,16026
-299361.00,988769.0,16038
-300545.00,988553.0,16050
-301814.00,988644.0,16062
-301423.00,988789.0,16073
-302257.00,989203.0,16086
-299980.00,989526.0,16097
-299160.00,989904.0,16109
-302138.00,990021.0,16120
-301631.00,989970.0,16133
-300403.00,990029.0,16144
-299689.00,989809.0,16156
-301110.00,989901.0,16167
-302026.00,989891.0,16180
-300472.00,989444.0,16191
-300490.00,989128.0,16203
-300692.00,988857.0,16215
-301814.00,988556.0,16227
-302411.00,988478.0,16238
-299898.00,988848.0,16250
-300475.00,989351.0,16262
-301298.00,989514.0,16274
-301159.00,989627.0,16285
-301780.00,989513.0,16297
-299617.00,989516.0,16309
-299884.00,989644.0,16321
-301597.00,989853.0,16332
-301145.00,989714.0,16345
-301164.00,989485.0,16356
-300512.00,989524.0,16368
-299514.00,989521.0,16379
-301113.00,989650.0,16392
-302611.00,989467.0,16403
-300720.00,989122.0,16415
-300308.00,989254.0,16427
-300437.00,989480.0,16438
-300790.00,989931.0,16450
-302218.00,990105.0,16461
-300262.00,989995.0,16474
-299582.00,989875.0,16485
-300481.00,990019.0,16497
-301032.00,990082.0,16508
-301543.00,989965.0,16521
-300126.00,989925.0,16532
-300727.00,989739.0,16544
-301756.00,989512.0,16556
-301266.00,989319.0,16568
-300281.00,989231.0,16579
-300254.00,989474.0,16591
-301193.00,989598.0,16603
-301938.00,989869.0,16615
-300861.00,990036.0,16626
-299970.00,990171.0,16638
-299766.00,990357.0,16650
-300897.00,990540.0,16662
-301480.00,990310.0,16673
-300404.00,990205.0,16686
-299992.00,990012.0,16697
-300153.00,989728.0,16709
-301577.00,989548.0,16720
-301825.00,989569.0,16733
-300239.00,989678.0,16744
-299832.00,989529.0,16756
-300808.00,989680.0,16768
-301524.00,989751.0,16780
-301228.00,989694.0,16791
-300552.00,989820.0,16803
-299786.00,990105.0,16815
-300659.00,990286.0,16827
-301799.00,990283.0,16838
-300599.00,990283.0,16850
-299654.00,990102.0,16862
-300493.00,990038.0,16874
-301314.00,989840.0,16885
-301640.00,989437.0,16898
-301071.00,989259.0,16909
-300175.00,989234.0,16921
-302078.00,989321.0,16932
-302009.00,989361.0,16945
-300132.00,989298.0,16956
-300580.00,989253.0,16968
-301426.00,989334.0,16979
-301001.00,989558.0,16992
-301551.00,989603.0,17003
-300246.00,989761.0,17015
-299317.00,989994.0,17027
-301258.00,990038.0,17039
-302070.00,989659.0,17050
-301510.00,989306.0,17062
-299904.00,988996.0,17074
-300118.00,988878.0,17086
-301455.00,989246.0,17097
-301533.00,989278.0,17110
-301482.00,989053.0,17121
-300596.00,989120.0,17133
-299951.00,989387.0,17144
-301040.00,989461.0,17157
-301796.00,989645.0,17168
-300807.00,989691.0,17180
-300099.00,989660.0,17191
-300449.00,989718.0,17204
-300994.00,989623.0,17215
-301620.00,989793.0,17226
-300411.00,989397.0,17239
-300705.00,989076.0,17250
-301328.00,989149.0,17262
-300379.00,989137.0,17273
-301704.00,989441.0,17286
-302194.00,989723.0,17297
-299812.00,989802.0,17309
-300134.00,989864.0,17320
-300826.00,989882.0,17333
-300832.00,989918.0,17344
-300827.00,989822.0,17356
-300309.00,989909.0,17368
-300365.00,989930.0,17380
-301239.00,989714.0,17391
-301252.00,989549.0,17403
-300144.00,989279.0,17415
-300518.00,989302.0,17427
-301208.00,989442.0,17438
-301149.00,989541.0,17451
-300908.00,989734.0,17462
-300872.00,989854.0,17474
-300293.00,990195.0,17485
-300536.00,990504.0,17498
-300910.00,990531.0,17509
-300518.00,990337.0,17521
-301202.00,990066.0,17532
-300652.00,989946.0,17545
-299608.00,989889.0,17556
-300874.00,989935.0,17568
-301409.00,989843.0,17580
-300558.00,989649.0,17592
-300555.00,989398.0,17603
-300614.00,989261.0,17615
-300841.00,989654.0,17627
-301307.00,989872.0,17639
-300877.00,990007.0,17650
-300102.00,990266.0,17662
-300176.00,990653.0,17674
-300835.00,990723.0,17686
-301133.00,990667.0,17697
-300035.00,990675.0,17710
-300572.00,990335.0,17721
-301118.00,989917.0,17733
-301377.00,989627.0,17744
-300963.00,989370.0,17757
-300199.00,989304.0,17768
-300488.00,989488.0,17780
-301744.00,989428.0,17792
-301620.00,989185.0,17804
-300793.00,989206.0,17815
-300520.00,989513.0,17827
-300716.00,989743.0,17839
-301526.00,989993.0,17851
-300969.00,990100.0,17862
-300689.00,989988.0,17874
-300141.00,989926.0,17886
-300035.00,989858.0,17898
-301889.00,989495.0,17909
-301596.00,989285.0,17922
-300314.00,989049.0,17933
-300640.00,989023.0,17945
-301389.00,989066.0,17956
-301587.00,989124.0,17969
-300990.00,989314.0,17980
-300294.00,989375.0,17992
-300580.00,989382.0,18003
-301171.00,989363.0,18015
-301413.00,989522.0,18027
-301195.00,989604.0,18038
-299891.00,989746.0,18051
-300002.00,989653.0,18062
-301427.00,989502.0,18074
-301462.00,989380.0,18085
-300751.00,989199.0,18098
-300775.00,989029.0,18109
-301185.00,989012.0,18121
-301848.00,989129.0,18132
-300876.00,989295.0,18145
-300699.00,989326.0,18156
-300938.00,989467.0,18168
-301020.00,989679.0,18180
-301191.00,989815.0,18192
-300342.00,989853.0,18203
-300043.00,989824.0,18215
-300817.00,989894.0,18227
-301247.00,989858.0,18239
-301107.00,989639.0,18250
-300506.00,989400.0,18263
-300089.00,989295.0,18274
-301043.00,989169.0,18286
-301558.00,989238.0,18297
-301053.00,989262.0,18310
-300425.00,989535.0,18321
-300620.00,989624.0,18333
-300640.00,989865.0,18344
-301398.00,989990.0,18357
-301137.00,989965.0,18368
-299739.00,990075.0,18380
-300390.00,990240.0,18392
-300896.00,990231.0,18404
-300949.00,990177.0,18415
-300948.00,990159.0,18427
-300234.00,989753.0,18439
-300633.00,989567.0,18451
-301185.00,989564.0,18462
-301241.00,989540.0,18475
-301122.00,989601.0,18486
-300306.00,989659.0,18498
-301414.00,989745.0,18509
-300888.00,989905.0,18522
-300378.00,989983.0,18533
-300262.00,990376.0,18545
-300075.00,990573.0,18556
-300783.00,990337.0,18569
-301311.00,990310.0,18580
-300004.00,990189.0,18592
-300497.00,989855.0,18604
-301082.00,989405.0,18616
-300770.00,989447.0,18627
-301436.00,989601.0,18639
-300496.00,989446.0,18651
-300681.00,989568.0,18663
-301469.00,989653.0,18674
-300467.00,989761.0,18686
-300967.00,989979.0,18698
-300806.00,989929.0,18710
-299484.00,990070.0,18721
-300913.00,990146.0,18734
-301569.00,989994.0,18745
-300116.00,989796.0,18757
-300522.00,989741.0,18768
-300949.00,989612.0,18781
-301068.00,989252.0,18792
-301213.00,989116.0,18803
-301061.00,989032.0,18816
-300770.00,989326.0,18827
-300676.00,989391.0,18839
-301209.00,989309.0,18850
-301678.00,989490.0,18863
-300612.00,989482.0,18874
-300154.00,989642.0,18886
-300437.00,989851.0,18897
-301355.00,989880.0,18910
-301166.00,989865.0,18921
-299698.00,989588.0,18933
-301237.00,989287.0,18945
-301501.00,989338.0,18957
-300590.00,989228.0,18968
-301291.00,989070.0,18980
-301436.00,988797.0,18992
-300792.00,988899.0,19004
-301168.00,989172.0,19015
-301594.00,989102.0,19027
-300482.00,989391.0,19039
-300514.00,989761.0,19051
-301344.00,989889.0,19062
-301151.00,989871.0,19075
-300570.00,989929.0,19086
-300538.00,989782.0,19098
-300972.00,989656.0,19109
-300538.00,989681.0,19122
-300967.00,989401.0,19133
-301340.00,989200.0,19145
-300326.00,989182.0,19156
-300920.00,989267.0,19169
-301547.00,989196.0,19180
-301025.00,989275.0,19192
-300564.00,989674.0,19204
-300524.00,989703.0,19216
-301025.00,990048.0,19227
-300883.00,990005.0,19239
-300904.00,990095.0,19251
-300682.00,989997.0,19263
-300139.00,989745.0,19274
-300574.00,989833.0,19287
-301103.00,989848.0,19298
-300028.00,989678.0,19310
-300263.00,989569.0,19321
-301196.00,989451.0,19334
-301561.00,989576.0,19345
-300828.00,989525.0,19357
-300445.00,989743.0,19368
-300350.00,990016.0,19381
-300955.00,989812.0,19392
-301112.00,989965.0,19404
-300352.00,990048.0,19416
-300198.00,990232.0,19428
-300762.00,990210.0,19439
-300909.00,990193.0,19451
-300736.00,989941.0,19463
-300893.00,989570.0,19475
-299917.00,989600.0,19486
-300181.00,989769.0,19499
-302137.00,989902.0,19510
-301036.00,989948.0,19522
-299912.00,989770.0,19533
-300560.00,989713.0,19546
-300645.00,989595.0,19557
-301516.00,989789.0,19569
-301263.00,989854.0,19580
-300181.00,990027.0,19592
-299928.00,990314.0,19604
-300418.00,990275.0,19615
-301579.00,989946.0,19628
-300561.00,989513.0,19639
-299621.00,989447.0,19651
-300900.00,989432.0,19662
-301183.00,989378.0,19675
-301426.00,989460.0,19686
-300483.00,989425.0,19698
-300300.00,989403.0,19709
-301243.00,989438.0,19722
-300711.00,989625.0,19733
-301027.00,989728.0,19745
-300865.00,989792.0,19757
-299805.00,989984.0,19769
-301478.00,989848.0,19780
-301347.00,989646.0,19792
-299788.00,989489.0,19804
-300749.00,989288.0,19816
-300621.00,989054.0,19827
-301009.00,988927.0,19840
-301603.00,989033.0,19851
-300232.00,988964.0,19863
-300891.00,989041.0,19874
-301259.00,989258.0,19887
-301010.00,989343.0,19898
-301233.00,989458.0,19910
-300239.00,989698.0,19921
-300939.00,989858.0,19934
-301306.00,989739.0,19945
-300035.00,989823.0,19957
-300717.00,989831.0,19969
-301052.00,989725.0,19981
-300439.00,989659.0,19992
-301261.00,989572.0,20004
-301417.00,989116.0,20016
-300200.00,989067.0,20028
-301298.00,989151.0,20039
-301220.00,989282.0,20051
-300729.00,989541.0,20063
-300521.00,989535.0,20075
-301137.00,989712.0,20086
-300859.00,989817.0,20099
-299863.00,989908.0,20110
-301074.00,990032.0,20122
-300768.00,989869.0,20133
-300534.00,989716.0,20146
-301802.00,989480.0,20157
-300555.00,989466.0,20169
-299932.00,989575.0,20180
-301142.00,989613.0,20193
-301306.00,989587.0,20204
-300737.00,989506.0,20216
-300716.00,989512.0,20228
-300901.00,989657.0,20240
-300890.00,989829.0,20251
-300830.00,990027.0,20263
-300452.00,990184.0,20275
-300276.00,990289.0,20287
-300085.00,990078.0,20298
-300903.00,989958.0,20311
-301347.00,990008.0,20322
-300315.00,989772.0,20334
-300360.00,989533.0,20345
-301026.00,989564.0,20358
-301262.00,989759.0,20369
-301241.00,989818.0,20380
-300972.00,989980.0,20392
-300142.00,989982.0,20404
-300465.00,989898.0,20416
-301765.00,990014.0,20427
-300931.00,990262.0,20440
-300125.00,990525.0,20451
-300417.00,990638.0,20463
-301038.00,990578.0,20474
-300813.00,990174.0,20487
-300081.00,989580.0,20498
-300970.00,989389.0,20510
-301139.00,989481.0,20521
-301225.00,989324.0,20534
-301410.00,989342.0,20545
-300191.00,989335.0,20557
-300243.00,989366.0,20569
-301849.00,989368.0,20581
-301453.00,989296.0,20592
-300374.00,989621.0,20604
-300158.00,990074.0,20616
-300203.00,990356.0,20628
-301167.00,990375.0,20639
-301303.00,990223.0,20652
-300323.00,989916.0,20663
-299908.00,989432.0,20675
-300152.00,989376.0,20686
-302024.00,989273.0,20699
-302042.00,989114.0,20710
-299848.00,989019.0,20722
-300554.00,989044.0,20733
-301377.00,989130.0,20746
-301282.00,989408.0,20757
-301859.00,989627.0,20769
-300687.00,989514.0,20781
-299980.00,989847.0,20793
-300892.00,990344.0,20804
-301369.00,990334.0,20816
-300987.00,990332.0,20828
-299876.00,990011.0,20840
-300126.00,989698.0,20851
-301572.00,989338.0,20864
-301132.00,988948.0,20875
-301039.00,988792.0,20887
-300755.00,988837.0,20898
-300992.00,988842.0,20911
-302069.00,988932.0,20922
-301161.00,989089.0,20934
-300570.00,989291.0,20945
-300699.00,989548.0,20958
-300809.00,990026.0,20969
-301191.00,990372.0,20981
-300575.00,990370.0,20993
-300413.00,990412.0,21005
-300695.00,990083.0,21016
-300674.00,989862.0,21028
-301194.00,989530.0,21040
-300928.00,989177.0,21052
-300512.00,988907.0,21063
-301218.00,988832.0,21075
-301528.00,988928.0,21087
-301467.00,988997.0,21099
-301110.00,989310.0,21110
-300551.00,989679.0,21122
-300714.00,989942.0,21134
-301085.00,990184.0,21145
-300828.00,990658.0,21157
-300369.00,990805.0,21169
-300350.00,990599.0,21181
-300018.00,990413.0,21192
-300742.00,990174.0,21204
-301258.00,989767.0,21216
-300712.00,989385.0,21228
-300752.00,989126.0,21239
-301460.00,988922.0,21252
-301522.00,988913.0,21263
-300701.00,989085.0,21275
-300570.00,989524.0,21286
-300716.00,989875.0,21299
-301101.00,990208.0,21310
-300627.00,990541.0,21322
-299995.00,990715.0,21334
-300282.00,990911.0,21346
-300182.00,990839.0,21357
-300483.00,990755.0,21369
-301118.00,990110.0,21381
-300722.00,989672.0,21393
-300361.00,989235.0,21404
-301017.00,988778.0,21416
-301612.00,988611.0,21428
-301411.00,988708.0,21440
-301093.00,989078.0,21451
-300262.00,989390.0,21464
-300604.00,989724.0,21475
-301049.00,990341.0,21487
-300253.00,990760.0,21498
-300510.00,990924.0,21511
-300214.00,990917.0,21522
-300340.00,990612.0,21534
-301089.00,990315.0,21545
-300382.00,989799.0,21558
-300285.00,989266.0,21569
-300962.00,988990.0,21581
-301106.00,988677.0,21593
-301474.00,988610.0,21605
-301276.00,988619.0,21616
-300674.00,988811.0,21628
-300718.00,989361.0,21640
-301216.00,989672.0,21652
-301001.00,990121.0,21663
-300100.00,990364.0,21676
-300394.00,990726.0,21687
-300846.00,990613.0,21699
-300321.00,990288.0,21710
-300757.00,989938.0,21723
-301109.00,989314.0,21734
-300782.00,988839.0,21746
-301179.00,988593.0,21757
-301507.00,988370.0,21770
-301350.00,988095.0,21781
-301315.00,988304.0,21793
-301055.00,988706.0,21805
-301437.00,989033.0,21817
-300939.00,989638.0,21828
-300465.00,990214.0,21840
-301094.00,990438.0,21852
-300356.00,990608.0,21864
-300322.00,990593.0,21875
-300719.00,990411.0,21888
-300454.00,990006.0,21899
-301362.00,989481.0,21910
-301372.00,988973.0,21922
-300452.00,988556.0,21934
-300980.00,988430.0,21946
-302191.00,988434.0,21957
-301573.00,988575.0,21969
-300858.00,989016.0,21981
-300929.00,989289.0,21993
-300310.00,990077.0,22004
-300847.00,990575.0,22017
-301337.00,991013.0,22028
-299816.00,991211.0,22040
-299854.00,990971.0,22051
-301129.00,990699.0,22064
-301081.00,990089.0,22075
-300837.00,989558.0,22087
-300840.00,989050.0,22098
-300623.00,988749.0,22111
-301854.00,988606.0,22122
-302153.00,988544.0,22134
-300445.00,988777.0,22146
-300735.00,989149.0,22158
-301135.00,989752.0,22169
-300973.00,990329.0,22181
-300843.00,990656.0,22193
-299641.00,991058.0,22205
-299410.00,991029.0,22216
-300642.00,991062.0,22228
-301159.00,990709.0,22240
-300681.00,990373.0,22252
-300042.00,989811.0,22263
-300502.00,989266.0,22276
-301439.00,988996.0,22287
-301859.00,988815.0,22299
-301558.00,988787.0,22310
-300483.00,989080.0,22323
-300619.00,989400.0,22334
-300948.00,989840.0,22346
-301158.00,990426.0,22358
-300587.00,990875.0,22370
-299566.00,990986.0,22381
-299897.00,990944.0,22393
-300374.00,990926.0,22405
-300997.00,990546.0,22417
-300140.00,990094.0,22428
-300901.00,989327.0,22440
-301318.00,988686.0,22452
-301499.00,988571.0,22464
-301199.00,988460.0,22475
-300732.00,988699.0,22488
-301434.00,988781.0,22499
-301408.00,989266.0,22511
-300703.00,989785.0,22522
-300274.00,990300.0,22535
-300081.00,990838.0,22546
-299995.00,991128.0,22558
-300583.00,991136.0,22569
-300840.00,990586.0,22582
-299964.00,989942.0,22593
-300188.00,989555.0,22605
-301481.00,989070.0,22617
-301582.00,988663.0,22629
-301104.00,988058.0,22640
-301196.00,987631.0,22652
-301044.00,987830.0,22664
-301253.00,988204.0,22675
-301959.00,989028.0,22687
-301317.00,989785.0,22699
-299844.00,990351.0,22711
-300325.00,990723.0,22722
-301052.00,990975.0,22734
-300412.00,990874.0,22746
-300478.00,990568.0,22758
-299858.00,990132.0,22769
-299751.00,989727.0,22781
-301657.00,989151.0,22793
-301843.00,988478.0,22805
-300998.00,988017.0,22816
-301584.00,987903.0,22829
-301762.00,987958.0,22840
-301555.00,988234.0,22852
-301404.00,989035.0,22863
-300233.00,989841.0,22876
-300088.00,990600.0,22887
-301139.00,990954.0,22899
-300438.00,991002.0,22910
-299885.00,990949.0,22923
-300159.00,990644.0,22934
-300483.00,990421.0,22946
-301489.00,989910.0,22958
-301642.00,989338.0,22970
-300541.00,988672.0,22981
-300552.00,988155.0,22993
-301722.00,988199.0,23005
-301873.00,988410.0,23017
-301555.00,988733.0,23028
-300581.00,989163.0,23041
-300165.00,989995.0,23052
-300757.00,990740.0,23064
-300872.00,991223.0,23075
-299964.00,991329.0,23088
-299628.00,991396.0,23099
-300055.00,991263.0,23111
-300496.00,990630.0,23122
-301053.00,989915.0,23135
-300802.00,989338.0,23146
-300359.00,988755.0,23158
-300952.00,988501.0,23170
-301587.00,988649.0,23182
-301629.00,988985.0,23193
-301005.00,989188.0,23205
-300673.00,989496.0,23217
-300893.00,989993.0,23229
-300764.00,990537.0,23240
-300152.00,990990.0,23252
-299765.00,991402.0,23264
-299892.00,991356.0,23276
-300885.00,991112.0,23287
-301080.00,990565.0,23300
-300197.00,989845.0,23311
-300713.00,989063.0,23323
-301243.00,988421.0,23334
-301394.00,988192.0,23347
-301419.00,988125.0,23358
-301310.00,988349.0,23370
-300660.00,988832.0,23382
-300438.00,989421.0,23394
-301102.00,990023.0,23405
-301178.00,990546.0,23417
-300258.00,990928.0,23429
-300094.00,991113.0,23441
-300690.00,991156.0,23452
-300295.00,990897.0,23463
-300506.00,990133.0,23476
-300687.00,989344.0,23487
-300444.00,988675.0,23499
-301444.00,988318.0,23511
-302241.00,988110.0,23523
-301159.00,988198.0,23534
-300943.00,988521.0,23546
-301429.00,988935.0,23558
-301185.00,989733.0,23570
-301207.00,990161.0,23581
-300920.00,990369.0,23593
-300341.00,990636.0,23605
-301150.00,990519.0,23617
-300557.00,990650.0,23628
-300226.00,990454.0,23641
-300862.00,989924.0,23652
-301233.00,989456.0,23664
-301167.00,988890.0,23675
-301537.00,988313.0,23688
-301597.00,987710.0,23699
-301119.00,987805.0,23711
-301029.00,988361.0,23723
-301731.00,989001.0,23735
-300790.00,989778.0,23746
-300130.00,990197.0,23758
-300548.00,990341.0,23770
-300215.00,990651.0,23782
-300115.00,990735.0,23793
-301036.00,990829.0,23805
-300874.00,990327.0,23817
-299983.00,990109.0,23829
-300684.00,989497.0,23840
-301322.00,988886.0,23853
-301005.00,988444.0,23864
-301704.00,988177.0,23876
-301757.00,988025.0,23887
-300972.00,988344.0,23900
-301155.00,989101.0,23911
-301223.00,989820.0,23923
-301092.00,990629.0,23934
-300108.00,991254.0,23947
-300129.00,991376.0,23958
-301136.00,991255.0,23970
-299873.00,990919.0,23982
-299878.00,990496.0,23994
-300623.00,990064.0,24005
-300677.00,989767.0,24017
-301189.00,989239.0,24029
-300964.00,988547.0,24041
-301431.00,988324.0,24052
-301419.00,988386.0,24065
-301185.00,988632.0,24076
-301116.00,989434.0,24088
-300552.00,990038.0,24099
-300525.00,990620.0,24112
-301024.00,990989.0,24123
-299974.00,991217.0,24135
-299933.00,991241.0,24146
-300804.00,991041.0,24159
-300025.00,990895.0,24170
-300286.00,990274.0,24182
-300920.00,989570.0,24194
-300873.00,989172.0,24206
-301280.00,988674.0,24217
-300964.00,988517.0,24229
-300894.00,988558.0,24241
-301399.00,989053.0,24252
-300937.00,989438.0,24264
-300937.00,989890.0,24275
-300880.00,990503.0,24288
-300373.00,990894.0,24299
-300316.00,991110.0,24311
-300256.00,990992.0,24323
-300278.00,990730.0,24335
-300381.00,990447.0,24346
-300936.00,989756.0,24358
-301819.00,989291.0,24370
-300336.00,988854.0,24382
-301947.00,988436.0,24393
-301581.00,988342.0,24406
-300882.00,988421.0,24417
-301743.00,988908.0,24429
-300837.00,989416.0,24440
-300102.00,989651.0,24453
-301242.00,990120.0,24464
-301199.00,990585.0,24476
-300265.00,990611.0,24487
-300502.00,990689.0,24500
-300696.00,990351.0,24511
-300409.00,989854.0,24523
-300976.00,989247.0,24535
-301439.00,988672.0,24547
-301182.00,988319.0,24558
-301083.00,988174.0,24570
-301347.00,988041.0,24582
-301752.00,988453.0,24594
-300783.00,988888.0,24605
-300990.00,989228.0,24617
-301252.00,989754.0,24629
-300645.00,990423.0,24641
-300830.00,990755.0,24652
-300033.00,990709.0,24665
-300169.00,990647.0,24676
-300537.00,990266.0,24688
-300593.00,989700.0,24699
-301670.00,989187.0,24712
-300889.00,988966.0,24723
-300436.00,988463.0,24735
-301553.00,988342.0,24747
-301774.00,988328.0,24759
-301348.00,988601.0,24770
-300952.00,988960.0,24782
-300760.00,989461.0,24794
-301060.00,989980.0,24806
-300226.00,990475.0,24817
-300071.00,990816.0,24829
-300677.00,990796.0,24841
-300225.00,990656.0,24853
-300374.00,990403.0,24864
-300834.00,990015.0,24877
-300658.00,989477.0,24888
-300924.00,989181.0,24900
-300781.00,988833.0,24911
-301959.00,988731.0,24924
-301605.00,988769.0,24935
-299528.00,989094.0,24947
-301512.00,989513.0,24958
-301659.00,989836.0,24971
-300040.00,990238.0,24982
-301039.00,990650.0,24994
-300778.00,990887.0,25006
-299667.00,991087.0,25018
-299972.00,991002.0,25029
-300726.00,990616.0,25040
-300582.00,990359.0,25053
-300239.00,989965.0,25064
-300846.00,989286.0,25076
-301603.00,988900.0,25088
-300800.00,988654.0,25100
-300587.00,988927.0,25111
-301536.00,989408.0,25123
-300568.00,989746.0,25135
-300842.00,990040.0,25147
-301934.00,990313.0,25158
-299652.00,990769.0,25170
-300842.00,990821.0,25182
-301172.00,990809.0,25194
-300157.00,990768.0,25205
-300278.00,990451.0,25218
-300678.00,989930.0,25229
-300686.00,989434.0,25241
-301007.00,989068.0,25252
-301518.00,988826.0,25265
-301105.00,988619.0,25276
-300369.00,988979.0,25288
-301417.00,989084.0,25299
-301053.00,989364.0,25312
-300973.00,989735.0,25323
-300926.00,989785.0,25335
-299995.00,990392.0,25347
-300480.00,990470.0,25359
-300592.00,990746.0,25370
-300571.00,990598.0,25382
-300311.00,990293.0,25394
-300708.00,989646.0,25406
-301033.00,988999.0,25417
-300890.00,988760.0,25430
-301308.00,988337.0,25441
-301340.00,988401.0,25453
-300725.00,988644.0,25464
-301509.00,989059.0,25477
-301542.00,989526.0,25488
-300344.00,989781.0,25500
-300598.00,990041.0,25511
-300988.00,990269.0,25524
-300431.00,990429.0,25535
-300543.00,990351.0,25547
-300675.00,990199.0,25559
-301092.00,989874.0,25571
-300524.00,989395.0,25582
-300757.00,988811.0,25594
-302021.00,988533.0,25606
-301125.00,988415.0,25618
-300922.00,988468.0,25629
-302067.00,988497.0,25641
-300377.00,988779.0,25653
-300207.00,989231.0,25665
-302105.00,989622.0,25676
-301236.00,990184.0,25689
-299605.00,990223.0,25700
-300862.00,990508.0,25712
-300460.00,990374.0,25723
-299532.00,990356.0,25736
-301777.00,989940.0,25747
-301131.00,989347.0,25759
-300084.00,989131.0,25771
-301131.00,988833.0,25783
-301568.00,988705.0,25794
-301396.00,988800.0,25806
-300780.00,988901.0,25818
-300788.00,989043.0,25829
-301672.00,989487.0,25841
-301477.00,990130.0,25852
-300089.00,990415.0,25865
-299885.00,990817.0,25876
-300384.00,991215.0,25888
-300417.00,991250.0,25900
-300779.00,990761.0,25912
-301060.00,990313.0,25923
-300204.00,989835.0,25935
-299709.00,989403.0,25947
-302007.00,989100.0,25959
-300083.00,989016.0,25970
-301303.00,989033.0,25982
-301203.00,989079.0,25994
-300120.00,989346.0,26006
-301822.00,989668.0,26017
-301218.00,990169.0,26030
-299196.00,990554.0,26041
-300913.00,990932.0,26053
-301097.00,991114.0,26064
-300025.00,990969.0,26077
-300634.00,990632.0,26088
-299740.00,990382.0,26100
-299820.00,989817.0,26112
-302252.00,989381.0,26124
-301982.00,988993.0,26135
-299885.00,988767.0,26147
-300829.00,988863.0,26159
-301207.00,989107.0,26171
-300728.00,989370.0,26182
-301810.00,989666.0,26194
-300683.00,989873.0,26206
-299632.00,990179.0,26218
-300482.00,990537.0,26229
-301603.00,990842.0,26242
-300074.00,990840.0,26253
-299030.00,990703.0,26265
-301066.00,990257.0,26276
-301183.00,989748.0,26289
-300846.00,989055.0,26300
-301219.00,988669.0,26312
-300762.00,988744.0,26323
-300425.00,988819.0,26336
-302324.00,988764.0,26347
-300181.00,988920.0,26359
-300476.00,989492.0,26371
-300562.00,989689.0,26383
-301217.00,990053.0,26394
-302017.00,990234.0,26406
-300203.00,990063.0,26418
-299150.00,990085.0,26430
-301662.00,990044.0,26441
-301161.00,989924.0,26454
-300447.00,989668.0,26465
-301596.00,989067.0,26477
-301079.00,988724.0,26488
-301134.00,988507.0,26501
-301874.00,988420.0,26512
-301679.00,988475.0,26524
-300089.00,988793.0,26535
-300586.00,989265.0,26548
-301992.00,989578.0,26559
-301102.00,990033.0,26571
-300360.00,990218.0,26583
-300187.00,990336.0,26594
-300399.00,990371.0,26606
-300754.00,990120.0,26617
-301279.00,989897.0,26630
-301199.00,989453.0,26641
-299766.00,989243.0,26653
-300661.00,988828.0,26664
-302110.00,988627.0,26677
-301533.00,988738.0,26688
-300931.00,988904.0,26700
-300618.00,989191.0,26712
-300828.00,989508.0,26724
-302025.00,989847.0,26735
-299610.00,990224.0,26747
-300642.00,990370.0,26759
-300507.00,990362.0,26771
-300772.00,990532.0,26782
-301423.00,990533.0,26795
-299843.00,990008.0,26806
-299789.00,989418.0,26818
-301354.00,989318.0,26829
-301922.00,988859.0,26842
-301031.00,988900.0,26853
-300122.00,989190.0,26865
-300323.00,989367.0,26876
-301570.00,989657.0,26889
-301640.00,989962.0,26900
-300378.00,990271.0,26912
-299781.00,990378.0,26924
-299794.00,990681.0,26936
-300719.00,990893.0,26947
-301622.00,990739.0,26959
-300820.00,990338.0,26971
-299661.00,990003.0,26983
-300398.00,989709.0,26994
-301129.00,989409.0,27006
-301878.00,989154.0,27018
-300820.00,988969.0,27030
-300315.00,989202.0,27041
-301492.00,989414.0,27054
-300932.00,989641.0,27065
-300944.00,990248.0,27077
-300508.00,990435.0,27088
-299945.00,990513.0,27101
-300980.00,990730.0,27112
-301806.00,990508.0,27124
-300400.00,990312.0,27136
-300662.00,990157.0,27148
-300597.00,989893.0,27159
-301567.00,989654.0,27171
-302172.00,989317.0,27183
-299941.00,988806.0,27195
-300282.00,988748.0,27206
-301723.00,988987.0,27218
-301632.00,989305.0,27230
-300845.00,989459.0,27242
-300375.00,989711.0,27253
-300815.00,990069.0,27266
-300462.00,990182.0,27277
-300773.00,990289.0,27289
-301136.00,990258.0,27300
-299807.00,989999.0,27313
-300254.00,989861.0,27324
-301395.00,989747.0,27336
-301388.00,989392.0,27347
-301097.00,988960.0,27360
-300735.00,988510.0,27371
-300811.00,988371.0,27382
-301637.00,988587.0,27395
-301889.00,988965.0,27406
-300767.00,989260.0,27418
-300443.00,989580.0,27429
-300667.00,989819.0,27442
-300513.00,990094.0,27453
-301155.00,990271.0,27465
-300930.00,990246.0,27476
-299630.00,990309.0,27489
-300749.00,989918.0,27500
-301268.00,989365.0,27512
-300506.00,988944.0,27524
-301316.00,988691.0,27536
-301376.00,988778.0,27547
-301318.00,988784.0,27559
-301526.00,988751.0,27571
-300935.00,989039.0,27583
-300277.00,989413.0,27594
-300923.00,989822.0,27607
-301160.00,990160.0,27618
-300339.00,990436.0,27630
-300183.00,990543.0,27641
-300525.00,990389.0,27654
-300297.00,990202.0,27665
-301219.00,989999.0,27677
-301350.00,989573.0,27688
-299986.00,989139.0,27701
-300325.00,988969.0,27712
-302066.00,988934.0,27724
-301597.00,989075.0,27736
-300634.00,989403.0,27748
-300738.00,989669.0,27759
-300791.00,990011.0,27771
-300973.00,990180.0,27783
-300684.00,990479.0,27795
-300568.00,990750.0,27806
-300158.00,990844.0,27819
-300373.00,990649.0,27830
-300994.00,990242.0,27842
-300521.00,989948.0,27853
-300673.00,989708.0,27866
-300734.00,989423.0,27877
-300853.00,989246.0,27889
-301765.00,989028.0,27900
-301170.00,989237.0,27913
-300706.00,989615.0,27924
-301374.00,989953.0,27936
-300842.00,990134.0,27948
-300391.00,990272.0,27960
-299878.00,990390.0,27971
-299986.00,990572.0,27983
-300544.00,990770.0,27995
-301540.00,990575.0,28007
-300583.00,990304.0,28018
-299706.00,990099.0,28030
-300769.00,989657.0,28042
-301518.00,989340.0,28054
-301190.00,989047.0,28065
-300913.00,988912.0,28078
-300496.00,989103.0,28089
-300346.00,989404.0,28101
-301411.00,989932.0,28112
-301239.00,990107.0,28125
-300197.00,990208.0,28136
-300332.00,990315.0,28148
-299908.00,990354.0,28160
-300548.00,990697.0,28172
-301788.00,990481.0,28183
-300515.00,990005.0,28194
-300122.00,989633.0,28207
-300885.00,989276.0,28218
-300894.00,989014.0,28230
-301439.00,988892.0,28241
-301448.00,988857.0,28254
-300841.00,988774.0,28265
-301172.00,989031.0,28277
-301516.00,989398.0,28289
-300822.00,989934.0,28301
-300329.00,990334.0,28312
-301015.00,990376.0,28324
-300872.00,990218.0,28336
-300751.00,990003.0,28348
-300513.00,989896.0,28359
-300029.00,989618.0,28371
-301594.00,989369.0,28383
-301715.00,989024.0,28395
-300554.00,988664.0,28406
-300929.00,988525.0,28419
-301652.00,988598.0,28430
-301309.00,988771.0,28442
-301065.00,989008.0,28453
-301212.00,989293.0,28466
-300322.00,989755.0,28477
-300541.00,990298.0,28489
-300836.00,990678.0,28500
-300270.00,990679.0,28513
-300619.00,990303.0,28524
-300800.00,990062.0,28536
-300882.00,989462.0,28548
-301319.00,988970.0,28560
-300924.00,988772.0,28571
-300458.00,988724.0,28583
-300882.00,988737.0,28595
-301673.00,988879.0,28607
-301680.00,989008.0,28618
-300330.00,989283.0,28631
-300517.00,989774.0,28642
-300913.00,990262.0,28654
-300680.00,990676.0,28665
-301166.00,990932.0,28678
-300335.00,990778.0,28689
-299783.00,990771.0,28701
-301036.00,990579.0,28712
-301278.00,989940.0,28725
-300229.00,989521.0,28736
-300429.00,989060.0,28748
-301293.00,988565.0,28760
-301597.00,988740.0,28772
-300996.00,988963.0,28783
-300401.00,989086.0,28795
-300835.00,989665.0,28807
-300752.00,990263.0,28819
-300978.00,990541.0,28830
-300912.00,990729.0,28843
-299666.00,990811.0,28854
-299831.00,991081.0,28866
-300851.00,990980.0,28877
-301084.00,990575.0,28890
-300577.00,990125.0,28901
-300250.00,989597.0,28913
-300584.00,989110.0,28924
-301334.00,988747.0,28937
-301820.00,988601.0,28948
-300787.00,988655.0,28960
-300500.00,989129.0,28972
-300985.00,989789.0,28983
-300908.00,990283.0,28995
-301060.00,990432.0,29006
-300497.00,990827.0,29019
-299476.00,991011.0,29030
-300111.00,990952.0,29042
-301299.00,990759.0,29053
-301099.00,990312.0,29066
-300309.00,990099.0,29077
-299630.00,989678.0,29089
-301824.00,989246.0,29101
-301749.00,988684.0,29113
-300972.00,988258.0,29124
-300561.00,988340.0,29136
-301539.00,988717.0,29148
-301524.00,989080.0,29160
-300606.00,989635.0,29171
-300435.00,990189.0,29184
-299904.00,990471.0,29195
-300605.00,990688.0,29207
-301666.00,990524.0,29218
-300548.00,990081.0,29231
-299673.00,989863.0,29242
-300696.00,989640.0,29254
-301382.00,989137.0,29265
-301280.00,988874.0,29278
-300998.00,988565.0,29289
-300847.00,988217.0,29301
-301724.00,988194.0,29313
-301747.00,988452.0,29325
-300732.00,988823.0,29336
-301726.00,989294.0,29348
-300728.00,989775.0,29360
-299745.00,990203.0,29372
-301386.00,990538.0,29383
-300532.00,990541.0,29395
-299862.00,990307.0,29407
-300765.00,989909.0,29419
-301062.00,989580.0,29430
-301285.00,989378.0,29443
-300755.00,989234.0,29454
-300565.00,989030.0,29466
-301624.00,988947.0,29477
-300950.00,988861.0,29490
-301664.00,988744.0,29501
-300586.00,988872.0,29513
-300866.00,989148.0,29524
-301359.00,989714.0,29537
-300309.00,990326.0,29548
-300019.00,990700.0,29560
-300564.00,990619.0,29572
-300490.00,990363.0,29584
-300521.00,989945.0,29595
-300274.00,989626.0,29607
-300770.00,989437.0,29619
-301474.00,989309.0,29631
-301289.00,988961.0,29642
-300966.00,989044.0,29655
-300236.00,989191.0,29666
-300613.00,989306.0,29678
-301961.00,989702.0,29689
-301327.00,989784.0,29702
-300053.00,990053.0,29713
-300473.00,990491.0,29725
-299996.00,990934.0,29736
-300601.00,991103.0,29749
-301605.00,990890.0,29760
-299973.00,990441.0,29772
-299750.00,990005.0,29784
-300685.00,989654.0,29795
-301335.00,989396.0,29807
-301450.00,989453.0,29818
-300780.00,989482.0,29831
-300332.00,989532.0,29842
-300715.00,989924.0,29854
-301619.00,989992.0,29865
-300834.00,990094.0,29878
-300309.00,990500.0,29889
-300507.00,990552.0,29901
-301194.00,990555.0,29913
-301166.00,990533.0,29925
-299291.00,990377.0,29936
-299747.00,990242.0,29948
-301486.00,989883.0,29960
-301801.00,989567.0,29972
-301202.00,989214.0,29983
-300538.00,988964.0,29996
-300504.00,988948.0,30007
-301731.00,989027.0,30019
-302142.00,989346.0,30030
-300255.00,989521.0,30043
-299965.00,990038.0,30054
-300753.00,990302.0,30066
-300744.00,990356.0,30077
-301422.00,990353.0,30090
-301139.00,990258.0,30101
-300063.00,990143.0,30113
-299944.00,989883.0,30125
-301116.00,989620.0,30137
-301814.00,989344.0,30148
-300702.00,988966.0,30160
-300517.00,988644.0,30172
-301534.00,988679.0,30184
-300992.00,988772.0,30195
-301684.00,989077.0,30208
-301431.00,989414.0,30219
-299851.00,989780.0,30231
-301032.00,990011.0,30242
-301150.00,990329.0,30255
-300388.00,990346.0,30266
-300216.00,989936.0,30278
-300872.00,989706.0,30289
-301931.00,989655.0,30302
-300846.00,989777.0,30313
-300337.00,989420.0,30325
-300826.00,988990.0,30337
-301291.00,988791.0,30349
-301843.00,988790.0,30360
-301097.00,988913.0,30372
-300395.00,989064.0,30384
-301139.00,989345.0,30396
-301124.00,989750.0,30407
-300850.00,989956.0,30419
-300816.00,989846.0,30431
-300417.00,990014.0,30443
-300915.00,990053.0,30454
-300839.00,989850.0,30467
-300380.00,989561.0,30478
-300845.00,989578.0,30490
-301047.00,989333.0,30501
-301261.00,989171.0,30514
-301134.00,989215.0,30525
-300663.00,989304.0,30537
-300553.00,989419.0,30548
-300913.00,989385.0,30561
-301393.00,989598.0,30572
-301297.00,989972.0,30584
-300298.00,990178.0,30596
-299895.00,990244.0,30608
-300600.00,990528.0,30619
-300577.00,990522.0,30630
-301255.00,990228.0,30643
-300822.00,990090.0,30654
-299649.00,989861.0,30666
-302000.00,989698.0,30678
-300888.00,989515.0,30690
-299893.00,989363.0,30701
-300580.00,989415.0,30713
-301161.00,989742.0,30725
-301491.00,989910.0,30737
-301158.00,989959.0,30748
-299963.00,990061.0,30760
-300114.00,990209.0,30772
-301427.00,990588.0,30784
-301116.00,990875.0,30795
-300670.00,990599.0,30808
-299735.00,990299.0,30819
-299923.00,990052.0,30831
-301251.00,989725.0,30842
-301388.00,989501.0,30855
-300856.00,989496.0,30866
-300123.00,989509.0,30878
-300896.00,989449.0,30889
-301453.00,989499.0,30902
-301132.00,989652.0,30913
-300464.00,989699.0,30925
-299774.00,989817.0,30937
-300998.00,990221.0,30949
-301757.00,990352.0,30960
-300823.00,990363.0,30972
-300215.00,990291.0,30984
-299703.00,990006.0,30996
-300424.00,990075.0,31007
-302171.00,989925.0,31020
-301219.00,989542.0,31031
-300069.00,989058.0,31043
-300378.00,989149.0,31054
-302220.00,988936.0,31067
-301838.00,989135.0,31078
-300008.00,989552.0,31090
-300028.00,989630.0,31101
-301676.00,989870.0,31114
-301002.00,989924.0,31125
-300675.00,989860.0,31137
-300991.00,989979.0,31149
-299436.00,989858.0,31161
-300535.00,989706.0,31172
-302824.00,989527.0,31184
-300331.00,989336.0,31196
-299186.00,989175.0,31208
-301659.00,989128.0,31219
-301652.00,989090.0,31232
-301480.00,988996.0,31243
-301379.00,989065.0,31255
-300338.00,989082.0,31266
-300108.00,989433.0,31279
-301459.00,989852.0,31290
-301884.00,989994.0,31302
-299957.00,990132.0,31313
-299737.00,989923.0,31326
-300686.00,989852.0,31337
-301062.00,989669.0,31349
-301233.00,989481.0,31361
-301210.00,989369.0,31373
-299939.00,989266.0,31384
-300503.00,989438.0,31396
-302335.00,989289.0,31408
-301058.00,989329.0,31420
-300271.00,989481.0,31431
-300624.00,989617.0,31442
-301944.00,989840.0,31455
-301640.00,989917.0,31466
-299186.00,989940.0,31478
-300205.00,990088.0,31490
-301102.00,990233.0,31502
-301264.00,990116.0,31513
-301125.00,989801.0,31525
-299938.00,989597.0,31537
-300409.00,989532.0,31549
-301586.00,989508.0,31560
-301618.00,989579.0,31572
-300631.00,989633.0,31584
-300447.00,989518.0,31596
-300559.00,989433.0,31607
-301118.00,989591.0,31620
-301827.00,990072.0,31631
-300471.00,990053.0,31643
-299788.00,990154.0,31654
-300525.00,990250.0,31667
-301301.00,990184.0,31678
-301284.00,990097.0,31690
-300320.00,990077.0,31702
-299639.00,989997.0,31714
-300835.00,989831.0,31725
-301757.00,989638.0,31737
-301322.00,989503.0,31749
-299986.00,989407.0,31761
-300277.00,989787.0,31772
-301378.00,989867.0,31784
-301239.00,990098.0,31796
-300870.00,990033.0,31808
-299933.00,990241.0,31819
-300316.00,990197.0,31832
-301377.00,990022.0,31843
-300471.00,990055.0,31855
-299665.00,990020.0,31866
-300284.00,989999.0,31879
-301641.00,989780.0,31890
-301451.00,989841.0,31902
-300462.00,989775.0,31913
-300070.00,989501.0,31926
-300662.00,989338.0,31937
-301853.00,989244.0,31949
-301057.00,989310.0,31961
-300614.00,989600.0,31973
-300515.00,989876.0,31984
-300685.00,989983.0,31996
-301936.00,989953.0,32008
-301002.00,989848.0,32020
-299609.00,989559.0,32031
-300901.00,989612.0,32044
-301956.00,989686.0,32055
-301348.00,989729.0,32067
-300847.00,989684.0,32078
-299671.00,989610.0,32091
-300258.00,989524.0,32102
-301894.00,989375.0,32114
-301476.00,989022.0,32125
-300734.00,989060.0,32138
-300374.00,989365.0,32149
-300732.00,989753.0,32161
-301725.00,989709.0,32173
-301969.00,989505.0,32185
-300285.00,989475.0,32196
-299650.00,989745.0,32208
-300834.00,989839.0,32220
-302338.00,989647.0,32232
-299796.00,989385.0,32243
-300527.00,989506.0,32256
-301445.00,989539.0,32267
-301624.00,989611.0,32278
-301288.00,989571.0,32290
-300428.00,989355.0,32302
-300208.00,989344.0,32314
-301669.00,989416.0,32325
-301436.00,989627.0,32337
-300217.00,989680.0,32349
-300009.00,989648.0,32361
-300336.00,989535.0,32372
-301871.00,989685.0,32385
-301521.00,989948.0,32396
-300307.00,989657.0,32408
-299996.00,989569.0,32419
-300613.00,989740.0,32432
-301539.00,989898.0,32443
-301367.00,989999.0,32455
-300130.00,989900.0,32466
-299953.00,989876.0,32479
-301078.00,989807.0,32490
-301287.00,989666.0,32502
-300985.00,989638.0,32514
-300507.00,989742.0,32526
-300077.00,989912.0,32537
-300970.00,990021.0,32549
-301395.00,990038.0,32561
-300470.00,990167.0,32573
-300412.00,989954.0,32584
-300354.00,989746.0,32596
-301127.00,989847.0,32608
-301309.00,989867.0,32620
-300574.00,990149.0,32631
-300837.00,990014.0,32644
-300994.00,990095.0,32655
-301026.00,990141.0,32667
-300216.00,989907.0,32678
-300588.00,989883.0,32691
-301143.00,989547.0,32702
-301086.00,989438.0,32714
-301159.00,989514.0,32726
-300274.00,989939.0,32738
-300244.00,990061.0,32749
-301533.00,989958.0,32761
-301142.00,990224.0,32773
-300177.00,990091.0,32785
-300397.00,990149.0,32796
-300492.00,989902.0,32808
-300599.00,989933.0,32820
-301260.00,989985.0,32832
-300685.00,989733.0,32843
-300364.00,989741.0,32856
-301068.00,989470.0,32867
-300844.00,989382.0,32879
-301162.00,989379.0,32890
-300934.00,989564.0,32903
-300645.00,989590.0,32914
-300956.00,989458.0,32926
-301346.00,989774.0,32937
-300956.00,989916.0,32950
-300106.00,989899.0,32961
-300504.00,989921.0,32973
-301309.00,989918.0,32985
-300985.00,989885.0,32997
-300694.00,989643.0,33008
-301142.00,989522.0,33020
-300875.00,989335.0,33032
-301408.00,989133.0,33044
-300473.00,988998.0,33055
-300981.00,989066.0,33068
-301351.00,989263.0,33079
-300919.00,989341.0,33090
-300933.00,989470.0,33102
-300953.00,989428.0,33114
-300344.00,989654.0,33126
-300731.00,989981.0,33137
-301473.00,989880.0,33149
-300633.00,989887.0,33161
-300555.00,989601.0,33173
-300892.00,989366.0,33184
-301030.00,989421.0,33197
-301481.00,989465.0,33208
-301059.00,989423.0,33220
-300251.00,989288.0,33231
-300929.00,989277.0,33244
-301791.00,989426.0,33255
-301675.00,989484.0,33267
-300961.00,989785.0,33278
-300116.00,989948.0,33291
-300269.00,989938.0,33302
-301711.00,989958.0,33314
-301279.00,989908.0,33326
-299726.00,990147.0,33338
-300330.00,989917.0,33349
-301286.00,989652.0,33361
-301403.00,989402.0,33373
-301083.00,989266.0,33385
-300865.00,989311.0,33396
-300124.00,989553.0,33409
-301959.00,989700.0,33420
-300746.00,989866.0,33432
-299688.00,990018.0,33443
-300102.00,990015.0,33456
-301113.00,990175.0,33467
-301217.00,990148.0,33479
-300902.00,990180.0,33490
-299455.00,990272.0,33503
-299747.00,990113.0,33514
-302317.00,990243.0,33526
-301674.00,990019.0,33538
-299836.00,989846.0,33550
-299643.00,989722.0,33561
-300630.00,989621.0,33573
-301926.00,989663.0,33585
-302268.00,989765.0,33597
-299984.00,989856.0,33608
-299008.00,989998.0,33620
-301009.00,990092.0,33632
-302243.00,990053.0,33644
-301374.00,990104.0,33655
-299592.00,990163.0,33668
-299317.00,990346.0,33679
-301071.00,990522.0,33691
-302226.00,990216.0,33702
-301180.00,989974.0,33715
-299640.00,989812.0,33726
-299553.00,989769.0,33738
-301614.00,989657.0,33750
-302183.00,989306.0,33762
-300442.00,989367.0,33773
-300158.00,989465.0,33785
-300168.00,989729.0,33797
-302209.00,989945.0,33809
-300399.00,989894.0,33820
-299022.00,989709.0,33832
-301127.00,989711.0,33844
-301937.00,989735.0,33856
-301481.00,989688.0,33867
-300416.00,989737.0,33880
-299448.00,989793.0,33891
-300530.00,989604.0,33903
-302056.00,989411.0,33914
-302098.00,989059.0,33926
-300109.00,988993.0,33938
-299831.00,989035.0,33949
-301256.00,989262.0,33961
-301594.00,989625.0,33973
-301389.00,989657.0,33985
-300516.00,989703.0,33996
-299906.00,989755.0,34009
-300911.00,989765.0,34020
-302173.00,989757.0,34032
-300430.00,989631.0,34043
-299423.00,989630.0,34056
-301417.00,989742.0,34067
-300916.00,989822.0,34079
-301062.00,989695.0,34091
-301996.00,989324.0,34103
-300094.00,989207.0,34114
-300136.00,988983.0,34126
-302112.00,988997.0,34138
-301589.00,989453.0,34150
-300249.00,989722.0,34161
-300564.00,989816.0,34173
-301306.00,989955.0,34185
-300895.00,990021.0,34197
-301193.00,990046.0,34208
-300538.00,989833.0,34221
-300440.00,989650.0,34232
-301524.00,989511.0,34244
-300928.00,989436.0,34255
-300396.00,989419.0,34268
-301580.00,989340.0,34279
-301202.00,989295.0,34291
-300562.00,989250.0,34302
-301537.00,989250.0,34315
-300743.00,989351.0,34326
-300074.00,989730.0,34338
-301552.00,989964.0,34350
-300747.00,990252.0,34362
-299795.00,990511.0,34373
-300978.00,990356.0,34385
-300965.00,990176.0,34397
-300445.00,990102.0,34409
-300223.00,989951.0,34420
-300851.00,989683.0,34433
-301424.00,989661.0,34444
-300984.00,989484.0,34456
-300982.00,989351.0,34467
-300754.00,989590.0,34480
-300363.00,989793.0,34491
-301205.00,989788.0,34503
-301678.00,989885.0,34514
-300433.00,990194.0,34527
-299966.00,990573.0,34538
-300459.00,990848.0,34550
-300630.00,990883.0,34562
-301306.00,990558.0,34574
-300885.00,990266.0,34585
-300443.00,990157.0,34597
-302192.00,989829.0,34609
-301296.00,989543.0,34621
-300913.00,989354.0,34632
-300443.00,989117.0,34644
-300812.00,989324.0,34656
-301451.00,989315.0,34668
-301173.00,989306.0,34679
-300834.00,989482.0,34692
-299887.00,989938.0,34703
-300502.00,990300.0,34715
-301915.00,990388.0,34726
-300782.00,990669.0,34738
-299475.00,990291.0,34750
-300367.00,990126.0,34761
-300653.00,989951.0,34774
-301093.00,989550.0,34785
-301847.00,989168.0,34797
-300914.00,988955.0,34808
-300311.00,989075.0,34821
-301397.00,988988.0,34832
-301954.00,989065.0,34844
-301304.00,989237.0,34855
-300353.00,989519.0,34868
-300318.00,989797.0,34879
-301435.00,989822.0,34891
-301209.00,990013.0,34903
-300643.00,990101.0,34915
-300564.00,990098.0,34926
-300235.00,990215.0,34938
-300990.00,990010.0,34950
-302077.00,989745.0,34962
-300420.00,989280.0,34973
-301288.00,988911.0,34985
-301355.00,988827.0,34997
-301760.00,988795.0,35009
-301439.00,988748.0,35020
-300179.00,988782.0,35033
-300205.00,989313.0,35044
-301435.00,989635.0,35056
-301722.00,989804.0,35067
-300442.00,990031.0,35080
-299783.00,989907.0,35091
-301040.00,990028.0,35103
-301118.00,989999.0,35115
-300597.00,989811.0,35127
-301103.00,989752.0,35138
-300195.00,989602.0,35150
-300201.00,989471.0,35162
-302137.00,989261.0,35174
-301639.00,989087.0,35185
-300324.00,988770.0,35197
-301100.00,988889.0,35209
-300589.00,989518.0,35221
-300975.00,989763.0,35232
-301879.00,989814.0,35245
-300196.00,990002.0,35256
-299960.00,990227.0,35268
-300838.00,990419.0,35279
-300948.00,990527.0,35292
-301187.00,990384.0,35303
-300588.00,990145.0,35315
-299865.00,989932.0,35326
-300671.00,989896.0,35339
-301443.00,989613.0,35350
-301599.00,989286.0,35362
-299959.00,989286.0,35374
-301358.00,989597.0,35386
-301512.00,989729.0,35397
-300733.00,989792.0,35409
-300547.00,990124.0,35421
-300196.00,990147.0,35433
-299990.00,990290.0,35444
-301395.00,990227.0,35457
-301447.00,990272.0,35468
-299786.00,990051.0,35480
-300208.00,989839.0,35491
-300891.00,989756.0,35504
-301224.00,989753.0,35515
-301242.00,989685.0,35527
-300180.00,989577.0,35538
-300479.00,989705.0,35550
-301048.00,989901.0,35562
-301564.00,989936.0,35573
-301475.00,990103.0,35586
-299908.00,990249.0,35597
-299801.00,990062.0,35609
-301071.00,990271.0,35620
-301090.00,990154.0,35633
-300718.00,989560.0,35644
-300345.00,989498.0,35656
-300247.00,989559.0,35667
-301085.00,989457.0,35680
-301810.00,989351.0,35691
-300967.00,989338.0,35703
-300103.00,989654.0,35715
-300779.00,989723.0,35727
-301285.00,989771.0,35738
-301516.00,989876.0,35750
-300558.00,989723.0,35762
-301021.00,989933.0,35774
-300484.00,990138.0,35785
-301363.00,990290.0,35798
-300985.00,989929.0,35809
-299829.00,989547.0,35821
-300834.00,989219.0,35832
-301653.00,988974.0,35845
-301175.00,988751.0,35856
-301119.00,988611.0,35868
-300947.00,988793.0,35879
-300813.00,988907.0,35892
-301421.00,989229.0,35903
-301549.00,989375.0,35915
-300770.00,989398.0,35927
-300397.00,989772.0,35939
-301260.00,990011.0,35950
-300781.00,990279.0,35962
-300706.00,990140.0,35974
-301109.00,989863.0,35986
-300103.00,989596.0,35997
-300758.00,989444.0,36009
-301605.00,989501.0,36021
-300609.00,989347.0,36033
-300787.00,988965.0,36044
-301373.00,988877.0,36057
-301008.00,988949.0,36068
-301013.00,989395.0,36080
-301111.00,989700.0,36091
-301028.00,989806.0,36104
-300403.00,990031.0,36115
-300654.00,989973.0,36127
-301019.00,990170.0,36139
-300903.00,990243.0,36151
-300049.00,990131.0,36162
-300900.00,990157.0,36174
-300984.00,989844.0,36186
-301424.00,989347.0,36198
-300766.00,989026.0,36209
-300491.00,989193.0,36221
-301325.00,989149.0,36233
-301160.00,989236.0,36245
-301211.00,989487.0,36256
-300830.00,989634.0,36269
-300467.00,990119.0,36280
-300707.00,990512.0,36292
-300777.00,990554.0,36303
-301007.00,990476.0,36316
-300439.00,990264.0,36327
-299673.00,990395.0,36339
-300732.00,990236.0,36350
-301050.00,990176.0,36362
-300520.00,989925.0,36374
-300634.00,989578.0,36385
-300622.00,989375.0,36398
-301278.00,989141.0,36409
-301773.00,989083.0,36421
-301115.00,989356.0,36432
-299761.00,989709.0,36445
-300539.00,990121.0,36456
-301532.00,990293.0,36468
-300840.00,990517.0,36480
-300702.00,990582.0,36492
-299900.00,990559.0,36503
-300007.00,990453.0,36515
-301424.00,990137.0,36527
-301200.00,989871.0,36539
-300273.00,989602.0,36550
-300852.00,989477.0,36562
-301748.00,989304.0,36574
-301383.00,989272.0,36586
-300735.00,989016.0,36597
-300593.00,988968.0,36610
-300941.00,989227.0,36621
-301644.00,989662.0,36633
-301289.00,989995.0,36644
-300114.00,990336.0,36657
-299887.00,990407.0,36668
-301096.00,990364.0,36680
-300806.00,990247.0,36691
-300943.00,989964.0,36704
-300956.00,989524.0,36715
-300586.00,989046.0,36727
-301236.00,989093.0,36739
-301049.00,989146.0,36751
-301137.00,989059.0,36762
-301597.00,989118.0,36774
-300767.00,989021.0,36786
-301217.00,989349.0,36798
-301591.00,989418.0,36809
-300418.00,989596.0,36822
-300811.00,990031.0,36833
-300691.00,990323.0,36845
-300524.00,990300.0,36856
-301185.00,990114.0,36869
-300236.00,989767.0,36880
-300363.00,989300.0,36892
-301427.00,989026.0,36903
-301258.00,988925.0,36916
-301234.00,988882.0,36927
-301292.00,989108.0,36939
-301154.00,989323.0,36951
-301083.00,989436.0,36963
-300604.00,989480.0,36974
-301010.00,989801.0,36986
-300371.00,989973.0,36998
-301116.00,990253.0,37010
-300903.00,990513.0,37021
-299510.00,990390.0,37033
-300852.00,990209.0,37045
-301413.00,989804.0,37057
-300459.00,989244.0,37068
-301004.00,988959.0,37081
-300872.00,988581.0,37092
-301045.00,988529.0,37104
-302153.00,988808.0,37115
-301390.00,989317.0,37128
-300439.00,989682.0,37139
-300172.00,990058.0,37151
-300415.00,990397.0,37163
-301477.00,990640.0,37174
-300675.00,990749.0,37186
-299933.00,990737.0,37197
-300620.00,990591.0,37210
-300076.00,990494.0,37221
-301097.00,990287.0,37233
-301220.00,989787.0,37244
-299401.00,989347.0,37257
-301076.00,989169.0,37268
-302254.00,988951.0,37280
-300884.00,988892.0,37292
-300419.00,989246.0,37304
-300386.00,989585.0,37315
-300831.00,990123.0,37327
-300849.00,990701.0,37339
-300452.00,990625.0,37351
-299696.00,990768.0,37362
-299590.00,990834.0,37374
-301568.00,990672.0,37386
-301084.00,990414.0,37398
-299731.00,990180.0,37409
-300571.00,989937.0,37422
-301273.00,989535.0,37433
-301516.00,989319.0,37445
-301123.00,989174.0,37456
-300207.00,988905.0,37469
-300869.00,989165.0,37480
-301452.00,989399.0,37492
-300824.00,989667.0,37504
-301081.00,989871.0,37516
-300081.00,989910.0,37527
-299966.00,990104.0,37539
-301491.00,990122.0,37551
-300802.00,990109.0,37563
-300027.00,990084.0,37574
-300603.00,989669.0,37586
-301035.00,989505.0,37598
-301585.00,989234.0,37610
-301052.00,989113.0,37621
-300458.00,989107.0,37634
-301064.00,989123.0,37645
-301129.00,989214.0,37657
-301578.00,989316.0,37668
-300979.00,989388.0,37681
-300141.00,989595.0,37692
-300922.00,989844.0,37704
-300777.00,989996.0,37715
-300431.00,989922.0,37728
-300228.00,989908.0,37739
-301623.00,989702.0,37751
-302062.00,989335.0,37763
-300269.00,988812.0,37775
-299762.00,988979.0,37786
-301891.00,988880.0,37798
-302452.00,988851.0,37810
-301306.00,989163.0,37822
-300707.00,989543.0,37833
-300226.00,989660.0,37846
-302567.00,993515.0,37857
-297209.00,989110.0,37869
-295174.00,989924.0,37880
-316558.00,989609.0,37893
-285244.00,988846.0,37904
-293371.00,987903.0,37916
-336534.00,987008.0,37927
-287241.00,987873.0,37940
-278001.00,990927.0,37951
-313728.00,992530.0,37963
-303712.00,990952.0,37975
-305879.00,989649.0,37987
-308304.00,989506.0,37998
-272378.00,987279.0,38010
-298279.00,987392.0,38022
-333702.00,987690.0,38034
-299690.00,990037.0,38045
-290516.00,994578.0,38056
-290167.00,991407.0,38069
-288661.00,992310.0,38080
-323095.00,988200.0,38092
-318065.00,986396.0,38104
-284267.00,987745.0,38116
-303383.00,989130.0,38127
-323587.00,991300.0,38139
-311191.00,991903.0,38151
-277153.00,994376.0,38163
-282001.00,991223.0,38174
-313651.00,989772.0,38187
-315719.00,986670.0,38198
-305118.00,985576.0,38210
-292216.00,986846.0,38221
-284763.00,988659.0,38234
-309191.00,993449.0,38245
-319629.00,993133.0,38257
-293313.00,990337.0,38268
-289226.00,988626.0,38281
-295147.00,987946.0,38292
-306244.00,990297.0,38304
-320888.00,990663.0,38316
-299636.00,992684.0,38328
-276239.00,994116.0,38339
-294340.00,992950.0,38351
-313254.00,989412.0,38363
-311850.00,985373.0,38375
-300031.00,983628.0,38386
-289193.00,983950.0,38398
-297208.00,988671.0,38410
-311823.00,991828.0,38422
-309187.00,991560.0,38433
-295553.00,990355.0,38446
-287084.00,988960.0,38457
-297939.00,988426.0,38469
-316018.00,989266.0,38480
-308856.00,990999.0,38493
-292149.00,993138.0,38504
-297411.00,994184.0,38516
-309480.00,993884.0,38528
-307476.00,991487.0,38540
-290764.00,988244.0,38551
-293723.00,985129.0,38563
-307637.00,984493.0,38575
-310346.00,985698.0,38587
-304361.00,987915.0,38598
-293682.00,989087.0,38610
-291150.00,989528.0,38622
-304261.00,989039.0,38634
-311797.00,987976.0,38645
-302976.00,987850.0,38658
-294269.00,990008.0,38669
-295253.00,992476.0,38681
-302119.00,995169.0,38692
-305956.00,994758.0,38705
-300028.00,992848.0,38716
-292863.00,989253.0,38728
-298016.00,987511.0,38739
-307995.00,986367.0,38752
-307971.00,985901.0,38763
-300673.00,987652.0,38775
-294582.00,988355.0,38787
-297746.00,988800.0,38799
-307653.00,988600.0,38810
-305789.00,988486.0,38822
-297251.00,988414.0,38834
-296647.00,988944.0,38845
-300047.00,990825.0,38857
-305029.00,991863.0,38868
-305704.00,993093.0,38881
-295306.00,993049.0,38892
-301300.00,991731.0,38904
-307025.00,990022.0,38916
-305723.00,988209.0,38928
-297771.00,986972.0,38939
-296896.00,986796.0,38951
-303896.00,988595.0,38963
-305623.00,989448.0,38975
-301770.00,989470.0,38986
-296366.00,989906.0,38999
-296646.00,989215.0,39010
-304694.00,989548.0,39022
-306656.00,990298.0,39033
-298216.00,991018.0,39046
-295149.00,991440.0,39057
-299049.00,991548.0,39069
-302706.00,991254.0,39080
-306277.00,989794.0,39093
-299996.00,989009.0,39104
-294069.00,988425.0,39116
-301888.00,988272.0,39128
-306348.00,988788.0,39140
-303798.00,989142.0,39151
-298956.00,989996.0,39163
-295041.00,990472.0,39175
-300859.00,991150.0,39187
-305231.00,991347.0,39198
-302131.00,990851.0,39211
-297341.00,990805.0,39222
-295464.00,990476.0,39234
-301257.00,990676.0,39245
-305593.00,990046.0,39258
-301625.00,989174.0,39269
-297019.00,988645.0,39281
-298641.00,988238.0,39292
-305330.00,988327.0,39305
-303372.00,988357.0,39316
-296422.00,988731.0,39328
-297671.00,989721.0,39340
-303857.00,990632.0,39352
-303876.00,991530.0,39363
-299777.00,991660.0,39375
-295754.00,991323.0,39387
-298917.00,991254.0,39399
-302812.00,991030.0,39410
-303455.00,990354.0,39422
-300483.00,989133.0,39434
-296618.00,988396.0,39446
-299320.00,987619.0,39457
-305408.00,986965.0,39470
-304858.00,986717.0,39481
-298924.00,986947.0,39493
-297918.00,988183.0,39504
-301029.00,989667.0,39517
-304228.00,990645.0,39528
-303280.00,991114.0,39540
-297488.00,991565.0,39552
-296086.00,991890.0,39564
-300875.00,991629.0,39575
-304435.00,991405.0,39587
-301689.00,990701.0,39599
-297535.00,989859.0,39611
-297973.00,989202.0,39622
-301526.00,988385.0,39634
-305279.00,987136.0,39646
-303035.00,986303.0,39658
-298433.00,986609.0,39669
-299343.00,987607.0,39681
-304463.00,988864.0,39693
-299862.00,990201.0,39704
-297250.00,990877.0,39716
-298424.00,991223.0,39728
-302185.00,991406.0,39740
-303434.00,991519.0,39751
-300046.00,991235.0,39763
-297272.00,991041.0,39775
-299459.00,990634.0,39787
-303893.00,989657.0,39798
-303226.00,988606.0,39811
-299684.00,987778.0,39822
-299396.00,987224.0,39834
-301887.00,987235.0,39845
-304680.00,987766.0,39858
-303296.00,988526.0,39869
-298970.00,989449.0,39881
-297532.00,990433.0,39892
-300471.00,991145.0,39905
-303354.00,991406.0,39916
-301598.00,991294.0,39928
-297793.00,991081.0,39940
-298115.00,991187.0,39952
-301626.00,990783.0,39963
-303112.00,990292.0,39975
-301714.00,989397.0,39987
-298575.00,988621.0,39999
-299518.00,988211.0,40010
-303045.00,988017.0,40023
-303508.00,988376.0,40034
-301295.00,989223.0,40046
-298930.00,990202.0,40057
-299202.00,990752.0,40070
-302234.00,991020.0,40081
-299140.00,991351.0,40093
-298146.00,991194.0,40104
-299698.00,991255.0,40117
-301787.00,990693.0,40128
-302596.00,990198.0,40140
-299965.00,989289.0,40152
-299181.00,988503.0,40164
-301588.00,988468.0,40175
-302803.00,988314.0,40187
-302660.00,988549.0,40199
-299575.00,988960.0,40211
-298770.00,989623.0,40222
-301913.00,990463.0,40235
-302614.00,990972.0,40246
-300167.00,991395.0,40258
-298347.00,991523.0,40269
-298369.00,991611.0,40282
-300939.00,991120.0,40293
-302740.00,990276.0,40305
-300364.00,989554.0,40316
-298921.00,988576.0,40329
-300283.00,988016.0,40340
-302252.00,987628.0,40352
-303016.00,987671.0,40364
-301344.00,988186.0,40376
-299396.00,988762.0,40387
-300716.00,989632.0,40399
-302292.00,990340.0,40411
-301571.00,990943.0,40423
-299534.00,991382.0,40434
-298392.00,991642.0,40446
-300768.00,991753.0,40458
-301932.00,991083.0,40470
-299695.00,990350.0,40481
-300053.00,989429.0,40493
-301372.00,988468.0,40505
-303362.00,987760.0,40516
-301448.00,987160.0,40528
-299585.00,987307.0,40540
-301396.00,987651.0,40552
-302414.00,988245.0,40563
-302212.00,988995.0,40576
-301082.00,989702.0,40587
-298694.00,990486.0,40599
-299435.00,991103.0,40610
-301790.00,991656.0,40623
-301360.00,991392.0,40634
-299691.00,991292.0,40646
-298837.00,990501.0,40657
-300169.00,989698.0,40670
-302543.00,988991.0,40681
-302058.00,987867.0,40693
-301045.00,987333.0,40705
-301118.00,987187.0,40717
-301195.00,987461.0,40728
-302354.00,988084.0,40740
-302012.00,988864.0,40752
-299661.00,989951.0,40764
-299829.00,990859.0,40775
-301159.00,991474.0,40787
-301003.00,991713.0,40799
-300585.00,991672.0,40811
-299413.00,991253.0,40822
-299130.00,990656.0,40835
-301457.00,990031.0,40846
-302110.00,989139.0,40858
-299950.00,988459.0,40869
-300103.00,988088.0,40882
-302535.00,988031.0,40893
-302349.00,988048.0,40905
-301004.00,988216.0,40916
-300195.00,989090.0,40929
-300131.00,989965.0,40940
-300584.00,990807.0,40952
-301290.00,991399.0,40964
-299959.00,991194.0,40976
-298508.00,991144.0,40987
-300480.00,990943.0,40999
-301270.00,990688.0,41011
-300910.00,990139.0,41023
-300469.00,989388.0,41034
-299829.00,988661.0,41047
-301393.00,988361.0,41058
-302398.00,988533.0,41070
-301379.00,988897.0,41081
-300515.00,989210.0,41094
-300124.00,989634.0,41105
-300784.00,990340.0,41117
-301615.00,990844.0,41128
-300530.00,991344.0,41141
-299184.00,991574.0,41152
-299180.00,991415.0,41164
-300398.00,991010.0,41176
-301374.00,990275.0,41188
-301213.00,989508.0,41199
-300071.00,988980.0,41211
-300667.00,988652.0,41223
-301359.00,988662.0,41235
-301435.00,988795.0,41246
-300854.00,989012.0,41259
-300991.00,989158.0,41270
-301533.00,989648.0,41282
-299946.00,990260.0,41293
-299958.00,990904.0,41305
-300297.00,991477.0,41317
-300151.00,991210.0,41328
-301077.00,991140.0,41340
-300193.00,990604.0,41352
-299413.00,989763.0,41364
-300643.00,989262.0,41375
-301723.00,988694.0,41388
-302089.00,988154.0,41399
-301634.00,987899.0,41411
-300568.00,987966.0,41422
-301434.00,988444.0,41435
-301518.00,988923.0,41446
-301012.00,989609.0,41458
-301333.00,990138.0,41469
-300097.00,990669.0,41482
-300079.00,991169.0,41493
-301128.00,991237.0,41505
-300469.00,990979.0,41517
-299933.00,990403.0,41529
-300496.00,989867.0,41540
-300916.00,989052.0,41552
-301846.00,988359.0,41564
-301546.00,987984.0,41576
-300569.00,987844.0,41587
-301115.00,988001.0,41600
-301829.00,988273.0,41611
-302293.00,988612.0,41623
-301518.00,989442.0,41634
-299993.00,990196.0,41647
-300801.00,990745.0,41658
-300875.00,990981.0,41670
-300942.00,991122.0,41681
-299559.00,990871.0,41694
-299362.00,990285.0,41705
-301208.00,989824.0,41717
-301727.00,989252.0,41729
-301303.00,988673.0,41741
-300609.00,988180.0,41752
-300792.00,987911.0,41764
-302149.00,988020.0,41776
-302051.00,988489.0,41788
-300755.00,988859.0,41799
-300338.00,989380.0,41811
-300483.00,990155.0,41823
-300965.00,990682.0,41835
-300957.00,991196.0,41846
-300006.00,991294.0,41859
-299705.00,991063.0,41870
-299909.00,990880.0,41882
-300538.00,990463.0,41893
-301194.00,989895.0,41906
-300642.00,989341.0,41917
-300545.00,988848.0,41929
-301584.00,988783.0,41940
-301897.00,988639.0,41953
-301365.00,988811.0,41964
-300733.00,989170.0,41976
-300923.00,989840.0,41988
-300579.00,990445.0,42000
-300507.00,991019.0,42011
-300617.00,991529.0,42023
-300004.00,991660.0,42035
-300671.00,991371.0,42047
-301087.00,990835.0,42058
-300489.00,990173.0,42070
-300492.00,989532.0,42082
-300671.00,989137.0,42093
-301093.00,988938.0,42105
-301844.00,988783.0,42117
-301292.00,988839.0,42129
-300685.00,989138.0,42140
-300565.00,989538.0,42152
-300833.00,989902.0,42164
-301005.00,990360.0,42176
-300274.00,991010.0,42187
-299970.00,991213.0,42200
-300124.00,991199.0,42211
-300611.00,990978.0,42223
-300995.00,990507.0,42234
-300365.00,990030.0,42247
-299859.00,989326.0,42258
-301132.00,988799.0,42270
-302021.00,988772.0,42281
-301496.00,988805.0,42294
-301143.00,988861.0,42305
-300578.00,989092.0,42317
-301072.00,989324.0,42329
-301310.00,989735.0,42341
-300624.00,990293.0,42352
-300621.00,990756.0,42364
-300104.00,990909.0,42376
-300325.00,990955.0,42388
-301123.00,990552.0,42399
-300399.00,990138.0,42412
-300156.00,989704.0,42423
-301295.00,989237.0,42435
-302217.00,988871.0,42446
-301616.00,988392.0,42459
-300339.00,988284.0,42470
-301111.00,988463.0,42482
-301907.00,988852.0,42493
-301772.00,989021.0,42506
-301366.00,989419.0,42517
-299850.00,990089.0,42529
-299633.00,990514.0,42541
-301318.00,990952.0,42553
-301176.00,990903.0,42564
-300255.00,990697.0,42576
-299934.00,990158.0,42588
-300394.00,989554.0,42600
-301781.00,989239.0,42611
-301597.00,988601.0,42624
-300800.00,988336.0,42635
-300895.00,988214.0,42647
-301423.00,988265.0,42658
-302053.00,988534.0,42671
-301599.00,989127.0,42682
-300476.00,989578.0,42694
-300491.00,990093.0,42705
-300716.00,990678.0,42718
-300733.00,990956.0,42729
-300907.00,991021.0,42741
-299951.00,990678.0,42753
-299794.00,990349.0,42765
-301461.00,989916.0,42776
-301255.00,989481.0,42788
-300626.00,989141.0,42800
-300965.00,988788.0,42812
-301660.00,988553.0,42823
-301943.00,988661.0,42835
-300707.00,988838.0,42847
-300494.00,989513.0,42859
-300485.00,990139.0,42870
-301472.00,990712.0,42882
-300891.00,990994.0,42894
-299527.00,990962.0,42905
-300412.00,991162.0,42917
-300242.00,991015.0,42929
-300783.00,990792.0,42941
-301398.00,990257.0,42952
-300760.00,989451.0,42964
-300450.00,989110.0,42976
-301308.00,988823.0,42988
-301680.00,988797.0,42999
-300480.00,988996.0,43012
-300962.00,989339.0,43023
-301357.00,989593.0,43035
-300832.00,989968.0,43046
-300759.00,990404.0,43059
-300342.00,990799.0,43070
-299853.00,991306.0,43082
-300039.00,991436.0,43094
-300981.00,991089.0,43106
-300802.00,990621.0,43117
-300068.00,989982.0,43129
-300877.00,989562.0,43141
-301187.00,989152.0,43153
-301242.00,988887.0,43164
-301632.00,988902.0,43176
-300638.00,989184.0,43188
-300455.00,989575.0,43200
-301625.00,989705.0,43211
-300346.00,990014.0,43224
-299573.00,990369.0,43235
-300487.00,990711.0,43247
-300762.00,990914.0,43258
-301028.00,990892.0,43271
-300897.00,990575.0,43282
-299605.00,990251.0,43294
-300028.00,989789.0,43305
-301770.00,989182.0,43318
-301823.00,988648.0,43329
-301206.00,988639.0,43341
-300808.00,988605.0,43353
-301090.00,988787.0,43365
-301650.00,988990.0,43376
-301015.00,989314.0,43388
-300324.00,989744.0,43400
-300489.00,990123.0,43412
-300694.00,990594.0,43423
-301005.00,990717.0,43436
-300674.00,990643.0,43447
-299803.00,990417.0,43459
-300067.00,989944.0,43470
-301113.00,989565.0,43483
-301408.00,989119.0,43494
-301470.00,988771.0,43506
-300779.00,988484.0,43517
-300760.00,988266.0,43530
-301884.00,988502.0,43541
-301339.00,988894.0,43553
-301111.00,989439.0,43565
-300736.00,990005.0,43577
-300170.00,990434.0,43588
-300941.00,990762.0,43600
-300046.00,990865.0,43612
-300686.00,990723.0,43624
-300513.00,990367.0,43635
-300717.00,989864.0,43648
-300712.00,989565.0,43659
-300532.00,989243.0,43670
-301303.00,988867.0,43682
-301733.00,988549.0,43694
-301213.00,988333.0,43706
-301164.00,988480.0,43717
-300807.00,988844.0,43729
-300754.00,989282.0,43741
-301215.00,989889.0,43753
-300642.00,990384.0,43764
-300496.00,990651.0,43777
-300402.00,990781.0,43788
-300028.00,990959.0,43800
-300749.00,990843.0,43811
-300823.00,990522.0,43824
-300208.00,990058.0,43835
-300751.00,989682.0,43847
-300728.00,989328.0,43858
-301431.00,989165.0,43871
-301465.00,988871.0,43882
-300913.00,988931.0,43894
-301068.00,989357.0,43906
-301143.00,989736.0,43918
-300644.00,990151.0,43929
-300689.00,990525.0,43941
-300367.00,990795.0,43953
-300134.00,990775.0,43965
-300324.00,990969.0,43976
-300552.00,990910.0,43988
-300485.00,990706.0,44000
-300474.00,990181.0,44012
-300827.00,989590.0,44023
-301284.00,989297.0,44036
-301075.00,989073.0,44047
-300882.00,989094.0,44059
-300806.00,989116.0,44070
-301255.00,989193.0,44083
-300977.00,989614.0,44094
-300851.00,989977.0,44106
-300988.00,990414.0,44118
-300451.00,990626.0,44130
-300651.00,990659.0,44141
-300785.00,990798.0,44153
-300312.00,990675.0,44165
-300254.00,990479.0,44177
-300818.00,990084.0,44188
-301043.00,989679.0,44200
-301089.00,989350.0,44212
-301254.00,989000.0,44224
-300887.00,989074.0,44235
-300911.00,989014.0,44248
-301288.00,989111.0,44259
-300869.00,989317.0,44271
-300791.00,989596.0,44282
-300829.00,990100.0,44295
-300535.00,990262.0,44306
-300766.00,990346.0,44318
-300207.00,990229.0,44329
-300627.00,990054.0,44342
-300934.00,989832.0,44353
-300837.00,989459.0,44365
-301215.00,989382.0,44377
-300699.00,989206.0,44389
-301918.00,988891.0,44400
-301407.00,988677.0,44412
-301023.00,988648.0,44424
-301062.00,989014.0,44436
-300469.00,989279.0,44447
-300827.00,989518.0,44460
-301273.00,989785.0,44471
-300274.00,990159.0,44482
-299748.00,990146.0,44494
-301673.00,990215.0,44506
-301014.00,990042.0,44518
-300064.00,989605.0,44529
-301097.00,989350.0,44541
-300788.00,989094.0,44553
-300880.00,988725.0,44565
-301260.00,988624.0,44576
-301649.00,988728.0,44589
-300622.00,988940.0,44600
-300073.00,989310.0,44612
-301383.00,989762.0,44623
-301131.00,990053.0,44636
-300284.00,990121.0,44647
-300638.00,990310.0,44659
-300231.00,990324.0,44670
-299906.00,990118.0,44683
-301330.00,989831.0,44694
-301167.00,989530.0,44706
-300250.00,989318.0,44718
-300794.00,989174.0,44730
-301214.00,989210.0,44741
-301262.00,989048.0,44753
-301372.00,989049.0,44765
-300759.00,989358.0,44777
-300900.00,989864.0,44788
-301165.00,990121.0,44801
-300816.00,990433.0,44812
-300003.00,990404.0,44824
-300144.00,990558.0,44835
-300740.00,990828.0,44848
-300479.00,990627.0,44859
-300753.00,990371.0,44871
-300640.00,989900.0,44882
-299916.00,989576.0,44895
-301188.00,989311.0,44906
-301848.00,989138.0,44918
-301029.00,988938.0,44930
-300824.00,988745.0,44942
-300703.00,989089.0,44953
-300562.00,989657.0,44965
-300878.00,990299.0,44977
-301483.00,990539.0,44989
-300385.00,990659.0,45000
-299596.00,990732.0,45012
-300152.00,990797.0,45024
-301609.00,990669.0,45036
-301190.00,990306.0,45047
-300025.00,989981.0,45060
-300578.00,989498.0,45071
-300922.00,989356.0,45083
-301107.00,989198.0,45094
