0,988078.0,19684
-331044.00,987926.0,19695
-330294.00,987963.0,19707
-331861.00,987959.0,19719
-332421.00,987828.0,19731
-331389.00,987701.0,19742
-330479.00,987798.0,19755
-331030.00,987837.0,19766
-331311.00,987937.0,19778
-332228.00,987829.0,19789
-332350.00,987584.0,19802
-330272.00,987672.0,19813
-330404.00,987744.0,19825
-332086.00,987667.0,19836
-332229.00,987825.0,19849
-331408.00,987844.0,19860
-330817.00,987806.0,19872
-330566.00,987940.0,19884
-331394.00,988194.0,19896
-332527.00,987923.0,19907
-331725.00,987911.0,19919
-330307.00,987892.0,19931
-330662.00,987901.0,19943
-332009.00,987994.0,19954
-331888.00,987854.0,19966
-331624.00,987636.0,19978
-330967.00,987598.0,19990
-330956.00,987819.0,20001
-332123.00,987761.0,20014
-332326.00,987702.0,20025
-331030.00,987710.0,20037
-330478.00,987809.0,20048
-331274.00,987976.0,20061
-331982.00,988082.0,20072
-330947.00,988103.0,20084
-330341.00,987846.0,20096
-331358.00,987799.0,20108
-331833.00,987732.0,20119
-331950.00,987509.0,20131
-331468.00,987638.0,20143
-330510.00,987738.0,20155
-331436.00,987752.0,20166
-332092.00,987535.0,20178
-331851.00,987701.0,20190
-331500.00,987614.0,20202
-330754.00,987612.0,20213
-330941.00,987684.0,20226
-332104.00,987808.0,20237
-331837.00,987847.0,20249
-330745.00,987709.0,20260
-331111.00,987683.0,20273
-331588.00,987778.0,20284
-331204.00,987827.0,20296
-331664.00,987754.0,20307
-331435.00,987905.0,20320
-331175.00,987813.0,20331
-331325.00,987499.0,20342
-331464.00,987599.0,20355
-331276.00,987732.0,20366
-330972.00,987535.0,20378
-331411.00,987632.0,20389
-331541.00,987638.0,20402
-331863.00,987621.0,20413
-331560.00,987678.0,20425
-330586.00,987814.0,20436
-331316.00,987624.0,20449
-331975.00,987628.0,20460
-331253.00,987717.0,20472
-331383.00,987665.0,20484
-331240.00,987693.0,20496
-331686.00,987729.0,20507
-331629.00,987646.0,20519
-330839.00,987573.0,20531
-331019.00,987446.0,20543
-331644.00,987586.0,20554
-331419.00,987686.0,20567
-331258.00,987720.0,20578
-331390.00,987795.0,20590
-331014.00,987726.0,20601
-331426.00,987658.0,20614
-331963.00,987673.0,20625
-331224.00,987871.0,20637
-330865.00,987909.0,20648
-331343.00,987720.0,20661
-331871.00,987748.0,20672
-331503.00,987584.0,20684
-331190.00,987588.0,20696
-331421.00,987684.0,20708
-331010.00,987693.0,20719
-331418.00,987736.0,20731
-332145.00,987556.0,20743
-331778.00,987722.0,20755
-330907.00,987653.0,20766
-331315.00,987621.0,20779
-332114.00,987765.0,20790
-330979.00,987866.0,20802
-331297.00,987959.0,20813
-331715.00,987995.0,20826
-331306.00,988117.0,20837
-331396.00,988021.0,20849
-331472.00,987865.0,20860
-331436.00,987794.0,20873
-331778.00,987608.0,20884
-331337.00,987755.0,20896
-331372.00,987629.0,20908
-331230.00,987607.0,20920
-331579.00,987644.0,20931
-331959.00,987603.0,20943
-331284.00,987800.0,20955
-330955.00,987918.0,20967
-330891.00,987994.0,20978
-331798.00,987896.0,20990
-332017.00,987811.0,21002
-331071.00,987832.0,21014
-331351.00,987860.0,21025
-331670.00,987867.0,21038
-331371.00,987845.0,21049
-331889.00,987778.0,21061
-331514.00,987597.0,21072
-330752.00,987638.0,21085
-331211.00,987885.0,21096
-331768.00,987957.0,21108
-331875.00,987892.0,21120
-331515.00,987730.0,21132
-330951.00,987761.0,21143
-330932.00,987823.0,21154
-331814.00,987685.0,21167
-332001.00,987688.0,21178
-331353.00,987737.0,21190
-331242.00,987850.0,21201
-330902.00,987711.0,21214
-331755.00,987779.0,21225
-332152.00,987707.0,21237
-330931.00,987665.0,21249
-331340.00,987677.0,21261
-331687.00,987688.0,21272
-331946.00,987490.0,21284
-331066.00,987569.0,21296
-330788.00,987611.0,21308
-331717.00,987584.0,21319
-331679.00,987520.0,21331
-331325.00,987270.0,21343
-331192.00,987366.0,21355
-330746.00,987581.0,21366
-331386.00,987764.0,21379
-332199.00,987856.0,21390
-331659.00,987741.0,21402
-330624.00,987565.0,21413
-330848.00,987423.0,21426
-331585.00,987493.0,21437
-331809.00,987719.0,21449
-331568.00,987574.0,21460
-330920.00,987634.0,21473
-330843.00,987600.0,21484
-331331.00,987683.0,21496
-332275.00,987647.0,21508
-331300.00,987617.0,21520
-330401.00,987620.0,21531
-331468.00,987797.0,21543
-331712.00,987801.0,21555
-331958.00,987944.0,21567
-331772.00,987893.0,21578
-330816.00,987774.0,21591
-331043.00,987627.0,21602
-331806.00,987499.0,21614
-331987.00,987541.0,21625
-331109.00,987771.0,21638
-331498.00,987902.0,21649
-331598.00,987821.0,21661
-331352.00,987693.0,21672
-330870.00,987677.0,21685
-331201.00,987824.0,21696
-331369.00,987714.0,21708
-332207.00,987580.0,21720
-331748.00,987740.0,21732
-330564.00,987680.0,21743
-331191.00,987905.0,21755
-331446.00,987751.0,21767
-331743.00,987561.0,21779
-331644.00,987499.0,21790
-330993.00,987723.0,21803
-331031.00,987901.0,21814
-331787.00,988005.0,21826
-331956.00,987952.0,21837
-331277.00,987885.0,21850
-331112.00,987752.0,21861
-331413.00,987730.0,21873
-331902.00,987699.0,21884
-331882.00,987877.0,21897
-330878.00,988003.0,21908
-330820.00,987943.0,21920
-331732.00,987815.0,21932
-332125.00,987751.0,21943
-331554.00,987721.0,21955
-331047.00,987719.0,21966
-331155.00,987964.0,21979
-331267.00,987989.0,21990
-332297.00,987910.0,22002
-332213.00,987802.0,22013
-330516.00,987732.0,22026
-330770.00,987756.0,22037
-331805.00,987715.0,22049
-331173.00,987670.0,22061
-331407.00,987517.0,22073
-330816.00,987575.0,22084
-331456.00,987515.0,22096
-332354.00,987536.0,22108
-330960.00,987406.0,22120
-330846.00,987545.0,22131
-331150.00,987493.0,22144
-331565.00,987534.0,22155
-332055.00,987654.0,22167
-331461.00,987530.0,22178
-330826.00,987520.0,22191
-331490.00,987659.0,22202
-331568.00,987611.0,22214
-331444.00,987482.0,22225
-331465.00,987537.0,22238
-330944.00,987707.0,22249
-331561.00,987659.0,22261
-331848.00,987632.0,22273
-331455.00,987563.0,22285
-331267.00,987540.0,22296
-330866.00,987607.0,22308
-331528.00,987642.0,22320
-332023.00,987527.0,22332
-331199.00,987578.0,22343
-331280.00,987672.0,22355
-331523.00,987622.0,22367
-331455.00,987530.0,22379
-331555.00,987552.0,22390
-330980.00,987740.0,22403
-330702.00,987760.0,22414
-331568.00,987719.0,22426
-331309.00,987743.0,22437
-331225.00,987763.0,22450
-330530.00,987654.0,22461
-331961.00,987829.0,22473
-332206.00,987589.0,22484
-330610.00,987708.0,22497
-330923.00,987756.0,22508
-331398.00,987567.0,22520
-331926.00,987342.0,22532
-331896.00,987520.0,22544
-331492.00,987717.0,22555
-330377.00,987783.0,22567
-330914.00,987929.0,22579
-332517.00,987744.0,22591
-331846.00,987470.0,22602
-330827.00,987682.0,22615
-330609.00,987750.0,22626
-331345.00,987867.0,22638
-332153.00,987842.0,22649
-331798.00,987614.0,22662
-330675.00,987666.0,22673
-330670.00,987710.0,22685
-331777.00,987781.0,22696
-331902.00,987749.0,22709
-331456.00,987641.0,22720
-331061.00,987657.0,22732
-330731.00,987734.0,22744
-331755.00,987869.0,22755
-332351.00,987932.0,22767
-331040.00,987852.0,22778
-330599.00,987814.0,22791
-330967.00,987620.0,22802
-331874.00,987599.0,22814
-331432.00,987635.0,22825
-330890.00,987691.0,22838
-330533.00,987853.0,22849
-332277.00,987799.0,22861
-332821.00,987601.0,22873
-330988.00,987512.0,22885
-330789.00,987457.0,22896
-331114.00,987694.0,22908
-331997.00,987871.0,22920
-332648.00,987736.0,22932
-330968.00,987557.0,22943
-330385.00,987394.0,22956
-331229.00,987564.0,22967
-332215.00,987656.0,22979
-332384.00,987673.0,22990
-330895.00,987669.0,23003
-330340.00,987477.0,23014
-331493.00,987726.0,23026
-332382.00,987930.0,23037
-331948.00,987848.0,23050
-330558.00,987876.0,23061
-330151.00,987903.0,23073
-331507.00,987756.0,23085
-332662.00,987538.0,23097
-331506.00,987574.0,23108
-330281.00,987665.0,23120
-330627.00,987818.0,23132
-331898.00,987889.0,23144
-332447.00,987885.0,23155
-331788.00,987696.0,23168
-330730.00,987736.0,23179
-330621.00,987758.0,23191
-331963.00,987870.0,23202
-332304.00,988028.0,23215
-330738.00,987749.0,23226
-331125.00,987714.0,23238
-331299.00,987859.0,23249
-332239.00,987900.0,23262
-331929.00,988015.0,23273
-330202.00,987837.0,23285
-330966.00,987619.0,23297
-332228.00,987490.0,23309
-331806.00,987560.0,23320
-330751.00,987747.0,23332
-331073.00,987766.0,23344
-331715.00,988013.0,23356
-331572.00,987863.0,23367
-332439.00,987781.0,23379
-331202.00,987878.0,23391
-329789.00,987693.0,23403
-331864.00,987640.0,23414
-332490.00,987793.0,23427
-331188.00,987994.0,23438
-331141.00,987876.0,23450
-331230.00,987818.0,23461
-331272.00,987662.0,23474
-332505.00,987514.0,23485
-331738.00,987598.0,23497
-330076.00,987622.0,23508
-330833.00,987972.0,23521
-332019.00,988013.0,23532
-331850.00,988035.0,23543
-331016.00,987823.0,23556
-331061.00,987623.0,23567
-331497.00,987571.0,23579
-331623.00,987808.0,23590
-332008.00,987870.0,23603
-330091.00,987892.0,23614
-331978.00,987800.0,23626
-332406.00,987571.0,23638
-330777.00,987380.0,23650
-331199.00,987318.0,23661
-331369.00,987260.0,23673
-331424.00,987494.0,23685
-332149.00,987457.0,23697
-331377.00,987712.0,23708
-330566.00,988010.0,23720
-331148.00,988008.0,23732
-331782.00,987838.0,23744
-331756.00,987903.0,23755
-331221.00,987636.0,23768
-330923.00,987354.0,23779
-331223.00,987512.0,23791
-331590.00,987756.0,23802
-331500.00,987779.0,23815
-331471.00,987568.0,23826
-331227.00,987494.0,23838
-331212.00,987226.0,23849
-332198.00,987189.0,23862
-331395.00,987529.0,23873
-330962.00,987786.0,23885
-331178.00,987849.0,23897
-331037.00,987895.0,23909
-331996.00,987757.0,23920
-331860.00,987778.0,23932
-330611.00,987855.0,23944
-331091.00,987888.0,23956
-332083.00,987634.0,23967
-331536.00,987539.0,23980
-331344.00,987525.0,23991
-331260.00,987460.0,24003
-332353.00,987685.0,24014
-332142.00,987613.0,24027
-330782.00,987434.0,24038
-331188.00,987462.0,24050
-331535.00,987569.0,24061
-332152.00,987874.0,24074
-331867.00,988097.0,24085
-330985.00,988092.0,24097
-330995.00,988202.0,24109
-330954.00,987994.0,24121
-331684.00,987716.0,24132
-332139.00,987645.0,24144
-330699.00,987690.0,24156
-330781.00,987670.0,24168
-332097.00,987636.0,24179
-331845.00,987633.0,24192
-331775.00,987655.0,24203
-331237.00,987446.0,24215
-330586.00,987421.0,24226
-331472.00,987725.0,24239
-332477.00,987723.0,24250
-331704.00,987752.0,24262
-330708.00,987843.0,24273
-330860.00,987927.0,24286
-331662.00,988182.0,24297
-331739.00,988169.0,24309
-330986.00,987875.0,24321
-331064.00,987739.0,24333
-330951.00,987693.0,24344
-331850.00,987547.0,24355
-332685.00,987491.0,24368
-330675.00,987780.0,24379
-330646.00,987843.0,24391
-331854.00,987790.0,24402
-332360.00,987770.0,24415
-331352.00,987721.0,24426
-330785.00,987901.0,24438
-330870.00,987905.0,24450
-332064.00,987991.0,24462
-331918.00,988110.0,24473
-330258.00,988099.0,24485
-330836.00,988103.0,24497
-331616.00,987978.0,24509
-331924.00,987878.0,24520
-331351.00,987575.0,24532
-330820.00,987378.0,24544
-331000.00,987734.0,24556
-331374.00,987728.0,24567
-332553.00,987664.0,24580
-331492.00,987428.0,24591
-330467.00,987353.0,24603
-330739.00,987270.0,24614
-331165.00,987373.0,24627
-332240.00,987599.0,24638
-331452.00,987890.0,24650
-330611.00,987933.0,24662
-330530.00,987825.0,24674
-331767.00,987944.0,24685
-332142.00,987920.0,24697
-330868.00,987735.0,24709
-330966.00,987376.0,24721
-331502.00,987319.0,24732
-331948.00,987522.0,24744
-332061.00,987545.0,24756
-331191.00,987483.0,24768
-330877.00,987490.0,24779
-332083.00,987718.0,24792
-331711.00,987683.0,24803
-330825.00,987839.0,24815
-330770.00,988041.0,24826
-331751.00,988032.0,24839
-331354.00,988051.0,24850
-331646.00,987875.0,24862
-331384.00,987834.0,24873
-330095.00,987617.0,24886
-331883.00,987522.0,24897
-332379.00,987486.0,24909
-331093.00,987413.0,24921
-330957.00,987223.0,24933
-331379.00,987360.0,24944
-332102.00,987496.0,24956
-331884.00,987379.0,24968
-331046.00,987614.0,24980
-330647.00,987961.0,24991
-331167.00,988288.0,25004
-332051.00,988170.0,25015
-331975.00,987818.0,25027
-331137.00,987767.0,25038
-330429.00,987807.0,25051
-331420.00,987714.0,25062
-331946.00,987803.0,25074
-332113.00,987687.0,25085
-331580.00,987568.0,25098
-330472.00,987477.0,25109
-331885.00,987294.0,25120
-332357.00,987390.0,25133
-331480.00,987717.0,25144
-331460.00,987980.0,25156
-330671.00,988170.0,25167
-331494.00,988071.0,25180
-331423.00,987936.0,25191
-330405.00,987951.0,25203
-331039.00,987817.0,25214
-332020.00,987733.0,25227
-331856.00,987597.0,25238
-331512.00,987601.0,25250
-330794.00,987484.0,25262
-331232.00,987585.0,25274
-331998.00,987501.0,25285
-332364.00,987209.0,25297
-332027.00,987257.0,25309
-330636.00,987494.0,25321
-331003.00,987570.0,25332
-331831.00,987971.0,25345
-331559.00,988143.0,25356
-331210.00,988095.0,25368
-330945.00,987866.0,25379
-331061.00,987851.0,25392
-331839.00,987872.0,25403
-331614.00,987978.0,25415
-330823.00,987881.0,25426
-330742.00,987696.0,25439
-332053.00,987598.0,25450
-332378.00,987488.0,25462
-331126.00,987456.0,25474
-331261.00,987442.0,25486
-331411.00,987520.0,25497
-331236.00,987751.0,25509
-331650.00,987885.0,25521
-331761.00,987937.0,25533
-330617.00,988006.0,25544
-330695.00,988159.0,25556
-332126.00,988217.0,25568
-330803.00,987929.0,25580
-331125.00,987897.0,25591
-330934.00,987737.0,25604
-331425.00,987583.0,25615
-332431.00,987523.0,25627
-331348.00,987354.0,25638
-330760.00,987186.0,25651
-331692.00,987082.0,25662
-332375.00,987334.0,25674
-331196.00,987434.0,25686
-330683.00,987638.0,25698
-331786.00,987853.0,25709
-331309.00,987816.0,25721
-331386.00,987758.0,25733
-331196.00,987880.0,25745
-330704.00,987865.0,25756
-331398.00,987829.0,25768
-331689.00,987776.0,25780
-331353.00,987797.0,25792
-331030.00,987493.0,25803
-331498.00,987324.0,25816
-331874.00,987203.0,25827
-331556.00,987177.0,25839
-331475.00,987124.0,25850
-331362.00,987352.0,25863
-331023.00,987767.0,25874
-331702.00,987864.0,25886
-332047.00,988154.0,25897
-331176.00,988106.0,25909
-330792.00,987954.0,25921
-331264.00,987915.0,25932
-331414.00,987868.0,25945
-331585.00,987824.0,25956
-331850.00,987669.0,25968
-331544.00,987481.0,25979
-332589.00,987245.0,25992
-331265.00,987040.0,26003
-330999.00,987144.0,26015
-331529.00,987419.0,26027
-331711.00,987451.0,26039
-331340.00,987604.0,26050
-331548.00,987814.0,26062
-331396.00,988054.0,26074
-330197.00,988079.0,26086
-331428.00,987979.0,26097
-332034.00,987948.0,26109
-330974.00,988019.0,26121
-331051.00,987780.0,26133
-331529.00,987632.0,26144
-331871.00,987704.0,26157
-331726.00,987463.0,26168
-331664.00,987268.0,26180
-331368.00,987352.0,26191
-331340.00,987490.0,26204
-332122.00,987616.0,26215
-331590.00,987815.0,26227
-330799.00,987916.0,26238
-331055.00,987956.0,26251
-331489.00,988180.0,26262
-331440.00,988435.0,26274
-331163.00,988392.0,26286
-330977.00,988326.0,26298
-330989.00,988059.0,26309
-331589.00,987760.0,26321
-331725.00,987506.0,26333
-330962.00,987415.0,26345
-331215.00,987445.0,26356
-331609.00,987602.0,26369
-331574.00,987322.0,26380
-331371.00,987293.0,26392
-330661.00,987330.0,26403
-331223.00,987542.0,26416
-332300.00,987794.0,26427
-331613.00,988043.0,26439
-330122.00,988190.0,26450
-330646.00,988097.0,26463
-331696.00,988075.0,26474
-331722.00,987973.0,26486
-331319.00,987785.0,26498
-331343.00,987463.0,26510
-331063.00,987335.0,26521
-331335.00,987441.0,26533
-332208.00,987384.0,26545
-331622.00,987523.0,26557
-330686.00,987772.0,26568
-331382.00,987644.0,26580
-331677.00,987762.0,26592
-331364.00,987885.0,26604
-331782.00,988047.0,26615
-330999.00,988165.0,26628
-330340.00,988296.0,26639
-331725.00,988092.0,26651
-331884.00,987785.0,26662
-330978.00,987812.0,26675
-331082.00,987711.0,26686
-331790.00,987645.0,26697
-331878.00,987618.0,26710
-331164.00,987427.0,26721
-331325.00,987343.0,26733
-331227.00,987498.0,26744
-331800.00,987588.0,26757
-331775.00,987652.0,26769
-330768.00,987691.0,26780
-331204.00,987595.0,26791
-331576.00,987658.0,26804
-331033.00,987740.0,26815
-331745.00,987666.0,26827
-331402.00,987739.0,26839
-330609.00,987696.0,26851
-331600.00,987558.0,26862
-331840.00,987381.0,26874
-331343.00,987272.0,26886
-331563.00,987157.0,26898
-331511.00,987221.0,26909
-331163.00,987256.0,26921
-331382.00,987550.0,26933
-331637.00,987761.0,26945
-331546.00,987935.0,26956
-331102.00,987916.0,26969
-331092.00,987760.0,26980
-331547.00,987901.0,26992
-330904.00,987856.0,27003
-330825.00,987706.0,27016
-331923.00,987644.0,27027
-331113.00,987511.0,27039
-331407.00,987289.0,27051
-332326.00,987213.0,27063
-331111.00,987324.0,27074
-331403.00,987315.0,27086
-331980.00,987453.0,27098
-331068.00,987545.0,27110
-331435.00,987615.0,27121
-331801.00,987973.0,27133
-331106.00,988070.0,27145
-331607.00,988023.0,27157
-331675.00,988024.0,27168
-331171.00,987933.0,27181
-331183.00,987787.0,27192
-331723.00,987847.0,27204
-331169.00,987729.0,27215
-331245.00,987484.0,27228
-332080.00,987319.0,27239
-331024.00,987382.0,27251
-331108.00,987435.0,27262
-332003.00,987668.0,27275
-330898.00,987761.0,27286
-331134.00,987606.0,27298
-331752.00,987549.0,27310
-331006.00,987554.0,27322
-331225.00,987937.0,27333
-331887.00,988128.0,27345
-331000.00,988066.0,27357
-330683.00,988070.0,27369
-331568.00,987840.0,27380
-332050.00,987750.0,27393
-331528.00,987580.0,27404
-331213.00,987383.0,27416
-331458.00,987626.0,27427
-331127.00,987500.0,27440
-331648.00,987437.0,27451
-331994.00,987674.0,27463
-331078.00,987822.0,27474
-330999.00,987869.0,27487
-331223.00,987966.0,27498
-331249.00,988132.0,27509
-331663.00,988057.0,27522
-331361.00,987928.0,27533
-331176.00,987813.0,27545
-331463.00,987791.0,27556
-331403.00,987524.0,27569
-331870.00,987478.0,27580
-331412.00,987549.0,27592
-331120.00,987627.0,27603
-331871.00,987477.0,27616
-331965.00,987133.0,27627
-331299.00,987109.0,27639
-331085.00,987531.0,27651
-331502.00,987772.0,27663
-331927.00,987942.0,27674
-331102.00,987917.0,27686
-330690.00,987923.0,27698
-331089.00,987950.0,27710
-331339.00,987831.0,27721
-331866.00,987679.0,27734
-331927.00,987323.0,27745
-330960.00,987466.0,27757
-330920.00,987542.0,27768
-331649.00,987373.0,27781
-331851.00,987365.0,27792
-331605.00,987580.0,27804
-331249.00,987489.0,27815
-331326.00,987524.0,27828
-331680.00,987523.0,27839
-331256.00,987627.0,27851
-331199.00,987934.0,27863
-331407.00,988287.0,27875
-331108.00,988175.0,27886
-331379.00,988003.0,27898
-331480.00,987810.0,27910
-330738.00,987550.0,27922
-331094.00,987519.0,27933
-331679.00,987303.0,27945
-331837.00,987249.0,27957
-331337.00,987267.0,27969
-331052.00,987347.0,27980
-331666.00,987457.0,27993
-331910.00,987390.0,28004
-331112.00,987468.0,28016
-330879.00,987582.0,28027
-331740.00,987707.0,28040
-331411.00,987787.0,28051
-331503.00,987941.0,28063
-331197.00,987964.0,28075
-330411.00,987563.0,28087
-331619.00,987453.0,28098
-332186.00,987490.0,28110
-331303.00,987387.0,28122
-330814.00,987522.0,28134
-331527.00,987710.0,28145
-331950.00,987692.0,28157
-331768.00,987613.0,28169
-331595.00,987560.0,28181
-330829.00,987744.0,28192
-330605.00,987914.0,28205
-332192.00,988034.0,28216
-332499.00,987977.0,28228
-330402.00,987895.0,28239
-330413.00,987835.0,28252
-331939.00,987826.0,28263
-331470.00,987650.0,28275
-331932.00,987642.0,28286
-331977.00,987649.0,28298
-330182.00,987579.0,28310
-331534.00,987747.0,28321
-331229.00,988000.0,28334
-330695.00,988071.0,28345
-331066.00,987862.0,28357
-331250.00,987763.0,28368
-332237.00,987986.0,28381
-331574.00,988015.0,28392
-330445.00,988097.0,28404
-331097.00,988106.0,28416
-331903.00,987878.0,28428
-331934.00,987785.0,28439
-331393.00,987493.0,28451
-331110.00,987391.0,28463
-331046.00,987412.0,28475
-331607.00,987534.0,28486
-332560.00,987669.0,28498
-331847.00,987533.0,28510
-330471.00,987571.0,28522
-330948.00,987636.0,28533
-332215.00,987737.0,28546
-332004.00,987957.0,28557
-331138.00,988008.0,28569
-330735.00,988003.0,28580
-331375.00,987993.0,28593
-332274.00,988089.0,28604
-331607.00,987951.0,28616
-330728.00,987663.0,28627
-330872.00,987482.0,28640
-331414.00,987375.0,28651
-332318.00,987321.0,28663
-332476.00,987519.0,28675
-330308.00,987481.0,28687
-330208.00,987596.0,28698
-332153.00,987775.0,28710
-331331.00,987805.0,28722
-330970.00,987682.0,28734
-330859.00,987705.0,28745
-331747.00,987955.0,28758
-332058.00,987983.0,28769
-331080.00,988000.0,28781
-330846.00,987931.0,28792
-331331.00,987793.0,28805
-332000.00,987529.0,28816
-332538.00,987413.0,28828
-331260.00,987325.0,28839
-330355.00,987308.0,28852
-331700.00,987397.0,28863
-332094.00,987477.0,28875
-331828.00,987613.0,28887
-331324.00,987674.0,28899
-330443.00,987493.0,28910
-331302.00,987566.0,28922
-331955.00,987819.0,28934
-331480.00,987827.0,28946
-331296.00,987810.0,28957
-330523.00,987907.0,28969
-331099.00,987647.0,28981
-332100.00,987509.0,28993
-331295.00,987550.0,29004
-330921.00,987533.0,29017
-331590.00,987506.0,29028
-331778.00,987448.0,29040
-331615.00,987584.0,29051
-331642.00,987722.0,29064
-331241.00,988028.0,29075
-331270.00,988269.0,29086
-331508.00,988172.0,29099
-331611.00,988015.0,29110
-330553.00,987996.0,29122
-331357.00,987806.0,29133
-331888.00,987731.0,29146
-331378.00,987490.0,29157
-331285.00,987380.0,29169
-331152.00,987391.0,29180
-330990.00,987331.0,29193
-331986.00,987279.0,29204
-331968.00,987105.0,29216
-330688.00,987470.0,29228
-330908.00,987847.0,29240
-331760.00,987814.0,29251
-331959.00,988027.0,29263
-331396.00,988055.0,29275
-330647.00,988030.0,29287
-330949.00,987919.0,29298
-331481.00,987908.0,29310
-331937.00,987640.0,29322
-331619.00,987573.0,29334
-331231.00,987424.0,29345
-331297.00,987272.0,29358
-331501.00,987359.0,29369
-332202.00,987383.0,29381
-332033.00,987454.0,29392
-330997.00,987616.0,29405
-331147.00,987781.0,29416
-331482.00,988093.0,29428
-331399.00,988214.0,29440
-331563.00,988382.0,29452
-331446.00,988440.0,29463
-330504.00,988245.0,29475
-331232.00,988081.0,29487
-332259.00,987882.0,29499
-331085.00,987661.0,29510
-331455.00,987341.0,29522
-331825.00,987285.0,29534
-331937.00,987220.0,29546
-331329.00,987325.0,29557
-331245.00,987518.0,29570
-331557.00,987627.0,29581
-331391.00,987719.0,29593
-331449.00,987847.0,29604
-331432.00,987854.0,29617
-331167.00,988141.0,29628
-331017.00,988164.0,29640
-330788.00,988195.0,29651
-331832.00,988068.0,29664
-331955.00,987800.0,29675
-330906.00,987534.0,29687
-331712.00,987324.0,29699
-331572.00,987087.0,29711
-331249.00,987035.0,29722
-332515.00,987271.0,29734
-331722.00,987445.0,29746
-330745.00,987659.0,29758
-331634.00,987841.0,29769
-331464.00,987934.0,29782
-330985.00,988075.0,29793
-331723.00,988246.0,29805
-331174.00,988401.0,29816
-330675.00,988410.0,29829
-331731.00,988031.0,29840
-331268.00,987826.0,29851
-331029.00,987451.0,29863
-331262.00,987065.0,29875
-331583.00,987150.0,29887
-5185.00,987183.0,29898
-331167.00,987299.0,29911
-331003.00,987302.0,29933
-331910.00,987547.0,29945
-331377.00,987795.0,29957
-330991.00,988111.0,29968
-331186.00,988199.0,29979
-331229.00,988302.0,29990
-331243.00,988196.0,30002
-331615.00,988031.0,30013
-331056.00,988140.0,30025
-330632.00,987955.0,30036
-331871.00,987647.0,30048
-332069.00,987266.0,30059
-330945.00,986900.0,30070
-331224.00,986949.0,30082
-331654.00,987089.0,30094
-331395.00,987137.0,30105
-331018.00,987497.0,30116
-331512.00,987749.0,30128
-331338.00,988117.0,30139
-331058.00,988136.0,30150
-331693.00,988126.0,30161
-330746.00,988226.0,30174
-330685.00,988064.0,30185
-331561.00,987759.0,30196
-331609.00,987510.0,30208
-331747.00,987353.0,30219
-331612.00,987133.0,30230
-331397.00,987055.0,30242
-331540.00,986931.0,30254
-331895.00,987111.0,30265
-331719.00,987239.0,30276
-331125.00,987355.0,30287
-331697.00,987797.0,30299
-330957.00,988062.0,30311
-330589.00,988269.0,30322
-331872.00,988260.0,30334
-331038.00,988258.0,30346
-330629.00,988175.0,30358
-331655.00,987850.0,30369
-332105.00,987618.0,30382
-331411.00,987497.0,30393
-331419.00,987255.0,30405
-331873.00,987108.0,30416
-331564.00,987111.0,30429
-332043.00,986989.0,30440
-331959.00,987135.0,30452
-331283.00,987404.0,30464
-331197.00,987840.0,30476
-331479.00,988042.0,30487
-331890.00,988178.0,30499
-331041.00,988494.0,30511
-330932.00,988519.0,30523
-331299.00,988403.0,30534
-331135.00,988127.0,30546
-331590.00,987693.0,30558
-331399.00,987329.0,30570
-331174.00,987104.0,30581
-331860.00,987142.0,30594
-331860.00,987170.0,30605
-331792.00,987113.0,30616
-331388.00,987204.0,30628
-331191.00,987447.0,30640
-331804.00,987757.0,30652
-331587.00,988104.0,30663
-331229.00,988429.0,30675
-331076.00,988553.0,30687
-330765.00,988520.0,30699
-331738.00,988336.0,30710
-331323.00,988125.0,30723
-330746.00,987632.0,30734
-331682.00,987272.0,30746
-331608.00,987070.0,30757
-331878.00,986783.0,30770
-331874.00,986683.0,30781
-331094.00,986972.0,30793
-331209.00,987195.0,30804
-331781.00,987327.0,30817
-332088.00,987593.0,30828
-331215.00,987770.0,30840
-330577.00,988040.0,30852
-331386.00,988244.0,30864
-331656.00,988444.0,30875
-331128.00,988529.0,30887
-331286.00,988222.0,30899
-331093.00,987918.0,30911
-331123.00,987628.0,30922
-331789.00,987385.0,30935
-331910.00,987181.0,30946
-331202.00,987140.0,30958
-331404.00,987251.0,30969
-331963.00,987226.0,30982
-331798.00,987482.0,30993
-331591.00,987839.0,31005
-331016.00,988134.0,31016
-330975.00,988505.0,31029
-331431.00,988353.0,31040
-331328.00,988424.0,31052
-331415.00,988233.0,31064
-330995.00,987919.0,31076
-331400.00,987751.0,31087
-332482.00,987683.0,31099
-331821.00,987321.0,31111
-330891.00,987089.0,31123
-331299.00,986965.0,31134
-331569.00,987118.0,31147
-332259.00,987304.0,31158
-331888.00,987289.0,31170
-330763.00,987547.0,31181
-330868.00,987886.0,31194
-331152.00,988140.0,31205
-331746.00,988212.0,31217
-331447.00,988134.0,31228
-330561.00,987877.0,31241
-331314.00,987662.0,31252
-331765.00,987469.0,31264
-331278.00,987544.0,31276
-331660.00,987535.0,31288
-331372.00,987520.0,31299
-330772.00,987451.0,31311
-332099.00,987277.0,31323
-332265.00,987270.0,31335
-331173.00,987473.0,31346
-330923.00,987757.0,31358
-330941.00,987897.0,31370
-331846.00,988166.0,31381
-331763.00,988395.0,31393
-330736.00,988294.0,31405
-331019.00,988118.0,31417
-331177.00,988003.0,31428
-331634.00,987580.0,31440
-332134.00,987310.0,31452
-331359.00,987180.0,31464
-331477.00,987341.0,31475
-331970.00,987313.0,31488
-332335.00,987274.0,31499
-331211.00,987195.0,31511
-330443.00,987366.0,31522
-331669.00,987700.0,31535
-331950.00,987760.0,31546
-331590.00,987888.0,31558
-331323.00,987990.0,31569
-330612.00,988138.0,31582
-330848.00,988258.0,31593
-332026.00,987979.0,31605
-331833.00,987674.0,31617
-330928.00,987486.0,31629
-331167.00,987309.0,31640
-332083.00,987159.0,31652
-332165.00,987256.0,31664
-331585.00,987497.0,31676
-331198.00,987537.0,31687
-330763.00,987789.0,31699
-331485.00,987903.0,31711
-332481.00,987833.0,31723
-331599.00,987949.0,31734
-330329.00,988164.0,31747
-331067.00,988239.0,31758
-331910.00,988068.0,31770
-331859.00,987881.0,31781
-331522.00,987731.0,31794
-330876.00,987609.0,31805
-330800.00,987589.0,31817
-332366.00,987465.0,31828
-332921.00,987440.0,31841
-330604.00,987459.0,31852
-331794.00,987778.0,31864
-332118.00,988104.0,31876
-331830.00,988172.0,31888
-330807.00,988051.0,31899
-330193.00,987998.0,31911
-331255.00,988051.0,31923
-332302.00,987929.0,31935
-331838.00,987776.0,31946
-330763.00,987671.0,31959
-330554.00,987551.0,31970
-331573.00,987223.0,31982
-332405.00,987430.0,31993
-331896.00,987551.0,32006
-330848.00,987417.0,32017
-330735.00,987569.0,32029
-331566.00,987740.0,32040
-332488.00,987669.0,32053
-331721.00,987831.0,32064
-330304.00,988101.0,32076
-330387.00,988261.0,32088
-331792.00,988218.0,32100
-332035.00,987990.0,32111
-331341.00,987734.0,32123
-330747.00,987530.0,32135
-330429.00,987310.0,32147
-331883.00,987336.0,32158
-332561.00,987575.0,32169
-331358.00,987436.0,32182
-330783.00,987507.0,32193
-331252.00,987764.0,32205
-331634.00,987755.0,32217
-332104.00,987707.0,32229
-331515.00,987898.0,32240
-330792.00,987922.0,32252
-331757.00,988120.0,32265
-332215.00,988063.0,32276
-330499.00,987910.0,32287
-330491.00,987603.0,32300
-332017.00,987643.0,32311
-331433.00,987452.0,32323
-331616.00,987441.0,32334
-332261.00,987467.0,32347
-330514.00,987356.0,32358
-331018.00,987228.0,32370
-332550.00,987266.0,32381
-331199.00,987563.0,32394
-331159.00,987709.0,32405
-331579.00,987796.0,32417
-331091.00,987811.0,32429
-331780.00,987835.0,32441
-331803.00,987873.0,32452
-331026.00,987829.0,32464
-330894.00,987721.0,32476
-331619.00,987656.0,32488
-332219.00,987398.0,32499
-331312.00,987287.0,32512
-331152.00,987208.0,32523
-331378.00,987475.0,32535
-331424.00,987641.0,32546
-331761.00,987758.0,32559
-331518.00,987938.0,32570
-330833.00,987863.0,32582
-330894.00,987875.0,32593
-332097.00,988007.0,32606
-331548.00,987894.0,32617
-331050.00,987939.0,32629
-331011.00,987776.0,32641
-331842.00,987671.0,32653
-331902.00,987489.0,32664
-331607.00,987299.0,32676
-331375.00,987259.0,32688
-331448.00,987276.0,32700
-331658.00,987403.0,32711
-331878.00,987663.0,32723
-331265.00,987920.0,32735
-330793.00,988023.0,32747
-331422.00,988067.0,32758
-331876.00,988054.0,32771
-331511.00,987911.0,32782
-331209.00,987923.0,32794
-331213.00,987882.0,32805
-331680.00,987754.0,32818
-331917.00,987500.0,32829
-331139.00,987428.0,32841
-330989.00,987422.0,32852
-331649.00,987450.0,32865
-331678.00,987491.0,32876
-331847.00,987549.0,32888
-331342.00,987777.0,32900
-330796.00,987889.0,32912
-331350.00,987992.0,32923
-331809.00,988245.0,32935
-331922.00,988200.0,32947
-331277.00,988144.0,32958
-330405.00,988111.0,32970
-331251.00,987955.0,32982
-331769.00,987899.0,32994
-331549.00,987706.0,33005
-331404.00,987321.0,33017
-331157.00,987131.0,33029
-332099.00,987326.0,33041
-332054.00,987511.0,33052
-330825.00,987439.0,33064
-330836.00,987478.0,33076
-331747.00,987638.0,33088
-332000.00,987847.0,33099
-330940.00,987918.0,33112
-330677.00,988017.0,33123
-331392.00,988196.0,33135
-331064.00,988076.0,33146
-331774.00,987785.0,33159
-331742.00,987551.0,33170
-330792.00,987286.0,33182
-330944.00,987372.0,33193
-331604.00,987198.0,33206
-332174.00,987200.0,33217
-331673.00,987390.0,33229
-331172.00,987583.0,33241
-331151.00,987595.0,33253
-331401.00,987727.0,33264
-331708.00,987720.0,33276
-331115.00,987886.0,33288
-330925.00,988046.0,33300
-331364.00,988084.0,33311
-331972.00,988056.0,33324
-331443.00,987914.0,33335
-330730.00,987834.0,33347
-331626.00,987702.0,33358
-331841.00,987459.0,33371
-331685.00,987224.0,33382
-331399.00,987193.0,33394
-331440.00,987391.0,33405
-331386.00,987600.0,33418
-332101.00,987860.0,33429
-331540.00,987906.0,33441
-330527.00,987701.0,33453
-331481.00,987767.0,33465
-331436.00,987814.0,33476
-331423.00,987772.0,33488
-331734.00,987664.0,33500
-330935.00,987854.0,33512
-331041.00,988026.0,33523
-331684.00,987686.0,33536
-331429.00,987532.0,33547
-331002.00,987274.0,33559
-331609.00,987180.0,33570
-331739.00,987303.0,33583
-331379.00,987570.0,33594
-331635.00,987822.0,33606
-331609.00,987917.0,33617
-331130.00,987974.0,33630
-330983.00,987697.0,33641
-331579.00,987645.0,33653
-331277.00,987916.0,33665
-331247.00,987937.0,33677
-331950.00,987781.0,33688
-330939.00,987722.0,33700
-330963.00,987649.0,33712
-332305.00,987601.0,33724
-331479.00,987354.0,33735
-331078.00,987507.0,33747
-331946.00,987574.0,33759
-331747.00,987861.0,33770
-331293.00,988028.0,33782
-331515.00,988119.0,33794
-331812.00,988091.0,33806
-330946.00,988089.0,33817
-332052.00,987995.0,33829
-331464.00,987927.0,33841
-331306.00,988000.0,33853
-332093.00,987638.0,33864
-331095.00,987349.0,33876
-330979.00,987455.0,33888
-332020.00,987314.0,33900
-331398.00,987387.0,33911
-330913.00,987657.0,33924
-331719.00,987827.0,33935
-331533.00,987899.0,33947
-331246.00,988031.0,33958
-331497.00,988063.0,33971
-331270.00,988150.0,33982
-331032.00,988267.0,33994
-331379.00,988085.0,34006
-331580.00,987850.0,34018
-331193.00,987693.0,34029
-331472.00,987441.0,34041
-331658.00,987339.0,34053
-331142.00,987551.0,34065
-331745.00,987643.0,34076
-332183.00,987619.0,34088
-331011.00,987655.0,34100
-331310.00,987691.0,34112
-332210.00,987616.0,34123
-331086.00,987768.0,34136
-330985.00,988015.0,34147
-331617.00,988013.0,34159
-331530.00,988002.0,34170
-331419.00,987902.0,34183
-330956.00,987956.0,34194
-331130.00,987947.0,34206
-331416.00,987762.0,34217
-332020.00,987701.0,34230
-331457.00,987589.0,34241
-331469.00,987282.0,34253
-331780.00,987157.0,34265
-331405.00,987304.0,34277
-331786.00,987364.0,34288
-331500.00,987427.0,34300
-330743.00,987622.0,34312
-331474.00,987677.0,34324
-331948.00,987757.0,34335
-331135.00,987791.0,34348
-330673.00,987776.0,34359
-331178.00,987563.0,34371
-332022.00,987474.0,34382
-331787.00,987592.0,34395
-330772.00,987393.0,34406
-331124.00,987373.0,34418
-331401.00,987265.0,34429
-331957.00,987274.0,34442
-332204.00,987418.0,34453
-331003.00,987353.0,34465
-330753.00,987589.0,34477
-331995.00,987896.0,34489
-331901.00,987948.0,34500
-330872.00,987781.0,34512
-331010.00,987796.0,34524
-331302.00,987903.0,34535
-331375.00,987942.0,34547
-331774.00,987970.0,34558
-331595.00,987868.0,34571
-330534.00,987704.0,34582
-330844.00,987691.0,34594
-331754.00,987602.0,34606
-331263.00,987516.0,34618
-331032.00,987471.0,34629
-331235.00,987399.0,34641
-332228.00,987462.0,34653
-331900.00,987434.0,34665
-330801.00,987655.0,34676
-330829.00,987919.0,34689
-331463.00,988010.0,34700
-332025.00,988056.0,34712
-331421.00,987944.0,34723
-330608.00,987887.0,34736
-331133.00,987785.0,34747
-331886.00,987667.0,34759
-331606.00,987569.0,34770
-331372.00,987412.0,34783
-330944.00,987503.0,34794
-331351.00,987532.0,34806
-332212.00,987578.0,34818
-331596.00,987698.0,34830
-331524.00,987913.0,34841
-330566.00,988141.0,34853
-330993.00,988098.0,34865
-332585.00,988055.0,34877
-331700.00,987836.0,34888
-331161.00,987676.0,34900
-330809.00,987826.0,34912
-331388.00,988013.0,34924
-332322.00,987866.0,34935
-332026.00,987715.0,34948
-331190.00,987533.0,34959
-330922.00,987412.0,34971
-331846.00,987418.0,34982
-331890.00,987617.0,34995
-330876.00,987906.0,35006
-330948.00,987940.0,35018
-331919.00,987893.0,35030
-331712.00,987956.0,35042
-331403.00,987950.0,35053
-330519.00,987847.0,35065
-330850.00,987773.0,35077
-332258.00,987989.0,35089
-332234.00,987731.0,35100
-331277.00,987456.0,35112
-330647.00,987490.0,35124
-331115.00,987408.0,35136
-332289.00,987321.0,35147
-332540.00,987352.0,35160
-331227.00,987227.0,35171
-330368.00,987343.0,35183
-331171.00,987669.0,35194
-332253.00,987989.0,35207
-331580.00,988017.0,35218
-330964.00,987957.0,35230
-330778.00,988008.0,35241
-331380.00,988017.0,35254
-332198.00,987987.0,35265
-331771.00,987834.0,35277
-330722.00,987858.0,35289
-330465.00,987576.0,35300
-331886.00,987487.0,35312
-332851.00,987453.0,35323
-331872.00,987561.0,35336
-330260.00,987714.0,35347
-330528.00,987803.0,35359
-332015.00,987811.0,35371
-332471.00,987774.0,35383
-330530.00,987836.0,35394
-330430.00,988031.0,35406
-332198.00,988203.0,35418
-332252.00,988244.0,35430
-330837.00,987855.0,35441
-330816.00,987637.0,35453
-330884.00,987492.0,35465
-331800.00,987462.0,35477
-332713.00,987375.0,35488
-331117.00,987196.0,35501
-330250.00,987298.0,35512
-331399.00,987536.0,35524
-331700.00,987854.0,35535
-331930.00,987827.0,35548
-331237.00,987736.0,35559
-330341.00,987846.0,35571
-331072.00,987871.0,35582
-332089.00,987750.0,35595
-332379.00,987789.0,35606
-330682.00,987931.0,35618
-329874.00,987879.0,35630
-331603.00,987573.0,35642
-332301.00,987432.0,35653
-331808.00,987228.0,35665
-331316.00,987306.0,35677
-330118.00,987429.0,35689
-331149.00,987591.0,35700
-333066.00,987664.0,35713
-331681.00,987879.0,35724
-330498.00,987979.0,35736
-330865.00,987993.0,35747
-331295.00,988050.0,35760
-332164.00,988188.0,35771
-330443.00,988029.0,35783
-330795.00,987951.0,35794
-331567.00,987817.0,35807
-332158.00,987721.0,35818
-331832.00,987452.0,35830
-330332.00,987133.0,35842
-331426.00,987246.0,35854
-332444.00,987274.0,35865
-331969.00,987331.0,35877
-331535.00,987456.0,35889
-330685.00,987285.0,35901
-330960.00,987552.0,35912
-332283.00,987933.0,35924
-332030.00,987960.0,35936
-330687.00,987919.0,35948
-330527.00,987883.0,35959
-331142.00,987891.0,35972
-331766.00,987826.0,35983
-332331.00,987845.0,35995
-331440.00,987381.0,36006
-330604.00,987185.0,36019
-331310.00,987326.0,36030
-332317.00,987354.0,36042
-332275.00,987378.0,36054
-330845.00,987395.0,36066
-330851.00,987658.0,36077
-331787.00,987900.0,36088
-331725.00,987995.0,36101
-331583.00,988151.0,36112
-330834.00,988040.0,36124
-330727.00,988074.0,36135
-331673.00,988000.0,36148
-331989.00,987835.0,36159
-331270.00,987693.0,36171
-331391.00,987522.0,36183
-332348.00,987386.0,36195
-332454.00,987230.0,36206
-331114.00,987257.0,36218
-330658.00,987306.0,36230
-331589.00,987337.0,36242
-332104.00,987553.0,36253
-331939.00,987606.0,36265
-330935.00,987731.0,36277
-330446.00,987860.0,36289
-331377.00,987916.0,36300
-331882.00,988047.0,36313
-331698.00,988010.0,36324
-330974.00,987915.0,36336
-330583.00,987589.0,36347
-331573.00,987178.0,36360
-332365.00,987059.0,36371
-331574.00,987121.0,36383
-330828.00,987494.0,36395
-331777.00,987671.0,36407
-332238.00,987763.0,36418
-331412.00,987805.0,36430
-330963.00,987944.0,36442
-330444.00,988196.0,36454
-330910.00,988319.0,36465
-332527.00,988319.0,36477
-331920.00,988292.0,36489
-330252.00,988082.0,36501
-330064.00,987783.0,36512
-331738.00,987611.0,36525
-332274.00,987424.0,36536
-331792.00,987167.0,36548
-331370.00,987133.0,36559
-331779.00,987214.0,36572
-332789.00,987533.0,36583
-331456.00,987703.0,36595
-330597.00,987833.0,36606
-330675.00,987873.0,36619
-331225.00,988050.0,36630
-332240.00,988071.0,36642
-331816.00,988073.0,36654
-329891.00,987931.0,36666
-330313.00,987859.0,36677
-332433.00,987827.0,36689
-332064.00,987473.0,36701
-331030.00,987224.0,36713
-331104.00,986944.0,36724
-330747.00,987043.0,36737
-331974.00,987155.0,36748
-332873.00,986971.0,36760
-331284.00,987232.0,36771
-329569.00,987796.0,36784
-330863.00,988122.0,36795
-332484.00,988395.0,36807
-331746.00,988361.0,36818
-331091.00,988059.0,36831
-330751.00,987763.0,36842
-330756.00,987897.0,36854
-332053.00,987903.0,36866
-332630.00,987780.0,36877
-331016.00,987513.0,36889
-330174.00,987229.0,36900
-331356.00,987207.0,36913
-332699.00,987170.0,36924
-332270.00,987380.0,36936
-331043.00,987657.0,36947
-331348.00,987926.0,36960
-332370.00,988021.0,36971
-331767.00,987923.0,36983
-330609.00,988032.0,36995
-330731.00,987921.0,37007
-331695.00,987885.0,37018
-332287.00,987942.0,37030
-331908.00,987875.0,37042
-330955.00,987780.0,37054
-330348.00,987492.0,37065
-332154.00,987552.0,37078
-333087.00,987279.0,37089
-331172.00,987124.0,37101
-330773.00,987445.0,37112
-331910.00,987672.0,37125
-332027.00,987703.0,37136
-331300.00,987960.0,37148
-331096.00,988073.0,37159
-331143.00,988143.0,37172
-330763.00,988034.0,37183
-331913.00,987873.0,37195
-332360.00,987632.0,37207
-330730.00,987333.0,37219
-330475.00,987279.0,37230
-331449.00,987455.0,37242
-332124.00,987610.0,37254
-331850.00,987559.0,37266
-331637.00,987589.0,37277
-331200.00,987672.0,37289
-330853.00,987656.0,37301
-332055.00,987773.0,37313
-331909.00,988106.0,37324
-330704.00,988345.0,37337
-330831.00,988296.0,37348
-331741.00,988158.0,37360
-331037.00,987937.0,37371
-330813.00,987561.0,37384
-331518.00,987302.0,37395
-331514.00,987328.0,37407
-331568.00,987347.0,37419
-331840.00,987525.0,37431
-330942.00,987565.0,37442
-331133.00,987612.0,37454
-331894.00,987515.0,37466
-331524.00,987550.0,37478
-331282.00,987742.0,37489
-331123.00,987807.0,37501
-331225.00,988058.0,37513
-331791.00,988147.0,37525
-331364.00,988103.0,37536
-330933.00,988057.0,37549
-331140.00,987787.0,37560
-331431.00,987443.0,37572
-331565.00,987247.0,37583
-331440.00,987514.0,37596
-331241.00,987486.0,37607
-331490.00,987518.0,37619
-331423.00,987714.0,37630
-331371.00,987827.0,37642
-331283.00,987896.0,37654
-330701.00,987828.0,37665
-331292.00,987758.0,37678
-331893.00,987822.0,37689
-331221.00,987770.0,37701
-331038.00,987655.0,37712
-331574.00,987688.0,37725
-331784.00,987858.0,37736
-331192.00,987867.0,37748
-331227.00,987709.0,37760
-331504.00,987443.0,37772
-331601.00,987276.0,37783
-331786.00,987357.0,37795
-331576.00,987460.0,37807
-330857.00,987695.0,37819
-331347.00,987859.0,37830
-331979.00,988032.0,37842
-330953.00,987999.0,37854
-331210.00,987805.0,37866
-331649.00,987577.0,37877
-331279.00,987549.0,37890
-331701.00,987453.0,37901
-331832.00,987578.0,37913
-331101.00,987652.0,37924
-331011.00,987622.0,37937
-331794.00,987387.0,37948
-331989.00,987278.0,37960
-331007.00,987215.0,37971
-331137.00,987462.0,37984
-331753.00,987709.0,37995
-331487.00,987936.0,38007
-331352.00,988098.0,38019
-331251.00,988007.0,38031
-331265.00,987897.0,38042
-331462.00,987810.0,38054
-332068.00,987650.0,38066
-331241.00,987672.0,38078
-331202.00,987731.0,38089
-331763.00,987633.0,38102
-331277.00,987638.0,38113
-331841.00,987685.0,38125
-331735.00,987782.0,38136
-331259.00,987641.0,38149
-331897.00,987656.0,38160
-331829.00,987571.0,38172
-330993.00,987707.0,38183
-331448.00,987894.0,38196
-331385.00,988052.0,38207
-330834.00,988137.0,38219
-331378.00,987919.0,38231
-331463.00,987611.0,38243
-331371.00,987641.0,38254
-331412.00,987669.0,38266
-331584.00,987606.0,38278
-331525.00,987653.0,38290
-331410.00,987663.0,38301
-331350.00,987744.0,38313
-331464.00,987762.0,38325
-331600.00,987936.0,38337
-330943.00,987797.0,38348
-331154.00,987806.0,38361
-331465.00,987842.0,38372
-331057.00,987759.0,38384
-331518.00,987858.0,38395
-331609.00,987960.0,38408
-331128.00,987767.0,38419
-331224.00,987788.0,38430
-331532.00,987668.0,38443
-331290.00,987584.0,38454
-331570.00,987504.0,38466
-331990.00,987452.0,38477
-331276.00,987664.0,38490
-331081.00,987993.0,38501
-331671.00,988068.0,38513
-331384.00,987944.0,38524
-331613.00,987984.0,38537
-331057.00,987948.0,38548
-331178.00,987780.0,38560
-331539.00,987707.0,38572
-331145.00,987759.0,38584
-331231.00,987776.0,38595
-331468.00,987625.0,38607
-331526.00,987527.0,38619
-331221.00,987362.0,38631
-331447.00,987314.0,38642
-331803.00,987371.0,38654
-331535.00,987496.0,38666
-331407.00,987771.0,38678
-331424.00,987896.0,38689
-330999.00,987898.0,38702
-330923.00,988002.0,38713
-331742.00,987923.0,38725
-331514.00,987731.0,38736
-331146.00,987701.0,38749
-331633.00,987651.0,38760
-331283.00,987681.0,38772
-331180.00,987664.0,38784
-331682.00,987525.0,38796
-331472.00,987409.0,38807
-331473.00,987384.0,38819
-331572.00,987532.0,38831
-331320.00,987627.0,38843
-331469.00,987658.0,38854
-331617.00,987913.0,38866
-331479.00,987904.0,38878
-330890.00,988177.0,38890
-330860.00,988041.0,38901
-331729.00,987963.0,38914
-331196.00,987753.0,38925
-331839.00,987589.0,38937
-331320.00,987367.0,38948
-331705.00,987388.0,38961
-332246.00,987440.0,38972
-330893.00,987443.0,38984
-331048.00,987488.0,38995
-332141.00,987624.0,39008
-331652.00,987538.0,39019
-331261.00,987741.0,39031
-331341.00,987986.0,39043
-331352.00,988018.0,39055
-331226.00,988212.0,39066
-331668.00,988204.0,39078
-331665.00,987883.0,39090
-331057.00,987656.0,39102
-331539.00,987654.0,39113
-331904.00,987558.0,39126
-331642.00,987433.0,39137
-331810.00,987524.0,39149
-331692.00,987561.0,39160
-330932.00,987709.0,39173
-331300.00,987796.0,39184
-331915.00,987961.0,39196
-331054.00,988110.0,39207
-331467.00,988125.0,39219
-331791.00,988083.0,39231
-330854.00,987988.0,39242
-331271.00,988051.0,39255
-331198.00,988157.0,39266
-331125.00,988097.0,39278
-331596.00,987804.0,39289
-331478.00,987580.0,39302
-331759.00,987435.0,39313
-331527.00,987298.0,39325
-331765.00,987061.0,39336
-331287.00,987153.0,39349
-331676.00,987487.0,39360
-331621.00,987805.0,39372
-331488.00,988076.0,39384
-331092.00,988314.0,39396
-330905.00,988218.0,39407
-331628.00,987939.0,39419
-331572.00,987831.0,39431
-331295.00,987714.0,39443
-331335.00,987767.0,39454
-331366.00,987829.0,39467
-331517.00,987725.0,39478
-331554.00,987481.0,39490
-331663.00,987156.0,39501
-331265.00,987226.0,39514
-331416.00,987414.0,39525
-331769.00,987546.0,39537
-331436.00,987628.0,39548
-331644.00,988074.0,39561
-331082.00,988399.0,39572
-330562.00,988323.0,39584
-331277.00,988132.0,39596
-331452.00,988094.0,39608
-331291.00,987884.0,39619
-331489.00,987574.0,39631
-331520.00,987621.0,39643
-331307.00,987562.0,39655
-332064.00,987390.0,39666
-331912.00,987233.0,39678
-330684.00,987291.0,39690
-331328.00,987423.0,39702
-331778.00,987290.0,39713
-331159.00,987455.0,39726
-330888.00,987735.0,39737
-331053.00,988114.0,39749
-331037.00,988236.0,39760
-331376.00,988331.0,39773
-331470.00,988145.0,39784
-330842.00,987994.0,39796
-331386.00,987711.0,39808
-331758.00,987458.0,39820
-331658.00,987256.0,39831
-331736.00,987223.0,39843
-331240.00,987231.0,39855
-331436.00,987290.0,39867
-331778.00,987333.0,39878
-331740.00,987542.0,39890
-331860.00,987630.0,39902
-331176.00,987728.0,39914
-331206.00,987880.0,39925
-331917.00,988194.0,39938
-331404.00,988311.0,39949
-330787.00,988508.0,39961
-330969.00,988327.0,39972
-331157.00,987818.0,39985
-331657.00,987556.0,39996
-331963.00,987227.0,40007
-331142.00,986954.0,40019
-331281.00,987023.0,40031
-332126.00,987340.0,40043
-331958.00,987561.0,40054
-331872.00,987551.0,40067
-331275.00,987752.0,40078
-331016.00,987877.0,40090
-331625.00,988139.0,40101
-331594.00,988350.0,40114
-330859.00,988234.0,40125
-330928.00,988232.0,40137
-331663.00,988315.0,40148
-331205.00,988055.0,40161
-331845.00,987661.0,40172
-331671.00,987162.0,40184
-330988.00,987063.0,40196
-332435.00,987034.0,40208
-332540.00,986843.0,40219
-330806.00,987171.0,40231
-331007.00,987471.0,40243
-331887.00,987886.0,40255
-331274.00,988002.0,40266
-331538.00,988021.0,40279
-331832.00,988078.0,40290
-330483.00,988240.0,40302
-331030.00,988462.0,40313
-332036.00,988356.0,40326
-331309.00,988232.0,40337
-331091.00,987897.0,40349
-331401.00,987413.0,40360
-331479.00,987243.0,40373
-331475.00,987042.0,40384
-332573.00,987208.0,40396
-331899.00,987538.0,40408
-330359.00,987769.0,40420
-331935.00,988024.0,40431
-332085.00,988130.0,40443
-330633.00,988270.0,40455
-331237.00,988255.0,40467
-331619.00,988177.0,40478
-330926.00,988177.0,40491
-331936.00,988147.0,40502
-330859.00,988091.0,40514
-330993.00,987800.0,40525
-332148.00,987480.0,40538
-331762.00,987266.0,40549
-331486.00,987177.0,40561
-331943.00,987180.0,40572
-331676.00,986907.0,40585
-331595.00,987225.0,40596
-331760.00,987505.0,40608
-331238.00,987888.0,40620
-330959.00,988446.0,40632
-331448.00,988699.0,40643
-331392.00,988493.0,40655
-331061.00,988197.0,40667
-331175.00,987895.0,40679
-331135.00,987491.0,40690
-331472.00,987327.0,40702
-332022.00,987343.0,40714
-331227.00,987299.0,40726
-331117.00,987114.0,40737
-331703.00,986883.0,40750
-332098.00,986876.0,40761
-331937.00,987024.0,40773
-331632.00,987164.0,40784
-331382.00,987523.0,40796
-330829.00,988177.0,40808
-331735.00,988470.0,40819
-331770.00,988610.0,40832
-330278.00,988550.0,40843
-330349.00,988398.0,40855
-331540.00,988115.0,40866
-331578.00,987760.0,40879
-331311.00,987490.0,40890
-330801.00,987316.0,40902
-332039.00,987319.0,40913
-332443.00,987087.0,40926
-331326.00,986687.0,40937
-331200.00,986915.0,40949
-331317.00,987227.0,40961
-331893.00,987653.0,40973
-332268.00,987814.0,40984
-330982.00,988300.0,40996
-330034.00,988679.0,41008
-331093.00,988820.0,41020
-332194.00,988720.0,41031
-331568.00,988302.0,41043
-330603.00,987855.0,41055
-330986.00,987415.0,41067
-331475.00,986991.0,41078
-331947.00,986855.0,41091
-332319.00,986761.0,41102
-331347.00,987000.0,41114
-330685.00,987244.0,41125
-331539.00,987477.0,41138
-332449.00,987573.0,41149
-331828.00,987926.0,41161
-330842.00,988134.0,41172
-330782.00,988092.0,41185
-331209.00,988401.0,41196
-331798.00,988677.0,41208
-331304.00,988471.0,41220
-330745.00,988217.0,41232
-331205.00,987784.0,41243
-331356.00,987505.0,41255
-331791.00,987344.0,41267
-331938.00,987204.0,41279
-331303.00,987347.0,41290
-332221.00,987353.0,41303
-331771.00,987386.0,41314
-331294.00,987618.0,41326
-330947.00,987720.0,41337
-331478.00,987849.0,41350
-331724.00,988167.0,41361
-331544.00,988315.0,41373
-331600.00,988150.0,41384
-330748.00,988007.0,41397
-330729.00,988087.0,41408
-331854.00,988004.0,41420
-331776.00,987993.0,41432
-331164.00,987582.0,41444
-331405.00,987294.0,41455
-331424.00,987216.0,41467
-331519.00,987299.0,41479
-332077.00,987539.0,41491
-331157.00,988025.0,41502
-330793.00,988039.0,41515
-331708.00,987966.0,41526
-331536.00,988003.0,41538
-331338.00,988007.0,41549
-330975.00,988016.0,41561
-330685.00,988176.0,41573
-331682.00,987944.0,41584
-332188.00,987878.0,41596
-331520.00,987755.0,41608
-330777.00,987546.0,41620
-331068.00,987532.0,41631
-332075.00,987304.0,41644
-331840.00,987264.0,41655
-331275.00,987495.0,41667
-331025.00,987695.0,41678
-331655.00,987973.0,41691
-331902.00,987955.0,41702
-331271.00,987951.0,41714
-330456.00,987850.0,41725
-331371.00,987707.0,41738
-332047.00,987836.0,41749
-331353.00,987798.0,41761
-330989.00,987642.0,41773
-330679.00,987365.0,41785
-331366.00,987258.0,41796
-332214.00,987340.0,41808
-331382.00,987558.0,41820
-331338.00,987640.0,41832
-331301.00,987422.0,41843
-331239.00,987341.0,41856
-331955.00,987625.0,41867
-331613.00,987852.0,41879
-330860.00,987993.0,41890
-330868.00,988163.0,41903
-331658.00,988110.0,41914
-331829.00,987860.0,41926
-331218.00,987700.0,41937
-330736.00,987669.0,41950
-330995.00,987589.0,41961
-331961.00,987582.0,41973
-331693.00,987502.0,41985
-331697.00,987499.0,41997
-331328.00,987420.0,42008
-330614.00,987442.0,42020
-332293.00,987523.0,42032
-332126.00,987564.0,42044
-330867.00,987944.0,42055
-331362.00,988242.0,42067
-331462.00,988215.0,42079
-331428.00,988250.0,42091
-331595.00,988132.0,42102
-330869.00,987798.0,42115
-330524.00,987664.0,42126
-331890.00,987567.0,42138
-332219.00,987333.0,42149
-331257.00,987455.0,42162
-331109.00,987471.0,42173
-331733.00,987393.0,42185
-331548.00,987503.0,42196
-331441.00,987631.0,42209
-331819.00,987762.0,42220
-331212.00,988044.0,42232
-330877.00,988042.0,42244
-331904.00,988019.0,42256
-331733.00,987904.0,42267
-331006.00,987684.0,42279
-331331.00,987701.0,42291
-331437.00,987617.0,42303
-331532.00,987287.0,42314
-331558.00,987411.0,42327
-331412.00,987481.0,42338
-331649.00,987441.0,42349
-331596.00,987455.0,42361
-331284.00,987706.0,42373
-331300.00,987824.0,42385
-331333.00,988257.0,42396
-331469.00,988507.0,42408
-331789.00,988435.0,42420
-331031.00,987975.0,42432
-330919.00,987819.0,42443
-331505.00,988001.0,42456
-331952.00,987873.0,42467
-331466.00,987716.0,42479
-330572.00,987477.0,42490
-331993.00,987416.0,42503
-331661.00,987357.0,42514
-331280.00,987130.0,42526
-332097.00,987171.0,42537
-331093.00,987634.0,42550
-331207.00,987821.0,42561
-331958.00,987949.0,42573
-331596.00,988217.0,42585
-330957.00,988107.0,42597
-330950.00,987978.0,42608
-331863.00,987859.0,42620
-332014.00,987952.0,42632
-331107.00,987936.0,42644
-331000.00,987837.0,42655
-331858.00,987550.0,42668
-331471.00,987482.0,42679
-331805.00,987457.0,42691
-332163.00,987422.0,42702
-330818.00,987474.0,42715
-331405.00,987663.0,42726
-332389.00,987726.0,42738
-331265.00,987658.0,42749
-331220.00,987837.0,42762
-330807.00,988181.0,42773
-330885.00,988232.0,42785
-332141.00,988114.0,42797
-331398.00,988041.0,42809
-330784.00,987820.0,42820
-331640.00,987657.0,42832
-331647.00,987725.0,42844
-332024.00,987688.0,42856
-330933.00,987534.0,42867
-330632.00,987350.0,42880
-331365.00,987427.0,42891
-332159.00,987511.0,42903
-331919.00,987682.0,42914
-330614.00,987654.0,42927
-331086.00,987522.0,42938
-331815.00,987631.0,42950
-331712.00,987758.0,42961
-331693.00,987815.0,42974
-330911.00,987963.0,42985
-330526.00,987862.0,42997
-331706.00,987746.0,43009
-332301.00,987515.0,43021
-330913.00,987365.0,43032
-330925.00,987289.0,43044
-331395.00,987546.0,43056
-331906.00,987740.0,43068
-332229.00,987760.0,43079
-330958.00,987670.0,43091
-330459.00,987518.0,43103
-331170.00,987674.0,43115
-332372.00,987932.0,43126
-332109.00,987935.0,43139
-330852.00,987738.0,43150
-330993.00,987641.0,43161
-331159.00,987686.0,43173
-331488.00,987748.0,43185
-332111.00,987631.0,43197
-331317.00,987533.0,43208
-330740.00,987475.0,43220
-331549.00,987524.0,43232
-332457.00,987583.0,43244
-331022.00,987856.0,43255
-331070.00,988032.0,43268
-330843.00,987997.0,43279
-332127.00,987849.0,43291
-332359.00,987667.0,43302
-330786.00,987707.0,43315
-330561.00,987651.0,43326
-331419.00,987747.0,43338
-331852.00,987794.0,43350
-331645.00,987811.0,43362
-331186.00,987807.0,43373
-331078.00,987654.0,43385
-331220.00,987321.0,43397
-332014.00,987040.0,43409
-332095.00,987317.0,43420
-330989.00,987776.0,43432
-330626.00,987823.0,43444
-331828.00,987764.0,43456
-332211.00,987739.0,43467
-331270.00,987715.0,43480
-331244.00,987745.0,43491
-331384.00,987806.0,43503
-331325.00,988028.0,43514
-332045.00,987872.0,43527
-331848.00,987776.0,43538
-330660.00,987829.0,43550
-330810.00,987561.0,43561
-332061.00,987669.0,43574
-332073.00,987804.0,43585
-331343.00,987682.0,43597
-331590.00,987664.0,43609
-331434.00,987669.0,43621
-330947.00,987734.0,43632
-331727.00,987692.0,43644
-330758.00,987849.0,43656
-331422.00,987649.0,43668
-331495.00,987699.0,43679
-330842.00,987877.0,43692
-331770.00,987776.0,43703
-331520.00,987688.0,43715
-330681.00,987652.0,43726
-331564.00,987747.0,43739
-332121.00,987804.0,43750
-331247.00,987698.0,43762
-331304.00,987468.0,43773
-332080.00,987452.0,43786
-331066.00,987350.0,43797
-331137.00,987413.0,43809
-332110.00,987770.0,43821
-331287.00,987807.0,43833
-330643.00,987835.0,43844
-331872.00,987779.0,43856
-331646.00,987805.0,43868
-330643.00,987904.0,43880
-331621.00,987960.0,43891
-331655.00,987727.0,43904
-330964.00,987696.0,43915
-331604.00,987572.0,43927
-331663.00,987711.0,43938
-331456.00,987834.0,43950
-331396.00,987793.0,43962
-331052.00,987645.0,43973
-331482.00,987794.0,43985
-332073.00,987795.0,43997
-331364.00,987694.0,44009
-331539.00,987940.0,44020
-330811.00,987898.0,44033
-331883.00,988153.0,44044
-331490.00,988137.0,44056
-331283.00,987655.0,44067
-331230.00,987516.0,44080
-330744.00,987547.0,44091
-331397.00,987502.0,44103
-332260.00,987406.0,44114
-331737.00,987531.0,44127
-330701.00,987513.0,44138
-331368.00,987605.0,44150
-331915.00,987568.0,44162
-331665.00,987722.0,44174
-331354.00,987851.0,44185
-331474.00,987785.0,44197
-331248.00,987998.0,44209
-331075.00,988040.0,44221
-331847.00,987967.0,44232
-331278.00,987798.0,44244
-330485.00,987647.0,44256
-331802.00,987418.0,44268
-332376.00,987329.0,44279
-331602.00,987439.0,44292
-331477.00,987481.0,44303
-331206.00,987394.0,44315
-331350.00,987652.0,44326
-331812.00,987749.0,44339
-332016.00,987721.0,44350
-331526.00,987812.0,44362
-330652.00,987934.0,44374
-331265.00,987989.0,44386
-332116.00,988104.0,44397
-331524.00,988082.0,44409
-331266.00,988030.0,44421
-331147.00,987861.0,44433
-331664.00,987584.0,44444
-332187.00,987278.0,44456
-330980.00,987279.0,44468
-331197.00,987185.0,44480
-332036.00,987381.0,44491
-331679.00,987589.0,44504
-331396.00,987610.0,44515
-331326.00,987669.0,44527
-331129.00,987653.0,44538
-331201.00,987862.0,44551
-331529.00,987936.0,44562
-331445.00,988179.0,44574
-330871.00,988209.0,44585
-331370.00,987850.0,44598
-331687.00,987571.0,44609
-331654.00,987456.0,44621
-331502.00,987505.0,44633
-331110.00,987543.0,44645
-331259.00,987527.0,44656
-331748.00,987626.0,44668
-331854.00,987661.0,44680
-331089.00,987769.0,44692
-331121.00,987730.0,44703
-331459.00,987827.0,44716
-331795.00,988011.0,44727
-331366.00,987925.0,44739
-330963.00,987962.0,44750
-331389.00,987971.0,44762
-331108.00,987818.0,44774
-331420.00,987875.0,44785
-331902.00,987774.0,44797
-331377.00,987657.0,44809
-331435.00,987652.0,44821
-331499.00,987552.0,44832
-331980.00,987597.0,44845
-331033.00,987574.0,44856
-331143.00,987545.0,44868
-331618.00,987819.0,44879
-331093.00,987722.0,44892
-331529.00,988094.0,44903
-331164.00,988196.0,44915
-330945.00,987984.0,44926
-331759.00,987803.0,44939
-331261.00,987854.0,44950
-330881.00,987585.0,44962
-331798.00,987585.0,44974
-331993.00,987546.0,44986
-331440.00,987527.0,44997
-331475.00,987735.0,45009
-331091.00,987783.0,45021
-331553.00,987755.0,45033
-331678.00,987766.0,45044
-331083.00,987676.0,45057
-331249.00,987759.0,45068
-331007.00,987852.0,45080
-331393.00,988009.0,45091
-331787.00,988022.0,45104
-331247.00,987968.0,45115
-331160.00,987760.0,45127
-331596.00,987526.0,45138
-331810.00,987547.0,45151
-331487.00,987605.0,45162
-331164.00,987628.0,45174
-331069.00,987719.0,45186
-331797.00,987896.0,45198
-331199.00,987926.0,45209
-331469.00,987642.0,45221
-330702.00,987620.0,45233
-331236.00,987549.0,45245
-332296.00,987571.0,45256
-331295.00,987714.0,45268
-330904.00,987793.0,45280
-331429.00,987679.0,45292
-331653.00,987543.0,45303
-331561.00,987529.0,45316
-331786.00,987557.0,45327
-331233.00,987556.0,45339
-331186.00,987576.0,45350
-332257.00,987386.0,45363
-331989.00,987597.0,45374
-331197.00,987682.0,45386
-331161.00,987705.0,45398
-331245.00,987840.0,45410
-331518.00,987746.0,45421
-331745.00,987603.0,45433
-331612.00,987587.0,45445
-330473.00,987566.0,45457
-331143.00,987865.0,45468
-332422.00,987897.0,45480
-331710.00,987873.0,45492
-331178.00,987713.0,45504
-331291.00,987681.0,45515
-331023.00,987579.0,45528
-331693.00,987554.0,45539
-332457.00,987634.0,45550
-330969.00,987649.0,45562
-330477.00,987779.0,45574
-332120.00,987843.0,45586
-332210.00,987976.0,45597
-331018.00,988109.0,45609
-331190.00,988048.0,45621
-331740.00,987874.0,45633
-332197.00,987663.0,45644
-331743.00,987550.0,45657
-330894.00,987593.0,45668
-330854.00,987600.0,45680
-331954.00,987743.0,45691
-332484.00,987749.0,45704
-331223.00,987555.0,45715
-330659.00,987572.0,45727
-331417.00,987521.0,45739
-331621.00,987791.0,45751
-331526.00,988010.0,45762
-331394.00,988039.0,45774
-330600.00,988066.0,45786
-331043.00,988038.0,45798
-332452.00,987995.0,45809
-331515.00,987887.0,45821
-330848.00,987719.0,45833
-331146.00,987578.0,45845
-331575.00,987633.0,45856
-332239.00,987553.0,45869
-331643.00,987504.0,45880
-331087.00,987797.0,45892
-331038.00,987756.0,45903
-331573.00,987686.0,45916
-331949.00,987781.0,45927
-331513.00,987697.0,45939
-331022.00,987853.0,45950
-331037.00,988080.0,45963
-331422.00,987839.0,45974
-331557.00,988000.0,45986
-330876.00,987821.0,45998
-330943.00,987532.0,46010
-331874.00,987350.0,46021
-331939.00,987264.0,46033
-331383.00,987405.0,46045
-331227.00,987516.0,46057
-331536.00,987526.0,46068
-331255.00,987574.0,46081
-331585.00,987656.0,46092
-331625.00,987809.0,46104
-330644.00,987815.0,46115
-330648.00,988045.0,46128
-331951.00,987743.0,46139
-331972.00,987733.0,46151
-330473.00,987743.0,46162
-331113.00,987785.0,46175
-331809.00,987898.0,46186
-331336.00,987826.0,46198
-331917.00,987618.0,46210
-331865.00,987535.0,46222
-330879.00,987350.0,46233
-331163.00,987354.0,46245
-332402.00,987443.0,46257
-331350.00,987673.0,46269
-330746.00,987655.0,46280
-331884.00,987921.0,46292
-330905.00,987941.0,46304
-331228.00,987749.0,46315
-332223.00,987558.0,46327
-330882.00,987589.0,46339
-330827.00,987649.0,46351
-332018.00,987617.0,46362
-331554.00,987624.0,46374
-331588.00,987498.0,46386
-331285.00,987343.0,46398
-331391.00,987461.0,46409
-332094.00,987610.0,46422
-331752.00,987688.0,46433
-331114.00,987765.0,46445
-330953.00,987893.0,46456
-331808.00,987858.0,46469
-331280.00,987887.0,46480
-331000.00,987775.0,46492
-331945.00,987651.0,46503
-330766.00,987620.0,46516
-331190.00,987673.0,46527
-332310.00,987518.0,46539
-331163.00,987645.0,46551
-331362.00,987604.0,46563
-331691.00,987376.0,46574
-331300.00,987344.0,46586
-331281.00,987430.0,46598
-331564.00,987547.0,46610
-331645.00,987689.0,46621
-331276.00,988103.0,46633
-331305.00,987995.0,46645
-331526.00,987914.0,46657
-331410.00,987822.0,46668
-331207.00,987837.0,46681
-331880.00,987877.0,46692
-331469.00,987786.0,46704
-330925.00,987669.0,46715
-331954.00,987697.0,46728
-331584.00,987788.0,46739
-331160.00,987646.0,46751
-331679.00,987592.0,46763
-331512.00,987860.0,46775
-331552.00,987945.0,46786
-331730.00,987847.0,46798
-331195.00,987832.0,46810
-331332.00,987809.0,46822
-331667.00,987791.0,46833
-331439.00,988038.0,46845
-331156.00,987972.0,46857
-331441.00,987943.0,46869
-331348.00,987769.0,46880
-331301.00,987759.0,46893
-331814.00,987818.0,46904
-331320.00,987660.0,46916
-331378.00,987463.0,46927
-331754.00,987503.0,46940
-331564.00,987694.0,46951
-331263.00,987550.0,46963
-331389.00,987565.0,46974
-331931.00,987842.0,46987
-331368.00,987846.0,46998
-331458.00,987836.0,47010
-331560.00,987780.0,47022
-331039.00,987946.0,47034
-331392.00,987721.0,47045
-331385.00,987590.0,47057
-330932.00,987722.0,47069
-331535.00,987589.0,47080
-331716.00,987574.0,47092
-331400.00,987497.0,47104
-331700.00,987583.0,47116
-331337.00,987611.0,47127
-330991.00,987825.0,47139
-331740.00,988004.0,47151
-331853.00,987978.0,47163
-331292.00,987841.0,47174
-330983.00,987546.0,47186
-331511.00,987671.0,47198
-331539.00,987851.0,47210
-331478.00,987826.0,47221
-331851.00,987768.0,47234
-330769.00,987831.0,47245
-331290.00,987513.0,47257
-332236.00,987413.0,47268
-331148.00,987367.0,47281
-331825.00,987424.0,47292
-331746.00,987470.0,47304
-330788.00,987513.0,47315
-331774.00,987644.0,47328
-331721.00,987790.0,47339
-331152.00,987720.0,47351
-331218.00,987719.0,47363
-330985.00,987976.0,47375
-331597.00,987847.0,47386
-331859.00,987600.0,47398
-331474.00,987653.0,47410
-330941.00,987646.0,47422
-330733.00,987800.0,47433
-331639.00,987791.0,47446
-332726.00,987666.0,47457
-331513.00,987529.0,47469
-330721.00,987479.0,47480
-331758.00,987663.0,47493
-331379.00,987825.0,47504
-331902.00,987855.0,47516
-331989.00,987811.0,47527
-330145.00,988000.0,47540
-331140.00,988125.0,47551
-331184.00,988118.0,47563
-331474.00,987999.0,47575
-330589.00,987862.0,47587
-330576.00,987789.0,47598
-332423.00,987508.0,47610
-332344.00,987481.0,47622
-331154.00,987507.0,47634
-330355.00,987403.0,47645
-331526.00,987326.0,47657
-332694.00,987460.0,47669
-332147.00,987551.0,47681
-331148.00,987727.0,47692
-330535.00,988010.0,47705
-330495.00,988187.0,47716
-331923.00,988140.0,47728
-333082.00,988027.0,47739
-330776.00,987739.0,47752
-329733.00,987631.0,47763
-331640.00,987611.0,47775
-332219.00,987805.0,47787
-332166.00,987686.0,47799
-330984.00,987638.0,47810
-329843.00,987736.0,47822
-331914.00,987744.0,47834
-332663.00,987538.0,47845
-331847.00,987724.0,47857
-331098.00,988034.0,47868
-330182.00,988160.0,47881
-331677.00,988249.0,47892
-333117.00,988201.0,47904
-331391.00,988092.0,47916
-329586.00,988201.0,47928
-330519.00,988083.0,47939
-332339.00,987776.0,47951
-331667.00,987581.0,47963
-330305.00,987426.0,47975
-330754.00,987355.0,47986
-331912.00,987433.0,47998
-332906.00,987453.0,48010
-332173.00,987387.0,48022
-330120.00,987475.0,48033
-330777.00,987684.0,48046
-332460.00,987897.0,48057
-332090.00,988276.0,48069
-331063.00,988125.0,48080
-330193.00,987942.0,48093
-331308.00,987994.0,48104
-332835.00,987777.0,48116
-331641.00,987589.0,48128
-330631.00,987307.0,48140
-330926.00,987163.0,48151
-331524.00,987111.0,48163
-332764.00,987164.0,48175
-332238.00,987477.0,48187
-330206.00,987614.0,48198
-330269.00,987760.0,48210
-332256.00,987929.0,48222
-332545.00,987847.0,48234
-331707.00,987820.0,48245
-330423.00,987931.0,48258
-329964.00,988221.0,48269
-332105.00,988148.0,48281
-332632.00,988117.0,48292
-331185.00,987935.0,48305
-330291.00,987636.0,48316
-330729.00,987582.0,48328
-332721.00,987435.0,48339
-330946.00,987395.0,48352
-330371.00,987321.0,48363
-331335.00,987376.0,48375
-332837.00,987569.0,48387
-332461.00,987796.0,48399
-330562.00,987935.0,48410
-329975.00,987952.0,48422
-331563.00,987831.0,48434
-332637.00,987833.0,48446
-331847.00,987960.0,48457
-330287.00,987891.0,48470
-330113.00,987734.0,48481
-332059.00,987597.0,48493
-333016.00,987607.0,48504
-331591.00,987138.0,48517
-330616.00,986917.0,48528
-330338.00,987194.0,48540
-331672.00,987622.0,48551
-332868.00,987821.0,48564
-331731.00,987972.0,48575
-330403.00,988000.0,48587
-330880.00,988109.0,48599
-332313.00,988063.0,48610
-331865.00,988028.0,48622
-330862.00,988018.0,48633
-330992.00,988020.0,48646
-331182.00,987869.0,48657
-332117.00,987824.0,48669
-332417.00,987678.0,48680
-330965.00,987385.0,48693
-330167.00,987428.0,48704
-331558.00,987581.0,48716
-332743.00,987679.0,48728
-332197.00,987858.0,48740
-330572.00,987796.0,48751
-331455.00,987975.0,48763
-332334.00,988024.0,48775
-331631.00,988011.0,48787
-330268.00,987996.0,48798
-330632.00,987962.0,48811
-331834.00,987842.0,48822
-331993.00,987626.0,48834
-331447.00,987437.0,48845
-330696.00,987496.0,48858
-330614.00,987696.0,48869
-332267.00,987578.0,48881
-332823.00,987315.0,48892
-330719.00,987345.0,48905
-330444.00,987508.0,48916
-331649.00,987824.0,48928
-332043.00,988037.0,48940
-331974.00,988119.0,48952
-330975.00,988118.0,48963
-330331.00,988147.0,48975
-331110.00,987908.0,48987
-332432.00,987649.0,48999
-332315.00,987620.0,49010
-330648.00,987618.0,49022
-330559.00,987590.0,49034
-331920.00,987548.0,49046
-332395.00,987550.0,49057
-331858.00,987218.0,49070
-330779.00,987228.0,49081
-330535.00,987448.0,49093
-331762.00,987713.0,49104
-332615.00,987836.0,49117
-331921.00,987997.0,49128
-329738.00,988014.0,49140
-331468.00,988024.0,49152
-332653.00,987850.0,49164
-330909.00,987848.0,49175
-330389.00,987900.0,49187
-331448.00,987594.0,49199
-332041.00,987350.0,49211
-332021.00,987362.0,49222
-331193.00,987281.0,49234
-330345.00,987445.0,49246
-331152.00,987443.0,49258
-332381.00,987543.0,49269
-332622.00,987575.0,49282
-330729.00,987631.0,49293
-329937.00,987838.0,49305
-331909.00,987969.0,49316
-331737.00,988149.0,49329
-331593.00,988188.0,49340
-331341.00,988055.0,49352
-329812.00,987846.0,49363
-331424.00,987635.0,49376
-332767.00,987451.0,49387
-331478.00,987266.0,49398
-331088.00,987435.0,49411
-331248.00,987603.0,49422
-331646.00,987694.0,49434
-332349.00,987698.0,49445
-331740.00,987746.0,49458
-330861.00,987939.0,49469
-330629.00,987933.0,49481
-331526.00,988010.0,49492
-332360.00,988191.0,49505
-330758.00,988182.0,49516
-331812.00,988051.0,49528
-332126.00,987912.0,49540
-331373.00,987636.0,49552
-331406.00,987363.0,49563
-330330.00,987489.0,49575
-330981.00,987613.0,49587
-332922.00,987375.0,49599
-332322.00,987269.0,49610
-330750.00,987364.0,49623
-330335.00,987331.0,49634
-331410.00,987590.0,49646
-332259.00,987946.0,49657
-331579.00,987901.0,49670
-331177.00,987858.0,49681
-330671.00,988166.0,49693
-331085.00,988067.0,49704
-332643.00,987763.0,49717
-331851.00,987579.0,49728
-330512.00,987516.0,49740
-331143.00,987570.0,49752
-331966.00,987739.0,49764
-331988.00,987684.0,49775
-331619.00,987612.0,49787
-331160.00,987588.0,49799
-330686.00,987723.0,49811
-331631.00,987883.0,49822
-332901.00,988047.0,49835
-331485.00,988113.0,49846
-330217.00,988032.0,49858
-331644.00,988067.0,49869
-331724.00,987808.0,49882
-331066.00,987673.0,49893
-331832.00,987818.0,49905
-331161.00,987894.0,49916
-332396.00,987719.0,49929
-332222.00,987442.0,49940
-330860.00,987339.0,49952
-331249.00,987573.0,49964
-331539.00,987595.0,49976
-331478.00,987864.0,49987
-331553.00,987918.0,49999
-331168.00,987934.0,50011
-331127.00,987918.0,50023
-331028.00,987724.0,50034
-332164.00,987703.0,50046
-331749.00,987843.0,50058
-330277.00,987665.0,50070
-332024.00,987641.0,50081
-332188.00,987527.0,50094
-331153.00,987426.0,50105
-332321.00,987439.0,50117
-331124.00,987467.0,50128
-330623.00,987720.0,50141
-332613.00,987788.0,50152
-331953.00,987733.0,50164
-330915.00,987772.0,50176
-331299.00,987913.0,50187
-331419.00,988046.0,50199
-331461.00,988146.0,50210
-331512.00,988157.0,50223
-331172.00,988070.0,50234
-331290.00,987982.0,50246
-331585.00,987824.0,50257
-331877.00,987657.0,50270
-331670.00,987478.0,50281
-330859.00,987233.0,50293
-331455.00,987386.0,50305
-331215.00,987601.0,50317
-331947.00,987675.0,50328
-331526.00,987691.0,50340
-330388.00,987747.0,50352
-331842.00,987747.0,50364
-331862.00,987740.0,50375
-330688.00,987950.0,50387
-331241.00,988164.0,50399
-331530.00,988172.0,50411
-331325.00,987948.0,50422
-331286.00,987643.0,50435
-331242.00,987444.0,50446
-331725.00,987578.0,50458
-331607.00,987576.0,50469
-331433.00,987683.0,50482
-331890.00,987579.0,50493
-331545.00,987549.0,50505
-330774.00,987389.0,50516
-331310.00,987446.0,50529
-331981.00,987792.0,50540
-331077.00,988021.0,50552
-331510.00,988086.0,50564
-331589.00,987885.0,50576
-330964.00,987796.0,50587
-331712.00,987948.0,50599
-331259.00,987878.0,50611
-331237.00,987725.0,50623
-331591.00,987509.0,50634
-331668.00,987249.0,50647
-332004.00,987319.0,50658
-331074.00,987557.0,50670
-330956.00,987657.0,50681
-331529.00,987963.0,50694
-331657.00,988091.0,50705
-331102.00,987984.0,50717
-331026.00,987798.0,50728
-331490.00,987712.0,50741
-331509.00,987736.0,50752
-331444.00,987790.0,50764
-331681.00,987747.0,50776
-331366.00,987872.0,50788
-331266.00,987672.0,50799
-331904.00,987522.0,50811
-331482.00,987493.0,50823
-331027.00,987445.0,50835
-332191.00,987661.0,50846
-331622.00,987787.0,50859
-330908.00,987758.0,50870
-332033.00,987667.0,50882
-331428.00,987731.0,50893
-330977.00,987811.0,50906
-331541.00,987661.0,50917
-331661.00,987894.0,50928
-331229.00,987916.0,50940
-330894.00,987905.0,50952
-331772.00,987672.0,50964
-331513.00,987505.0,50975
-331066.00,987559.0,50988
-331693.00,987664.0,50999
-331363.00,987766.0,51011
-331509.00,987845.0,51022
-331725.00,987748.0,51035
-331465.00,987843.0,51046
-331282.00,987867.0,51058
-331574.00,987714.0,51069
-331686.00,987754.0,51082
-331304.00,987964.0,51093
-331560.00,988085.0,51105
-331452.00,987990.0,51117
-331802.00,987926.0,51129
-330665.00,987886.0,51140
-331202.00,987786.0,51152
-331759.00,987651.0,51164
-331502.00,987455.0,51176
-331641.00,987674.0,51187
-331180.00,987591.0,51200
-331437.00,987530.0,51211
-331193.00,987670.0,51223
-331787.00,987700.0,51234
-331740.00,987721.0,51247
-330482.00,987725.0,51258
-331346.00,987845.0,51270
-332200.00,987871.0,51281
-331687.00,987802.0,51294
-331179.00,987886.0,51305
-331020.00,987808.0,51317
-331455.00,987640.0,51329
-332070.00,987697.0,51341
-331961.00,987782.0,51352
-331561.00,987601.0,51364
-331402.00,987395.0,51376
-331035.00,987360.0,51388
-331724.00,987537.0,51399
-332442.00,988033.0,51411
-330824.00,988092.0,51423
-330812.00,987870.0,51435
-331705.00,987967.0,51446
-331658.00,988081.0,51459
-331790.00,987959.0,51470
-330900.00,987687.0,51482
-331663.00,987804.0,51493
-331597.00,987752.0,51506
-331700.00,987644.0,51517
-330878.00,987602.0,51529
-330859.00,987554.0,51540
-331860.00,987380.0,51553
-332468.00,987358.0,51564
-331657.00,987417.0,51576
-330647.00,987651.0,51588
-331176.00,987908.0,51600
-331730.00,988025.0,51611
-331551.00,988087.0,51623
-331066.00,988055.0,51635
-331197.00,987948.0,51647
-331052.00,987704.0,51658
-331451.00,987647.0,51671
-332475.00,987657.0,51682
-330962.00,987835.0,51694
-330183.00,987719.0,51705
-331985.00,987804.0,51717
-331908.00,987699.0,51729
-331789.00,987501.0,51740
-331587.00,987306.0,51752
-331109.00,987185.0,51764
-331582.00,987365.0,51776
-331431.00,987850.0,51787
-331963.00,988009.0,51800
-331395.00,988042.0,51811
-330271.00,987911.0,51823
-331569.00,987822.0,51834
-331864.00,987698.0,51847
-331269.00,987682.0,51858
-331702.00,987573.0,51870
-331103.00,987751.0,51881
-332080.00,987764.0,51894
-331856.00,987843.0,51905
-330739.00,987630.0,51917
-331400.00,987404.0,51929
-332087.00,987354.0,51941
-331870.00,987593.0,51952
-331706.00,987847.0,51964
-330829.00,987888.0,51976
-330961.00,988070.0,51988
-331807.00,987955.0,51999
-331798.00,987956.0,52012
-331465.00,987790.0,52023
-330743.00,987482.0,52035
-331776.00,987516.0,52046
-332152.00,987472.0,52059
-331194.00,987554.0,52070
-331843.00,987442.0,52082
-330978.00,987465.0,52093
-330914.00,987649.0,52106
-332473.00,987574.0,52117
-331642.00,987538.0,52129
-330811.00,987676.0,52141
-331219.00,987904.0,52153
-331728.00,987993.0,52164
-332110.00,988006.0,52176
-331607.00,987976.0,52188
-330821.00,987915.0,52200
-330428.00,987901.0,52211
-331910.00,987607.0,52224
-332524.00,987367.0,52235
-331185.00,987486.0,52247
-330809.00,987583.0,52258
-330876.00,987907.0,52271
-332234.00,988078.0,52282
-331120.00,987743.0,52294
-330622.00,987698.0,52305
-330413.00,987768.0,52318
-332329.00,987664.0,52329
-332679.00,987922.0,52341
-330761.00,987897.0,52353
-330516.00,987881.0,52365
-330818.00,987844.0,52376
-332186.00,987649.0,52388
-332273.00,987609.0,52400
-330878.00,987527.0,52412
-330786.00,987363.0,52423
-331130.00,987318.0,52435
-332543.00,987657.0,52447
-331827.00,987805.0,52459
-330437.00,987857.0,52470
-330865.00,987879.0,52483
-331202.00,987942.0,52494
-332217.00,987980.0,52505
-331951.00,987697.0,52517
-330769.00,987682.0,52529
-331035.00,987666.0,52541
-331513.00,987694.0,52552
-332109.00,987902.0,52564
-331953.00,987783.0,52576
-331039.00,987709.0,52588
-330713.00,987456.0,52599
-331518.00,987289.0,52612
-332459.00,987459.0,52623
-331432.00,987663.0,52635
-330582.00,987944.0,52646
-331058.00,988134.0,52659
-331942.00,988238.0,52670
-330862.00,988154.0,52682
-330795.00,987941.0,52694
-331267.00,987656.0,52706
-331425.00,987394.0,52717
-332952.00,987549.0,52729
-331238.00,987621.0,52741
-329707.00,987529.0,52753
-331369.00,987546.0,52764
-332163.00,987556.0,52776
-332151.00,987605.0,52788
-330966.00,987400.0,52800
-330898.00,987476.0,52811
-331449.00,987620.0,52824
-331890.00,987606.0,52835
-332064.00,987847.0,52847
-330803.00,988035.0,52858
-330428.00,987980.0,52871
-331808.00,987787.0,52882
-332666.00,987740.0,52894
-331317.00,987624.0,52905
-330692.00,987503.0,52918
-331386.00,987618.0,52929
-331729.00,987578.0,52941
-332192.00,987768.0,52953
-331398.00,988102.0,52965
-330613.00,988098.0,52976
-331155.00,987966.0,52988
-331686.00,987848.0,53000
-332367.00,987669.0,53012
-331783.00,987553.0,53023
-330608.00,987748.0,53036
-331024.00,987955.0,53047
-332185.00,987727.0,53059
-331430.00,987776.0,53070
-330530.00,987588.0,53083
-331405.00,987522.0,53094
-331985.00,987507.0,53106
-332222.00,987720.0,53117
-331629.00,988001.0,53130
-330422.00,987839.0,53141
-330829.00,988013.0,53153
-332287.00,988060.0,53165
-331927.00,987814.0,53177
-330887.00,987781.0,53188
-331072.00,987785.0,53200
-331679.00,987743.0,53212
-332218.00,987744.0,53224
-331970.00,987777.0,53235
-330865.00,987785.0,53246
-330614.00,987904.0,53259
-331423.00,987968.0,53270
-332616.00,987642.0,53282
-332095.00,987530.0,53294
-331098.00,987514.0,53306
-331010.00,987579.0,53317
-331149.00,987947.0,53329
-332199.00,988127.0,53341
-331971.00,987971.0,53353
-331015.00,987916.0,53364
-330735.00,987911.0,53377
-331389.00,987937.0,53388
-332375.00,987902.0,53400
-331834.00,987614.0,53411
-330988.00,987596.0,53424
-331112.00,987679.0,53435
-331406.00,987893.0,53447
-331934.00,987864.0,53458
-330980.00,987765.0,53471
-330982.00,987532.0,53482
-331877.00,987518.0,53494
-332124.00,987735.0,53506
-331336.00,987873.0,53518
-330742.00,988071.0,53529
-330505.00,988132.0,53541
-331687.00,988077.0,53553
-332534.00,988010.0,53565
-331511.00,987672.0,53576
-331032.00,987578.0,53588
-330836.00,987364.0,53600
-332101.00,987306.0,53612
-332097.00,987437.0,53623
-330925.00,987478.0,53636
-331352.00,987838.0,53647
-330938.00,987687.0,53659
-331919.00,987736.0,53670
-332342.00,987652.0,53683
-330464.00,987409.0,53694
-330790.00,987692.0,53706
-331707.00,987947.0,53718
-331852.00,988181.0,53730
-331949.00,988245.0,53741
-331099.00,987929.0,53753
-330485.00,987762.0,53765
-331783.00,987541.0,53777
-332238.00,987361.0,53788
-331535.00,987430.0,53800
-331321.00,987453.0,53812
-330594.00,987615.0,53824
-331136.00,987762.0,53835
-332326.00,987702.0,53848
-331180.00,987983.0,53859
-331466.00,988037.0,53871
-331446.00,987871.0,53882
-331951.00,987827.0,53895
-331407.00,987927.0,53906
-330744.00,987902.0,53918
-331331.00,987730.0,53929
-331767.00,987653.0,53942
-331763.00,987424.0,53953
-331649.00,987313.0,53965
-330994.00,987329.0,53977
-331511.00,987432.0,53989
-331873.00,987519.0,54000
-331652.00,987863.0,54011
-331280.00,987946.0,54024
-330747.00,987885.0,54035
-331384.00,987985.0,54047
-331961.00,987872.0,54059
-331705.00,987741.0,54071
-331301.00,987604.0,54082
-331222.00,987639.0,54094
-331014.00,987793.0,54106
-331551.00,987773.0,54118
-331954.00,987616.0,54129
-331280.00,987641.0,54141
-331349.00,987654.0,54153
-331829.00,987795.0,54165
-331851.00,987778.0,54176
-331657.00,987930.0,54189
-331552.00,988154.0,54200
-331251.00,988100.0,54212
-331360.00,988193.0,54223
-331461.00,988015.0,54236
-331507.00,987916.0,54247
-331460.00,987931.0,54259
-331715.00,987703.0,54270
-332083.00,987492.0,54283
-331437.00,987399.0,54294
-330953.00,987658.0,54306
-331353.00,987594.0,54318
-332339.00,987708.0,54330
-331604.00,987784.0,54341
-330994.00,987598.0,54353
-331486.00,987711.0,54365
-330763.00,987765.0,54377
-331759.00,987842.0,54388
-332322.00,987829.0,54401
-330995.00,987861.0,54412
-330964.00,987839.0,54424
-331949.00,987879.0,54435
-332061.00,987726.0,54448
-331271.00,987309.0,54459
-331467.00,987277.0,54471
-331668.00,987302.0,54482
-331244.00,987420.0,54495
-332127.00,987838.0,54506
-331826.00,987960.0,54518
-330524.00,987879.0,54530
-331103.00,987796.0,54542
-332649.00,987725.0,54553
-331838.00,987701.0,54565
-331055.00,987805.0,54577
-331221.00,988085.0,54589
-330802.00,988165.0,54600
-331841.00,988060.0,54612
-332318.00,987818.0,54624
-331014.00,987583.0,54636
-331844.00,987440.0,54647
-331691.00,987202.0,54660
-331640.00,987527.0,54671
-331285.00,987585.0,54683
-330941.00,987586.0,54694
-331262.00,987870.0,54707
-332017.00,987769.0,54718
-332052.00,987650.0,54730
-330553.00,987492.0,54742
-330944.00,987427.0,54753
-331936.00,987606.0,54765
-331706.00,987816.0,54776
-331783.00,987930.0,54789
-330951.00,987725.0,54800
-331073.00,987610.0,54812
-331848.00,987382.0,54823
-332188.00,987454.0,54836
-331888.00,987384.0,54847
-330809.00,987516.0,54859
-330905.00,987857.0,54871
-331633.00,987968.0,54883
-332000.00,988014.0,54894
-331690.00,987949.0,54906
-330833.00,988208.0,54918
-330675.00,988199.0,54930
-331833.00,987980.0,54941
-332409.00,987699.0,54953
-331180.00,987700.0,54965
-330595.00,987863.0,54977
-331033.00,987820.0,54988
-331636.00,987651.0,55001
-332453.00,987667.0,55012
-331479.00,987760.0,55024
-331478.00,987842.0,55035
-332164.00,987738.0,55048
-332011.00,987696.0,55059
-330716.00,987765.0,55071
-330164.00,987742.0,55083
-331670.00,987806.0,55095
-332614.00,987740.0,55106
-332045.00,987661.0,55118
-330888.00,987718.0,55130
-330214.00,987811.0,55142
-331743.00,987628.0,55153
-332970.00,987779.0,55165
-331470.00,987802.0,55177
-330955.00,987627.0,55189
-331225.00,987646.0,55200
-331555.00,987565.0,55213
-332602.00,987640.0,55224
-331596.00,987768.0,55236
-330390.00,988011.0,55247
-330964.00,988098.0,55260
-332205.00,988022.0,55271
-332351.00,987906.0,55283
-331226.00,987717.0,55294
-330422.00,987946.0,55307
-331114.00,988048.0,55318
-332459.00,987865.0,55330
-332028.00,987760.0,55342
-331105.00,987580.0,55354
-330766.00,987605.0,55365
-331302.00,987621.0,55377
-332515.00,987600.0,55389
-332248.00,987621.0,55401
-330762.00,987787.0,55412
-331494.00,987950.0,55425
-332596.00,988052.0,55436
-331914.00,987946.0,55448
-331054.00,987836.0,55459
-330501.00,987821.0,55472
-331327.00,987826.0,55483
-332780.00,987861.0,55495
-331880.00,987723.0,55506
-330192.00,987365.0,55519
-330835.00,987371.0,55530
-331711.00,987519.0,55541
-332682.00,987489.0,55554
-332406.00,987629.0,55565
-330143.00,987657.0,55577
-330745.00,987632.0,55588
-332372.00,987477.0,55601
-332257.00,987764.0,55612
-331211.00,988032.0,55624
-330213.00,988048.0,55635
-331285.00,988089.0,55648
-332340.00,988021.0,55659
-332250.00,987780.0,55671
-331211.00,987609.0,55683
-329869.00,987520.0,55695
-331109.00,987498.0,55706
-333249.00,987527.0,55718
-332211.00,987614.0,55730
-330325.00,987511.0,55742
-330583.00,987377.0,55753
-331544.00,987511.0,55766
-332447.00,987613.0,55777
-332414.00,987668.0,55789
-330546.00,987870.0,55800
-331651.00,988140.0,55813
-332150.00,988280.0,55824
-331915.00,987986.0,55836
-330378.00,987768.0,55847
-329946.00,987513.0,55860
-332300.00,987256.0,55871
-332648.00,987334.0,55883
-331587.00,987379.0,55895
-330833.00,987606.0,55907
-330692.00,987592.0,55918
-331774.00,987701.0,55930
-332643.00,987515.0,55942
-332168.00,987352.0,55954
-330263.00,987479.0,55965
-330416.00,987801.0,55977
-332074.00,987955.0,55989
-332304.00,987853.0,56001
-331105.00,987880.0,56012
-330424.00,987853.0,56025
-331054.00,987745.0,56036
-332115.00,987549.0,56048
-332715.00,987274.0,56059
-331363.00,987289.0,56072
-329959.00,987529.0,56083
-331694.00,987633.0,56095
-332967.00,987872.0,56107
-331600.00,987836.0,56119
-330637.00,987908.0,56130
-330763.00,987955.0,56142
-331051.00,987821.0,56154
-332237.00,987915.0,56166
-332219.00,987838.0,56177
-330192.00,987856.0,56189
-330597.00,987902.0,56201
-331916.00,987592.0,56213
-331522.00,987398.0,56224
-331056.00,987426.0,56237
-330739.00,987380.0,56248
-331950.00,987407.0,56260
-332912.00,987314.0,56271
-331091.00,987616.0,56283
-330064.00,988004.0,56295
-331503.00,988018.0,56306
-332158.00,988004.0,56318
-331842.00,988089.0,56330
-331146.00,988021.0,56342
-331019.00,987781.0,56353
-331376.00,987852.0,56366
-331837.00,987767.0,56377
-331912.00,987566.0,56389
-330587.00,987611.0,56400
-330886.00,987427.0,56413
-332367.00,987490.0,56424
-332396.00,987496.0,56436
-331779.00,987482.0,56448
-330833.00,987473.0,56460
-330737.00,987717.0,56471
-331855.00,987817.0,56483
-332169.00,987864.0,56495
-331263.00,988080.0,56507
-330725.00,988272.0,56518
-330327.00,988000.0,56530
-331778.00,987865.0,56542
-332795.00,987735.0,56554
-331182.00,987614.0,56565
-330402.00,987598.0,56578
-331528.00,987587.0,56589
-331895.00,987508.0,56601
-331490.00,987368.0,56612
-330761.00,987263.0,56625
-331440.00,987340.0,56636
-332951.00,987458.0,56648
-331686.00,987839.0,56659
-330191.00,988167.0,56672
-330726.00,988261.0,56683
-332012.00,988092.0,56695
-332580.00,988177.0,56707
-331666.00,987896.0,56719
-330509.00,987511.0,56730
-330362.00,987499.0,56742
-332001.00,987493.0,56754
-332680.00,987471.0,56766
-331340.00,987484.0,56777
-330587.00,987516.0,56790
-331126.00,987471.0,56801
-332075.00,987379.0,56813
-332574.00,987481.0,56824
-331131.00,987617.0,56837
-330034.00,987850.0,56848
-331141.00,988097.0,56860
-332538.00,988197.0,56871
-331901.00,988006.0,56884
-330518.00,987839.0,56895
-330696.00,987753.0,56907
-331501.00,987630.0,56919
-332288.00,987572.0,56931
-332220.00,987456.0,56942
-330735.00,987381.0,56954
-330276.00,987586.0,56966
-331984.00,987538.0,56978
-332898.00,987661.0,56989
-330344.00,987860.0,57001
-330630.00,987805.0,57013
-331708.00,987803.0,57025
-332273.00,987872.0,57036
-331348.00,988049.0,57048
-330125.00,988013.0,57060
-331066.00,987966.0,57071
-332346.00,987761.0,57083
-332552.00,987479.0,57095
-332003.00,987434.0,57107
-330055.00,987333.0,57118
-330721.00,987393.0,57131
-332545.00,987590.0,57142
-332452.00,987583.0,57154
-330856.00,987836.0,57165
-330052.00,988041.0,57178
-331643.00,988085.0,57189
-332570.00,987941.0,57201
-331708.00,987920.0,57212
-330747.00,987906.0,57225
-330322.00,987934.0,57236
-331220.00,987936.0,57248
-332534.00,987914.0,57260
-332205.00,987611.0,57272
-330632.00,987265.0,57283
-330479.00,987107.0,57295
-331986.00,987335.0,57307
-332924.00,987576.0,57319
-331954.00,987815.0,57330
-330476.00,988070.0,57342
-330766.00,988170.0,57354
-331788.00,988212.0,57366
-332749.00,987995.0,57377
-329757.00,988092.0,57390
-330633.00,988098.0,57401
-332659.00,987936.0,57413
-332711.00,987843.0,57424
-330924.00,987785.0,57437
-329970.00,987577.0,57448
-331281.00,987429.0,57460
-333008.00,987304.0,57472
-332620.00,987355.0,57484
-330893.00,987375.0,57495
-330512.00,987407.0,57507
-331096.00,987688.0,57519
-332626.00,988193.0,57531
-332240.00,988327.0,57542
-330150.00,988223.0,57554
-330482.00,988119.0,57566
-331567.00,988054.0,57578
-332444.00,987825.0,57589
-332553.00,987694.0,57602
-330725.00,987539.0,57613
-330444.00,987646.0,57625
-331888.00,987736.0,57636
-332328.00,987539.0,57649
-331796.00,987586.0,57660
-330629.00,987360.0,57672
-331020.00,987266.0,57683
-332565.00,987559.0,57696
-332316.00,987994.0,57707
-331318.00,988283.0,57719
-330217.00,988535.0,57731
-330899.00,988721.0,57743
-332499.00,988208.0,57754
-331965.00,987996.0,57766
-330696.00,987713.0,57778
-331398.00,987415.0,57790
-332200.00,987532.0,57801
-332198.00,987784.0,57812
-330923.00,987812.0,57825
-330919.00,987690.0,57836
-331944.00,987681.0,57848
-331661.00,987663.0,57860
-332260.00,987594.0,57872
-331221.00,987672.0,57883
-330214.00,987937.0,57895
-331639.00,988031.0,57907
-331923.00,988117.0,57919
-331027.00,988030.0,57930
-330582.00,987869.0,57943
-330738.00,987569.0,57954
-332043.00,987605.0,57966
-332357.00,987529.0,57977
-331247.00,987468.0,57990
-330926.00,987614.0,58001
-331174.00,987780.0,58013
-332143.00,987900.0,58024
-332072.00,987748.0,58037
-331283.00,987761.0,58048
-330913.00,987811.0,58060
-331060.00,987799.0,58072
-332150.00,987893.0,58084
-331712.00,988077.0,58095
-330586.00,988069.0,58107
-330652.00,988155.0,58119
-331542.00,988036.0,58131
-332205.00,987712.0,58142
-331756.00,987439.0,58155
-331363.00,987422.0,58166
-331833.00,987509.0,58178
-332452.00,987727.0,58189
-331554.00,987670.0,58202
-331194.00,987656.0,58213
-331043.00,987654.0,58225
-331676.00,987612.0,58236
-332029.00,987751.0,58249
-330965.00,987911.0,58260
-331101.00,987960.0,58272
-331315.00,988147.0,58284
-331574.00,988025.0,58296
-331891.00,987947.0,58307
-330734.00,987725.0,58319
-330775.00,987502.0,58331
-331676.00,987383.0,58343
-332179.00,987307.0,58354
-331831.00,987407.0,58366
-331110.00,987585.0,58378
-331259.00,987770.0,58390
-331353.00,987589.0,58401
-331874.00,987588.0,58414
-331870.00,987647.0,58425
-331080.00,987906.0,58437
-331187.00,988274.0,58448
-331901.00,988322.0,58461
-331467.00,988273.0,58472
-331056.00,988186.0,58484
-331384.00,987919.0,58496
-331606.00,987686.0,58508
-331930.00,987531.0,58519
-332130.00,987491.0,58531
-330828.00,987464.0,58543
-330947.00,987511.0,58555
-332201.00,987589.0,58566
-331496.00,987614.0,58577
-330881.00,987709.0,58590
-330926.00,987793.0,58601
-331743.00,987916.0,58613
-332157.00,988181.0,58625
-331672.00,988242.0,58637
-330442.00,988200.0,58648
-330930.00,988035.0,58660
-331932.00,987862.0,58672
-331550.00,987776.0,58684
-331735.00,987723.0,58695
-331545.00,987514.0,58707
-331128.00,987316.0,58719
-332134.00,987389.0,58731
-332050.00,987404.0,58742
-331433.00,987496.0,58755
-331136.00,987847.0,58766
-330954.00,988045.0,58778
-331831.00,988226.0,58789
-331995.00,988245.0,58802
-330720.00,988204.0,58813
-330567.00,988410.0,58825
-331429.00,988294.0,58836
-331383.00,988097.0,58849
-331884.00,987788.0,58860
-331760.00,987612.0,58872
-330926.00,987391.0,58884
-331719.00,987166.0,58896
-332251.00,987423.0,58907
-331702.00,987393.0,58919
-331409.00,987388.0,58931
-331270.00,987759.0,58943
-331434.00,988052.0,58954
-331608.00,988258.0,58967
-331012.00,988221.0,58978
-330861.00,988190.0,58990
-331009.00,988243.0,59001
-331899.00,988146.0,59014
-331802.00,987955.0,59025
-331018.00,987477.0,59037
-330942.00,987190.0,59048
-331293.00,987030.0,59061
-332306.00,986919.0,59072
-332188.00,986851.0,59084
-330847.00,987016.0,59096
-330968.00,987580.0,59108
-331904.00,987818.0,59119
-332101.00,987914.0,59131
-331326.00,988083.0,59143
-330803.00,988222.0,59155
-330849.00,988260.0,59166
-331211.00,988213.0,59179
-331819.00,988252.0,59190
-331068.00,988003.0,59202
-330670.00,987565.0,59213
-331596.00,987507.0,59226
-331908.00,987379.0,59237
-332096.00,987170.0,59249
-331830.00,987060.0,59260
-331178.00,987233.0,59273
-331323.00,987309.0,59284
-331765.00,987792.0,59296
-331983.00,988037.0,59308
-331278.00,988121.0,59319
-330841.00,988436.0,59331
-331319.00,988639.0,59342
-331632.00,988568.0,59355
-331375.00,988132.0,59366
-3