9⸮8907.00
-246415.00
-0.14,-2.45,1134
0.06,-2.37,1136
-1.02,-2.12,1137
-2.35,-2.05,1148
-0.66,-2.01,1161
0.98,-2.18,1172
-0.67,-2.29,1184
-1.85,-2.31,1196
-1.19,-2.32,1208
-1.24,-2.32,1219
0.07,-2.42,1231
-0.67,-2.36,1243
-2.53,-2.26,1255
-1.88,-2.28,1266
-0.20,-2.20,1278
0.59,-2.09,1290
-1.07,-2.05,1301
-2.25,-2.11,1313
-0.69,-2.22,1325
0.07,-2.34,1337
-0.77,-2.46,1348
-1.81,-2.51,1360
-1.72,-2.43,1372
-1.15,-2.29,1384
0.59,-2.19,1395
-0.58,-2.15,1408
-1.75,-2.18,1419
-0.78,-2.29,1431
-0.36,-2.22,1442
-0.14,-2.16,1455
0.14,-2.09,1466
-1.89,-2.20,1478
-1.94,-2.31,1489
0.30,-2.33,1501
0.22,-2.29,1513
-392.34,-2.29,1524
11423.90,-2.29,1537
-0.62,-2.34,1548
-0.73,-2.36,1560
-1.10,-2.14,1571
-1.77,-2.10,1584
-1.05,-2.16,1595
0.50,-2.20,1607
-0.72,-2.24,1618
-2.78,-2.23,1631
-0.39,-2.37,1642
-0.11,-2.44,1654
-1.34,-2.49,1666
-0.40,-2.42,1678
-1.60,-2.22,1689
-1.99,-2.24,1700
-0.90,-2.20,1713
-0.26,-2.15,1724
-1.26,-2.18,1736
-2.40,-2.28,1747
-1.21,-2.45,1760
0.73,-2.39,1771
0.12,-2.37,1783
-2.48,-2.37,1795
-1.36,-2.44,1807
-0.57,-2.41,1818
-0.32,-2.42,1830
-0.76,-2.29,1842
-2.96,-2.18,1854
-0.96,-2.25,1865
0.62,-2.18,1878
-0.16,-2.15,1889
-1.08,-2.13,1901
-2.02,-2.31,1912
0.45,-2.38,1925
-0.06,-2.32,1936
-1.72,-2.35,1947
-1.19,-2.29,1959
-0.86,-2.29,1971
0.02,-2.36,1983
-0.34,-2.37,1994
-1.74,-2.19,2007
-1.79,-2.17,2018
-0.90,-2.19,2030
0.78,-2.15,2041
-0.38,-2.15,2054
-3.23,-2.21,2065
-1.61,-2.39,2077
0.65,-2.58,2088
-1.61,-2.63,2101
-1.18,-2.52,2112
-0.98,-2.32,2123
-2.18,-2.15,2136
1.44,-2.02,2147
0.37,-1.92,2159
-2.01,-1.72,2170
0.02,-1.78,2183
0.14,-2.20,2194
-0.62,-2.48,2206
-0.15,-2.51,2217
-1.75,-2.67,2230
-2.33,-2.74,2241
-0.44,-2.65,2253
-0.17,-2.51,2265
-1.24,-2.23,2277
-2.54,-2.03,2288
1.20,-2.08,2300
-1.19,-2.01,2312
-0.96,-1.89,2323
-0.75,-2.05,2335
-1.55,-2.40,2347
0.30,-2.62,2359
-1.01,-2.61,2370
-3.95,-2.67,2382
-0.40,-2.68,2394
-0.21,-2.58,2406
-2.70,-2.54,2417
-0.81,-2.23,2429
-0.73,-1.90,2441
-0.98,-1.95,2453
0.35,-2.04,2464
-0.87,-2.03,2477
-1.68,-2.15,2488
-1.25,-2.36,2500
-0.39,-2.59,2511
-0.72,-2.59,2524
-1.51,-2.54,2535
-1.34,-2.63,2546
-1.70,-2.65,2558
-1.73,-2.37,2570
1.02,-2.14,2582
0.10,-1.87,2593
-2.60,-1.75,2606
-0.85,-1.88,2617
0.38,-2.01,2629
-0.41,-2.16,2640
-0.82,-2.30,2653
-1.08,-2.52,2664
-0.86,-2.71,2676
-0.60,-2.68,2688
-2.15,-2.65,2700
-1.77,-2.36,2711
-0.41,-2.19,2723
-1.51,-2.06,2735
-1.70,-1.96,2746
0.25,-1.93,2758
0.03,-2.04,2769
-0.98,-2.12,2782
-0.89,-2.28,2793
-0.95,-2.34,2805
-1.12,-2.42,2817
-0.95,-2.66,2829
-1.18,-2.76,2840
-1.54,-2.62,2852
-1.11,-2.29,2864
-1.26,-2.13,2876
-0.78,-2.08,2887
-0.56,-1.87,2899
0.13,-1.82,2911
-0.72,-1.93,2923
-1.81,-2.16,2934
-0.01,-2.34,2946
-0.00,-2.41,2958
-1.09,-2.62,2969
-1.16,-2.63,2981
-1.84,-2.63,2993
-1.79,-2.50,3005
-0.45,-2.44,3016
-0.56,-2.36,3028
-1.01,-2.16,3040
-0.64,-1.96,3052
-1.26,-2.04,3063
-0.26,-2.23,3076
-1.17,-2.18,3087
-0.57,-2.34,3099
-2.26,-2.53,3110
-0.68,-2.54,3123
-0.03,-2.48,3134
-2.32,-2.41,3146
-1.57,-2.42,3158
0.65,-2.21,3169
-0.87,-2.09,3181
-2.00,-2.09,3192
-0.92,-2.15,3205
0.03,-2.24,3216
0.31,-2.29,3228
-1.37,-2.23,3239
-1.85,-2.36,3252
-0.48,-2.44,3263
-0.46,-2.51,3275
-0.70,-2.43,3287
-1.11,-2.36,3299
-1.94,-2.28,3310
-0.58,-2.12,3322
-0.64,-2.01,3334
-0.88,-2.05,3346
-0.49,-2.17,3357
-1.65,-2.15,3368
-0.65,-2.35,3381
-0.04,-2.38,3392
-1.53,-2.36,3404
-1.59,-2.49,3416
-0.53,-2.40,3428
-1.14,-2.36,3439
-0.98,-2.39,3451
-2.04,-2.23,3463
-0.00,-2.26,3475
0.86,-2.18,3486
-0.27,-2.09,3499
-1.42,-2.19,3510
-1.83,-2.27,3522
0.32,-2.24,3533
-0.22,-2.28,3546
-1.74,-2.35,3557
-1.71,-2.39,3568
-1.21,-2.39,3580
-0.37,-2.45,3592
-0.25,-2.38,3604
-0.89,-2.24,3615
-1.92,-2.21,3628
-1.89,-2.24,3639
-0.83,-2.24,3651
0.07,-2.27,3662
-1.17,-2.19,3675
-2.03,-2.21,3686
-1.08,-2.29,3698
-0.44,-2.36,3709
0.21,-2.36,3722
-1.07,-2.30,3733
-1.90,-2.40,3745
-1.22,-2.43,3757
-0.57,-2.25,3768
-0.52,-2.17,3780
-0.78,-2.18,3791
-1.75,-2.20,3804
-0.66,-2.14,3815
0.49,-2.12,3827
-0.55,-2.02,3838
-1.29,-2.20,3851
-0.70,-2.43,3862
0.42,-2.54,3874
-1.07,-2.47,3886
-2.32,-2.28,3898
-2.03,-2.22,3909
-0.97,-2.39,3921
0.76,-2.50,3933
-0.41,-2.39,3945
-3.09,-2.26,3956
-2.06,-2.37,3969
0.42,-2.36,3980
1.16,-2.30,3991
-0.87,-2.10,4003
-2.31,-2.15,4015
-0.10,-2.31,4027
-0.01,-2.42,4038
-1.38,-2.40,4050
-1.18,-2.33,4062
-1.95,-2.34,4074
-0.97,-2.29,4085
0.84,-2.24,4098
-0.95,-2.18,4109
-2.77,-2.22,4121
-1.77,-2.16,4132
-0.45,-2.14,4145
0.51,-2.21,4156
0.05,-2.15,4167
-1.51,-2.23,4179
-1.51,-2.32,4191
0.19,-2.30,4203
0.16,-2.23,4214
-1.46,-2.22,4227
-1.46,-2.49,4238
0.89,-2.68,4250
-0.35,-2.54,4261
-1.23,-2.28,4274
-1.71,-2.11,4285
-1.09,-2.14,4297
0.61,-2.23,4308
-1.08,-2.18,4321
-1.61,-2.17,4332
-0.55,-2.37,4344
-1.49,-2.51,4356
-0.59,-2.57,4368
-0.23,-2.42,4379
-2.25,-2.29,4390
-1.25,-2.20,4403
0.08,-2.06,4414
-0.34,-2.11,4426
-0.24,-2.17,4438
-1.50,-2.16,4450
-1.22,-2.25,4461
0.23,-2.27,4473
-0.26,-2.19,4485
-1.24,-2.17,4497
-1.90,-2.20,4508
0.06,-2.45,4520
1.03,-2.47,4532
-2.42,-2.38,4544
-2.84,-2.37,4555
-0.46,-2.42,4568
-1.58,-2.39,4579
-0.83,-2.14,4590
-0.29,-2.16,4602
-1.75,-2.22,4614
-0.67,-2.26,4626
-0.78,-2.21,4637
-1.21,-2.29,4649
-1.61,-2.34,4661
-0.49,-2.46,4673
-0.78,-2.48,4684
-1.60,-2.49,4697
-0.65,-2.49,4708
-0.91,-2.30,4720
-1.77,-2.20,4731
-0.31,-2.17,4744
-0.18,-2.05,4755
-1.10,-2.14,4767
-0.92,-2.23,4779
-0.94,-2.23,4791
-0.49,-2.37,4802
-1.55,-2.52,4813
-1.71,-2.43,4826
-0.59,-2.41,4837
-0.90,-2.35,4849
-1.00,-2.26,4860
-0.47,-2.19,4873
-1.22,-2.09,4884
-1.14,-2.15,4896
-0.63,-2.10,4908
-1.25,-2.14,4920
-0.98,-2.19,4931
-0.73,-2.09,4943
-0.72,-2.27,4955
-0.82,-2.42,4967
0.02,-2.48,4978
-0.68,-2.52,4990
-1.67,-2.38,5002
-0.66,-2.38,5013
-1.39,-2.29,5025
-0.86,-2.12,5037
-0.22,-2.10,5049
-0.97,-1.99,5060
-1.20,-1.97,5072
-0.14,-2.09,5084
-1.04,-2.27,5096
-1.44,-2.47,5107
-0.39,-2.57,5120
-1.27,-2.56,5131
-1.55,-2.46,5143
0.22,-2.35,5154
-0.96,-2.27,5167
-2.12,-2.26,5178
0.18,-2.20,5190
0.28,-2.10,5201
-1.58,-2.10,5213
-0.57,-2.13,5225
-0.44,-2.19,5236
-1.72,-2.18,5249
-0.11,-2.36,5260
-0.75,-2.53,5272
-2.06,-2.48,5283
-0.91,-2.47,5296
-0.76,-2.47,5307
-0.84,-2.34,5319
-0.65,-2.07,5330
-0.47,-1.88,5343
-1.67,-2.00,5354
-1.84,-2.12,5366
0.45,-2.23,5378
-3.18,-2.19,5390
-1.43,-2.11,5401
-0.04,-2.36,5412
-1.29,-2.49,5425
-1.71,-2.41,5436
-1.65,-2.56,5448
-1.36,-2.64,5459
-0.16,-2.45,5472
-0.75,-2.27,5483
-2.15,-2.03,5495
-0.04,-2.04,5507
0.00,-2.08,5519
-1.41,-2.04,5530
-0.62,-2.17,5542
-1.26,-2.34,5554
-1.85,-2.57,5566
-1.66,-2.77,5577
-0.96,-2.76,5590
-0.58,-2.56,5601
-2.53,-2.43,5612
-1.80,-2.30,5624
-0.57,-2.26,5636
-0.46,-2.22,5648
-0.69,-2.11,5659
-1.05,-2.05,5671
-1.23,-2.08,5683
0.36,-2.11,5695
-0.11,-2.33,5706
-2.66,-2.57,5719
-0.87,-2.66,5730
-0.22,-2.60,5742
-1.98,-2.55,5753
-1.13,-2.42,5766
-1.84,-2.14,5777
0.05,-2.11,5789
-0.74,-1.99,5800
-1.29,-1.93,5813
-0.30,-2.07,5824
-0.74,-2.18,5835
-0.75,-2.37,5848
-0.99,-2.44,5859
-2.00,-2.44,5871
-1.89,-2.48,5882
-1.46,-2.51,5895
-0.61,-2.47,5906
-0.79,-2.38,5918
-1.85,-2.24,5929
-1.31,-2.12,5942
-0.52,-1.98,5953
-0.90,-1.92,5965
-0.67,-2.10,5977
-1.26,-2.37,5989
-0.56,-2.52,6000
0.85,-2.47,6012
-0.78,-2.43,6024
-1.85,-2.55,6035
-0.52,-2.52,6047
0.12,-2.45,6059
-1.05,-2.20,6071
-1.47,-2.03,6082
-1.03,-1.96,6094
-0.92,-1.82,6106
-0.58,-1.91,6118
-0.31,-2.01,6129
-1.02,-2.25,6141
-2.12,-2.47,6153
-0.03,-2.69,6165
-1.41,-2.75,6176
-0.76,-2.58,6189
-1.22,-2.57,6200
-0.99,-2.53,6212
0.36,-2.34,6223
-0.22,-2.02,6235
-1.96,-1.93,6247
-1.37,-1.96,6258
0.25,-2.07,6270
-0.38,-2.16,6282
-1.13,-2.30,6294
-1.58,-2.53,6305
-0.98,-2.52,6318
0.18,-2.52,6329
-1.38,-2.60,6341
-3.06,-2.48,6352
-1.73,-2.26,6365
0.13,-2.14,6376
-0.81,-2.04,6388
-1.42,-1.90,6400
-0.05,-1.89,6412
-0.05,-2.03,6423
-1.36,-2.23,6434
0.03,-2.35,6447
-0.51,-2.56,6458
-2.03,-2.69,6470
-1.52,-2.69,6481
-0.50,-2.66,6494
-0.46,-2.42,6505
-1.79,-2.10,6517
-2.26,-2.07,6529
-0.45,-1.98,6541
-0.50,-1.90,6552
-1.65,-1.89,6564
-1.38,-1.98,6576
-0.03,-2.26,6588
-0.29,-2.50,6599
-2.18,-2.65,6611
-2.47,-2.87,6623
-1.47,-2.85,6635
-0.43,-2.71,6646
-0.83,-2.46,6658
-2.61,-2.15,6670
-2.16,-2.03,6681
0.15,-1.92,6693
-0.06,-1.86,6705
-1.10,-1.96,6717
-0.88,-2.13,6728
-1.74,-2.38,6740
-1.19,-2.60,6752
-0.09,-2.64,6764
-0.93,-2.66,6775
-2.50,-2.58,6788
-2.27,-2.55,6799
0.04,-2.56,6811
0.14,-2.35,6822
-2.05,-2.10,6835
-2.51,-1.97,6846
-0.23,-1.96,6857
0.99,-2.12,6870
-0.10,-2.16,6881
-1.62,-2.33,6893
-1.46,-2.53,6904
-0.14,-2.65,6917
0.05,-2.68,6928
-1.45,-2.57,6940
-1.25,-2.58,6951
0.46,-2.36,6964
0.00,-2.15,6975
-2.14,-2.10,6987
-1.32,-2.03,6999
0.22,-1.97,7011
0.08,-2.03,7022
0.24,-1.96,7034
-1.12,-2.19,7046
-2.56,-2.51,7057
-1.71,-2.71,7069
0.58,-2.73,7080
-0.36,-2.48,7093
-3.21,-2.33,7104
-1.89,-2.38,7116
1.32,-2.19,7128
1.15,-2.02,7140
-1.08,-2.00,7151
-2.06,-2.12,7163
-0.91,-2.26,7175
0.18,-2.30,7187
-0.65,-2.39,7198
-2.31,-2.47,7211
-2.16,-2.56,7222
-0.77,-2.54,7234
0.47,-2.46,7245
-0.83,-2.27,7257
-3.10,-2.19,7269
-1.77,-2.08,7280
0.05,-2.08,7292
0.13,-2.10,7304
-0.36,-2.00,7316
-1.54,-2.09,7327
-0.63,-2.36,7340
0.61,-2.55,7351
-1.29,-2.58,7363
-3.60,-2.61,7374
-1.46,-2.61,7387
0.58,-2.34,7398
-0.63,-2.17,7410
-1.54,-2.10,7421
-1.65,-2.10,7434
-0.22,-2.10,7445
0.43,-2.05,7456
-0.20,-2.11,7469
-1.51,-2.20,7480
-1.16,-2.28,7492
0.75,-2.45,7503
-1.16,-2.54,7516
-1.95,-2.48,7527
-0.47,-2.51,7539
-1.27,-2.52,7550
-1.52,-2.39,7563
-0.27,-2.24,7574
-0.26,-2.20,7586
-1.41,-2.12,7598
-0.64,-2.08,7610
-0.22,-2.09,7621
-0.76,-2.18,7633
-0.72,-2.30,7645
-1.78,-2.38,7656
-1.62,-2.49,7668
0.09,-2.54,7680
-0.09,-2.56,7692
-2.07,-2.38,7703
0.13,-2.31,7715
-0.10,-2.23,7727
-2.30,-2.13,7739
-0.88,-2.17,7750
-0.59,-2.13,7762
-1.21,-2.10,7774
-0.35,-2.20,7786
-1.31,-2.30,7797
-1.78,-2.32,7810
-0.82,-2.48,7821
-1.13,-2.62,7833
-1.08,-2.55,7844
-0.83,-2.48,7857
-0.98,-2.32,7868
-0.75,-2.38,7879
-0.83,-2.34,7891
-0.92,-2.16,7903
-0.55,-2.13,7915
-1.50,-2.25,7926
-1.33,-2.34,7939
-0.44,-2.36,7950
-1.10,-2.47,7962
-1.35,-2.54,7973
-1.17,-2.52,7986
-0.65,-2.43,7997
-0.89,-2.27,8009
-1.69,-2.27,8020
-1.28,-2.24,8033
0.24,-2.10,8044
-0.48,-2.09,8055
-1.18,-2.17,8068
-1.61,-2.22,8079
-0.25,-2.31,8091
-1.43,-2.31,8102
-1.55,-2.39,8115
-0.56,-2.50,8126
-1.07,-2.47,8138
-0.70,-2.51,8150
-0.26,-2.57,8162
-0.54,-2.40,8173
-1.04,-2.16,8185
-1.01,-2.07,8197
-0.49,-2.17,8209
-0.71,-2.38,8220
-1.26,-2.40,8232
-0.90,-2.44,8244
-1.15,-2.46,8256
-2.00,-2.43,8267
-1.22,-2.53,8279
-1.66,-2.40,8291
-1.62,-2.24,8302
-0.53,-2.15,8314
-1.34,-2.02,8326
-1.41,-2.04,8338
0.11,-2.12,8349
-0.27,-2.12,8361
-1.34,-2.17,8373
-0.62,-2.30,8385
-0.76,-2.31,8396
-0.95,-2.44,8409
-0.82,-2.55,8420
-1.36,-2.50,8432
-0.94,-2.32,8443
-0.86,-2.08,8456
-1.15,-2.14,8467
-0.60,-2.20,8478
1.07,-2.23,8491
-1.69,-2.22,8502
-2.06,-2.16,8514
-0.17,-2.21,8525
-1.98,-2.20,8538
-1.09,-2.25,8549
0.42,-2.35,8561
-1.82,-2.38,8572
-0.62,-2.30,8585
-0.45,-2.22,8596
-2.08,-2.17,8608
-0.14,-2.14,8620
0.22,-2.22,8632
-1.34,-2.28,8643
-1.01,-2.20,8655
-1.48,-2.23,8667
-1.38,-2.33,8678
-1.70,-2.45,8690
-2.32,-2.43,8701
0.25,-2.41,8714
-1.33,-2.33,8725
-2.38,-2.32,8737
0.35,-2.24,8749
-0.99,-2.19,8761
-0.99,-2.15,8772
0.72,-2.15,8784
-1.92,-2.15,8796
-0.93,-2.26,8808
0.71,-2.39,8819
-1.58,-2.48,8832
-1.32,-2.52,8843
-1.27,-2.58,8855
-0.75,-2.53,8866
-1.72,-2.35,8878
-0.69,-2.37,8890
-0.10,-2.36,8901
-1.37,-2.08,8913
-0.60,-2.08,8925
-1.57,-2.05,8937
-2.03,-2.08,8948
0.13,-2.32,8961
-0.27,-2.46,8972
-1.07,-2.44,8984
-0.77,-2.48,8995
-3.17,-2.56,9008
-1.30,-2.58,9019
0.88,-2.49,9031
-1.38,-2.33,9042
-2.12,-2.29,9055
-1.54,-2.27,9066
-0.61,-2.23,9077
0.02,-2.21,9090
-0.66,-2.09,9101
-1.60,-2.17,9113
-1.99,-2.36,9124
-0.68,-2.46,9137
0.28,-2.42,9148
-2.06,-2.44,9160
-2.36,-2.53,9171
-0.10,-2.42,9184
-1.07,-2.30,9195
-0.77,-2.17,9207
0.20,-2.16,9219
-1.41,-2.16,9231
-1.12,-2.19,9242
-0.08,-2.20,9254
-2.42,-2.28,9266
-2.90,-2.33,9278
-0.35,-2.56,9289
0.64,-2.55,9300
-1.39,-2.49,9313
-2.87,-2.44,9324
-1.53,-2.33,9336
0.18,-2.34,9348
0.11,-2.23,9360
-1.29,-2.18,9371
-1.57,-2.26,9383
-0.13,-2.34,9395
-0.01,-2.40,9407
-1.07,-2.40,9418
-1.44,-2.30,9431
-2.31,-2.39,9442
-1.47,-2.54,9454
-0.21,-2.47,9465
-1.06,-2.28,9477
-1.34,-2.25,9489
-1.08,-2.26,9500
-1.27,-2.30,9512
0.12,-2.33,9524
0.09,-2.36,9536
-2.70,-2.33,9547
-2.12,-2.36,9560
0.34,-2.33,9571
-0.68,-2.32,9583
-1.73,-2.34,9594
-2.38,-2.25,9607
-0.78,-2.33,9618
0.15,-2.32,9630
-1.27,-2.28,9641
-1.18,-2.30,9654
-0.96,-2.28,9665
-0.86,-2.34,9677
-0.70,-2.35,9689
-1.11,-2.34,9700
-1.56,-2.22,9712
-0.91,-2.16,9723
-0.60,-2.29,9736
-1.35,-2.35,9747
-1.40,-2.35,9759
-0.23,-2.29,9771
-0.30,-2.29,9783
-0.60,-2.16,9794
-0.88,-2.20,9806
-1.91,-2.34,9818
-0.94,-2.40,9830
-0.28,-2.38,9841
-1.10,-2.23,9853
-1.26,-2.24,9865
-1.40,-2.33,9877
-1.57,-2.29,9888
0.16,-2.17,9900
-0.77,-2.05,9912
-2.69,-2.25,9923
-0.62,-2.42,9935
0.43,-2.46,9947
-1.45,-2.42,9959
-1.63,-2.44,9970
-1.05,-2.46,9982
-1.22,-2.34,9994
-0.71,-2.18,10006
-0.92,-2.06,10017
-1.49,-2.18,10030
-0.33,-2.27,10041
0.39,-2.32,10053
-0.88,-2.41,10064
-2.29,-2.42,10077
-1.22,-2.48,10088
0.15,-2.43,10099
-0.44,-2.34,10112
-0.93,-2.25,10123
-1.69,-2.23,10135
-0.39,-2.15,10146
0.24,-2.13,10159
-1.69,-2.30,10170
-1.67,-2.38,10182
-0.94,-2.48,10193
-0.63,-2.49,10206
0.24,-2.47,10217
-1.76,-2.36,10229
-3.16,-2.25,10241
-0.80,-2.34,10253
0.66,-2.30,10264
-0.59,-2.22,10276
-0.82,-2.42,10288
-2.09,-2.38,10299
-1.67,-2.37,10311
0.31,-2.20,10322
-0.02,-2.24,10335
-1.85,-2.35,10346
-3.08,-2.34,10358
-0.43,-2.44,10370
1.06,-2.50,10382
-1.90,-2.52,10393
-0.87,-2.44,10405
-0.32,-2.37,10417
-0.07,-2.35,10429
-1.32,-2.19,10440
-2.57,-2.07,10452
-0.47,-2.12,10464
0.61,-2.24,10476
-0.75,-2.35,10487
-1.21,-2.25,10499
-1.13,-2.27,10511
-1.18,-2.33,10522
-0.85,-2.39,10534
-0.93,-2.33,10546
-1.35,-2.34,10558
-1.18,-2.35,10569
-0.96,-2.33,10582
-0.79,-2.08,10593
-1.11,-1.92,10605
-1.65,-2.03,10616
-1.47,-2.16,10629
-0.58,-2.32,10640
0.26,-2.27,10652
-1.13,-2.32,10663
-2.49,-2.44,10676
-0.94,-2.52,10687
0.78,-2.54,10698
-1.21,-2.44,10711
-1.85,-2.43,10722
-1.77,-2.45,10734
-1.85,-2.36,10745
0.96,-2.21,10758
0.15,-2.08,10769
-2.18,-2.08,10781
0.14,-2.09,10792
-0.90,-2.20,10805
-0.84,-2.28,10816
-1.30,-2.34,10828
-1.47,-2.59,10840
-0.10,-2.62,10852
-0.75,-2.66,10863
-1.49,-2.44,10875
-1.22,-2.22,10887
-1.62,-2.13,10898
-0.03,-2.12,10910
0.13,-2.03,10921
-1.94,-1.93,10934
-1.95,-2.07,10945
-1.47,-2.32,10957
-0.14,-2.51,10969
0.19,-2.64,10981
-2.28,-2.70,10992
-2.21,-2.62,11004
0.34,-2.55,11016
-0.90,-2.42,11028
-1.65,-2.24,11039
-1.28,-1.99,11052
-0.87,-1.86,11063
0.66,-1.87,11075
0.00,-1.97,11086
-1.29,-2.17,11098
-0.99,-2.42,11110
-0.83,-2.63,11121
-0.31,-2.83,11133
-1.93,-2.83,11145
-2.65,-2.71,11157
-0.79,-2.52,11168
-1.09,-2.27,11181
0.15,-2.11,11192
-1.63,-1.98,11204
-1.51,-1.97,11215
0.67,-2.16,11228
0.05,-2.17,11239
-1.39,-2.24,11251
-1.84,-2.31,11262
-1.29,-2.49,11275
-0.04,-2.70,11286
-0.88,-2.77,11297
-2.23,-2.69,11310
-1.40,-2.48,11321
-1.13,-2.35,11333
-0.95,-2.23,11344
-0.87,-2.12,11357
-2.12,-2.02,11368
-0.99,-1.91,11380
0.12,-2.10,11392
-1.30,-2.30,11404
-0.58,-2.56,11415
-0.42,-2.66,11427
-1.60,-2.60,11439
-0.73,-2.70,11451
-1.38,-2.43,11462
-1.07,-2.37,11474
-1.14,-2.20,11486
-1.59,-2.06,11497
-0.19,-1.89,11509
-0.42,-1.81,11521
-1.41,-2.00,11533
-0.88,-2.18,11544
-0.56,-2.42,11556
-1.61,-2.61,11568
-2.80,-2.74,11580
-2.37,-2.83,11591
-0.92,-2.82,11603
-0.99,-2.63,11615
-1.42,-2.24,11627
-1.07,-2.07,11638
-0.54,-1.84,11651
-0.25,-1.72,11662
-1.19,-1.87,11674
-0.49,-2.08,11685
-0.07,-2.44,11697
-1.49,-2.70,11709
-0.28,-2.86,11720
-0.95,-2.81,11732
-2.44,-2.75,11744
-0.89,-2.65,11756
-0.64,-2.28,11767
-0.54,-2.08,11780
-0.77,-1.87,11791
-1.82,-1.76,11803
-1.09,-1.84,11814
-0.19,-1.89,11827
-0.37,-2.01,11838
-1.41,-2.33,11850
-2.76,-2.70,11862
-1.44,-2.90,11874
0.22,-2.90,11885
-1.75,-2.66,11896
-2.30,-2.44,11909
-0.64,-2.27,11920
-0.72,-1.94,11932
-0.41,-1.80,11943
-1.11,-1.72,11956
-0.82,-1.92,11967
-0.26,-2.18,11979
-0.38,-2.32,11991
-1.20,-2.50,12003
-1.54,-2.59,12014
-1.55,-2.74,12026
-0.93,-2.69,12038
0.31,-2.66,12050
-1.24,-2.40,12061
-2.19,-2.19,12073
-1.01,-2.05,12085
0.28,-2.07,12096
0.05,-2.08,12108
-1.44,-2.01,12120
-1.85,-2.09,12132
-0.98,-2.25,12143
0.21,-2.45,12155
-1.20,-2.63,12167
-2.52,-2.59,12179
-1.07,-2.68,12190
-0.52,-2.71,12203
-1.02,-2.50,12214
-0.87,-2.26,12226
-0.38,-1.85,12237
-0.54,-1.82,12250
-0.87,-2.04,12261
-0.03,-2.09,12273
0.09,-2.14,12284
-1.35,-2.31,12296
-1.87,-2.55,12308
-1.37,-2.57,12319
-1.19,-2.60,12332
-1.26,-2.53,12343
-1.55,-2.52,12355
-0.08,-2.39,12366
0.03,-2.18,12379
-1.19,-2.09,12390
-1.22,-1.97,12402
-0.27,-2.02,12413
0.04,-2.05,12426
-1.27,-2.26,12437
-1.47,-2.53,12449
-0.89,-2.68,12461
-1.37,-2.71,12473
-1.23,-2.76,12484
-0.57,-2.66,12496
-1.90,-2.49,12508
-1.08,-2.30,12519
-0.29,-2.05,12531
-0.76,-1.84,12542
-0.09,-1.91,12555
-1.29,-1.96,12566
-1.73,-2.13,12578
0.10,-2.52,12590
-0.91,-2.67,12602
-2.21,-2.75,12613
-1.71,-2.89,12625
-2.15,-2.80,12637
-1.36,-2.67,12649
-0.83,-2.35,12660
-1.82,-2.04,12673
-1.31,-1.91,12684
0.36,-1.80,12695
0.14,-1.70,12707
-1.00,-1.79,12719
0.23,-2.01,12731
-1.55,-2.48,12742
-2.34,-2.67,12754
-0.15,-2.77,12766
-2.22,-2.82,12778
-2.56,-2.79,12789
-0.40,-2.62,12802
-1.09,-2.21,12813
-1.20,-2.00,12825
-0.12,-1.88,12836
-0.45,-1.79,12849
-0.30,-1.85,12860
0.24,-2.05,12872
-1.24,-2.25,12883
-1.37,-2.53,12896
-0.80,-2.85,12907
-1.52,-3.00,12918
-1.83,-2.93,12931
-1.77,-2.74,12942
-0.38,-2.44,12954
0.02,-2.20,12965
-2.27,-1.83,12978
-1.42,-1.85,12989
-0.09,-1.77,13001
-0.82,-1.86,13012
-0.12,-2.03,13025
-1.46,-2.24,13036
-1.06,-2.51,13048
0.44,-2.76,13060
-0.96,-2.85,13072
-2.23,-2.76,13083
-1.06,-2.49,13095
-1.49,-2.42,13107
-0.65,-2.22,13118
0.07,-1.97,13130
-1.58,-1.81,13142
-0.82,-1.81,13154
0.48,-1.87,13165
-1.55,-2.16,13177
-1.82,-2.43,13189
-0.96,-2.61,13201
-1.64,-2.85,13212
-1.28,-2.93,13224
-0.97,-2.90,13236
-2.17,-2.74,13248
-1.87,-2.50,13259
-0.04,-2.17,13272
-0.21,-1.87,13283
-1.42,-1.73,13295
-0.78,-1.72,13306
0.28,-1.90,13318
-1.26,-2.24,13330
-1.57,-2.49,13341
-0.48,-2.77,13353
-1.07,-3.03,13365
-1.49,-3.13,13377
-1.31,-2.97,13388
-1.16,-2.64,13401
-1.14,-2.07,13412
-1.28,-1.79,13424
-1.72,-1.63,13435
-0.44,-1.62,13448
0.48,-1.74,13459
-0.42,-2.00,13471
-0.61,-2.30,13483
-0.70,-2.64,13495
-1.62,-2.93,13506
-2.68,-3.12,13517
-1.28,-2.99,13530
-1.47,-2.80,13541
-1.29,-2.47,13553
-1.07,-2.14,13564
-1.33,-1.84,13577
-0.02,-1.64,13588
0.64,-1.55,13600
-0.93,-1.58,13612
-1.52,-1.90,13624
-0.28,-2.49,13635
-0.88,-2.92,13647
-1.97,-3.15,13659
-0.87,-3.16,13671
-0.69,-3.02,13682
-2.50,-2.78,13694
-0.84,-2.45,13706
0.42,-2.02,13717
-0.54,-1.61,13729
-1.58,-1.47,13741
-0.21,-1.55,13753
1.20,-1.84,13764
0.12,-2.06,13776
-1.25,-2.50,13788
-1.54,-2.97,13800
-1.34,-3.20,13811
-0.59,-3.20,13824
-1.38,-3.03,13835
-2.75,-2.64,13847
-1.43,-2.22,13858
0.69,-1.79,13871
0.07,-1.41,13882
-1.17,-1.41,13894
-0.23,-1.59,13905
0.39,-1.87,13917
-1.45,-2.31,13929
-1.54,-2.68,13940
-1.86,-2.94,13953
-1.98,-3.17,13964
-0.53,-3.23,13976
-0.45,-2.93,13987
-1.74,-2.51,14000
-1.41,-2.19,14011
0.04,-1.85,14023
0.45,-1.65,14034
-0.30,-1.48,14047
-1.78,-1.39,14058
-0.94,-1.83,14070
0.75,-2.37,14082
-0.73,-2.88,14094
-2.83,-3.13,14105
-2.30,-3.30,14116
-2.08,-3.29,14129
-1.54,-3.05,14140
-0.70,-2.53,14152
-1.43,-2.05,14163
-1.67,-1.55,14176
-0.04,-1.31,14187
0.99,-1.39,14199
-1.17,-1.66,14211
-1.03,-2.04,14223
-0.15,-2.61,14234
-1.13,-3.09,14246
-0.58,-3.33,14258
-0.99,-3.35,14270
-3.32,-3.21,14281
-0.62,-2.91,14294
0.39,-2.41,14305
-1.81,-1.98,14316
-0.97,-1.53,14328
-0.36,-1.38,14340
0.50,-1.51,14352
0.36,-1.73,14363
-1.69,-2.13,14375
-1.13,-2.59,14387
-1.30,-2.90,14399
-1.56,-3.19,14410
-2.05,-3.21,14423
-2.28,-3.07,14434
-1.92,-2.76,14446
-1.25,-2.32,14457
-0.93,-1.81,14470
-0.83,-1.48,14481
0.03,-1.35,14493
-0.25,-1.44,14504
-0.15,-1.76,14516
-0.44,-2.18,14528
-0.62,-2.69,14539
-1.21,-3.05,14552
-1.70,-3.25,14563
-0.24,-3.15,14575
-0.95,-2.81,14586
-2.74,-2.53,14599
-1.77,-2.06,14610
-0.72,-1.79,14622
-0.13,-1.62,14633
-0.66,-1.57,14646
-2.31,-1.83,14657
-0.13,-2.21,14669
-1.25,-2.53,14681
-1.70,-2.79,14693
-1.94,-3.05,14704
-1.98,-3.14,14715
-1.14,-3.01,14728
-1.69,-2.67,14739
-1.27,-2.27,14751
-0.48,-1.93,14763
-1.31,-1.62,14775
-0.10,-1.60,14786
0.32,-1.69,14798
-1.16,-1.84,14810
-0.60,-2.32,14822
-1.13,-2.77,14833
-0.37,-3.15,14845
-1.36,-3.23,14857
-3.71,-3.19,14869
-2.15,-2.97,14880
-0.73,-2.46,14893
-0.02,-1.99,14904
-0.32,-1.51,14915
-1.53,-1.37,14927
-0.77,-1.50,14939
0.39,-1.75,14951
-0.80,-2.14,14962
-2.45,-2.50,14974
-0.74,-2.94,14986
-0.58,-3.22,14998
-1.71,-3.32,15009
-1.67,-3.09,15022
-1.89,-2.71,15033
-1.48,-2.35,15045
0.05,-1.97,15056
-0.02,-1.49,15069
-1.58,-1.28,15080
-0.91,-1.45,15092
0.50,-1.73,15104
-0.62,-2.28,15115
-2.13,-2.76,15127
-2.67,-3.05,15138
-1.81,-3.33,15151
-0.66,-3.27,15162
-1.79,-3.00,15174
-2.62,-2.49,15185
-1.74,-1.98,15198
-0.28,-1.70,15209
1.33,-1.48,15221
-0.60,-1.39,15233
-1.85,-1.57,15245
0.59,-2.04,15256
-0.38,-2.57,15268
-1.64,-2.96,15280
-1.69,-3.27,15292
-2.05,-3.38,15303
-1.33,-3.22,15314
-0.47,-2.80,15327
-0.84,-2.21,15338
-1.25,-1.78,15350
-0.77,-1.49,15362
-0.01,-1.45,15374
0.52,-1.72,15385
-0.88,-1.84,15397
-1.42,-2.16,15409
-0.36,-2.60,15421
-1.04,-2.92,15432
-1.47,-3.14,15444
-2.72,-2.98,15456
-0.59,-2.76,15468
-0.19,-2.47,15479
-0.86,-2.04,15492
-0.97,-1.75,15503
-0.08,-1.54,15514
0.76,-1.50,15526
-0.72,-1.58,15538
-1.62,-1.97,15550
-0.52,-2.53,15561
-0.08,-2.83,15574
-2.30,-3.17,15585
-2.39,-3.29,15597
-1.52,-3.12,15608
-0.43,-2.81,15621
-0.80,-2.26,15632
-2.45,-1.76,15644
0.35,-1.48,15655
1.18,-1.35,15668
-0.55,-1.43,15679
-0.84,-1.81,15691
-2.08,-2.28,15703
-1.12,-2.83,15714
0.30,-3.20,15726
-2.21,-3.32,15737
-3.26,-3.17,15750
-1.37,-2.96,15761
-1.29,-2.60,15773
-1.77,-2.00,15784
-0.12,-1.56,15797
-0.43,-1.40,15808
0.62,-1.29,15820
0.00,-1.52,15832
-1.54,-1.87,15844
-2.23,-2.25,15855
-0.42,-2.95,15867
-1.07,-3.26,15879
-2.26,-3.24,15891
-1.71,-3.05,15902
-3.76,-2.80,15913
-1.13,-2.40,15926
1.21,-1.95,15937
-1.80,-1.51,15949
-1.49,-1.35,15961
0.55,-1.39,15973
0.01,-1.63,15984
-1.12,-1.99,15996
-1.11,-2.48,16008
-2.00,-2.95,16020
-1.60,-3.43,16031
-1.11,-3.47,16044
-1.58,-3.25,16055
-1.67,-2.84,16067
-2.11,-2.21,16078
-0.90,-1.84,16091
-0.25,-1.36,16102
-0.09,-1.12,16113
0.25,-1.20,16125
-0.44,-1.45,16137
-0.14,-2.09,16149
-0.85,-2.73,16160
-2.25,-3.17,16173
-2.26,-3.48,16184
-2.13,-3.50,16196
-0.99,-3.14,16207
-2.56,-2.61,16220
-1.24,-2.03,16231
0.22,-1.54,16243
0.18,-1.25,16254
0.06,-1.17,16267
-0.49,-1.58,16278
-0.31,-2.03,16290
-0.93,-2.61,16302
-2.67,-3.19,16313
-1.17,-3.51,16325
-1.12,-3.61,16336
-2.56,-3.24,16349
-1.40,-2.78,16360
-1.00,-2.22,16372
-0.18,-1.65,16384
0.32,-1.34,16396
-1.83,-1.20,16407
0.00,-1.39,16419
0.21,-1.69,16431
-1.45,-2.18,16443
-0.52,-2.60,16454
-1.61,-2.94,16466
-0.69,-3.19,16478
-1.20,-3.22,16490
-3.62,-3.13,16501
-1.36,-2.80,16513
-0.12,-2.30,16525
-2.01,-1.74,16536
-1.57,-1.46,16548
-0.42,-1.33,16560
-0.39,-1.48,16572
1.01,-1.90,16583
-1.87,-2.21,16595
-0.68,-2.78,16607
-1.29,-3.27,16619
-1.64,-3.49,16630
-1.17,-3.36,16643
-2.97,-2.92,16654
-1.44,-2.50,16666
-0.10,-1.92,16677
-0.27,-1.36,16690
-0.13,-1.05,16701
-1.16,-1.02,16712
-1.21,-1.33,16724
0.88,-1.79,16736
-0.34,-2.40,16748
-2.87,-2.99,16759
-2.89,-3.53,16772
-1.93,-3.81,16783
-0.88,-3.63,16795
-1.74,-2.98,16806
-3.43,-2.41,16819
-0.68,-1.93,16830
0.52,-1.36,16842
-0.72,-1.17,16854
0.06,-1.20,16866
-0.57,-1.59,16877
-0.51,-2.19,16889
-1.05,-2.78,16901
-1.06,-3.25,16912
-1.55,-3.32,16924
-2.82,-3.41,16935
-2.50,-3.27,16948
-0.80,-2.77,16959
-1.31,-2.10,16971
-1.03,-1.57,16983
-1.13,-1.28,16995
0.68,-1.14,17006
0.48,-1.32,17018
-1.86,-1.61,17030
-0.92,-2.24,17042
-0.71,-2.79,17053
-1.08,-3.27,17065
-2.94,-3.60,17077
-3.99,-3.51,17089
-1.55,-3.22,17100
0.47,-2.74,17112
-0.96,-1.98,17124
-1.43,-1.38,17135
0.44,-1.12,17147
0.35,-1.17,17159
-0.01,-1.47,17171
-0.30,-1.83,17182
-1.37,-2.55,17195
-2.25,-3.18,17206
-1.33,-3.54,17218
-0.88,-3.71,17229
-2.46,-3.43,17242
-2.18,-2.96,17253
-1.21,-2.41,17265
-1.05,-1.80,17276
0.62,-1.31,17289
-0.41,-0.94,17300
-1.14,-0.99,17311
0.10,-1.47,17324
0.52,-2.05,17335
-1.51,-2.79,17347
-2.44,-3.44,17358
-1.65,-3.87,17371
-1.67,-3.98,17382
-3.27,-3.47,17394
-2.88,-2.89,17405
0.45,-2.30,17418
0.37,-1.64,17429
0.32,-1.08,17441
-0.08,-0.74,17453
-0.59,-0.83,17465
0.23,-1.45,17476
-0.64,-2.35,17488
-0.96,-3.08,17500
-1.75,-3.57,17511
-3.16,-3.86,17523
-2.41,-3.68,17534
-1.76,-3.14,17547
-2.42,-2.49,17558
-1.09,-1.68,17570
0.26,-1.15,17582
0.37,-0.90,17594
1.32,-0.96,17605
-0.22,-1.31,17617
-2.14,-1.90,17629
-1.50,-2.58,17641
-1.65,-3.21,17652
-1.83,-3.63,17665
-2.59,-3.57,17676
-3.40,-3.39,17688
-1.39,-2.90,17699
-1.82,-2.36,17711
-2.02,-1.73,17723
1.00,-1.08,17734
0.06,-0.96,17746
0.53,-1.16,17758
0.13,-1.53,17770
-0.52,-1.98,17781
-1.63,-2.69,17794
-3.55,-3.27,17805
-1.82,-3.72,17817
-1.01,-3.81,17828
-2.46,-3.43,17841
-1.63,-2.80,17852
-1.17,-2.08,17864
0.31,-1.46,17875
0.55,-1.01,17888
-1.17,-0.90,17899
0.22,-1.11,17910
0.06,-1.69,17923
-1.27,-2.28,17934
-1.03,-3.02,17946
-2.95,-3.61,17957
-3.62,-3.91,17970
-1.30,-3.83,17981
-1.90,-3.23,17993
-2.22,-2.58,18004
-0.88,-1.80,18017
-2.21,-1.21,18028
0.56,-0.85,18040
2.29,-0.78,18052
-1.27,-1.10,18064
-1.33,-1.87,18075
-0.39,-2.58,18087
-0.61,-3.21,18099
-1.36,-3.59,18110
-3.51,-3.63,18122
-3.30,-3.51,18134
-0.99,-3.00,18146
-1.04,-2.35,18157
-0.74,-1.67,18169
-0.20,-1.19,18181
1.79,-0.95,18193
0.03,-1.07,18204
-1.28,-1.51,18216
-0.63,-2.24,18228
-1.35,-2.99,18240
-1.45,-3.47,18251
-2.50,-3.78,18264
-3.96,-3.65,18275
-2.37,-3.26,18287
-0.78,-2.73,18298
-1.05,-1.92,18310
0.10,-1.24,18322
-1.56,-0.77,18333
-1.32,-0.79,18345
2.07,-1.14,18357
0.06,-1.69,18369
-1.40,-2.50,18380
-2.43,-3.14,18393
-2.33,-3.63,18404
-0.66,-3.87,18416
-2.18,-3.67,18427
-3.85,-3.12,18440
-1.39,-2.42,18451
-0.06,-1.74,18463
1.13,-1.10,18475
0.26,-0.85,18486
-2.50,-0.89,18498
-0.23,-1.42,18509
1.19,-2.19,18522
-1.83,-2.89,18533
-2.34,-3.44,18545
-2.94,-3.80,18556
-1.13,-3.90,18569
-2.02,-3.50,18580
-2.45,-2.83,18592
-1.12,-2.14,18604
-0.61,-1.46,18616
1.82,-0.98,18627
1.11,-0.75,18639
-2.36,-1.02,18651
-0.56,-1.59,18663
0.52,-2.38,18674
-0.69,-3.11,18686
-2.56,-3.56,18698
-4.34,-3.91,18709
-2.52,-3.83,18721
-0.45,-3.45,18733
-2.29,-2.63,18745
-2.40,-1.79,18756
-0.59,-1.20,18768
-0.06,-0.90,18780
1.66,-0.94,18792
-0.66,-1.16,18803
-2.04,-1.89,18816
-0.64,-2.65,18827
-1.97,-3.25,18839
-1.94,-3.67,18850
-1.95,-3.72,18863
-3.11,-3.57,18874
-1.91,-3.02,18886
-1.20,-2.33,18897
-1.28,-1.66,18909
-0.69,-1.07,18921
0.38,-0.86,18932
0.89,-0.95,18945
-0.51,-1.34,18956
-1.12,-2.06,18968
-1.45,-2.86,18979
-1.79,-3.64,18992
-0.73,-3.82,19003
-3.06,-3.84,19015
-3.15,-3.43,19026
-0.12,-2.85,19039
-0.69,-2.20,19050
-1.56,-1.30,19062
-1.07,-1.03,19074
0.25,-0.96,19085
0.62,-1.13,19097
-0.58,-1.61,19108
-0.56,-2.33,19121
-1.33,-2.99,19132
-2.55,-3.46,19144
-1.16,-3.83,19155
-3.17,-3.74,19168
-2.78,-3.32,19179
-0.41,-2.69,19191
-1.90,-1.88,19203
-0.92,-1.27,19215
0.89,-0.88,19226
-0.87,-0.92,19238
-0.70,-1.18,19250
1.13,-1.86,19262
-0.97,-2.46,19273
-2.63,-3.18,19286
-2.18,-3.70,19297
-1.18,-3.83,19308
-0.93,-3.75,19320
-2.61,-3.02,19332
-2.32,-2.44,19344
0.50,-1.81,19355
0.75,-1.23,19367
-1.28,-1.06,19379
-0.36,-1.07,19391
0.23,-1.41,19402
-0.16,-1.98,19415
-1.59,-2.70,19426
-2.64,-3.34,19438
-1.71,-3.61,19449
-1.62,-3.60,19462
-1.74,-3.26,19473
-0.99,-2.79,19485
-1.77,-2.23,19496
-0.64,-1.50,19508
1.02,-1.00,19520
-0.36,-0.87,19531
-0.44,-1.06,19544
-0.02,-1.80,19555
-0.93,-2.32,19567
-0.39,-3.21,19578
-0.42,-3.57,19591
-3.01,-3.78,19602
-3.76,-3.74,19614
-1.38,-3.12,19625
-1.22,-2.49,19638
-1.58,-1.75,19649
-1.15,-1.20,19661
-0.74,-0.94,19673
1.29,-0.91,19684
-2.48,-1.44,19696
0.41,-1.97,19707
0.72,-2.59,19720
-3.47,-3.15,19731
-2.72,-3.54,19743
-1.95,-3.70,19755
-0.94,-3.52,19767
-0.83,-3.03,19778
-3.19,-2.31,19790
-1.11,-1.58,19802
0.36,-1.01,19814
-0.85,-0.95,19825
0.57,-1.06,19837
0.49,-1.50,19849
-2.01,-2.12,19861
-2.12,-2.84,19872
-0.79,-3.48,19884
-0.87,-3.71,19896
-2.82,-3.76,19907
-3.65,-3.36,19919
-0.97,-2.78,19931
-1.04,-2.00,19943
0.03,-1.37,19954
-0.12,-1.11,19966
-1.71,-1.07,19978
1.40,-1.26,19990
1.25,-1.75,20001
-2.20,-2.27,20014
-1.35,-3.08,20025
-1.29,-3.62,20037
-2.43,-3.68,20048
-1.87,-3.58,20061
-2.51,-2.97,20072
-0.79,-2.40,20083
0.42,-1.83,20096
-0.20,-1.30,20107
-0.54,-0.93,20119
0.48,-0.96,20130
-0.91,-1.42,20143
-0.49,-1.99,20154
0.41,-2.67,20166
-3.19,-3.25,20177
-4.01,-3.60,20190
-0.89,-3.69,20201
-1.19,-3.49,20213
-2.86,-3.03,20225
-1.06,-2.39,20237
-0.54,-1.74,20248
-0.10,-1.22,20260
0.99,-0.93,20272
-1.45,-0.97,20283
-1.27,-1.35,20295
1.22,-2.05,20306
-0.64,-2.73,20319
-2.35,-3.35,20330
-2.11,-3.65,20342
-1.89,-3.61,20354
-2.65,-3.54,20366
-2.12,-2.91,20377
-0.59,-2.35,20389
-0.77,-1.56,20401
-0.48,-1.05,20413
0.24,-0.99,20424
0.59,-1.18,20436
-0.85,-1.72,20448
-1.48,-2.31,20460
-1.93,-3.00,20471
-1.85,-3.50,20483
-2.43,-3.72,20495
-3.95,-3.70,20506
-1.49,-3.15,20518
-0.81,-2.48,20530
-1.53,-1.79,20542
0.73,-1.19,20553
-0.04,-1.10,20566
0.23,-0.98,20577
0.50,-1.33,20589
-1.46,-1.87,20600
-1.03,-2.55,20613
-1.18,-3.11,20624
-1.09,-3.39,20636
-2.77,-3.55,20647
-2.81,-3.36,20660
0.01,-2.83,20671
-1.60,-2.32,20682
-1.28,-1.74,20695
0.41,-1.18,20706
-0.47,-1.26,20718
-1.03,-1.38,20729
1.21,-1.74,20742
0.42,-2.36,20753
-2.50,-2.70,20765
-1.45,-3.34,20776
-1.91,-3.62,20789
-2.42,-3.56,20800
-1.07,-3.31,20812
-2.97,-2.68,20824
-2.41,-2.12,20836
0.27,-1.56,20847
-0.84,-1.14,20859
-1.55,-1.15,20871
-0.30,-1.18,20882
0.90,-1.69,20894
-0.58,-2.47,20905
-2.38,-2.91,20918
-2.09,-3.36,20929
-1.12,-3.69,20941
-1.50,-3.47,20953
-1.62,-3.24,20965
-1.45,-2.59,20976
-0.97,-1.79,20988
-0.00,-1.41,21000
0.35,-0.99,21012
-0.86,-1.15,21023
-0.62,-1.49,21036
-0.30,-1.90,21047
-1.53,-2.69,21058
-0.88,-3.11,21070
-0.96,-3.45,21082
-3.71,-3.55,21094
-3.38,-3.33,21105
-0.37,-2.94,21117
-1.03,-2.30,21129
-1.98,-1.64,21141
-0.06,-1.24,21152
0.35,-1.01,21165
0.50,-1.19,21176
-0.15,-1.78,21188
-1.08,-2.35,21199
-0.22,-2.98,21212
-1.71,-3.30,21223
-1.96,-3.57,21235
-2.10,-3.42,21246
-1.91,-3.16,21259
-1.38,-2.71,21270
-1.39,-2.19,21281
0.64,-1.50,21294
0.41,-1.26,21305
-1.99,-1.08,21317
1.50,-1.24,21328
-0.83,-1.86,21341
-2.83,-2.33,21352
0.87,-3.13,21364
-2.85,-3.41,21376
-3.07,-3.31,21388
0.20,-3.66,21399
-3.34,-2.83,21411
-1.81,-2.63,21423
0.95,-1.90,21435
-1.87,-1.36,21446
-0.25,-1.27,21457
0.31,-1.03,21470
-0.81,-1.55,21481
0.90,-2.07,21493
-2.07,-2.56,21505
-2.43,-3.19,21517
-0.39,-3.60,21528
-4.49,-3.55,21540
-2.64,-3.51,21552
-1.23,-2.97,21564
-3.55,-2.19,21575
-0.07,-1.91,21587
-1.19,-1.05,21599
-0.83,-1.07,21611
-1.83,-1.23,21622
-0.88,-1.53,21635
0.54,-2.47,21646
-2.89,-2.87,21657
-1.23,-3.32,21669
-1.56,-3.58,21681
-3.71,-3.30,21693
0.31,-3.22,21704
-1.43,-2.53,21716
-1.85,-1.94,21728
0.57,-1.70,21740
-0.89,-1.24,21751
-0.26,-1.22,21764
-0.17,-1.57,21775
-1.18,-1.93,21787
0.66,-2.57,21798
-1.19,-2.94,21811
-2.89,-3.26,21822
-0.77,-3.46,21834
-1.52,-3.17,21846
-1.80,-2.93,21857
-1.06,-2.47,21869
-1.92,-1.79,21880
0.29,-1.47,21893
-0.06,-1.28,21904
-1.84,-1.30,21916
1.32,-1.67,21927
-0.49,-2.04,21940
-2.54,-2.63,21951
-0.13,-3.04,21963
-2.77,-3.31,21975
-2.71,-3.38,21987
-1.25,-3.16,21998
-1.32,-2.88,22010
-0.66,-2.34,22022
-0.95,-1.58,22034
-0.68,-1.29,22045
-0.85,-1.12,22056
0.04,-1.36,22069
-0.39,-1.99,22080
-2.44,-2.41,22092
-0.87,-2.93,22104
-0.94,-3.42,22116
-4.05,-3.43,22127
-0.81,-3.47,22139
