996130.00
-246184.00
-0.90,-0.58,1134
1.07,-2.07,1136
1.60,-2.64,1147
-2.00,-2.72,1160
-0.99,-2.59,1171
-0.58,-2.48,1183
-0.34,-2.05,1195
0.28,-1.41,1207
0.98,-0.82,1218
-0.39,-0.49,1230
1.48,-0.39,1242
1.52,-0.41,1254
-0.94,-0.75,1265
-0.21,-1.19,1276
0.58,-1.88,1289
-0.32,-2.38,1300
-0.67,-2.68,1312
-0.47,-2.67,1324
-1.77,-2.26,1336
-0.28,-1.84,1347
0.50,-1.15,1359
-0.50,-0.65,1371
1.03,-0.46,1383
1.55,-0.25,1394
0.92,-0.64,1406
0.46,-1.02,1418
-0.61,-1.71,1429
-0.75,-2.30,1441
-0.17,-2.59,1453
0.59,-2.71,1465
-0.97,-2.59,1476
-2.56,-2.19,1488
-0.61,-1.59,1500
1.05,-1.07,1512
0.12,-0.62,1523
0.11,-0.38,1536
-0.00,-0.53,1547
1.18,-0.80,1559
1.37,-1.13,1570
-1.47,-1.74,1582
-1.75,-2.29,1594
-0.67,-2.60,1605
-0.49,-2.67,1617
-0.99,-2.40,1629
0.13,-1.71,1641
0.19,-1.06,1652
-0.63,-0.67,1665
1.95,-0.38,1676
2.01,-0.46,1688
-0.05,-0.64,1699
0.91,-1.05,1712
0.51,-1.58,1723
-1.54,-1.85,1734
-0.85,-2.34,1746
-0.49,-2.49,1758
-1.84,-2.37,1770
-0.87,-2.22,1781
0.02,-1.82,1794
-0.26,-1.24,1805
0.18,-0.68,1817
0.88,-0.33,1828
0.31,-0.26,1841
0.85,-0.59,1852
1.37,-1.18,1864
-1.10,-1.74,1875
-1.29,-2.39,1887
0.43,-2.66,1899
-0.90,-2.48,1910
-0.88,-2.18,1923
-0.41,-1.91,1934
-0.11,-1.65,1946
1.40,-1.12,1957
1.19,-0.74,1970
-0.20,-0.42,1981
0.35,-0.40,1993
0.41,-0.69,2004
0.06,-0.99,2017
-0.30,-1.66,2028
-1.17,-2.26,2039
-1.77,-2.73,2052
-0.83,-2.93,2063
0.12,-2.67,2075
-1.73,-2.17,2086
-0.39,-1.37,2099
1.76,-0.60,2110
0.64,-0.27,2122
0.85,-0.11,2134
1.75,-0.46,2146
0.37,-0.88,2157
-0.01,-1.56,2169
1.25,-2.07,2181
-0.91,-2.40,2192
-2.44,-2.71,2204
-0.29,-2.69,2215
-0.37,-2.34,2228
-1.16,-1.73,2239
-0.27,-1.11,2251
0.03,-0.59,2263
0.38,-0.33,2275
1.40,-0.40,2286
1.32,-0.48,2298
-0.20,-1.03,2310
0.22,-1.73,2322
-0.65,-2.45,2333
-1.65,-2.82,2344
-0.95,-2.78,2357
-0.74,-2.52,2368
-1.25,-1.91,2380
0.71,-1.23,2392
0.55,-0.73,2404
0.33,-0.33,2415
2.03,-0.33,2427
0.91,-0.50,2439
0.13,-0.85,2451
-0.17,-1.40,2462
-1.04,-1.83,2475
-0.32,-2.32,2486
-0.05,-2.47,2497
-1.27,-2.41,2509
-1.18,-2.09,2521
-0.26,-1.66,2533
0.10,-1.22,2544
0.82,-0.75,2556
1.43,-0.51,2568
0.13,-0.37,2580
0.46,-0.56,2591
1.59,-1.16,2604
0.87,-1.56,2615
-0.42,-2.23,2627
-0.68,-2.53,2638
-0.81,-2.50,2651
-0.29,-2.41,2662
-0.26,-1.84,2673
-0.66,-1.44,2685
-0.96,-1.01,2697
0.48,-0.74,2709
-392.28,-0.59,2720
-0.11,-0.46,2733
0.36,-0.72,2755
0.81,-1.19,2766
-0.18,-1.87,2778
-2.03,-2.37,2789
-0.56,-2.56,2801
0.65,-2.47,2812
0.34,-2.14,2824
-0.61,-1.72,2835
-1.28,-1.10,2846
0.39,-0.76,2857
3.02,-0.41,2869
1.44,-0.48,2880
-1.46,-0.71,2892
-0.52,-1.02,2904
0.85,-1.56,2915
-0.23,-1.92,2926
-1.15,-2.24,2937
-1.50,-2.42,2949
-1.05,-2.32,2960
1.24,-2.25,2972
1.49,-1.65,2983
-0.28,-1.15,2995
-1.42,-0.82,3006
1.19,-0.56,3017
2.76,-0.74,3028
0.84,-0.92,3040
-0.19,-1.23,3051
-0.90,-1.48,3063
-0.29,-1.95,3075
0.83,-2.49,3086
-0.61,-2.62,3097
-2.08,-2.32,3108
-0.40,-1.95,3120
0.95,-1.60,3131
2.03,-1.09,3143
2.48,-0.56,3154
-0.11,-0.47,3167
-0.84,-0.63,3178
1.54,-1.12,3190
0.78,-1.45,3202
-1.26,-1.77,3214
-0.93,-2.11,3225
-0.76,-2.20,3237
-0.45,-2.10,3249
0.12,-1.87,3261
0.21,-1.71,3272
-0.97,-1.44,3283
0.03,-0.99,3296
2.29,-0.86,3307
0.85,-0.61,3319
-0.38,-0.66,3331
0.49,-1.09,3343
-0.84,-1.57,3354
-0.26,-2.23,3366
1.35,-2.41,3378
-1.42,-2.38,3390
-2.03,-2.25,3401
-0.08,-1.84,3414
0.88,-1.54,3425
0.09,-1.12,3436
-0.26,-0.81,3448
0.06,-0.78,3460
0.63,-0.86,3472
0.63,-1.09,3483
1.21,-1.42,3495
-1.54,-1.85,3507
0.78,-2.03,3519
-0.25,-2.31,3530
-2.52,-2.20,3543
-0.08,-1.97,3554
0.30,-1.77,3566
-0.80,-1.42,3577
1.05,-1.27,3589
0.90,-0.87,3601
-0.86,-0.71,3612
0.70,-0.86,3624
1.63,-1.07,3636
-0.63,-1.48,3648
-0.13,-1.87,3659
0.35,-2.15,3672
-0.64,-2.34,3683
-1.21,-2.16,3695
-0.95,-1.99,3706
-0.49,-1.52,3719
0.04,-1.24,3730
0.64,-0.98,3741
0.96,-0.75,3753
-0.52,-0.79,3765
0.32,-0.97,3777
1.04,-1.27,3788
0.37,-1.54,3801
0.26,-1.83,3812
-1.48,-2.17,3824
-1.93,-2.28,3835
0.71,-2.33,3848
0.15,-1.98,3859
-2.15,-1.61,3871
-1.14,-1.29,3883
0.94,-0.84,3894
1.90,-0.63,3906
0.36,-0.48,3917
-0.56,-0.88,3930
1.12,-1.30,3941
1.01,-1.75,3953
-0.94,-2.07,3964
-2.03,-2.15,3977
-0.39,-2.23,3988
0.77,-1.99,4000
-0.43,-1.55,4012
-0.54,-1.32,4024
-0.44,-1.07,4035
0.43,-0.96,4046
2.29,-0.81,4059
0.71,-0.80,4070
-0.82,-1.00,4082
-0.25,-1.39,4093
1.09,-1.82,4106
1.28,-1.96,4117
0.16,-2.03,4129
-0.79,-1.98,4141
-0.71,-1.86,4153
1.14,-1.64,4164
2.10,-1.24,4176
-0.57,-0.97,4188
-0.78,-0.78,4199
0.76,-0.94,4211
0.67,-1.09,4222
1.11,-1.24,4235
0.12,-1.55,4246
-0.81,-1.82,4258
-0.37,-2.07,4270
1.24,-2.14,4282
-1.91,-1.99,4293
-0.56,-1.83,4305
-0.09,-1.58,4317
-0.08,-1.38,4329
0.79,-0.99,4340
0.28,-0.78,4352
-1.26,-0.81,4364
0.38,-1.16,4375
1.95,-1.62,4387
0.56,-1.86,4399
-0.83,-2.06,4411
-1.68,-2.11,4422
-0.02,-1.98,4434
2.23,-1.92,4446
-0.54,-1.60,4458
-2.60,-1.30,4469
-0.78,-1.22,4482
1.06,-1.04,4493
1.22,-1.00,4504
0.57,-0.77,4516
-1.21,-1.03,4528
-0.92,-1.37,4540
1.57,-1.55,4551
1.09,-1.80,4563
-1.59,-1.92,4575
-1.42,-2.00,4587
0.30,-2.04,4598
1.09,-1.98,4611
0.91,-1.52,4622
-0.56,-1.11,4634
-1.19,-1.09,4645
0.76,-0.95,4657
2.25,-1.16,4669
-0.36,-1.31,4680
0.51,-1.37,4692
0.35,-1.58,4704
0.75,-1.67,4716
-0.43,-1.91,4727
-1.24,-2.00,4740
-1.33,-2.15,4751
0.46,-2.07,4763
1.16,-1.76,4774
-0.85,-1.37,4787
-1.54,-1.00,4798
0.46,-0.92,4809
1.66,-0.99,4822
0.93,-1.02,4833
0.48,-1.30,4845
-0.41,-1.58,4856
-1.38,-1.88,4869
0.69,-2.19,4880
0.03,-2.20,4892
-1.84,-2.09,4903
-1.36,-1.84,4916
1.22,-1.56,4927
1.01,-0.99,4939
-0.33,-0.75,4951
0.99,-0.78,4962
-0.33,-0.95,4974
0.70,-1.33,4985
1.99,-1.47,4998
-1.25,-1.77,5009
-1.98,-2.20,5021
-0.14,-2.46,5032
0.44,-2.45,5045
0.15,-1.94,5056
-0.07,-1.53,5068
-0.16,-1.07,5080
1.88,-0.83,5092
1.15,-0.74,5103
-0.47,-0.52,5114
-0.42,-0.71,5127
0.43,-1.18,5138
0.86,-1.85,5150
0.27,-2.13,5161
-1.32,-2.21,5174
-2.48,-2.50,5185
0.24,-2.24,5197
1.46,-1.79,5209
-0.92,-1.37,5221
0.37,-1.23,5232
1.25,-1.04,5244
1.45,-0.90,5256
2.50,-0.79,5267
0.96,-0.63,5279
-1.70,-1.19,5291
-0.50,-1.84,5303
2.02,-2.22,5314
0.24,-2.44,5326
-2.19,-2.38,5338
-1.46,-2.18,5350
-0.38,-1.74,5361
1.41,-1.29,5373
1.83,-0.92,5385
-0.52,-0.65,5397
-1.49,-0.65,5408
2.28,-0.72,5421
2.47,-0.89,5432
-1.60,-1.34,5443
-0.99,-1.82,5455
-0.21,-2.13,5467
-0.40,-2.23,5479
-0.41,-2.16,5490
-1.50,-2.03,5502
-0.69,-1.81,5514
2.64,-1.66,5526
1.03,-1.12,5537
-0.66,-0.84,5550
0.70,-0.63,5561
0.45,-0.69,5573
0.15,-0.99,5584
0.78,-1.39,5596
-0.32,-1.87,5608
-1.15,-2.19,5619
0.65,-2.19,5632
0.75,-2.11,5643
-2.23,-1.83,5655
-1.83,-1.60,5666
1.30,-1.27,5679
2.12,-1.11,5690
1.28,-1.06,5702
-0.05,-0.89,5713
-0.03,-1.04,5726
-0.17,-1.37,5737
1.18,-1.65,5748
0.96,-1.85,5761
-2.70,-2.02,5772
-1.75,-2.27,5784
0.21,-2.31,5795
0.34,-2.11,5808
-0.22,-1.58,5819
-1.55,-1.11,5831
-1.49,-0.87,5842
2.16,-0.77,5855
0.41,-0.96,5866
-1.38,-1.20,5878
-0.46,-1.55,5890
1.56,-1.87,5901
-0.31,-2.02,5913
-1.95,-2.14,5924
-0.93,-2.03,5937
-0.60,-1.97,5948
0.54,-1.64,5960
1.02,-1.46,5971
-1.82,-1.26,5984
-0.26,-0.91,5995
3.33,-0.87,6007
1.65,-0.86,6019
-0.81,-1.11,6031
-1.30,-1.51,6042
-0.74,-2.09,6053
1.00,-2.57,6066
0.51,-2.45,6077
-1.45,-2.21,6089
-2.20,-1.86,6100
0.35,-1.43,6113
1.83,-1.17,6124
1.06,-0.80,6136
-0.05,-0.67,6148
-0.28,-0.71,6160
1.45,-0.89,6171
1.40,-1.36,6183
-0.68,-1.72,6195
-0.66,-2.22,6206
-0.28,-2.38,6218
0.84,-2.21,6230
1.11,-1.91,6242
-1.61,-1.59,6253
1.20,-1.48,6265
2.67,-1.14,6277
1.14,-0.87,6289
-0.11,-0.67,6300
-0.48,-0.64,6312
1.39,-1.09,6324
2.54,-1.56,6336
-0.64,-1.81,6347
-2.20,-1.92,6359
-0.46,-2.21,6371
0.87,-2.37,6382
0.96,-2.08,6394
-0.97,-1.73,6406
-1.88,-1.41,6418
0.32,-1.17,6429
2.23,-0.96,6441
1.66,-0.88,6453
-1.08,-0.95,6465
-1.36,-1.07,6476
1.22,-1.45,6489
1.96,-1.84,6500
-0.22,-2.06,6511
-1.93,-2.22,6523
-1.64,-2.16,6535
1.10,-2.12,6547
1.81,-1.72,6558
-1.48,-1.35,6571
-2.91,-1.04,6582
0.44,-1.10,6594
3.26,-1.05,6605
1.43,-0.85,6618
-1.85,-1.03,6629
0.87,-1.51,6641
1.95,-1.92,6652
0.60,-2.14,6664
-1.68,-2.03,6676
-2.40,-1.99,6687
1.04,-1.85,6700
2.14,-1.57,6711
-0.21,-1.36,6723
-1.25,-0.92,6734
0.73,-0.90,6747
2.13,-1.03,6758
1.39,-1.09,6770
-0.05,-1.17,6781
-1.84,-1.43,6794
-0.56,-1.92,6805
1.30,-2.17,6816
0.35,-2.16,6829
-1.73,-1.93,6840
-1.25,-1.75,6852
1.25,-1.70,6863
2.01,-1.18,6876
0.63,-0.97,6887
-1.01,-0.94,6899
0.02,-1.22,6910
1.98,-1.44,6923
2.32,-1.54,6934
-0.21,-1.77,6946
-2.39,-1.86,6958
-0.61,-2.04,6970
1.90,-2.06,6981
0.79,-1.83,6992
-1.65,-1.48,7005
-2.12,-1.12,7016
0.70,-1.00,7028
0.76,-0.84,7040
-1.43,-0.89,7052
-1.21,-1.29,7063
1.33,-1.67,7075
2.21,-1.97,7087
-0.49,-1.97,7099
-1.99,-1.96,7110
-0.65,-1.95,7122
1.42,-1.90,7134
0.87,-1.71,7145
-1.13,-1.24,7157
-1.46,-1.03,7169
-0.07,-0.94,7181
2.52,-0.97,7192
0.87,-1.13,7204
-1.82,-1.15,7216
-0.52,-1.62,7228
1.79,-1.90,7239
1.90,-2.08,7251
-0.31,-2.06,7263
-2.88,-1.95,7275
-1.98,-1.93,7286
2.36,-1.75,7298
1.96,-1.31,7310
-1.35,-1.07,7321
-0.88,-0.89,7333
0.08,-0.99,7345
2.09,-1.15,7357
1.78,-1.45,7368
-2.63,-1.73,7380
-1.54,-2.19,7392
1.32,-2.38,7404
0.85,-2.29,7415
-1.65,-2.03,7428
-1.64,-1.69,7439
1.16,-1.32,7450
2.75,-0.95,7462
-0.04,-0.69,7474
-1.50,-0.87,7486
0.15,-0.84,7497
2.54,-1.22,7510
0.18,-1.61,7521
-1.98,-1.96,7533
-0.95,-2.40,7544
-0.72,-2.39,7557
1.57,-2.22,7568
1.32,-1.72,7580
-2.43,-1.19,7591
-0.92,-1.11,7603
3.21,-0.80,7615
1.91,-0.99,7626
-0.43,-1.11,7639
-0.56,-1.16,7650
-0.41,-1.47,7662
0.64,-1.58,7673
0.94,-1.95,7686
-1.65,-2.11,7697
-1.23,-2.20,7709
1.18,-1.86,7720
1.10,-1.63,7733
0.11,-1.45,7744
-1.36,-1.25,7755
-0.34,-1.22,7768
1.61,-1.11,7779
2.00,-1.04,7791
-0.00,-1.19,7802
-1.05,-1.57,7815
1.33,-2.00,7826
0.48,-2.07,7838
-1.99,-2.08,7849
-1.08,-1.92,7862
0.11,-1.88,7873
1.42,-1.64,7885
1.78,-1.05,7897
-1.75,-0.81,7908
-1.64,-0.77,7920
1.49,-1.02,7931
2.38,-1.44,7944
-0.53,-1.73,7955
-1.75,-1.99,7967
-0.13,-2.03,7979
-0.12,-2.16,7991
-0.67,-2.08,8002
-0.48,-1.77,8014
-0.32,-1.56,8026
0.42,-1.05,8038
0.95,-0.83,8049
1.42,-0.72,8060
-1.35,-0.88,8073
-0.19,-1.24,8084
2.83,-1.44,8096
1.29,-1.65,8108
-0.89,-1.90,8120
-1.90,-2.14,8131
-1.27,-2.35,8143
1.32,-2.20,8155
1.39,-1.69,8167
-1.27,-1.07,8178
-1.11,-0.89,8190
1.35,-0.94,8202
0.55,-0.83,8213
-0.78,-0.95,8225
-1.35,-1.20,8237
0.55,-1.62,8249
1.27,-1.84,8260
0.06,-2.03,8272
-2.29,-2.17,8284
-1.50,-2.17,8296
1.69,-2.07,8307
0.15,-1.80,8320
-0.94,-1.46,8331
0.75,-1.16,8343
0.14,-0.86,8354
0.96,-0.88,8366
3.30,-1.00,8378
-1.66,-1.28,8389
-1.78,-1.62,8401
2.32,-1.97,8413
0.23,-2.32,8425
-0.92,-2.17,8436
-1.69,-1.90,8449
-2.66,-1.72,8460
0.85,-1.49,8472
3.04,-1.24,8483
-0.34,-0.81,8496
-1.93,-0.84,8507
0.09,-0.97,8518
2.15,-1.14,8530
1.57,-1.44,8542
-0.81,-1.59,8554
-1.14,-2.20,8565
-1.18,-2.36,8578
1.14,-2.30,8589
-2.75,-2.01,8601
-1.67,-1.57,8612
3.30,-1.28,8625
1.84,-0.90,8636
-0.23,-0.83,8648
-0.38,-0.76,8659
-1.02,-1.04,8671
1.12,-1.42,8683
1.68,-1.53,8694
-1.37,-1.66,8707
-1.58,-1.78,8718
-0.25,-1.95,8730
1.15,-2.08,8741
1.17,-1.97,8754
-2.52,-1.72,8765
-1.24,-1.39,8777
1.50,-1.30,8788
0.62,-1.00,8801
2.05,-0.79,8812
-0.56,-0.87,8823
-1.49,-1.09,8836
2.47,-1.52,8847
1.21,-1.90,8859
-2.17,-2.22,8870
-1.03,-2.30,8883
-0.03,-2.11,8894
0.63,-1.79,8906
0.46,-1.28,8918
-1.56,-1.09,8930
-1.39,-0.94,8941
1.18,-0.95,8953
2.34,-1.04,8965
1.07,-1.09,8976
-1.83,-1.44,8988
1.36,-1.92,8999
-0.73,-2.13,9012
-0.87,-2.13,9023
-0.89,-2.16,9035
-1.86,-2.03,9047
2.29,-1.71,9059
1.35,-1.36,9070
-2.08,-1.00,9082
-0.05,-0.80,9094
0.72,-0.96,9106
1.29,-1.13,9117
1.25,-1.50,9128
-1.22,-1.69,9141
-0.81,-1.86,9152
0.16,-2.02,9164
0.56,-1.89,9176
0.71,-1.81,9188
-1.60,-1.67,9199
-0.49,-1.44,9211
2.63,-1.31,9223
-0.45,-1.11,9235
-0.47,-1.20,9246
1.46,-1.28,9259
-0.99,-1.39,9270
1.37,-1.56,9282
0.68,-1.60,9293
-2.33,-1.90,9305
0.19,-2.00,9317
0.71,-1.90,9328
-0.11,-1.73,9340
-0.26,-1.58,9352
-1.40,-1.57,9364
-0.81,-1.32,9375
0.62,-1.22,9388
-0.70,-1.13,9399
-0.79,-1.06,9411
-0.43,-1.20,9422
1.12,-1.38,9434
0.13,-1.54,9446
-1.38,-1.69,9457
-0.19,-1.96,9469
0.30,-1.90,9481
0.39,-1.78,9493
-0.89,-1.65,9504
-1.34,-1.26,9517
0.94,-1.17,9528
1.46,-0.97,9540
0.49,-0.83,9551
-0.28,-1.08,9564
-1.27,-1.36,9575
0.13,-1.81,9587
1.25,-2.01,9598
-0.41,-2.04,9610
-1.37,-1.92,9622
-0.86,-1.71,9633
0.36,-1.58,9646
0.22,-1.27,9657
-0.02,-1.20,9669
-0.34,-1.12,9680
-0.45,-1.10,9693
1.77,-1.23,9704
0.57,-1.29,9716
-1.90,-1.57,9728
-0.74,-1.73,9740
0.10,-1.87,9751
0.43,-1.97,9762
-1.40,-1.95,9775
-1.74,-1.89,9786
0.35,-1.60,9798
1.76,-1.25,9809
0.52,-0.94,9822
-1.17,-0.87,9833
-0.07,-1.04,9845
1.87,-1.22,9857
0.27,-1.48,9869
0.18,-1.56,9880
-0.46,-1.86,9892
-1.46,-2.11,9904
1.24,-2.07,9915
0.00,-1.99,9927
-1.18,-1.58,9938
0.25,-1.47,9951
0.54,-1.39,9962
1.41,-1.25,9974
0.74,-1.32,9986
-0.68,-1.02,9998
0.53,-1.12,10009
1.32,-1.37,10021
-0.30,-1.52,10033
-0.35,-1.91,10045
-0.41,-2.01,10056
-0.42,-2.13,10067
0.77,-2.08,10080
-0.55,-1.82,10091
-1.41,-1.53,10103
-0.44,-1.30,10115
0.77,-1.15,10127
2.56,-1.01,10138
0.67,-0.96,10150
-1.57,-1.14,10162
1.25,-1.37,10174
0.31,-1.71,10185
0.01,-1.88,10198
-1.55,-2.02,10209
-1.32,-2.09,10220
1.23,-1.96,10232
0.36,-1.73,10244
-1.33,-1.32,10256
-0.48,-1.31,10267
-0.06,-1.02,10279
1.59,-0.79,10291
1.74,-1.00,10303
-0.74,-1.14,10314
0.34,-1.60,10327
0.95,-1.90,10338
1.19,-2.11,10350
-0.40,-1.92,10361
-2.08,-1.74,10373
-0.02,-1.83,10385
0.45,-1.54,10396
1.13,-1.18,10408
0.81,-1.00,10420
-1.34,-0.95,10432
0.14,-1.13,10443
2.76,-1.18,10456
0.78,-1.28,10467
-1.30,-1.43,10479
-0.90,-1.91,10490
-0.25,-2.15,10503
1.71,-2.23,10514
0.72,-2.18,10525
-2.40,-1.84,10537
-0.93,-1.52,10549
1.97,-1.20,10561
-0.57,-0.90,10572
-2.06,-0.89,10585
1.33,-0.97,10596
2.31,-1.33,10608
0.68,-1.50,10619
-0.56,-1.64,10632
-1.65,-1.80,10643
-0.73,-1.98,10655
0.98,-2.15,10667
0.52,-1.95,10678
-0.14,-1.80,10690
0.43,-1.57,10701
0.07,-1.24,10714
1.62,-1.12,10725
1.34,-0.81,10737
-1.09,-0.79,10748
0.68,-1.11,10761
0.82,-1.47,10772
0.92,-1.86,10784
0.22,-1.93,10796
-1.62,-2.04,10808
-0.34,-2.00,10819
0.44,-1.76,10830
0.30,-1.61,10843
-0.23,-1.29,10854
-0.43,-1.23,10866
0.35,-1.08,10877
1.73,-1.16,10890
0.64,-1.19,10901
-1.70,-1.23,10913
-0.13,-1.59,10925
1.28,-1.74,10937
0.94,-1.91,10948
-1.98,-1.93,10960
-0.79,-1.98,10972
0.65,-1.88,10983
1.23,-1.61,10995
-0.43,-1.25,11006
-1.35,-0.92,11019
0.40,-0.93,11030
1.55,-1.11,11042
1.22,-1.26,11054
0.13,-1.41,11066
-0.62,-1.47,11077
-0.37,-1.70,11089
0.82,-1.93,11101
0.35,-2.01,11113
-1.48,-2.14,11124
-1.24,-1.90,11137
0.59,-1.75,11148
1.03,-1.37,11159
0.51,-0.92,11171
-0.41,-0.84,11183
-0.13,-0.79,11195
1.58,-1.11,11206
1.73,-1.26,11218
-0.56,-1.72,11230
-0.20,-2.18,11242
0.96,-2.21,11253
-0.68,-2.26,11266
-1.13,-1.98,11277
-0.15,-1.98,11288
-0.95,-1.73,11300
0.56,-1.26,11312
1.48,-0.92,11324
-0.08,-0.67,11335
0.18,-0.88,11347
1.57,-1.02,11359
0.91,-1.44,11371
-0.67,-1.79,11382
-0.83,-1.95,11395
-1.15,-2.18,11406
-0.22,-2.08,11418
0.61,-1.93,11429
-1.13,-1.79,11441
-1.26,-1.59,11453
0.63,-1.53,11464
0.88,-1.13,11476
0.97,-0.93,11488
-0.43,-0.81,11500
-0.35,-1.03,11511
1.58,-1.36,11524
0.58,-1.67,11535
-0.79,-1.91,11547
-0.81,-1.88,11558
-0.29,-2.04,11571
-0.14,-1.99,11582
0.38,-1.78,11594
0.17,-1.52,11606
-0.69,-1.18,11617
0.33,-0.99,11629
1.68,-0.92,11640
1.13,-0.98,11653
0.68,-1.10,11664
0.99,-1.32,11676
-0.01,-1.81,11687
-0.26,-1.97,11700
1.55,-2.07,11711
0.09,-2.10,11723
0.15,-1.99,11735
1.34,-1.76,11747
-0.36,-1.42,11758
-0.75,-1.17,11769
0.86,-0.96,11782
0.18,-0.92,11793
-0.14,-1.19,11805
0.93,-1.27,11816
-0.94,-1.40,11829
-1.36,-1.65,11840
0.06,-1.94,11852
-0.04,-2.17,11864
-0.11,-2.06,11876
-0.06,-1.79,11887
-0.84,-1.55,11899
-0.26,-1.20,11911
1.32,-0.93,11922
0.59,-0.81,11934
0.09,-0.92,11945
0.02,-1.02,11958
0.23,-1.51,11969
0.91,-1.87,11981
-0.18,-2.09,11993
-0.25,-2.28,12005
-1.25,-2.04,12016
0.22,-1.83,12028
0.58,-1.50,12040
-1.18,-1.29,12052
0.56,-1.07,12063
1.16,-0.96,12075
1.36,-1.13,12087
0.69,-1.07,12098
-0.05,-1.23,12110
0.62,-1.52,12122
-0.42,-1.72,12134
-0.04,-2.05,12145
-0.68,-2.10,12157
-0.72,-2.00,12169
1.20,-1.74,12181
0.32,-1.47,12192
-1.56,-1.35,12205
1.41,-1.26,12216
1.88,-1.29,12227
-0.52,-1.26,12239
1.50,-1.28,12251
1.53,-1.31,12263
-1.59,-1.40,12274
0.03,-1.69,12286
1.68,-1.78,12298
-1.05,-1.89,12310
-0.82,-1.99,12321
0.50,-1.91,12334
-0.38,-1.74,12345
0.62,-1.42,12357
0.32,-1.23,12368
-0.13,-1.03,12380
0.48,-1.04,12392
1.12,-1.31,12403
0.64,-1.39,12416
0.32,-1.57,12427
0.37,-1.62,12439
0.02,-1.81,12450
-1.00,-1.76,12463
0.77,-1.69,12474
0.07,-1.68,12486
-1.15,-1.65,12497
0.73,-1.53,12510
0.33,-1.32,12521
0.65,-1.28,12532
0.16,-1.38,12545
-0.01,-1.33,12556
0.45,-1.47,12568
0.04,-1.49,12579
-1.37,-1.54,12592
-0.94,-1.82,12603
0.48,-2.01,12615
0.54,-2.04,12626
-1.15,-1.75,12639
-0.15,-1.40,12650
0.30,-1.20,12662
0.03,-1.10,12674
1.49,-1.16,12686
0.06,-1.13,12697
-0.88,-1.33,12708
0.22,-1.56,12721
0.67,-1.72,12732
0.72,-1.86,12744
-0.18,-1.89,12755
-1.12,-2.04,12768
-0.72,-1.92,12779
1.53,-1.75,12791
1.29,-1.45,12803
-0.39,-1.09,12815
-0.07,-1.16,12826
0.84,-1.00,12838
0.67,-0.98,12850
1.14,-1.33,12861
0.80,-1.61,12873
-0.74,-2.00,12884
-0.85,-2.19,12897
-0.68,-2.20,12908
-1.98,-1.99,12920
0.61,-1.73,12932
0.75,-1.51,12944
0.61,-1.24,12955
1.46,-1.05,12967
0.48,-0.87,12979
-0.38,-0.94,12991
0.88,-1.10,13002
1.05,-1.25,13014
-1.06,-1.60,13026
-0.89,-1.86,13037
0.57,-2.23,13049
-0.31,-2.33,13061
-1.17,-2.13,13073
-0.88,-1.83,13084
-0.79,-1.39,13096
-0.33,-1.24,13108
1.76,-0.94,13120
1.62,-0.77,13131
-0.18,-1.01,13144
-0.48,-1.09,13155
0.56,-1.52,13166
0.80,-1.77,13178
-0.01,-1.96,13190
-0.18,-2.15,13202
-0.46,-2.00,13213
-0.58,-2.00,13225
0.21,-1.74,13237
0.42,-1.33,13249
-0.96,-1.08,13260
-0.23,-1.01,13273
1.08,-0.99,13284
1.14,-0.92,13296
-0.09,-1.12,13307
0.10,-1.39,13319
1.21,-1.93,13331
-0.30,-2.16,13342
-0.97,-2.17,13355
-0.72,-2.19,13366
-0.63,-1.95,13378
0.38,-1.86,13389
1.67,-1.50,13402
-0.21,-1.20,13413
-0.76,-1.02,13425
1.48,-0.95,13436
2.19,-1.17,13449
1.30,-1.31,13460
0.06,-1.40,13472
-0.29,-1.71,13484
0.26,-1.79,13495
0.12,-1.97,13507
0.38,-1.98,13518
-0.90,-1.95,13531
-0.96,-1.89,13542
1.10,-1.43,13554
0.35,-1.09,13565
-0.10,-0.73,13578
0.69,-0.68,13589
0.32,-0.98,13601
0.35,-1.29,13613
0.75,-1.92,13625
0.53,-2.10,13636
-0.20,-2.15,13647
-0.93,-1.97,13660
0.20,-1.81,13671
0.24,-1.63,13683
0.59,-1.45,13694
1.13,-1.39,13707
-0.42,-1.21,13718
1.58,-1.11,13730
1.26,-1.20,13742
-0.13,-1.17,13754
1.44,-1.37,13765
0.53,-1.51,13777
-1.15,-1.79,13789
0.21,-2.04,13800
0.27,-2.09,13812
0.19,-2.18,13824
-0.81,-1.86,13836
-0.46,-1.44,13847
0.93,-1.13,13859
0.55,-0.99,13871
1.56,-0.99,13883
0.86,-1.05,13894
-1.11,-1.35,13906
1.28,-1.62,13918
1.00,-1.76,13930
-2.04,-1.95,13941
-0.29,-1.96,13953
1.47,-1.88,13965
-0.05,-1.71,13976
0.39,-1.65,13988
-0.04,-1.43,14000
-0.11,-1.38,14012
0.62,-1.11,14023
0.81,-0.97,14035
1.37,-1.02,14047
0.24,-1.07,14059
0.52,-1.46,14070
-1.00,-1.86,14083
-0.97,-2.23,14094
-0.57,-2.32,14106
-0.21,-2.05,14117
0.62,-1.83,14129
0.96,-1.39,14141
-1.75,-0.98,14152
-1.14,-1.01,14164
1.83,-0.96,14176
1.27,-1.29,14188
1.04,-1.50,14199
-0.20,-1.68,14212
-0.11,-1.83,14223
0.76,-1.79,14235
0.32,-1.82,14246
-0.81,-1.77,14258
-2.22,-1.87,14270
0.10,-1.87,14281
2.66,-1.61,14294
0.81,-1.25,14305
-0.11,-0.64,14317
0.57,-0.66,14328
-0.15,-0.89,14341
0.92,-1.40,14352
1.17,-1.95,14364
-2.02,-2.28,14375
-1.29,-2.42,14388
1.74,-2.22,14399
0.39,-1.85,14411
-1.06,-1.52,14423
-0.65,-1.28,14434
-0.21,-1.35,14446
0.46,-1.31,14457
1.96,-1.28,14470
-0.92,-1.12,14481
0.87,-1.25,14493
1.47,-1.45,14504
0.35,-1.37,14517
-1.28,-1.57,14528
-2.04,-1.72,14540
1.03,-2.10,14552
0.60,-2.18,14564
-0.84,-1.89,14575
-0.00,-1.53,14586
-0.54,-1.14,14599
0.76,-1.02,14610
2.18,-1.07,14622
-0.33,-1.27,14633
-1.26,-1.48,14646
0.62,-1.53,14657
0.68,-1.75,14669
0.85,-1.74,14681
-1.22,-1.66,14693
-2.05,-1.79,14704
0.94,-1.81,14716
0.93,-1.69,14728
-0.50,-1.47,14739
-0.84,-1.30,14751
-0.89,-1.21,14763
1.55,-1.08,14775
2.64,-1.05,14786
-0.59,-1.20,14798
-1.63,-1.48,14810
0.05,-1.92,14822
1.87,-2.11,14833
1.13,-2.17,14845
-1.57,-1.93,14857
0.54,-1.72,14869
2.48,-1.35,14880
0.72,-1.05,14892
-1.84,-1.02,14904
-0.33,-0.97,14915
2.27,-1.34,14927
1.13,-1.47,14939
-0.42,-1.56,14951
-0.49,-1.79,14962
-0.47,-1.78,14974
2.34,-2.04,14986
2.04,-1.86,14998
-2.12,-1.78,15009
-1.81,-1.83,15022
0.99,-1.68,15033
2.60,-1.51,15045
0.64,-1.03,15056
-1.69,-0.80,15068
-0.67,-0.95,15080
2.44,-1.29,15091
1.96,-1.62,15104
0.16,-1.72,15115
-1.56,-2.05,15127
-2.03,-2.02,15138
1.50,-1.94,15151
1.72,-1.71,15162
-1.81,-1.36,15174
-1.21,-1.15,15185
0.49,-1.12,15198
1.46,-1.33,15209
1.25,-1.34,15220
-0.38,-1.28,15233
-0.58,-1.36,15244
1.98,-1.31,15256
-0.44,-1.60,15267
-2.30,-1.78,15280
0.13,-2.10,15291
1.63,-2.27,15303
0.37,-1.95,15314
0.61,-1.60,15327
-0.50,-1.21,15338
-0.72,-0.88,15350
2.78,-0.87,15362
1.91,-0.99,15373
-1.47,-1.38,15385
-0.03,-1.66,15396
0.27,-1.94,15409
-0.14,-2.01,15420
1.52,-1.90,15432
-0.72,-1.80,15443
-2.14,-1.72,15456
0.51,-1.78,15467
1.05,-1.77,15479
0.36,-1.54,15491
0.32,-1.18,15503
0.22,-0.95,15514
0.53,-0.91,15525
1.40,-0.89,15538
1.19,-1.14,15549
-0.62,-1.51,15561
-0.89,-1.88,15572
1.24,-2.21,15585
0.06,-2.33,15596
-1.51,-2.12,15608
-0.45,-1.64,15620
0.05,-1.39,15632
-0.13,-1.16,15643
-0.24,-0.93,15655
-0.72,-1.05,15667
1.42,-1.22,15678
0.71,-1.44,15690
0.52,-1.71,15702
-0.35,-1.59,15714
-1.90,-1.77,15725
-0.14,-1.79,15737
0.37,-1.81,15749
-0.33,-1.76,15761
-0.80,-1.68,15772
-0.60,-1.65,15784
0.48,-1.22,15796
1.87,-1.03,15808
0.02,-0.99,15819
-0.15,-1.16,15832
0.28,-1.55,15843
-0.59,-1.79,15854
0.42,-2.13,15866
0.06,-2.13,15878
-1.70,-1.99,15890
-0.61,-1.74,15901
0.61,-1.58,15913
0.47,-1.37,15925
-0.32,-0.99,15937
-0.36,-0.99,15948
0.68,-1.02,15961
0.85,-1.16,15972
0.93,-1.44,15984
1.01,-1.54,15995
0.02,-1.97,16007
-0.43,-2.14,16019
0.67,-2.33,16030
-0.83,-2.35,16043
0.09,-2.03,16054
-0.70,-1.60,16066
0.22,-1.04,16077
1.32,-0.80,16090
0.39,-0.50,16101
0.92,-0.52,16113
0.86,-1.11,16124
-0.18,-1.50,16137
0.23,-1.93,16148
0.09,-2.26,16159
-1.03,-2.38,16172
0.67,-2.29,16183
0.42,-2.00,16195
-0.94,-1.64,16206
-0.66,-1.24,16219
0.12,-1.09,16230
0.85,-0.97,16242
1.00,-0.97,16253
0.50,-1.08,16266
-0.13,-1.13,16277
-0.27,-1.46,16289
0.82,-1.82,16301
0.50,-2.27,16312
-1.37,-2.53,16324
-1.63,-2.35,16335
0.44,-2.02,16348
0.39,-1.50,16359
-0.57,-1.10,16371
-0.29,-0.93,16382
0.78,-0.89,16395
0.91,-0.88,16406
0.35,-0.92,16418
0.30,-1.29,16430
-0.07,-1.75,16442
-0.67,-1.96,16453
-0.23,-2.20,16465
-0.97,-2.18,16477
-1.06,-2.16,16488
0.10,-1.82,16500
0.34,-1.50,16512
-0.46,-1.34,16524
0.29,-1.09,16535
0.55,-0.89,16547
-0.03,-0.96,16559
0.67,-1.18,16571
-0.61,-1.48,16582
-0.52,-1.60,16594
-0.19,-1.79,16606
-0.25,-1.90,16618
-0.03,-1.88,16629
-0.57,-1.84,16641
0.23,-1.75,16653
0.94,-1.49,16664
-0.35,-1.31,16676
0.33,-1.13,16688
0.17,-1.00,16700
-0.61,-1.12,16711
0.49,-1.46,16723
0.89,-1.58,16735
-0.31,-1.74,16747
0.33,-1.80,16758
-0.24,-1.93,16771
-0.88,-1.95,16782
0.04,-1.78,16793
0.72,-1.69,16805
-0.43,-1.24,16817
0.11,-1.01,16829
0.67,-0.83,16840
1.22,-0.96,16852
0.85,-1.28,16864
0.21,-1.37,16876
-0.81,-1.73,16887
0.31,-1.87,16900
-0.33,-1.97,16911
-0.93,-2.14,16923
0.34,-1.95,16934
0.09,-1.78,16946
-0.82,-1.52,16958
-0.47,-1.31,16969
0.82,-1.02,16982
0.48,-0.88,16993
0.73,-0.96,17005
0.38,-1.16,17016
-0.75,-1.64,17029
0.55,-1.90,17040
0.45,-2.14,17052
-1.01,-2.23,17063
-0.36,-2.10,17076
-0.22,-1.89,17087
-0.48,-1.56,17099
0.65,-1.34,17111
1.04,-0.91,17122
0.80,-0.81,17134
0.78,-0.91,17145
1.12,-1.22,17158
0.91,-1.73,17169
-0.64,-1.84,17181
-0.28,-1.89,17192
1.33,-2.04,17205
-1.43,-2.03,17216
-0.48,-1.92,17228
-0.49,-1.67,17240
0.85,-1.61,17252
2.12,-1.31,17263
0.55,-0.93,17274
-0.67,-0.82,17287
0.20,-0.84,17298
1.08,-1.14,17310
0.60,-1.43,17321
-0.71,-1.75,17334
-0.92,-2.14,17345
-0.39,-2.26,17357
0.45,-2.20,17369
-0.12,-1.90,17381
-1.02,-1.52,17392
-0.16,-1.28,17404
1.64,-0.99,17416
0.92,-1.13,17427
0.93,-1.22,17439
1.10,-1.17,17451
0.52,-1.27,17463
1.04,-1.48,17474
0.84,-1.68,17486
-0.31,-1.77,17498
-0.16,-2.10,17510
-0.81,-2.13,17521
-0.76,-2.01,17533
0.42,-1.93,17545
-0.73,-1.43,17557
0.07,-1.19,17568
1.65,-0.87,17580
0.48,-0.75,17592
0.42,-1.05,17603
0.60,-1.35,17615
0.74,-1.72,17627
0.81,-1.96,17639
-0.90,-2.03,17650
-1.84,-2.04,17662
0.02,-1.88,17674
0.54,-1.89,17686
0.10,-1.68,17697
0.22,-1.39,17710
0.52,-1.22,17721
-0.00,-1.06,17732
0.54,-1.01,17744
0.90,-0.98,17756
-0.57,-1.28,17768
0.19,-1.61,17779
0.77,-1.91,17792
-0.35,-2.10,17803
-0.07,-2.01,17815
0.31,-1.86,17826
-0.76,-1.63,17839
0.31,-1.48,17850
1.90,-1.20,17862
-0.22,-0.82,17873
-0.44,-0.94,17885
1.21,-1.12,17897
0.42,-1.24,17908
0.55,-1.43,17921
1.00,-1.66,17932
-0.43,-1.87,17944
-0.67,-2.00,17955
-0.03,-2.11,17968
-0.65,-1.93,17979
-0.05,-1.73,17991
0.72,-1.44,18002
0.40,-1.04,18015
0.92,-0.86,18026
0.79,-0.77,18038
-0.24,-1.07,18050
1.21,-1.27,18061
1.20,-1.68,18073
-1.03,-2.04,18084
-0.60,-2.03,18097
-0.15,-2.29,18108
-0.96,-1.96,18120
0.71,-1.55,18131
-0.12,-1.47,18144
-1.71,-1.22,18155
1.62,-1.12,18167
1.78,-0.99,18179
-0.29,-1.05,18191
-0.35,-1.29,18202
-0.06,-1.39,18213
0.16,-1.81,18226
0.78,-1.95,18237
0.22,-2.13,18249
-0.56,-2.11,18260
-0.91,-2.00,18273
0.43,-1.83,18284
1.95,-1.53,18296
0.24,-1.38,18308
-0.64,-1.15,18320
1.20,-1.14,18331
0.87,-1.17,18343
1.32,-1.15,18355
1.27,-1.45,18366
-1.47,-1.78,18378
1.46,-2.07,18390
-1.00,-2.20,18402
-1.01,-2.12,18413
0.07,-2.01,18425
0.12,-1.71,18437
0.65,-1.49,18449
0.24,-1.11,18460
-0.62,-0.81,18472
0.67,-0.87,18484
1.47,-1.01,18496
0.95,-1.32,18507
0.93,-1.59,18519
-0.93,-1.74,18531
-0.46,-2.02,18542
0.43,-2.14,18554
-0.64,-2.27,18566
-0.28,-1.96,18578
-0.60,-1.64,18589
0.01,-1.32,18601
1.50,-1.02,18613
0.92,-0.74,18625
-0.23,-0.70,18636
0.05,-1.02,18649
0.88,-1.39,18660
1.06,-1.66,18671
0.40,-1.98,18683
-1.17,-2.13,18695
-0.78,-2.16,18707
-0.32,-1.98,18718
-0.53,-1.87,18731
-0.74,-1.66,18742
0.06,-1.43,18754
1.67,-1.28,18765
-0.54,-0.95,18778
-0.35,-0.93,18789
0.67,-1.09,18801
0.68,-1.38,18812
1.03,-1.70,18824
0.44,-1.95,18836
-1.64,-2.18,18847
-0.46,-2.16,18860
0.86,-2.06,18871
0.31,-1.73,18883
0.30,-1.31,18894
0.27,-1.10,18907
0.71,-0.90,18918
1.39,-0.84,18930
1.42,-0.88,18941
0.24,-1.12,18954
-1.22,-1.63,18965
0.59,-1.95,18976
0.47,-2.24,18989
-1.15,-2.17,19000
-0.85,-2.01,19012
-0.09,-1.91,19023
-0.30,-1.62,19036
1.23,-1.49,19047
1.06,-1.16,19059
-0.70,-1.06,19070
0.99,-0.89,19083
1.97,-0.96,19094
-0.21,-1.39,19106
-0.60,-1.69,19118
0.02,-1.99,19130
-0.01,-2.13,19141
0.16,-2.07,19152
-1.31,-1.92,19165
-1.71,-1.71,19176
1.67,-1.56,19188
2.32,-1.20,19200
-0.35,-0.91,19212
0.06,-0.88,19223
1.18,-0.93,19235
0.97,-1.30,19247
0.83,-1.53,19259
-0.46,-1.83,19270
-2.46,-2.02,19282
-0.45,-2.21,19294
1.88,-2.43,19305
0.46,-2.02,19317
-1.83,-1.70,19329
-0.95,-1.41,19341
1.02,-1.15,19352
1.15,-1.02,19364
0.90,-0.96,19376
-0.46,-1.20,19388
-0.73,-1.41,19399
0.76,-1.65,19411
0.52,-1.92,19423
-0.75,-2.03,19435
-1.55,-2.21,19446
-1.05,-2.08,19458
0.95,-1.90,19470
0.59,-1.43,19481
-0.23,-1.10,19493
-1.50,-0.96,19505
-0.79,-1.00,19517
2.08,-1.16,19528
1.65,-1.24,19540
0.39,-1.32,19552
0.18,-1.56,19564
0.86,-1.71,19575
0.13,-1.91,19588
-0.48,-2.03,19599
-1.70,-1.99,19610
-0.16,-1.91,19622
1.76,-1.83,19634
-0.16,-1.56,19646
-0.77,-1.05,19657
0.99,-0.91,19670
1.17,-0.85,19681
0.79,-0.92,19693
1.05,-1.22,19704
-0.86,-1.53,19717
-1.72,-2.14,19728
1.20,-2.37,19740
0.98,-2.31,19751
-2.30,-1.88,19763
-1.40,-1.53,19775
0.18,-1.42,19786
0.11,-1.17,19799
1.59,-1.11,19810
0.85,-0.97,19822
-1.29,-1.04,19833
0.93,-1.32,19846
1.76,-1.53,19857
-0.58,-1.82,19869
-1.02,-1.86,19880
0.16,-1.92,19893
-0.42,-2.03,19904
-0.82,-1.87,19915
0.16,-1.75,19928
-0.34,-1.43,19939
1.09,-1.12,19951
1.44,-0.89,19962
-0.11,-0.85,19975
0.63,-1.07,19986
1.43,-1.38,19998
0.15,-1.82,20009
-0.65,-2.10,20022
-0.19,-2.15,20033
-0.68,-2.00,20045
-0.03,-1.83,20057
0.74,-1.74,20068
0.11,-1.51,20080
-0.65,-1.29,20091
0.34,-1.17,20104
1.55,-0.97,20115
0.48,-1.07,20127
-0.07,-1.14,20139
0.67,-1.39,20151
0.08,-1.71,20162
-0.57,-1.84,20174
0.79,-2.23,20186
-0.44,-2.29,20198
-1.89,-2.09,20209
1.33,-1.87,20220
1.25,-1.47,20233
-1.13,-1.21,20244
0.04,-0.91,20256
1.45,-1.09,20268
0.41,-1.20,20280
0.48,-1.27,20291
0.17,-1.62,20303
-1.40,-1.67,20315
-0.22,-1.81,20327
0.71,-1.86,20338
-1.04,-1.93,20350
0.44,-1.83,20362
0.48,-1.69,20373
-0.87,-1.36,20385
0.32,-0.96,20397
0.22,-1.05,20409
0.14,-1.11,20420
2.14,-1.08,20432
0.62,-1.19,20444
-1.05,-1.34,20456
0.33,-1.78,20467
0.85,-2.01,20480
0.34,-2.16,20491
-0.30,-2.13,20503
0.45,-1.73,20514
-0.01,-1.51,20526
-0.14,-1.27,20538
1.26,-1.16,20549
1.14,-1.13,20561
-0.86,-1.08,20573
0.38,-1.11,20585
0.39,-1.21,20596
-0.68,-1.41,20609
0.49,-1.72,20620
0.08,-1.96,20632
-0.54,-2.10,20643
0.14,-1.96,20656
-0.23,-1.86,20667
-0.75,-1.61,20678
-0.17,-1.42,20690
1.49,-1.21,20702
1.48,-1.04,20714
0.55,-1.04,20725
-0.89,-1.13,20738
-0.72,-1.54,20749
1.06,-1.92,20761
0.01,-2.24,20772
-0.89,-2.23,20785
0.44,-1.99,20796
-0.19,-1.83,20808
-0.36,-1.55,20819
0.93,-1.33,20832
0.06,-1.29,20843
-0.48,-1.04,20854
0.96,-1.00,20867
1.11,-1.03,20878
0.29,-1.33,20890
0.61,-1.49,20901
1.22,-1.56,20914
0.81,-1.95,20925
-0.47,-2.11,20937
-0.09,-2.24,20948
0.58,-2.13,20961
-0.09,-1.74,20972
-0.04,-1.35,20984
0.26,-1.03,20996
-0.30,-0.84,21007
0.89,-0.80,21019
1.93,-0.89,21030
0.46,-1.10,21043
-0.36,-1.55,21054
-0.07,-1.98,21066
0.14,-2.12,21078
0.61,-2.32,21090
-1.25,-2.25,21101
-1.13,-2.04,21113
-392.32,-1.69,21125
-2931.92,-1.42,21137
-0.25,-1.05,21148
0.12,-0.74,21159
1.00,-0.66,21172
0.19,-0.93,21183
0.16,-1.15,21195
0.09,-1.60,21207
0.39,-2.07,21219
-0.06,-2.21,21230
-0.31,-2.17,21242
0.08,-2.01,21254
-0.50,-1.76,21266
0.15,-1.38,21277
0.77,-1.15,21289
0.81,-1.00,21301
0.11,-1.02,21312
0.44,-1.13,21324
1.03,-1.24,21336
0.96,-1.54,21348
-0.51,-1.71,21359
-0.32,-1.95,21371
0.90,-2.08,21383
-0.29,-1.93,21395
-0.95,-1.81,21406
0.06,-1.60,21419
-0.25,-1.45,21430
-0.56,-1.08,21442
1.04,-0.96,21453
1.43,-1.09,21465
-0.12,-1.10,21477
-0.42,-1.36,21488
0.47,-1.64,21500
0.02,-1.85,21512
0.98,-2.07,21524
-1.24,-1.99,21535
-1.39,-2.00,21548
0.83,-1.82,21559
0.09,-1.65,21571
0.06,-1.44,21582
1.00,-1.10,21595
0.36,-1.06,21606
0.04,-0.93,21617
1.31,-1.04,21629
0.26,-1.15,21641
-0.68,-1.46,21653
0.43,-1.96,21664
0.07,-2.28,21677
-0.54,-2.37,21688
0.41,-2.16,21700
0.18,-1.82,21711
-0.56,-1.46,21724
1.40,-1.03,21735
0.75,-0.91,21747
-0.88,-0.94,21758
1.60,-1.23,21770
2.67,-1.53,21782
0.36,-1.54,21793
-0.24,-1.89,21806
-0.75,-2.03,21817
-1.07,-2.10,21829
0.34,-2.11,21840
0.62,-1.94,21853
-0.96,-1.64,21864
-0.47,-1.32,21876
0.89,-1.06,21888
0.79,-0.80,21900
0.32,-0.79,21911
-0.22,-1.03,21922
0.46,-1.35,21935
0.42,-1.94,21946
0.11,-2.23,21958
-0.13,-2.36,21969
-0.56,-2.18,21982
-0.24,-1.96,21993
-0.55,-1.86,22005
0.12,-1.37,22017
0.77,-1.13,22029
0.14,-0.98,22040
0.57,-1.00,22052
1.41,-1.15,22064
0.13,-1.16,22075
-0.78,-1.56,22087
-0.78,-1.96,22098
-0.66,-2.23,22111
0.85,-2.36,22122
-0.47,-2.13,22134
-0.97,-1.85,22146
-0.28,-1.45,22158
-0.38,-1.23,22169
1.03,-0.87,22181
1.08,-0.79,22193
0.43,-0.95,22205
-0.49,-1.19,22216
0.23,-1.66,22227
0.61,-1.86,22240
0.09,-1.90,22251
0.42,-1.86,22263
-0.43,-1.78,22275
-0.95,-1.94,22287
0.64,-1.81,22298
-0.13,-1.65,22310
0.63,-1.52,22322
0.32,-1.25,22334
0.56,-1.15,22345
1.31,-0.99,22358
0.47,-1.14,22369
-0.19,-1.35,22380
0.59,-1.79,22392
0.56,-2.18,22404
-0.56,-2.18,22416
0.04,-2.10,22427
-0.09,-1.79,22439
-1.01,-1.62,22451
0.42,-1.33,22463
1.45,-1.01,22474
0.47,-1.04,22487
-0.10,-0.97,22498
1.45,-1.14,22510
0.85,-1.40,22521
-0.09,-1.70,22533
0.12,-1.93,22545
-0.53,-2.03,22556
-1.07,-2.10,22568
-0.41,-1.89,22580
-0.49,-1.60,22592
-0.50,-1.35,22603
0.38,-1.22,22616
0.19,-1.18,22627
-0.20,-1.21,22639
0.71,-1.41,22650
0.44,-1.52,22663
0.86,-1.53,22674
1.61,-1.68,22686
-0.57,-1.78,22697
-0.42,-1.80,22709
-0.13,-1.75,22721
-0.59,-1.78,22732
0.52,-1.93,22745
0.38,-1.77,22756
-0.32,-1.58,22768
-0.61,-1.18,22779
1.56,-1.12,22792
1.10,-0.99,22803
-1.36,-1.03,22815
0.10,-1.39,22827
0.46,-1.66,22839
-0.85,-1.96,22850
1.01,-1.93,22861
1.12,-1.90,22874
-0.61,-1.76,22885
0.94,-1.47,22897
0.95,-1.30,22908
-0.13,-1.24,22921
0.51,-1.38,22932
1.50,-1.56,22944
0.96,-1.43,22956
1.18,-1.30,22968
1.46,-1.21,22979
-0.59,-1.35,22991
-0.37,-1.64,23003
0.37,-1.94,23014
-0.90,-2.18,23026
-0.13,-2.10,23037
1.28,-1.83,23050
0.12,-1.43,23061
-1.41,-1.12,23073
-392.30,-1.20,23085
0.63,-1.20,23097
0.16,-1.41,23119
0.02,-1.46,23131
1.66,-1.63,23142
0.76,-1.81,23153
-1.93,-1.65,23165
-0.74,-1.70,23177
0.53,-1.55,23188
1.00,-1.58,23199
1.22,-1.82,23211
0.11,-1.72,23222
-0.13,-1.52,23233
0.57,-1.39,23244
0.79,-1.42,23257
1.12,-1.30,23268
0.09,-1.23,23279
-0.59,-1.34,23290
0.46,-1.52,23302
0.15,-1.89,23313
-0.19,-2.08,23324
0.20,-1.99,23335
-0.42,-1.70,23348
-0.68,-1.49,23359
-0.01,-1.33,23370
0.18,-1.23,23382
-0.51,-1.44,23393
0.62,-1.44,23404
1.10,-1.49,23415
-1.17,-1.51,23427
-0.21,-1.45,23439
0.56,-1.55,23450
-0.06,-1.66,23461
-0.14,-1.73,23473
0.67,-1.80,23484
-1.07,-1.65,23495
-0.66,-1.64,23507
1.78,-1.46,23519
0.70,-1.37,23531
0.86,-1.19,23542
0.92,-1.09,23555
-0.54,-1.40,23566
-0.24,-1.59,23578
0.98,-1.90,23589
-0.45,-1.92,23602
-1.15,-1.87,23613
0.53,-1.77,23624
0.23,-1.66,23636
-0.20,-1.64,23648
1.26,-1.48,23660
0.96,-1.39,23671
0.34,-1.28,23684
0.27,-1.10,23695
0.16,-1.23,23707
0.52,-1.37,23718
1.35,-1.55,23731
0.69,-1.68,23742
-0.76,-1.93,23754
-0.92,-2.03,23766
-0.33,-1.97,23778
0.35,-1.89,23789
0.12,-1.53,23800
-0.49,-1.37,23813
0.45,-1.25,23824
1.31,-0.98,23836
1.14,-1.09,23847
-0.74,-1.31,23860
0.66,-1.59,23871
0.76,-1.82,23883
-0.12,-1.89,23895
-0.88,-1.99,23907
-0.93,-1.89,23918
0.32,-1.86,23930
1.20,-1.68,23942
0.44,-1.60,23953
0.13,-1.39,23965
1.06,-1.09,23976
0.45,-1.11,23989
0.32,-1.25,24000
-0.10,-1.50,24012
-0.42,-1.68,24024
-0.02,-1.92,24036
1.02,-1.98,24047
0.72,-1.94,24059
-1.12,-1.91,24071
-0.91,-1.74,24083
0.87,-1.43,24094
1.14,-1.40,24105
-0.25,-1.17,24118
-0.20,-1.30,24129
0.01,-1.30,24141
0.19,-1.42,24153
0.86,-1.61,24165
-0.55,-1.68,24176
-0.96,-1.81,24188
0.36,-1.97,24200
0.61,-1.97,24212
-0.14,-1.82,24223
-0.13,-1.53,24236
-0.69,-1.46,24247
0.38,-1.26,24258
0.41,-1.18,24270
0.22,-1.15,24282
0.83,-1.15,24294
1.01,-1.48,24305
0.69,-1.64,24317
0.44,-1.81,24329
-0.49,-1.79,24341
-1.16,-2.00,24352
0.09,-1.93,24365
0.91,-1.61,24376
0.32,-1.48,24388
-0.68,-1.29,24399
0.20,-1.37,24411
1.07,-1.36,24423
0.13,-1.38,24434
0.13,-1.58,24446
-0.84,-1.46,24458
-0.26,-1.77,24470
1.56,-1.81,24481
0.80,-1.66,24494
-0.57,-1.71,24505
-0.93,-1.52,24517
0.18,-1.64,24528
1.33,-1.60,24541
0.84,-1.40,24552
-0.31,-1.15,24563
-0.01,-1.13,24576
0.69,-1.32,24587
0.99,-1.45,24599
0.48,-1.63,24610
-0.48,-1.80,24623
-0.31,-1.84,24634
0.49,-1.83,24646
-0.47,-1.72,24657
-0.69,-1.67,24670
-0.12,-1.55,24681
1.10,-1.55,24693
0.47,-1.37,24705
-0.25,-1.00,24716
0.30,-1.05,24728
0.03,-1.30,24739
1.23,-1.50,24752
0.68,-1.75,24763
-1.67,-1.79,24775
-0.44,-1.97,24786
0.17,-1.96,24799
-0.40,-1.98,24810
1.25,-1.73,24822
-0.43,-1.34,24834
-1.29,-1.19,24846
1.10,-1.12,24857
1.25,-1.26,24868
1.14,-1.28,24881
0.16,-1.41,24892
-0.30,-1.62,24904
1.52,-1.66,24915
0.55,-1.82,24928
0.24,-1.70,24939
0.80,-1.71,24951
-1.70,-1.87,24963
-0.28,-1.85,24975
1.90,-1.73,24986
-0.72,-1.42,24998
-0.00,-1.36,25010
0.49,-1.41,25021
-0.47,-1.44,25033
0.34,-1.53,25044
-0.35,-1.41,25057
0.19,-1.59,25068
-0.88,-1.64,25080
1.38,-1.71,25092
0.74,-1.81,25104
-2.40,-1.68,25115
1.23,-1.71,25127
1.33,-1.63,25139
-1.34,-1.64,25151
1.08,-1.53,25162
0.37,-1.44,25174
-0.35,-1.40,25186
1.87,-1.24,25197
0.47,-1.29,25209
-1.18,-1.25,25221
-0.26,-1.45,25233
0.40,-1.69,25244
0.38,-1.67,25256
-0.21,-1.75,25268
-0.85,-1.74,25280
0.40,-1.85,25291
0.47,-1.61,25304
1.09,-1.24,25315
0.70,-1.13,25327
-0.97,-1.05,25338
1.08,-1.22,25350
1.95,-1.26,25362
-0.66,-1.31,25373
-0.79,-1.68,25385
-0.45,-1.91,25397
-0.07,-2.06,25409
1.29,-1.85,25420
0.20,-1.72,25433
-0.03,-1.48,25444
0.94,-1.28,25456
1.24,-1.16,25467
0.62,-1.03,25480
-0.46,-1.20,25491
1.16,-1.43,25502
1.76,-1.67,25515
-0.23,-1.73,25526
-1.01,-1.72,25538
-0.91,-1.79,25549
0.19,-1.81,25562
1.49,-1.79,25573
-0.58,-1.67,25585
-1.62,-1.46,25596
0.37,-1.34,25609
1.38,-1.14,25620
1.27,-1.07,25632
0.06,-1.28,25644
-2.54,-1.39,25655
-0.47,-1.82,25667
2.35,-1.99,25678
0.04,-1.91,25691
-1.57,-1.80,25702
-0.85,-1.56,25714
0.36,-1.42,25725
1.58,-1.20,25738
0.66,-1.14,25749
-1.20,-1.27,25761
-0.30,-1.57,25773
2.58,-1.62,25785
1.62,-1.33,25796
-0.28,-1.31,25807
-1.13,-1.44,25820
1.30,-1.70,25831
0.77,-1.78,25843
-0.64,-1.83,25854
-2.12,-1.95,25867
0.54,-1.81,25878
2.39,-1.63,25890
0.73,-1.09,25902
-0.81,-0.63,25914
-0.98,-0.82,25925
0.85,-1.16,25937
2.38,-1.65,25949
1.13,-1.90,25960
-1.28,-2.13,25972
-0.33,-2.22,25984
1.99,-2.01,25996
1.06,-1.81,26007
-1.23,-1.49,26019
-1.22,-1.36,26031
0.10,-1.33,26043
2.25,-1.18,26054
2.20,-1.12,26066
-0.54,-1.16,26078
-1.06,-1.34,26090
1.07,-1.50,26101
1.58,-1.78,26113
-0.53,-2.00,26125
-1.56,-1.94,26136
-0.47,-1.99,26148
0.33,-1.83,26160
1.30,-1.50,26172
1.03,-1.21,26183
-0.90,-0.99,26195
-1.28,-1.06,26207
1.73,-1.16,26219
-1.10,-1.34,26230
-0.32,-1.29,26243
0.12,-1.52,26254
0.22,-1.92,26265
0.74,-2.00,26277
-0.57,-1.96,26289
-0.99,-1.85,26301
0.67,-1.83,26312
1.13,-1.56,26324
0.42,-1.25,26336
-0.23,-1.07,26348
0.99,-0.90,26359
1.14,-1.07,26372
0.09,-1.25,26383
0.33,-1.47,26395
-0.17,-1.72,26406
-1.66,-2.02,26419
0.39,-2.17,26430
1.82,-1.98,26441
-0.62,-1.74,26454
-1.41,-1.47,26465
0.47,-1.18,26477
0.90,-1.16,26488
0.81,-1.20,26501
0.73,-1.22,26512
-0.08,-1.29,26524
-0.06,-1.46,26535
0.51,-1.64,26548
0.66,-1.74,26559
-0.26,-2.01,26571
-0.74,-2.09,26583
0.28,-2.05,26594
0.47,-1.88,26606
0.23,-1.28,26617
-1.13,-1.04,26630
0.48,-0.98,26641
2.21,-1.13,26653
0.41,-1.24,26664
-1.27,-1.29,26677
-1.34,-1.52,26688
0.40,-1.77,26700
0.62,-2.09,26712
-0.06,-2.03,26724
-0.05,-1.81,26735
-0.25,-1.62,26746
0.47,-1.49,26759
1.13,-1.42,26770
0.60,-1.34,26782
-0.45,-1.13,26793
0.63,-1.16,26806
0.94,-1.22,26817
0.39,-1.37,26829
-0.30,-1.48,26841
-1.14,-1.88,26853
0.53,-2.21,26864
0.43,-2.05,26876
0.31,-1.91,26888
-0.31,-1.61,26899
-0.86,-1.31,26911
0.54,-1.30,26923
1.28,-1.08,26935
2.03,-1.21,26946
1.41,-1.05,26958
0.23,-1.24,26970
0.61,-1.48,26982
0.09,-1.68,26993
-1.03,-2.02,27005
0.75,-1.97,27017
-1.18,-2.11,27029
-1.17,-1.96,27040
0.89,-1.79,27052
0.36,-1.41,27064
0.50,-1.01,27075
1.34,-0.88,27087
0.73,-0.85,27099
0.06,-1.12,27111
1.47,-1.43,27122
0.59,-1.71,27134
-1.67,-1.87,27146
-0.24,-1.93,27158
-0.03,-2.15,27169
-1.12,-2.02,27182
0.69,-1.79,27193
0.75,-1.57,27204
-0.94,-1.37,27216
-0.24,-1.14,27228
1.07,-0.93,27240
0.87,-0.94,27251
0.44,-1.14,27264
1.13,-1.45,27275
0.75,-1.79,27287
-0.45,-1.98,27298
0.19,-2.09,27311
0.23,-2.05,27322
-0.14,-1.95,27334
0.55,-1.76,27345
0.73,-1.35,27357
-0.06,-1.12,27369
0.85,-0.86,27380
0.87,-0.82,27393
0.92,-1.02,27404
0.68,-1.42,27416
-0.04,-1.81,27427
-0.78,-1.98,27440
-0.24,-1.99,27451
-0.62,-1.87,27463
-1.28,-1.72,27474
1.08,-1.74,27487
1.17,-1.55,27498
0.02,-1.30,27509
0.64,-1.04,27522
1.07,-0.89,27533
-0.02,-0.94,27545
0.67,-1.21,27556
0.70,-1.44,27569
-0.44,-1.57,27580
0.07,-1.87,27592
0.27,-2.00,27603
-0.83,-1.95,27616
0.62,-1.90,27627
0.83,-1.63,27639
-1.27,-1.28,27651
0.29,-1.16,27662
1.23,-1.09,27674
0.09,-1.15,27685
0.75,-1.11,27698
1.23,-1.40,27709
-0.77,-1.48,27721
-0.73,-1.65,27732
0.40,-1.86,27745
0.18,-1.92,27756
-0.29,-2.04,27768
-0.27,-1.86,27780
0.16,-1.57,27792
0.93,-1.30,27803
0.36,-0.98,27815
-1.25,-0.93,27827
1.25,-1.06,27838
2.03,-1.37,27850
0.28,-1.49,27862
0.52,-1.57,27874
1.02,-1.86,27885
-0.59,-1.94,27897
-0.01,-2.01,27909
0.78,-1.89,27921
-0.76,-1.77,27932
-0.31,-1.50,27944
0.87,-1.25,27956
1.07,-1.26,27968
0.01,-1.17,27979
-0.37,-1.27,27991
0.21,-1.37,28003
0.37,-1.52,28014
0.62,-1.55,28026
0.31,-1.64,28038
-0.27,-1.90,28050
-0.68,-1.84,28061
0.92,-1.66,28073
0.42,-1.48,28085
-0.70,-1.34,28097
0.52,-1.33,28108
0.31,-1.28,28121
0.54,-1.44,28132
0.68,-1.49,28143
-0.21,-1.50,28155
0.19,-1.53,28167
-0.39,-1.45,28179
-0.62,-1.70,28190
-0.00,-1.79,28203
0.46,-1.69,28214
0.83,-1.60,28226
-0.11,-1.42,28237
-0.90,-1.53,28250
0.03,-1.51,28261
0.90,-1.43,28273
0.64,-1.58,28284
0.35,-1.45,28296
-0.51,-1.45,28308
0.37,-1.52,28319
1.18,-1.70,28332
0.24,-1.68,28343
-0.67,-1.70,28355
-1.16,-1.66,28366
0.60,-1.56,28379
1.23,-1.57,28390
-0.24,-1.45,28402
-0.60,-1.47,28413
0.16,-1.54,28426
0.40,-1.35,28437
0.25,-1.44,28448
-0.82,-1.67,28461
-0.29,-1.64,28472
1.86,-1.68,28484
1.39,-1.57,28495
0.44,-1.48,28508
0.15,-1.43,28519
-0.35,-1.67,28531
1.55,-1.61,28542
1.26,-1.53,28555
-0.25,-1.61,28566
1.23,-1.56,28578
0.89,-1.58,28590
0.65,-1.43,28602
-1.07,-1.35,28613
-0.58,-1.35,28624
0.91,-1.40,28637
-0.14,-1.36,28648
0.27,-1.42,28660
-0.35,-1.56,28672
-0.84,-1.61,28684
0.80,-1.53,28695
0.07,-1.52,28707
-1.17,-1.50,28719
-0.54,-1.74,28731
-0.00,-1.54,28742
0.82,-1.47,28754
0.57,-1.39,28766
-1.18,-1.16,28777
-0.56,-1.40,28789
1.32,-1.47,28801
1.25,-1.55,28813
-0.46,-1.52,28824
-1.04,-1.48,28836
-0.64,-1.67,28848
-0.27,-1.69,28860
0.78,-1.72,28871
0.22,-1.61,28883
-1.18,-1.47,28895
-0.26,-1.50,28907
0.93,-1.39,28918
0.32,-1.58,28930
-0.47,-1.46,28942
-0.38,-1.49,28953
0.48,-1.56,28965
-0.06,-1.36,28977
-0.26,-1.38,28989
-0.93,-1.47,29000
0.38,-1.73,29012
1.74,-1.87,29024
0.00,-1.71,29036
-0.95,-1.61,29047
0.37,-1.47,29060
0.65,-1.24,29071
0.48,-1.62,29082
0.77,-1.39,29094
-0.22,-1.49,29106
0.79,-1.72,29118
1.04,-1.50,29129
-0.46,-1.75,29142
-0.05,-1.55,29153
-0.80,-1.41,29165
0.33,-1.71,29176
1.70,-1.30,29189
-0.86,-1.28,29200
0.25,-1.27,29212
1.57,-1.18,29223
-1.57,-1.38,29235
1.72,-1.53,29247
0.30,-1.61,29258
-2.71,-1.79,29271
2.89,-1.66,29282
-0.01,-1.74,29294
-2.17,-1.74,29305
1.89,-1.65,29318
-0.95,-1.71,29329
-0.06,-1.36,29341
-1.03,-1.30,29352
-0.46,-1.31,29365
1.60,-1.19,29376
0.50,-1.35,29388
0.86,-1.38,29400
-1.32,-1.64,29411
-0.64,-1.89,29423
1.25,-1.81,29434
-0.74,-1.81,29447
0.87,-1.72,29458
-0.22,-1.58,29470
-1.29,-1.52,29481
3.20,-1.46,29494
-0.03,-1.44,29505
-1.27,-1.38,29517
1.99,-1.41,29529
-0.60,-1.33,29541
0.20,-1.36,29552
1.23,-1.44,29563
-1.16,-1.49,29576
0.05,-1.79,29587
-0.12,-1.87,29599
-0.01,-1.86,29611
0.87,-1.60,29623
-1.05,-1.25,29634
0.13,-1.20,29646
0.92,-1.17,29658
0.02,-1.47,29670
0.60,-1.38,29681
-0.31,-1.42,29693
0.02,-1.58,29705
0.65,-1.51,29716
-0.83,-1.70,29728
-0.13,-1.65,29740
-0.90,-1.72,29752
1.56,-1.69,29763
0.90,-1.48,29775
-0.97,-1.51,29787
0.28,-1.37,29799
0.49,-1.39,29810
0.26,-1.38,29822
-0.57,-1.39,29834
-0.73,-1.56,29846
0.47,-1.73,29857
0.83,-1.79,29869
-0.05,-1.72,29881
-0.78,-1.77,29892
-1.12,-1.63,29904
0.36,-1.52,29916
1.81,-1.58,29928
-0.36,-1.58,29939
-1.41,-1.66,29952
0.50,-1.42,29963
1.19,-1.45,29975
1.23,-1.45,29986
0.56,-1.32,29999
0.21,-1.54,30010
0.09,-1.54,30021
0.51,-1.62,30033
-0.07,-1.65,30045
-0.96,-1.70,30057
-1.24,-1.73,30068
0.77,-1.58,30081
1.72,-1.52,30092
-1.60,-1.23,30104
-0.82,-1.20,30115
0.05,-1.40,30128
1.47,-1.60,30139
-0.23,-1.64,30151
-1.36,-1.64,30162
0.41,-1.63,30175
1.44,-1.50,30186
0.05,-1.46,30197
-1.50,-1.60,30210
0.79,-1.55,30221
0.67,-1.52,30233
-1.16,-1.52,30244
0.17,-1.56,30257
-0.07,-1.58,30268
-0.89,-1.54,30280
2.02,-1.59,30291
2.02,-1.41,30304
-1.99,-1.50,30315
0.09,-1.68,30327
1.01,-1.60,30339
-0.09,-1.70,30350
0.09,-1.68,30362
-1.13,-1.56,30373
-0.02,-1.57,30386
1.70,-1.38,30397
0.88,-1.37,30409
-0.07,-1.31,30420
-1.36,-1.37,30433
-0.78,-1.60,30444
0.94,-1.56,30456
0.73,-1.66,30468
-1.57,-1.58,30480
-1.50,-1.71,30491
1.25,-1.67,30502
1.80,-1.52,30515
-0.11,-1.41,30526
-0.12,-1.26,30538
-0.29,-1.52,30550
1.76,-1.43,30562
0.94,-1.51,30573
-1.71,-1.49,30585
0.70,-1.43,30597
1.48,-1.62,30609
-0.34,-1.66,30620
-0.72,-1.72,30632
-0.00,-1.66,30644
0.43,-1.46,30656
1.08,-1.60,30667
0.74,-1.30,30679
-0.76,-1.43,30691
-0.59,-1.47,30702
0.96,-1.56,30714
0.59,-1.54,30726
0.03,-1.43,30738
-0.79,-1.74,30749
-1.13,-1.61,30761
2.05,-1.72,30773
0.97,-1.71,30785
-2.24,-1.67,30796
-0.17,-1.89,30809
1.15,-1.60,30820
1.06,-1.65,30831
1.60,-1.38,30843
-0.32,-1.14,30855
-1.35,-1.21,30867
0.84,-1.39,30878
1.27,-1.77,30891
-0.75,-1.74,30902
-0.02,-1.88,30914
0.18,-1.77,30925
1.22,-1.55,30938
-0.75,-1.64,30949
-0.87,-1.57,30961
0.31,-1.73,30972
0.15,-1.67,30984
0.49,-1.55,30996
-0.55,-1.35,31007
-0.55,-1.44,31020
0.32,-1.44,31031
1.14,-1.27,31043
0.64,-1.59,31054
-1.44,-1.48,31067
-0.94,-1.64,31078
2.82,-1.76,31090
-0.14,-1.63,31101
-0.46,-1.66,31114
0.23,-1.62,31125
-2.05,-1.31,31136
2.74,-1.50,31149
3.06,-1.25,31160
-3.96,-1.36,31172
0.65,-1.56,31183
1.37,-1.51,31196
-1.10,-1.71,31207
2.33,-1.42,31219
-1.11,-1.66,31230
-1.27,-1.69,31243
1.51,-1.36,31254
-0.43,-1.69,31266
1.17,-1.34,31278
-0.86,-1.25,31289
2.53,-1.31,31301
-0.26,-1.30,31312
-1.25,-1.59,31325
0.91,-1.48,31336
-1.47,-1.62,31348
1.70,-1.76,31360
1.44,-1.73,31372
-3.40,-1.61,31383
0.60,-1.67,31395
-0.20,-1.53,31407
-1.39,-1.35,31419
2.75,-1.50,31430
-1.78,-1.22,31442
-0.67,-1.36,31454
3.51,-1.46,31465
-0.97,-1.24,31477
0.97,-1.64,31489
-0.01,-1.39,31501
-2.09,-1.61,31512
3.27,-1.69,31524
0.17,-1.47,31536
-1.39,-1.85,31548
0.81,-1.82,31559
-2.21,-1.67,31571
1.28,-1.50,31583
2.79,-1.30,31595
-3.26,-1.26,31606
1.11,-1.24,31618
1.97,-1.25,31630
-1.80,-1.32,31641
2.18,-1.42,31653
-0.75,-1.54,31665
-1.40,-1.78,31677
-0.85,-1.70,31688
-0.07,-1.70,31700
-0.31,-1.65,31712
-0.52,-1.60,31724
2.97,-1.84,31735
0.09,-1.59,31748
-0.84,-1.34,31759
1.20,-1.30,31770
