9⸮6131.00
-248861.00
0.75,0.62,1134
0.31,0.87,1136
3.34,0.70,1137
1.03,0.42,1148
-0.12,0.03,1161
2.73,-0.68,1172
0.14,-0.84,1183
-0.19,-1.10,1196
2.03,-1.17,1207
-2.03,-1.11,1219
-0.16,-0.66,1230
3.46,-0.06,1243
0.12,0.21,1254
0.75,0.64,1266
2.23,0.74,1277
2.24,0.63,1290
1.55,0.40,1301
1.65,-0.00,1313
0.92,-0.28,1325
-0.29,-0.72,1337
0.56,-1.00,1348
1.26,-1.08,1360
-0.49,-0.87,1372
-1.53,-0.56,1383
1.74,-0.30,1395
2.00,0.34,1406
0.20,0.84,1419
2.83,0.88,1430
0.73,0.60,1442
0.41,-0.03,1454
3.59,-0.37,1466
0.30,-0.62,1477
-1.42,-0.92,1489
0.07,-1.07,1501
0.42,-1.02,1513
0.76,-0.62,1524
-0.62,-0.19,1537
0.51,0.34,1548
2.67,0.72,1559
2.01,0.90,1571
0.72,0.91,1583
0.85,0.47,1595
0.91,-0.03,1606
1.97,-0.55,1618
1.56,-0.89,1630
-0.24,-1.15,1642
-1.35,-1.25,1653
1.13,-0.92,1666
1.76,-0.65,1677
-0.19,0.05,1689
0.71,0.73,1700
1.38,0.89,1712
1.77,0.83,1724
2.82,0.63,1735
1.63,0.53,1747
-0.83,0.06,1759
0.35,-0.65,1771
1.83,-1.10,1782
0.74,-1.31,1795
-0.94,-1.19,1806
-0.56,-1.05,1818
0.83,-0.62,1829
1.32,0.18,1842
2.82,0.69,1853
0.54,1.05,1865
0.09,0.95,1876
3.67,0.76,1888
2.87,0.46,1900
0.07,-0.17,1911
-0.34,-0.74,1924
1.40,-1.19,1935
2.64,-1.18,1947
0.09,-1.12,1958
-2.36,-0.81,1971
2.12,-0.36,1982
3.54,-0.00,1994
1.13,0.45,2006
0.81,0.75,2018
0.52,0.90,2029
1.43,0.70,2041
3.15,0.21,2053
1.97,-0.15,2064
-2.05,-0.74,2076
-0.41,-0.93,2087
1.14,-1.21,2100
0.87,-1.20,2111
1.63,-0.47,2123
-0.31,-0.04,2135
-0.30,0.38,2147
1.94,0.65,2158
2.92,0.83,2170
2.31,0.85,2182
0.27,0.40,2194
0.68,-0.13,2205
2.22,-0.64,2217
0.59,-0.99,2229
-0.20,-1.18,2240
-0.95,-1.22,2252
-1.08,-0.94,2264
2.48,-0.49,2276
2.14,0.18,2287
0.82,0.64,2299
3.03,0.83,2311
2.42,0.97,2323
2.02,0.75,2334
0.26,0.42,2347
-0.10,-0.42,2358
2.76,-0.89,2370
1.48,-1.19,2381
-0.90,-1.39,2394
-1.90,-1.00,2405
-0.55,-0.81,2416
2.16,-0.39,2428
0.78,0.22,2440
0.93,0.65,2452
2.38,1.18,2463
0.61,1.03,2476
0.99,0.64,2487
2.24,0.14,2499
-0.07,-0.31,2510
0.27,-0.83,2523
1.09,-1.32,2534
-0.40,-1.42,2546
0.43,-1.29,2557
0.43,-1.08,2569
0.33,-0.50,2581
1.51,0.35,2592
0.99,0.92,2605
0.86,1.04,2616
3.33,0.86,2628
2.16,0.64,2639
0.89,0.06,2652
2.23,-0.44,2663
0.39,-0.95,2675
0.79,-1.35,2686
0.58,-1.38,2699
0.05,-1.17,2710
0.21,-0.62,2722
0.83,-0.08,2734
2.25,0.61,2745
1.69,0.90,2757
1.98,1.12,2768
2.86,0.89,2781
0.76,0.44,2792
0.61,-0.00,2804
2.55,-0.82,2816
0.07,-1.10,2828
-0.15,-1.30,2839
0.25,-1.32,2851
-0.93,-0.93,2863
1.39,-0.53,2875
2.11,0.32,2886
1.71,0.80,2898
1.90,0.97,2910
0.83,0.97,2921
2.68,0.61,2933
2.82,0.10,2945
1.09,-0.43,2957
0.65,-0.93,2968
0.62,-1.19,2980
-1.13,-1.23,2992
-0.01,-0.97,3004
1.52,-0.40,3015
-0.37,-0.05,3027
0.95,0.30,3039
1.34,0.78,3051
2.76,1.03,3062
-0.53,0.86,3075
1.97,0.45,3086
1.16,-0.22,3097
0.49,-0.52,3109
0.72,-0.94,3121
-1.65,-1.21,3133
-1.88,-1.25,3144
1.74,-1.24,3156
1.94,-0.52,3168
-1.30,0.07,3180
0.65,0.57,3191
3.16,0.97,3204
3.35,0.90,3215
1.97,0.81,3227
0.03,0.41,3238
-0.02,-0.28,3250
1.28,-0.83,3262
2.05,-1.28,3273
-0.18,-1.34,3286
-2.56,-1.23,3297
-0.40,-0.94,3309
2.17,-0.32,3320
1.96,0.30,3333
0.58,0.86,3344
0.42,1.09,3356
2.68,1.00,3367
4.52,0.81,3380
1.91,0.38,3391
-0.75,-0.25,3403
-0.72,-1.08,3415
0.23,-1.47,3426
1.63,-1.39,3438
1.78,-0.84,3449
-0.98,-0.44,3462
2.56,-0.12,3473
4.15,0.56,3485
1.44,1.05,3496
-0.63,1.23,3509
2.14,0.75,3520
2.26,0.26,3532
2.07,-0.03,3544
0.56,-0.71,3556
-2.33,-1.09,3567
-0.64,-1.43,3579
3.51,-1.31,3591
1.84,-0.90,3602
-2.75,-0.44,3614
-0.28,0.27,3625
3.33,0.76,3638
3.64,0.94,3649
2.46,1.05,3661
-0.62,0.77,3673
0.64,0.19,3685
3.32,-0.36,3696
2.17,-0.99,3708
-0.74,-1.33,3720
-2.96,-1.54,3732
0.27,-1.35,3743
3.20,-0.78,3756
0.40,-0.04,3767
-1.27,0.63,3778
0.70,1.04,3790
2.64,1.09,3802
4.32,1.08,3814
3.12,0.81,3825
-0.01,0.10,3837
1.83,-0.71,3849
1.88,-1.33,3861
0.13,-1.58,3872
-2.49,-1.60,3885
-0.25,-1.36,3896
3.44,-0.77,3908
1.17,-0.02,3919
-0.66,0.62,3932
0.29,1.06,3943
1.42,1.02,3954
4.22,0.91,3966
1.76,0.52,3978
-1.17,-0.04,3990
-0.37,-0.68,4001
0.83,-1.20,4014
2.72,-1.38,4025
-0.22,-1.38,4037
-3.53,-0.98,4048
1.29,-0.50,4061
3.46,-0.04,4072
1.33,0.56,4084
0.45,1.09,4096
-0.27,1.15,4107
1.88,0.79,4119
4.37,0.27,4130
1.78,-0.19,4143
-1.37,-0.83,4154
-1.90,-1.26,4166
0.55,-1.60,4177
3.20,-1.45,4190
-0.01,-0.84,4201
-2.94,-0.22,4213
1.64,0.24,4225
3.16,0.71,4237
2.33,1.01,4248
-0.53,1.02,4260
0.90,0.62,4272
4.53,0.08,4283
1.82,-0.57,4295
-2.61,-1.01,4306
-2.42,-1.44,4319
1.23,-1.68,4330
3.39,-1.34,4342
-0.44,-0.80,4354
-1.87,0.05,4366
1.50,0.64,4377
2.80,1.04,4389
4.06,1.29,4401
1.81,0.97,4413
-2.04,0.57,4424
0.60,-0.37,4436
3.32,-1.01,4448
2.21,-1.43,4459
-1.83,-1.51,4471
-3.16,-1.29,4483
0.88,-1.10,4495
2.93,-0.59,4506
2.09,0.27,4518
0.19,1.14,4530
0.09,1.22,4542
1.23,1.03,4553
4.21,0.99,4566
4.48,0.49,4577
-1.91,-0.34,4589
-1.51,-1.23,4600
1.93,-1.89,4612
-0.25,-1.81,4624
-4.08,-1.36,4635
0.42,-0.84,4647
2.46,-0.26,4659
3.80,0.53,4671
2.64,1.39,4682
-2.77,1.43,4695
1.08,1.23,4706
7.53,0.72,4718
2.97,0.22,4729
-4.04,-0.40,4742
-1.51,-1.33,4753
1.20,-1.59,4765
3.03,-1.79,4776
1.45,-1.41,4788
-4.19,-0.76,4800
-0.56,-0.27,4811
3.78,0.40,4824
5.24,1.04,4835
2.14,1.48,4847
-1.96,1.34,4858
0.23,0.76,4871
5.49,-0.06,4882
3.63,-0.77,4894
-1.99,-1.21,4905
-3.51,-1.70,4918
-0.96,-1.77,4929
4.20,-1.25,4941
1.85,-0.25,4953
-2.18,0.50,4964
-0.89,0.77,4976
1.82,1.10,4987
7.70,1.31,5000
-3.66,1.15,5011
-1.27,0.45,5023
3.87,-0.50,5035
4.06,-1.08,5047
-0.72,-1.51,5058
-4.81,-1.73,5070
-3.08,-1.60,5082
4.49,-1.25,5094
3.80,-0.26,5105
-1.59,0.76,5117
-2.31,1.30,5129
1.49,1.45,5140
8.12,1.28,5152
4.14,0.95,5164
-4.42,0.25,5176
-2.12,-0.73,5187
3.46,-1.69,5199
4.77,-2.01,5211
-0.36,-1.73,5223
-4.78,-1.28,5234
-2.31,-0.79,5246
3.75,-0.25,5258
6.48,0.83,5270
1.21,1.69,5281
-2.72,1.68,5293
1.98,1.21,5305
6.95,0.42,5316
4.61,0.10,5328
-1.38,-0.62,5340
-4.21,-1.64,5352
-0.77,-2.20,5363
4.22,-2.05,5376
1.76,-1.28,5387
-2.75,-0.53,5399
2.78,0.29,5410
5.41,1.02,5423
2.43,1.57,5434
-1.72,1.66,5446
0.32,1.19,5457
5.79,0.36,5469
3.22,-0.29,5481
-1.61,-1.04,5492
-3.68,-1.46,5505
-1.64,-1.80,5516
3.68,-2.00,5528
1.36,-1.39,5539
-1.84,-0.49,5552
-1.81,0.37,5563
1.97,0.88,5575
6.48,1.31,5586
2.64,1.63,5599
-2.38,1.40,5610
-0.98,0.57,5622
4.50,-0.65,5634
2.83,-1.19,5645
-0.14,-1.57,5657
-2.21,-1.73,5668
-3.67,-1.81,5681
3.51,-1.33,5692
5.21,-0.06,5704
-0.95,0.80,5715
-1.96,1.30,5728
2.35,1.32,5739
6.19,1.14,5751
3.66,0.86,5763
-0.16,0.13,5775
0.07,-0.87,5786
1.82,-1.78,5798
0.86,-1.97,5810
-2.54,-1.67,5821
-3.15,-1.30,5833
3.05,-0.58,5844
3.97,0.10,5857
0.04,1.13,5868
0.73,1.71,5880
2.11,1.76,5892
4.63,1.24,5904
4.32,0.53,5915
-0.97,-0.21,5927
-2.99,-1.15,5939
-0.82,-1.88,5951
2.07,-2.27,5962
1.15,-1.91,5975
-2.39,-1.03,5986
-1.27,-0.27,5997
2.25,0.57,6009
4.09,1.30,6021
3.30,1.55,6033
-0.45,1.72,6044
0.29,1.04,6056
5.19,0.24,6068
2.84,-0.61,6080
-0.69,-1.30,6091
-1.40,-1.94,6104
-2.02,-2.19,6115
0.72,-1.82,6127
2.34,-1.11,6138
-1.60,-0.23,6150
-1.50,0.65,6162
4.69,1.35,6173
2.82,1.71,6185
-0.12,1.58,6197
0.17,1.07,6209
3.14,0.07,6220
1.54,-0.90,6233
0.23,-1.58,6244
-1.34,-1.95,6256
-2.37,-1.95,6267
1.41,-1.56,6280
1.92,-0.85,6291
-1.14,0.14,6303
-0.61,0.95,6315
2.84,1.49,6326
4.35,1.43,6338
3.30,1.28,6349
0.75,0.95,6362
-0.87,-0.05,6373
0.45,-0.96,6385
1.61,-1.81,6396
0.36,-2.01,6409
-2.74,-1.82,6420
-1.93,-1.24,6432
1.23,-0.54,6444
2.13,0.35,6456
1.43,1.43,6467
0.35,1.73,6479
0.97,1.55,6491
4.38,1.12,6502
4.15,0.30,6514
0.25,-0.50,6525
-0.97,-1.46,6538
-0.66,-2.02,6549
0.75,-2.10,6561
-3.58,-1.80,6573
-1.23,-1.16,6585
2.13,-0.29,6596
3.58,0.80,6608
1.74,1.56,6620
0.65,2.04,6632
2.16,1.99,6643
3.76,1.07,6656
3.65,0.15,6667
-0.58,-0.92,6678
-1.97,-1.75,6690
-1.49,-2.42,6702
1.95,-2.63,6714
1.45,-1.87,6725
-3.19,-0.84,6737
-1.04,0.25,6749
3.12,1.02,6761
4.90,1.64,6772
3.75,2.24,6785
0.76,1.79,6796
1.43,0.92,6808
2.92,-0.29,6819
2.46,-1.09,6832
0.13,-1.78,6843
-4.01,-2.31,6854
-2.73,-2.12,6866
2.91,-1.72,6878
0.88,-0.79,6890
-3.02,0.13,6901
0.16,1.00,6914
2.61,1.73,6925
3.74,1.86,6937
0.07,1.50,6948
0.09,0.82,6961
2.86,-0.15,6972
2.60,-1.18,6984
-1.57,-1.92,6995
-3.95,-2.06,7007
-0.84,-1.74,7019
2.14,-1.47,7030
1.79,-0.58,7043
-0.15,0.50,7054
-0.70,1.34,7066
2.66,1.52,7077
5.02,1.49,7090
2.50,1.33,7101
0.20,0.63,7113
-0.72,-0.67,7124
0.26,-1.60,7137
2.59,-2.08,7148
0.47,-1.96,7160
-3.72,-1.53,7172
-1.15,-0.90,7183
2.90,-0.05,7195
2.59,1.06,7206
1.32,1.71,7219
0.50,1.68,7230
1.17,1.29,7242
4.76,0.54,7254
3.90,-0.03,7266
-1.27,-1.10,7277
-3.70,-1.92,7289
-0.71,-2.24,7301
3.00,-2.17,7313
0.23,-1.32,7324
-1.10,-0.39,7336
3.44,0.50,7348
5.16,1.47,7359
2.48,1.90,7371
-0.34,2.03,7383
1.61,1.33,7395
4.81,0.49,7406
3.60,-0.62,7418
-2.38,-1.38,7430
-3.38,-2.10,7442
0.54,-2.40,7453
2.34,-2.01,7465
0.99,-1.21,7477
-2.45,0.06,7489
-0.67,0.85,7500
3.29,1.19,7513
6.07,1.64,7524
4.00,1.84,7535
-1.87,1.48,7547
-0.18,0.15,7559
2.72,-0.93,7571
2.23,-1.52,7582
-0.66,-1.95,7595
-4.56,-2.00,7606
-1.79,-2.09,7618
2.78,-1.16,7629
3.77,0.10,7642
-0.51,1.08,7653
-2.00,1.57,7665
2.83,1.75,7676
5.52,1.50,7689
3.97,0.86,7700
-1.56,-0.05,7711
1.83,-1.08,7724
3.24,-1.85,7735
-0.85,-2.17,7747
-4.30,-1.91,7758
0.37,-1.32,7771
2.90,-0.51,7782
2.96,0.24,7794
0.73,1.12,7805
-0.92,1.74,7818
2.54,1.68,7829
3.93,1.10,7841
3.01,0.38,7853
-0.94,-0.33,7864
-2.31,-1.34,7876
0.86,-2.06,7887
1.27,-2.23,7900
-0.27,-1.68,7911
-1.89,-0.86,7923
-0.81,-0.22,7934
3.24,0.71,7947
4.55,1.37,7958
2.19,1.68,7970
0.09,1.40,7982
1.51,0.72,7994
2.74,0.10,8005
2.57,-0.92,8017
-1.20,-1.54,8029
-2.90,-2.04,8040
0.57,-2.26,8052
1.40,-1.65,8064
-0.44,-0.75,8076
-0.82,0.30,8087
-0.33,1.24,8099
4.95,1.83,8111
0.89,1.88,8123
0.66,1.39,8134
2.53,0.63,8146
2.11,-0.35,8158
1.94,-1.37,8170
-2.05,-1.98,8181
-2.55,-2.08,8194
1.18,-1.84,8205
1.70,-1.35,8216
0.64,-0.39,8228
0.06,0.57,8240
0.73,1.38,8252
3.54,1.83,8263
3.81,1.66,8275
1.17,1.38,8287
0.79,0.49,8299
1.29,-0.54,8310
0.51,-1.36,8323
1.10,-2.11,8334
-1.33,-2.11,8346
-2.74,-1.91,8357
1.01,-1.16,8370
0.92,-0.17,8381
0.78,0.73,8392
1.18,1.39,8404
2.52,1.71,8416
4.86,1.63,8428
3.17,1.00,8439
0.42,0.10,8452
0.54,-0.75,8463
1.15,-1.61,8475
1.53,-1.97,8486
-1.65,-1.98,8499
-1.19,-1.47,8510
1.46,-0.77,8522
2.15,0.05,8534
1.05,0.84,8545
2.31,1.43,8557
2.38,1.69,8568
3.14,1.36,8581
2.45,0.79,8592
0.01,-0.06,8604
-0.18,-1.09,8615
0.05,-1.89,8628
0.29,-2.11,8639
-0.50,-1.95,8651
-1.87,-1.33,8663
0.55,-0.47,8675
2.61,0.52,8686
1.77,1.28,8698
2.24,1.79,8710
1.86,1.84,8721
2.09,1.23,8733
3.71,0.43,8744
1.46,-0.55,8757
-0.40,-1.45,8768
-0.73,-2.07,8780
0.19,-2.43,8792
0.74,-1.78,8804
-0.84,-0.92,8815
-0.88,-0.19,8827
1.91,0.72,8839
3.39,1.57,8851
3.35,2.00,8862
2.58,1.75,8875
1.53,0.90,8886
4.10,-0.10,8897
1.01,-0.93,8909
-1.71,-1.67,8921
-1.84,-2.33,8933
-0.32,-2.26,8944
2.02,-1.80,8956
-0.08,-0.75,8968
-1.42,0.18,8980
1.28,1.10,8991
3.45,1.86,9004
3.42,1.87,9015
1.41,1.80,9027
0.23,0.78,9038
1.26,-0.31,9051
2.71,-1.33,9062
0.06,-1.96,9073
-3.18,-1.91,9085
-0.82,-1.84,9097
1.06,-1.39,9109
2.42,-0.51,9120
0.73,0.49,9133
-0.47,1.33,9144
1.71,1.50,9156
3.41,1.52,9167
4.61,1.14,9180
1.14,0.39,9191
-0.97,-0.61,9203
0.73,-1.55,9214
1.28,-1.85,9226
0.69,-1.95,9238
-2.40,-1.60,9249
-2.10,-0.95,9262
3.83,-0.07,9273
2.17,0.88,9285
0.14,1.41,9296
2.12,1.73,9309
3.43,1.31,9320
3.55,0.36,9332
0.38,-0.27,9344
-1.48,-1.13,9356
-0.30,-1.66,9367
0.36,-2.17,9379
1.05,-2.03,9391
-0.83,-1.37,9402
-0.20,-0.46,9414
1.75,0.43,9425
1.86,0.99,9438
2.25,1.57,9449
2.49,1.78,9461
1.18,1.28,9473
1.23,0.41,9485
2.16,-0.46,9496
0.34,-1.23,9508
-1.16,-1.87,9520
-0.73,-2.06,9532
0.33,-1.83,9543
0.19,-1.01,9555
0.68,-0.02,9567
0.38,0.69,9578
1.07,1.29,9590
3.68,1.56,9602
3.76,1.44,9614
0.38,1.00,9625
-0.96,0.08,9637
0.94,-0.81,9649
1.04,-1.58,9661
-1.45,-1.90,9672
-2.32,-1.71,9684
1.00,-1.32,9696
1.23,-0.40,9708
0.47,0.31,9719
1.83,0.94,9732
1.49,1.46,9743
2.85,1.42,9754
2.55,1.05,9766
-0.44,0.39,9778
0.67,-0.34,9790
1.33,-1.09,9801
-0.12,-1.61,9814
-0.54,-1.88,9825
-1.06,-1.72,9837
0.13,-1.21,9848
1.76,-0.42,9861
1.71,0.39,9872
2.00,1.34,9884
1.56,1.56,9895
1.52,1.52,9907
4.32,0.94,9919
2.31,0.22,9930
-1.87,-0.44,9943
0.04,-1.34,9954
-0.11,-1.93,9966
-0.59,-2.03,9977
0.59,-1.48,9990
-1.69,-0.86,10001
-0.13,-0.20,10013
1.82,0.78,10024
2.55,1.29,10037
0.78,1.57,10048
1.21,1.21,10060
3.54,0.72,10072
2.18,0.09,10083
0.02,-0.84,10095
-0.51,-1.69,10106
-1.03,-2.11,10119
1.02,-1.97,10130
0.62,-1.49,10142
-0.59,-0.70,10153
1.71,0.35,10166
2.86,1.27,10177
3.31,1.70,10189
2.27,1.64,10201
0.63,1.23,10213
2.30,0.53,10224
2.97,-0.54,10236
0.72,-1.32,10248
-1.96,-1.86,10259
-1.72,-2.11,10271
-0.33,-1.86,10283
1.37,-1.05,10295
0.48,-0.01,10306
-0.14,0.74,10318
0.87,1.29,10330
2.63,1.52,10342
3.25,1.36,10353
2.40,1.07,10365
0.38,0.44,10377
-0.52,-0.40,10389
0.17,-1.43,10400
1.24,-1.97,10413
-0.42,-1.96,10424
-0.56,-1.74,10435
1.29,-0.94,10447
1.45,0.01,10459
1.25,0.89,10471
1.37,1.40,10482
2.31,1.24,10494
3.08,1.16,10506
1.22,0.50,10518
0.20,-0.23,10529
0.01,-0.93,10542
-1.07,-1.49,10553
-0.77,-1.79,10565
-0.54,-1.88,10576
-0.27,-1.37,10589
1.28,-0.41,10600
2.39,0.48,10611
0.38,1.18,10624
-0.30,1.45,10635
4.16,1.39,10647
3.20,0.92,10658
1.37,0.20,10671
1.31,-0.68,10682
-1.35,-1.60,10694
-0.28,-1.88,10705
0.84,-1.92,10718
0.02,-1.43,10729
-0.78,-0.69,10741
0.02,0.15,10753
1.97,0.98,10764
1.92,1.25,10776
2.21,1.50,10787
2.14,1.05,10800
2.08,0.38,10811
-392.29,-0.22,10823
-1.45,-0.87,10834
-0.02,-1.44,10858
0.05,-1.81,10869
0.28,-1.58,10881
-0.25,-0.95,10892
-0.18,-0.34,10903
2.51,0.47,10914
4.12,1.09,10926
0.47,1.58,10938
0.96,1.36,10949
2.47,0.82,10960
1.89,0.19,10972
1.13,-0.64,10983
-1.19,-1.35,10994
-2.25,-1.93,11005
-0.35,-1.93,11017
1.72,-1.62,11029
1.33,-1.15,11040
-0.39,-0.37,11052
0.85,0.53,11063
3.24,1.28,11074
3.02,1.46,11085
1.99,1.36,11097
1.10,1.00,11108
0.42,0.24,11120
0.69,-0.55,11131
0.53,-1.25,11143
-1.22,-1.71,11154
-2.05,-1.66,11165
0.79,-1.49,11176
2.05,-0.89,11188
0.95,-0.01,11199
0.40,0.89,11211
0.44,1.34,11223
2.52,1.24,11234
3.41,0.97,11246
1.46,0.47,11257
-0.93,-0.19,11269
-0.15,-1.00,11281
1.04,-1.66,11292
0.38,-1.70,11304
-0.30,-1.51,11316
-2.16,-1.11,11328
-0.06,-0.55,11339
3.56,0.20,11352
2.49,1.09,11363
1.20,1.46,11375
0.14,1.42,11386
2.15,0.89,11399
3.79,0.16,11410
1.00,-0.53,11422
-0.70,-1.26,11433
-0.26,-1.61,11446
-0.41,-1.76,11457
0.88,-1.36,11468
0.81,-0.64,11481
-1.93,0.15,11492
1.43,0.74,11504
4.11,0.93,11515
1.66,1.21,11528
2.00,1.17,11539
1.53,0.66,11551
0.40,-0.02,11563
3.00,-0.87,11575
0.55,-1.27,11586
-1.87,-1.84,11598
-0.29,-1.83,11610
0.17,-1.53,11621
0.41,-0.85,11633
0.11,0.18,11644
1.85,0.89,11657
2.71,1.48,11668
2.05,1.55,11680
2.28,1.23,11692
0.51,0.64,11704
0.29,-0.25,11715
2.10,-0.95,11727
-0.76,-1.82,11739
-2.02,-2.19,11751
0.27,-2.00,11762
0.09,-1.55,11774
-0.24,-0.52,11786
0.97,0.27,11797
0.99,1.07,11809
2.03,1.56,11821
3.32,1.44,11833
1.38,1.09,11844
1.07,0.21,11856
1.42,-0.51,11868
2.30,-1.28,11880
-0.23,-1.87,11891
-3.01,-1.95,11904
-0.19,-1.71,11915
1.83,-0.98,11927
0.62,-0.12,11938
0.16,0.74,11951
1.11,1.15,11962
1.33,1.29,11973
3.95,1.23,11985
-0.71,0.67,11997
0.84,-0.06,12009
1.09,-0.76,12020
-0.05,-1.46,12033
-0.22,-1.75,12044
-0.68,-1.68,12056
0.82,-1.25,12067
2.32,-0.66,12080
1.77,0.11,12091
1.03,1.09,12103
1.01,1.41,12114
2.00,1.29,12126
3.28,0.87,12138
2.79,0.29,12149
0.57,-0.36,12162
0.28,-1.24,12173
-0.37,-1.61,12185
0.58,-1.83,12196
0.61,-1.54,12209
-2.29,-0.96,12220
-0.86,-0.31,12232
3.18,0.66,12243
2.06,1.37,12256
0.86,1.55,12267
0.72,1.31,12279
0.89,0.72,12291
5.07,0.18,12302
3.63,-0.50,12314
-2.45,-1.23,12325
-2.52,-1.92,12338
-0.27,-2.12,12349
1.68,-1.62,12361
1.36,-0.91,12372
-1.20,0.04,12385
2.36,0.70,12396
3.68,1.13,12408
1.73,1.32,12420
0.75,1.22,12432
-0.15,0.80,12443
1.23,-0.19,12455
1.78,-0.85,12467
-1.17,-1.20,12478
-1.39,-1.66,12490
-0.53,-1.77,12502
2.10,-1.58,12514
1.86,-0.61,12525
-1.06,0.19,12537
-0.06,0.86,12549
1.82,1.15,12561
3.92,0.98,12572
3.00,0.95,12584
-0.07,0.30,12596
0.01,-0.35,12608
1.34,-1.07,12619
1.79,-1.51,12632
-0.61,-1.41,12643
-1.11,-1.44,12654
-0.26,-1.04,12666
1.64,-0.34,12678
2.90,0.58,12690
2.49,1.15,12701
-0.44,1.20,12713
1.18,0.92,12725
4.35,0.34,12737
2.68,-0.12,12748
1.23,-0.62,12761
-1.25,-1.19,12772
1.28,-1.54,12784
0.05,-1.61,12795
-0.73,-1.15,12807
-1.03,-0.59,12819
1.08,0.04,12830
2.82,0.92,12843
2.57,1.50,12854
1.75,1.50,12866
1.11,0.98,12877
2.22,0.24,12890
2.87,-0.51,12901
0.37,-1.17,12913
-1.53,-1.47,12924
-0.97,-1.61,12937
0.85,-1.31,12948
1.37,-0.78,12960
0.10,-0.15,12972
-1.21,0.57,12983
1.16,0.86,12995
3.92,1.11,13006
2.92,1.08,13019
1.79,0.86,13030
0.79,0.34,13042
1.93,-0.42,13053
2.40,-1.09,13066
-0.16,-1.76,13077
-2.36,-2.03,13089
0.25,-1.80,13101
2.33,-1.13,13113
1.52,-0.03,13124
0.84,0.89,13136
-0.91,1.29,13148
4.87,1.33,13159
3.27,0.99,13171
0.64,0.81,13182
-0.05,0.22,13195
-0.66,-0.67,13206
-0.04,-1.52,13218
1.71,-1.75,13230
0.67,-1.60,13242
-2.54,-1.18,13253
-0.64,-0.56,13265
2.40,-0.11,13277
2.82,0.51,13289
1.80,1.09,13300
1.16,1.36,13312
2.12,1.38,13324
2.23,0.79,13335
0.76,0.01,13347
-0.48,-1.00,13359
-1.26,-1.75,13371
0.68,-1.75,13382
0.99,-1.59,13394
-1.08,-0.91,13406
-1.67,-0.23,13418
0.49,0.37,13429
2.70,0.88,13442
3.60,0.95,13453
1.96,1.31,13465
-0.04,0.65,13476
1.11,-0.24,13488
3.15,-0.81,13500
1.98,-1.25,13511
-0.83,-1.24,13523
-1.94,-1.34,13535
1.69,-1.01,13547
1.20,-0.72,13558
-1.17,-0.08,13571
-0.10,0.64,13582
2.70,0.92,13594
5.00,1.35,13605
1.00,1.24,13618
-1.41,0.70,13629
0.55,-0.27,13641
1.44,-1.08,13652
2.56,-1.45,13664
-0.71,-1.67,13676
-4.43,-1.81,13687
-0.17,-1.54,13700
4.04,-0.60,13711
2.74,0.53,13723
-1.00,1.35,13734
-0.32,1.67,13747
2.71,1.41,13758
4.15,0.71,13770
3.69,0.10,13782
-0.61,-0.46,13794
-0.81,-0.99,13805
1.31,-1.46,13817
1.64,-1.63,13829
-1.10,-1.60,13840
-3.27,-1.20,13852
1.03,-0.50,13863
3.95,0.21,13876
2.29,1.16,13887
0.40,1.40,13899
0.35,1.26,13911
2.35,0.83,13923
1.79,0.27,13934
-1.06,-0.20,13946
-1.78,-0.80,13958
-0.33,-1.59,13970
1.58,-1.95,13981
0.06,-1.51,13993
-1.20,-0.80,14005
0.48,-0.14,14016
3.20,0.63,14028
3.49,1.17,14040
0.70,1.30,14052
0.23,0.98,14063
1.87,0.29,14075
3.40,-0.21,14087
1.95,-0.60,14099
-1.00,-1.12,14110
-2.32,-1.50,14123
-0.79,-1.42,14134
3.13,-1.06,14146
0.52,-0.32,14157
-0.65,0.36,14169
0.24,0.85,14181
2.52,0.99,14192
4.90,0.96,14204
0.52,0.70,14216
-0.45,0.37,14228
1.82,-0.50,14239
1.69,-1.20,14252
-0.16,-1.47,14263
-1.85,-1.64,14275
-1.55,-1.45,14286
0.21,-0.95,14299
3.15,-0.20,14310
-1.63,0.79,14322
1.58,1.03,14333
4.62,1.28,14345
4.08,1.07,14357
1.20,0.90,14368
-1.12,0.36,14381
0.14,-0.76,14392
1.65,-1.47,14404
1.41,-1.80,14415
-1.27,-1.63,14428
-3.09,-1.27,14439
0.79,-0.79,14451
4.40,0.08,14462
0.85,0.77,14475
-0.64,1.28,14486
2.65,1.18,14498
3.02,1.01,14510
2.98,0.51,14521
-0.06,-0.39,14533
-3.29,-0.99,14544
0.37,-1.48,14557
2.94,-1.66,14568
0.27,-1.43,14580
-2.35,-0.93,14592
-1.11,-0.36,14604
2.41,0.16,14615
4.20,0.97,14627
1.49,1.43,14639
-0.48,1.43,14651
1.66,0.93,14662
3.34,0.20,14673
3.29,-0.45,14686
-0.77,-1.05,14697
0.60,-1.63,14709
1.71,-1.82,14721
1.42,-1.37,14733
-1.10,-0.63,14744
-3.05,0.08,14756
2.52,0.59,14768
5.91,0.93,14780
1.25,1.19,14791
-0.86,1.25,14803
1.85,0.62,14815
1.75,0.01,14827
1.40,-0.52,14838
-0.20,-1.12,14850
-2.89,-1.41,14862
-0.42,-1.60,14873
2.83,-1.22,14885
0.44,-0.87,14897
-1.73,-0.15,14909
0.49,0.48,14920
3.48,1.21,14932
3.58,1.82,14944
1.87,1.43,14956
-1.44,0.71,14967
0.40,-0.45,14980
5.09,-1.46,14991
1.65,-1.87,15003
-2.33,-1.88,15014
-1.80,-1.20,15026
0.06,-0.54,15038
1.31,0.12,15049
2.59,0.76,15062
0.39,0.81,15073
-0.96,0.88,15085
3.99,0.78,15096
-0.32,0.63,15109
0.36,0.34,15120
0.35,-0.49,15132
2.01,-1.15,15143
2.51,-1.55,15156
-1.86,-1.38,15167
-3.00,-1.15,15179
1.65,-0.77,15191
2.55,0.09,15202
1.50,0.72,15214
0.51,1.07,15225
0.04,1.06,15238
3.98,0.84,15249
3.42,0.60,15261
-0.80,0.10,15272
-1.94,-0.50,15285
-0.07,-1.09,15296
3.44,-1.38,15308
1.80,-1.45,15320
-2.89,-1.37,15332
-2.74,-0.93,15343
2.31,-0.44,15355
4.01,0.63,15367
2.27,1.33,15378
-0.38,1.51,15390
-0.88,1.04,15401
3.64,0.10,15414
4.10,-0.41,15425
0.80,-0.93,15437
-2.20,-1.16,15449
-2.12,-1.27,15461
1.08,-1.33,15472
-0.96,-0.88,15484
-0.61,-0.55,15496
1.53,-0.02,15508
3.18,0.46,15519
2.90,0.84,15531
0.35,1.12,15543
-0.74,0.81,15554
3.05,0.06,15566
3.72,-0.59,15578
-0.48,-0.84,15590
-2.93,-1.08,15601
-1.81,-1.37,15613
2.39,-1.27,15625
3.86,-0.79,15637
-0.36,0.02,15648
-2.09,0.53,15661
0.59,0.83,15672
4.91,0.98,15684
3.31,0.82,15695
-0.70,0.55,15707
-1.64,-0.01,15719
1.17,-0.88,15730
2.29,-1.48,15742
0.22,-1.77,15754
-1.19,-1.61,15766
-2.41,-1.08,15777
2.17,-0.42,15790
3.91,0.30,15801
-0.52,0.80,15813
-0.65,1.26,15824
2.57,1.23,15837
3.54,1.04,15848
2.27,0.34,15860
-1.58,-0.48,15872
0.28,-1.23,15883
2.83,-1.82,15895
0.04,-1.83,15906
-2.97,-1.27,15919
-1.52,-0.70,15930
2.73,-0.04,15942
3.79,0.53,15953
2.53,1.17,15966
0.78,1.48,15977
0.50,1.27,15989
2.85,0.70,16001
2.69,-0.09,16013
-1.47,-0.72,16024
-2.50,-1.45,16036
0.83,-1.61,16048
1.67,-1.45,16059
0.13,-0.98,16071
-1.27,-0.29,16082
-0.62,0.15,16095
1.85,0.58,16106
3.91,0.79,16118
2.85,1.02,16130
-0.46,0.95,16142
-0.05,0.49,16153
3.77,-0.17,16165
1.20,-0.86,16177
-1.79,-1.27,16189
0.06,-1.47,16200
-0.72,-1.42,16211
0.46,-0.87,16224
1.61,-0.29,16235
-1.48,0.32,16247
3.09,0.62,16259
3.58,0.79,16271
1.02,0.84,16282
-0.28,0.67,16294
1.25,0.23,16306
2.02,-0.55,16318
0.78,-1.11,16329
0.13,-1.33,16342
-1.36,-1.57,16353
-0.91,-1.21,16365
2.66,-0.75,16376
1.21,-0.14,16388
-0.73,0.56,16400
2.03,1.10,16411
2.66,1.17,16423
2.37,0.71,16435
2.79,0.39,16447
1.20,-0.29,16458
-0.43,-0.90,16471
1.20,-1.09,16482
2.03,-1.30,16494
-1.06,-1.22,16505
-0.78,-0.99,16518
1.81,-0.46,16529
1.03,0.10,16541
1.05,0.46,16552
2.30,1.07,16564
0.80,1.08,16576
2.29,0.98,16587
3.38,0.41,16600
-0.40,-0.44,16611
-1.00,-0.94,16623
0.38,-1.45,16634
1.09,-1.64,16647
-0.83,-1.30,16658
-0.17,-0.76,16670
1.78,-0.03,16681
1.56,0.41,16694
1.26,0.70,16705
1.21,0.82,16717
1.19,0.88,16729
2.18,0.55,16741
1.58,0.07,16752
0.03,-0.25,16763
0.76,-0.86,16776
-0.01,-1.23,16787
-0.41,-1.28,16799
1.22,-1.13,16811
0.57,-0.52,16823
0.90,-0.03,16834
2.13,0.59,16846
1.59,0.94,16858
1.98,0.95,16870
1.17,0.75,16881
1.61,0.21,16893
1.32,-0.05,16905
0.40,-0.67,16917
-0.49,-1.09,16928
0.02,-1.31,16941
1.02,-1.08,16952
0.73,-0.57,16963
-0.84,-0.19,16975
-0.33,0.21,16987
1.17,0.61,16999
2.62,0.85,17010
2.39,1.04,17022
0.73,0.57,17034
2.58,0.11,17046
1.37,-0.40,17057
0.82,-0.89,17070
-1.60,-0.95,17081
-1.20,-1.26,17093
1.32,-1.23,17104
0.54,-0.91,17117
0.25,-0.27,17128
0.87,0.41,17140
1.39,0.59,17152
1.51,0.91,17163
3.08,0.76,17175
1.03,0.63,17186
-0.09,0.20,17199
1.65,-0.31,17210
0.51,-0.86,17222
0.51,-1.26,17233
-1.20,-1.20,17246
-0.77,-1.25,17257
1.02,-0.73,17269
0.99,-0.03,17281
2.71,0.53,17293
-0.26,0.83,17304
-1.04,0.79,17316
4.17,0.83,17328
4.56,0.55,17339
-0.08,-0.03,17351
-1.19,-0.68,17362
-0.34,-1.15,17375
1.88,-1.37,17386
3.70,-1.39,17398
-2.92,-1.10,17410
1.83,-0.82,17422
3.71,-0.22,17433
3.46,0.44,17445
-0.77,0.85,17457
-1.20,0.96,17469
3.39,0.69,17480
4.08,0.24,17492
1.04,0.05,17504
-1.85,-0.37,17516
-0.81,-0.75,17527
3.11,-1.17,17539
1.70,-1.24,17551
-2.36,-0.86,17562
-0.81,-0.44,17574
0.98,-0.15,17586
2.49,0.09,17598
3.86,0.51,17609
-0.02,0.89,17622
-1.38,0.68,17633
2.65,0.35,17645
2.93,-0.17,17656
0.06,-0.63,17669
-1.52,-0.94,17680
-0.93,-1.16,17692
1.48,-0.92,17703
3.17,-0.59,17715
-0.14,-0.10,17727
-2.13,0.16,17738
0.90,0.16,17751
4.16,0.29,17762
4.02,0.32,17774
0.62,0.43,17785
0.34,0.18,17798
3.16,-0.36,17809
2.38,-0.62,17821
-1.44,-0.89,17832
-2.58,-0.98,17845
0.79,-1.02,17856
3.71,-0.86,17868
0.44,-0.45,17880
-1.21,0.23,17892
0.80,0.73,17903
1.28,0.80,17914
3.30,0.70,17927
1.34,0.53,17938
-1.23,-0.16,17950
0.72,-0.62,17961
2.75,-0.99,17974
2.38,-0.97,17985
-1.11,-1.08,17997
-3.42,-1.03,18009
1.79,-0.81,18021
4.56,-0.30,18032
1.26,0.55,18044
-0.74,0.78,18056
-0.37,0.67,18068
2.35,0.50,18079
5.41,0.30,18092
1.21,0.08,18103
-3.92,-0.79,18114
-0.10,-1.34,18126
4.04,-1.42,18138
2.05,-1.08,18150
-0.59,-0.58,18161
-2.84,-0.33,18173
5.73,0.05,18185
4.46,0.37,18197
-1.60,0.78,18208
-2.26,0.69,18221
2.48,0.13,18232
4.40,-0.38,18244
1.53,-0.64,18255
-1.47,-0.64,18268
-1.54,-0.71,18279
2.01,-0.82,18291
3.56,-0.74,18302
-1.28,-0.56,18314
-3.01,-0.26,18326
0.66,-0.23,18337
4.83,-0.04,18350
3.57,0.49,18361
-0.42,0.72,18373
-2.75,0.40,18384
0.83,-0.34,18397
5.68,-0.73,18408
2.10,-0.87,18420
-3.47,-0.93,18432
-3.10,-0.94,18444
0.83,-0.87,18455
5.33,-0.32,18467
2.32,0.22,18479
-4.35,0.53,18490
-1.41,0.50,18502
5.41,0.36,18513
5.97,0.38,18526
0.46,0.13,18537
-3.71,-0.36,18549
5.89,-0.83,18561
4.31,-0.87,18573
-4.19,-0.89,18584
-5.61,-1.01,18596
2.14,-1.05,18608
6.84,-0.71,18620
3.40,0.06,18631
-3.36,1.00,18643
-2.44,1.23,18655
4.77,0.89,18667
7.34,0.32,18678
0.98,-0.04,18690
-5.62,-0.40,18702
-0.54,-1.12,18713
6.35,-1.36,18725
3.29,-0.99,18737
-2.38,-0.59,18749
-5.55,-0.32,18760
0.14,-0.58,18772
8.08,-0.18,18784
4.35,0.18,18796
-4.58,0.48,18807
-3.22,0.53,18820
4.88,0.44,18831
6.50,0.61,18843
0.80,0.30,18854
-5.34,-0.24,18866
-3.15,-1.16,18878
5.54,-1.53,18889
6.61,-0.98,18902
-2.34,-0.50,18913
-7.02,-0.05,18925
0.00,-0.01,18936
6.09,0.29,18949
-3.29,0.70,18960
-3.95,0.61,18972
2.96,0.12,18983
6.08,-0.47,18996
2.10,-0.54,19007
-5.26,-0.74,19019
-3.46,-1.03,19031
4.16,-1.01,19043
4.94,-0.85,19054
-1.52,-0.20,19065
-4.56,0.11,19078
1.11,0.37,19089
6.86,0.69,19101
4.82,0.84,19112
-1.06,1.05,19125
-4.21,0.25,19136
1.26,-0.56,19148
7.88,-1.16,19160
1.73,-1.20,19172
-5.56,-1.15,19183
-3.15,-1.14,19195
1.92,-0.86,19207
5.77,-0.16,19219
1.79,0.69,19230
-5.62,0.84,19243
-0.80,0.70,19254
7.64,0.56,19265
5.36,0.49,19277
-1.01,-0.06,19289
-4.45,-0.88,19301
-0.37,-1.48,19312
6.98,-1.41,19324
-4.57,-1.02,19336
-3.89,-0.72,19348
2.17,-0.59,19359
7.76,-0.25,19372
2.35,0.57,19383
-4.53,1.24,19395
0.07,1.27,19406
6.05,0.66,19419
5.22,0.13,19430
-0.20,-0.34,19441
-4.67,-0.80,19453
-1.30,-1.21,19465
5.49,-1.61,19477
2.83,-1.09,19488
-3.03,-0.40,19501
-4.15,-0.07,19512
1.07,0.32,19524
7.51,0.46,19535
3.30,0.76,19548
-2.65,0.72,19559
-1.38,0.10,19571
3.82,-0.21,19582
6.78,-0.41,19595
0.84,-0.45,19606
-5.63,-0.76,19618
-2.48,-1.26,19630
5.00,-1.06,19641
5.21,-0.46,19653
-0.78,0.19,19664
-4.41,0.38,19677
-0.51,0.25,19688
7.30,0.45,19700
-1.28,0.44,19712
-4.31,0.21,19724
0.44,-0.29,19735
7.34,-0.74,19747
2.38,-0.83,19759
-4.78,-0.71,19771
-2.47,-0.48,19782
2.78,-0.74,19794
4.78,-0.38,19806
1.98,0.09,19818
-2.99,0.50,19829
-1.30,0.55,19841
6.36,0.26,19853
5.25,0.27,19864
-0.60,0.10,19876
-3.67,-0.16,19888
-0.01,-0.69,19900
6.36,-1.27,19911
2.36,-1.06,19923
-3.09,-0.93,19935
-4.09,-0.65,19947
0.88,-0.36,19958
6.44,0.24,19971
2.44,0.77,19982
-3.35,0.63,19994
-2.62,0.39,20005
4.22,0.00,20017
6.19,-0.02,20029
0.58,-0.09,20040
-4.65,-0.44,20052
-1.96,-0.84,20064
5.19,-1.06,20076
3.77,-0.82,20087
-3.66,-0.60,20100
0.14,-0.38,20111
6.41,-0.02,20123
3.08,0.36,20134
-2.18,0.77,20147
-1.09,0.76,20158
2.83,0.29,20170
5.20,-0.23,20182
1.87,-0.42,20194
-3.07,-0.60,20205
-2.58,-0.89,20216
3.56,-1.15,20229
3.93,-0.70,20240
-0.97,-0.22,20252
-3.18,-0.09,20263
0.25,-0.08,20276
7.05,0.13,20287
3.97,0.65,20299
-1.99,0.62,20311
-2.53,0.43,20323
2.17,-0.09,20334
6.03,-0.39,20346
1.47,-0.57,20358
-4.05,-0.73,20370
-2.58,-0.89,20381
2.71,-0.84,20393
5.27,-0.25,20405
1.48,0.27,20416
-4.11,0.43,20428
-1.24,0.43,20440
6.21,0.29,20452
3.92,0.21,20463
-0.80,0.01,20475
-0.27,-0.32,20487
5.94,-0.76,20499
1.49,-0.85,20510
-3.62,-0.53,20523
-2.36,-0.55,20534
1.64,-0.47,20546
5.79,-0.31,20557
1.85,0.15,20570
-4.56,0.84,20581
-0.19,0.75,20592
5.40,0.40,20604
3.78,-0.04,20616
0.61,-0.23,20628
-3.08,-0.44,20639
-1.56,-0.95,20652
4.96,-1.22,20663
2.68,-0.97,20675
-2.72,-0.37,20686
-2.28,-0.16,20699
1.33,-0.02,20710
6.46,0.39,20722
3.18,0.61,20733
-3.74,0.54,20746
-0.91,0.10,20757
4.15,-0.16,20768
5.88,-0.25,20781
0.84,-0.55,20792
-5.43,-0.60,20804
-0.66,-0.94,20815
4.61,-0.89,20828
2.06,-0.48,20839
-1.05,-0.13,20851
-2.48,0.28,20862
5.65,0.19,20875
3.68,0.36,20886
-1.98,0.61,20898
-1.02,0.55,20910
1.91,0.26,20921
3.37,-0.43,20933
1.64,-0.65,20944
-2.75,-0.84,20957
-1.91,-0.84,20968
1.94,-0.65,20980
2.87,-0.46,20992
0.20,-0.06,21004
-2.67,0.13,21015
1.23,0.12,21027
4.88,0.15,21039
1.97,0.28,21051
-0.81,0.22,21062
-1.60,-0.18,21074
1.24,-0.43,21086
4.15,-0.68,21097
1.54,-0.55,21109
-2.58,-0.42,21121
-2.30,-0.53,21133
1.54,-0.17,21144
4.17,-0.10,21156
0.92,0.30,21168
-2.69,0.39,21180
0.20,0.11,21191
3.35,0.13,21203
3.37,-0.21,21215
1.23,-0.26,21227
-2.37,-0.31,21238
0.82,-0.53,21251
0.10,-0.55,21262
-0.74,-0.57,21273
0.17,-0.31,21285
0.63,-0.15,21297
2.78,-0.15,21309
1.41,0.02,21320
-1.50,0.30,21332
1.52,0.20,21344
1.11,0.10,21356
2.78,-0.15,21367
1.21,-0.40,21380
-2.02,-0.51,21391
1.23,-0.74,21403
0.35,-0.86,21414
1.42,-0.61,21427
1.78,-0.33,21438
-1.98,-0.12,21449
0.40,-0.02,21462
3.58,0.17,21473
1.29,0.54,21485
0.37,0.48,21496
0.52,0.17,21509
-0.29,-0.08,21520
3.73,-0.55,21532
2.58,-0.62,21543
-2.38,-0.83,21556
-0.19,-0.91,21567
0.83,-0.60,21579
2.07,-0.35,21591
2.35,0.17,21602
-1.66,0.29,21614
0.51,0.45,21625
3.67,0.36,21638
1.12,0.18,21649
-0.26,0.11,21661
-0.04,-0.13,21672
3.45,-0.48,21685
1.96,-0.76,21696
-0.30,-0.58,21708
0.45,-0.35,21720
1.02,-0.33,21732
2.48,-0.22,21743
1.70,-0.18,21755
-1.45,0.08,21767
1.70,0.12,21778
3.09,-0.03,21790
0.70,0.04,21801
1.51,-0.26,21814
-0.02,-0.26,21825
0.45,-0.53,21837
2.34,-0.48,21849
0.46,-0.37,21861
-0.45,-0.24,21872
-0.50,0.01,21884
0.71,0.04,21896
3.37,0.10,21908
1.43,0.15,21919
-0.69,-0.01,21932
2.09,-0.02,21943
2.25,-0.20,21954
0.56,-0.24,21966
1.25,-0.46,21978
-0.75,-0.55,21990
0.05,-0.43,22001
2.14,-0.46,22013
1.32,-0.30,22025
0.07,-0.01,22037
1.13,0.34,22048
2.57,0.37,22061
0.32,0.31,22072
1.16,0.26,22084
2.88,-0.06,22095
1.03,-0.33,22107
1.47,-0.52,22119
1.25,-0.79,22130
-0.42,-0.82,22142
1.54,-0.83,22154
1.89,-0.37,22166
0.49,-0.11,22177
0.41,0.17,22190
0.26,0.39,22201
1.34,0.29,22213
1.90,0.30,22224
1.09,0.14,22237
0.31,-0.03,22248
0.61,-0.24,22259
1.20,-0.42,22272
1.10,-0.42,22283
-1.00,-0.58,22295
0.49,-0.47,22306
2.03,-0.48,22319
-0.35,-0.16,22330
1.68,0.00,22342
0.97,-0.01,22353
-0.24,0.08,22366
3.65,0.08,22377
1.74,-0.14,22389
-0.49,-0.40,22401
0.60,-0.40,22412
0.98,-0.33,22424
-0.81,-0.41,22435
0.03,-0.41,22448
0.98,-0.35,22459
2.20,-0.23,22471
1.63,0.07,22482
0.84,0.01,22495
-1.27,0.05,22506
0.92,-0.02,22518
3.82,-0.25,22530
-1.22,-0.08,22542
0.15,-0.18,22553
1.80,-0.31,22564
-0.21,-0.41,22577
2.90,-0.35,22588
1.28,-0.07,22600
-1.23,0.01,22611
0.47,0.09,22624
1.77,0.10,22635
1.61,0.06,22647
2.56,-0.05,22659
-0.16,-0.21,22671
0.66,-0.38,22682
2.26,-0.42,22694
-1.08,-0.37,22706
1.57,-0.48,22717
-0.02,-0.61,22729
-0.97,-0.50,22740
4.01,-0.33,22753
0.29,0.12,22764
-1.71,0.03,22776
1.50,0.07,22788
1.30,0.28,22800
1.08,0.26,22811
-2.30,0.20,22823
1.13,-0.11,22835
2.85,-0.43,22847
0.62,-0.57,22858
0.26,-0.71,22870
-1.39,-0.54,22882
0.23,-0.64,22893
4.73,-0.50,22905
1.51,-0.28,22917
-0.68,-0.01,22929
0.09,0.13,22940
1.64,0.09,22952
3.59,0.14,22964
0.84,0.14,22976
-0.95,-0.03,22987
0.75,-0.34,23000
1.70,-0.52,23011
1.13,-0.44,23022
0.14,-0.53,23034
-1.16,-0.42,23046
-0.27,-0.54,23058
2.34,-0.38,23069
2.23,0.02,23081
1.20,0.11,23093
0.60,0.30,23105
1.68,0.02,23116
2.28,-0.06,23129
0.15,-0.18,23140
-0.38,-0.42,23152
0.74,-0.42,23163
1.84,-0.47,23175
1.35,-0.33,23187
-0.42,-0.47,23198
0.35,-0.41,23211
3.46,-0.26,23222
1.33,-0.13,23234
-0.19,-0.05,23245
-0.21,0.11,23258
0.93,0.14,23269
2.62,0.06,23281
1.77,-0.12,23292
-0.93,-0.15,23305
-0.20,-0.52,23316
1.51,-0.62,23327
0.66,-0.50,23340
0.92,-0.45,23351
-0.24,-0.17,23363
0.56,-0.25,23374
2.04,-0.02,23387
0.67,0.13,23398
1.44,0.21,23410
-0.05,0.08,23421
0.13,-0.25,23434
2.84,-0.35,23445
-0.14,-0.57,23457
-1.02,-0.53,23469
1.12,-0.43,23480
-0.24,-0.47,23492
2.22,-0.14,23503
2.15,-0.20,23516
-2.12,-0.19,23527
1.10,-0.12,23539
2.18,-0.01,23550
0.18,0.09,23563
1.15,0.08,23574
-0.33,-0.00,23586
3.98,-0.09,23598
0.84,-0.20,23610
-0.35,-0.25,23621
0.28,-0.46,23632
0.82,-0.36,23645
3.82,-0.40,23656
0.38,-0.32,23668
-2.27,-0.14,23680
1.15,-0.13,23692
0.39,-0.14,23703
1.76,-0.23,23715
2.25,-0.17,23727
-1.44,-0.15,23739
0.79,-0.22,23750
2.97,-0.07,23762
0.83,-0.16,23774
1.17,0.06,23785
-0.02,0.05,23797
0.19,-0.18,23809
3.04,-0.22,23821
1.76,-0.18,23832
0.47,-0.12,23844
0.60,-0.27,23856
-0.31,-0.42,23868
3.08,-0.53,23879
1.86,-0.31,23891
-2.37,-0.17,23903
0.72,-0.17,23915
1.96,0.06,23926
1.72,0.41,23938
1.34,0.35,23950
-1.50,0.18,23961
0.09,0.02,23973
3.11,-0.16,23985
-0.30,-0.44,23997
-0.49,-0.61,24008
0.38,-0.63,24020
3.07,-0.64,24032
2.30,-0.33,24044
-1.59,-0.17,24055
-0.93,0.11,24068
1.56,0.00,24079
3.54,-0.10,24090
1.55,0.05,24102
-1.33,0.05,24114
0.09,0.18,24126
2.06,-0.08,24137
2.32,-0.17,24150
1.38,-0.13,24161
-1.34,-0.40,24173
-0.89,-0.26,24184
3.25,-0.48,24197
2.06,-0.25,24208
-1.48,-0.04,24220
-0.83,-0.16,24231
0.59,-0.13,24243
1.74,-0.11,24255
2.71,-0.07,24266
-0.48,-0.01,24279
-2.37,-0.16,24290
2.06,-0.27,24302
4.30,-0.25,24313
0.09,-0.09,24326
-1.46,-0.07,24337
0.13,-0.04,24349
1.44,-0.03,24360
3.74,-0.13,24373
-2.07,-0.13,24384
1.46,-0.16,24396
2.98,-0.11,24408
1.17,-0.14,24419
-0.74,-0.20,24431
-0.45,-0.25,24442
2.12,-0.54,24455
2.21,-0.41,24466
1.80,-0.21,24478
0.04,0.06,24489
-0.64,0.11,24502
2.56,-0.08,24513
4.11,-0.08,24525
-0.10,0.08,24537
-0.18,-0.01,24548
1.26,-0.31,24560
0.91,-0.42,24571
3.91,-0.47,24584
0.30,-0.46,24595
-2.05,-0.46,24607
2.08,-0.48,24619
2.15,-0.39,24631
1.47,-0.07,24642
0.75,-0.01,24654
-1.12,0.10,24666
1.53,-0.04,24678
4.58,-0.04,24689
-0.83,-0.08,24701
-1.83,-0.36,24713
1.26,-0.29,24724
2.38,-0.35,24736
3.51,-0.24,24748
-0.61,-0.06,24760
1.98,-0.11,24771
1.56,-0.16,24783
1.96,-0.27,24795
0.76,-0.22,24807
-1.74,-0.18,24818
1.33,-0.23,24830
3.35,-0.08,24842
0.50,-0.05,24854
-2.05,0.22,24865
0.22,0.10,24877
3.38,-0.13,24889
3.01,-0.21,24900
0.14,-0.28,24912
-1.17,-0.09,24924
1.34,-0.26,24936
2.17,-0.30,24947
1.14,-0.15,24960
-0.28,-0.20,24971
-1.17,-0.25,24983
1.82,-0.46,24994
3.47,-0.26,25006
0.23,-0.29,25018
-1.28,-0.32,25029
0.64,-0.26,25041
2.50,-0.26,25053
2.92,0.12,25065
0.06,0.05,25076
-2.60,-0.20,25089
0.93,-0.45,25100
4.17,-0.44,25112
1.50,-0.30,25123
-1.58,-0.26,25136
-1.71,-0.03,25147
1.88,-0.14,25158
1.83,-0.18,25170
-2.52,-0.01,25182
-0.65,-0.21,25194
2.94,-0.29,25205
4.13,-0.41,25218
-0.11,-0.24,25229
-3.37,0.03,25241
2.22,-0.17,25252
3.32,-0.12,25265
0.85,-0.21,25276
0.19,-0.04,25288
-2.24,-0.13,25299
1.03,-0.50,25312
5.02,-0.43,25323
1.10,-0.24,25334
-1.79,-0.08,25347
-0.12,-0.23,25358
1.86,-0.35,25370
3.79,-0.24,25381
0.62,-0.12,25394
-3.56,-0.07,25405
1.20,-0.28,25417
3.26,-0.21,25428
1.98,-0.09,25441
0.92,-0.10,25452
-2.94,-0.16,25463
1.72,-0.40,25476
5.80,-0.12,25487
-0.15,0.13,25499
-1.23,-0.10,25510
-0.66,-0.23,25523
0.72,-0.42,25534
5.56,-0.34,25546
-4.69,-0.28,25558
0.19,-0.22,25570
4.19,-0.33,25581
2.66,-0.42,25593
0.72,-0.25,25605
-1.98,-0.04,25616
-0.12,0.00,25628
2.82,-0.23,25639
2.69,-0.28,25652
-0.19,-0.14,25663
-2.50,-0.18,25675
2.41,-0.24,25687
5.38,-0.35,25699
0.03,-0.20,25710
-1.51,-0.06,25722
0.41,-0.28,25734
1.47,-0.45,25746
3.55,-0.35,25757
1.49,-0.16,25768
-2.61,-0.02,25781
0.52,-0.08,25792
3.90,-0.00,25804
1.46,0.06,25816
-0.87,-0.02,25828
-1.12,-0.22,25839
1.66,-0.40,25851
4.09,-0.10,25863
1.12,-0.18,25875
-1.29,-0.11,25886
-1.43,-0.20,25899
1.81,-0.36,25910
3.65,-0.32,25921
-1.20,-0.51,25933
-2.56,-0.41,25945
2.02,-0.34,25957
2.05,-0.21,25968
0.15,0.14,25980
-1.92,0.24,25992
1.37,0.26,26004
4.10,-0.02,26015
0.10,-0.20,26028
-0.30,-0.36,26039
0.24,-0.36,26051
0.89,-0.49,26062
2.29,-0.58,26074
0.37,-0.20,26086
-0.57,-0.14,26097
-0.94,-0.20,26109
2.70,-0.22,26121
3.51,-0.26,26133
-1.10,0.06,26144
-1.80,-0.04,26157
1.93,-0.09,26168
3.57,-0.05,26180
1.91,-0.08,26191
-0.78,0.08,26204
-0.71,-0.36,26215
2.18,-0.42,26226
3.65,-0.35,26238
0.05,-0.40,26250
-1.23,-0.40,26262
0.48,-0.40,26273
2.30,-0.16,26286
3.95,-0.09,26297
-0.91,-0.11,26309
-2.80,-0.13,26320
2.96,-0.07,26333
1.33,-0.01,26344
-0.79,0.01,26356
-0.85,-0.05,26368
2.48,-0.14,26379
3.51,-0.24,26391
0.51,-0.36,26402
-2.28,-0.41,26415
0.77,-0.53,26426
3.00,-0.57,26438
2.05,-0.45,26449
-1.21,-0.04,26462
-2.11,-0.01,26473
2.47,-0.03,26485
3.13,-0.13,26497
1.80,-0.09,26509
-0.96,-0.05,26520
-1.57,-0.22,26531
2.23,-0.33,26544
2.61,-0.49,26555
-0.31,-0.37,26567
-1.63,-0.27,26578
0.48,-0.24,26591
2.24,-0.03,26602
3.04,-0.04,26614
0.49,0.02,26626
-1.78,-0.05,26638
1.76,-0.13,26649
3.20,-0.07,26661
1.05,-0.12,26673
-0.74,-0.19,26684
-0.79,-0.52,26696
1.24,-0.63,26707
2.46,-0.37,26720
0.45,-0.23,26731
0.05,-0.03,26743
2.71,-0.09,26755
1.95,-0.09,26767
-0.21,0.04,26778
0.52,0.13,26790
1.48,0.14,26802
2.44,-0.23,26814
0.88,-0.27,26825
-1.21,-0.52,26836
-0.49,-0.57,26849
2.31,-0.57,26860
2.16,-0.44,26872
-0.45,-0.09,26884
0.14,-0.06,26896
-0.06,-0.14,26907
2.65,-0.24,26919
3.01,-0.07,26931
-0.58,0.07,26943
-0.45,-0.03,26954
1.50,-0.05,26967
2.21,-0.13,26978
1.59,-0.16,26989
-0.15,-0.26,27001
-0.81,-0.29,27013
1.75,-0.42,27025
1.40,-0.65,27036
0.41,-0.74,27048
1.33,-0.54,27060
-0.36,-0.24,27072
0.85,0.06,27083
2.42,0.18,27096
-0.40,0.20,27107
-0.30,0.16,27119
1.23,0.08,27130
0.21,-0.09,27142
0.72,-0.34,27154
1.11,-0.39,27165
2.58,-0.36,27177
1.29,-0.22,27189
0.80,-0.09,27201
1.19,-0.18,27212
1.23,-0.09,27225
1.90,-0.22,27236
1.27,-0.29,27248
0.87,-0.21,27259
1.60,-0.31,27272
1.97,-0.06,27283
1.51,-0.19,27294
1.07,-0.18,27307
1.22,-0.17,27318
1.74,-0.27,27330
0.86,-0.25,27341
-0.36,-0.33,27354
1.82,-0.09,27365
2.38,-0.20,27377
1.18,-0.29,27388
0.16,-0.31,27401
-0.45,-0.45,27412
0.23,-0.39,27424
2.69,-0.35,27436
2.35,-0.02,27447
-0.50,-0.01,27459
-0.21,-0.17,27470
2.00,-0.12,27483
2.79,-0.22,27494
0.61,0.08,27506
0.24,-0.05,27517
0.48,-0.26,27530
1.71,-0.32,27541
1.08,-0.18,27553
-0.15,-0.03,27565
-0.85,-0.23,27577
1.55,-0.30,27588
2.79,-0.29,27599
-0.49,-0.33,27612
0.35,-0.17,27623
1.33,-0.23,27635
1.05,-0.06,27646
1.89,-0.02,27659
0.75,-0.20,27670
-0.93,-0.22,27682
1.51,-0.44,27694
2.48,-0.37,27706
0.16,-0.29,27717
-0.21,-0.01,27729
0.00,-0.03,27741
1.02,-0.05,27752
2.93,-0.04,27764
0.45,-0.10,27776
-2.37,-0.24,27788
0.44,-0.57,27799
2.70,-0.51,27811
2.42,-0.39,27823
-0.11,-0.32,27835
-1.59,-0.21,27846
0.70,-0.28,27858
3.12,-0.10,27870
2.86,0.02,27882
-0.33,-0.04,27893
-1.34,-0.12,27905
3.72,-0.10,27917
1.27,0.02,27928
-1.07,-0.02,27940
-0.18,-0.37,27952
1.63,-0.62,27964
3.11,-0.80,27975
0.54,-0.60,27987
-2.37,-0.47,27999
-0.98,-0.39,28011
2.85,-0.05,28022
3.39,0.05,28035
-0.01,0.32,28046
-0.82,0.37,28057
1.34,0.27,28069
3.43,0.01,28081
2.18,-0.22,28093
-1.34,-0.31,28104
-1.09,-0.57,28116
2.38,-0.65,28128
2.99,-0.49,28140
0.47,-0.26,28151
-1.14,-0.02,28164
-0.64,-0.02,28175
3.08,-0.04,28187
4.25,0.10,28198
0.89,0.21,28210
-1.63,0.10,28222
0.45,-0.28,28233
2.67,-0.40,28246
2.19,-0.32,28257
0.47,-0.37,28269
-1.33,-0.60,28280
1.45,-0.72,28293
2.33,-0.27,28304
-1.32,0.08,28316
-0.54,0.29,28327
2.73,0.28,28340
3.00,0.13,28351
1.22,0.13,28362
-0.16,-0.11,28375
-0.77,-0.38,28386
2.02,-0.75,28398
2.33,-0.87,28409
0.31,-0.68,28422
-1.06,-0.55,28433
-0.56,-0.26,28445
2.67,-0.14,28456
2.38,0.32,28469
-0.07,0.61,28480
0.78,0.49,28491
2.11,0.29,28504
2.93,-0.13,28515
1.05,-0.24,28527
-0.65,-0.54,28538
-0.59,-0.78,28551
1.61,-0.86,28562
2.40,-0.87,28574
-0.22,-0.46,28585
-0.66,-0.15,28598
0.16,0.16,28609
3.07,0.33,28621
3.50,0.51,28633
0.31,0.50,28644
-0.05,-0.07,28656
0.17,-0.46,28667
2.23,-0.82,28680
2.43,-0.81,28691
-1.31,-0.64,28703
-0.16,-0.76,28715
1.57,-0.58,28727
1.83,-0.35,28738
0.01,-0.14,28750
-0.01,0.17,28762
2.28,0.36,28774
1.95,0.50,28785
0.84,0.35,28796
0.51,0.29,28809
-0.02,-0.02,28820
1.98,-0.54,28832
1.44,-0.76,28844
-1.18,-0.83,28856
-0.54,-0.71,28867
1.59,-0.61,28879
1.80,-0.31,28891
0.93,0.24,28903
1.16,0.57,28914
0.77,0.55,28926
1.58,0.23,28938
2.28,-0.13,28949
0.97,-0.24,28961
1.43,-0.49,28973
0.86,-0.62,28985
-0.47,-0.64,28996
0.71,-0.54,29008
0.90,-0.37,29020
0.18,-0.29,29032
0.20,-0.03,29043
1.44,0.09,29056
2.29,0.34,29067
1.87,0.43,29079
1.66,0.40,29090
1.54,0.21,29102
1.23,-0.30,29114
1.09,-0.51,29125
0.21,-0.84,29137
0.51,-0.80,29149
1.11,-0.70,29161
0.18,-0.59,29172
0.65,-0.10,29185
2.08,0.25,29196
0.74,0.42,29208
0.65,0.37,29219
2.77,0.39,29232
1.61,0.32,29243
0.67,-0.04,29254
2.36,-0.50,29266
0.61,-0.86,29278
-1.01,-0.94,29290
0.31,-0.94,29301
0.99,-0.92,29314
0.22,-0.53,29325
-0.01,-0.04,29337
1.09,0.21,29348
0.83,0.47,29361
0.86,0.60,29372
2.61,0.68,29384
1.95,0.27,29395
0.70,-0.04,29407
1.39,-0.38,29419
0.04,-0.64,29430
-0.20,-0.63,29443
0.49,-0.78,29454
0.76,-0.74,29466
-0.24,-0.52,29477
0.92,-0.32,29490
0.41,0.03,29501
1.02,0.21,29513
1.54,0.48,29524
2.22,0.34,29537
-0.08,0.28,29548
-0.16,0.08,29559
1.79,-0.23,29572
-0.02,-0.35,29583
0.74,-0.62,29595
-0.14,-0.78,29606
-0.30,-0.76,29619
2.39,-0.43,29630
1.45,-0.19,29642
0.84,-0.06,29654
0.52,0.48,29666
1.74,0.32,29677
2.37,0.26,29689
1.29,0.01,29701
1.05,-0.19,29712
0.30,-0.34,29724
0.65,-0.77,29735
1.04,-0.86,29748
0.38,-0.79,29759
-0.02,-0.55,29771
0.12,-0.15,29783
1.50,0.05,29795
1.26,0.43,29806
1.35,0.64,29818
1.33,0.61,29830
0.93,0.16,29842
2.37,-0.18,29853
1.51,-0.42,29864
-0.08,-0.69,29877
-0.49,-0.84,29888
0.80,-0.91,29900
1.38,-0.66,29912
0.06,-0.35,29924
0.02,-0.10,29935
2.27,0.29,29947
3.26,0.52,29959
0.19,0.56,29971
-0.59,0.43,29982
2.10,0.12,29995
2.49,-0.05,30006
0.72,-0.34,30017
0.11,-0.68,30029
-0.84,-0.88,30041
-0.00,-1.10,30053
2.37,-0.91,30064
0.99,-0.44,30076
-0.08,0.01,30088
0.70,0.44,30100
0.48,0.37,30111
2.38,0.45,30124
2.94,0.27,30135
0.75,0.16,30147
-0.31,-0.13,30158
0.57,-0.41,30170
1.94,-0.56,30182
1.62,-0.60,30193
-1.35,-0.45,30205
-0.50,-0.48,30217
1.63,-0.45,30229
1.45,-0.21,30240
1.82,-0.07,30253
0.81,0.17,30264
3.11,0.32,30276
1.50,0.36,30287
0.02,0.14,30300
-0.31,-0.33,30311
0.67,-0.53,30322
2.46,-0.81,30334
0.46,-0.74,30346
-0.91,-0.55,30358
0.18,-0.19,30369
1.46,0.04,30382
3.02,0.01,30393
3.00,0.27,30405
-0.67,0.15,30416
-0.99,0.05,30429
3.47,-0.32,30440
2.12,-0.48,30452
-0.24,-0.38,30464
-0.17,-0.43,30475
-1.01,-0.45,30487
2.27,-0.39,30498
2.36,-0.08,30511
0.48,0.22,30522
-1.14,0.13,30534
-0.33,-0.05,30545
3.43,-0.08,30558
2.70,0.23,30569
-0.10,0.20,30581
-0.29,-0.03,30593
1.73,-0.33,30605
1.72,-0.61,30616
1.52,-0.46,30627
-0.20,-0.70,30640
-2.09,-0.50,30651
3.51,-0.07,30663
-0.76,0.09,30674
-0.41,0.30,30687
-0.09,0.25,30698
2.05,0.04,30710
3.80,0.04,30722
0.15,-0.11,30734
-1.76,-0.02,30745
0.67,-0.23,30757
2.86,-0.34,30769
2.02,-0.31,30780
-1.66,-0.41,30792
-1.69,-0.42,30803
2.34,-0.52,30816
2.32,-0.37,30827
0.95,0.02,30839
-0.08,0.17,30851
-1.69,0.21,30863
1.19,-0.04,30874
4.22,-0.31,30886
0.86,-0.23,30898
-1.54,-0.44,30910
0.09,-0.52,30921
0.51,-0.56,30932
2.19,-0.35,30945
1.89,-0.25,30956
-1.70,-0.22,30968
0.26,-0.24,30980
2.80,-0.31,30992
2.55,-0.06,31003
-0.68,-0.02,31015
-1.61,0.05,31027
1.71,-0.14,31039
1.58,-0.28,31050
-0.37,-0.16,31063
-1.27,-0.39,31074
1.53,-0.41,31085
3.18,-0.47,31097
0.58,-0.52,31109
-1.21,-0.19,31121
0.61,0.00,31132
2.17,0.06,31144
3.43,-0.00,31156
1.19,0.05,31168
-1.45,-0.10,31179
1.39,-0.26,31192
3.42,-0.39,31203
1.37,-0.36,31215
-1.16,-0.24,31226
-1.28,-0.50,31238
0.50,-0.50,31250
2.60,-0.46,31261
1.63,-0.23,31273
-1.40,-0.01,31285
-1.23,-0.09,31297
1.16,-0.01,31308
4.88,0.26,31321
2.75,0.35,31332
-1.55,0.24,31344
-1.13,-0.28,31355
1.98,-0.59,31368
3.07,-0.83,31379
0.70,-0.80,31390
-1.59,-0.62,31403
-1.17,-0.57,31414
1.78,-0.38,31426
2.76,-0.03,31437
-0.88,0.44,31450
-0.18,0.60,31461
4.56,0.38,31473
3.00,0.17,31484
-0.22,-0.08,31497
-0.16,-0.22,31508
-0.24,-0.46,31520
2.33,-0.81,31532
2.34,-0.74,31543
-2.16,-0.49,31555
-0.79,-0.27,31566
2.90,-0.21,31579
2.15,-0.02,31590
1.70,0.16,31602
-0.15,0.23,31613
-1.12,0.06,31626
3.12,-0.09,31637
4.11,-0.15,31649
-0.89,-0.25,31661
-1.26,-0.36,31673
1.12,-0.49,31684
2.14,-0.48,31695
2.68,-0.31,31708
-0.82,-0.20,31719
-1.46,-0.25,31731
2.09,-0.06,31742
3.14,0.12,31755
2.17,0.28,31766
-0.72,0.09,31778
-0.92,-0.11,31790
2.53,-0.27,31802
3.10,-0.54,31813
-0.61,-0.48,31825
1.17,-0.82,31837
1.46,-0.76,31848
1.37,-0.36,31860
0.20,-0.05,31872
-0.63,0.48,31884
2.28,0.53,31895
2.49,0.52,31907
0.96,0.24,31919
0.13,-0.10,31931
-0.40,-0.53,31942
1.00,-1.04,31954
1.38,-1.06,31966
0.45,-0.85,31977
-0.91,-0.48,31989
-0.32,-0.30,32001
2.67,-0.00,32013
3.04,0.28,32024
0.57,0.40,32036
-0.54,0.32,32048
2.10,0.16,32060
2.39,0.03,32071
1.37,-0.09,32083
0.53,-0.46,32095
-2.31,-0.84,32107
0.14,-1.07,32118
3.46,-1.01,32130
0.14,-0.71,32142
-1.31,-0.37,32153
0.77,0.15,32165
0.85,0.38,32177
2.68,0.43,32189
2.15,0.47,32200
-1.12,0.34,32212
1.83,0.16,32224
1.73,-0.13,32236
-0.52,-0.38,32247
-0.50,-0.57,32260
1.62,-0.81,32271
1.79,-0.85,32282
1.04,-0.68,32294
-0.33,-0.13,32306
-0.84,-0.03,32318
1.59,0.11,32329
3.50,0.40,32342
1.47,0.41,32353
-1.38,0.35,32365
0.45,-0.13,32376
2.09,-0.52,32389
1.09,-0.77,32400
-0.54,-0.97,32412
-1.46,-0.70,32423
0.58,-0.70,32435
2.26,-0.18,32447
1.18,0.06,32458
-0.99,0.21,32471
-0.82,0.31,32482
3.63,0.22,32494
2.58,0.14,32505
-0.30,0.03,32518
0.57,-0.20,32529
0.11,-0.28,32541
1.72,-0.69,32552
2.46,-0.32,32565
-0.33,-1.09,32576
-1.59,-0.47,32587
3.30,-0.15,32600
2.24,-0.22,32611
-1.06,0.47,32623
-2.38,0.28,32634
6.82,0.30,32647
2.35,0.13,32658
-2.32,-0.20,32670
2.68,-0.43,32681
-4.39,-0.66,32694
3.50,-0.79,32705
6.28,-0.90,32717
-7.35,-0.30,32729
2.20,-0.47,32741
4.14,-0.19,32752
-3.24,0.22,32763
8.04,0.10,32776
-0.47,0.59,32787
-6.07,0.30,32799
8.29,0.16,32811
1.23,0.06,32823
-2.65,-0.24,32834
2.89,-0.36,32846
-4.34,-0.82,32858
1.72,-1.12,32870
6.64,-1.04,32881
-3.09,-0.54,32892
-2.26,-0.29,32905
1.24,0.15,32916
3.28,0.48,32928
4.49,0.49,32940
-3.02,0.59,32952
-0.37,0.15,32963
4.20,-0.05,32975
1.20,-0.21,32987
3.73,-0.63,32999
-3.38,-0.56,33010
7.61,-0.87,33022
1.50,-0.62,33034
-1.25,-0.07,33045
-0.12,-0.16,33057
-0.76,0.07,33069
6.14,0.08,33081
4.45,-0.10,33092
-3.80,0.60,33104
-0.26,-0.22,33116
3.12,-0.14,33128
2.44,-0.45,33139
3.77,-0.63,33152
-4.02,-0.17,33163
-4.82,-0.72,33175
5.88,-0.56,33186
3.35,-0.22,33198
0.58,0.14,33210
-2.32,0.41,33221
-2.74,0.08,33233
4.93,0.06,33245
4.53,-0.00,33257
-2.65,0.11,33268
-1.89,-0.26,33281
1.38,-0.52,33292
4.69,-0.68,33304
3.41,-0.66,33315
-3.49,-0.44,33328
-2.35,-0.50,33339
2.69,-0.17,33350
3.60,0.09,33362
2.97,0.34,33374
-3.99,0.58,33386
-1.21,0.37,33397
2.25,0.21,33410
-0.73,-0.07,33421
-2.38,-0.38,33433
-1.51,-0.80,33444
4.83,-1.13,33457
4.70,-0.94,33468
-3.73,-0.52,33480
-3.74,-0.26,33491
1.86,0.05,33503
5.54,0.18,33515
4.26,0.55,33526
-3.31,0.75,33539
-1.60,0.43,33550
4.35,-0.26,33562
3.67,-0.55,33573
0.54,-0.50,33586
-4.27,-0.70,33597
-1.60,-0.89,33609
3.55,-0.86,33620
3.71,-0.46,33633
-0.28,0.01,33644
-2.63,0.19,33655
0.93,0.29,33668
4.84,0.44,33679
3.05,0.54,33691
-1.84,0.35,33702
-2.37,-0.19,33715
3.58,-0.66,33726
4.93,-0.72,33738
-1.08,-0.71,33750
-3.21,-0.84,33762
-1.01,-0.80,33773
3.35,-0.48,33785
-1.02,-0.08,33797
-3.40,0.40,33808
1.18,0.55,33820
5.90,0.42,33831
3.14,0.37,33844
-2.17,-0.06,33855
-2.55,-0.22,33867
1.51,-0.71,33879
4.04,-1.14,33891
-0.88,-0.95,33902
-2.55,-0.67,33914
-0.83,-0.38,33926
1.81,-0.25,33938
5.67,0.14,33949
0.12,0.65,33960
-3.56,0.84,33973
1.10,0.34,33984
4.01,-0.11,33996
2.37,-0.46,34008
0.31,-0.67,34020
-3.48,-0.90,34031
-0.38,-1.07,34043
3.56,-1.02,34055
0.51,-0.32,34067
-1.03,-0.02,34078
-0.00,0.47,34091
1.98,0.58,34102
4.64,0.58,34113
1.11,0.71,34125
-1.52,0.23,34137
0.76,-0.18,34149
1.86,-0.82,34160
3.53,-1.10,34172
-0.95,-0.98,34184
1.31,-1.17,34196
2.62,-1.02,34207
1.61,-0.43,34220
0.99,0.14,34231
-2.38,0.82,34243
1.47,0.92,34254
5.38,0.82,34266
1.88,0.65,34278
-0.83,0.07,34289
-0.47,-0.32,34301
0.74,-1.04,34313
2.69,-0.96,34325
-0.80,-0.92,34336
-1.31,-0.92,34349
-0.16,-0.57,34360
1.23,-0.39,34372
4.42,0.20,34383
0.03,0.81,34396
-0.90,0.70,34407
3.83,0.74,34418
2.17,0.37,34430
2.36,-0.07,34442
0.28,-0.49,34454
-3.55,-1.10,34465
2.19,-1.30,34478
2.00,-1.18,34489
-1.73,-0.78,34501
0.87,-0.29,34512
-0.64,0.25,34525
2.49,0.48,34536
4.46,0.83,34548
-0.55,0.88,34560
-0.52,0.38,34571
2.65,0.09,34583
1.52,-0.59,34594
-0.92,-0.77,34607
-1.67,-0.84,34618
1.15,-1.06,34630
1.87,-0.93,34641
0.85,-0.85,34654
-0.93,-0.15,34665
-0.31,0.38,34677
3.63,0.75,34689
2.21,0.93,34701
1.42,0.58,34712
1.77,0.25,34723
0.24,-0.17,34736
2.53,-0.80,34747
1.52,-0.89,34759
-2.99,-1.18,34770
-0.36,-0.87,34783
0.83,-0.97,34794
-0.13,-0.36,34806
3.45,0.21,34818
-0.92,0.45,34830
0.88,0.75,34841
4.35,0.66,34853
1.50,0.85,34865
1.32,0.26,34876
-0.50,-0.34,34888
-1.33,-0.77,34899
4.43,-1.10,34912
0.55,-1.00,34923
-2.29,-1.23,34935
0.48,-0.85,34947
-0.50,-0.30,34959
3.22,0.02,34970
-3.84,0.68,34982
0.78,0.72,34994
4.69,0.65,35006
1.04,0.44,35017
1.89,0.14,35028
-0.46,-0.36,35041
-1.92,-0.72,35052
4.04,-1.11,35064
1.46,-1.10,35076
-2.48,-0.74,35088
0.18,-0.67,35099
1.12,-0.17,35111
3.76,0.17,35123
2.38,0.51,35135
-0.68,0.93,35146
0.91,0.52,35159
2.66,0.25,35170
3.16,-0.00,35181
0.63,-0.55,35193
-3.45,-0.67,35205
-0.06,-1.35,35217
2.93,-1.12,35228
0.98,-0.72,35240
-0.30,-0.35,35252
-1.52,0.38,35264
1.62,0.52,35275
5.01,0.80,35288
1.71,0.88,35299
-0.12,0.37,35311
-1.10,-0.02,35322
1.79,-0.65,35334
4.13,-1.00,35346
-0.33,-1.15,35357
-0.10,-1.12,35369
1.47,-1.08,35381
2.93,-0.65,35393
0.69,-0.18,35404
-2.56,0.25,35417
1.94,0.90,35428
4.38,1.04,35440
2.34,0.87,35451
1.13,0.79,35464
-1.94,0.06,35475
2.04,-0.72,35486
3.41,-1.16,35499
-0.62,-1.36,35510
-1.14,-1.18,35522
-2.60,-1.21,35533
0.99,-0.83,35546
5.19,-0.22,35557
-0.95,0.33,35569
-0.77,0.75,35580
2.60,0.79,35593
0.80,0.81,35604
4.92,0.51,35616
0.73,0.05,35628
-5.83,-0.52,35639
3.16,-1.22,35651
3.42,-1.28,35662
-0.08,-1.16,35675
0.68,-0.82,35686
-3.82,-0.36,35698
0.70,0.04,35709
6.03,0.45,35722
0.35,0.95,35733
-0.45,1.01,35745
2.89,0.50,35757
4.52,0.15,35769
-0.74,-0.46,35780
-2.11,-0.80,35791
0.16,-1.20,35804
0.48,-1.38,35815
2.84,-1.02,35827
-0.37,-0.43,35838
-3.00,0.13,35851
3.70,0.59,35862
2.70,0.53,35874
1.30,0.71,35886
2.05,0.44,35898
-3.13,0.07,35909
2.17,-0.46,35921
4.79,-0.84,35933
-1.38,-0.85,35944
-1.40,-1.04,35956
-1.31,-0.95,35968
1.52,-0.76,35980
