9⸮7727.00
-248755.00
5.67,4.86,1134
0.62,4.61,1136
5.49,4.73,1137
6.97,4.97,1148
2.36,5.96,1160
7.73,6.49,1172
7.94,7.34,1183
5.42,7.29,1196
5.23,7.43,1207
6.88,7.31,1219
1.96,7.12,1230
8.15,7.41,1242
8.81,6.64,1254
0.01,6.23,1265
6.86,5.38,1277
5.85,4.76,1289
2.54,4.81,1301
7.39,4.68,1312
0.50,5.47,1325
2.05,6.66,1336
11.17,7.80,1348
6.05,8.83,1359
7.78,8.69,1372
8.37,8.37,1383
3.37,7.25,1395
10.85,5.52,1406
5.90,4.76,1418
-1.14,3.72,1430
3.96,4.16,1441
3.29,5.00,1454
5.55,6.14,1465
8.87,7.45,1477
3.50,7.97,1488
5.35,8.21,1501
11.82,7.60,1512
7.24,7.28,1524
5.20,6.61,1536
3.68,5.98,1548
9.12,5.55,1559
6.11,5.57,1571
2.49,5.65,1583
4.14,5.39,1594
6.24,5.57,1606
8.32,5.31,1617
3.78,6.27,1630
4.06,6.85,1641
5.57,7.61,1653
7.54,8.38,1665
10.21,8.24,1677
7.19,8.07,1688
4.70,6.81,1700
4.73,5.54,1712
8.24,4.50,1724
2.38,4.13,1735
0.63,4.36,1747
4.11,5.12,1759
4.55,6.29,1770
6.90,7.58,1782
8.56,8.26,1794
4.60,8.31,1806
4.98,8.12,1817
12.85,6.93,1829
5.64,6.39,1841
1.72,5.22,1853
7.10,4.84,1864
1.09,5.05,1876
7.61,5.33,1888
8.24,6.14,1900
0.61,6.16,1911
7.68,6.72,1924
5.66,6.83,1935
7.47,7.02,1946
3.38,7.17,1958
3.90,7.18,1970
10.82,7.29,1982
4.16,7.02,1993
5.58,6.59,2006
6.38,5.95,2017
1.36,5.25,2029
8.66,4.70,2040
3.73,4.84,2053
-1.67,5.19,2064
7.69,5.99,2076
6.78,7.43,2087
4.76,8.16,2100
11.84,8.41,2111
4.40,8.12,2122
4.70,7.16,2135
12.86,5.98,2146
1.83,5.21,2158
2.94,4.48,2169
4.94,4.64,2182
0.85,4.91,2193
8.04,6.10,2205
6.60,6.73,2216
2.46,7.18,2229
5.88,7.43,2240
10.31,6.93,2252
6.57,7.15,2264
2.26,6.44,2276
4.55,6.39,2287
5.29,6.13,2298
6.47,5.88,2311
4.56,6.17,2322
1.49,5.55,2334
7.87,5.52,2345
8.79,5.21,2358
1.19,5.77,2369
3.52,6.42,2381
5.85,7.08,2393
7.98,7.71,2405
9.56,8.06,2416
6.22,7.79,2428
1.85,7.09,2440
6.70,5.88,2451
8.83,4.58,2463
1.47,4.50,2475
2.97,4.23,2487
1.91,5.37,2498
5.37,6.25,2510
9.73,7.32,2522
7.11,8.60,2534
5.41,8.39,2545
3.90,8.15,2557
13.26,7.05,2569
7.35,6.19,2581
0.06,5.56,2592
7.04,5.20,2605
0.86,5.17,2616
7.04,5.63,2627
13.09,6.20,2639
-2.40,6.20,2651
2.48,6.77,2663
13.86,6.61,2674
5.60,7.13,2686
9.46,7.21,2698
-2.51,7.45,2710
12.94,7.52,2721
12.66,7.05,2734
-1.89,6.81,2745
8.33,5.87,2757
4.34,5.11,2768
1.75,4.69,2781
10.25,4.37,2792
-1.83,5.08,2803
1.14,6.37,2816
12.80,7.47,2827
3.87,8.41,2839
9.48,8.60,2850
7.93,8.19,2863
0.30,7.20,2874
13.65,5.71,2886
5.28,4.89,2897
-1.52,4.29,2910
5.87,4.90,2921
2.41,5.40,2933
8.15,6.43,2945
10.68,7.34,2957
-0.01,7.64,2968
6.59,7.88,2979
10.59,7.17,2992
3.40,7.15,3003
9.09,6.68,3015
1.86,6.70,3026
1.68,6.18,3039
13.14,5.93,3050
3.72,6.14,3062
5.94,5.36,3074
1.38,5.46,3086
8.51,5.38,3097
5.40,5.97,3109
-0.98,6.76,3121
7.88,7.42,3133
7.50,7.98,3144
7.99,8.45,3155
11.99,8.17,3168
-1.26,7.13,3179
6.19,5.89,3191
10.13,4.55,3203
-2.25,4.44,3215
8.12,4.23,3226
0.34,5.32,3238
0.20,6.11,3250
15.29,7.21,3262
4.73,8.11,3273
3.47,8.00,3286
10.18,7.87,3297
3.91,7.01,3309
7.20,6.36,3320
9.30,5.36,3332
-1.97,5.30,3344
5.14,5.08,3355
8.04,5.50,3367
2.96,5.83,3379
10.07,5.95,3391
1.45,6.68,3402
4.15,6.30,3415
9.89,6.89,3426
2.62,6.94,3438
6.95,7.30,3449
5.88,7.79,3462
10.39,7.21,3473
5.13,7.15,3485
4.50,6.27,3496
4.55,5.39,3508
4.25,4.75,3520
6.32,4.28,3531
3.65,4.86,3544
1.07,6.01,3555
8.90,6.86,3567
8.72,8.06,3578
5.99,8.41,3591
10.37,8.23,3602
3.56,7.71,3614
5.80,6.15,3625
10.29,5.40,3638
0.83,4.70,3649
0.80,4.94,3661
7.94,5.45,3673
3.07,6.02,3684
7.35,6.63,3696
8.93,7.10,3707
-0.29,7.36,3720
8.27,7.04,3731
8.59,7.20,3743
0.61,6.82,3755
7.57,7.07,3767
6.82,6.94,3778
1.60,6.58,3790
10.80,6.33,3802
6.98,5.47,3814
-0.97,5.30,3825
10.96,4.76,3837
-0.03,5.23,3849
13.37,6.02,3860
-0.43,6.80,3872
5.03,7.79,3884
15.78,8.09,3896
0.22,7.85,3907
8.14,7.39,3919
12.60,6.23,3931
-2.86,5.58,3943
8.86,4.85,3954
6.73,4.44,3966
-3.13,5.35,3978
11.53,5.87,3990
5.18,7.18,4001
4.04,7.67,4013
11.37,7.70,4025
2.70,7.76,4036
8.01,6.81,4048
8.34,6.64,4060
0.62,6.20,4072
6.07,6.08,4083
7.26,6.21,4096
2.78,6.10,4107
7.99,6.10,4119
5.38,6.22,4130
2.92,5.96,4143
9.03,5.87,4154
2.97,6.21,4166
4.86,6.46,4177
7.75,7.38,4189
2.73,7.65,4201
10.26,7.73,4212
8.00,7.44,4225
9.00,6.67,4236
3.75,5.73,4248
3.25,5.17,4259
6.77,4.85,4272
-0.55,5.18,4283
7.84,6.24,4295
7.42,6.95,4306
2.83,8.04,4319
12.17,8.17,4330
4.97,8.08,4342
5.80,7.35,4354
10.75,6.39,4365
-0.99,6.10,4377
5.42,5.32,4388
8.12,5.84,4401
0.83,5.95,4412
9.10,6.56,4424
7.16,7.13,4435
-0.52,6.88,4448
13.69,6.88,4459
6.12,6.72,4471
-1.41,6.72,4483
12.85,6.76,4495
2.47,7.11,4506
2.82,7.00,4518
13.93,7.09,4530
1.39,6.82,4541
3.56,6.11,4553
11.86,5.68,4564
1.59,5.21,4577
3.02,5.50,4588
9.21,6.00,4600
-0.87,6.86,4612
12.57,7.81,4624
0.27,7.95,4635
9.12,7.91,4647
8.97,7.26,4659
1.05,6.37,4671
9.24,5.64,4682
3.02,4.97,4695
0.05,5.04,4706
9.75,5.56,4717
4.47,6.14,4729
6.50,7.32,4741
8.69,7.50,4753
1.52,7.72,4764
10.14,7.33,4776
8.84,6.67,4788
0.87,6.77,4800
9.11,6.25,4811
4.28,6.66,4824
2.96,6.41,4835
11.17,6.42,4847
2.97,6.32,4858
2.95,5.81,4871
11.77,5.50,4882
2.68,5.64,4893
3.37,5.91,4905
8.01,6.61,4917
0.07,7.29,4929
9.75,7.78,4940
11.05,8.14,4953
1.87,7.60,4964
8.05,6.80,4976
8.13,5.77,4987
3.31,5.22,5000
4.54,4.98,5011
0.62,5.36,5023
7.83,5.97,5035
8.44,6.75,5047
4.36,7.61,5058
7.63,7.78,5069
6.29,7.85,5082
6.87,7.18,5093
6.26,6.44,5105
3.36,6.02,5116
3.27,5.72,5129
7.00,5.98,5140
7.68,5.82,5152
3.61,6.43,5164
6.01,6.43,5176
4.59,6.49,5187
6.27,6.43,5199
8.33,6.05,5211
3.07,6.43,5222
4.28,6.63,5234
8.44,7.19,5245
4.74,7.54,5258
7.54,7.34,5269
8.28,7.01,5281
1.39,6.21,5293
7.89,5.19,5305
7.54,4.93,5316
-0.87,5.00,5328
5.90,5.51,5340
2.73,6.47,5352
3.97,7.07,5363
10.83,8.00,5376
4.22,7.91,5387
8.82,7.50,5398
5.64,6.60,5410
5.55,5.74,5422
2.92,5.29,5434
0.99,5.04,5445
7.19,5.38,5457
7.35,6.02,5469
5.00,6.76,5481
6.26,7.12,5492
5.92,7.47,5505
7.51,6.93,5516
7.45,6.81,5528
2.78,6.60,5539
3.25,6.28,5552
6.98,6.65,5563
7.37,6.36,5574
7.45,6.66,5586
4.40,6.47,5598
3.19,6.13,5610
7.36,6.02,5621
6.05,5.69,5634
4.86,5.98,5645
3.12,6.39,5657
3.92,6.76,5668
9.70,7.38,5681
6.66,7.36,5692
4.77,7.12,5704
6.07,6.68,5715
5.62,5.41,5728
6.87,5.46,5739
5.71,5.17,5750
1.14,5.55,5763
3.07,5.97,5774
5.99,6.49,5786
7.16,7.48,5797
3.91,7.25,5810
3.73,7.12,5821
10.74,6.45,5833
4.79,6.12,5844
2.66,6.01,5857
4.96,5.93,5868
3.54,6.06,5880
8.09,6.29,5892
10.05,6.55,5904
1.04,6.56,5915
6.32,6.59,5926
8.32,6.14,5939
1.73,6.04,5950
10.41,6.21,5962
2.14,6.59,5974
1.61,6.88,5986
13.66,7.05,5997
2.88,7.28,6009
5.60,6.77,6021
8.52,6.20,6033
2.43,5.54,6044
9.37,5.24,6056
5.33,5.49,6068
-2.19,5.86,6080
7.78,6.43,6091
8.24,7.11,6103
3.01,7.68,6115
11.89,7.56,6126
3.26,7.36,6138
2.79,6.10,6150
13.17,5.83,6162
3.03,5.37,6173
7.74,5.27,6185
1.35,5.97,6197
9.24,6.11,6209
7.49,6.93,6220
-0.01,6.75,6233
10.16,6.64,6244
7.68,6.27,6255
1.66,6.37,6267
8.94,6.31,6279
1.09,6.45,6291
5.21,6.78,6302
12.00,6.81,6315
2.13,7.07,6326
6.66,6.46,6338
4.66,6.09,6349
3.62,5.53,6362
9.75,5.38,6373
2.02,5.68,6385
1.27,5.91,6396
8.91,6.58,6409
5.20,7.02,6420
7.11,7.56,6431
9.73,7.59,6444
1.64,7.04,6455
8.01,6.03,6467
8.62,5.65,6478
0.06,5.07,6491
7.41,5.49,6502
4.59,6.02,6514
2.74,6.49,6525
12.32,7.45,6538
5.37,7.14,6549
12.22,7.06,6561
5.99,6.28,6573
1.43,6.17,6585
10.74,6.04,6596
-1.59,6.15,6607
4.79,6.62,6620
15.51,6.43,6631
0.21,6.96,6643
5.35,6.62,6654
9.28,6.27,6667
0.56,5.83,6678
10.23,5.67,6690
6.57,5.91,6702
-2.61,6.43,6714
10.02,7.00,6725
9.17,7.42,6737
4.00,7.49,6749
11.78,7.27,6761
2.76,6.78,6772
3.62,5.85,6784
11.17,5.53,6796
0.41,5.21,6807
2.50,5.61,6819
7.76,6.19,6831
1.88,6.86,6843
10.45,7.58,6854
9.46,7.50,6866
-0.37,7.50,6878
9.72,6.68,6890
6.96,6.34,6901
1.53,5.87,6914
9.97,6.03,6925
3.54,6.15,6937
12.12,6.27,6948
5.26,6.52,6960
0.28,6.29,6972
13.04,6.52,6983
2.59,6.13,6995
1.70,6.56,7007
14.33,6.44,7019
-2.41,6.84,7030
7.03,7.49,7043
12.49,6.93,7054
-1.07,7.05,7066
12.06,6.26,7077
6.39,5.86,7090
-2.22,5.67,7101
9.67,5.04,7112
2.60,5.49,7124
0.34,6.15,7136
11.90,6.89,7148
3.56,7.82,7159
4.94,7.74,7172
12.64,7.59,7183
2.87,7.08,7195
5.79,5.79,7206
7.66,5.54,7219
-0.12,4.95,7230
6.51,5.35,7242
5.58,5.97,7254
1.50,6.51,7266
8.97,7.36,7277
5.55,7.20,7288
3.40,7.05,7301
12.24,6.60,7312
2.34,6.54,7324
9.54,6.23,7335
0.12,6.42,7348
7.50,6.47,7359
10.10,6.62,7371
0.97,6.91,7383
8.47,6.30,7395
8.69,6.17,7406
-0.07,5.84,7418
7.30,5.63,7430
5.62,5.94,7442
1.02,6.47,7453
11.35,7.19,7464
5.42,7.45,7477
4.45,7.35,7488
10.13,6.75,7500
3.23,6.15,7512
6.47,5.28,7524
5.45,5.17,7535
0.94,5.01,7547
6.69,5.74,7559
6.08,6.61,7571
5.03,7.17,7582
8.76,7.64,7595
5.38,7.32,7606
5.07,6.99,7618
10.00,6.11,7629
2.94,5.60,7641
1.79,5.32,7653
7.48,5.53,7664
3.34,6.08,7676
5.01,6.44,7688
9.53,6.76,7700
2.82,6.88,7711
11.28,6.71,7724
0.72,6.38,7735
5.08,6.34,7747
7.61,6.35,7758
0.92,6.46,7771
9.51,6.72,7782
7.65,6.58,7794
1.83,6.76,7805
9.34,6.14,7817
6.42,5.72,7829
2.07,5.60,7840
7.83,5.45,7853
2.76,5.74,7864
2.63,6.54,7876
13.25,6.81,7887
2.02,7.75,7900
4.51,7.72,7911
12.11,7.14,7923
1.59,6.52,7934
7.39,5.36,7947
6.27,5.48,7958
-2.63,5.22,7969
7.43,5.63,7982
6.64,6.28,7993
2.66,6.93,8005
10.51,7.47,8016
3.97,7.32,8029
6.42,6.96,8040
13.47,6.49,8052
-1.90,6.43,8064
5.51,5.75,8076
9.13,6.04,8087
-1.04,6.05,8099
5.94,6.37,8111
-2.04,6.67,8123
12.32,6.02,8134
6.15,6.21,8145
-1.23,6.00,8158
9.39,5.86,8169
3.00,6.48,8181
2.78,6.64,8193
12.60,7.21,8205
2.68,7.71,8216
4.22,7.02,8228
9.44,6.79,8240
4.86,5.79,8252
4.32,5.23,8263
4.05,5.21,8275
2.29,5.02,8287
3.77,6.23,8299
8.97,6.67,8310
5.28,7.72,8322
6.12,7.83,8334
7.45,7.17,8345
4.68,6.91,8357
9.65,6.05,8369
4.38,5.69,8381
0.45,5.43,8392
6.79,5.57,8404
5.23,6.00,8416
4.49,6.55,8428
8.08,6.79,8439
3.17,6.78,8452
5.70,6.49,8463
10.04,6.48,8475
1.37,6.32,8486
6.14,6.26,8498
4.25,6.70,8510
9.91,6.97,8521
6.22,7.11,8534
0.74,6.68,8545
7.58,6.19,8557
8.27,5.33,8568
2.28,5.23,8581
5.14,5.30,8592
2.31,5.87,8604
4.38,6.76,8615
10.46,7.21,8628
5.87,8.26,8639
6.32,7.97,8650
5.59,7.32,8663
6.64,6.27,8674
7.21,5.39,8686
2.74,5.19,8697
2.24,4.78,8710
3.62,5.72,8721
7.57,6.23,8733
6.88,7.19,8744
6.24,7.52,8757
4.93,7.39,8768
7.81,7.21,8780
7.80,6.81,8792
4.32,6.52,8804
5.51,6.29,8815
2.37,6.26,8826
5.94,6.33,8839
8.76,6.57,8850
3.91,6.52,8862
4.34,6.48,8873
6.08,6.07,8886
3.20,5.95,8897
4.45,5.95,8909
3.09,6.53,8921
5.71,7.27,8933
9.85,7.63,8944
4.24,8.07,8956
5.58,7.44,8968
5.91,6.95,8980
7.14,5.86,8991
5.63,5.44,9003
2.34,5.36,9015
4.06,5.41,9026
4.49,6.41,9038
7.21,6.89,9050
8.68,7.84,9062
5.90,8.02,9073
5.41,7.64,9085
8.61,6.97,9097
6.29,6.46,9109
4.34,5.90,9120
3.50,5.60,9133
4.11,5.72,9144
7.29,6.04,9156
6.27,6.68,9167
5.24,6.67,9179
3.90,6.60,9191
7.40,6.47,9202
6.78,6.60,9214
5.08,6.54,9226
6.70,6.72,9238
0.53,6.90,9249
9.99,7.06,9262
1.40,7.05,9273
9.12,6.37,9285
4.07,6.05,9296
3.97,5.27,9309
7.19,5.14,9320
1.69,5.25,9332
1.75,5.61,9344
9.05,6.99,9355
6.50,7.56,9367
4.36,8.21,9378
9.48,7.97,9391
4.34,7.36,9402
6.90,6.36,9414
8.17,5.48,9425
-0.03,5.21,9438
4.54,5.17,9449
5.08,6.06,9461
3.87,6.50,9473
9.75,7.30,9485
4.47,7.33,9496
5.41,7.28,9507
12.26,6.81,9520
1.96,6.13,9531
4.44,6.18,9543
8.95,5.95,9554
-0.66,6.43,9567
9.63,6.22,9578
8.58,6.35,9590
-1.08,6.39,9602
9.64,6.20,9614
4.81,5.94,9625
2.05,5.90,9637
9.68,6.24,9649
5.50,6.59,9661
11.49,7.20,9672
0.75,7.28,9683
9.45,7.75,9696
8.13,7.13,9707
-1.87,6.60,9719
14.21,5.51,9731
3.21,5.09,9743
-3.64,5.34,9754
12.36,5.40,9766
0.41,6.44,9778
6.89,6.97,9790
13.15,7.75,9801
-3.12,7.71,9814
11.45,7.10,9825
10.76,6.41,9837
-2.76,5.87,9848
10.24,5.65,9860
1.48,5.51,9872
-0.12,5.80,9883
15.47,6.25,9895
1.36,6.76,9907
2.67,6.74,9919
11.81,6.56,9930
0.41,6.31,9943
8.80,6.24,9954
8.46,6.19,9966
-4.65,6.39,9977
11.01,6.68,9990
8.39,6.80,10001
-0.07,6.79,10013
14.10,6.19,10024
1.56,5.92,10036
15.40,5.28,10048
-2.94,5.35,10059
3.55,5.49,10072
10.63,6.14,10083
-1.25,7.00,10095
12.23,7.37,10106
8.61,7.88,10119
-2.60,7.45,10130
14.25,7.10,10142
5.67,6.00,10153
-1.98,5.35,10166
11.38,5.07,10177
-2.55,5.28,10189
4.30,5.95,10201
13.62,6.34,10212
-1.62,7.39,10224
8.47,7.47,10235
8.30,7.29,10248
2.07,6.88,10259
11.48,6.29,10271
2.89,6.16,10283
0.14,6.17,10295
10.11,6.23,10306
4.87,6.54,10318
4.39,6.51,10330
8.48,6.31,10342
2.08,6.10,10353
7.46,5.54,10364
8.07,6.04,10377
-0.43,6.00,10388
6.13,6.72,10400
4.90,7.33,10412
5.49,7.44,10424
2.84,7.86,10435
5.21,7.05,10447
9.73,6.48,10459
2.45,5.47,10471
6.18,5.14,10482
3.14,4.98,10494
-0.98,5.32,10506
13.19,6.33,10518
5.14,7.10,10529
3.21,7.91,10541
11.49,7.85,10553
3.39,7.40,10564
8.14,6.62,10576
8.30,5.94,10588
-1.18,5.55,10600
5.13,5.54,10611
7.75,5.88,10624
3.91,6.33,10635
8.12,6.57,10647
3.79,6.86,10658
4.35,6.96,10671
11.04,6.48,10682
1.09,6.61,10694
6.84,6.37,10705
6.84,6.69,10717
-0.75,6.84,10729
13.50,6.91,10740
6.46,6.94,10753
-0.82,6.12,10764
12.05,5.77,10776
4.19,5.13,10787
2.03,5.22,10800
10.10,5.54,10811
4.62,6.27,10823
13.72,6.92,10834
1.98,7.67,10847
9.87,8.03,10858
7.06,7.69,10870
2.13,7.23,10882
13.24,5.78,10893
2.23,5.44,10905
0.70,5.00,10916
8.45,5.29,10929
3.37,6.00,10940
8.06,6.45,10952
9.13,7.46,10963
0.32,7.42,10976
7.00,7.31,10987
11.37,6.93,10999
2.60,6.31,11011
5.05,6.39,11023
4.78,6.44,11034
3.39,6.46,11046
10.58,6.65,11058
5.92,6.55,11069
2.27,6.49,11081
7.22,6.16,11092
4.63,5.69,11105
6.27,6.12,11116
7.67,6.20,11128
-2.13,7.01,11140
8.11,7.13,11152
10.65,7.50,11163
1.59,7.73,11175
12.93,6.89,11187
2.23,6.50,11199
13.29,5.28,11210
-1.09,5.12,11223
1.49,5.34,11234
8.36,5.59,11245
1.66,6.60,11257
9.25,7.33,11269
9.35,7.81,11281
1.62,8.00,11292
9.15,7.34,11304
7.34,6.69,11316
2.72,6.13,11328
7.28,5.55,11339
0.77,5.80,11352
5.38,5.79,11363
10.95,6.37,11375
3.31,6.72,11386
4.89,6.74,11398
6.54,6.97,11410
4.08,6.47,11421
8.49,6.62,11433
6.17,6.53,11445
0.48,6.78,11457
9.04,6.76,11468
8.98,7.17,11481
5.04,6.98,11492
7.89,6.47,11504
3.46,6.19,11515
5.66,5.26,11528
6.68,5.53,11539
4.84,5.60,11551
1.35,6.55,11563
4.56,7.28,11574
10.66,7.68,11586
7.03,7.93,11597
6.01,7.26,11610
5.00,6.69,11621
9.62,5.67,11633
2.98,5.22,11644
2.53,5.18,11657
5.37,5.46,11668
5.07,6.22,11680
9.46,6.73,11692
8.59,7.24,11704
1.53,7.41,11715
8.48,6.90,11727
9.48,6.43,11739
2.49,6.12,11750
4.88,5.92,11762
4.94,6.08,11773
4.38,5.99,11786
9.18,6.59,11797
8.57,6.67,11809
0.14,6.82,11821
7.21,6.42,11833
9.86,5.97,11844
-0.36,6.29,11856
9.54,5.88,11868
3.80,6.70,11880
-0.16,6.83,11891
14.02,7.14,11904
4.03,7.40,11915
2.24,6.55,11926
9.58,6.24,11938
2.34,5.55,11950
5.67,5.27,11962
6.74,5.50,11973
6.67,6.06,11985
8.45,6.72,11997
5.51,7.56,12009
8.67,7.68,12020
3.40,7.37,12033
5.42,6.80,12044
9.06,6.02,12056
2.58,5.73,12067
3.36,5.26,12080
6.13,5.72,12091
4.78,5.98,12102
7.60,6.61,12114
7.31,7.00,12126
2.69,6.95,12138
7.71,6.74,12149
7.23,6.69,12162
3.66,6.36,12173
6.86,6.32,12185
3.64,6.64,12196
5.64,6.50,12209
8.64,6.92,12220
5.79,6.39,12232
3.65,6.21,12243
5.35,5.73,12256
7.18,5.38,12267
3.49,5.96,12278
5.06,5.99,12291
3.05,7.04,12302
4.26,7.46,12314
10.41,7.72,12325
6.23,7.75,12338
6.51,6.92,12349
5.85,6.34,12361
6.78,5.40,12372
3.47,5.09,12385
1.77,5.10,12396
5.53,5.74,12408
6.97,6.53,12420
6.74,7.29,12432
5.27,7.48,12443
5.18,7.72,12454
8.13,6.90,12467
5.53,6.44,12478
4.82,5.94,12490
5.41,5.66,12502
2.38,6.23,12514
7.38,6.10,12525
8.04,6.57,12537
4.85,6.57,12549
4.34,6.56,12561
7.73,6.33,12572
7.99,6.15,12584
4.44,6.36,12596
4.74,6.34,12607
3.63,6.95,12619
7.72,6.94,12631
8.32,7.14,12643
6.83,7.00,12654
3.85,6.40,12666
4.62,5.99,12678
9.87,4.99,12690
2.39,5.33,12701
4.28,5.35,12713
6.18,6.23,12725
2.20,7.24,12737
10.33,7.47,12748
1.13,7.87,12761
10.02,7.32,12772
6.95,6.48,12783
1.87,6.16,12795
8.56,5.18,12807
0.70,5.40,12819
2.39,5.76,12830
13.35,5.95,12843
3.88,7.04,12854
3.19,6.83,12866
9.69,7.03,12877
4.42,6.77,12890
5.94,6.35,12901
9.41,6.42,12913
-0.70,6.62,12924
5.03,6.66,12937
10.52,6.67,12948
2.69,6.92,12959
7.71,6.37,12972
4.89,6.09,12983
3.06,5.42,12995
7.44,5.39,13006
4.57,5.61,13019
2.89,5.96,13030
5.27,6.91,13042
7.35,7.07,13053
6.35,7.71,13066
6.90,7.49,13077
3.51,6.84,13089
4.78,5.99,13101
9.16,5.39,13113
2.96,5.19,13124
2.84,5.52,13135
4.01,5.93,13148
8.09,6.69,13159
9.24,7.60,13171
1.97,7.52,13182
6.31,7.62,13195
11.16,6.67,13206
1.21,6.44,13218
6.83,6.18,13230
4.72,5.81,13242
-0.14,6.35,13253
12.21,6.16,13265
4.98,6.85,13277
1.24,6.61,13289
7.82,6.36,13300
5.43,6.00,13312
6.08,6.09,13324
6.60,6.23,13335
1.61,6.44,13347
3.95,7.23,13359
9.51,7.14,13371
7.56,7.83,13382
7.47,7.32,13394
4.59,6.63,13406
4.00,6.07,13418
9.36,5.19,13429
5.02,5.41,13442
2.66,5.92,13453
2.88,6.51,13465
7.76,7.27,13476
7.77,7.35,13488
7.84,7.56,13500
6.28,7.55,13511
3.89,6.78,13523
7.36,6.35,13535
2.85,5.88,13547
2.66,5.76,13558
6.97,6.14,13571
8.47,6.15,13582
5.77,6.89,13594
4.88,6.89,13605
2.74,6.94,13618
9.85,6.29,13629
6.79,6.01,13641
2.54,6.07,13652
8.15,6.28,13664
1.24,6.99,13676
5.98,7.00,13687
14.24,7.22,13700
0.86,6.63,13711
3.57,6.58,13723
11.53,5.58,13734
0.06,5.41,13747
7.14,5.47,13758
8.07,5.94,13770
-2.19,7.09,13782
12.16,7.34,13794
9.35,7.91,13805
1.12,7.72,13817
10.69,6.92,13829
5.59,6.21,13840
2.98,5.41,13852
9.49,5.03,13863
1.11,5.47,13876
0.59,5.96,13887
10.39,6.60,13899
4.84,7.23,13911
7.98,6.87,13923
2.35,7.08,13934
7.71,6.23,13946
5.37,5.98,13958
5.07,5.85,13970
4.42,6.00,13981
3.20,6.62,13993
9.46,6.56,14005
6.03,7.00,14016
5.75,6.71,14028
7.78,6.56,14040
3.29,6.03,14052
6.74,5.66,14063
6.69,6.06,14075
-0.28,6.40,14087
7.42,7.12,14099
7.84,7.38,14110
3.55,7.55,14123
11.74,7.34,14134
4.80,6.57,14146
1.48,5.81,14157
10.46,5.26,14169
2.26,5.41,14181
1.36,5.85,14192
9.36,6.41,14204
2.55,7.11,14216
7.18,7.49,14228
11.23,7.53,14239
1.67,7.32,14252
7.26,6.49,14263
8.64,6.14,14275
-0.03,5.70,14286
6.52,5.78,14299
0.81,6.30,14310
9.49,6.41,14322
9.63,6.94,14333
-0.71,6.84,14345
8.50,6.77,14357
7.47,6.15,14368
-0.30,6.18,14381
10.27,6.03,14392
4.10,6.38,14404
1.69,6.78,14415
12.05,6.94,14428
4.33,7.27,14439
3.59,6.76,14451
9.60,6.61,14462
1.82,5.98,14475
3.82,5.52,14486
7.86,5.45,14498
1.29,5.79,14510
5.20,6.65,14521
8.55,7.25,14533
5.21,7.34,14544
7.13,7.37,14557
6.62,6.93,14568
7.32,6.47,14580
5.30,5.93,14592
5.17,5.47,14604
3.84,5.97,14615
3.93,6.03,14627
5.75,6.61,14639
6.05,6.82,14651
6.13,6.55,14662
4.90,6.81,14674
7.89,6.04,14686
5.16,6.27,14697
8.11,6.07,14709
1.01,6.43,14721
9.88,7.04,14733
6.83,6.86,14744
2.17,7.23,14756
11.16,6.50,14768
4.15,6.38,14780
3.04,5.64,14791
7.92,5.33,14803
2.21,5.55,14815
3.19,6.16,14827
10.77,6.99,14838
2.97,7.54,14851
5.94,7.74,14862
10.22,7.36,14873
1.86,6.84,14885
8.64,5.86,14897
5.84,5.63,14909
-1.56,5.33,14920
8.08,5.60,14932
6.65,6.30,14944
3.34,6.88,14956
8.33,7.28,14967
5.36,6.99,14980
3.53,6.79,14991
10.80,6.25,15003
4.48,6.31,15014
-0.10,6.02,15027
7.66,6.14,15038
6.09,6.45,15049
5.36,6.66,15062
7.81,7.05,15073
5.82,6.48,15085
8.97,6.29,15096
5.13,5.77,15109
1.88,5.89,15120
4.62,5.94,15132
7.82,6.49,15143
6.79,7.16,15156
5.90,7.36,15167
8.06,7.65,15179
3.21,6.78,15191
7.32,6.11,15203
9.52,5.51,15214
-0.59,5.08,15225
4.00,5.39,15238
6.52,5.69,15249
3.09,6.38,15261
9.87,7.24,15272
5.10,7.50,15285
1.87,7.32,15296
13.04,6.68,15308
5.03,6.11,15320
1.49,5.80,15332
8.28,5.42,15343
-0.49,5.72,15355
5.56,6.16,15367
12.65,6.74,15379
0.32,7.19,15390
3.37,6.95,15401
11.61,6.54,15414
3.27,6.21,15425
6.81,6.09,15437
6.50,5.95,15449
-1.86,6.36,15461
8.90,6.64,15472
1.44,7.27,15484
7.82,7.19,15496
4.42,6.59,15508
6.45,6.17,15519
9.61,5.58,15532
0.75,5.63,15543
2.36,5.75,15554
6.41,6.14,15566
6.84,7.01,15578
9.15,7.53,15590
4.62,7.50,15601
2.60,7.26,15613
11.22,6.38,15625
6.38,5.94,15637
2.42,5.54,15648
4.99,5.31,15661
0.64,6.10,15672
8.80,6.02,15684
9.75,6.90,15695
2.87,7.24,15708
5.31,7.07,15719
6.65,6.99,15730
9.13,6.17,15742
5.77,6.38,15754
3.31,6.12,15766
3.12,6.31,15777
5.99,6.51,15790
7.96,6.65,15801
6.18,6.71,15813
2.61,6.40,15824
4.78,5.91,15837
10.05,5.84,15848
5.01,6.12,15860
3.42,6.38,15872
2.01,7.02,15884
13.56,7.11,15895
6.52,7.40,15906
2.30,7.53,15919
6.82,6.64,15930
4.17,5.99,15942
7.72,5.37,15953
8.00,5.30,15966
-0.95,5.66,15977
3.58,6.13,15989
10.47,6.95,16001
6.55,7.77,16013
7.51,7.87,16024
4.07,7.67,16036
5.46,6.73,16048
10.62,6.12,16060
4.25,5.79,16071
3.06,5.38,16082
3.06,6.01,16095
5.24,5.81,16106
9.30,6.73,16118
7.74,6.95,16130
1.86,7.02,16142
3.98,6.79,16153
11.05,6.28,16165
5.00,6.52,16177
4.97,6.31,16189
2.35,6.69,16200
3.11,6.86,16212
12.64,6.85,16224
5.56,7.06,16236
6.02,6.22,16247
4.60,6.04,16259
8.93,5.41,16271
4.44,5.31,16282
0.04,5.77,16294
6.21,6.20,16306
8.14,6.85,16318
7.72,7.47,16329
6.51,7.60,16342
3.10,7.22,16353
6.12,6.54,16365
8.75,5.82,16376
4.91,5.57,16389
0.81,5.43,16400
2.81,5.90,16412
7.34,6.09,16423
7.22,6.67,16435
7.79,6.93,16447
4.88,7.03,16458
3.03,6.81,16471
9.94,6.52,16482
6.64,6.19,16494
1.33,5.94,16505
3.00,6.38,16518
6.96,6.54,16529
7.62,6.78,16541
6.21,6.75,16552
4.57,6.45,16565
2.91,5.94,16576
6.74,5.38,16588
8.00,5.66,16600
3.91,6.10,16611
2.26,6.59,16623
8.58,7.14,16634
7.58,7.13,16647
4.40,7.26,16658
5.26,6.51,16670
4.66,5.68,16681
5.60,5.44,16694
6.10,5.15,16705
-0.28,5.75,16717
5.03,6.27,16729
8.16,6.72,16741
7.08,7.41,16752
8.67,7.06,16764
2.04,6.98,16776
6.96,6.10,16787
8.16,5.88,16799
2.99,5.95,16811
7.12,5.80,16823
3.66,6.31,16834
5.75,6.80,16846
9.34,7.13,16858
4.37,7.03,16870
4.98,6.70,16881
6.43,6.20,16893
3.42,6.03,16905
7.24,6.01,16917
5.64,6.03,16928
-0.05,6.48,16941
9.40,6.82,16952
7.59,7.23,16963
3.64,6.95,16975
9.35,6.62,16987
3.23,6.16,16999
3.27,5.63,17010
0.27,5.40,17022
2.78,5.72,17034
10.48,6.15,17046
2.33,7.04,17057
10.74,7.38,17070
7.69,7.10,17081
-0.49,7.10,17093
11.58,5.93,17104
3.01,5.82,17117
2.13,5.39,17128
6.89,5.49,17139
1.76,6.32,17152
7.18,6.61,17163
7.97,7.37,17175
5.35,7.14,17186
4.93,6.94,17199
6.66,6.44,17210
4.00,6.08,17222
4.51,5.95,17233
6.74,6.08,17246
1.89,6.61,17257
6.48,6.74,17269
7.93,6.99,17281
3.48,6.65,17293
7.43,6.17,17304
6.29,5.75,17315
1.65,5.38,17328
7.86,5.66,17339
5.38,6.51,17351
0.57,7.07,17362
10.51,7.30,17375
5.17,7.63,17386
5.68,7.14,17398
2.88,6.73,17410
7.39,5.79,17422
6.00,5.32,17433
1.48,5.30,17445
6.09,5.42,17457
4.98,6.11,17469
5.18,6.74,17480
9.42,7.26,17491
6.49,7.49,17504
3.91,7.10,17515
9.25,6.35,17527
4.70,6.29,17539
1.58,5.82,17551
7.08,5.83,17562
4.45,6.15,17574
3.89,6.19,17586
9.91,6.89,17598
4.20,6.57,17609
4.29,6.43,17622
8.76,6.19,17633
2.66,6.00,17645
5.12,6.28,17656
6.66,6.43,17668
1.95,6.85,17680
9.15,7.33,17691
6.78,7.28,17703
3.90,6.89,17715
9.73,6.10,17727
4.97,5.50,17738
2.72,5.13,17751
7.37,5.02,17762
1.99,5.55,17774
2.23,6.17,17785
3.67,6.98,17798
4.96,7.49,17809
10.10,7.33,17820
4.92,7.12,17832
5.84,6.45,17844
7.30,6.08,17856
1.61,5.54,17867
4.96,5.62,17880
8.57,6.05,17891
3.57,6.23,17903
6.57,6.67,17914
6.93,6.24,17927
4.73,6.16,17938
7.24,5.84,17950
4.41,5.95,17961
2.78,6.29,17974
4.82,6.48,17985
6.08,7.23,17996
8.55,7.32,18009
5.88,7.38,18020
5.32,7.05,18032
7.13,6.33,18043
5.39,5.74,18056
4.13,5.07,18067
4.48,5.16,18079
1.54,5.71,18091
6.36,6.44,18103
7.75,7.27,18114
5.97,7.75,18126
8.55,7.92,18138
4.70,7.68,18150
7.33,6.50,18161
9.17,6.07,18172
4.91,5.42,18185
5.05,5.40,18196
3.18,5.83,18208
9.53,6.13,18220
4.60,6.78,18232
1.48,6.64,18243
9.05,6.67,18255
5.52,6.37,18267
3.13,6.30,18279
6.21,6.44,18290
2.52,6.61,18302
7.94,7.03,18314
10.63,7.12,18326
3.22,7.23,18337
4.23,6.75,18349
8.32,6.02,18361
4.66,5.52,18372
5.19,5.13,18384
5.00,5.49,18396
-0.25,5.94,18408
7.53,6.88,18419
9.20,7.88,18432
3.81,7.91,18443
8.24,7.69,18455
7.41,6.91,18466
4.78,6.04,18479
9.54,5.72,18490
4.05,5.09,18502
-1.64,5.57,18513
9.11,5.82,18525
6.55,6.79,18537
2.98,7.16,18548
10.45,6.94,18561
6.71,7.04,18572
10.41,6.55,18584
1.79,6.74,18595
4.86,6.38,18608
5.92,6.51,18619
6.33,6.56,18631
7.58,6.71,18642
5.75,6.55,18655
1.41,5.92,18666
6.02,5.62,18678
8.41,5.06,18690
2.42,5.43,18701
5.31,5.93,18713
4.24,6.62,18724
5.16,7.47,18737
10.52,7.53,18748
6.65,7.70,18760
4.62,7.15,18771
5.77,6.27,18784
6.21,5.43,18795
5.42,4.72,18807
2.81,4.75,18819
2.15,5.64,18831
6.30,6.22,18842
6.03,7.37,18854
7.93,7.74,18866
5.33,7.49,18877
2.65,7.22,18889
11.89,6.40,18900
4.24,6.25,18913
2.45,5.80,18924
8.14,5.82,18936
0.31,6.06,18948
8.60,6.25,18960
-1.63,6.58,18971
9.18,6.19,18983
5.78,5.89,18995
1.71,5.98,19007
10.93,6.01,19018
-0.87,6.47,19031
3.45,6.90,19042
14.08,7.15,19053
1.22,7.45,19065
8.15,7.13,19077
7.26,6.50,19089
-0.91,5.95,19100
11.28,5.15,19112
4.83,5.29,19124
-2.08,5.52,19136
9.28,5.99,19147
4.25,7.00,19160
4.88,7.26,19171
12.31,7.65,19183
0.83,7.68,19194
6.57,6.80,19207
11.86,6.38,19218
0.75,5.52,19229
6.85,5.18,19241
3.57,5.85,19253
0.49,5.64,19265
11.15,6.55,19276
5.77,6.68,19289
2.85,6.72,19300
8.06,6.83,19312
4.14,5.90,19323
5.05,6.39,19336
-0.01,6.18,19347
5.80,6.48,19359
7.41,6.72,19371
4.37,6.63,19383
8.68,6.96,19394
1.42,6.37,19405
3.85,5.93,19418
9.40,5.47,19429
0.62,5.32,19441
3.20,5.54,19452
6.10,6.37,19465
4.49,6.84,19476
9.27,7.59,19488
8.95,7.68,19500
1.55,7.31,19512
8.25,6.54,19523
7.60,5.77,19535
0.99,5.31,19547
8.12,5.27,19559
0.90,5.75,19570
3.83,6.14,19581
11.58,6.84,19594
2.36,7.14,19605
6.26,7.17,19617
8.57,6.87,19629
4.10,6.45,19641
7.70,6.30,19652
5.39,5.79,19664
0.40,6.24,19676
7.35,6.50,19688
7.31,6.84,19699
4.38,6.91,19712
6.55,6.44,19723
5.54,6.21,19735
7.06,5.67,19746
3.03,5.92,19758
4.13,6.04,19770
8.39,6.78,19781
6.00,7.25,19793
7.37,7.35,19805
8.62,7.05,19817
0.57,6.43,19828
8.33,5.79,19841
7.97,5.19,19852
-1.16,4.99,19864
6.36,5.23,19875
4.22,6.14,19888
5.11,6.92,19899
9.32,7.64,19911
3.85,7.75,19922
5.23,7.53,19934
8.07,6.56,19946
6.00,5.86,19957
4.38,5.44,19970
3.01,5.19,19981
3.31,5.82,19993
8.31,5.97,20004
7.91,6.74,20017
6.01,6.96,20028
4.10,6.77,20040
5.62,6.42,20051
10.18,6.00,20064
3.51,6.15,20075
3.13,6.23,20087
6.81,6.30,20099
2.04,6.54,20110
9.25,6.81,20122
-0.24,6.57,20133
6.96,6.20,20146
7.81,5.39,20157
0.19,5.30,20169
9.42,5.41,20180
1.37,5.90,20193
0.29,6.79,20204
15.85,7.25,20216
3.86,7.84,20228
4.62,7.61,20240
11.69,7.13,20251
1.53,6.07,20263
6.89,5.36,20275
8.17,4.86,20286
-2.79,4.93,20298
6.58,5.55,20310
7.67,6.00,20322
3.12,6.97,20333
12.16,7.06,20345
2.16,7.23,20357
3.07,6.74,20369
13.63,6.38,20380
-0.24,6.40,20392
5.44,6.15,20404
8.17,6.35,20416
-1.54,6.24,20427
10.64,6.57,20440
8.67,6.50,20451
-2.85,6.05,20462
10.48,5.62,20474
6.46,5.60,20486
-0.05,6.02,20498
-0.63,6.68,20509
4.02,7.31,20521
13.72,7.75,20533
3.05,7.99,20545
7.41,7.60,20556
7.05,6.82,20569
1.16,5.93,20580
7.72,5.14,20592
5.01,4.80,20603
-0.20,5.39,20616
7.53,6.22,20627
4.93,6.90,20638
7.88,7.86,20651
10.91,7.66,20662
0.97,7.53,20674
10.66,6.74,20685
6.89,6.16,20698
-0.04,6.05,20709
10.48,5.55,20721
0.43,6.10,20732
4.21,6.04,20745
13.25,6.57,20756
-0.29,6.67,20768
5.88,6.46,20780
9.70,6.47,20792
-0.81,6.13,20803
10.97,6.25,20814
7.19,6.60,20827
-3.68,7.15,20838
13.01,7.40,20850
5.87,7.43,20861
2.39,6.80,20874
-392.31,6.40,20885
12.05,5.61,20897
-3.65,5.15,20920
4.97,5.00,20931
10.28,5.83,20942
-0.93,6.53,20954
12.64,7.21,20966
8.29,7.82,20977
-2.20,7.60,20988
15.98,7.55,21000
1.81,6.49,21011
-0.31,5.93,21022
13.28,5.24,21033
-3.50,5.19,21045
6.69,5.61,21057
13.50,6.04,21068
-4.44,6.77,21080
9.39,6.82,21091
8.19,6.84,21102
-1.45,6.66,21113
13.36,6.80,21125
2.77,6.63,21137
0.92,6.66,21148
13.10,6.83,21159
0.97,6.52,21171
8.02,6.95,21182
8.16,6.29,21193
-0.92,5.87,21204
10.61,5.31,21216
3.81,5.14,21228
-0.30,5.63,21239
11.37,6.23,21251
2.66,7.30,21262
5.88,7.97,21273
15.13,7.97,21284
-0.49,7.52,21297
7.85,6.69,21308
8.91,5.65,21320
-4.10,5.26,21331
11.76,4.67,21343
3.37,5.26,21355
0.84,6.07,21366
13.97,6.75,21379
0.15,7.53,21390
6.49,7.30,21402
12.94,7.34,21413
-1.45,6.82,21426
8.49,6.31,21437
8.52,6.01,21449
-3.34,5.70,21460
11.86,6.02,21473
5.51,6.07,21484
-1.17,6.34,21496
14.77,6.32,21508
1.77,6.29,21519
3.20,5.98,21531
12.31,6.12,21542
-3.24,6.30,21555
6.17,6.58,21566
12.04,6.99,21578
-0.43,7.26,21590
11.30,7.22,21602
7.61,6.90,21613
-1.35,6.00,21625
13.53,5.18,21637
2.38,5.00,21649
10.42,4.94,21660
-0.08,6.10,21672
7.82,6.65,21684
11.16,7.53,21695
0.61,7.97,21707
9.58,7.66,21719
9.52,7.29,21731
1.44,6.03,21742
8.28,5.85,21754
3.91,5.19,21766
1.37,5.26,21778
10.68,5.50,21789
3.22,6.14,21801
5.70,6.96,21813
9.38,6.80,21825
2.45,7.00,21836
9.58,6.39,21849
5.32,6.77,21860
1.58,6.44,21871
8.94,6.48,21883
4.19,6.78,21895
4.91,6.81,21907
11.38,6.75,21918
2.53,6.03,21931
3.61,5.76,21942
12.43,5.48,21954
-0.92,5.75,21965
3.98,5.84,21978
10.93,6.48,21989
-2.21,7.14,22001
10.12,7.64,22012
11.05,7.83,22025
1.70,7.57,22036
6.36,6.82,22047
1.62,5.67,22060
6.12,5.22,22071
3.39,4.80,22083
3.49,5.26,22094
7.83,5.87,22107
2.57,6.41,22118
8.10,7.09,22130
7.81,7.14,22141
1.17,7.42,22154
10.66,6.81,22165
2.99,6.76,22177
1.61,6.27,22189
11.46,6.17,22201
1.36,6.17,22212
5.38,6.24,22223
10.54,6.47,22236
-0.65,6.30,22247
8.57,6.18,22259
9.48,5.84,22270
-3.13,6.13,22283
10.71,6.51,22294
5.69,7.19,22306
0.23,7.49,22318
13.92,7.68,22330
4.61,7.50,22341
3.38,6.88,22353
13.71,5.90,22365
-0.12,5.04,22377
2.31,4.79,22388
10.32,4.96,22400
-3.38,6.04,22412
8.27,6.41,22423
-1.19,7.72,22435
14.02,7.95,22447
6.68,7.64,22459
2.48,7.57,22470
10.54,6.21,22482
0.82,6.02,22494
4.27,5.38,22506
8.24,5.74,22517
2.77,6.12,22530
6.84,6.30,22541
6.45,6.83,22553
1.64,6.72,22564
9.57,6.59,22576
6.10,6.65,22588
3.07,6.82,22599
8.23,6.91,22611
3.41,7.32,22623
8.02,7.29,22635
5.52,7.18,22646
4.64,6.54,22659
7.37,5.80,22670
3.13,5.32,22682
6.91,4.80,22693
4.65,5.08,22706
0.19,5.75,22717
7.47,7.00,22728
8.18,7.91,22740
4.77,8.67,22752
10.96,8.28,22764
7.26,7.83,22775
2.77,6.58,22788
12.28,5.45,22799
1.81,5.12,22811
8.11,4.41,22822
-0.71,5.55,22835
9.75,5.69,22846
9.53,6.82,22858
-0.92,7.67,22870
11.24,7.36,22882
8.21,7.57,22893
2.91,6.80,22905
9.92,6.79,22917
2.88,6.50,22928
1.63,6.28,22940
11.49,6.58,22951
4.47,6.44,22964
3.08,6.28,22975
8.42,5.95,22987
2.13,5.77,22999
6.89,5.74,23011
6.55,6.20,23022
-1.03,6.66,23034
9.16,7.31,23046
8.24,7.85,23058
2.93,8.05,23069
12.36,7.54,23080
2.62,6.77,23093
3.03,5.57,23104
10.78,4.80,23116
0.54,4.47,23128
4.38,4.73,23140
6.04,5.80,23151
2.41,6.89,23163
6.65,7.96,23175
8.08,7.99,23187
6.88,7.84,23198
8.92,7.15,23211
2.59,6.45,23222
3.35,6.03,23234
6.86,5.26,23245
3.94,5.35,23257
5.09,5.62,23269
7.50,5.97,23280
4.13,6.59,23292
5.00,6.69,23304
8.71,6.56,23316
5.38,6.72,23327
3.92,6.62,23340
5.79,6.97,23351
8.57,7.30,23363
7.22,7.21,23374
4.27,7.25,23387
6.56,6.38,23398
4.82,5.94,23410
6.83,5.10,23421
5.04,5.01,23433
2.91,5.16,23445
3.60,5.70,23456
5.16,6.72,23469
8.73,7.39,23480
5.87,8.50,23492
7.18,8.22,23503
5.02,7.75,23516
8.82,6.35,23527
8.66,5.53,23539
-0.31,4.90,23550
5.35,4.34,23563
3.38,5.18,23574
4.34,5.62,23586
4.62,6.78,23598
2.82,7.45,23609
9.35,7.47,23621
10.95,7.36,23632
3.05,7.02,23645
5.36,6.77,23656
4.05,6.46,23668
5.31,6.42,23680
10.42,6.19,23692
3.16,6.39,23703
4.00,6.09,23715
6.46,5.73,23727
7.51,5.46,23739
5.61,5.44,23750
3.07,5.97,23762
4.16,6.70,23774
6.21,7.50,23785
10.32,8.23,23797
8.32,8.19,23809
4.03,7.59,23821
5.15,6.62,23832
9.47,5.15,23844
5.32,4.74,23856
2.89,4.59,23868
3.57,5.12,23879
2.37,6.24,23891
7.84,6.79,23903
7.75,7.86,23915
5.92,7.84,23926
5.99,7.78,23939
7.23,7.36,23950
10.33,6.61,23961
3.52,6.35,23973
8.24,6.02,23985
3.23,5.90,23997
5.83,6.03,24008
10.17,6.09,24020
1.26,6.33,24032
6.68,6.49,24044
9.77,6.42,24055
0.94,6.94,24068
7.37,6.97,24079
5.68,7.50,24091
3.85,7.61,24102
10.34,7.30,24115
5.93,7.28,24126
3.76,6.57,24137
8.76,5.94,24150
5.02,5.19,24161
1.14,5.14,24173
5.78,5.18,24184
3.66,6.29,24197
5.95,7.13,24208
8.05,7.92,24220
6.57,8.50,24231
7.59,7.99,24244
5.17,7.56,24255
9.36,6.41,24267
5.64,5.87,24279
1.41,5.24,24291
5.98,5.22,24302
2.76,5.84,24313
6.14,6.13,24326
6.63,6.92,24337
1.94,7.01,24349
6.90,7.06,24360
3.83,7.00,24373
7.16,7.17,24384
5.21,6.99,24396
0.52,6.97,24408
13.27,6.69,24420
6.22,6.72,24431
0.68,6.62,24443
8.97,6.16,24455
1.98,5.96,24467
5.68,5.26,24478
7.31,5.68,24489
0.53,6.01,24502
5.72,6.93,24513
9.00,7.57,24525
5.24,7.78,24537
8.28,7.83,24549
6.77,7.05,24560
3.57,6.66,24572
9.20,5.74,24584
3.46,5.35,24596
1.28,5.25,24607
5.47,5.56,24620
4.84,6.36,24631
8.43,6.79,24643
6.58,7.47,24654
3.68,7.54,24666
8.18,7.28,24678
7.72,6.81,24689
5.68,6.32,24701
7.93,5.95,24713
1.28,5.97,24725
5.01,5.96,24736
11.78,6.24,24749
6.13,6.57,24760
7.71,6.13,24772
2.21,6.17,24783
11.64,6.13,24796
4.16,6.16,24807
-0.68,6.62,24819
9.95,6.84,24830
6.35,7.08,24842
7.18,7.43,24854
9.77,7.13,24865
0.50,6.90,24878
7.82,5.91,24889
8.39,4.93,24901
0.81,5.37,24912
4.64,5.10,24925
2.77,6.25,24936
6.28,6.73,24948
9.78,7.46,24960
6.88,8.29,24972
4.53,7.67,24983
5.97,7.43,24995
9.98,6.28,25007
4.48,5.90,25018
3.49,5.52,25030
3.37,5.43,25041
4.68,6.05,25054
7.73,6.73,25065
6.17,7.30,25077
3.72,7.31,25089
5.00,6.96,25101
10.32,6.57,25112
5.36,6.52,25124
3.31,6.31,25136
1.44,6.65,25148
8.54,6.66,25159
10.98,7.08,25171
0.87,6.86,25183
5.01,6.30,25194
9.94,6.05,25206
1.89,5.38,25218
4.62,5.78,25230
4.45,5.81,25241
0.76,6.59,25253
11.89,7.23,25265
8.26,7.84,25277
3.59,8.04,25288
8.17,7.10,25300
3.74,6.46,25312
7.37,5.51,25324
8.54,5.19,25335
-1.84,5.02,25348
3.24,5.27,25359
9.12,6.10,25370
5.18,6.86,25382
7.99,7.62,25394
5.14,7.66,25406
4.17,7.26,25417
10.99,6.70,25430
7.24,6.59,25441
3.11,6.21,25453
3.39,6.21,25464
4.86,6.36,25477
8.51,6.61,25488
8.00,6.44,25500
3.14,6.15,25511
2.09,5.46,25524
7.10,5.44,25535
2.29,5.95,25546
4.23,6.42,25559
3.74,7.40,25570
7.92,7.65,25582
13.60,7.91,25593
4.19,7.47,25606
0.71,6.60,25617
10.58,5.85,25629
3.83,5.01,25640
3.70,4.92,25653
6.54,5.18,25664
-3.23,6.12,25676
8.67,6.70,25688
13.44,7.54,25700
2.48,7.93,25711
7.38,7.69,25722
7.11,7.24,25735
3.00,6.26,25746
11.62,5.82,25758
4.67,5.35,25769
-2.04,5.77,25782
10.91,6.06,25793
4.08,6.12,25805
3.90,6.54,25817
11.45,6.63,25829
-0.65,6.44,25840
5.27,6.34,25852
11.96,6.45,25864
2.13,6.72,25876
6.57,7.18,25887
7.36,6.91,25899
0.73,7.11,25911
7.00,6.45,25922
-0.45,6.00,25934
10.86,5.36,25946
1.09,4.91,25958
2.27,5.51,25969
9.68,5.95,25981
-0.11,6.89,25993
8.61,7.47,26005
11.97,8.04,26016
3.33,7.89,26029
9.29,7.14,26040
4.78,6.36,26052
1.63,5.44,26063
9.73,4.99,26075
0.71,4.98,26087
3.92,5.61,26098
9.23,6.41,26110
-0.41,7.03,26122
10.32,7.25,26134
6.85,7.01,26145
0.58,6.75,26158
12.80,6.65,26169
3.73,6.35,26181
0.12,6.29,26192
11.65,6.29,26205
0.35,6.24,26216
4.23,6.24,26227
13.94,5.84,26240
-0.70,5.94,26251
7.07,5.45,26263
8.69,5.78,26274
-1.62,5.95,26287
9.93,6.25,26298
2.12,7.24,26310
11.51,7.45,26321
4.27,7.98,26334
5.14,7.51,26345
11.49,6.95,26357
-0.48,6.07,26369
4.53,5.30,26381
9.30,5.15,26392
-2.67,5.24,26403
9.05,6.13,26416
8.17,6.65,26427
0.60,7.62,26439
14.46,7.77,26450
5.45,7.42,26463
2.74,7.09,26474
10.74,6.24,26486
-0.85,5.97,26498
7.00,5.68,26510
10.16,5.94,26521
-2.39,6.15,26533
9.62,6.37,26545
8.52,6.52,26557
0.85,6.51,26568
12.07,6.35,26579
2.27,6.53,26592
-0.10,6.32,26603
13.22,6.69,26615
2.90,6.93,26627
5.03,7.25,26639
10.82,7.50,26650
-0.21,6.87,26662
8.44,6.36,26674
11.30,5.65,26686
6.87,5.36,26697
6.03,5.26,26710
-1.16,5.72,26721
13.56,6.79,26733
2.70,7.52,26744
1.40,8.04,26756
14.68,7.94,26768
4.28,7.22,26779
3.82,6.57,26791
8.75,5.60,26803
-2.12,5.24,26815
4.20,5.31,26826
12.13,5.74,26839
-0.53,6.82,26850
6.67,7.12,26862
8.15,7.37,26873
3.86,6.95,26886
12.98,6.47,26897
1.41,6.83,26909
2.88,6.32,26920
8.28,6.73,26932
3.91,6.84,26944
9.84,6.93,26955
5.32,7.06,26968
1.37,6.51,26979
9.62,6.35,26991
7.24,5.72,27002
2.51,5.93,27015
6.34,5.94,27026
1.24,6.49,27038
5.89,7.02,27049
11.92,7.60,27062
2.01,7.82,27073
6.72,7.21,27085
6.82,6.64,27097
8.82,5.69,27108
1.69,5.74,27120
3.15,5.39,27131
5.72,5.62,27144
5.93,6.25,27155
7.34,6.79,27167
8.06,7.55,27179
2.12,7.37,27191
8.76,7.30,27202
9.50,6.50,27214
0.09,6.21,27226
9.36,6.07,27238
2.99,6.10,27249
3.39,6.27,27261
13.60,6.71,27273
0.39,6.76,27284
4.46,6.33,27296
8.81,6.22,27308
2.10,5.62,27320
8.57,5.95,27331
4.29,6.04,27343
-1.65,6.62,27355
11.98,7.07,27367
7.14,7.34,27378
2.58,7.54,27390
12.81,6.78,27402
0.60,6.30,27414
5.82,5.07,27425
10.70,4.94,27438
-3.31,5.02,27449
7.15,5.71,27460
3.05,6.85,27472
12.70,7.62,27484
4.05,8.13,27496
2.62,7.78,27507
13.26,7.05,27520
4.75,6.27,27531
3.26,5.72,27543
6.87,5.42,27554
-1.97,5.55,27567
8.90,5.75,27578
10.42,6.43,27590
0.35,6.68,27601
8.17,6.91,27613
6.84,6.59,27625
3.48,6.23,27636
9.88,6.43,27649
0.59,6.47,27660
1.27,6.86,27672
12.64,6.86,27683
4.28,7.20,27696
5.84,6.90,27707
6.32,6.25,27719
0.83,5.80,27730
10.95,5.07,27743
5.11,5.46,27754
-2.07,5.53,27766
7.35,6.14,27778
6.11,6.72,27789
5.80,7.32,27801
11.05,7.94,27812
1.95,7.37,27825
4.78,6.92,27836
12.44,6.27,27848
3.67,5.77,27859
2.69,5.81,27872
1.73,5.59,27883
10.34,5.95,27895
7.22,6.50,27907
1.37,6.83,27919
5.35,7.00,27930
8.31,6.63,27942
5.85,6.64,27954
7.22,6.79,27965
1.74,6.55,27977
1.26,6.90,27988
12.04,6.58,28001
6.32,7.01,28012
3.97,6.80,28024
5.95,6.13,28036
3.40,5.87,28048
7.55,5.23,28059
6.21,5.50,28071
1.15,5.94,28083
4.94,6.90,28095
9.96,7.49,28106
5.59,8.05,28119
8.24,7.92,28130
5.67,7.18,28141
2.39,6.61,28153
11.20,5.44,28165
4.70,5.41,28177
0.53,5.03,28188
3.24,5.63,28200
4.49,6.11,28212
8.80,6.96,28224
6.19,7.68,28235
3.95,7.67,28248
9.10,7.32,28259
9.45,6.72,28271
2.18,6.33,28282
3.35,6.11,28295
4.04,6.13,28306
7.29,6.18,28317
7.25,6.48,28329
5.25,6.51,28341
2.96,6.22,28353
4.43,5.84,28364
8.26,5.77,28377
4.72,6.15,28388
3.27,6.38,28400
4.28,7.21,28411
5.94,7.22,28424
10.51,7.54,28435
7.21,7.39,28447
0.02,6.56,28459
6.74,6.12,28470
7.56,4.98,28482
3.50,4.97,28493
5.96,5.17,28506
0.85,5.97,28517
3.83,6.83,28529
10.79,7.45,28540
6.11,7.75,28553
6.23,7.54,28564
4.33,6.88,28576
4.95,6.16,28588
9.13,5.49,28600
5.41,5.44,28611
0.43,5.54,28623
6.55,5.88,28635
6.49,6.37,28647
8.72,6.50,28658
2.04,6.69,28669
4.62,6.39,28682
9.83,6.27,28693
2.71,6.27,28705
5.03,6.16,28717
6.67,6.78,28729
2.87,6.73,28740
10.69,6.84,28752
6.72,6.61,28764
0.21,6.03,28776
8.58,5.69,28787
4.88,5.42,28800
2.70,5.63,28811
7.28,5.85,28822
2.22,6.73,28834
4.46,7.17,28846
12.46,7.52,28858
5.43,7.45,28869
3.71,6.88,28881
9.80,6.22,28893
1.45,5.64,28905
5.05,5.30,28916
8.27,5.53,28929
-1.10,5.93,28940
6.92,6.42,28952
7.67,7.01,28963
4.27,7.27,28976
9.34,7.35,28987
4.72,6.67,28998
2.96,6.25,29010
5.67,5.60,29022
1.01,5.87,29034
7.97,6.10,29045
4.93,6.28,29058
4.32,6.75,29069
10.66,6.50,29081
3.14,6.54,29092
5.16,5.94,29105
6.58,5.85,29116
2.00,5.78,29128
5.74,6.18,29139
6.47,6.96,29152
3.95,7.23,29163
7.72,7.63,29174
7.13,7.13,29187
4.46,6.45,29198
7.32,5.82,29210
2.74,5.34,29221
4.84,5.47,29234
7.74,5.73,29245
1.27,6.50,29257
6.26,6.87,29268
9.56,7.24,29281
3.72,7.40,29292
7.17,7.25,29304
8.71,6.40,29316
-1.41,6.00,29328
8.68,5.46,29339
8.22,5.60,29350
-3.86,6.19,29363
12.31,6.59,29374
4.97,7.46,29386
0.62,7.13,29398
2.67,7.19,29410
6.13,6.50,29421
8.76,6.23,29433
0.16,6.24,29445
7.96,6.00,29457
7.26,6.58,29468
4.27,6.57,29480
8.94,7.04,29492
4.59,6.81,29504
4.64,6.58,29515
9.20,5.92,29527
2.46,5.68,29539
4.24,5.99,29550
6.83,6.47,29562
2.83,7.24,29574
8.82,7.45,29586
8.18,7.63,29597
3.23,7.13,29609
8.88,6.69,29621
7.04,5.91,29633
1.77,5.49,29644
7.34,5.46,29657
3.63,5.70,29668
2.26,6.45,29680
12.39,6.84,29691
2.41,7.18,29703
6.12,7.22,29715
11.10,7.04,29726
-0.48,6.58,29739
10.94,6.20,29750
4.78,5.86,29762
-3.49,5.93,29773
14.43,6.06,29786
1.92,6.65,29797
16.01,6.96,29809
-3.61,6.71,29820
6.74,7.10,29833
15.12,6.05,29844
-5.49,6.12,29856
8.86,5.92,29868
9.18,5.99,29879
-2.22,6.90,29891
13.96,6.89,29902
6.95,7.49,29915
-1.35,6.89,29926
11.76,6.14,29938
5.46,5.90,29949
0.55,5.44,29962
8.66,5.65,29973
0.56,6.14,29985
4.94,6.54,29997
12.36,7.29,30009
2.00,7.54,30020
5.21,7.39,30031
8.86,6.61,30044
2.36,5.87,30055
8.07,5.66,30067
4.78,5.49,30078
-1.16,5.64,30091
10.52,5.91,30102
6.89,6.60,30114
2.32,7.07,30126
10.69,7.13,30138
1.92,6.83,30149
7.53,6.31,30161
11.55,6.41,30173
4.00,6.21,30185
7.74,6.25,30196
4.87,6.51,30208
8.93,6.73,30220
5.96,7.14,30231
1.47,6.81,30243
8.72,6.21,30255
7.98,5.65,30267
1.97,5.75,30278
5.46,5.86,30290
3.17,6.51,30302
7.85,7.24,30314
10.66,7.77,30325
4.46,8.09,30338
3.04,7.28,30349
7.88,6.59,30361
7.74,5.75,30372
4.02,5.29,30384
5.16,5.03,30396
-0.10,5.40,30407
5.40,5.97,30419
13.08,6.72,30431
4.21,7.33,30443
4.04,7.26,30454
6.52,6.99,30467
5.96,6.26,30478
8.89,6.31,30490
3.65,5.97,30501
0.66,6.26,30514
6.95,6.38,30525
6.02,6.39,30537
7.09,6.68,30548
8.03,6.24,30560
9.20,6.14,30572
8.53,5.38,30583
-0.60,5.59,30596
7.61,5.94,30607
3.42,6.50,30619
3.45,7.25,30630
15.11,7.27,30643
5.06,7.57,30654
0.05,7.04,30666
11.48,6.43,30678
3.85,5.54,30690
1.93,4.91,30701
10.52,5.10,30713
-3.14,5.71,30725
5.06,6.45,30736
14.07,7.26,30748
1.52,7.60,30759
6.94,7.65,30772
8.57,7.14,30783
1.88,6.26,30795
9.25,5.75,30807
5.03,5.44,30819
-0.17,5.75,30830
8.67,6.03,30842
4.58,6.41,30854
6.18,6.94,30866
8.28,6.93,30877
2.08,6.67,30889
8.39,6.10,30901
6.57,6.15,30912
1.17,6.27,30924
7.12,6.48,30936
5.24,6.80,30948
8.52,6.88,30959
5.69,6.79,30971
5.01,6.24,30983
7.64,5.82,30995
2.77,5.39,31006
5.02,5.28,31019
4.31,5.56,31030
5.13,6.28,31042
9.91,7.11,31053
3.98,7.85,31065
7.26,7.85,31077
8.49,7.46,31088
3.25,6.61,31100
8.64,5.85,31112
4.26,5.53,31124
0.98,5.17,31135
6.66,5.59,31148
4.50,5.79,31159
4.26,6.63,31171
9.13,6.85,31182
4.91,7.05,31195
5.22,6.87,31206
9.01,6.34,31218
4.05,6.62,31229
6.75,6.07,31241
6.29,6.60,31253
3.76,6.60,31264
9.49,6.54,31277
5.48,6.71,31288
2.22,6.16,31300
6.19,6.05,31311
6.92,5.63,31324
2.88,5.72,31335
4.74,6.12,31347
3.50,6.71,31358
9.11,7.54,31371
9.27,7.77,31382
3.36,7.78,31394
5.06,7.17,31406
9.55,6.33,31417
3.30,5.40,31429
4.70,5.05,31440
5.81,5.23,31453
-0.79,5.93,31464
9.70,6.38,31476
8.71,7.26,31488
3.66,7.59,31500
6.83,7.74,31511
7.36,7.37,31523
6.20,6.44,31535
5.17,6.25,31547
6.09,5.87,31558
1.80,6.09,31570
5.79,6.23,31582
9.88,6.28,31593
2.43,6.50,31605
5.91,6.06,31617
8.04,6.16,31629
3.57,6.12,31640
6.84,6.33,31652
5.11,6.78,31664
3.30,7.19,31676
7.85,7.31,31687
6.73,7.64,31699
8.63,7.12,31711
3.52,6.42,31723
8.86,5.71,31734
3.12,4.81,31747
4.19,4.92,31758
5.64,5.40,31769
3.35,6.30,31781
8.39,7.14,31793
8.36,7.90,31805
5.67,8.03,31816
6.15,7.76,31828
7.02,6.69,31840
5.62,6.02,31852
5.71,5.37,31863
2.77,5.06,31876
4.77,5.61,31887
8.12,5.67,31899
2.09,6.80,31910
8.44,6.81,31923
5.72,6.87,31934
5.09,6.91,31945
10.11,6.29,31958
0.89,6.72,31969
5.87,6.23,31981
6.94,6.60,31992
3.29,6.72,32005
10.39,6.86,32016
4.95,6.73,32028
1.43,5.67,32039
9.46,5.45,32052
4.54,5.29,32063
1.95,5.57,32075
7.65,6.25,32087
1.35,7.09,32099
5.23,7.71,32110
3.35,8.17,32121
5.23,7.62,32134
8.48,6.90,32145
4.08,5.75,32157
5.00,4.84,32168
4.31,4.45,32181
1.01,4.57,32192
5.82,5.55,32204
7.52,6.59,32216
5.58,7.53,32228
7.56,7.86,32239
6.51,8.04,32251
8.72,7.43,32263
5.99,6.92,32274
4.01,6.04,32286
3.43,5.75,32297
3.18,5.86,32310
8.94,5.37,32321
6.68,6.07,32333
3.88,5.88,32345
3.88,6.17,32357
5.61,6.18,32368
7.00,6.01,32380
4.98,6.75,32392
5.24,7.16,32404
3.98,7.74,32415
7.33,7.73,32428
10.04,7.46,32439
6.24,7.03,32450
3.19,6.01,32462
6.46,5.00,32474
5.86,4.51,32486
1.13,4.51,32497
1.90,5.22,32509
3.20,6.24,32521
12.88,7.19,32533
5.23,8.32,32544
2.86,8.30,32557
11.20,8.04,32568
5.00,7.04,32580
3.96,6.01,32591
9.12,5.30,32604
-2.12,4.91,32615
3.60,5.22,32626
11.67,5.51,32638
1.05,6.54,32650
6.81,6.92,32662
8.07,7.24,32673
1.00,7.10,32686
9.85,6.80,32697
8.50,6.90,32709
-1.65,6.65,32720
8.71,6.82,32733
9.12,6.45,32744
2.17,6.40,32756
10.40,5.94,32768
1.41,5.49,32780
2.12,5.21,32791
11.83,5.15,32802
0.10,5.89,32815
3.82,6.65,32826
7.52,7.43,32838
2.09,8.10,32849
13.26,8.22,32862
8.39,7.90,32873
0.41,6.89,32885
4.42,5.61,32897
1.69,4.93,32909
9.00,4.26,32920
-1.38,4.70,32932
3.74,5.64,32944
10.87,6.33,32956
3.23,7.69,32967
8.02,7.69,32978
8.04,7.79,32991
2.72,7.25,33002
10.30,6.58,33014
5.00,6.26,33026
0.63,5.96,33038
8.62,6.06,33049
2.97,5.82,33061
6.58,5.83,33073
7.08,5.76,33085
-0.04,5.75,33096
9.58,5.80,33108
4.48,6.18,33120
1.65,6.68,33132
10.82,7.36,33143
2.42,7.84,33155
5.97,7.93,33167
13.36,7.68,33178
1.80,6.72,33190
5.20,5.84,33202
9.83,4.74,33214
-3.75,4.39,33225
7.01,4.49,33238
7.44,5.54,33249
-3.80,6.51,33261
14.38,7.67,33272
1.30,8.49,33285
16.37,8.39,33296
0.13,8.12,33308
6.52,6.95,33319
10.10,6.11,33331
-4.18,5.24,33343
8.89,4.81,33354
6.82,5.00,33367
-2.06,5.43,33378
12.58,6.31,33390
2.57,6.46,33401
1.63,7.05,33414
15.15,6.92,33425
-0.45,7.22,33437
4.71,7.23,33448
12.27,7.19,33461
-1.38,7.31,33472
9.33,6.80,33483
9.18,6.70,33496
-0.70,5.65,33507
10.11,5.10,33519
4.29,4.71,33530
0.63,4.84,33543
10.11,5.50,33554
0.74,6.54,33566
5.98,7.61,33577
13.17,8.48,33590
1.25,8.53,33601
11.18,7.62,33613
10.19,6.85,33625
1.16,5.45,33637
10.38,4.72,33648
2.10,4.25,33659
10.47,4.63,33672
3.36,5.43,33683
4.33,6.28,33695
10.74,7.56,33707
0.53,7.80,33719
9.57,8.05,33730
11.97,7.31,33742
-3.07,7.06,33754
8.42,6.57,33766
7.03,6.04,33777
0.83,6.30,33789
12.12,5.72,33801
1.14,5.82,33813
1.16,5.47,33824
13.38,5.13,33836
1.84,5.60,33848
3.30,5.78,33859
7.20,6.45,33871
-0.30,7.41,33883
11.58,7.61,33895
10.11,8.30,33906
0.36,8.11,33918
8.31,7.17,33930
5.22,5.91,33942
6.37,4.73,33953
7.28,4.53,33966
-2.35,4.24,33977
3.27,5.21,33989
7.05,5.94,34000
4.66,7.30,34012
9.81,8.21,34024
4.15,8.35,34035
3.98,7.96,34048
4.80,7.10,34059
2.95,6.63,34071
6.86,5.77,34082
0.42,5.58,34095
8.20,5.50,34106
9.08,5.77,34118
-2.84,6.13,34129
5.24,6.08,34142
14.38,6.17,34153
-0.87,6.39,34165
6.74,6.92,34177
8.14,7.06,34188
-2.56,7.31,34200
14.59,7.55,34211
8.64,7.40,34224
1.01,7.15,34235
7.53,6.06,34247
4.49,5.16,34258
6.00,4.44,34271
3.93,4.63,34282
1.08,5.22,34294
2.86,6.49,34306
6.59,7.46,34318
9.39,8.33,34329
7.17,8.50,34340
3.97,7.95,34353
5.96,7.04,34364
10.06,5.69,34376
4.03,5.12,34387
3.30,4.71,34400
3.49,5.36,34411
2.24,5.54,34423
10.53,6.33,34435
0.85,6.89,34447
7.34,7.14,34458
7.38,7.38,34470
5.93,6.89,34482
8.26,7.01,34494
2.16,6.88,34505
3.08,6.79,34516
11.03,6.65,34529
6.06,6.39,34540
5.14,6.24,34552
4.30,5.81,34564
3.53,5.30,34576
7.05,5.16,34587
5.56,5.49,34599
2.89,6.34,34611
4.32,7.27,34623
6.36,7.72,34634
8.39,8.29,34647
8.70,7.97,34658
2.12,7.31,34670
7.03,6.37,34681
9.16,5.21,34693
1.77,4.89,34705
6.81,4.50,34716
1.24,5.32,34728
0.81,6.03,34740
13.50,7.19,34752
4.71,8.06,34763
3.66,8.04,34776
9.82,7.92,34787
3.75,6.98,34799
7.90,6.41,34810
7.67,5.88,34823
6.72,5.82,34834
8.26,5.64,34846
5.07,5.62,34857
7.87,5.83,34869
3.43,6.11,34881
4.41,6.28,34892
8.33,6.48,34905
3.94,6.62,34916
5.66,6.93,34928
7.28,7.54,34939
4.86,7.80,34952
9.33,7.55,34963
7.28,7.00,34975
2.03,6.06,34987
9.26,5.19,34999
1.87,4.65,35010
2.75,4.50,35022
7.82,5.19,35034
-0.11,6.39,35045
8.22,7.33,35057
9.47,8.19,35068
2.38,8.15,35081
8.99,7.91,35092
8.57,6.94,35104
1.60,5.72,35116
7.61,5.05,35128
4.87,4.73,35139
-1.31,5.24,35151
8.71,5.66,35163
5.14,6.50,35175
3.96,6.96,35186
10.75,7.02,35198
3.96,7.16,35210
8.59,6.67,35221
3.02,6.65,35233
5.16,6.67,35245
6.93,6.49,35257
4.38,6.69,35268
7.96,6.36,35280
4.26,5.98,35292
4.75,5.64,35304
6.75,5.27,35315
2.04,5.32,35328
5.50,5.30,35339
3.90,6.09,35351
4.16,7.00,35362
7.32,7.48,35374
5.48,8.23,35386
7.67,7.47,35397
6.13,6.92,35409
6.92,6.08,35421
4.42,5.15,35433
1.60,4.87,35444
6.21,4.82,35457
3.93,5.74,35468
5.67,6.35,35480
7.17,7.08,35491
4.99,7.57,35504
8.81,7.48,35515
8.92,7.27,35527
3.61,6.69,35538
5.58,6.23,35550
5.47,5.85,35562
2.10,5.94,35573
6.91,5.97,35586
6.07,6.32,35597
6.81,6.23,35609
6.63,6.21,35620
5.08,6.19,35633
2.64,6.10,35644
5.23,6.43,35656
6.62,7.07,35667
4.63,7.43,35680
7.97,7.61,35691
6.46,7.38,35703
2.80,6.87,35715
8.35,6.14,35726
6.89,5.21,35738
-0.30,4.98,35749
6.03,4.89,35762
3.24,5.60,35773
3.76,6.59,35785
11.09,7.48,35796
3.08,8.40,35809
5.49,8.13,35820
11.62,7.83,35832
4.94,6.86,35844
5.27,5.95,35856
4.72,5.51,35867
0.61,5.18,35879
6.58,5.59,35891
7.36,5.94,35902
2.73,6.52,35914
6.42,6.71,35926
5.51,6.81,35938
7.76,6.84,35949
7.80,6.88,35961
1.18,6.85,35973
3.68,6.76,35985
7.91,6.88,35996
5.08,7.11,36008
6.57,6.95,36020
3.81,6.31,36032
5.27,5.72,36043
10.38,5.09,36056
0.23,5.38,36067
2.04,5.42,36078
7.42,6.33,36090
7.32,7.29,36102
7.61,7.88,36114
5.48,8.48,36125
5.07,7.74,36137
7.72,7.27,36149
8.81,6.00,36161
3.43,5.53,36172
-0.01,4.95,36185
3.52,5.00,36196
6.17,5.82,36208
6.67,6.57,36219
5.45,7.45,36232
3.02,7.39,36243
6.15,7.36,36254
12.83,6.97,36267
5.05,6.74,36278
2.64,6.36,36290
3.74,6.32,36301
4.86,6.38,36314
11.23,6.42,36325
5.28,6.47,36337
2.77,6.01,36348
4.66,5.67,36361
6.26,5.38,36372
4.02,5.79,36384
0.26,6.03,36396
4.50,6.78,36407
11.07,7.22,36419
8.81,7.74,36430
4.87,7.81,36443
4.42,7.20,36454
6.34,6.60,36466
7.44,5.11,36477
3.68,4.82,36490
1.88,4.65,36501
2.73,5.14,36513
6.84,5.78,36525
8.65,6.33,36537
5.75,7.52,36548
3.89,7.77,36560
6.58,7.82,36572
10.46,7.04,36583
5.83,6.58,36595
3.29,6.26,36606
2.75,5.82,36619
2.82,5.79,36630
8.66,5.65,36642
9.95,6.12,36654
-0.38,6.32,36666
3.14,6.09,36677
10.62,6.08,36689
4.00,6.53,36701
6.81,6.82,36713
4.81,7.46,36724
-0.11,7.45,36737
12.82,7.45,36748
7.65,7.36,36759
5.99,6.40,36771
2.64,5.78,36783
6.49,4.82,36795
5.62,4.80,36806
0.71,5.12,36818
2.47,5.88,36830
5.58,6.79,36842
10.01,7.74,36853
7.62,8.31,36866
3.42,8.10,36877
6.62,7.64,36889
5.97,6.34,36900
6.72,5.77,36913
5.30,5.08,36924
-2.02,5.27,36935
6.28,5.53,36947
9.01,5.88,36959
3.14,6.61,36971
6.47,6.95,36982
5.41,7.32,36995
4.48,7.11,37006
9.68,6.84,37018
6.12,6.85,37029
-0.33,6.86,37042
8.31,6.76,37053
5.99,6.92,37065
4.39,6.43,37076
10.43,6.17,37089
-0.47,5.65,37100
4.51,5.06,37111
8.46,5.49,37124
1.19,5.80,37135
7.51,7.27,37147
2.36,7.94,37158
13.94,8.05,37171
5.68,7.93,37182
0.26,7.00,37194
12.83,6.44,37206
1.07,5.32,37218
1.86,4.97,37229
11.68,4.80,37241
-3.64,5.48,37253
6.32,6.16,37265
13.44,6.93,37276
0.25,7.59,37287
7.32,7.72,37300
10.18,7.44,37311
-0.70,6.62,37323
9.21,6.17,37335
8.03,5.84,37347
-4.13,6.22,37358
12.05,6.12,37370
5.45,6.38,37382
1.87,6.21,37394
12.62,6.18,37405
-0.55,5.91,37417
5.91,5.85,37429
9.98,6.30,37441
0.02,6.55,37452
7.18,7.17,37464
7.91,7.27,37476
2.20,7.74,37487
9.89,7.22,37499
7.74,6.56,37511
1.99,5.95,37523
7.21,5.05,37534
2.88,5.30,37547
5.16,5.27,37558
5.32,6.19,37570
7.56,6.88,37581
5.64,7.62,37594
8.24,7.86,37605
6.74,7.23,37617
4.42,6.83,37628
7.27,5.80,37640
4.68,5.49,37652
1.99,4.98,37663
6.57,5.57,37676
4.87,6.09,37687
5.14,6.37,37699
8.75,6.84,37710
3.67,6.87,37723
5.87,6.85,37734
8.80,6.45,37746
-0.96,6.14,37757
7.31,6.30,37770
8.77,6.72,37781
0.76,6.80,37792
9.83,6.83,37805
6.89,6.38,37816
0.79,5.99,37828
13.08,5.52,37839
4.32,5.29,37852
-0.87,5.41,37863
11.64,5.74,37875
-0.07,6.82,37886
6.69,7.25,37899
13.71,8.03,37910
-2.99,7.89,37922
9.25,7.05,37934
-0.61,6.34,37946
10.66,5.16,37957
-0.03,5.13,37968
0.14,5.09,37981
12.72,5.57,37992
1.33,6.39,38004
5.41,7.11,38016
10.45,7.43,38028
0.72,7.40,38039
10.78,6.91,38051
9.65,6.53,38063
-2.76,6.44,38075
8.27,6.00,38086
6.28,6.18,38098
1.84,6.17,38110
11.20,6.44,38122
1.70,6.39,38133
2.79,6.10,38145
13.07,5.93,38157
0.65,6.00,38168
5.69,6.29,38180
7.58,6.74,38192
-1.57,7.32,38204
13.14,7.52,38215
6.03,7.91,38227
1.26,7.21,38239
11.53,6.47,38251
2.76,5.81,38262
5.32,4.92,38275
9.00,5.08,38286
-3.08,5.08,38298
5.26,6.16,38309
1.11,7.13,38321
9.25,7.96,38333
9.66,8.13,38344
1.87,7.51,38356
10.47,6.99,38368
5.79,6.14,38380
-0.03,5.62,38391
6.36,5.53,38404
5.52,5.82,38415
4.44,6.19,38427
8.22,6.55,38438
3.07,6.80,38451
6.12,6.90,38462
10.37,6.60,38474
2.47,6.53,38486
5.85,6.37,38497
5.74,6.61,38509
2.58,6.82,38520
9.95,6.79,38533
5.95,6.78,38544
3.64,6.29,38556
7.58,5.95,38567
6.58,5.34,38580
2.28,5.25,38591
5.58,5.55,38603
3.22,6.17,38615
3.00,7.11,38627
10.90,7.70,38638
6.05,8.11,38650
5.95,7.81,38662
7.43,7.34,38673
5.14,6.54,38685
6.57,5.49,38696
2.83,5.28,38709
3.84,5.19,38720
5.95,5.82,38732
7.29,6.42,38744
4.98,7.09,38756
4.65,7.57,38767
8.81,7.37,38779
6.19,6.94,38791
5.82,6.56,38803
6.47,6.32,38814
1.89,6.36,38827
8.02,6.49,38838
8.61,6.68,38849
2.62,6.56,38861
6.07,6.36,38873
5.75,6.13,38885
4.67,5.62,38896
8.20,5.83,38908
3.00,6.18,38920
1.69,6.71,38932
9.80,7.32,38943
5.69,7.48,38956
6.50,7.74,38967
9.64,7.06,38979
0.28,6.30,38990
8.72,5.49,39002
9.58,5.06,39014
-1.29,5.28,39025
6.29,5.53,39037
6.72,6.26,39049
3.93,7.24,39061
11.95,7.86,39072
5.53,7.64,39085
12.37,6.91,39096
3.95,6.22,39108
3.05,5.82,39119
7.63,5.35,39132
-1.75,5.49,39143
7.80,5.60,39155
9.92,6.24,39166
-0.60,6.61,39178
8.52,6.69,39190
7.35,6.73,39201
0.91,6.35,39214
10.38,6.64,39225
5.06,6.32,39237
-1.41,6.68,39248
13.65,6.71,39261
5.63,7.07,39272
1.90,6.96,39284
10.29,6.32,39296
4.10,5.90,39308
5.44,5.29,39319
5.85,5.42,39331
1.91,5.47,39343
1.84,6.24,39354
6.46,7.21,39366
8.61,7.78,39377
5.46,7.99,39390
7.02,7.33,39401
6.42,6.89,39413
8.16,5.73,39425
2.96,5.42,39437
3.35,5.08,39448
4.83,5.37,39460
1.78,5.72,39472
6.58,6.68,39484
2.85,6.96,39495
9.02,7.44,39507
5.84,7.29,39519
6.15,6.60,39530
8.00,6.42,39542
0.83,6.02,39554
6.21,6.27,39566
10.01,6.46,39577
1.61,6.73,39589
9.47,6.42,39601
5.17,6.13,39613
3.31,5.81,39624
11.20,5.23,39636
-0.72,6.03,39648
3.07,5.81,39660
6.70,6.65,39671
2.86,7.18,39684
10.39,7.42,39695
6.79,7.83,39706
0.87,6.90,39718
9.09,6.53,39730
6.55,5.38,39742
2.42,5.25,39753
6.87,5.02,39766
-0.20,5.65,39777
4.95,6.35,39789
11.95,6.96,39800
1.07,7.20,39813
6.42,6.83,39824
6.62,6.82,39836
5.31,6.30,39847
8.73,6.32,39860
2.54,6.20,39871
6.15,6.30,39882
8.17,6.38,39895
6.27,6.77,39906
5.35,6.73,39918
4.01,6.66,39929
4.85,6.29,39942
9.41,5.71,39953
4.59,5.91,39965
0.87,5.85,39976
7.98,6.70,39989
6.16,7.17,40000
4.72,7.44,40012
12.20,7.60,40024
1.54,6.94,40036
2.39,6.35,40047
14.90,5.42,40058
-0.33,5.37,40071
1.83,5.30,40082
8.79,6.09,40094
1.53,6.68,40105
9.83,7.41,40118
9.33,7.47,40129
-0.32,7.11,40141
9.16,6.70,40153
9.44,6.08,40165
1.81,5.87,40176
6.61,5.83,40188
2.40,6.29,40200
2.26,6.72,40212
12.57,7.04,40223
4.88,7.12,40235
3.39,6.87,40247
3.23,6.32,40258
7.17,5.96,40270
6.46,5.94,40282
-0.30,6.20,40294
7.05,6.85,40305
8.07,6.95,40317
5.90,7.44,40329
8.43,7.24,40341
3.18,6.75,40352
6.51,6.19,40365
6.97,5.39,40376
3.96,5.63,40388
4.97,5.60,40399
1.21,6.29,40411
7.81,7.01,40423
9.67,7.31,40434
2.38,7.65,40446
7.78,7.06,40458
6.62,6.55,40470
2.50,5.80,40481
9.75,5.41,40494
2.09,5.62,40505
0.48,5.92,40517
9.11,6.54,40528
1.87,6.96,40541
7.43,6.99,40552
8.36,7.02,40564
0.73,6.33,40576
10.40,6.15,40587
6.06,6.08,40599
-0.72,6.18,40610
7.93,6.67,40623
6.23,6.75,40634
12.96,7.18,40646
3.83,6.72,40657
0.96,6.37,40670
12.03,5.66,40681
1.62,5.35,40693
4.12,5.48,40705
6.86,5.79,40717
1.15,6.55,40728
8.92,7.01,40739
9.36,7.45,40752
3.07,7.19,40763
6.30,7.01,40775
9.38,6.18,40786
2.78,5.64,40799
6.59,5.45,40810
3.75,5.55,40822
0.81,6.20,40834
9.74,6.32,40846
5.18,6.91,40857
6.88,7.05,40869
6.64,7.11,40881
3.44,6.46,40893
5.83,6.18,40904
6.42,5.70,40915
5.32,6.32,40928
2.05,6.41,40939
8.60,6.61,40951
4.65,7.23,40963
7.09,6.40,40975
7.90,7.05,40986
0.84,6.00,40998
9.15,5.55,41010
2.93,6.25,41022
8.97,5.63,41033
1.53,7.05,41046
9.00,6.85,41057
9.38,7.26,41069
2.21,7.47,41080
8.24,6.75,41092
6.71,6.39,41104
3.31,5.81,41115
7.18,5.68,41127
1.42,6.04,41139
6.60,6.53,41151
7.85,6.76,41162
2.68,7.32,41175
12.03,7.04,41186
4.72,6.80,41198
2.35,6.71,41209
10.49,5.86,41222
0.17,5.77,41233
5.52,5.66,41245
9.73,5.87,41256
0.19,6.82,41268
7.58,6.79,41280
9.25,7.19,41291
2.61,7.13,41304
8.57,5.99,41315
4.58,6.58,41327
3.20,5.40,41338
10.27,5.86,41351
1.34,6.69,41362
6.10,6.43,41374
9.92,7.47,41385
0.16,6.59,41398
10.09,6.32,41409
0.82,6.14,41421
8.97,5.45,41433
1.10,5.71,41444
4.14,5.84,41456
12.06,6.59,41467
-0.74,7.23,41480
9.09,7.54,41491
9.32,6.75,41503
1.32,6.65,41515
12.34,5.64,41527
0.98,5.54,41538
-0.91,5.60,41550
11.75,5.33,41562
2.97,6.48,41574
5.39,6.79,41585
10.08,7.13,41597
-0.01,7.12,41609
8.32,6.49,41620
11.30,6.23,41632
-3.06,6.03,41644
7.74,5.66,41656
5.53,6.43,41667
0.50,6.27,41679
15.72,7.15,41691
1.99,7.08,41703
2.66,6.76,41714
12.12,6.45,41726
0.92,5.57,41738
8.08,5.61,41750
5.83,5.90,41761
-2.25,6.06,41774
11.83,7.08,41785
6.09,7.40,41796
12.22,7.76,41808
-0.40,7.27,41820
8.26,6.77,41832
12.31,5.68,41843
-3.89,5.56,41856
7.35,5.09,41867
5.45,5.44,41879
-0.49,6.28,41890
13.91,6.69,41903
3.63,7.63,41914
1.37,7.42,41926
13.18,7.05,41937
4.24,6.39,41950
4.49,6.08,41961
6.31,5.83,41972
-2.20,5.91,41985
9.30,5.93,41996
9.46,6.33,42008
2.54,6.69,42019
8.14,6.64,42032
4.10,6.71,42043
7.42,6.15,42055
8.69,6.52,42066
-0.40,6.31,42079
4.91,6.48,42090
9.47,6.77,42102
4.39,6.83,42114
9.45,7.27,42125
5.92,6.99,42137
0.09,6.56,42148
11.78,5.83,42161
6.38,5.78,42172
-392.20,5.87,42184
-2931.92,6.25,42195
6.92,6.85,42208
9.24,7.46,42219
2.46,8.02,42231
5.42,7.58,42243
8.43,6.74,42255
6.54,5.83,42266
5.45,5.53,42278
2.08,5.28,42290
1.59,5.91,42301
8.46,6.02,42313
7.17,6.82,42324
4.81,7.24,42337
6.04,6.99,42348
5.94,6.99,42360
7.19,6.50,42372
6.20,6.50,42384
2.39,6.31,42395
2.75,6.53,42407
8.16,6.68,42419
7.68,6.92,42431
7.10,6.96,42442
5.30,6.70,42455
2.91,6.15,42466
11.89,5.82,42477
4.66,5.90,42489
1.31,5.92,42501
7.53,6.85,42513
2.21,7.15,42524
9.52,7.61,42536
10.39,7.81,42548
0.84,6.97,42560
-392.18,6.43,42571
8.33,5.44,42584
2.05,4.91,42606
1.28,5.36,42617
11.99,5.76,42629
6.05,6.61,42640
6.02,7.43,42652
7.49,7.69,42663
3.57,8.01,42675
7.74,7.41,42686
6.03,6.60,42697
3.80,6.24,42708
3.92,5.63,42720
5.82,6.37,42731
7.26,6.03,42743
7.81,6.61,42755
5.26,7.02,42766
4.71,6.81,42777
8.65,6.99,42788
3.37,6.28,42800
5.04,6.53,42811
5.01,6.66,42822
5.07,6.95,42834
8.96,7.14,42846
4.72,7.26,42857
5.43,7.19,42868
7.90,6.72,42880
4.23,6.19,42891
6.17,5.50,42902
5.99,5.57,42913
1.27,5.77,42926
8.26,6.62,42937
7.88,7.25,42948
5.04,7.80,42959
10.38,7.81,42971
3.11,7.22,42983
6.70,6.55,42994
8.10,5.77,43005
-0.58,5.37,43018
3.77,5.61,43029
5.67,5.88,43041
4.91,6.43,43053
9.41,7.33,43065
5.65,7.58,43076
4.04,7.53,43088
10.39,7.04,43100
4.37,6.59,43112
3.94,6.55,43123
6.36,6.09,43136
0.10,6.50,43147
9.59,6.42,43158
7.98,6.97,43170
2.31,6.96,43182
7.83,6.54,43194
5.05,6.24,43205
5.00,5.84,43217
7.52,6.18,43229
2.32,6.36,43241
3.16,6.99,43252
8.85,7.40,43265
5.84,7.66,43276
7.17,7.43,43288
5.80,7.07,43299
2.41,6.31,43312
10.50,5.82,43323
4.63,5.70,43335
7.62,5.55,43346
1.73,6.10,43358
8.10,6.58,43370
9.86,7.38,43381
0.90,7.70,43394
7.51,7.32,43405
8.72,6.61,43417
3.58,6.12,43428
7.25,5.99,43441
0.71,5.70,43452
3.26,6.25,43464
10.17,6.15,43475
3.52,6.94,43488
8.14,6.85,43499
6.88,6.68,43511
4.58,6.53,43523
10.06,6.30,43535
3.14,6.60,43546
1.44,6.33,43557
8.03,6.79,43570
7.06,6.71,43581
5.20,6.93,43593
8.78,6.78,43604
2.81,6.26,43617
4.48,5.90,43628
11.75,5.62,43640
1.22,5.79,43652
2.31,6.09,43664
8.15,6.66,43675
2.08,7.43,43687
9.64,7.68,43699
10.35,7.71,43711
-0.48,7.29,43722
9.66,6.26,43735
0.55,5.99,43746
6.81,5.46,43757
2.07,5.42,43769
2.73,6.01,43781
12.09,6.31,43793
5.37,7.40,43804
2.75,7.19,43816
8.35,7.40,43828
5.68,6.68,43840
4.54,6.29,43851
