9⸮0976.00
-253446.00
3.59,12.57,1134
8.86,12.07,1136
18.84,10.65,1137
11.07,10.53,1148
2.23,11.70,1161
6.45,11.41,1172
11.69,13.11,1183
8.21,12.78,1196
6.63,13.05,1207
9.47,11.11,1219
10.46,10.58,1230
10.95,10.64,1243
6.88,11.17,1254
6.92,11.98,1266
7.15,12.98,1277
2.79,12.88,1290
14.01,11.59,1301
18.21,10.93,1313
7.46,10.91,1325
3.04,11.99,1337
9.73,11.58,1348
12.71,12.98,1359
7.75,12.94,1372
4.54,11.80,1383
8.52,10.70,1395
16.03,9.99,1406
11.39,11.44,1419
5.29,11.60,1430
6.13,12.77,1442
10.11,13.26,1454
6.98,12.71,1466
13.56,11.17,1477
14.32,10.88,1489
7.79,10.99,1501
13.39,11.03,1513
11.63,12.07,1524
3.49,12.53,1537
1.21,12.67,1548
15.74,10.67,1559
16.93,10.08,1571
8.99,10.73,1583
3.01,11.70,1595
5.82,12.12,1606
13.07,13.15,1618
9.75,12.85,1630
8.33,12.05,1642
9.62,10.92,1653
11.45,10.47,1666
8.84,11.54,1677
9.63,11.28,1689
7.54,13.31,1700
3.89,12.86,1713
6.10,12.21,1724
17.83,10.77,1736
14.51,10.27,1747
5.42,11.05,1759
2.56,11.05,1771
12.25,12.45,1782
12.36,13.30,1795
4.11,13.05,1806
6.84,11.50,1818
15.09,10.93,1829
12.33,10.83,1842
8.88,11.49,1853
5.90,11.94,1865
7.00,13.10,1876
5.29,12.93,1889
14.82,11.45,1900
10.97,11.00,1912
6.04,11.10,1924
6.64,11.81,1936
12.14,11.91,1947
10.82,13.01,1958
3.32,13.05,1971
7.91,12.18,1982
13.74,10.58,1994
15.39,10.34,2006
6.67,11.09,2018
5.56,11.20,2029
7.98,13.14,2041
10.06,13.00,2053
6.79,13.13,2065
13.60,11.44,2076
12.52,10.95,2088
6.89,11.29,2100
7.66,11.08,2112
11.51,12.20,2123
7.58,13.07,2136
3.07,12.54,2147
10.87,10.91,2158
15.51,10.68,2170
9.38,10.86,2182
3.49,12.00,2194
5.98,11.81,2205
12.52,13.24,2217
12.31,13.26,2229
3.85,12.07,2241
9.82,10.93,2252
15.16,10.52,2265
-392.22,11.74,2276
6.98,11.30,2288
7.33,12.75,2311
11.82,12.89,2322
16.06,12.71,2333
7.96,11.07,2344
4.78,11.15,2356
8.29,11.35,2368
12.90,11.22,2379
8.86,12.12,2391
3.56,12.77,2402
11.45,12.95,2413
15.23,10.98,2424
10.30,10.60,2436
5.06,10.61,2448
6.91,11.50,2459
9.07,11.75,2470
7.85,13.15,2482
9.03,13.15,2493
12.41,11.81,2504
12.57,10.93,2515
4.67,10.76,2527
7.80,11.66,2539
11.71,11.36,2550
6.41,13.20,2562
4.85,13.05,2573
13.79,12.15,2584
14.60,10.52,2595
10.20,10.04,2607
4.37,11.01,2618
6.60,11.15,2630
10.45,12.27,2641
5.85,12.74,2653
5.69,12.51,2664
15.10,10.58,2675
11.91,10.49,2688
6.77,10.63,2699
8.39,11.80,2711
9.09,12.28,2722
5.83,13.26,2734
6.48,13.06,2746
13.46,11.29,2757
15.08,10.86,2769
9.93,10.71,2781
3.54,11.89,2793
9.26,11.65,2804
9.42,13.02,2817
5.08,12.67,2828
10.18,11.60,2840
11.85,10.58,2851
12.55,10.16,2864
7.22,11.21,2875
5.64,11.17,2887
9.40,12.85,2898
11.56,12.89,2911
3.29,12.77,2922
10.55,10.93,2933
16.86,10.91,2946
7.79,11.03,2957
4.46,11.28,2969
9.91,11.97,2980
8.15,12.53,2993
5.74,12.54,3004
9.50,11.07,3016
13.74,10.68,3027
8.80,10.88,3040
7.13,11.55,3051
11.24,12.06,3063
8.93,13.18,3075
4.32,13.28,3087
10.42,11.82,3098
15.33,10.72,3110
11.12,10.42,3122
3.24,11.42,3133
5.73,11.33,3145
10.64,12.66,3156
6.64,12.87,3169
7.02,12.17,3180
13.29,10.86,3192
11.12,10.64,3204
7.70,11.58,3216
5.98,11.69,3227
12.03,12.75,3239
8.71,13.04,3251
2.43,12.68,3263
12.58,10.57,3274
15.14,10.32,3287
9.06,10.14,3298
5.03,11.07,3310
7.19,11.69,3321
8.99,12.74,3333
10.95,12.95,3345
6.12,11.68,3356
11.73,11.18,3368
13.86,10.90,3380
6.29,11.59,3392
7.92,11.67,3403
10.72,13.02,3416
3.24,12.78,3427
13.68,11.86,3439
14.37,10.46,3450
8.83,10.08,3463
5.22,11.04,3474
6.92,11.41,3486
10.29,12.60,3497
8.01,13.56,3510
4.00,13.02,3521
13.41,11.51,3532
14.60,10.90,3545
8.98,11.15,3556
5.23,11.60,3568
9.29,11.98,3579
8.01,12.51,3592
5.80,12.33,3603
11.92,10.44,3615
12.96,10.38,3627
8.18,10.36,3639
5.25,11.42,3650
8.64,11.86,3662
12.17,13.28,3674
6.41,13.45,3686
6.46,12.32,3697
14.06,11.13,3708
13.82,10.71,3721
7.45,11.08,3732
5.40,10.62,3744
5.62,11.86,3756
10.27,11.97,3768
6.28,11.97,3779
8.12,10.64,3791
12.84,10.70,3803
5.14,11.27,3815
9.97,11.91,3826
11.47,12.88,3838
4.29,13.69,3850
6.71,13.15,3862
17.06,11.21,3873
11.58,10.17,3886
6.21,10.01,3897
5.97,10.54,3908
9.16,11.06,3920
10.74,12.68,3932
4.38,12.95,3944
6.70,11.66,3955
14.16,10.85,3968
12.64,10.85,3979
7.52,12.02,3991
8.32,12.02,4002
8.32,13.28,4015
6.44,13.11,4026
6.93,11.73,4038
15.14,10.22,4049
11.21,9.85,4062
7.05,10.65,4073
4.63,11.06,4085
11.07,12.61,4097
11.25,13.37,4108
3.38,13.45,4120
9.54,11.82,4131
15.77,11.56,4144
13.67,11.46,4155
8.13,11.80,4167
4.70,11.79,4178
8.38,12.57,4191
6.67,12.26,4202
12.92,10.68,4214
12.43,10.26,4226
5.82,10.26,4238
8.40,11.55,4249
13.46,12.06,4261
8.26,13.69,4273
3.32,14.34,4285
9.97,12.91,4296
18.50,11.16,4307
12.89,10.64,4320
3.71,11.16,4331
5.89,11.30,4343
9.81,12.09,4355
12.26,12.60,4367
6.70,12.27,4378
9.72,11.02,4390
12.38,10.84,4402
10.47,11.68,4414
8.52,12.10,4425
9.63,13.31,4438
8.48,13.76,4449
3.15,13.39,4461
13.08,11.01,4472
16.59,10.58,4484
10.52,10.12,4496
4.30,10.62,4507
6.63,10.94,4519
11.46,12.32,4531
9.17,12.68,4543
2.49,11.71,4554
12.99,11.40,4567
10.38,11.01,4578
5.98,12.35,4590
8.75,12.03,4601
8.09,13.09,4614
6.20,12.93,4625
10.47,11.45,4637
12.55,9.71,4648
9.73,9.43,4660
4.31,10.02,4672
6.35,10.69,4683
11.76,12.13,4696
8.56,13.39,4707
3.02,13.53,4719
13.84,11.91,4730
18.27,11.68,4743
8.66,11.31,4754
5.74,12.00,4766
5.40,11.97,4777
9.44,12.20,4790
6.81,11.84,4801
8.62,9.92,4813
11.17,9.78,4825
9.94,9.87,4836
6.31,11.32,4848
9.22,11.90,4859
10.27,13.80,4872
5.64,14.14,4883
5.19,12.76,4895
15.55,11.57,4907
16.14,10.62,4919
8.20,10.86,4930
2.94,10.50,4942
6.72,11.56,4954
5.13,11.94,4966
8.00,11.64,4977
9.79,10.31,4989
12.00,10.11,5001
9.55,10.91,5012
7.26,11.78,5024
9.04,12.94,5036
6.98,13.95,5048
2.20,13.48,5059
16.73,11.34,5071
15.48,10.30,5083
5.02,9.86,5095
2.71,10.77,5106
8.43,10.80,5118
11.91,11.97,5130
7.88,12.59,5142
3.77,11.74,5153
13.31,10.94,5166
13.75,10.77,5177
7.57,12.03,5188
7.92,12.10,5200
7.68,13.29,5212
7.35,13.14,5224
9.09,12.36,5235
13.17,10.65,5248
10.39,10.16,5259
9.65,10.09,5271
2.44,10.55,5282
10.64,11.65,5295
11.58,12.98,5306
1.17,13.20,5318
6.49,11.64,5329
16.86,11.05,5342
9.67,11.25,5353
2.71,11.95,5364
8.38,11.98,5377
10.20,12.52,5388
6.06,12.16,5400
9.74,10.66,5411
14.65,9.93,5424
3.88,9.69,5435
7.81,11.15,5447
10.77,11.44,5458
8.40,13.56,5471
4.14,13.76,5482
9.30,12.80,5494
14.02,11.70,5506
15.58,10.58,5518
2.97,11.08,5529
5.87,10.41,5540
10.20,11.47,5553
9.25,12.03,5564
3.85,11.99,5576
9.01,10.43,5587
13.28,10.76,5600
9.58,11.10,5611
6.81,12.08,5623
8.83,12.58,5635
10.42,13.85,5647
4.65,13.55,5658
7.69,11.02,5670
15.35,10.62,5682
10.01,9.69,5694
5.57,11.20,5705
7.13,10.83,5716
8.70,12.76,5729
4.71,12.96,5740
10.80,11.86,5752
13.68,11.00,5764
10.27,10.85,5776
3.38,12.12,5787
9.87,12.07,5799
11.19,12.82,5811
8.24,13.38,5823
4.62,12.36,5834
12.12,10.63,5847
13.99,10.09,5858
8.76,10.51,5870
5.84,11.35,5881
8.29,12.11,5893
9.79,13.29,5905
3.41,13.39,5916
15.79,11.52,5928
14.23,11.32,5940
7.95,10.86,5952
6.37,11.75,5963
10.40,11.52,5976
7.74,12.66,5987
8.43,12.63,5999
3.96,11.17,6010
14.45,10.88,6023
13.64,10.68,6034
6.25,12.15,6046
3.27,12.10,6057
13.96,13.35,6069
9.59,13.35,6081
6.70,12.39,6092
8.71,10.81,6105
15.12,10.32,6116
6.47,10.81,6128
5.41,10.84,6139
10.09,12.04,6152
5.11,12.40,6163
9.68,12.20,6175
14.02,11.02,6187
11.30,10.85,6199
5.30,11.40,6210
8.08,11.75,6221
11.61,12.32,6234
10.38,13.33,6245
1.20,12.94,6257
11.21,11.07,6268
17.01,10.32,6281
9.95,9.85,6292
3.24,10.96,6304
7.33,11.07,6316
11.25,12.47,6328
9.42,13.14,6339
4.89,11.85,6351
13.40,11.21,6363
13.29,10.63,6375
6.30,11.79,6386
8.62,11.95,6397
9.33,12.55,6410
8.14,13.07,6421
3.98,12.05,6433
12.21,10.19,6445
12.50,10.06,6457
12.04,10.44,6468
3.56,11.56,6480
7.87,12.13,6492
-392.18,13.48,6504
14.69,13.26,6515
13.81,11.81,6538
10.79,11.05,6550
3.33,10.80,6561
9.25,11.71,6573
9.54,11.74,6584
5.19,12.78,6595
7.30,12.65,6606
15.72,11.23,6618
10.36,10.70,6630
5.16,10.04,6641
8.26,11.35,6652
7.48,11.52,6664
6.26,13.37,6675
11.12,13.61,6686
14.42,12.59,6697
10.59,11.33,6709
7.63,10.71,6721
5.88,11.15,6732
11.61,11.34,6744
11.19,11.70,6755
1.03,12.76,6766
7.63,12.45,6777
18.34,10.86,6789
12.03,10.91,6800
4.61,10.70,6812
5.46,12.32,6823
10.42,12.25,6835
9.05,13.29,6846
9.44,13.13,6857
13.14,11.21,6868
11.45,10.54,6880
7.28,9.93,6891
8.72,11.28,6903
8.97,11.07,6915
6.05,12.77,6926
5.43,12.83,6938
11.25,12.08,6949
14.51,11.03,6962
13.98,10.84,6973
3.67,12.02,6985
7.34,11.62,6996
12.39,13.05,7009
8.55,13.04,7020
4.24,12.55,7032
13.24,10.74,7044
12.85,10.20,7056
6.96,10.64,7067
8.26,11.37,7079
8.43,12.21,7091
9.39,13.47,7102
5.10,13.37,7114
10.58,11.63,7126
16.15,11.17,7138
11.00,10.56,7149
4.81,11.71,7161
7.61,11.61,7173
10.96,13.00,7185
6.70,13.08,7196
5.25,11.62,7208
12.50,11.14,7220
15.36,10.44,7232
8.42,11.81,7243
5.81,11.92,7256
9.24,13.03,7267
5.45,13.30,7278
11.95,12.36,7290
13.40,11.12,7302
9.14,10.47,7314
6.91,10.83,7325
7.26,11.18,7337
9.49,12.00,7349
9.08,12.81,7361
3.42,12.86,7372
11.58,11.49,7385
16.22,11.19,7396
9.30,11.24,7408
2.61,12.17,7419
10.47,12.19,7432
9.52,13.59,7443
4.26,13.17,7454
11.07,11.69,7467
14.89,10.97,7478
10.59,10.35,7490
5.35,11.62,7501
8.99,11.08,7514
7.88,12.92,7525
9.29,13.10,7537
4.99,12.28,7548
12.54,11.42,7561
12.07,10.99,7572
10.03,12.12,7584
5.42,12.01,7596
10.28,12.51,7608
8.23,13.17,7619
4.17,12.16,7630
7.84,10.52,7643
16.40,10.30,7654
3.54,10.76,7666
5.35,12.02,7677
12.98,12.38,7690
6.48,13.76,7701
7.28,13.59,7713
11.35,12.07,7725
15.50,11.25,7737
8.82,10.70,7748
5.34,11.44,7760
5.63,11.25,7772
11.95,12.36,7784
4.59,12.49,7795
9.00,11.47,7806
14.78,10.83,7819
7.43,10.51,7830
6.93,11.97,7842
10.69,11.76,7854
9.57,13.32,7866
8.98,13.82,7877
3.25,13.08,7889
11.75,10.98,7901
16.97,10.26,7913
12.22,10.52,7924
-1.30,11.38,7937
7.87,11.68,7948
9.76,12.63,7960
7.38,12.34,7971
7.24,11.28,7983
14.37,10.77,7995
10.34,10.91,8006
6.04,12.02,8018
11.35,12.08,8030
8.05,13.44,8042
5.34,12.86,8053
14.28,11.20,8066
13.88,10.18,8077
7.41,9.78,8089
4.77,10.98,8100
6.25,11.12,8113
14.06,12.47,8124
7.01,13.21,8136
5.71,12.47,8147
12.55,11.46,8159
16.27,10.56,8171
8.03,11.26,8182
6.12,11.13,8195
8.10,11.93,8206
6.77,12.64,8218
5.40,12.09,8229
13.55,10.42,8242
12.56,9.91,8253
6.13,10.17,8265
5.57,11.32,8276
12.80,11.74,8289
9.50,13.59,8300
4.37,13.23,8312
6.84,11.77,8324
17.15,10.70,8335
12.28,9.88,8347
7.54,11.37,8358
4.51,10.75,8371
7.02,12.31,8382
11.77,12.54,8394
6.65,11.63,8406
6.72,10.77,8418
13.66,10.14,8429
4.46,11.41,8441
11.29,11.69,8453
9.25,13.15,8465
3.24,13.71,8476
9.03,13.04,8487
15.86,11.38,8500
12.46,10.53,8511
4.40,10.55,8523
7.04,10.88,8535
9.21,11.41,8547
9.80,12.36,8558
5.11,12.68,8570
10.01,11.46,8582
12.05,11.28,8594
13.55,11.20,8605
7.24,12.29,8617
6.74,12.34,8629
12.54,13.69,8641
4.37,13.56,8652
7.61,11.96,8664
17.74,11.31,8676
9.79,10.29,8687
6.51,11.43,8699
6.71,10.97,8711
8.86,12.66,8723
7.74,12.72,8734
5.46,12.44,8747
10.75,11.33,8758
15.70,10.95,8770
9.07,12.10,8781
4.86,12.08,8794
10.35,12.42,8805
9.70,13.37,8817
6.26,12.53,8828
15.32,10.82,8840
12.24,10.28,8852
7.78,10.38,8863
5.06,11.68,8876
8.56,12.05,8887
10.99,13.11,8899
4.44,13.48,8910
10.12,12.20,8923
13.47,11.57,8934
12.74,11.34,8946
5.49,12.39,8957
8.04,11.88,8970
8.75,12.73,8981
7.61,12.43,8993
7.50,11.46,9005
12.73,10.64,9016
11.72,9.99,9028
6.61,11.61,9039
5.40,11.01,9052
12.14,13.00,9063
8.38,13.44,9075
4.00,13.19,9086
11.06,11.51,9099
16.44,10.84,9110
10.18,11.01,9122
4.85,11.55,9134
4.73,11.77,9146
10.19,12.87,9157
8.55,12.59,9169
4.02,11.27,9181
13.45,10.97,9192
12.86,10.47,9204
7.74,11.96,9216
10.07,11.72,9228
7.66,13.59,9239
5.63,13.42,9251
11.61,12.27,9263
14.89,10.95,9275
10.78,10.57,9286
5.60,11.38,9298
6.84,11.38,9310
10.35,12.42,9322
7.62,13.04,9333
4.27,12.13,9346
12.92,11.04,9357
15.56,10.56,9368
8.76,11.35,9380
4.31,11.87,9392
9.23,12.41,9404
11.92,13.60,9415
5.41,12.98,9427
11.77,11.74,9439
13.69,10.72,9451
10.42,10.42,9462
4.39,11.26,9475
10.97,11.25,9486
7.53,13.00,9498
6.13,12.70,9509
7.14,11.83,9522
12.88,10.93,9533
15.89,10.70,9544
6.92,12.13,9556
4.78,11.82,9568
9.33,13.35,9580
9.93,12.79,9591
10.40,11.93,9604
13.06,10.75,9615
9.88,10.24,9627
6.76,11.20,9638
6.62,10.89,9651
9.68,12.60,9662
6.30,12.73,9674
5.56,12.63,9686
16.32,11.16,9698
12.63,10.74,9709
6.96,10.92,9720
5.59,11.19,9733
8.50,11.40,9744
10.09,12.54,9756
5.56,12.27,9767
9.10,11.27,9780
13.36,10.61,9791
12.29,10.27,9803
5.26,11.56,9815
8.17,11.43,9827
9.84,13.04,9838
6.84,13.06,9850
5.21,11.96,9862
11.70,10.72,9874
15.31,10.05,9885
7.20,11.30,9896
4.53,10.89,9909
7.52,12.41,9920
8.85,12.58,9932
4.10,12.35,9944
9.87,11.05,9956
14.47,10.83,9967
10.75,11.45,9979
9.78,11.89,9991
8.26,12.45,10003
7.46,13.35,10014
3.24,12.46,10027
14.31,10.62,10038
15.26,9.87,10050
8.93,9.67,10061
3.22,11.39,10073
7.80,11.29,10085
9.78,13.16,10096
6.64,13.06,10108
9.28,12.31,10120
13.91,11.23,10132
13.21,10.77,10143
6.44,11.57,10156
7.03,11.46,10167
6.38,12.35,10179
5.51,12.31,10190
7.21,11.51,10203
14.32,10.35,10214
12.90,10.00,10226
6.06,10.97,10237
4.29,11.44,10249
8.35,12.39,10261
12.83,13.30,10272
5.34,13.35,10285
6.71,11.83,10296
13.48,10.87,10308
12.88,10.69,10319
7.76,11.24,10332
6.70,10.98,10343
4.77,12.41,10355
6.87,11.87,10366
13.74,11.06,10379
11.42,10.67,10390
5.79,10.75,10402
4.59,12.10,10414
14.55,11.67,10425
9.62,13.62,10437
4.96,13.48,10448
6.58,12.44,10461
15.78,10.86,10472
11.98,10.03,10484
6.58,10.74,10496
1.50,10.56,10508
10.35,11.68,10519
9.48,12.60,10531
7.02,12.67,10543
11.71,11.63,10555
13.26,11.38,10566
7.06,11.82,10577
9.32,11.89,10590
7.62,12.36,10601
11.69,12.77,10613
4.76,12.70,10625
7.89,10.82,10637
12.73,10.10,10648
14.18,9.90,10660
3.26,11.30,10672
5.73,11.04,10684
9.31,13.50,10695
10.34,13.20,10707
4.35,12.94,10719
13.41,11.56,10731
12.63,11.24,10742
6.28,11.88,10754
8.36,11.57,10766
8.52,12.84,10777
4.69,12.73,10789
7.49,11.73,10801
16.74,10.45,10813
9.10,9.73,10824
4.91,11.16,10836
6.50,11.36,10848
9.52,12.74,10860
11.51,13.62,10871
4.24,13.55,10884
12.46,12.03,10895
15.62,11.07,10907
11.89,10.75,10918
5.73,11.12,10930
7.59,11.29,10942
7.22,12.14,10953
6.56,12.14,10966
8.52,10.83,10977
15.92,10.36,10989
10.38,10.11,11000
4.16,11.78,11013
8.52,11.74,11024
13.44,13.68,11036
6.31,13.70,11047
5.78,13.27,11060
12.04,11.04,11071
14.44,10.39,11083
13.24,10.71,11095
7.08,10.79,11106
2.07,11.84,11118
9.24,12.37,11129
9.64,12.19,11142
15.05,10.98,11153
9.58,10.77,11165
5.49,11.28,11176
9.56,11.98,11189
12.44,12.36,11200
8.45,13.84,11212
1.39,13.20,11224
10.81,11.63,11236
16.20,10.27,11247
11.02,9.58,11259
1.25,10.98,11271
6.18,10.85,11282
8.99,12.73,11294
8.18,12.95,11305
8.37,12.53,11318
13.38,11.32,11329
10.32,11.38,11341
7.92,12.29,11353
10.20,12.10,11365
8.52,13.01,11376
8.76,12.90,11388
2.29,11.91,11400
10.04,9.99,11412
16.10,9.50,11423
10.50,10.43,11436
1.76,10.92,11447
6.33,12.37,11458
12.46,13.48,11470
8.35,13.76,11482
8.89,12.35,11494
11.92,11.64,11505
12.86,11.21,11517
7.91,11.55,11529
9.14,11.48,11541
5.68,12.18,11552
3.82,11.75,11565
14.28,10.91,11576
12.84,10.05,11588
6.34,10.08,11599
4.15,11.55,11612
9.23,11.47,11623
12.24,13.79,11634
9.09,13.92,11646
4.87,13.71,11658
12.51,11.57,11670
15.14,10.46,11681
7.57,10.63,11694
5.78,10.27,11705
6.34,11.30,11717
6.97,12.07,11728
4.63,11.69,11741
13.30,10.80,11752
12.85,10.80,11764
7.47,11.31,11776
6.86,12.26,11788
12.67,12.49,11799
11.54,14.00,11810
5.01,13.54,11823
5.27,11.80,11834
14.60,10.44,11846
14.05,9.84,11857
6.83,10.69,11870
3.22,10.59,11881
7.52,12.04,11893
11.96,12.91,11905
9.53,12.23,11917
13.60,11.56,11928
11.43,11.12,11940
6.13,12.00,11952
10.56,11.71,11964
8.81,12.76,11975
5.82,12.69,11986
4.90,12.17,11999
17.70,10.08,12010
10.74,9.68,12022
5.34,10.11,12034
3.86,10.79,12046
11.43,11.93,12057
10.21,12.82,12069
7.41,13.14,12081
7.14,11.84,12093
15.28,11.17,12104
12.69,10.98,12116
8.90,11.57,12128
5.46,11.38,12140
7.58,12.79,12151
7.10,12.03,12163
9.26,11.18,12175
12.96,10.11,12186
12.22,9.86,12198
4.54,11.10,12210
6.72,11.11,12222
12.62,13.14,12233
10.89,13.42,12246
1.03,13.13,12257
10.82,11.29,12269
15.63,10.83,12280
13.03,11.14,12293
4.17,11.24,12304
6.87,11.92,12315
10.16,12.30,12327
5.38,12.00,12339
14.69,10.21,12351
7.69,10.25,12362
8.23,10.60,12375
8.05,11.58,12386
12.88,12.24,12398
7.88,13.75,12409
4.58,13.64,12422
9.05,12.20,12433
17.15,10.85,12445
12.73,10.64,12456
2.94,11.41,12469
3.82,11.02,12480
12.08,12.24,12491
9.86,12.47,12504
4.73,12.11,12515
10.83,10.71,12527
11.83,10.33,12538
9.30,11.37,12551
9.96,11.60,12562
7.79,13.19,12574
5.74,13.69,12585
4.58,13.08,12598
12.86,11.05,12609
17.32,10.12,12621
8.61,10.14,12633
-1.52,10.75,12645
9.92,11.31,12656
12.73,12.61,12667
7.40,12.69,12680
10.23,11.53,12691
16.33,10.75,12703
12.58,10.99,12715
6.26,12.32,12727
4.32,12.22,12738
9.34,13.31,12750
7.09,13.08,12762
13.14,11.93,12774
12.74,10.63,12785
6.82,10.22,12797
4.99,10.89,12809
11.55,10.78,12821
9.81,12.51,12832
6.42,12.72,12844
3.61,12.93,12856
13.93,11.39,12867
17.53,11.06,12879
9.50,11.30,12891
0.26,11.51,12903
8.77,11.76,12914
12.68,12.70,12926
4.52,12.27,12938
9.15,10.86,12950
12.40,10.04,12961
8.51,10.16,12974
8.33,11.20,12985
9.34,11.83,12997
5.53,13.37,13008
7.36,13.54,13020
6.64,12.21,13032
15.48,10.90,13043
13.73,10.62,13056
6.79,11.48,13067
10.92,11.05,13079
10.21,12.14,13090
4.05,12.16,13103
4.68,11.65,13114
14.47,10.28,13126
13.58,10.25,13137
6.87,11.44,13150
4.53,11.65,13161
9.58,13.04,13173
8.67,13.28,13185
8.47,13.36,13196
13.30,11.13,13208
12.06,10.78,13219
6.19,10.29,13232
6.79,10.81,13243
8.36,11.38,13255
9.91,12.36,13266
1.41,12.80,13279
7.41,11.42,13290
17.99,11.11,13302
12.18,10.74,13314
4.71,12.17,13326
7.65,11.75,13337
9.96,13.36,13349
10.07,12.87,13361
5.53,12.21,13372
10.65,10.10,13384
11.18,9.75,13395
10.65,10.69,13408
6.18,10.94,13419
8.36,12.34,13431
7.80,13.25,13443
5.18,12.91,13455
18.13,11.16,13466
11.25,11.16,13478
3.83,11.35,13490
7.58,12.03,13502
11.94,12.18,13513
9.59,12.74,13526
2.86,12.34,13537
10.47,10.76,13548
14.41,10.15,13560
10.66,10.08,13572
5.53,11.09,13584
8.53,11.73,13595
4.98,13.20,13607
6.24,13.34,13619
10.73,12.32,13631
14.33,11.13,13642
11.16,10.86,13655
6.57,11.27,13666
6.73,10.92,13678
9.00,12.42,13689
8.59,12.39,13701
2.96,12.17,13713
11.12,10.08,13724
14.72,10.00,13736
10.78,10.99,13748
3.25,11.63,13760
8.71,12.61,13771
12.41,13.38,13784
6.08,13.40,13795
5.66,11.56,13807
16.57,10.85,13818
10.35,10.26,13831
6.41,11.41,13842
8.44,11.31,13854
6.65,13.10,13865
4.56,13.07,13877
10.67,11.95,13889
15.14,11.02,13900
9.69,10.62,13913
6.74,11.45,13924
7.25,11.92,13936
10.04,12.85,13947
6.62,13.36,13960
8.81,12.35,13971
12.38,10.69,13983
14.38,10.36,13995
5.26,10.53,14007
6.81,11.05,14018
10.73,11.98,14030
6.86,12.60,14042
1.75,12.75,14053
13.41,11.01,14065
14.54,10.79,14076
8.76,11.05,14089
5.45,11.66,14100
8.57,12.02,14112
9.41,13.07,14124
7.79,12.86,14136
4.58,11.38,14147
13.55,10.32,14159
12.93,9.87,14171
9.24,11.03,14183
5.50,10.88,14194
8.01,12.83,14206
7.30,13.06,14218
6.74,12.51,14229
14.49,11.11,14241
11.21,10.85,14253
4.40,11.42,14265
8.85,11.67,14276
12.07,12.41,14288
4.07,12.83,14300
4.51,12.31,14312
14.49,10.25,14323
12.37,9.98,14336
8.74,10.15,14347
5.89,11.31,14359
7.99,12.22,14370
8.57,13.36,14383
6.98,13.52,14394
13.77,11.88,14405
13.58,11.36,14417
9.78,11.04,14429
5.51,11.23,14441
9.27,11.44,14452
9.93,12.46,14465
6.66,12.35,14476
4.29,11.28,14488
14.00,10.05,14499
15.69,10.05,14512
5.76,11.30,14523
3.72,11.46,14535
7.83,13.05,14546
11.61,13.42,14559
7.03,13.21,14570
11.02,11.46,14581
13.12,10.99,14594
11.10,10.94,14605
6.69,11.09,14617
9.25,11.63,14628
3.82,12.43,14641
6.87,12.35,14652
16.09,10.43,14664
12.78,10.28,14675
5.79,10.48,14688
5.01,11.87,14699
9.14,12.32,14711
11.71,13.69,14723
6.19,13.79,14735
9.28,12.34,14746
12.58,11.13,14757
12.48,10.22,14770
6.90,10.81,14781
7.52,10.83,14793
6.43,12.12,14804
8.49,12.34,14817
4.61,11.85,14828
15.95,10.81,14840
15.13,11.12,14852
4.30,11.91,14864
5.71,11.93,14875
13.15,13.04,14887
9.11,13.29,14899
4.46,13.09,14910
9.13,10.83,14922
11.33,10.34,14934
13.40,10.05,14946
5.45,10.77,14957
2.54,11.41,14969
10.69,12.84,14981
6.79,13.19,14993
7.40,11.99,15004
12.04,11.40,15016
5.77,11.36,15028
10.45,11.96,15040
8.58,12.03,15051
9.69,13.27,15064
4.65,13.04,15075
7.96,11.57,15086
14.09,9.93,15098
13.58,9.53,15110
2.98,10.71,15122
5.24,10.86,15133
10.33,12.57,15145
9.73,13.53,15157
4.80,13.41,15169
15.11,11.79,15180
11.83,11.48,15193
7.93,11.50,15204
7.29,11.89,15216
10.19,11.72,15227
7.76,12.66,15240
3.87,12.27,15251
7.89,10.55,15262
17.03,10.15,15275
11.81,10.13,15286
4.23,11.50,15298
6.32,11.77,15309
10.41,13.65,15322
8.90,13.75,15333
7.14,12.69,15345
12.18,11.21,15356
14.23,10.60,15369
8.08,11.20,15380
5.70,11.22,15392
8.07,12.02,15404
3.34,12.47,15416
8.61,11.83,15427
14.97,10.57,15438
12.63,10.81,15451
6.60,11.42,15462
3.97,12.21,15474
12.37,13.00,15485
10.13,13.51,15498
6.05,13.45,15509
12.55,11.21,15521
13.87,10.76,15533
8.36,10.42,15545
6.72,11.12,15556
7.07,11.69,15568
11.54,12.85,15580
3.67,13.22,15592
8.65,11.73,15603
16.64,11.11,15614
12.02,10.59,15627
4.45,11.92,15638
10.70,11.46,15650
7.40,12.95,15662
7.89,13.09,15674
6.11,11.90,15685
11.23,10.57,15697
13.20,9.86,15709
10.34,10.68,15721
4.30,10.96,15732
9.74,12.17,15745
9.60,13.14,15756
7.94,13.08,15768
13.93,11.43,15779
15.64,11.17,15792
7.08,10.89,15803
6.08,11.43,15814
10.35,11.74,15826
5.87,12.67,15838
5.08,12.53,15850
15.73,10.60,15861
11.61,10.22,15874
7.94,9.95,15885
7.29,11.06,15897
7.42,11.57,15908
13.04,12.96,15921
5.92,13.75,15932
5.54,12.39,15944
16.55,11.22,15955
13.62,10.77,15967
8.07,11.43,15979
5.46,11.48,15990
6.95,12.16,16003
9.77,12.46,16014
7.18,12.06,16026
10.46,10.99,16037
12.13,10.69,16050
10.61,11.15,16061
4.69,11.29,16073
13.40,12.33,16084
7.52,13.02,16097
3.55,13.17,16108
8.74,11.35,16120
17.06,11.05,16132
12.01,10.56,16143
4.20,11.19,16155
10.09,11.06,16166
12.06,12.63,16179
3.49,12.67,16190
8.02,11.76,16202
16.73,10.57,16214
10.14,10.40,16226
7.59,11.53,16237
4.25,11.55,16249
8.89,12.47,16261
7.39,13.25,16273
9.40,12.04,16284
14.07,10.92,16295
11.80,10.48,16308
4.77,11.07,16319
6.95,11.78,16331
10.86,12.07,16343
9.21,12.99,16355
2.67,12.75,16366
8.68,10.84,16378
15.86,10.66,16390
13.84,10.19,16402
2.62,11.50,16413
8.57,11.41,16425
8.62,12.93,16437
7.52,12.74,16449
8.42,11.47,16460
13.51,10.80,16472
10.11,10.24,16484
7.75,11.35,16495
5.84,11.34,16507
11.14,12.81,16519
9.03,13.29,16531
4.12,12.61,16542
16.45,10.71,16555
10.92,10.15,16566
4.17,10.50,16578
6.81,11.05,16589
7.66,11.76,16602
9.44,13.01,16613
7.62,12.62,16625
11.42,10.94,16636
13.05,10.53,16648
7.23,10.36,16660
5.65,11.10,16671
10.62,11.32,16684
8.67,12.79,16695
3.34,12.90,16707
8.55,11.25,16718
16.58,10.51,16731
11.45,10.02,16742
5.64,11.32,16754
5.63,11.04,16765
9.31,12.55,16778
8.14,12.81,16789
5.80,11.98,16801
12.37,10.89,16813
11.50,10.14,16824
8.57,10.74,16836
6.87,11.03,16847
9.84,12.22,16860
8.19,13.09,16871
4.25,12.70,16883
9.35,11.09,16894
16.00,10.75,16907
12.46,10.72,16918
3.48,11.58,16930
11.20,11.73,16942
7.82,13.01,16954
5.69,12.63,16965
12.08,11.05,16977
12.00,10.23,16989
8.61,10.07,17000
7.07,11.26,17012
7.96,11.57,17024
7.99,13.23,17036
6.96,13.09,17047
9.84,11.77,17059
16.98,11.09,17071
10.46,10.42,17083
4.08,11.52,17094
7.99,10.97,17106
11.41,12.49,17118
7.46,12.53,17130
3.16,11.82,17141
12.50,10.42,17154
12.77,10.18,17165
10.61,10.91,17176
3.80,11.70,17188
6.96,12.37,17200
10.77,13.66,17212
6.23,13.33,17223
8.92,11.47,17235
16.67,10.75,17247
9.14,9.89,17259
6.13,10.91,17270
8.59,10.99,17283
7.41,12.59,17294
7.02,12.81,17306
4.19,11.56,17317
15.29,10.83,17330
8.43,10.40,17341
3.51,11.73,17352
8.28,11.48,17364
10.74,12.59,17376
5.32,12.95,17388
8.66,12.13,17399
13.73,10.51,17412
12.19,10.13,17423
5.77,10.90,17435
7.37,11.06,17446
10.63,12.33,17459
9.43,13.17,17470
1.77,13.03,17482
13.65,11.29,17494
15.05,10.71,17506
8.07,10.69,17517
5.38,11.60,17528
8.35,11.59,17541
8.75,13.08,17552
8.43,12.62,17564
5.86,11.32,17575
14.96,10.48,17588
12.79,9.87,17599
4.35,11.33,17611
7.22,10.97,17623
11.26,12.94,17635
7.08,13.43,17646
4.52,12.42,17658
13.29,11.40,17670
12.85,10.71,17682
10.78,11.00,17693
6.12,11.14,17704
9.83,12.00,17717
4.59,12.54,17728
7.67,12.03,17740
15.77,10.75,17752
10.89,10.72,17764
6.93,11.20,17775
9.33,11.95,17787
10.83,12.69,17799
9.26,13.90,17811
4.11,13.56,17822
9.10,11.57,17835
17.58,10.35,17846
8.93,9.70,17858
4.53,10.69,17869
7.99,10.67,17881
8.99,12.96,17893
8.57,12.85,17904
9.06,12.48,17916
13.66,11.35,17928
11.01,11.10,17940
7.95,12.00,17951
9.61,11.54,17964
9.62,12.73,17975
8.42,12.85,17987
3.24,12.30,17998
12.14,10.43,18011
14.90,10.00,18022
10.49,10.28,18034
2.83,11.32,18045
7.04,11.71,18057
11.94,13.38,18069
7.69,13.20,18080
4.94,11.71,18093
12.35,11.01,18104
8.48,10.54,18116
7.14,11.50,18127
7.76,11.61,18140
9.04,12.84,18151
4.24,12.90,18163
9.81,11.31,18174
15.59,10.27,18187
8.97,9.68,18198
4.56,11.26,18209
8.10,11.26,18222
10.84,12.77,18233
9.54,13.56,18245
5.65,12.98,18256
14.34,11.38,18269
15.10,10.67,18280
6.91,10.90,18292
4.87,11.18,18304
9.95,11.45,18316
5.08,12.38,18327
7.08,12.06,18339
10.15,10.70,18351
13.15,10.25,18363
9.74,10.52,18374
5.65,11.68,18385
7.08,11.89,18398
12.82,13.34,18409
5.46,13.17,18421
6.19,11.74,18433
13.08,10.68,18445
14.22,9.77,18456
8.11,10.96,18468
5.02,10.35,18480
10.60,12.16,18492
3.46,12.36,18503
9.29,12.19,18515
15.42,11.12,18527
10.58,10.56,18539
4.96,11.43,18550
10.75,11.44,18562
8.35,12.42,18574
7.10,13.23,18585
4.18,12.61,18597
14.19,11.02,18609
13.65,10.17,18621
5.86,10.06,18632
4.92,10.80,18644
8.26,11.16,18656
8.88,12.84,18668
7.47,12.81,18679
8.38,11.73,18692
11.15,11.11,18703
13.52,10.61,18715
4.47,11.54,18726
8.57,11.35,18738
9.65,12.86,18750
6.16,12.78,18761
3.81,11.70,18774
15.64,10.58,18785
11.79,9.85,18797
7.21,10.93,18808
4.25,11.09,18821
8.38,12.65,18832
10.50,13.34,18844
5.68,13.15,18855
6.63,11.62,18868
10.66,10.76,18879
7.92,10.52,18891
6.43,11.12,18903
6.70,11.37,18914
5.88,12.53,18926
7.67,12.12,18937
9.52,10.97,18950
14.31,10.16,18961
7.97,10.20,18973
4.73,11.36,18984
10.29,11.53,18997
10.34,13.50,19008
3.14,13.35,19020
9.69,12.11,19032
14.86,10.53,19044
11.62,9.70,19055
5.40,11.03,19067
5.89,10.53,19079
9.86,12.11,19090
9.78,12.43,19102
2.50,12.22,19113
12.91,10.79,19126
13.85,10.48,19137
6.85,11.02,19149
8.23,11.17,19161
10.34,12.34,19173
6.36,12.85,19184
6.13,12.85,19196
8.37,11.00,19208
14.57,10.28,19220
14.34,10.08,19231
4.20,10.89,19244
4.71,11.05,19255
7.69,12.75,19266
3.98,12.55,19278
13.48,11.71,19290
12.81,10.93,19302
11.08,10.40,19313
5.59,11.86,19325
6.19,11.33,19337
10.58,12.93,19349
5.63,12.83,19360
6.10,11.93,19373
16.85,10.48,19384
10.39,9.97,19396
4.82,10.76,19407
7.90,10.95,19419
8.67,12.21,19431
9.89,13.18,19442
5.73,13.16,19454
8.11,11.61,19466
17.06,10.91,19478
11.16,10.69,19489
4.40,11.57,19502
10.34,11.91,19513
10.22,13.44,19525
6.15,13.14,19536
6.99,12.38,19549
14.52,10.81,19560
14.33,10.71,19572
6.82,11.53,19584
6.06,11.37,19595
9.24,13.03,19607
8.15,12.88,19618
5.09,12.20,19631
13.49,10.99,19642
9.40,10.60,19654
6.40,11.80,19665
9.39,11.64,19678
10.41,12.78,19689
5.46,13.60,19701
8.19,12.76,19713
14.48,11.02,19725
10.66,10.32,19736
8.99,10.55,19748
4.06,11.16,19760
8.78,11.33,19771
11.90,12.63,19783
5.07,12.90,19794
6.98,11.85,19807
18.87,11.13,19818
11.21,10.93,19830
5.28,12.00,19842
9.22,11.83,19854
7.68,13.26,19865
6.42,12.69,19877
9.56,11.86,19889
11.88,10.43,19901
12.93,10.01,19912
4.13,10.87,19924
6.79,10.90,19936
10.63,12.65,19947
8.12,12.96,19959
3.38,12.88,19971
10.82,11.29,19983
14.70,11.07,19994
11.97,11.21,20006
4.97,11.55,20018
4.88,11.64,20030
7.83,12.87,20041
4.78,12.16,20054
13.45,11.13,20065
11.64,10.19,20077
6.89,10.34,20088
7.88,11.13,20101
7.96,11.74,20112
8.21,13.18,20123
4.90,13.73,20135
11.12,12.07,20147
16.53,11.04,20159
10.21,10.32,20170
2.46,11.18,20183
8.05,10.41,20194
10.92,11.92,20206
6.66,12.36,20217
4.35,12.26,20230
13.78,10.67,20241
12.11,10.52,20253
11.21,11.36,20264
5.74,11.71,20277
7.12,12.99,20288
8.91,13.43,20299
7.21,13.20,20312
6.25,11.00,20323
17.10,10.13,20335
10.60,9.84,20346
3.00,10.98,20359
7.91,10.65,20370
7.15,12.70,20382
7.95,12.48,20393
6.95,12.31,20406
12.70,10.83,20417
11.18,11.03,20429
4.56,11.83,20441
10.59,11.50,20453
10.35,12.78,20464
3.79,12.80,20475
7.63,11.76,20488
15.84,10.32,20499
11.79,9.68,20511
5.34,10.54,20523
5.09,11.00,20535
12.29,12.30,20546
7.53,13.43,20558
5.13,13.05,20570
13.36,11.68,20582
14.04,11.22,20593
6.68,10.96,20605
8.37,11.28,20617
8.37,11.74,20628
8.38,12.50,20640
4.62,12.56,20652
9.09,10.70,20664
14.30,10.03,20675
12.25,10.08,20687
5.54,11.38,20699
7.55,11.53,20711
8.57,13.42,20722
9.59,13.24,20734
5.97,12.85,20746
13.48,11.07,20758
13.38,10.70,20769
9.53,10.79,20782
4.15,10.51,20793
10.14,11.76,20804
3.33,12.27,20816
7.53,12.05,20828
16.87,10.83,20840
10.81,10.38,20851
7.49,11.16,20864
6.49,11.57,20875
11.91,12.35,20887
10.68,13.71,20898
3.08,13.24,20911
11.39,11.49,20922
14.59,10.44,20934
9.23,9.64,20945
5.26,10.73,20958
8.06,10.85,20969
6.31,12.48,20980
8.69,13.07,20993
9.15,12.26,21004
14.47,11.31,21016
11.97,10.84,21027
7.26,11.65,21040
5.59,11.48,21051
11.97,12.83,21063
9.04,12.80,21074
2.55,12.30,21087
9.47,9.74,21098
16.89,9.66,21110
10.13,10.32,21122
4.81,11.13,21134
5.75,12.51,21145
10.03,13.67,21156
7.61,13.55,21169
7.13,12.08,21180
16.11,10.96,21192
6.65,10.68,21203
8.98,11.41,21216
8.90,10.93,21227
7.26,12.23,21239
2.02,11.96,21251
10.34,11.07,21263
16.34,10.09,21274
13.04,10.02,21286
2.55,11.58,21298
6.45,11.59,21310
10.12,13.47,21321
9.48,13.68,21332
8.23,13.11,21345
11.36,11.32,21356
12.92,10.45,21368
6.21,10.13,21380
7.22,10.45,21392
8.76,11.42,21403
6.63,12.34,21415
3.07,12.38,21427
15.05,11.03,21439
14.74,10.77,21450
10.15,11.37,21463
4.48,12.00,21474
8.21,12.39,21486
10.78,13.26,21497
8.85,13.23,21509
2.59,11.54,21521
15.37,10.50,21532
11.40,10.06,21544
9.12,11.12,21556
6.62,10.98,21568
6.38,12.80,21579
7.23,12.97,21592
9.12,12.63,21603
17.40,11.10,21615
11.85,10.91,21626
3.36,11.63,21639
8.62,11.65,21650
11.86,12.57,21662
5.35,12.78,21673
5.02,12.25,21685
12.24,10.13,21697
12.14,9.70,21708
8.84,9.81,21721
6.11,10.99,21732
7.92,11.69,21744
9.28,13.56,21755
4.64,13.75,21768
11.82,12.56,21779
14.22,11.43,21791
9.93,11.07,21803
6.48,11.45,21815
6.69,11.23,21826
10.85,12.30,21838
8.58,12.06,21850
0.62,11.52,21861
13.93,10.15,21873
13.81,10.34,21884
7.55,11.25,21897
6.61,11.71,21908
10.66,13.26,21920
8.74,13.39,21932
6.91,13.54,21944
10.16,11.32,21955
15.95,10.83,21967
5.81,10.56,21979
6.56,10.62,21991
9.89,11.18,22002
5.01,12.08,22013
6.03,12.13,22026
13.12,10.73,22037
11.51,10.90,22049
9.67,10.78,22061
5.31,12.36,22073
8.41,12.34,22084
10.03,14.02,22096
5.46,13.75,22108
8.57,12.30,22120
16.01,10.30,22131
10.44,9.50,22144
4.11,9.97,22155
7.67,9.93,22167
8.40,11.58,22178
8.84,12.36,22190
4.04,12.70,22202
11.73,11.19,22213
15.73,11.35,22225
8.61,11.64,22237
7.16,11.96,22249
7.34,12.10,22260
9.62,12.88,22273
6.11,12.26,22284
8.04,10.29,22296
10.02,9.23,22307
13.94,9.15,22320
5.64,10.60,22331
5.63,11.17,22343
8.89,13.13,22354
3.34,13.75,22366
14.29,12.43,22378
14.98,11.77,22389
9.91,11.07,22402
3.86,11.59,22413
9.71,11.16,22425
9.12,12.12,22436
3.37,12.12,22449
7.92,11.13,22460
14.64,9.87,22472
9.31,9.88,22483
7.91,10.88,22496
8.06,11.64,22507
7.39,12.99,22519
11.15,13.71,22531
6.64,13.60,22542
8.78,11.32,22554
18.01,10.71,22565
9.95,9.98,22578
2.78,10.76,22589
10.83,10.78,22601
8.00,12.00,22612
3.76,12.13,22625
8.20,11.00,22636
13.36,10.53,22648
12.42,10.72,22660
8.57,11.87,22672
5.31,12.26,22683
10.56,13.62,22695
8.24,13.35,22707
4.95,12.65,22718
11.47,10.52,22730
-392.18,9.91,22742
1290.38,10.09,22754
6.56,10.32,22765
8.89,11.35,22777
7.62,12.40,22789
5.76,12.35,22801
11.56,11.03,22812
14.61,10.75,22824
6.70,11.27,22836
6.33,11.72,22848
9.21,12.25,22859
9.35,12.85,22872
4.12,12.75,22883
11.74,10.76,22894
13.60,10.25,22906
7.91,9.31,22918
4.63,10.76,22930
9.31,10.52,22941
7.59,12.48,22953
6.47,12.96,22965
5.95,12.32,22977
15.07,11.28,22988
12.38,11.00,23001
6.34,11.75,23012
5.33,11.81,23024
11.33,12.17,23035
10.42,12.95,23048
4.63,11.81,23059
7.73,9.85,23070
13.68,9.63,23083
12.23,9.77,23094
6.38,11.17,23106
7.58,11.85,23117
8.49,13.57,23130
6.36,13.67,23141
15.76,12.13,23153
14.60,11.36,23164
6.96,10.91,23177
6.98,11.40,23188
12.10,11.18,23200
7.77,12.46,23212
4.51,12.33,23224
4.36,11.14,23235
17.15,9.72,23246
10.59,9.72,23259
5.01,11.00,23270
4.40,11.75,23282
10.92,13.08,23293
9.03,13.99,23306
7.16,13.47,23317
11.18,11.97,23329
12.55,11.09,23341
8.90,11.03,23353
9.58,11.17,23364
5.49,11.70,23376
7.87,12.37,23388
2.23,12.31,23400
12.95,10.60,23411
14.02,10.95,23422
11.17,10.97,23435
0.59,12.40,23446
8.98,12.38,23458
13.95,13.90,23470
9.71,13.95,23482
1.15,12.02,23493
13.36,10.61,23505
11.87,9.68,23517
2.04,10.56,23529
5.13,10.72,23540
7.59,11.89,23553
8.84,12.73,23564
9.66,12.49,23575
15.04,11.20,23587
6.91,11.30,23599
7.70,11.70,23611
12.22,12.08,23622
9.50,12.57,23634
6.36,13.23,23646
3.74,12.76,23658
12.05,10.79,23669
16.38,10.24,23682
8.92,10.14,23693
1.73,11.19,23705
9.91,11.30,23716
11.79,13.23,23729
6.53,13.40,23740
6.75,12.39,23751
12.07,11.53,23763
13.27,10.89,23775
8.69,11.87,23787
10.43,11.59,23798
8.04,12.94,23811
4.56,12.72,23822
7.11,11.51,23834
15.84,9.92,23845
11.34,9.58,23858
4.97,10.42,23869
6.33,11.05,23881
7.25,12.39,23892
4.94,13.86,23905
4.39,13.56,23916
15.58,11.78,23927
15.36,11.27,23940
7.60,11.02,23951
4.50,11.37,23963
6.82,11.43,23974
8.58,12.27,23987
8.28,12.20,23998
10.20,10.42,24010
14.16,10.43,24022
7.40,9.79,24034
5.33,11.68,24045
13.27,11.50,24057
9.25,13.63,24069
2.55,13.64,24081
10.05,12.40,24092
16.38,10.86,24103
11.40,10.07,24116
6.26,10.92,24127
5.00,10.67,24139
7.57,11.72,24151
11.91,12.62,24163
5.56,12.12,24174
7.13,10.69,24186
16.03,10.52,24198
10.67,10.86,24210
4.70,11.85,24221
9.69,12.15,24233
8.72,13.37,24245
6.70,13.01,24257
8.81,11.03,24268
15.07,10.40,24280
5.98,9.75,24292
6.32,10.69,24303
10.07,10.85,24315
8.67,12.49,24327
2.54,13.01,24339
11.47,11.86,24350
16.13,11.09,24363
12.34,11.05,24374
4.45,12.09,24386
4.74,11.82,24397
10.99,12.94,24410
8.93,13.05,24421
6.71,12.24,24433
10.40,10.19,24444
12.60,9.31,24456
6.09,9.86,24468
7.75,10.54,24479
8.90,11.91,24492
7.36,13.69,24503
3.56,13.37,24515
12.39,12.11,24526
17.87,11.34,24539
8.79,10.90,24550
5.69,11.82,24562
8.50,11.11,24573
9.39,12.52,24586
9.47,12.40,24597
3.13,11.14,24609
9.34,10.35,24621
15.62,9.68,24632
8.48,11.22,24644
5.84,11.59,24655
8.28,13.03,24668
5.64,13.70,24679
13.84,12.55,24691
13.57,11.60,24702
9.87,10.82,24715
4.78,11.08,24726
8.48,10.92,24738
10.35,11.73,24750
7.85,12.34,24762
1.24,12.16,24773
13.03,10.39,24785
14.48,9.99,24797
8.47,10.67,24808
4.26,11.64,24820
8.08,12.58,24832
10.02,13.93,24844
5.73,13.53,24855
9.64,11.99,24867
15.93,10.72,24879
8.72,9.80,24891
5.19,11.05,24902
8.99,10.17,24914
8.52,12.15,24926
5.22,12.33,24938
5.90,11.94,24949
13.31,11.06,24962
13.39,10.92,24973
8.72,11.97,24984
4.89,12.25,24996
9.61,12.81,25008
12.08,13.69,25020
6.02,12.58,25031
4.31,10.85,25043
13.64,10.08,25055
4.87,9.72,25067
5.77,10.87,25078
8.30,11.20,25091
6.36,12.91,25102
6.75,13.16,25114
14.77,11.58,25125
11.27,11.52,25138
6.52,10.78,25149
7.38,11.78,25160
9.82,11.56,25172
8.88,12.74,25184
3.79,13.00,25196
6.73,11.59,25207
16.27,10.23,25220
14.63,9.84,25231
4.35,10.98,25243
4.40,11.36,25254
10.74,12.74,25267
10.29,13.66,25278
6.22,13.02,25290
11.75,11.69,25302
13.50,10.54,25314
7.97,11.06,25325
8.93,11.10,25336
8.51,12.05,25349
6.73,12.81,25360
5.90,12.44,25372
7.91,11.01,25383
14.80,10.72,25396
12.78,10.53,25407
4.82,11.82,25419
7.74,11.68,25431
11.16,13.68,25443
4.95,13.31,25454
11.49,12.09,25466
14.65,10.87,25478
10.55,10.13,25490
5.74,10.81,25501
5.27,10.64,25512
9.66,12.03,25525
5.30,12.69,25536
9.53,12.25,25548
14.37,11.33,25560
11.10,10.99,25572
6.47,11.51,25583
10.10,11.65,25595
8.05,12.49,25607
8.99,13.36,25619
1.78,12.82,25630
12.73,10.82,25643
14.25,9.90,25654
8.90,9.72,25665
1.96,11.01,25677
9.10,11.03,25689
10.81,13.20,25701
9.54,13.43,25712
3.16,12.87,25724
16.78,11.58,25736
13.84,11.15,25748
8.79,11.92,25759
5.72,11.06,25772
8.58,12.47,25783
8.08,12.23,25795
6.49,11.53,25806
8.69,10.32,25819
13.62,9.84,25830
5.63,11.11,25841
9.10,11.28,25853
9.35,12.65,25865
5.83,13.43,25877
6.32,13.41,25888
14.49,11.72,25901
12.54,10.97,25912
9.30,10.39,25924
3.04,11.07,25935
9.36,10.93,25948
9.27,12.48,25959
2.24,12.31,25971
9.35,11.11,25982
15.76,10.52,25995
7.67,10.48,26006
8.04,12.01,26017
7.03,12.02,26030
10.27,13.73,26041
9.28,13.50,26053
5.11,12.43,26064
11.25,10.54,26077
16.87,9.94,26088
6.11,10.57,26100
5.66,10.43,26112
7.21,11.79,26124
9.11,12.57,26135
6.20,12.70,26147
10.83,11.58,26159
13.40,11.35,26171
12.46,11.47,26182
6.05,11.92,26193
9.24,11.83,26206
11.75,12.82,26217
2.43,12.30,26229
15.56,10.93,26241
13.32,9.92,26253
9.29,9.62,26264
4.16,10.97,26276
7.22,10.98,26288
8.60,12.95,26300
7.59,13.22,26311
8.61,12.57,26323
16.06,11.48,26335
10.65,10.65,26347
4.62,11.45,26358
9.61,10.83,26370
10.33,12.41,26382
6.25,12.44,26393
5.63,11.84,26405
14.31,10.29,26417
11.67,9.87,26429
9.45,10.53,26440
6.05,11.22,26452
9.94,12.28,26464
9.38,13.38,26476
5.85,13.30,26487
9.49,11.86,26500
15.31,10.89,26511
12.27,10.71,26523
5.11,10.96,26534
8.04,10.75,26546
9.70,12.21,26558
6.69,12.12,26569
5.13,11.23,26582
11.55,10.33,26593
14.69,10.24,26605
6.48,11.24,26616
5.25,11.49,26629
12.38,13.29,26640
6.49,13.45,26652
8.92,12.86,26663
14.59,10.93,26676
10.15,10.19,26687
5.29,10.26,26699
8.92,10.18,26711
8.61,11.46,26722
4.29,12.34,26734
3.85,12.56,26745
13.54,10.90,26758
13.82,10.70,26769
9.10,10.96,26781
4.97,12.06,26792
10.34,12.16,26805
11.52,13.58,26816
8.29,12.99,26828
4.79,11.62,26840
13.24,9.77,26852
12.45,9.28,26863
6.88,10.57,26875
6.24,10.29,26887
9.30,12.55,26898
7.85,13.07,26910
5.43,12.70,26921
13.14,11.74,26934
16.27,11.01,26945
8.59,11.86,26957
3.56,11.14,26969
10.42,12.13,26981
10.13,12.44,26992
7.06,12.04,27004
11.51,10.15,27016
12.09,9.77,27028
8.12,9.96,27039
6.72,11.22,27051
6.73,12.05,27063
11.73,13.50,27074
3.44,13.63,27086
12.98,12.31,27098
15.32,11.31,27110
8.18,10.88,27121
4.86,11.07,27133
10.08,10.75,27145
8.34,11.95,27157
6.21,11.99,27168
4.67,11.55,27181
14.57,10.27,27192
12.82,10.39,27204
7.81,11.58,27215
5.26,11.85,27227
12.37,12.93,27239
8.36,13.77,27250
6.52,12.87,27262
9.93,11.24,27274
13.80,9.87,27286
10.06,10.06,27297
6.93,10.33,27310
5.66,11.00,27321
8.95,12.35,27333
6.25,12.51,27344
6.72,11.49,27357
13.39,10.93,27368
16.25,10.81,27380
9.06,12.16,27392
9.44,11.92,27403
11.50,13.38,27415
5.09,12.79,27426
10.37,11.86,27439
13.57,9.67,27450
11.68,9.64,27462
3.77,10.13,27473
7.86,10.37,27486
8.58,12.24,27497
7.27,12.57,27509
4.75,13.03,27521
15.61,11.06,27533
13.95,11.16,27544
8.76,11.44,27556
6.25,11.50,27568
9.25,12.18,27579
11.34,12.53,27591
4.47,12.06,27602
8.97,10.60,27615
12.71,9.84,27626
11.48,9.83,27638
5.03,10.63,27650
7.64,11.06,27662
8.51,13.23,27673
8.22,13.40,27685
6.95,12.56,27697
14.50,11.65,27709
13.23,10.63,27720
8.63,11.44,27732
3.81,10.76,27744
10.39,11.94,27755
5.04,12.39,27767
5.85,11.66,27779
16.26,9.81,27791
11.62,10.01,27802
4.64,10.50,27814
6.15,12.08,27826
11.84,12.59,27838
9.21,13.99,27849
5.57,13.67,27862
11.57,11.36,27873
13.47,10.44,27885
8.57,9.84,27896
6.63,10.76,27909
5.83,10.86,27920
9.21,12.48,27931
5.13,12.89,27943
7.55,12.06,27955
14.97,10.59,27967
12.80,11.08,27978
3.53,11.88,27991
9.33,12.13,28002
9.78,13.31,28014
9.81,13.54,28025
2.69,12.88,28038
9.68,10.63,28049
16.63,9.63,28061
9.90,10.30,28072
2.71,10.62,28085
7.13,11.93,28096
9.19,12.83,28107
7.91,13.33,28120
9.03,11.91,28131
14.08,11.33,28143
8.88,11.51,28154
7.25,12.17,28167
9.82,12.23,28178
8.72,12.99,28190
1.99,12.84,28201
12.67,11.15,28214
16.99,9.93,28225
7.93,9.83,28237
3.90,10.81,28249
6.90,10.94,28261
10.92,13.16,28272
9.46,13.06,28283
8.78,12.82,28296
11.82,11.18,28307
10.74,10.82,28319
9.64,11.00,28331
8.50,10.88,28343
8.77,11.72,28354
5.71,12.51,28366
2.21,12.17,28378
15.58,10.48,28390
16.55,10.54,28401
8.49,10.53,28413
1.22,11.56,28425
6.50,11.89,28437
14.08,13.23,28448
7.79,13.53,28460
3.76,12.10,28472
13.07,10.77,28483
15.09,10.19,28495
7.82,10.94,28507
6.72,10.97,28519
6.38,12.35,28530
5.79,12.32,28542
12.94,11.70,28554
13.69,10.44,28566
7.11,10.55,28577
4.98,11.40,28590
13.16,11.84,28601
11.45,13.49,28613
5.32,13.79,28624
5.51,13.19,28636
14.11,10.99,28648
17.10,10.16,28659
7.96,9.91,28672
1.28,10.37,28683
7.42,10.89,28695
11.74,12.24,28706
5.79,12.55,28719
11.14,11.56,28730
10.65,11.46,28742
10.37,11.24,28753
9.60,11.85,28766
10.46,12.13,28777
8.36,13.00,28789
6.30,12.89,28801
1.44,11.24,28812
18.37,9.76,28824
14.88,9.41,28835
4.20,10.30,28848
4.44,10.49,28859
11.70,12.04,28871
9.99,12.92,28882
6.15,13.20,28895
6.91,11.51,28906
14.41,11.16,28918
7.87,11.29,28930
6.50,11.41,28942
8.62,12.08,28953
6.80,12.84,28965
7.04,12.47,28977
12.80,10.68,28988
13.11,10.03,29000
5.14,9.80,29011
6.77,11.34,29024
12.88,11.32,29035
10.30,13.69,29047
1.42,13.82,29059
8.12,12.87,29071
17.94,10.89,29082
14.76,10.63,29094
4.29,11.11,29106
5.65,11.03,29118
7.03,11.47,29129
12.26,12.16,29140
5.02,12.03,29153
9.68,10.49,29164
12.38,10.82,29176
8.97,10.98,29188
8.43,12.04,29200
11.32,12.45,29211
5.54,13.67,29223
4.56,13.39,29235
11.10,11.54,29247
16.30,10.73,29258
12.15,10.31,29271
4.58,10.59,29282
2.73,11.23,29294
11.66,12.15,29305
2.81,12.84,29317
8.97,11.72,29329
14.03,11.26,29340
10.73,10.72,29352
8.37,11.78,29364
8.55,11.67,29376
7.50,13.19,29387
5.40,13.01,29400
11.23,12.01,29411
14.23,10.21,29423
7.66,9.86,29434
6.26,10.38,29447
6.57,10.85,29458
10.56,11.85,29470
9.71,13.18,29481
3.64,13.43,29493
8.05,11.62,29505
19.51,11.35,29516
11.21,10.90,29529
2.50,11.90,29540
8.06,11.56,29552
10.18,12.66,29563
7.25,12.50,29576
7.44,10.74,29587
13.04,10.21,29599
9.67,9.67,29611
5.19,10.84,29623
9.89,11.33,29634
8.59,13.07,29646
7.48,13.74,29658
4.13,13.01,29669
13.10,11.28,29681
14.09,10.84,29692
2.49,10.92,29705
7.83,10.93,29716
10.73,11.40,29728
8.37,12.17,29740
3.24,12.15,29752
12.38,10.52,29763
12.12,10.44,29775
8.97,10.45,29787
5.24,11.97,29799
10.66,12.34,29810
7.83,14.11,29822
3.95,13.74,29834
11.29,12.44,29845
18.43,11.07,29857
7.32,10.33,29869
5.85,10.96,29881
7.81,10.85,29892
9.37,11.99,29904
5.35,12.36,29916
8.64,11.46,29928
8.63,10.84,29939
14.68,10.58,29952
10.27,11.78,29963
6.79,12.16,29975
8.50,13.43,29986
10.89,13.78,29999
3.58,13.02,30010
12.86,10.96,30021
13.97,10.43,30033
8.76,10.09,30045
3.64,10.41,30057
8.96,10.89,30068
9.74,12.41,30081
2.28,12.68,30092
15.27,11.36,30104
15.98,11.34,30115
8.65,11.15,30128
5.86,12.43,30139
8.26,12.25,30151
9.55,13.34,30162
6.55,13.07,30175
9.34,11.53,30186
12.42,9.84,30197
10.08,9.30,30210
6.31,10.13,30221
8.54,10.43,30233
7.91,12.06,30244
7.53,13.30,30257
4.85,12.98,30268
15.06,11.52,30280
15.62,11.58,30291
9.28,11.44,30304
1.79,12.10,30315
9.16,11.65,30327
11.24,12.81,30339
4.27,11.99,30351
5.64,10.22,30362
14.58,9.73,30373
10.12,9.54,30386
5.90,11.31,30397
6.96,11.78,30409
9.25,13.75,30420
7.93,14.33,30433
8.24,13.05,30444
12.91,12.14,30456
16.33,10.71,30468
4.86,11.43,30480
9.69,10.44,30491
6.86,11.67,30503
4.31,11.72,30515
6.94,11.40,30527
15.53,10.00,30538
11.95,10.23,30550
6.18,10.93,30562
6.67,11.68,30573
9.62,12.66,30585
11.11,13.60,30597
4.10,13.35,30609
11.99,11.25,30620
15.70,10.44,30632
8.55,9.88,30644
4.66,10.49,30656
9.19,10.51,30667
10.37,12.44,30680
3.38,12.55,30691
8.54,11.70,30703
13.49,10.92,30714
12.13,10.47,30726
6.16,11.76,30738
7.04,11.90,30749
9.69,12.78,30761
10.77,13.50,30773
2.63,11.89,30785
12.36,10.23,30796
14.28,9.37,30809
9.48,10.06,30820
2.56,10.60,30832
9.64,11.56,30843
6.36,13.09,30856
8.53,13.18,30867
14.45,11.65,30879
13.71,11.65,30891
8.81,11.40,30902
5.50,12.29,30914
11.43,11.74,30925
7.42,12.91,30938
4.33,12.35,30949
10.73,10.98,30961
14.84,9.88,30972
8.32,9.68,30985
5.08,11.13,30996
5.49,11.28,31008
11.54,13.30,31020
7.28,13.81,31032
6.04,13.41,31043
14.87,11.65,31054
13.37,10.86,31067
6.56,11.01,31078
5.69,11.00,31090
5.95,11.42,31101
9.08,12.53,31114
3.47,11.94,31125
11.87,10.75,31137
13.93,10.41,31149
9.20,10.73,31161
3.52,12.15,31172
10.12,12.17,31184
10.81,13.85,31196
9.28,13.55,31208
6.12,11.80,31219
11.02,10.61,31230
16.01,10.03,31243
4.40,11.03,31254
9.47,10.64,31266
9.13,12.26,31278
4.01,12.52,31290
10.44,11.79,31301
14.52,10.87,31313
9.84,10.67,31325
8.29,11.97,31337
8.14,12.12,31348
8.78,13.10,31361
7.42,13.61,31372
6.01,12.63,31384
12.35,10.78,31395
14.43,9.73,31407
6.41,9.87,31419
3.04,10.63,31430
8.76,11.13,31442
10.55,12.78,31454
5.43,12.95,31466
8.96,11.89,31477
14.13,11.42,31490
13.31,10.99,31501
6.49,12.12,31513
8.89,11.57,31524
8.60,13.32,31537
7.30,12.60,31548
6.21,11.39,31560
14.13,9.87,31571
11.22,9.31,31583
6.33,10.60,31595
6.04,10.76,31606
11.08,12.39,31619
4.49,13.62,31630
7.50,13.22,31642
16.97,11.50,31653
14.02,11.03,31666
5.76,10.81,31677
4.86,11.36,31689
8.47,11.42,31700
10.84,12.27,31713
5.68,12.08,31724
10.10,10.61,31736
11.86,9.89,31748
7.32,9.92,31759
7.60,11.33,31771
11.30,11.60,31782
7.98,13.65,31795
5.29,13.72,31806
8.14,12.63,31818
17.93,11.10,31830
12.91,10.46,31842
4.69,11.17,31853
3.96,10.34,31865
10.26,12.14,31877
9.22,12.15,31889
4.45,11.78,31900
9.62,10.57,31912
13.77,10.27,31924
9.84,11.52,31935
6.62,11.87,31947
8.99,12.72,31959
10.79,13.72,31971
5.32,12.88,31982
6.54,11.24,31994
15.99,10.17,32006
5.38,9.84,32018
5.30,10.97,32029
9.65,10.68,32041
9.13,12.52,32053
4.14,12.79,32065
11.27,11.84,32076
13.64,11.15,32089
10.76,10.70,32100
5.97,11.49,32111
7.66,11.31,32123
9.75,12.39,32135
6.97,12.65,32147
4.95,11.85,32158
13.87,10.15,32171
13.24,9.56,32182
4.36,10.43,32194
7.97,10.80,32205
9.61,12.40,32218
7.97,13.50,32229
6.17,13.46,32241
11.66,11.67,32252
13.59,10.55,32265
11.46,10.57,32276
4.27,11.00,32287
7.54,10.88,32300
9.78,12.25,32311
4.46,12.02,32323
4.50,11.14,32334
15.21,10.22,32347
14.15,10.29,32358
7.94,11.87,32370
5.23,11.51,32381
8.42,13.34,32394
6.29,13.16,32405
8.70,12.56,32417
15.45,10.94,32429
11.68,9.95,32441
2.08,10.49,32452
9.71,10.27,32463
8.65,11.32,32476
4.58,12.41,32487
6.80,12.47,32499
14.93,10.82,32510
12.11,10.75,32523
8.37,10.89,32534
5.55,12.04,32546
8.81,11.80,32558
11.60,13.12,32570
4.66,12.59,32581
7.00,11.16,32593
14.89,9.98,32605
10.36,9.73,32617
4.73,10.33,32628
7.49,10.73,32640
7.97,12.40,32652
7.60,12.75,32663
5.88,12.17,32675
12.55,11.20,32687
16.02,10.77,32699
7.30,11.66,32710
5.39,11.30,32722
11.90,12.87,32734
8.66,12.78,32746
5.36,12.47,32757
10.34,10.42,32770
13.19,9.73,32781
5.62,10.25,32793
6.87,10.82,32804
9.69,12.06,32816
9.70,13.46,32828
4.52,13.26,32839
13.59,11.85,32851
15.49,10.95,32863
8.74,10.66,32875
5.56,11.65,32886
7.46,10.96,32899
10.03,12.73,32910
4.54,12.61,32922
7.94,11.78,32933
15.20,10.40,32946
9.64,10.18,32957
5.16,11.30,32968
10.83,11.76,32980
9.67,12.76,32992
7.79,13.53,33004
4.76,12.65,33015
13.30,10.96,33028
15.12,10.09,33039
9.15,10.47,33051
1.04,10.66,33062
8.11,11.48,33075
10.39,12.29,33086
6.99,12.97,33098
7.01,11.42,33110
13.20,11.21,33122
12.86,10.77,33133
7.27,11.38,33144
9.02,11.66,33157
8.61,13.00,33168
5.77,12.75,33180
13.45,11.90,33191
12.76,10.42,33204
8.75,9.95,33215
4.03,10.81,33227
9.97,10.55,33239
10.72,12.70,33251
5.20,12.78,33262
4.34,12.94,33274
15.28,10.94,33286
13.74,10.93,33298
7.63,11.30,33309
7.07,11.78,33320
6.72,12.28,33333
10.57,13.07,33344
6.06,12.46,33356
11.19,10.67,33368
13.56,10.03,33380
7.47,9.94,33391
5.76,10.90,33403
8.64,11.07,33415
8.87,13.02,33427
5.10,13.24,33438
8.14,12.37,33451
16.04,11.36,33462
15.59,10.85,33474
4.34,11.42,33485
6.79,11.28,33497
11.42,12.42,33509
8.32,12.75,33520
3.84,11.89,33532
9.57,10.07,33544
13.20,9.86,33556
7.17,10.37,33567
4.85,11.17,33580
10.59,12.28,33591
6.35,13.09,33603
6.71,13.12,33614
16.24,11.30,33627
13.04,10.54,33638
6.06,10.84,33650
6.10,11.15,33661
9.98,11.61,33673
11.07,12.28,33685
3.84,12.65,33696
8.33,11.04,33709
14.85,10.84,33720
12.35,10.06,33732
5.74,11.41,33743
10.17,11.07,33756
5.58,13.22,33767
9.33,12.99,33779
8.31,12.56,33790
13.28,10.94,33803
10.85,10.27,33814
9.10,10.51,33826
3.33,10.81,33838
13.10,11.57,33849
8.15,12.94,33861
0.85,12.88,33872
8.07,10.81,33885
19.52,10.70,33896
11.00,10.72,33908
5.48,11.86,33920
4.48,12.01,33932
10.80,13.25,33943
6.19,13.03,33955
12.03,11.23,33967
10.58,10.08,33979
7.10,9.87,33990
9.38,10.63,34002
8.20,11.23,34014
7.85,12.41,34025
6.21,13.23,34037
9.29,12.77,34049
16.65,11.12,34061
13.89,11.03,34072
3.62,11.25,34084
7.48,11.06,34096
10.92,12.26,34108
8.53,12.41,34119
4.43,12.37,34131
10.58,10.39,34143
12.68,9.88,34155
10.13,10.29,34166
4.96,10.81,34179
7.92,12.08,34190
8.92,13.62,34201
5.16,13.64,34213
9.25,12.03,34225
18.00,11.11,34237
9.87,10.19,34248
4.68,11.27,34260
8.05,10.64,34272
10.77,12.27,34284
8.53,12.68,34295
2.00,11.78,34308
10.82,10.23,34319
16.77,10.41,34331
5.04,11.16,34342
7.92,11.93,34354
9.27,12.51,34366
9.18,13.21,34377
8.51,12.51,34390
11.81,10.48,34401
13.46,10.05,34413
4.53,10.16,34424
7.86,10.62,34437
9.87,11.33,34448
6.77,12.42,34460
3.42,12.63,34471
13.98,11.06,34484
13.91,10.75,34495
9.95,10.78,34507
4.31,11.82,34519
9.85,11.60,34530
11.44,12.95,34542
7.75,12.78,34553
4.68,11.77,34566
15.96,10.25,34577
11.27,9.84,34589
9.05,10.63,34600
5.03,10.77,34613
8.04,12.32,34624
8.97,12.87,34636
8.66,12.71,34648
8.10,11.27,34660
15.63,10.92,34671
9.97,11.22,34683
7.07,11.18,34695
8.64,11.98,34706
9.11,12.64,34718
6.90,12.27,34729
13.95,10.55,34742
14.60,10.02,34753
3.99,10.02,34765
5.01,11.34,34777
13.33,11.60,34789
8.70,13.28,34800
4.44,13.31,34812
10.72,11.91,34824
14.61,10.87,34836
11.03,10.23,34847
6.66,10.75,34860
7.24,10.74,34871
8.75,12.12,34882
6.27,12.63,34894
6.33,11.95,34906
13.73,10.75,34918
13.48,10.66,34929
6.03,11.16,34941
7.90,11.45,34953
8.99,12.35,34965
10.08,13.00,34976
3.82,12.90,34989
10.09,10.71,35000
15.09,10.45,35012
11.25,9.90,35023
2.82,11.03,35036
8.82,11.27,35047
10.35,12.81,35058
7.12,13.00,35070
4.63,11.62,35082
16.06,10.44,35094
12.34,10.53,35105
5.36,11.48,35118
8.43,11.52,35129
8.72,12.83,35141
8.13,13.08,35152
6.38,12.12,35165
14.87,10.54,35176
12.57,9.80,35188
3.98,10.51,35200
7.94,10.47,35212
9.18,12.07,35223
5.06,12.57,35234
7.75,12.89,35247
14.19,11.05,35258
11.87,11.05,35270
8.64,10.81,35281
5.00,11.38,35294
9.79,11.48,35305
11.66,12.89,35317
1.70,12.78,35329
7.34,11.12,35341
18.45,10.68,35352
10.47,9.99,35364
5.76,11.28,35376
6.47,11.33,35388
8.70,13.37,35399
10.79,13.71,35410
6.36,12.79,35423
10.45,11.49,35434
15.33,10.94,35446
9.61,11.30,35458
6.20,11.21,35470
10.90,11.78,35481
7.96,12.71,35493
9.77,12.13,35505
15.81,10.45,35517
11.84,10.35,35528
4.76,10.70,35540
6.57,11.52,35552
11.41,12.24,35564
10.12,13.49,35575
4.34,13.59,35587
9.49,11.83,35599
15.85,10.88,35610
9.76,10.30,35622
5.71,10.94,35634
7.51,11.16,35646
8.69,12.28,35657
5.26,12.79,35670
9.43,11.98,35681
12.84,11.25,35693
11.46,11.01,35704
7.02,11.90,35717
8.72,12.05,35728
9.93,13.45,35740
8.91,13.70,35751
3.19,12.76,35763
12.23,10.69,35775
13.68,10.17,35786
9.94,10.16,35799
2.75,10.96,35810
6.98,11.57,35822
8.89,13.05,35833
7.67,13.03,35846
6.24,12.01,35857
13.41,11.56,35869
13.20,11.13,35880
8.05,11.64,35893
9.00,11.65,35904
7.27,12.67,35916
2.99,12.49,35928
11.05,10.89,35939
16.53,10.23,35951
7.78,9.77,35962
4.09,11.08,35975
10.10,11.33,35986
8.55,13.05,35998
8.49,13.53,36009
8.33,12.88,36022
13.29,11.23,36033
11.88,10.70,36045
10.14,11.02,36057
5.72,10.94,36069
9.35,11.46,36080
8.70,12.68,36092
3.36,12.07,36104
11.25,10.71,36115
15.23,10.35,36127
9.45,10.52,36139
4.54,11.80,36151
9.60,12.00,36162
12.22,13.81,36174
7.34,13.71,36186
5.92,12.14,36198
14.39,10.79,36209
14.84,10.05,36221
5.77,11.14,36233
7.59,10.77,36245
7.88,12.38,36256
6.61,12.75,36269
12.21,12.19,36280
13.31,10.82,36291
10.30,10.74,36303
6.11,11.36,36315
6.84,11.67,36327
13.11,12.40,36338
8.68,13.16,36350
2.78,12.66,36362
13.63,10.72,36374
14.63,10.23,36385
8.06,9.96,36398
4.98,11.03,36409
9.05,11.49,36421
7.99,13.26,36432
5.54,13.17,36444
11.71,11.94,36456
13.79,11.07,36467
10.29,10.52,36480
5.06,11.56,36491
8.26,11.20,36503
9.21,12.83,36514
7.51,12.80,36527
3.82,11.70,36538
12.60,10.24,36550
15.28,9.70,36561
6.83,10.73,36574
3.90,10.96,36585
9.54,12.41,36597
10.32,13.30,36609
4.72,13.02,36620
8.57,11.56,36632
14.10,11.00,36643
14.01,10.95,36656
6.63,11.49,36667
9.62,11.41,36679
6.79,12.60,36690
4.71,12.20,36703
13.92,10.87,36714
12.62,10.41,36726
8.38,10.04,36738
6.35,11.39,36750
10.91,11.43,36761
9.84,13.62,36773
4.69,13.38,36785
8.55,12.32,36796
17.03,10.94,36808
12.03,10.25,36819
5.05,11.25,36832
6.08,10.84,36843
8.59,12.42,36855
10.22,12.67,36867
5.24,12.58,36879
12.26,10.87,36890
14.53,10.74,36902
7.84,11.05,36914
6.18,11.61,36926
12.30,12.22,36937
6.86,13.09,36950
5.80,12.56,36961
8.86,10.86,36972
14.79,10.12,36984
12.54,9.78,36996
6.64,11.16,37008
3.66,10.95,37019
11.31,13.07,37031
6.36,13.03,37043
9.80,11.97,37055
13.29,11.49,37066
11.46,10.55,37079
7.38,11.77,37090
8.37,11.19,37102
8.19,12.69,37113
5.31,12.78,37126
7.91,12.10,37137
16.57,10.41,37148
11.85,10.14,37160
4.01,10.63,37172
7.60,11.09,37184
10.54,12.11,37195
11.64,13.46,37208
1.95,13.28,37219
11.00,11.71,37231
14.93,10.76,37242
10.75,10.65,37255
5.27,11.42,37266
9.70,11.47,37278
6.04,12.69,37289
6.25,12.51,37302
8.80,11.25,37313
15.39,10.80,37324
11.63,10.43,37337
6.32,11.97,37348
5.38,11.46,37360
13.04,13.49,37371
9.46,13.52,37384
2.90,12.62,37395
11.71,11.12,37407
15.08,10.24,37419
5.81,11.00,37431
4.67,11.02,37442
8.54,12.15,37454
8.46,13.07,37466
7.71,12.79,37478
12.64,11.29,37489
12.44,10.91,37500
5.60,10.49,37513
9.97,12.09,37524
9.69,11.53,37536
7.75,13.22,37548
1.97,12.87,37560
12.56,11.21,37571
16.62,10.54,37583
8.88,10.44,37595
3.77,11.39,37607
7.07,11.62,37618
8.90,12.81,37630
12.17,12.99,37642
3.10,12.51,37654
9.78,10.74,37665
18.19,10.46,37677
7.42,11.21,37689
4.66,11.06,37700
11.11,12.38,37712
5.58,13.05,37724
6.29,12.13,37736
15.20,10.72,37747
9.85,9.72,37760
11.32,10.50,37771
4.73,10.68,37783
6.58,11.30,37794
12.30,12.85,37807
4.23,12.71,37818
16.10,11.35,37830
13.86,10.52,37841
9.89,10.12,37853
3.51,11.46,37865
7.42,10.95,37876
10.81,12.68,37889
2.81,12.44,37900
8.80,11.78,37912
17.81,10.32,37923
6.66,10.14,37936
7.53,11.18,37947
8.05,11.13,37959
6.13,12.73,37970
10.65,13.01,37983
5.13,12.79,37994
11.93,10.72,38005
16.65,10.06,38018
6.79,10.34,38029
4.91,10.77,38041
10.36,11.50,38052
6.59,12.74,38065
7.56,12.74,38076
8.05,11.52,38088
12.97,10.70,38099
15.44,10.78,38112
4.19,11.78,38123
7.13,11.78,38135
10.17,13.34,38147
4.91,12.91,38159
7.60,11.68,38170
12.69,10.66,38181
11.68,9.99,38194
4.10,10.84,38205
7.63,10.99,38217
12.66,12.68,38228
5.65,12.70,38241
4.93,12.71,38252
17.58,10.91,38264
11.11,10.56,38276
4.97,11.34,38288
9.95,11.10,38299
8.21,12.62,38311
5.13,12.90,38323
7.79,12.36,38335
10.45,10.87,38346
16.50,9.78,38358
9.93,9.99,38370
3.58,10.60,38381
8.24,11.01,38393
12.87,12.72,38405
2.87,12.89,38417
8.65,12.15,38428
14.88,11.20,38440
12.78,10.74,38452
10.07,11.63,38464
7.33,11.17,38475
6.54,12.61,38488
9.15,12.49,38499
2.72,11.74,38511
13.27,10.03,38522
13.41,9.71,38534
8.60,10.33,38546
3.81,11.02,38557
10.46,12.52,38569
9.50,13.69,38581
5.44,13.44,38593
17.73,11.51,38604
13.18,10.76,38617
6.01,10.60,38628
6.90,10.98,38640
7.57,10.76,38651
6.72,11.91,38664
7.08,11.91,38675
9.15,11.08,38687
15.09,10.08,38699
9.56,10.38,38710
5.23,11.49,38722
8.67,11.65,38733
11.37,13.42,38746
5.13,13.43,38757
7.30,12.74,38769
14.28,10.95,38780
11.89,10.01,38793
6.92,10.60,38804
4.96,10.36,38816
8.51,11.50,38828
10.79,12.23,38840
1.40,12.17,38851
11.33,10.68,38863
17.63,10.68,38875
9.41,11.12,38886
5.43,12.09,38898
8.81,12.29,38909
9.85,13.37,38922
9.62,13.29,38933
7.26,11.45,38945
10.57,10.11,38957
12.40,9.49,38969
6.29,10.29,38980
7.61,10.70,38992
8.12,12.22,39004
2.95,12.87,39016
12.38,11.81,39027
14.80,10.96,39040
11.92,10.58,39051
2.73,11.71,39062
8.24,11.32,39074
12.79,12.88,39086
7.60,13.05,39098
1.81,12.17,39109
13.65,10.46,39121
13.79,9.18,39133
10.20,9.96,39145
3.51,10.83,39156
7.77,11.53,39169
10.04,13.33,39180
3.38,12.98,39192
12.82,11.92,39203
17.76,11.29,39216
6.68,10.52,39227
6.45,11.59,39238
9.83,10.78,39250
7.46,12.44,39262
8.44,12.11,39274
4.69,11.12,39285
9.43,9.93,39298
14.92,9.79,39309
8.90,10.78,39321
4.02,11.74,39332
8.82,13.07,39345
10.95,13.72,39356
8.68,13.15,39368
17.59,11.13,39379
9.99,10.52,39392
3.48,10.59,39403
11.34,10.59,39414
9.05,11.71,39427
5.13,12.39,39438
8.73,12.72,39450
10.47,11.23,39461
14.53,10.76,39474
10.96,11.28,39485
4.95,11.94,39497
9.95,12.43,39508
9.79,13.60,39521
5.66,13.02,39532
11.20,12.10,39544
13.62,10.50,39556
10.41,10.25,39568
7.10,11.23,39579
5.23,11.02,39590
11.44,12.54,39603
8.57,12.86,39614
-0.35,12.54,39626
14.41,10.96,39638
15.52,10.72,39650
9.81,11.30,39661
7.73,11.46,39673
6.66,12.47,39685
8.52,12.53,39697
9.49,12.64,39708
5.85,10.44,39720
14.39,10.20,39732
12.70,9.88,39744
9.99,10.84,39755
9.90,11.53,39767
6.31,13.14,39779
3.73,13.61,39790
14.76,12.28,39802
16.19,11.45,39814
7.86,10.98,39826
4.62,11.89,39837
7.80,11.23,39849
12.34,12.41,39861
5.57,12.20,39873
5.66,11.87,39884
11.55,10.47,39897
13.93,10.07,39908
9.89,11.30,39919
6.13,11.48,39931
7.58,12.66,39943
7.70,13.47,39955
5.02,12.88,39966
14.48,11.12,39979
14.64,10.56,39990
5.27,10.66,40002
4.70,11.24,40013
10.76,11.54,40026
9.85,12.92,40037
7.26,12.86,40049
1.35,11.43,40060
16.45,10.42,40073
15.83,10.35,40084
4.20,11.27,40095
5.39,11.66,40108
7.35,12.64,40119
9.71,13.23,40131
9.24,12.17,40142
12.59,10.46,40155
10.03,10.16,40166
5.63,10.65,40178
9.56,10.82,40189
7.43,11.60,40202
4.54,12.37,40213
7.13,12.43,40225
12.79,10.85,40237
15.19,11.16,40249
8.41,11.70,40260
4.42,12.42,40271
10.99,13.00,40284
11.23,13.20,40295
4.38,13.01,40307
11.69,10.79,40318
12.26,10.09,40331
8.52,9.75,40342
8.74,10.76,40354
5.83,11.22,40366
8.81,13.03,40378
7.36,13.26,40389
6.34,12.48,40401
15.37,11.17,40413
12.88,10.70,40425
5.04,11.21,40436
8.57,11.57,40448
7.88,12.41,40460
10.03,13.11,40471
5.12,12.27,40483
7.04,10.73,40495
16.00,10.22,40507
13.67,10.47,40518
8.26,11.29,40530
8.40,11.91,40542
6.51,13.07,40554
10.73,12.83,40565
13.62,11.11,40578
10.35,10.88,40589
6.96,10.89,40601
6.49,11.36,40612
12.43,11.77,40624
7.60,12.55,40636
4.13,12.72,40647
9.05,11.13,40659
14.95,10.38,40671
12.89,10.08,40683
4.94,10.97,40694
4.95,11.26,40707
10.46,13.00,40718
8.90,13.16,40730
5.37,12.73,40741
16.14,11.23,40754
11.61,10.77,40765
7.53,11.23,40777
9.59,10.74,40788
8.55,12.10,40800
5.98,12.51,40812
5.75,12.29,40823
8.75,10.61,40836
16.13,10.44,40847
12.73,10.73,40859
2.02,11.73,40870
6.75,11.72,40883
12.72,13.55,40894
9.66,13.34,40906
11.92,12.19,40918
13.63,10.93,40930
8.83,10.22,40941
6.65,11.29,40953
8.52,11.18,40965
7.91,12.05,40976
4.03,12.64,40988
9.88,11.47,40999
14.09,9.98,41012
8.85,10.22,41023
6.24,10.89,41035
8.97,11.63,41047
9.38,12.77,41059
11.03,13.08,41070
2.22,13.10,41082
11.41,10.65,41094
17.97,10.49,41106
10.94,10.38,41117
1.00,10.69,41129
6.82,11.33,41141
8.78,12.16,41152
8.15,12.50,41164
9.04,11.53,41176
14.34,11.20,41188
9.72,11.08,41199
7.52,11.90,41211
9.13,11.81,41223
10.65,13.22,41235
4.36,12.76,41246
5.14,11.18,41259
13.25,9.84,41270
14.74,9.38,41282
1.66,10.67,41293
6.96,11.26,41306
11.64,12.19,41317
6.42,13.66,41328
6.48,12.62,41340
14.61,11.38,41352
13.07,10.78,41364
7.59,10.94,41375
8.26,11.60,41388
8.52,11.90,41399
5.50,12.39,41411
6.65,12.26,41422
12.26,10.12,41435
13.78,10.14,41446
6.65,9.90,41458
6.29,11.24,41469
6.99,11.61,41482
11.24,13.36,41493
6.95,13.40,41504
4.89,12.41,41517
15.30,11.13,41528
16.10,10.69,41540
5.42,11.43,41551
7.22,11.06,41564
8.29,12.70,41575
7.65,12.31,41587
6.14,12.04,41598
11.66,10.40,41611
14.31,10.20,41622
9.38,10.80,41634
5.47,11.57,41646
10.14,12.41,41657
10.13,13.69,41669
6.94,13.14,41680
15.68,11.41,41693
12.64,10.70,41704
7.43,10.47,41716
5.10,11.28,41728
7.77,11.48,41740
9.66,12.74,41751
3.67,12.97,41763
11.57,11.37,41775
15.37,11.05,41787
10.46,10.39,41798
5.16,11.42,41810
9.67,11.24,41822
9.57,12.80,41833
6.63,12.93,41845
6.38,12.15,41857
13.48,10.70,41869
12.53,10.25,41880
7.61,10.85,41892
5.26,11.22,41904
10.79,12.52,41916
6.96,13.14,41927
3.90,12.92,41939
11.70,11.26,41951
14.77,10.87,41963
9.06,10.95,41974
5.36,11.48,41987
8.55,12.01,41998
10.12,13.30,42009
8.56,13.20,42021
5.31,11.53,42033
15.39,10.98,42045
11.87,10.20,42056
6.05,11.48,42068
9.92,11.03,42080
11.31,12.84,42092
3.16,12.97,42103
8.71,11.94,42116
18.10,10.96,42127
9.50,10.49,42139
5.66,11.67,42150
9.08,11.66,42163
7.93,12.48,42174
