9⸮8357.00
-256099.00
11.55,13.63,1134
14.42,13.68,1136
11.88,15.75,1137
8.65,17.15,1148
11.04,18.24,1160
13.51,17.35,1172
14.32,15.48,1183
16.32,15.42,1196
10.58,14.63,1207
5.53,16.64,1219
10.80,16.57,1230
16.70,15.29,1243
10.85,15.51,1254
8.67,13.40,1265
12.92,14.12,1277
11.99,15.67,1289
11.03,16.75,1301
13.42,17.79,1312
11.76,16.96,1325
9.26,15.55,1336
14.93,14.96,1348
17.66,14.64,1359
8.92,16.71,1372
5.52,17.33,1383
13.54,16.11,1395
15.28,15.30,1406
11.59,13.90,1418
11.15,13.92,1430
10.71,16.02,1441
8.92,16.66,1454
14.29,17.77,1465
16.36,17.35,1477
8.22,15.56,1488
7.47,15.35,1501
18.46,14.73,1512
6.07,16.29,1524
9.55,17.24,1536
10.23,15.56,1548
13.54,15.62,1559
15.36,14.00,1571
12.71,14.12,1583
5.52,16.19,1594
8.51,16.65,1606
17.67,18.13,1617
16.35,17.16,1630
7.11,15.57,1641
10.95,15.15,1653
15.56,14.35,1665
10.42,15.86,1677
9.81,16.60,1688
13.22,15.93,1700
6.35,16.11,1712
10.52,14.07,1724
19.85,14.03,1735
11.67,15.89,1747
5.86,17.42,1759
11.06,18.48,1770
13.83,17.30,1782
16.10,15.88,1794
11.47,15.18,1806
10.36,14.98,1817
11.27,15.86,1829
9.21,17.24,1841
14.04,15.95,1853
14.37,15.95,1864
5.12,14.37,1876
13.51,14.17,1888
18.85,16.50,1900
10.31,17.13,1911
13.82,18.51,1924
12.13,17.10,1935
15.39,15.05,1946
16.14,14.98,1958
6.69,13.91,1970
7.36,16.17,1982
13.03,16.87,1993
13.61,16.16,2006
12.28,16.51,2017
7.84,14.78,2029
15.60,14.64,2040
14.02,16.56,2053
9.35,17.11,2064
13.37,18.28,2076
12.04,17.14,2087
11.19,14.99,2100
16.33,14.82,2111
13.22,13.97,2122
7.04,16.39,2135
8.52,17.09,2146
13.40,16.18,2158
15.38,16.63,2169
10.95,14.54,2182
9.68,14.62,2193
15.05,16.10,2205
11.29,16.80,2216
9.36,17.52,2229
13.18,16.65,2240
12.47,14.83,2252
12.09,14.70,2264
16.41,14.63,2276
12.81,16.44,2287
9.37,17.76,2298
17.03,16.65,2311
14.58,16.62,2322
9.11,15.09,2334
14.05,14.39,2345
10.72,16.61,2358
9.98,16.64,2369
15.38,17.49,2381
14.13,16.88,2393
7.51,14.55,2405
13.98,14.98,2416
16.64,13.96,2428
9.03,16.37,2440
8.41,17.76,2452
11.87,16.59,2463
14.03,17.46,2475
12.50,14.78,2487
13.91,15.16,2498
13.02,16.12,2510
7.31,16.90,2522
12.85,17.80,2534
15.48,16.77,2545
10.02,15.29,2557
8.30,14.75,2569
17.18,14.24,2581
11.17,16.16,2592
7.89,17.49,2605
11.42,16.44,2616
14.29,16.63,2628
12.03,14.83,2639
15.05,14.97,2651
13.38,16.45,2663
9.35,17.51,2674
16.74,18.02,2686
13.54,16.94,2698
8.35,15.20,2710
13.34,14.70,2721
16.13,14.13,2734
8.32,15.89,2745
10.17,17.45,2757
12.55,16.25,2768
9.69,16.51,2781
12.87,14.32,2792
18.21,14.90,2804
7.85,16.10,2816
7.07,17.27,2827
15.10,18.27,2839
15.65,16.70,2850
10.06,15.74,2863
11.35,14.56,2874
11.76,14.09,2886
10.18,15.57,2897
10.60,16.54,2910
13.08,16.45,2921
9.10,16.12,2933
10.07,14.71,2945
15.23,14.91,2957
16.42,16.08,2968
6.89,17.50,2980
9.18,18.19,2992
14.35,16.68,3003
12.62,15.11,3015
13.71,14.22,3026
13.23,13.49,3039
9.56,15.77,3050
7.26,16.56,3062
14.50,16.57,3074
11.39,16.59,3086
9.98,15.08,3097
15.96,15.54,3109
14.09,16.68,3121
8.18,17.75,3133
12.89,18.22,3144
13.27,16.94,3156
8.79,15.05,3168
15.68,14.17,3179
14.02,13.51,3191
6.94,15.50,3203
7.80,16.50,3215
14.26,16.01,3226
13.51,16.62,3238
10.52,15.09,3250
13.94,15.41,3262
13.54,17.05,3273
9.72,17.81,3286
14.68,18.87,3297
15.01,17.42,3309
10.51,15.31,3320
10.72,14.29,3332
18.06,13.01,3344
8.60,14.79,3355
6.22,16.19,3367
12.04,15.85,3379
12.38,16.92,3391
9.98,14.67,3402
14.56,15.60,3415
13.92,16.70,3426
10.36,17.77,3438
11.05,18.93,3449
11.62,16.52,3462
11.04,15.39,3473
14.17,13.52,3485
12.24,13.21,3496
6.55,14.88,3508
8.56,15.95,3520
12.32,16.43,3531
13.00,16.51,3544
11.55,15.88,3555
16.58,15.55,3567
11.75,17.36,3578
9.47,17.98,3591
12.90,18.73,3602
15.45,17.01,3614
10.27,15.03,3625
11.44,14.15,3638
12.89,12.56,3649
9.69,14.96,3661
9.29,16.02,3673
11.82,16.13,3684
11.24,17.18,3696
11.62,15.52,3707
17.39,16.54,3720
14.72,17.17,3731
9.73,18.08,3743
9.24,18.81,3755
14.72,16.21,3767
13.79,14.90,3778
11.72,13.44,3790
9.92,12.76,3802
10.42,15.18,3814
9.32,16.13,3825
11.91,16.59,3837
10.58,17.06,3849
11.23,15.45,3860
19.02,16.18,3872
12.09,17.06,3884
6.84,17.97,3896
11.74,18.83,3907
14.96,16.30,3919
11.88,14.99,3931
11.37,13.53,3943
11.47,12.39,3954
7.22,14.64,3966
9.38,15.89,3978
16.28,16.46,3990
13.00,17.20,4001
9.61,15.76,4014
15.97,16.43,4025
17.07,17.26,4036
10.97,18.06,4048
10.79,18.92,4060
12.17,16.38,4072
11.72,14.63,4083
12.28,13.25,4096
16.49,12.60,4107
7.14,15.34,4119
3.00,16.54,4130
15.17,16.88,4143
15.63,17.83,4154
12.34,16.02,4166
10.65,16.38,4177
14.97,17.07,4190
14.06,17.58,4201
11.76,18.44,4212
12.37,15.84,4225
7.91,14.59,4236
15.50,12.99,4248
15.55,12.51,4259
3.76,15.36,4272
8.28,16.51,4283
18.11,16.95,4295
12.90,17.44,4306
12.69,15.98,4319
15.05,16.01,4330
9.91,16.80,4342
11.39,17.09,4354
14.54,17.45,4365
12.38,15.69,4377
8.50,14.12,4388
8.91,13.32,4401
13.94,12.69,4412
11.43,15.20,4424
7.77,17.14,4435
10.39,17.24,4448
12.36,17.90,4459
12.42,16.07,4471
17.53,16.20,4483
13.78,16.84,4495
7.09,17.46,4506
11.59,18.16,4518
14.23,16.27,4530
13.52,14.89,4541
9.17,14.23,4553
12.33,13.42,4564
13.90,15.78,4577
9.35,17.11,4588
10.78,17.32,4600
14.92,17.72,4612
13.57,15.72,4624
18.35,16.04,4635
10.40,16.24,4647
5.70,17.09,4659
14.30,17.98,4671
14.32,15.87,4682
9.66,15.29,4695
11.57,13.50,4706
11.46,13.32,4717
9.62,15.26,4729
11.02,16.53,4741
13.44,17.27,4753
10.27,17.31,4764
10.42,15.59,4776
15.39,15.80,4788
18.14,16.01,4800
8.36,17.11,4811
7.19,17.77,4824
13.51,15.59,4835
14.70,15.19,4847
13.08,13.48,4858
12.80,13.78,4871
7.73,15.77,4882
8.32,16.66,4893
14.82,17.53,4905
14.88,17.25,4917
10.37,15.77,4929
10.57,15.58,4940
16.65,15.77,4953
13.67,16.99,4964
9.62,17.70,4976
10.34,15.91,4987
11.26,15.14,5000
15.17,13.98,5011
14.25,13.38,5023
5.72,16.43,5035
10.64,16.74,5047
14.86,17.83,5058
13.94,17.46,5069
13.77,15.53,5082
12.37,16.05,5093
12.21,15.76,5105
13.48,17.28,5116
12.39,17.63,5129
12.87,15.86,5140
10.87,15.11,5152
10.95,13.52,5164
16.93,13.35,5176
11.80,16.06,5187
4.88,17.01,5199
12.60,17.27,5211
16.50,17.29,5223
12.26,15.24,5234
14.50,15.45,5245
11.88,15.54,5258
8.22,16.62,5269
12.55,17.72,5281
13.52,15.88,5293
12.84,15.47,5305
7.39,14.27,5316
11.30,13.69,5328
17.10,16.11,5340
8.77,17.09,5352
8.78,17.33,5363
14.98,17.62,5376
10.97,14.99,5387
18.53,15.40,5399
9.39,15.05,5410
4.50,16.27,5422
15.70,17.49,5434
14.19,15.44,5445
8.45,15.28,5457
9.74,13.82,5469
11.48,13.53,5481
10.36,16.10,5492
9.68,17.20,5505
13.82,18.06,5516
12.12,18.20,5528
9.24,15.30,5539
18.17,15.49,5552
15.12,15.07,5563
4.24,16.14,5575
10.69,17.18,5586
13.64,15.11,5598
10.47,14.84,5610
15.26,13.67,5621
11.45,13.76,5634
8.34,16.51,5645
9.77,17.56,5657
15.23,17.86,5668
15.59,17.96,5681
12.70,15.37,5692
10.49,15.07,5704
15.72,14.98,5715
11.52,15.18,5728
7.53,16.59,5739
10.98,14.29,5750
10.15,14.31,5763
10.84,13.71,5774
11.61,13.58,5786
6.91,17.08,5797
12.45,18.38,5810
17.04,18.32,5821
13.55,18.38,5833
10.43,15.33,5844
11.60,15.16,5857
11.73,14.58,5868
9.33,14.86,5880
9.67,16.47,5892
9.41,14.52,5904
10.67,14.77,5915
13.20,13.84,5926
14.98,14.25,5939
12.02,17.46,5950
7.20,18.36,5962
12.64,18.87,5974
17.64,17.86,5986
11.68,15.12,5997
10.44,14.26,6009
13.71,13.70,6021
8.27,14.70,6033
9.64,15.96,6044
13.61,15.22,6056
8.08,15.28,6068
9.15,14.44,6080
16.07,14.66,6091
17.15,17.01,6103
8.86,18.45,6115
8.12,17.93,6126
14.60,17.69,6138
17.65,14.96,6150
10.03,14.18,6162
9.77,13.83,6173
4.97,14.58,6185
14.99,16.20,6197
14.84,15.07,6209
5.60,14.95,6220
10.21,15.06,6233
16.48,15.11,6244
13.29,17.96,6256
10.77,18.49,6267
12.26,18.57,6279
12.00,17.63,6291
12.37,14.45,6302
15.04,14.09,6315
11.66,13.73,6326
6.11,15.24,6338
7.96,16.48,6349
17.70,15.38,6362
13.46,16.12,6373
6.94,14.94,6385
14.33,15.29,6396
15.42,17.58,6409
9.15,18.59,6420
14.07,19.02,6432
14.48,17.36,6444
9.44,14.88,6455
11.90,13.61,6467
18.70,13.37,6478
7.66,15.09,6491
3.65,16.33,6502
12.88,15.75,6514
14.31,16.26,6525
8.38,15.24,6538
16.83,15.56,6549
8.20,17.59,6561
12.92,18.43,6573
16.37,18.07,6585
8.15,16.90,6596
10.83,14.02,6608
14.80,13.29,6620
10.56,13.14,6631
7.02,14.57,6643
8.72,16.55,6654
10.15,15.59,6667
12.74,16.30,6678
13.06,15.75,6690
14.21,15.82,6702
11.43,18.16,6714
11.18,18.22,6725
13.96,17.67,6737
13.89,16.55,6749
9.03,13.40,6761
10.50,13.36,6772
13.17,13.16,6785
10.51,15.16,6796
8.19,17.15,6807
12.67,15.92,6819
13.55,16.62,6831
12.94,15.48,6843
13.61,15.64,6854
15.81,17.60,6866
8.14,17.89,6878
9.75,17.51,6890
18.26,16.23,6901
11.47,13.64,6914
7.43,13.23,6925
-392.17,13.10,6937
12.87,14.84,6948
11.18,16.49,6971
12.72,16.05,6982
16.41,16.49,6994
14.08,15.72,7006
10.49,15.69,7017
9.73,17.73,7028
12.19,17.89,7040
14.23,17.72,7051
9.91,16.23,7062
10.84,13.78,7074
14.37,13.41,7086
8.26,13.27,7097
7.27,15.09,7108
14.33,17.14,7119
11.42,16.15,7131
11.24,16.87,7142
17.75,15.59,7153
11.98,15.41,7165
6.27,17.48,7177
13.70,17.42,7188
15.54,17.80,7199
8.74,16.25,7211
8.77,14.00,7222
15.68,13.90,7233
7.91,13.17,7244
7.46,15.59,7257
14.05,16.82,7268
9.37,16.42,7279
7.85,16.69,7290
18.24,15.19,7302
14.09,15.43,7313
7.57,17.11,7324
9.28,17.66,7335
14.39,17.62,7348
13.81,15.86,7359
11.86,13.68,7371
9.99,13.40,7383
10.45,13.43,7395
7.89,15.75,7406
12.13,17.18,7418
14.73,16.58,7430
10.01,16.72,7442
10.49,15.36,7453
16.14,14.99,7465
11.97,17.03,7477
9.26,17.39,7488
11.45,17.31,7500
11.06,16.65,7512
13.08,13.78,7524
13.41,13.82,7535
9.30,13.17,7547
8.67,15.19,7559
9.14,16.80,7571
13.22,15.91,7582
16.81,16.68,7595
9.21,15.44,7606
11.57,15.18,7618
16.37,17.10,7629
10.49,17.01,7642
9.05,17.04,7653
15.52,16.17,7664
10.13,13.55,7676
9.14,13.86,7688
17.31,13.27,7700
3.87,15.38,7711
13.53,16.77,7724
15.75,15.56,7735
10.07,16.53,7747
13.85,15.06,7758
13.51,15.46,7771
10.25,17.18,7782
11.25,17.77,7794
15.52,17.65,7805
10.89,16.46,7818
8.31,13.80,7829
13.74,13.29,7840
14.30,13.29,7853
8.10,14.78,7864
7.07,16.84,7876
14.51,15.77,7887
12.47,16.91,7900
12.34,15.61,7911
15.93,15.41,7923
13.29,17.36,7934
6.91,17.27,7947
11.82,17.74,7958
15.80,15.88,7970
9.55,13.86,7982
9.21,13.43,7994
12.40,12.75,8005
10.03,15.35,8016
7.91,16.53,8029
12.92,16.59,8040
11.40,16.91,8052
11.81,15.52,8064
16.21,15.73,8076
15.08,17.01,8087
8.83,17.34,8099
14.64,17.01,8111
11.88,15.62,8123
8.50,12.96,8134
11.72,12.93,8146
11.70,12.81,8158
8.36,15.74,8170
10.67,17.34,8181
12.62,16.70,8193
9.70,17.52,8205
15.53,15.36,8216
16.18,15.50,8228
11.17,16.87,8240
6.30,17.14,8252
11.96,17.07,8263
13.78,15.43,8275
11.08,13.39,8287
8.09,13.20,8299
11.24,13.36,8310
9.82,15.46,8323
11.03,17.70,8334
14.39,16.85,8345
10.40,17.75,8357
9.00,15.77,8369
18.11,15.62,8381
15.81,17.09,8392
9.55,16.80,8404
8.86,17.32,8416
10.39,15.39,8428
14.08,13.43,8439
11.37,13.63,8452
11.88,13.52,8463
9.14,15.78,8475
12.75,17.29,8486
18.26,16.74,8499
11.16,17.78,8510
10.52,16.13,8521
17.49,15.98,8534
12.88,17.39,8545
7.77,17.13,8557
12.46,17.65,8568
12.71,15.20,8581
10.22,13.45,8592
12.93,13.03,8604
12.29,13.13,8615
4.57,15.98,8628
9.96,17.51,8639
17.88,17.60,8651
12.87,17.95,8663
9.11,16.10,8675
17.48,15.53,8686
12.99,16.60,8697
6.45,17.11,8710
11.09,17.13,8721
12.09,15.59,8733
10.16,13.58,8744
12.51,13.21,8757
13.35,13.41,8768
9.65,15.74,8780
6.96,18.23,8792
13.43,17.32,8804
15.76,17.87,8815
8.98,15.52,8827
15.30,15.08,8839
16.59,16.79,8851
7.67,16.64,8862
13.62,17.32,8873
8.87,15.83,8886
9.56,13.68,8897
13.84,13.41,8909
10.55,13.27,8921
9.18,15.86,8933
10.96,17.71,8944
13.96,17.12,8956
11.33,17.72,8968
11.78,15.88,8980
16.76,15.32,8991
11.43,16.46,9004
7.17,16.29,9015
14.04,16.63,9027
12.24,14.93,9038
9.66,13.28,9050
11.11,13.40,9062
10.67,13.81,9073
8.25,16.16,9085
12.63,17.92,9097
14.50,17.27,9109
12.17,17.65,9120
9.24,15.79,9133
17.76,14.98,9144
16.30,16.63,9156
7.27,16.37,9167
7.69,16.68,9180
12.52,14.79,9191
11.78,13.15,9203
12.41,13.14,9214
11.18,13.69,9226
9.08,16.07,9238
8.58,17.97,9249
15.23,17.57,9262
11.92,18.00,9273
10.69,16.18,9285
18.81,15.26,9296
13.52,16.21,9309
7.25,16.15,9320
9.02,16.68,9332
12.38,14.91,9344
10.56,13.58,9356
13.63,13.22,9367
12.50,13.56,9379
5.71,15.99,9391
8.71,17.80,9402
17.49,17.74,9414
15.18,17.78,9425
8.73,16.56,9438
14.63,15.88,9449
16.23,16.26,9461
7.92,16.78,9473
11.82,16.36,9485
13.07,15.18,9496
4.95,13.48,9508
14.97,13.06,9520
19.68,13.84,9532
6.49,16.50,9543
5.90,18.37,9555
15.61,18.02,9567
14.78,17.63,9578
14.13,15.72,9590
15.44,15.02,9602
8.72,15.68,9614
8.83,15.85,9625
14.17,16.08,9637
8.92,15.26,9649
8.26,13.54,9661
12.66,13.49,9672
16.96,13.44,9684
10.90,16.49,9696
5.81,18.53,9708
13.50,18.01,9719
14.59,17.78,9731
15.67,15.35,9743
14.01,14.97,9754
5.56,15.62,9766
6.04,15.44,9778
15.86,16.12,9790
14.82,14.55,9801
6.13,14.09,9814
6.20,13.79,9825
14.52,13.84,9837
15.41,16.91,9848
9.36,18.35,9861
11.25,18.42,9872
12.60,17.90,9884
13.45,15.65,9895
18.10,15.01,9907
15.54,15.67,9919
1.93,16.01,9930
8.55,16.00,9943
17.54,14.75,9954
14.31,13.69,9966
6.73,13.55,9977
8.89,14.09,9990
10.87,16.79,10001
12.91,18.40,10013
14.28,18.06,10024
7.53,18.19,10037
14.18,15.59,10048
19.88,14.59,10060
11.60,15.59,10072
2.22,15.68,10083
9.74,16.65,10095
14.58,14.90,10106
15.79,14.05,10119
11.35,14.71,10130
9.25,14.68,10142
8.49,17.75,10153
15.72,18.84,10166
18.57,18.49,10177
12.47,18.66,10189
6.14,15.73,10201
16.63,15.21,10213
16.38,15.34,10224
9.70,15.50,10236
5.97,16.47,10248
10.00,15.03,10259
12.62,14.23,10271
13.94,14.25,10283
14.59,14.42,10295
5.16,17.43,10306
5.91,18.86,10318
19.29,18.37,10330
18.40,18.70,10342
9.42,16.18,10353
10.00,15.65,10365
14.56,15.47,10377
14.43,15.42,10389
11.82,16.12,10400
8.42,14.46,10413
10.52,13.46,10424
15.05,13.41,10435
16.08,14.11,10447
3.75,17.38,10459
8.14,18.74,10471
21.90,18.12,10482
14.80,18.35,10494
8.20,15.32,10506
13.52,14.77,10518
8.35,14.57,10529
8.12,14.99,10542
16.68,15.94,10553
7.56,14.50,10565
6.39,14.64,10576
12.57,14.31,10589
16.88,15.11,10600
14.58,17.86,10611
7.40,19.64,10624
9.81,19.06,10635
17.94,18.66,10647
14.74,15.41,10658
13.34,14.64,10671
10.75,14.79,10682
4.28,14.94,10694
10.61,15.81,10705
17.48,14.41,10718
10.33,14.26,10729
4.05,13.84,10741
14.51,14.40,10753
16.02,17.17,10765
10.86,18.68,10776
11.62,18.85,10787
11.35,18.28,10800
16.02,15.90,10811
18.33,14.84,10823
7.77,15.27,10834
2.85,15.08,10847
12.54,15.40,10858
14.31,14.15,10870
9.11,13.75,10882
10.09,13.76,10894
12.11,14.59,10905
9.80,17.32,10917
12.78,19.09,10929
17.72,18.91,10940
11.96,18.48,10952
7.76,15.48,10963
17.15,14.37,10976
14.38,14.25,10987
4.70,14.24,10999
8.83,15.57,11011
11.15,13.83,11023
11.86,14.18,11034
14.95,13.84,11046
13.18,14.65,11058
8.60,17.48,11070
11.72,18.48,11081
14.83,18.75,11094
16.81,17.76,11105
11.82,15.11,11116
9.71,14.52,11128
14.67,14.11,11140
11.15,15.21,11152
6.57,16.12,11163
12.91,14.94,11175
8.12,14.90,11187
18.83,14.23,11199
14.29,14.71,11210
5.42,17.59,11223
13.17,18.70,11234
13.43,18.41,11246
17.06,17.99,11257
11.29,14.88,11270
11.45,14.72,11281
10.86,13.99,11292
7.42,14.82,11304
13.87,15.97,11316
13.34,14.75,11328
6.39,14.95,11339
12.97,14.45,11352
16.86,15.01,11363
10.81,17.81,11375
11.51,18.89,11386
12.92,18.38,11399
10.47,18.33,11410
16.34,14.80,11422
12.32,14.65,11433
11.04,14.48,11446
8.56,14.99,11457
6.40,16.72,11468
14.53,14.84,11481
14.69,15.47,11492
7.30,14.92,11504
13.09,15.39,11515
15.70,18.17,11528
9.65,18.91,11539
15.49,18.62,11551
13.09,17.77,11563
9.67,14.72,11575
16.91,13.79,11586
7.78,14.46,11598
6.81,14.72,11610
8.10,16.69,11621
17.19,15.11,11633
12.08,15.30,11644
11.58,15.39,11657
13.46,14.94,11668
12.32,17.75,11680
10.50,18.08,11692
17.63,17.65,11704
10.59,17.40,11715
7.85,14.38,11727
15.28,14.28,11739
15.17,14.57,11751
5.42,15.19,11762
8.37,17.16,11774
11.23,15.24,11786
13.39,15.22,11797
11.59,14.66,11809
14.13,14.48,11821
10.07,17.45,11833
8.68,18.01,11844
14.52,18.18,11856
17.06,17.60,11868
9.65,14.75,11880
10.13,14.29,11891
16.61,14.01,11904
10.72,14.86,11915
7.28,16.60,11927
13.35,15.26,11938
9.96,15.61,11951
9.83,15.04,11962
16.31,15.04,11973
7.82,17.77,11985
10.49,18.59,11997
16.08,18.21,12009
12.62,17.35,12020
10.75,14.46,12033
13.37,13.97,12044
8.82,13.77,12056
5.53,14.92,12067
10.96,16.31,12080
12.20,15.48,12091
10.50,15.83,12103
10.68,15.40,12114
15.08,15.65,12127
13.17,17.97,12138
8.79,19.03,12149
12.40,18.04,12162
15.74,17.05,12173
8.37,14.15,12185
12.60,13.52,12196
15.98,13.66,12209
6.00,14.78,12220
6.31,16.68,12232
14.91,15.53,12243
11.06,15.84,12256
13.33,15.19,12267
14.85,15.31,12279
8.35,17.45,12291
9.78,17.92,12303
15.44,17.88,12314
13.46,17.13,12325
11.11,14.13,12338
8.59,13.84,12349
14.24,13.42,12361
5.62,15.09,12372
9.01,16.40,12385
11.45,15.46,12396
8.72,15.91,12408
15.57,14.61,12420
19.45,15.55,12432
6.58,17.38,12443
6.35,18.32,12455
15.48,17.82,12467
16.64,16.33,12478
10.29,14.03,12490
10.67,13.33,12502
9.27,13.27,12514
7.14,14.68,12525
11.91,16.42,12537
14.90,16.16,12549
8.34,16.65,12561
7.97,15.51,12572
18.61,15.51,12584
17.99,17.28,12596
6.50,17.82,12608
9.98,17.44,12619
12.91,16.39,12632
10.99,13.59,12643
15.86,13.21,12654
12.31,13.41,12666
3.69,15.23,12678
9.22,17.07,12690
17.23,16.08,12701
11.30,17.01,12713
10.67,15.34,12725
10.09,15.32,12737
13.73,16.66,12748
9.78,16.97,12761
9.68,17.25,12772
10.01,15.74,12784
11.31,13.66,12795
18.11,13.36,12808
10.22,13.44,12819
2.86,15.57,12830
9.70,17.13,12843
17.91,16.03,12854
13.41,16.91,12866
11.41,15.25,12877
11.86,15.58,12890
10.91,17.12,12901
12.77,17.35,12913
14.67,17.62,12924
11.20,16.22,12937
6.62,13.85,12948
13.10,14.06,12960
16.62,13.85,12972
8.64,16.56,12984
6.36,17.94,12995
13.24,17.01,13006
15.15,17.39,13019
12.78,15.48,13030
15.43,15.45,13042
10.38,16.73,13053
7.02,16.76,13066
15.50,16.67,13077
16.42,15.95,13089
7.36,13.87,13101
9.16,13.91,13113
15.56,13.93,13124
12.14,16.08,13136
9.41,18.38,13148
9.52,16.60,13159
14.67,16.71,13171
16.39,14.84,13182
13.66,14.39,13195
9.80,16.67,13206
6.75,16.11,13218
15.52,16.95,13230
15.78,15.71,13242
7.64,13.87,13253
12.20,14.27,13265
12.07,14.13,13277
8.03,16.26,13289
13.83,17.88,13300
12.95,16.82,13313
9.31,17.15,13324
13.03,15.05,13335
14.48,14.52,13347
13.89,16.17,13359
9.07,16.30,13371
6.56,16.50,13382
12.13,15.75,13394
13.27,13.79,13406
10.72,14.17,13418
15.27,14.55,13429
8.35,16.58,13442
8.02,18.25,13453
16.56,16.99,13465
15.49,17.16,13476
8.03,15.57,13489
11.65,14.46,13500
16.15,16.02,13511
8.00,16.25,13523
11.77,16.37,13535
10.81,16.00,13547
9.92,13.38,13558
14.71,14.31,13571
13.79,14.11,13582
4.83,16.51,13594
12.24,18.62,13605
17.57,17.24,13618
11.10,17.56,13629
10.08,15.48,13641
16.51,14.14,13652
8.71,15.80,13665
8.87,15.56,13676
13.16,16.41,13687
9.94,15.64,13700
8.97,14.01,13711
13.91,14.85,13723
14.80,14.97,13734
10.43,17.24,13747
8.43,18.83,13758
14.66,16.98,13770
15.24,16.93,13782
10.57,14.74,13794
14.19,13.73,13805
12.67,15.83,13817
4.78,16.13,13829
12.98,16.66,13840
16.54,16.19,13852
7.95,13.91,13863
9.57,14.49,13876
17.36,14.57,13887
11.48,16.62,13899
13.10,18.82,13911
14.63,16.98,13923
10.03,17.14,13934
15.40,14.87,13946
13.63,14.08,13958
9.88,15.76,13970
9.69,15.96,13981
14.42,16.44,13993
9.58,16.38,14005
9.59,14.27,14016
13.36,15.06,14028
15.67,14.70,14040
10.46,16.38,14052
9.12,18.25,14063
12.65,16.42,14075
15.31,16.90,14087
10.97,14.61,14099
13.37,14.07,14110
11.53,15.58,14123
7.01,15.92,14134
12.09,16.77,14146
16.51,16.06,14157
8.84,14.59,14170
10.02,14.55,14181
14.98,14.40,14192
12.18,16.43,14204
7.86,17.78,14216
12.24,16.50,14228
12.50,16.17,14239
13.75,14.50,14252
13.04,14.11,14263
13.92,15.91,14275
5.02,16.54,14286
16.31,17.19,14299
12.60,16.06,14310
6.42,14.34,14322
13.57,14.41,14333
14.48,14.21,14346
8.16,16.17,14357
10.82,17.88,14368
14.14,16.63,14381
8.07,16.56,14392
13.69,14.57,14404
16.76,13.96,14415
8.45,16.35,14428
6.07,16.35,14439
14.58,17.41,14451
13.64,16.40,14462
9.64,14.50,14475
12.99,14.83,14486
12.61,14.07,14498
9.20,15.99,14510
11.91,17.41,14522
13.18,16.09,14533
10.41,16.98,14544
12.15,14.58,14557
12.46,14.47,14568
14.41,15.75,14580
8.91,16.07,14592
7.99,17.18,14604
13.26,15.58,14615
13.73,14.97,14627
8.88,14.77,14639
14.74,14.65,14651
11.92,16.57,14662
8.36,17.19,14674
14.56,16.44,14686
8.82,16.08,14698
12.70,14.36,14709
14.57,13.90,14721
10.89,15.30,14733
8.06,16.24,14744
12.82,17.01,14756
12.53,16.34,14768
11.09,14.36,14780
12.28,14.43,14791
15.89,13.84,14803
8.60,15.93,14815
9.73,17.45,14827
11.73,16.29,14838
13.81,16.51,14851
9.90,14.27,14862
14.72,13.93,14873
12.82,15.45,14885
9.34,16.30,14897
10.38,17.81,14909
14.23,16.76,14920
11.24,15.29,14932
11.86,14.95,14944
16.51,13.98,14956
11.50,16.51,14967
5.43,17.35,14980
14.29,16.20,14991
14.74,16.78,15003
9.66,14.23,15014
12.03,14.45,15027
15.57,15.82,15038
7.05,16.28,15049
10.13,17.64,15062
12.93,15.79,15073
10.15,15.36,15085
15.93,14.74,15096
12.67,14.38,15109
7.76,16.55,15120
12.22,17.07,15132
13.21,16.74,15143
11.60,16.66,15156
12.40,14.47,15167
13.02,14.78,15179
11.07,15.86,15191
8.47,16.54,15203
12.17,17.41,15214
15.71,16.27,15225
9.46,14.97,15238
9.27,14.86,15249
16.27,14.35,15261
10.64,16.67,15272
9.31,17.76,15285
13.88,16.75,15296
10.54,16.68,15308
10.44,13.98,15320
15.20,14.35,15332
14.00,15.54,15343
6.69,16.36,15355
9.35,17.91,15367
13.34,16.22,15379
13.96,15.11,15390
8.76,14.64,15401
14.50,14.14,15414
10.60,16.34,15425
7.19,17.10,15437
14.23,16.55,15449
8.14,16.58,15461
14.42,14.69,15472
15.86,14.51,15484
8.65,15.71,15496
8.21,16.18,15508
11.89,17.70,15519
12.81,16.01,15532
11.56,15.00,15543
11.94,14.80,15555
12.10,13.89,15566
8.00,16.47,15578
10.77,16.72,15590
16.01,16.46,15601
11.01,16.59,15613
8.53,14.25,15625
15.06,14.41,15637
13.77,15.56,15648
7.65,16.54,15661
11.16,17.67,15672
12.63,16.05,15684
10.35,14.71,15695
12.27,14.05,15708
14.37,13.62,15719
7.41,15.99,15730
9.33,17.11,15742
12.93,16.24,15754
12.96,16.64,15766
12.06,14.34,15777
12.47,14.69,15790
13.14,15.96,15801
9.90,16.40,15813
11.59,17.96,15824
14.32,16.14,15837
11.60,15.14,15848
14.52,14.45,15860
11.90,13.63,15872
8.22,16.56,15884
10.80,16.97,15895
12.50,16.61,15906
13.45,16.75,15919
11.66,14.65,15930
14.56,14.69,15942
11.75,16.22,15953
7.55,16.74,15966
13.05,17.45,15977
15.14,16.35,15989
8.57,14.83,16001
10.41,14.63,16013
14.86,13.71,16024
10.60,16.21,16036
10.31,17.58,16048
11.93,16.45,16060
11.75,17.06,16071
12.44,14.72,16082
14.44,14.65,16095
13.36,16.45,16106
9.14,16.60,16118
9.87,17.85,16130
15.12,16.25,16142
12.94,14.75,16153
8.21,14.73,16165
11.82,13.50,16177
12.88,16.17,16189
6.99,17.52,16200
12.35,16.59,16212
14.10,17.24,16224
9.60,14.84,16236
15.91,14.85,16247
11.94,15.58,16259
8.54,16.02,16271
11.74,17.61,16282
12.55,16.05,16294
10.19,15.20,16306
14.17,14.93,16318
14.58,14.47,16329
6.37,16.97,16342
8.95,17.64,16353
19.00,17.43,16365
13.40,17.12,16376
7.76,14.88,16389
15.43,14.68,16400
11.70,15.18,16411
7.83,15.96,16423
10.91,17.13,16435
12.80,16.14,16447
7.07,15.07,16458
15.44,14.63,16471
18.15,14.26,16482
8.56,16.74,16494
5.37,17.80,16505
14.07,16.73,16518
15.27,16.84,16529
12.36,14.23,16541
11.20,14.45,16552
11.89,15.32,16565
10.92,16.28,16576
12.64,17.36,16587
13.87,16.33,16600
9.71,14.66,16611
16.17,14.43,16623
13.37,13.61,16634
8.84,16.11,16647
8.77,17.65,16658
13.51,16.63,16670
14.99,17.43,16681
12.65,14.74,16694
11.12,14.72,16705
11.64,15.64,16717
8.59,15.53,16729
12.17,17.18,16741
14.40,15.14,16752
8.67,14.65,16763
10.72,14.09,16776
15.42,13.88,16787
10.92,16.46,16799
9.17,17.70,16811
13.08,17.11,16823
12.58,17.08,16834
11.99,14.94,16846
16.50,14.34,16858
13.11,15.68,16870
5.76,16.01,16881
10.12,16.92,16893
15.94,15.92,16905
11.41,14.54,16917
9.02,14.69,16928
14.12,14.35,16940
13.43,16.70,16952
10.01,18.19,16963
13.88,17.18,16975
11.83,17.15,16987
8.54,14.50,16999
16.74,14.00,17010
8.86,15.17,17022
5.92,15.53,17034
12.47,17.21,17046
14.19,15.59,17057
12.09,14.97,17070
11.00,14.70,17081
10.98,14.39,17092
8.91,16.63,17104
13.46,17.87,17116
15.13,17.44,17128
9.12,17.46,17139
9.53,15.36,17152
16.59,14.89,17163
14.55,15.53,17175
7.62,16.12,17186
7.14,17.28,17199
12.64,15.46,17210
13.89,14.97,17222
12.84,14.29,17233
11.98,14.64,17246
8.58,16.85,17257
8.34,17.81,17268
16.41,17.97,17281
16.77,17.40,17292
5.34,15.09,17304
9.35,14.05,17315
18.29,14.65,17328
10.90,15.80,17339
9.07,17.49,17351
9.56,16.07,17362
8.09,15.43,17375
14.44,14.68,17386
11.96,14.86,17398
4.68,17.02,17410
9.75,17.53,17422
18.77,17.08,17433
13.70,16.44,17444
7.26,14.11,17457
13.23,13.58,17468
11.17,14.42,17480
10.21,15.67,17491
13.53,17.38,17504
10.19,15.96,17515
7.61,15.78,17527
14.27,14.88,17539
16.16,14.75,17551
10.44,17.17,17562
8.83,17.76,17574
10.40,17.54,17586
15.44,16.64,17598
13.99,14.11,17609
14.00,14.24,17620
10.74,14.56,17633
6.78,15.81,17644
11.19,16.79,17656
16.19,15.26,17668
10.71,15.79,17680
7.93,14.52,17691
13.04,15.00,17703
15.60,16.79,17715
12.37,17.57,17727
8.16,17.50,17738
11.48,15.93,17751
13.44,14.00,17762
13.47,13.61,17773
5.09,14.39,17785
3.97,15.56,17797
16.45,16.69,17809
17.11,16.14,17820
8.86,15.85,17832
9.10,15.29,17844
14.10,15.04,17856
13.78,17.18,17867
14.11,17.65,17880
9.97,17.34,17891
8.51,16.69,17903
10.13,13.72,17914
19.01,13.37,17927
13.02,13.69,17938
2.82,15.11,17949
5.74,16.77,17961
15.96,15.75,17973
13.93,15.86,17985
12.41,15.35,17996
9.37,15.10,18009
8.09,17.14,18020
13.37,17.59,18032
17.08,17.37,18043
9.19,16.84,18056
7.80,13.93,18067
11.26,13.80,18079
17.67,14.17,18091
11.24,15.39,18103
4.47,17.11,18114
8.44,15.31,18125
17.25,15.67,18138
12.53,14.66,18149
15.01,14.76,18161
5.20,17.14,18172
14.85,17.63,18185
19.82,17.22,18196
7.68,17.02,18208
6.86,14.11,18220
15.54,13.95,18232
14.84,14.42,18243
9.06,15.72,18255
10.88,17.63,18267
7.56,16.20,18279
11.47,15.60,18290
18.67,14.78,18301
15.93,14.16,18314
3.05,17.32,18325
8.07,17.45,18337
15.44,17.01,18349
17.10,16.96,18361
8.87,13.70,18372
8.76,14.09,18384
10.24,13.90,18396
12.35,15.16,18408
11.55,17.30,18419
10.59,15.79,18432
7.40,16.05,18443
12.06,15.06,18454
17.61,14.54,18466
15.22,17.23,18478
4.46,17.46,18490
8.51,16.86,18501
14.41,16.12,18513
15.37,13.95,18525
8.75,13.77,18537
11.09,14.66,18548
11.61,15.24,18561
13.95,17.12,18572
12.53,15.96,18584
7.25,15.71,18595
14.19,15.28,18608
18.27,14.67,18619
12.17,17.26,18630
5.74,17.84,18642
11.72,17.02,18654
15.04,16.77,18666
12.03,14.03,18677
14.09,13.89,18690
11.31,15.00,18701
5.45,15.56,18713
11.85,17.69,18724
17.74,16.50,18737
10.01,16.12,18748
6.01,15.50,18760
19.06,14.14,18771
15.20,16.56,18784
5.55,17.23,18795
11.67,16.99,18806
11.97,16.48,18819
8.90,13.94,18830
16.84,14.29,18842
16.09,14.76,18853
2.18,16.11,18866
8.30,17.93,18877
19.23,16.82,18889
13.45,16.10,18900
8.86,15.53,18913
11.76,14.48,18924
13.06,16.86,18936
13.59,17.02,18948
13.91,17.01,18960
6.09,16.49,18971
11.47,14.16,18982
19.91,14.13,18995
12.42,14.88,19006
2.92,16.44,19018
11.25,17.89,19030
13.45,16.62,19042
14.05,15.95,19053
14.35,15.40,19065
13.11,14.66,19077
4.60,16.76,19089
13.67,17.50,19100
16.74,16.66,19112
10.40,17.10,19124
6.87,13.89,19135
13.42,14.11,19147
14.05,14.48,19159
10.92,15.76,19171
9.77,17.75,19182
9.12,16.27,19194
11.33,16.35,19206
15.48,15.28,19218
14.65,14.60,19229
10.95,16.97,19241
6.41,16.71,19253
11.84,16.28,19265
15.57,15.87,19276
11.50,13.75,19289
8.92,14.20,19300
12.03,14.80,19311
10.82,16.26,19323
12.09,17.91,19335
9.36,16.83,19347
11.86,16.48,19358
13.72,15.29,19371
15.92,14.35,19382
10.85,16.58,19394
5.21,16.68,19405
10.47,16.54,19418
17.39,15.46,19429
10.94,13.71,19441
10.88,13.79,19452
10.89,14.81,19465
8.06,16.16,19476
13.47,17.61,19487
15.78,17.06,19500
9.24,16.15,19511
9.32,15.33,19523
16.81,14.08,19534
13.71,16.40,19547
8.89,16.85,19558
9.99,16.46,19570
13.36,16.02,19581
11.87,13.66,19594
12.81,14.06,19605
14.73,14.64,19617
8.60,16.53,19629
7.35,18.02,19641
17.35,17.29,19652
16.00,16.76,19663
6.81,15.62,19676
15.91,14.64,19687
14.62,16.41,19699
6.31,16.50,19710
15.00,16.06,19723
6.75,15.86,19734
13.30,13.39,19746
14.71,14.14,19758
11.36,14.73,19770
9.33,16.82,19781
12.33,18.58,19793
14.20,17.38,19805
13.59,16.95,19817
13.14,15.42,19828
15.48,14.69,19840
9.81,16.43,19852
8.32,16.90,19863
14.73,16.44,19875
13.91,16.01,19887
6.81,14.01,19899
13.29,14.14,19910
14.66,15.32,19922
8.62,16.54,19934
8.58,18.65,19946
15.02,17.37,19957
12.56,16.79,19970
11.09,15.82,19981
15.93,14.39,19992
11.80,16.25,20004
7.04,16.43,20016
11.68,15.81,20028
11.83,16.05,20039
10.03,13.60,20051
11.23,14.26,20063
13.92,15.01,20075
10.86,16.48,20086
8.60,18.92,20099
14.62,17.11,20110
11.18,16.99,20122
12.91,15.37,20133
15.32,14.42,20146
7.93,16.08,20157
6.41,15.85,20168
14.75,15.98,20180
11.25,14.95,20192
8.28,13.42,20204
14.85,14.03,20215
12.09,15.21,20228
7.21,17.00,20239
13.11,18.84,20251
15.53,17.15,20262
11.13,16.80,20275
11.03,14.94,20286
15.46,13.67,20298
10.78,15.57,20310
5.81,15.86,20322
11.20,15.98,20333
13.95,15.82,20344
8.04,13.76,20357
12.08,14.54,20368
16.91,15.15,20380
6.51,17.03,20391
9.12,18.53,20404
17.03,17.06,20415
10.12,16.38,20427
11.32,15.04,20439
14.87,13.74,20451
12.35,16.00,20462
10.70,15.74,20474
11.29,16.09,20486
12.70,16.07,20498
12.75,13.66,20509
13.74,15.45,20520
12.70,15.57,20533
8.29,17.57,20544
11.13,18.70,20556
14.99,16.79,20568
13.30,16.03,20580
11.20,14.71,20591
14.52,13.64,20603
8.47,15.93,20615
7.98,16.22,20627
13.66,16.02,20638
14.34,15.89,20651
8.89,13.94,20662
11.43,15.12,20673
16.20,15.39,20685
11.34,17.34,20697
11.32,18.65,20709
14.13,17.32,20720
11.92,16.35,20732
10.96,14.46,20744
17.41,13.99,20756
11.31,15.78,20767
5.06,16.49,20780
12.09,15.99,20791
15.47,16.23,20803
9.85,14.24,20814
11.36,15.08,20827
15.96,16.03,20838
12.29,17.11,20849
8.94,18.49,20861
14.29,16.76,20873
9.68,15.60,20885
14.81,14.67,20896
15.08,13.18,20909
5.04,16.16,20920
7.83,16.21,20932
15.50,16.27,20943
12.79,16.70,20956
9.98,14.65,20967
13.79,15.82,20979
12.33,16.01,20990
10.22,17.22,21003
12.61,18.37,21014
13.78,16.82,21025
10.37,15.32,21038
10.22,14.50,21049
15.89,13.25,21061
9.79,15.70,21072
5.93,16.54,21085
13.55,16.53,21096
14.06,16.94,21108
12.26,15.05,21120
12.88,15.26,21132
13.07,16.01,21143
10.81,16.77,21155
10.84,17.96,21167
13.52,16.02,21179
12.35,15.28,21190
8.89,14.08,21201
14.05,13.06,21214
13.10,15.48,21225
4.88,16.42,21237
7.64,16.62,21249
16.47,16.61,21261
12.79,14.46,21272
16.00,15.16,21284
7.22,15.70,21296
7.75,16.85,21308
16.97,17.85,21319
11.29,16.28,21331
8.90,15.46,21343
12.43,13.99,21354
12.79,13.20,21366
9.17,15.85,21378
11.01,16.39,21390
12.08,16.81,21401
12.10,16.57,21413
10.72,14.59,21425
15.32,15.14,21437
14.75,15.43,21448
7.72,16.99,21460
8.77,17.45,21472
14.18,16.00,21484
11.71,15.26,21495
10.48,13.68,21508
13.99,13.45,21519
9.29,15.65,21530
8.17,16.53,21542
11.56,16.50,21554
12.47,16.53,21566
12.25,14.90,21577
12.70,15.57,21590
14.50,16.12,21601
12.21,17.49,21613
10.75,18.19,21624
12.94,16.17,21637
14.72,15.00,21648
11.10,13.56,21660
12.48,13.27,21671
10.09,15.44,21684
8.80,16.50,21695
13.39,16.58,21706
12.35,17.33,21719
11.55,15.24,21730
16.79,15.87,21742
14.42,16.65,21753
7.20,17.40,21766
10.54,18.48,21777
17.64,15.72,21789
11.10,15.25,21800
9.94,13.36,21813
13.65,13.01,21824
8.25,15.36,21836
6.99,16.02,21848
14.71,16.93,21859
11.89,16.73,21871
9.93,15.40,21882
16.12,15.82,21895
18.54,16.40,21906
9.54,17.84,21918
9.31,18.37,21929
14.77,16.27,21942
12.26,14.73,21953
11.45,13.22,21965
15.81,12.53,21977
9.32,14.88,21989
5.11,15.98,22000
12.68,16.32,22012
14.36,16.83,22024
10.68,15.36,22035
13.44,15.84,22047
11.85,17.01,22059
11.69,17.51,22071
11.74,18.56,22082
12.64,16.25,22094
7.85,14.62,22106
12.16,13.43,22118
15.64,12.28,22129
6.17,15.33,22141
6.43,16.34,22153
14.10,16.53,22165
12.16,17.23,22176
11.96,15.31,22189
16.58,16.13,22200
9.52,16.88,22211
7.22,17.28,22223
15.23,18.15,22235
14.67,15.67,22247
8.06,14.33,22258
9.90,13.15,22270
11.40,12.27,22282
11.66,15.28,22294
9.56,16.38,22305
8.43,17.02,22318
12.05,17.65,22329
12.80,15.55,22341
13.95,16.18,22352
17.10,16.81,22364
9.91,17.68,22376
4.82,17.88,22387
15.61,15.91,22400
14.32,14.27,22411
6.98,13.59,22423
10.87,12.65,22434
5.99,15.32,22447
14.87,17.21,22458
13.18,17.04,22470
10.75,18.20,22481
13.29,16.06,22494
16.16,16.53,22505
14.74,16.98,22517
9.33,16.75,22529
6.97,17.31,22540
14.61,15.09,22552
10.87,13.31,22563
10.02,12.95,22576
11.25,12.31,22587
7.18,15.41,22599
7.24,17.19,22610
19.06,17.43,22623
13.19,18.27,22634
8.00,16.20,22646
15.69,16.12,22658
17.28,16.45,22670
10.26,16.29,22681
10.98,17.16,22693
10.02,14.98,22705
9.44,13.47,22716
12.20,12.93,22728
16.24,12.66,22739
9.13,16.04,22752
6.17,17.37,22763
12.25,17.48,22775
17.55,18.23,22787
13.05,15.93,22799
12.15,15.96,22810
12.87,16.34,22822
7.38,16.20,22834
14.12,16.85,22846
11.63,14.79,22857
6.96,13.47,22870
14.47,12.95,22881
14.46,12.96,22892
7.88,16.31,22904
9.40,18.23,22916
14.37,18.01,22928
12.20,18.82,22939
16.27,16.05,22951
13.79,15.74,22963
11.97,15.95,22975
10.62,15.48,22986
9.94,16.68,22999
12.05,14.35,23010
11.56,13.88,23022
5.30,13.75,23033
13.86,13.55,23045
15.20,16.99,23057
6.82,18.26,23068
13.62,18.77,23080
16.44,18.54,23092
9.26,15.91,23104
16.70,15.58,23115
14.91,15.29,23128
6.15,15.47,23139
8.72,15.76,23151
15.28,14.42,23162
9.39,13.77,23175
8.21,13.94,23186
11.92,14.25,23198
10.90,17.34,23209
11.84,18.64,23221
14.37,18.39,23233
12.76,18.13,23244
12.51,15.51,23257
17.57,14.96,23268
8.15,15.46,23280
3.43,15.36,23291
12.78,15.92,23304
14.23,14.58,23315
8.91,13.58,23327
12.49,13.82,23339
12.32,13.74,23351
9.15,16.86,23362
8.82,18.25,23373
13.41,18.13,23386
11.96,17.90,23397
12.24,15.54,23409
12.63,14.79,23420
16.10,14.90,23433
8.70,15.07,23444
5.82,15.90,23456
12.07,14.53,23468
11.24,13.62,23480
9.50,13.68,23491
15.23,14.04,23503
10.77,16.86,23515
8.44,18.21,23527
13.27,18.20,23538
16.23,18.29,23549
12.21,15.58,23562
11.70,14.86,23573
13.75,14.79,23585
6.88,15.01,23597
10.85,16.19,23609
10.93,14.25,23620
9.49,14.11,23632
13.98,13.81,23644
13.50,14.43,23656
9.10,17.09,23667
10.20,18.36,23680
17.10,18.33,23691
13.08,17.96,23703
12.91,15.35,23714
16.02,14.34,23726
10.93,14.81,23738
4.27,15.16,23749
11.68,16.22,23761
15.07,14.61,23773
11.16,14.00,23785
8.70,13.82,23796
12.79,13.96,23809
10.75,17.10,23820
10.93,18.09,23832
16.33,18.02,23843
12.80,17.75,23856
9.89,15.09,23867
15.12,14.32,23879
15.18,14.50,23890
7.22,15.05,23902
5.07,15.88,23914
12.41,14.71,23925
13.45,14.31,23938
12.46,14.65,23949
11.00,14.81,23961
14.08,17.84,23972
15.04,19.01,23985
16.38,18.42,23996
10.40,17.72,24008
9.57,15.12,24019
16.46,14.21,24032
11.59,14.74,24043
8.79,15.37,24054
8.08,16.24,24067
10.92,15.11,24078
10.85,14.31,24090
17.26,14.08,24101
12.98,14.75,24114
7.42,17.69,24125
9.19,18.97,24137
16.62,18.42,24148
16.38,17.47,24161
9.15,15.13,24172
10.06,14.07,24184
13.22,14.48,24196
10.81,14.89,24208
8.20,16.09,24219
10.50,15.30,24230
9.04,14.32,24243
10.58,14.40,24254
18.80,14.55,24266
12.44,17.58,24278
3.27,18.70,24290
12.90,18.14,24301
19.04,17.84,24313
12.70,14.85,24325
11.95,14.68,24337
12.61,14.35,24348
8.71,15.63,24360
15.88,16.29,24372
9.86,15.54,24384
6.88,15.15,24395
14.04,14.42,24407
15.77,14.95,24419
9.23,17.15,24430
8.55,18.35,24442
13.84,17.91,24454
14.68,17.24,24466
13.39,14.82,24477
15.04,14.24,24489
10.13,14.79,24501
5.54,15.62,24513
13.12,16.18,24524
14.98,15.71,24537
8.51,14.95,24548
10.33,15.23,24559
15.73,15.04,24571
11.28,17.62,24583
12.46,19.02,24595
10.82,17.95,24606
12.30,17.47,24619
14.71,14.35,24630
13.69,14.07,24642
12.48,14.62,24653
9.17,15.41,24666
6.02,16.57,24677
14.42,15.73,24689
14.61,15.08,24700
7.79,14.86,24713
15.62,14.92,24724
13.91,17.36,24735
5.64,18.25,24748
15.86,17.17,24759
9.41,17.13,24771
10.21,14.23,24782
16.27,14.11,24795
12.32,14.53,24806
7.67,15.94,24818
11.15,17.35,24829
15.10,15.79,24842
11.64,15.58,24853
14.78,14.85,24865
12.32,15.30,24877
8.37,17.55,24889
10.19,18.10,24900
17.47,17.61,24911
13.07,16.98,24924
7.90,14.32,24935
12.34,14.10,24947
14.31,14.21,24958
8.52,15.69,24971
8.72,16.79,24982
12.60,15.99,24994
10.89,15.78,25006
11.26,15.21,25018
18.93,15.14,25029
11.54,17.44,25041
3.94,18.09,25053
13.60,17.11,25064
16.13,16.48,25076
9.40,13.71,25088
12.34,14.04,25100
11.57,14.34,25111
6.33,15.44,25123
12.20,17.00,25135
9.59,16.08,25147
10.35,15.79,25158
13.48,15.51,25170
16.06,15.26,25182
8.61,17.62,25194
6.99,18.03,25205
15.68,17.11,25218
15.43,16.70,25229
9.86,13.73,25240
15.82,13.70,25252
8.53,14.57,25264
3.81,15.66,25276
14.24,17.43,25287
15.81,15.97,25299
8.25,16.02,25311
12.50,15.64,25323
16.91,15.52,25334
11.58,17.59,25347
10.04,18.03,25358
14.08,16.94,25370
11.79,16.31,25381
10.45,13.41,25394
15.76,13.13,25405
12.76,14.48,25416
4.50,15.43,25428
10.29,17.43,25440
16.50,16.30,25452
11.85,15.80,25463
9.86,15.60,25476
13.83,14.77,25487
12.45,17.20,25499
12.09,17.42,25510
10.76,16.71,25523
11.78,16.15,25534
12.19,13.38,25546
15.09,13.53,25558
9.04,14.58,25569
3.94,15.82,25581
13.85,17.18,25592
17.51,16.23,25605
11.04,15.88,25616
10.70,15.64,25628
13.93,14.78,25639
9.40,17.15,25652
12.00,17.21,25663
13.36,16.60,25675
9.93,15.67,25687
9.95,13.18,25699
15.76,13.26,25710
12.70,14.37,25722
7.25,16.20,25734
7.99,17.44,25745
15.99,17.35,25757
13.58,16.40,25768
12.04,15.83,25781
17.43,15.25,25792
10.64,16.82,25804
8.12,17.79,25816
13.13,15.75,25828
15.20,15.89,25839
8.49,12.99,25851
11.07,13.18,25863
11.93,14.58,25875
8.48,15.30,25886
9.08,17.92,25899
13.08,16.60,25910
11.02,16.26,25921
17.09,15.95,25933
14.15,15.40,25945
7.98,17.84,25957
10.14,17.83,25968
13.97,16.34,25980
13.29,15.96,25992
8.09,13.16,26004
12.81,13.27,26015
9.73,14.76,26028
6.29,15.94,26039
15.18,18.09,26051
14.80,16.93,26062
9.72,16.46,26075
14.33,15.70,26086
15.82,15.06,26097
9.68,17.04,26109
11.25,17.37,26121
10.89,15.91,26133
10.84,15.79,26144
9.92,12.88,26157
13.54,12.85,26168
11.98,14.26,26180
7.25,15.73,26191
7.08,17.83,26204
15.49,16.71,26215
13.17,16.32,26227
12.12,15.63,26238
12.48,14.95,26250
13.09,16.41,26262
9.56,16.82,26273
12.14,16.01,26286
12.10,15.73,26297
10.60,13.52,26309
18.01,13.57,26320
10.41,15.30,26333
8.28,16.42,26344
11.40,18.57,26356
14.88,17.32,26368
11.59,16.57,26380
15.78,15.91,26391
13.64,15.12,26403
8.18,16.91,26415
9.66,16.82,26426
15.80,15.75,26438
11.26,15.51,26449
9.85,13.68,26462
12.01,14.19,26473
12.89,15.78,26485
10.28,16.80,26497
12.79,18.55,26509
14.32,17.25,26520
11.56,16.69,26532
12.37,15.37,26544
16.67,14.88,26556
11.68,16.00,26567
7.24,16.54,26579
12.06,15.85,26591
14.97,15.43,26602
10.84,13.98,26614
10.89,13.99,26626
16.13,15.62,26638
7.36,16.78,26649
9.45,18.45,26661
17.57,17.35,26673
14.25,16.59,26685
14.85,15.60,26696
14.78,14.68,26708
9.42,16.47,26720
8.82,16.37,26732
12.48,15.85,26743
11.07,15.52,26756
11.59,13.33,26767
15.79,14.06,26778
10.92,15.59,26790
4.79,17.22,26802
13.92,18.84,26814
16.91,17.40,26825
11.86,16.66,26838
12.50,15.66,26849
13.89,14.50,26861
8.44,16.52,26872
11.46,16.55,26885
11.14,15.64,26896
11.08,15.59,26908
10.04,13.17,26919
14.50,14.20,26931
13.32,15.70,26943
8.71,17.65,26954
8.89,19.20,26967
17.03,17.67,26978
13.19,16.60,26990
12.65,15.26,27001
13.06,14.27,27014
9.37,15.61,27025
8.55,16.13,27037
13.69,15.09,27048
10.07,15.28,27061
8.80,13.46,27072
14.42,13.89,27084
9.39,15.83,27096
9.96,17.21,27107
12.49,18.88,27119
14.71,17.56,27130
11.42,16.29,27143
14.70,15.39,27154
12.72,14.14,27166
8.15,15.96,27177
9.85,15.93,27190
12.01,15.56,27201
11.65,15.55,27213
10.21,13.82,27225
12.14,14.38,27237
14.55,15.69,27248
10.72,17.24,27260
10.16,18.43,27272
16.15,17.33,27283
10.72,16.30,27295
10.25,15.14,27307
17.95,13.99,27319
11.23,15.53,27330
5.06,16.21,27342
12.50,15.37,27354
14.87,15.48,27366
9.06,13.58,27377
12.38,14.44,27389
15.11,15.55,27401
6.95,17.21,27413
11.55,18.57,27424
17.06,17.36,27436
12.60,16.36,27448
8.23,14.84,27459
14.20,14.12,27471
7.70,15.52,27483
9.12,16.09,27495
12.02,15.48,27506
9.53,15.37,27518
13.63,13.91,27530
15.45,14.28,27542
8.42,16.02,27553
6.86,17.17,27566
16.34,18.83,27577
17.13,17.16,27589
11.09,16.15,27600
9.72,15.11,27612
12.94,13.79,27624
11.28,15.95,27635
12.43,16.04,27648
12.59,16.17,27659
7.83,16.33,27671
9.46,13.97,27682
19.09,14.86,27695
15.53,15.97,27706
7.04,17.65,27718
8.50,18.77,27729
14.35,16.74,27742
16.07,15.68,27753
11.76,14.43,27765
12.06,13.84,27777
7.44,15.95,27788
8.11,16.32,27800
15.87,16.35,27811
14.85,16.59,27824
4.40,14.65,27835
10.86,15.20,27847
10.82,16.22,27858
9.77,17.54,27871
12.08,18.45,27882
10.82,16.77,27894
13.51,15.13,27906
14.76,13.86,27918
11.43,13.22,27929
5.21,14.95,27940
9.50,16.37,27953
14.55,15.83,27964
14.71,16.22,27976
9.30,14.90,27987
10.95,15.23,28000
13.97,16.48,28011
12.31,17.15,28023
11.48,18.36,28035
12.15,16.79,28047
7.54,14.91,28058
12.77,13.88,28070
18.08,12.91,28082
9.03,15.45,28094
4.01,16.61,28105
11.16,16.03,28116
18.25,16.73,28129
12.47,14.69,28140
11.75,15.72,28152
14.01,16.33,28164
8.71,17.17,28176
11.32,17.88,28187
18.86,16.17,28199
8.53,14.87,28211
5.09,13.69,28223
16.16,13.24,28234
7.07,15.76,28247
8.59,16.83,28258
11.65,16.70,28270
12.68,16.90,28281
14.13,15.17,28293
14.67,15.64,28305
8.65,16.39,28316
7.66,17.12,28328
16.98,17.65,28340
15.91,16.27,28352
6.41,14.74,28363
10.87,13.84,28376
14.27,13.03,28387
10.77,15.09,28399
9.72,16.79,28410
11.53,16.47,28423
8.81,16.92,28434
13.94,14.78,28446
16.73,15.19,28457
13.85,16.01,28469
7.59,16.76,28481
8.46,17.69,28492
15.69,15.67,28505
13.41,14.34,28516
8.11,13.26,28528
11.93,12.66,28539
11.17,15.31,28552
8.76,16.63,28563
12.85,16.73,28575
12.59,17.44,28587
8.41,15.19,28599
13.22,15.39,28610
18.28,15.74,28621
6.65,16.77,28634
12.05,17.73,28645
14.83,15.74,28657
10.89,14.89,28668
12.27,13.36,28681
10.49,13.41,28692
8.32,15.31,28704
11.21,16.96,28716
15.80,16.80,28728
10.92,17.72,28739
11.26,15.75,28751
14.80,15.82,28763
17.35,16.60,28775
8.42,16.84,28786
10.19,18.24,28797
15.07,15.79,28810
10.36,14.89,28821
10.76,13.67,28833
14.35,12.98,28845
6.71,15.44,28857
5.59,16.35,28868
16.51,16.95,28880
14.41,17.52,28892
10.04,15.93,28904
13.47,16.54,28915
14.39,17.02,28928
12.88,17.46,28939
10.46,18.40,28951
13.71,16.09,28962
11.84,14.70,28974
7.53,13.22,28986
14.92,12.27,28997
13.83,15.03,29009
11.24,16.10,29021
15.57,17.06,29033
11.85,17.52,29044
12.42,15.67,29057
15.86,15.90,29068
11.19,16.40,29080
10.82,17.35,29091
14.10,17.90,29104
13.74,16.02,29115
5.49,14.85,29127
11.19,13.20,29138
16.95,12.42,29150
9.55,15.00,29162
5.45,16.18,29173
15.64,16.65,29186
13.65,16.98,29197
12.91,15.71,29209
17.04,15.83,29220
11.02,17.10,29233
6.76,17.20,29244
13.76,18.07,29256
16.35,15.47,29267
12.08,14.56,29280
8.36,13.46,29291
10.68,12.27,29302
13.19,15.17,29315
9.09,16.13,29326
9.53,16.80,29338
13.09,17.55,29349
11.01,15.60,29362
15.16,16.37,29373
18.10,16.86,29385
9.12,16.96,29396
15.15,17.85,29409
13.15,14.89,29420
11.33,14.29,29432
10.77,12.87,29444
8.84,12.14,29456
9.33,15.32,29467
12.79,15.99,29478
13.50,17.03,29491
11.14,17.65,29502
9.46,15.58,29514
15.70,16.20,29526
16.28,15.97,29538
6.87,16.90,29549
7.49,17.41,29561
12.64,14.64,29573
11.61,14.30,29585
12.41,12.83,29596
12.86,13.18,29608
6.53,15.96,29620
8.05,17.16,29632
17.48,17.93,29643
14.66,18.13,29655
8.66,15.58,29667
11.97,15.62,29678
16.43,15.38,29690
12.65,16.15,29702
6.67,17.22,29714
9.89,14.64,29725
9.67,14.31,29737
11.22,12.85,29749
15.31,12.99,29761
11.49,16.44,29772
4.14,17.50,29785
11.66,18.12,29796
14.22,18.19,29807
9.30,15.38,29819
15.40,15.52,29831
11.30,15.25,29843
11.00,15.80,29854
9.79,17.18,29867
10.61,14.56,29878
9.24,14.42,29890
12.54,13.09,29901
16.07,13.40,29914
9.39,16.15,29925
6.23,17.34,29937
14.16,17.76,29948
14.55,17.76,29961
12.08,15.49,29972
14.71,15.59,29983
10.86,15.79,29996
8.56,16.08,30007
12.55,17.03,30019
14.21,15.04,30030
8.63,14.29,30043
9.22,13.63,30054
11.87,12.89,30066
14.52,15.94,30077
8.48,16.98,30090
9.73,17.60,30101
14.98,17.93,30113
12.93,15.39,30125
13.68,16.12,30137
17.68,15.63,30148
9.72,16.40,30159
5.88,17.24,30172
12.84,15.22,30183
9.24,14.74,30195
11.70,13.28,30206
12.70,13.37,30219
10.51,16.09,30230
9.83,17.34,30242
15.37,17.89,30254
12.63,18.11,30266
10.29,15.71,30277
16.04,15.67,30289
14.16,15.09,30301
6.12,15.87,30313
10.60,16.93,30324
13.41,14.80,30336
9.53,14.88,30348
12.71,13.32,30359
13.52,13.36,30371
8.79,16.17,30383
9.41,17.10,30395
13.53,18.25,30406
14.08,18.12,30418
11.18,15.97,30430
12.89,15.70,30442
15.36,15.35,30453
9.50,16.48,30466
7.96,17.26,30477
12.85,15.67,30488
10.99,15.20,30500
11.00,13.99,30512
12.71,13.44,30524
11.68,16.32,30535
6.77,17.37,30547
10.19,18.20,30559
16.55,18.03,30571
9.47,15.83,30582
15.27,16.03,30595
12.38,15.24,30606
6.72,16.29,30618
12.32,17.24,30629
13.15,15.06,30642
7.08,15.02,30653
13.19,13.59,30664
16.63,13.69,30676
6.91,16.61,30688
9.00,17.37,30700
14.35,18.94,30711
12.60,17.91,30724
12.74,15.92,30735
13.46,15.83,30747
13.93,15.01,30758
7.50,16.34,30771
9.63,16.70,30782
13.65,15.50,30794
10.36,15.37,30806
6.05,13.56,30818
15.71,14.17,30829
12.62,16.19,30840
7.13,17.76,30853
11.93,18.28,30864
15.42,18.07,30876
10.67,16.05,30887
14.47,15.74,30900
14.12,15.16,30911
11.31,15.56,30923
5.89,16.53,30935
12.11,14.38,30947
12.28,14.72,30958
10.69,13.22,30970
14.89,13.68,30982
8.80,16.60,30994
10.21,17.78,31005
14.59,18.70,31016
13.08,18.19,31029
10.76,15.74,31040
17.30,15.30,31052
10.83,14.15,31064
5.07,15.15,31076
10.25,16.05,31087
14.90,14.21,31099
9.65,15.04,31111
10.20,13.85,31123
13.19,14.00,31134
10.87,16.95,31147
11.87,17.58,31158
14.88,18.93,31170
13.80,17.77,31181
10.47,15.68,31193
12.56,15.37,31205
14.86,14.03,31216
10.55,15.52,31228
6.66,16.04,31240
11.05,14.58,31252
13.53,14.97,31263
10.44,13.67,31276
12.05,13.85,31287
13.36,16.48,31299
7.88,17.60,31310
12.05,18.66,31323
15.53,17.62,31334
13.66,15.84,31345
14.54,15.21,31357
14.62,14.10,31369
8.55,15.45,31381
9.31,16.37,31392
13.62,14.97,31405
8.38,14.96,31416
11.69,13.53,31428
16.90,13.74,31439
8.67,16.58,31452
6.30,17.65,31463
17.17,18.65,31475
15.58,17.87,31486
10.16,15.42,31499
14.00,15.33,31510
13.17,13.83,31521
6.98,15.51,31534
10.57,15.95,31545
13.57,14.72,31557
9.68,14.86,31568
7.63,13.45,31581
16.03,14.13,31592
11.70,16.60,31604
8.51,17.68,31616
13.49,18.60,31628
15.12,18.01,31639
10.26,15.40,31651
15.52,15.41,31663
14.09,13.95,31675
8.95,15.41,31686
7.53,16.06,31697
11.90,14.49,31710
12.19,14.96,31721
11.55,13.60,31733
12.52,13.87,31745
10.59,16.51,31757
9.35,17.51,31768
15.25,18.46,31780
13.07,17.92,31792
9.63,15.61,31804
15.32,15.17,31815
14.41,14.13,31827
6.56,15.01,31839
8.52,16.45,31850
12.07,14.75,31862
11.00,15.39,31874
12.15,13.94,31886
14.31,14.22,31897
9.38,16.64,31909
10.21,17.52,31921
13.59,18.35,31933
13.59,17.54,31944
11.29,15.03,31956
8.83,14.63,31968
14.02,13.42,31980
12.28,14.56,31991
7.49,16.10,32004
8.53,14.75,32015
12.94,15.45,32026
7.73,13.94,32038
13.90,14.43,32050
15.81,16.71,32062
9.51,18.38,32073
9.61,18.88,32086
16.48,18.21,32097
12.93,15.40,32109
10.32,14.35,32120
10.77,13.16,32133
7.24,14.19,32144
10.41,15.81,32156
12.53,14.72,32167
7.27,15.51,32180
11.11,14.44,32191
16.84,14.76,32202
11.40,17.22,32215
8.41,18.43,32226
15.21,19.00,32238
14.11,17.95,32249
10.23,15.29,32262
14.23,14.27,32273
13.08,13.29,32285
6.25,14.60,32296
7.84,15.85,32309
14.40,14.86,32320
9.44,15.51,32332
9.51,14.84,32344
15.02,14.97,32356
14.25,17.51,32367
9.41,18.17,32378
13.96,18.80,32391
12.44,17.13,32402
12.66,14.75,32414
13.92,13.58,32425
11.82,12.91,32438
8.18,14.47,32449
9.07,15.95,32461
8.71,15.59,32473
14.59,15.91,32485
10.87,15.05,32496
9.50,15.48,32508
12.88,17.27,32520
7.75,18.41,32532
14.16,18.63,32543
12.35,16.92,32555
10.86,14.67,32567
13.70,13.17,32578
12.50,12.55,32590
5.63,14.31,32602
8.10,15.43,32614
12.87,15.88,32625
14.68,15.73,32637
8.92,15.15,32649
13.40,15.35,32661
14.99,16.86,32672
8.59,17.99,32685
11.99,18.01,32696
15.54,16.96,32707
6.38,14.72,32719
10.53,13.47,32731
18.68,12.51,32743
6.00,14.51,32754
3.97,16.17,32766
12.85,16.04,32778
13.28,16.42,32790
13.44,15.45,32801
12.72,15.96,32814
11.37,16.85,32825
12.04,17.53,32837
11.21,17.79,32848
15.96,16.39,32861
10.08,14.33,32872
5.62,13.16,32883
16.10,12.39,32896
3.54,14.85,32907
10.30,16.43,32919
13.49,16.48,32930
12.74,16.82,32943
14.03,15.47,32954
14.07,15.84,32966
10.77,16.74,32977
9.14,17.63,32990
14.00,17.38,33001
15.56,15.83,33013
6.03,13.84,33025
9.86,12.90,33037
17.61,12.30,33048
5.00,14.87,33059
8.59,16.40,33072
14.35,16.54,33083
9.20,17.22,33095
15.74,15.48,33106
18.44,16.21,33119
7.90,16.85,33130
10.86,17.47,33142
13.53,17.59,33154
10.86,15.71,33166
14.47,14.16,33177
7.88,13.05,33189
9.68,12.72,33201
15.46,15.28,33213
7.99,16.70,33224
10.40,17.18,33235
15.09,17.60,33248
9.75,16.03,33259
14.12,15.99,33271
19.37,16.83,33283
8.64,17.09,33295
13.55,17.53,33306
13.95,15.46,33318
11.41,14.29,33330
9.50,13.25,33342
12.74,12.99,33353
9.94,15.56,33366
9.45,16.66,33377
15.12,17.18,33388
10.79,17.89,33400
11.67,15.88,33412
17.79,16.18,33424
14.37,16.55,33435
6.02,16.98,33447
12.03,17.52,33459
12.30,15.39,33471
12.91,14.18,33482
10.54,12.97,33495
12.69,12.97,33506
9.19,15.11,33518
8.62,16.87,33529
12.62,16.92,33542
16.59,18.01,33553
6.74,15.95,33564
15.32,16.25,33576
17.97,16.79,33588
9.16,16.93,33600
8.92,17.94,33611
15.71,15.45,33624
8.79,14.39,33635
12.05,13.42,33647
15.28,12.80,33658
10.00,15.81,33671
12.10,16.44,33682
14.74,16.87,33694
14.56,17.66,33705
8.46,15.39,33718
15.19,16.23,33729
15.59,16.30,33740
7.82,17.10,33753
11.53,18.08,33764
12.61,15.52,33776
7.58,14.99,33787
14.77,13.14,33800
14.39,13.14,33811
5.15,15.64,33823
8.69,16.95,33835
12.61,17.44,33847
13.62,17.72,33858
14.53,15.95,33870
11.48,15.96,33882
13.15,16.23,33894
12.22,16.70,33905
7.82,17.50,33916
13.84,15.46,33929
11.22,14.48,33940
7.63,13.00,33952
13.94,12.73,33964
12.73,15.41,33976
4.04,17.00,33987
12.42,17.11,33999
14.56,17.82,34011
12.70,15.87,34023
12.06,15.91,34034
17.53,16.36,34046
8.49,16.53,34058
15.15,17.64,34069
12.36,15.10,34081
5.87,14.15,34093
13.72,13.37,34105
12.42,12.85,34116
7.42,15.75,34128
12.48,16.90,34140
14.26,17.39,34152
10.05,17.84,34163
13.08,15.29,34176
15.88,15.61,34187
13.06,15.74,34199
7.23,16.36,34210
10.74,17.23,34223
14.22,14.95,34234
10.37,14.24,34245
9.06,13.45,34257
17.54,13.23,34269
7.73,16.01,34281
7.43,17.14,34292
17.37,17.15,34305
13.52,17.74,34316
10.60,15.22,34328
15.02,15.37,34339
14.00,15.41,34352
10.89,16.01,34363
10.56,16.96,34375
10.28,15.00,34386
11.71,14.58,34399
11.59,13.71,34410
12.58,13.19,34421
13.77,16.25,34434
7.19,17.32,34445
15.97,17.55,34457
15.66,17.71,34468
11.38,15.59,34481
13.64,15.42,34492
13.10,15.50,34504
9.28,15.90,34515
10.54,17.34,34528
13.88,15.19,34539
8.72,14.61,34551
11.71,13.72,34563
14.89,13.16,34575
10.09,16.48,34586
8.35,17.32,34597
13.59,18.31,34610
14.00,17.92,34621
13.28,15.43,34633
12.77,15.18,34644
13.06,14.88,34657
8.61,15.77,34668
8.77,16.50,34680
13.06,14.96,34692
13.46,14.52,34704
6.99,13.53,34715
13.86,13.79,34727
12.92,16.11,34739
6.40,17.69,34750
11.17,17.92,34762
15.29,18.03,34774
9.84,15.78,34786
13.46,774.17,34797
15.81,15.09,34799
9.69,15.26,34810
7.11,15.66,34822
13.51,16.80,34833
12.83,14.97,34844
10.65,14.71,34856
11.22,14.05,34868
12.81,13.84,34880
11.93,16.52,34891
12.02,17.69,34904
13.18,18.23,34915
15.00,17.79,34926
9.35,15.62,34938
15.73,14.99,34950
16.06,15.07,34962
5.61,15.51,34973
10.62,16.76,34985
14.95,14.80,34997
8.60,14.91,35009
9.85,14.07,35020
15.84,13.93,35033
11.29,17.08,35044
8.61,17.79,35056
14.58,18.75,35067
14.54,17.75,35080
10.98,15.40,35091
13.97,14.87,35102
15.28,14.00,35115
7.64,15.36,35126
6.19,16.24,35138
14.04,14.88,35149
13.17,15.02,35162
9.72,13.86,35173
13.95,14.20,35185
13.46,16.40,35196
7.94,17.35,35209
15.30,18.06,35220
11.01,17.13,35232
8.71,15.42,35244
16.69,14.71,35256
13.35,14.30,35267
6.93,15.47,35278
8.57,16.66,35291
13.36,15.39,35302
10.76,15.21,35314
12.64,14.39,35325
15.96,14.39,35338
7.52,16.91,35349
9.31,17.79,35361
17.07,18.53,35373
15.79,17.71,35385
10.09,15.50,35396
10.60,15.21,35408
12.31,13.70,35420
11.17,15.47,35431
10.45,16.20,35443
9.55,15.36,35454
10.39,15.82,35467
10.95,14.15,35478
16.96,15.15,35490
14.73,16.79,35502
5.68,17.99,35514
10.51,18.54,35525
16.97,17.01,35537
11.40,15.36,35549
14.01,14.40,35561
11.70,13.90,35572
7.23,15.49,35585
10.95,15.93,35596
10.38,15.29,35607
11.62,15.38,35619
9.36,14.32,35631
15.66,14.73,35643
13.77,16.85,35654
8.41,17.86,35666
12.22,18.44,35678
16.16,17.59,35690
8.10,15.02,35701
15.39,14.71,35714
13.23,13.64,35725
4.82,15.60,35737
9.86,16.30,35748
12.24,15.39,35761
10.73,15.71,35772
13.72,14.41,35783
11.45,14.62,35795
11.83,17.13,35807
10.52,17.58,35819
11.36,18.13,35830
14.09,17.19,35843
13.32,14.60,35854
7.15,14.45,35866
16.75,13.35,35877
12.38,15.39,35890
4.21,16.54,35901
12.69,15.49,35913
12.57,16.33,35924
8.71,14.34,35937
17.02,14.99,35948
12.90,17.16,35959
6.24,17.56,35972
11.97,18.15,35983
14.14,16.84,35995
9.31,14.58,36006
9.99,14.19,36019
14.51,13.21,36030
9.08,14.95,36042
10.10,16.40,36054
12.93,15.72,36066
8.34,16.67,36077
11.89,15.23,36089
20.35,15.56,36101
11.61,17.22,36112
5.82,17.79,36124
13.35,17.60,36135
13.40,16.59,36148
11.78,14.07,36159
12.59,13.88,36171
11.56,13.23,36183
7.59,14.84,36195
10.24,16.96,36206
15.40,15.96,36218
10.93,16.86,36230
6.58,15.34,36242
16.65,14.82,36253
15.90,16.90,36265
9.28,17.11,36277
10.51,17.72,36288
12.07,16.73,36300
9.73,14.02,36312
13.02,14.21,36324
14.93,774.17,36335
8.05,13.30,36338
4.27,15.70,36348
14.88,17.03,36360
15.52,16.07,36371
9.74,16.88,36383
10.46,15.14,36395
13.77,15.17,36406
10.97,16.87,36418
12.98,17.32,36429
14.22,17.78,36442
8.66,16.59,36453
8.18,14.35,36464
15.96,13.32,36476
13.30,13.44,36488
5.88,15.28,36500
5.79,17.37,36511
14.65,16.18,36524
14.31,16.65,36535
11.36,15.31,36547
13.12,14.83,36558
11.43,16.68,36571
8.75,17.00,36582
15.26,17.44,36594
14.34,16.41,36605
6.72,14.42,36618
9.30,13.97,36629
15.97,13.41,36640
12.36,15.57,36653
7.97,17.11,36664
10.28,16.65,36676
13.21,16.92,36687
13.09,15.11,36700
14.89,15.00,36711
13.47,16.12,36723
5.89,16.59,36734
10.10,17.37,36747
17.11,15.47,36758
7.13,14.47,36770
11.56,13.40,36782
12.41,13.42,36793
11.19,15.91,36805
12.35,16.70,36816
10.83,17.16,36829
9.49,16.81,36840
-412.19,763.56,36852
11.87,16.45,36916
17.73,17.42,36979
11.11,17.32,36990
6.41,15.83,37003
16.79,15.30,37014
19.63,15.65,37025
9.15,16.99,37038
8.58,17.79,37049
11.64,15.80,37061
11.60,15.27,37072
15.12,13.66,37085
15.72,13.59,37096
6.08,16.08,37108
7.61,16.96,37120
13.84,17.72,37132
15.84,17.67,37143
12.05,15.16,37155
13.22,15.41,37167
15.82,14.90,37178
10.99,16.44,37190
8.03,17.37,37201
10.18,15.32,37214
12.09,15.15,37225
14.08,13.14,37237
14.50,13.46,37249
6.18,16.24,37261
5.75,16.86,37272
15.39,17.41,37284
18.84,17.15,37296
9.86,15.06,37308
9.54,15.53,37319
12.74,14.97,37331
12.13,16.33,37343
12.51,17.11,37354
13.87,15.58,37366
8.44,15.44,37378
7.97,13.72,37390
16.14,13.83,37401
17.39,16.04,37413
3.94,16.98,37425
7.74,17.51,37437
14.85,16.87,37448
14.33,14.83,37460
13.82,14.95,37472
14.17,15.14,37484
5.65,16.20,37495
10.37,17.10,37508
17.14,15.76,37519
11.82,15.65,37530
5.02,14.21,37542
15.80,13.79,37554
12.89,16.09,37566
8.61,17.24,37577
10.34,17.64,37590
12.42,17.07,37601
16.99,15.25,37613
16.04,15.07,37624
10.39,15.02,37637
5.56,16.21,37648
12.13,16.79,37660
16.45,15.92,37671
10.39,15.44,37684
8.56,14.37,37695
12.33,14.49,37706
12.40,15.97,37719
12.39,17.34,37730
12.90,18.05,37742
11.65,17.22,37753
10.40,15.70,37766
14.98,14.58,37777
17.44,14.91,37789
8.01,15.86,37800
6.46,16.91,37813
13.46,15.76,37824
14.00,15.44,37836
11.64,14.28,37848
13.68,14.50,37860
13.33,16.19,37871
9.17,17.51,37882
12.14,17.97,37895
15.74,17.29,37906
10.97,15.39,37918
10.53,14.62,37929
11.67,14.38,37942
6.38,15.87,37953
13.45,17.18,37965
12.60,15.99,37977
10.79,15.88,37989
13.92,14.04,38000
13.05,14.30,38012
10.09,16.36,38024
12.20,17.44,38035
14.12,18.42,38047
13.58,17.07,38059
10.01,15.21,38071
14.04,14.78,38082
15.33,14.57,38094
7.71,16.52,38106
6.40,17.12,38118
14.23,16.02,38129
12.23,15.84,38141
11.17,14.24,38153
14.32,14.40,38165
10.14,16.49,38176
8.04,17.09,38189
14.10,17.66,38200
16.53,16.84,38211
8.97,15.00,38223
10.03,14.90,38235
15.07,14.54,38247
12.64,16.29,38258
10.36,17.16,38270
12.06,16.15,38282
10.46,15.88,38294
10.38,14.28,38305
15.26,14.14,38318
10.24,16.17,38329
8.61,16.78,38341
12.70,17.16,38352
16.34,16.42,38365
9.16,14.58,38376
11.68,14.47,38387
15.22,14.04,38400
8.81,15.50,38411
8.52,17.29,38423
14.17,15.89,38434
10.29,16.10,38447
10.89,14.67,38458
16.78,14.47,38470
10.42,16.36,38481
7.18,16.75,38494
12.00,17.54,38505
11.88,16.54,38517
11.42,14.62,38529
11.99,14.52,38541
15.12,13.90,38552
8.23,15.89,38563
7.79,17.02,38576
15.38,16.28,38587
14.36,16.44,38599
9.33,14.82,38610
15.62,15.03,38623
13.21,16.15,38634
8.36,17.28,38646
12.31,17.50,38658
14.32,16.61,38670
10.80,14.98,38681
11.21,14.23,38693
14.88,14.14,38705
7.26,15.42,38716
10.01,17.09,38728
14.39,15.89,38739
9.40,16.15,38752
12.36,14.67,38763
17.56,14.34,38775
10.39,16.09,38787
6.07,16.74,38799
15.06,18.03,38810
13.90,16.46,38822
10.37,14.95,38834
13.99,14.54,38846
10.60,13.55,38857
8.47,15.94,38870
11.94,16.61,38881
13.24,16.38,38892
11.42,16.69,38904
9.62,14.78,38916
17.48,14.91,38928
15.58,16.42,38939
6.12,16.71,38951
9.89,17.87,38963
16.27,16.08,38975
10.49,14.71,38986
11.28,14.61,38999
14.48,13.55,39010
8.65,16.60,39022
8.01,17.14,39033
15.46,16.81,39046
13.35,17.28,39057
9.74,14.95,39068
13.27,15.43,39080
15.89,16.18,39092
6.14,16.86,39104
14.18,17.82,39115
11.97,16.11,39128
10.80,14.65,39139
13.51,14.61,39151
13.01,13.80,39162
6.71,16.25,39175
11.66,17.04,39186
16.02,16.29,39198
11.54,16.99,39209
8.43,14.57,39222
15.87,14.95,39233
13.55,16.27,39244
8.37,16.87,39257
12.27,17.75,39268
11.81,16.23,39280
10.02,14.74,39291
11.96,14.34,39304
16.61,13.47,39315
8.94,16.08,39327
6.67,17.25,39339
12.91,16.48,39351
12.40,17.35,39362
13.57,14.61,39374
13.41,15.42,39386
13.56,16.17,39397
11.12,16.80,39409
9.82,17.84,39420
15.25,15.83,39433
12.26,15.02,39444
9.59,14.16,39456
13.93,13.84,39468
13.71,16.17,39480
10.81,17.20,39491
12.64,16.58,39503
11.73,16.83,39515
13.80,14.78,39527
15.79,14.88,39538
9.89,15.87,39550
6.83,16.23,39562
13.44,17.30,39573
16.58,15.86,39585
11.38,14.90,39597
9.19,14.68,39609
13.63,14.23,39620
9.57,16.20,39632
12.46,17.56,39644
15.59,16.82,39656
9.38,17.25,39667
9.80,14.89,39680
16.98,14.47,39691
14.51,15.35,39703
7.34,15.56,39714
6.97,17.36,39727
12.69,15.57,39738
14.87,14.95,39749
12.22,14.44,39761
11.68,14.20,39773
11.16,16.91,39785
7.29,17.77,39796
14.92,17.42,39809
18.18,17.70,39820
7.71,15.05,39832
9.89,14.57,39843
18.50,15.03,39856
10.02,15.53,39867
12.10,17.15,39879
8.16,14.95,39890
12.86,14.66,39902
16.50,13.81,39914
10.24,13.85,39925
6.92,17.18,39938
10.94,17.82,39949
15.45,17.74,39961
15.80,17.48,39972
7.55,14.79,39985
12.60,14.69,39996
13.89,15.15,40008
7.84,16.14,40019
12.43,16.88,40032
12.89,15.39,40043
5.78,14.69,40055
12.78,13.97,40067
16.82,14.13,40078
7.96,16.97,40090
7.80,18.14,40101
13.44,17.71,40114
12.82,17.49,40125
14.93,14.97,40137
11.28,14.75,40148
11.03,15.40,40161
9.81,16.15,40172
10.45,17.39,40184
13.01,16.16,40196
11.95,14.97,40208
8.67,14.63,40219
12.74,14.15,40231
14.99,16.57,40243
8.29,17.85,40254
15.15,17.49,40266
10.81,17.65,40278
11.23,15.11,40290
16.37,14.81,40301
9.65,15.23,40313
5.64,15.98,40325
13.67,16.70,40337
14.31,15.76,40348
7.44,14.61,40360
10.59,14.29,40372
13.96,14.27,40384
11.41,16.33,40395
11.40,18.10,40408
13.41,17.33,40419
10.58,17.55,40430
11.47,15.19,40442
15.57,14.26,40454
15.86,15.42,40466
6.65,15.56,40477
7.69,16.90,40489
13.51,15.90,40501
14.25,14.64,40513
10.93,14.97,40524
13.89,14.19,40537
11.18,16.56,40548
9.38,17.89,40560
14.52,17.03,40571
12.73,17.47,40583
8.82,14.76,40595
13.32,14.41,40606
15.78,14.78,40619
10.87,15.41,40630
6.84,17.01,40642
12.89,15.15,40653
11.78,15.10,40666
14.03,14.56,40677
13.07,14.58,40689
7.87,17.00,40700
11.66,18.09,40713
18.74,17.70,40724
10.35,17.52,40736
10.27,14.70,40748
15.61,14.64,40759
11.79,14.36,40771
8.40,15.52,40782
10.92,16.84,40795
10.91,15.50,40806
10.82,15.56,40818
12.64,14.26,40829
15.47,14.56,40842
11.56,16.90,40853
10.22,18.37,40865
13.45,18.05,40877
14.15,17.20,40889
11.31,14.76,40900
13.85,14.23,40912
11.30,14.61,40924
11.40,15.28,40935
8.88,16.73,40947
12.66,15.52,40958
11.61,15.03,40971
10.59,14.78,40982
12.49,14.08,40994
17.17,17.44,41006
7.51,18.03,41018
10.04,17.57,41029
13.68,17.23,41041
10.31,13.99,41053
15.93,14.44,41065
9.34,14.23,41076
5.21,15.21,41089
12.98,16.20,41100
13.02,15.10,41111
6.80,14.86,41123
13.28,14.64,41135
14.84,14.36,41147
10.76,17.13,41158
9.16,17.46,41170
11.97,17.52,41182
12.42,16.91,41194
13.99,14.47,41205
13.43,14.46,41218
11.26,14.38,41229
6.24,15.33,41241
10.15,16.08,41252
14.47,15.13,41264
11.84,14.93,41276
7.41,14.83,41287
13.95,14.56,41299
15.28,17.10,41311
8.96,18.14,41323
10.68,18.16,41334
14.81,17.73,41347
9.05,15.08,41358
12.83,14.62,41370
16.58,14.16,41381
9.13,15.20,41394
4.04,16.52,41405
13.82,14.95,41417
8.26,15.54,41428
11.99,14.33,41440
13.10,14.49,41452
8.11,16.87,41463
12.61,17.92,41476
16.50,18.34,41487
8.33,17.86,41499
10.75,14.96,41510
15.50,14.38,41523
14.10,14.06,41534
6.29,15.00,41546
8.10,16.70,41558
14.14,14.73,41570
13.33,15.70,41581
10.69,14.49,41593
16.19,14.82,41605
8.69,17.34,41616
8.81,17.88,41628
17.19,18.11,41639
16.41,17.61,41652
5.43,14.75,41663
11.76,14.36,41675
15.49,13.66,41687
11.35,15.00,41699
6.10,16.24,41710
12.86,14.82,41722
9.92,14.95,41734
11.80,14.08,41746
15.54,14.33,41757
14.43,16.95,41768
3.86,17.80,41781
12.88,17.73,41792
16.10,17.69,41804
8.65,14.93,41816
13.81,14.77,41828
10.40,14.42,41839
10.54,14.89,41851
12.56,16.70,41863
10.99,15.00,41875
8.55,14.99,41886
12.76,14.59,41899
15.35,14.20,41910
13.56,17.28,41922
8.16,17.84,41933
11.30,18.07,41945
15.27,17.54,41957
13.27,14.61,41968
11.66,14.77,41980
12.79,13.83,41992
7.28,15.21,42004
10.01,16.11,42015
16.23,14.79,42028
10.02,15.19,42039
5.97,13.86,42051
14.32,14.79,42062
14.47,16.82,42075
11.19,18.48,42086
11.35,18.64,42098
12.44,17.51,42109
13.15,14.85,42121
13.00,13.71,42133
17.87,13.41,42144
6.82,14.63,42157
3.02,15.90,42168
14.59,14.76,42180
16.92,15.87,42191
13.68,14.77,42204
13.07,15.33,42215
10.95,17.56,42227
14.20,18.09,42238
14.30,18.42,42251
7.75,16.99,42262
12.22,14.53,42274
16.47,13.63,42286
13.54,13.48,42297
4.49,14.62,42309
6.79,16.29,42320
13.08,15.13,42333
15.50,15.39,42344
13.09,15.05,42356
11.56,15.23,42368
9.33,17.88,42380
11.66,18.27,42391
16.78,18.10,42403
15.42,17.36,42415
7.89,14.46,42427
10.33,13.83,42438
18.09,13.01,42449
10.60,14.30,42462
3.09,16.45,42473
9.82,14.79,42485
11.93,15.79,42497
12.55,14.85,42509
16.36,15.70,42520
11.52,18.09,42532
6.80,18.67,42544
13.48,18.50,42556
19.74,17.39,42567
12.43,14.46,42579
12.12,13.21,42591
11.88,13.06,42603
7.98,13.97,42614
9.18,16.37,42626
10.48,15.12,42638
12.25,15.53,42649
13.84,15.14,42661
17.17,15.23,42673
9.71,17.87,42685
7.59,18.22,42696
15.84,18.01,42708
16.07,16.78,42720
6.94,13.93,42732
14.62,12.85,42743
9.91,12.95,42756
7.30,13.98,42767
10.52,16.49,42779
13.61,15.68,42790
7.46,16.39,42802
13.63,15.52,42814
16.41,15.24,42825
15.90,17.87,42838
7.88,17.97,42849
10.89,18.32,42861
15.28,16.35,42872
12.95,13.78,42885
10.36,13.24,42896
13.75,12.71,42908
6.32,14.65,42919
6.20,15.79,42932
17.04,15.87,42943
11.90,16.18,42955
8.51,15.79,42967
15.46,15.77,42978
10.80,17.63,42990
11.04,18.18,43001
13.11,17.60,43014
11.21,16.43,43025
10.74,13.88,43037
16.28,13.09,43048
10.00,13.08,43061
4.17,14.80,43072
11.35,16.55,43084
15.75,16.04,43096
12.06,16.46,43108
12.32,15.99,43119
13.66,15.95,43130
12.48,17.62,43143
12.49,18.01,43154
15.71,17.63,43166
