972820.00
-250151.00
34.94,20.34,1134
6.13,16.13,1136
28.75,16.05,1147
0.95,17.12,1160
0.17,21.10,1171
31.58,20.73,1183
12.78,18.75,1195
3.83,17.04,1207
29.38,15.65,1218
10.84,17.29,1230
-9.75,21.10,1242
23.39,21.28,1253
25.30,19.41,1265
4.07,17.21,1276
22.18,16.15,1289
18.30,16.92,1300
-10.91,20.60,1312
18.32,20.84,1324
32.39,18.47,1336
1.91,17.49,1347
10.95,15.19,1359
29.33,16.40,1371
-2.98,20.62,1383
4.30,21.26,1394
30.33,20.24,1405
9.44,18.24,1418
8.46,16.28,1429
31.63,16.98,1441
2.69,20.13,1453
-8.01,21.72,1465
28.32,19.65,1476
23.64,18.06,1488
4.25,15.80,1500
22.19,16.58,1512
12.95,19.59,1523
-6.02,21.35,1536
30.20,19.96,1547
-0.79,18.81,1558
14.58,16.05,1570
28.21,16.78,1582
-2.27,19.17,1594
5.40,21.71,1605
28.77,20.36,1617
8.81,18.85,1629
12.96,16.39,1641
33.08,16.80,1652
0.06,19.25,1665
-6.46,21.68,1676
32.24,20.66,1688
21.15,18.64,1699
5.48,16.39,1711
23.00,16.63,1723
10.68,18.23,1734
-5.35,21.59,1746
25.42,20.84,1758
25.57,19.18,1770
-1.46,16.59,1781
18.26,16.59,1794
24.29,17.68,1805
-3.81,21.75,1817
11.52,21.41,1828
28.25,19.29,1841
7.01,17.15,1852
13.91,16.09,1863
30.16,17.17,1875
-4.07,21.52,1887
-1.02,21.22,1899
32.14,19.46,1910
17.84,17.53,1923
25.94,15.90,1934
5.61,17.23,1946
-2.37,20.44,1957
29.43,21.20,1970
21.56,19.40,1981
-0.70,17.26,1993
20.04,16.28,2004
19.72,16.27,2016
-3.48,20.88,2028
15.25,21.67,2039
26.45,19.76,2052
3.90,18.64,2063
17.53,16.05,2075
28.64,17.28,2086
-4.40,20.77,2099
2.22,21.63,2110
32.24,19.81,2122
11.87,17.85,2134
6.60,15.09,2146
27.36,16.05,2157
2.44,18.99,2168
-3.53,21.24,2181
29.80,20.07,2192
18.11,18.54,2204
0.12,16.30,2215
27.15,16.84,2228
15.98,19.38,2239
-7.72,21.77,2251
18.91,20.06,2263
25.68,18.10,2275
0.13,15.31,2286
21.33,15.87,2298
24.52,18.36,2310
7.89,21.44,2321
34.62,20.41,2333
8.06,19.01,2344
10.89,16.26,2357
27.22,16.47,2368
-1.88,18.27,2380
0.92,20.87,2392
33.48,20.22,2404
12.41,18.12,2415
1.99,15.75,2427
26.83,15.78,2439
9.55,17.26,2451
-4.51,21.70,2462
25.66,21.04,2473
20.70,19.18,2486
2.06,16.84,2497
23.00,15.98,2509
20.17,17.35,2521
-8.36,20.77,2533
12.56,20.36,2544
30.11,18.34,2556
5.96,16.37,2568
14.14,15.82,2580
27.51,16.88,2591
-5.18,21.28,2604
1.87,21.39,2615
34.46,19.73,2626
13.92,17.66,2638
5.74,16.07,2650
27.60,16.65,2662
4.44,20.06,2673
-5.65,20.97,2685
31.29,18.81,2697
20.59,17.15,2709
24.73,15.30,2720
14.08,16.26,2733
-7.77,20.64,2744
22.68,21.50,2756
27.80,20.32,2767
1.04,18.89,2779
17.88,16.23,2791
27.20,17.22,2802
-6.95,19.71,2814
8.66,21.17,2826
32.83,19.35,2838
5.29,17.51,2849
8.96,15.73,2862
30.95,16.14,2873
-1.01,19.68,2885
-3.90,21.83,2896
34.81,20.65,2909
16.28,19.52,2920
2.60,16.69,2931
29.68,17.39,2944
9.93,19.49,2955
-8.56,21.90,2967
26.71,19.98,2978
23.66,18.13,2991
-0.47,15.31,3002
20.55,15.11,3014
22.25,17.66,3025
-9.37,20.80,3038
11.24,21.03,3049
31.33,19.37,3061
4.75,16.83,3073
11.85,17.33,3084
31.18,17.88,3096
-0.19,21.87,3107
35.54,20.83,3120
9.91,18.33,3131
3.64,16.38,3143
30.77,15.39,3154
5.59,16.82,3167
-6.98,21.16,3178
30.34,20.56,3190
17.97,19.63,3202
0.06,17.10,3214
28.91,15.96,3225
17.40,17.84,3236
-10.13,21.19,3249
18.81,22.10,3260
29.11,19.47,3272
3.75,17.13,3283
17.19,15.67,3296
23.51,16.16,3307
-8.97,19.93,3319
7.79,20.46,3331
35.23,19.01,3343
6.81,17.37,3354
5.79,16.09,3366
31.79,16.64,3378
3.80,20.91,3389
-2.07,22.02,3401
31.26,20.25,3412
15.14,18.73,3425
3.10,15.22,3436
30.14,16.48,3448
10.05,18.93,3460
-11.38,20.34,3472
22.67,19.26,3483
2.12,17.26,3495
17.10,15.94,3507
20.47,16.79,3519
-7.20,20.01,3530
14.74,22.50,3542
34.35,21.02,3554
5.42,19.36,3565
8.00,16.18,3577
30.83,15.80,3589
0.80,18.19,3601
-1.78,20.33,3612
28.53,19.31,3624
12.33,17.86,3636
4.28,15.17,3648
31.72,16.22,3659
8.64,18.88,3672
-9.65,22.21,3683
25.36,21.50,3694
25.57,19.56,3706
2.57,16.62,3718
20.85,16.39,3730
16.92,17.48,3741
-8.19,20.27,3753
14.92,19.72,3765
29.79,17.01,3777
1.53,15.45,3788
10.89,15.47,3801
27.00,16.96,3812
-1.70,22.24,3824
4.79,21.25,3835
33.25,20.01,3847
11.16,18.23,3859
6.10,16.38,3870
29.44,18.10,3883
-4.19,20.85,3894
29.07,20.75,3906
17.98,18.64,3917
1.60,15.66,3930
25.23,14.93,3941
12.29,15.97,3953
-8.18,20.13,3964
22.14,21.71,3977
27.85,19.96,3988
3.32,18.68,3999
22.06,17.59,4012
22.51,17.64,4023
-7.07,21.84,4035
12.82,21.46,4046
30.88,19.28,4059
6.14,17.82,4070
10.51,14.81,4082
28.88,16.11,4093
-1.88,19.24,4106
-0.98,20.79,4117
29.43,20.02,4129
14.17,18.54,4141
6.67,16.86,4152
30.21,18.10,4164
10.70,20.65,4175
-6.60,22.63,4188
26.01,20.52,4199
25.39,18.25,4211
0.51,15.85,4222
21.90,15.39,4235
18.96,18.56,4246
-9.25,20.40,4258
15.85,19.65,4270
1.62,18.84,4282
15.07,16.49,4293
30.17,17.56,4304
-3.07,19.97,4317
4.17,22.51,4328
35.49,21.33,4340
11.29,19.41,4352
8.24,16.68,4364
30.70,16.79,4375
3.39,17.88,4387
-6.36,21.17,4399
30.44,19.97,4411
20.57,18.22,4422
-0.10,16.61,4434
27.81,16.42,4446
18.71,18.57,4457
-10.92,22.33,4469
20.00,21.46,4481
29.60,20.23,4493
1.75,17.58,4504
21.33,16.51,4516
27.67,17.43,4528
-9.11,20.69,4540
6.82,20.63,4551
34.21,18.67,4563
7.13,16.63,4575
7.96,16.11,4587
30.70,16.80,4598
1.49,21.13,4610
-1.35,21.99,4622
32.95,20.04,4633
15.42,19.17,4645
-0.48,16.77,4657
15.03,17.59,4669
-10.63,21.21,4680
23.19,21.02,4692
26.55,19.44,4704
-1.68,17.65,4716
22.67,15.57,4727
23.56,16.90,4740
-12.64,20.15,4751
13.52,21.82,4762
36.31,20.18,4774
3.35,18.90,4786
11.24,16.75,4798
30.93,17.03,4809
-3.69,20.07,4822
0.91,21.38,4833
35.43,19.77,4845
11.89,18.05,4856
2.79,15.29,4869
32.49,16.48,4880
7.04,18.79,4892
-9.01,21.33,4903
27.51,20.06,4915
22.70,18.71,4927
0.35,16.50,4938
25.86,16.61,4951
18.75,18.99,4962
-9.25,21.81,4974
18.96,20.97,4985
30.55,19.28,4998
0.64,16.17,5009
17.19,16.37,5021
25.55,17.49,5032
-6.05,20.56,5045
6.47,20.20,5056
7.51,18.26,5067
8.52,16.61,5080
29.09,16.60,5091
4.08,17.69,5103
-4.61,21.71,5114
29.78,20.71,5127
19.43,18.96,5138
2.25,16.99,5150
27.32,15.97,5161
14.52,17.27,5174
-9.63,20.88,5185
20.76,20.66,5197
26.64,19.18,5209
1.91,16.66,5220
20.17,16.06,5232
24.02,17.32,5243
-6.86,21.02,5256
12.49,22.25,5267
31.79,20.06,5279
6.68,18.18,5291
11.10,16.06,5303
28.71,16.38,5314
0.88,20.06,5326
-0.46,20.76,5338
30.60,19.08,5350
14.11,18.07,5361
2.64,15.59,5372
28.23,17.03,5385
9.36,20.30,5396
-7.54,21.69,5408
26.82,20.65,5420
26.10,18.50,5432
-0.20,16.52,5443
19.32,16.65,5455
-8.14,19.73,5467
16.51,21.42,5479
28.71,19.49,5490
3.58,18.36,5502
15.58,15.55,5514
27.06,16.64,5525
-4.53,19.56,5537
4.70,22.05,5549
32.50,21.37,5561
11.31,19.43,5572
9.49,16.69,5584
27.90,16.63,5596
4.93,18.57,5608
-4.77,21.06,5619
28.06,19.84,5632
20.69,18.15,5643
-0.22,15.70,5655
24.12,16.13,5666
16.93,18.06,5678
-9.78,21.28,5690
20.91,21.22,5701
28.34,19.05,5713
1.36,17.19,5725
18.88,16.67,5737
25.83,18.11,5748
-8.12,21.53,5761
8.53,20.36,5772
32.01,18.90,5784
7.03,16.12,5795
10.56,15.85,5807
29.26,17.51,5819
2.58,21.29,5830
29.00,21.70,5842
18.75,19.93,5854
4.21,17.92,5866
27.11,16.94,5877
14.22,17.40,5890
-7.88,21.23,5901
22.90,21.09,5913
26.76,18.93,5924
0.46,17.51,5937
20.33,15.72,5948
25.27,16.75,5960
-8.89,20.38,5971
12.40,21.44,5983
32.36,19.58,5995
4.41,18.49,6006
13.95,16.34,6019
29.38,17.20,6030
-3.12,20.73,6042
2.99,21.49,6053
32.92,20.08,6066
12.38,18.49,6077
3.58,15.85,6089
30.05,16.89,6100
8.99,19.57,6113
-6.15,22.08,6124
26.90,20.63,6135
22.31,18.47,6148
-0.40,15.72,6159
26.50,15.93,6171
18.55,18.82,6182
-11.26,21.47,6195
17.45,20.13,6206
30.76,18.86,6218
2.86,15.90,6230
25.34,16.50,6242
-6.66,18.73,6253
7.38,21.32,6265
35.20,20.82,6277
7.63,18.80,6288
5.69,16.46,6300
29.78,16.40,6311
4.04,18.10,6324
-3.69,21.71,6335
31.39,20.22,6347
14.97,18.90,6359
0.67,16.11,6371
30.20,15.88,6382
13.34,18.00,6394
-10.93,21.56,6406
22.89,21.64,6418
27.16,19.55,6429
1.03,17.28,6440
22.33,16.70,6453
22.31,17.38,6464
-10.21,21.52,6476
13.58,20.88,6488
31.80,18.93,6500
5.35,16.90,6511
11.63,15.78,6523
27.17,16.78,6535
-0.04,21.20,6547
2.22,21.44,6558
31.06,19.81,6569
14.50,18.14,6582
5.48,16.53,6593
29.14,17.54,6605
10.59,21.05,6617
25.56,21.61,6629
24.56,19.55,6640
0.33,17.28,6652
23.24,15.62,6664
18.36,16.27,6676
-11.14,20.11,6687
19.26,21.83,6700
31.71,20.27,6711
3.68,18.86,6722
16.03,16.53,6734
25.63,17.07,6746
-4.90,20.15,6758
8.97,21.43,6769
32.97,19.94,6781
7.15,18.08,6793
7.15,15.29,6805
28.67,16.08,6816
5.79,19.15,6829
-1.31,22.12,6840
27.18,21.23,6852
18.81,19.37,6863
4.85,17.07,6875
28.08,16.82,6887
15.11,19.16,6898
-10.26,21.70,6910
21.07,20.60,6922
30.35,18.65,6934
2.63,15.79,6945
17.13,16.12,6958
22.42,17.60,6969
-6.67,21.29,6981
11.07,20.67,6992
35.36,18.78,7005
6.86,16.78,7016
33.19,16.18,7027
3.05,17.60,7040
-2.33,21.12,7051
31.35,20.68,7063
13.39,19.12,7074
4.11,16.84,7087
31.03,16.38,7098
10.83,17.67,7110
-10.50,21.08,7121
24.13,21.16,7134
27.99,19.17,7145
3.06,17.57,7157
19.76,16.33,7169
20.90,17.35,7180
-8.83,20.59,7192
14.10,21.13,7203
33.86,19.43,7216
2.57,18.00,7227
9.68,16.60,7239
31.87,17.04,7250
-1.12,21.20,7263
-0.43,21.18,7274
31.18,19.71,7286
10.35,17.79,7298
6.02,15.41,7310
33.37,16.63,7321
5.21,19.93,7332
-10.02,21.28,7345
24.75,19.64,7356
24.15,18.02,7368
3.55,16.06,7379
22.41,16.76,7392
14.75,19.82,7403
18.53,21.58,7415
30.64,19.83,7427
1.27,18.56,7439
12.52,16.03,7450
28.32,16.44,7462
-1.91,19.14,7474
5.33,21.16,7485
30.95,20.48,7497
7.06,18.57,7508
10.24,16.12,7521
31.99,16.63,7532
1.52,18.41,7544
-6.17,21.56,7556
30.00,20.26,7568
19.55,18.70,7579
5.38,16.59,7591
26.65,16.52,7603
11.06,18.38,7615
-7.56,21.14,7626
24.91,20.34,7638
27.69,18.97,7650
1.33,16.80,7661
18.20,16.61,7673
24.87,18.07,7685
-4.17,21.85,7697
11.37,21.45,7708
31.17,19.77,7720
6.49,17.41,7732
11.49,16.67,7744
32.77,17.53,7755
-1.45,21.04,7768
-2.84,20.90,7779
33.01,18.63,7790
4.59,17.05,7802
29.94,16.20,7814
6.10,17.52,7826
-6.45,21.95,7837
32.45,21.55,7849
24.17,20.12,7861
-2.36,18.02,7873
23.47,16.37,7884
20.64,16.95,7897
-8.45,20.19,7908
18.36,20.88,7920
26.33,18.82,7931
-1.86,16.98,7943
16.40,15.29,7955
29.21,16.43,7966
-6.34,20.22,7979
2.88,21.43,7990
32.37,19.95,8002
10.41,18.50,8013
6.89,16.17,8026
30.22,17.31,8037
2.56,19.94,8049
-5.65,21.53,8060
30.20,19.40,8073
21.52,17.58,8084
-2.21,15.21,8095
24.16,15.47,8108
15.93,19.18,8119
-10.65,20.99,8131
20.45,20.41,8142
29.00,18.91,8155
-1.28,16.08,8166
19.66,16.77,8178
-9.30,19.00,8189
7.69,21.39,8202
34.65,20.35,8213
4.78,18.14,8225
9.98,15.64,8237
29.35,16.24,8248
-1.39,17.47,8260
-0.25,21.51,8271
32.88,19.98,8284
13.61,18.86,8295
1.35,16.64,8307
30.45,16.51,8318
10.84,18.52,8331
-7.32,21.82,8342
25.42,21.37,8354
23.63,19.00,8366
0.30,16.71,8378
25.55,15.72,8389
18.41,17.85,8400
-10.72,21.08,8413
15.96,20.93,8424
30.75,19.20,8436
3.36,16.13,8448
13.60,16.38,8460
26.12,16.79,8471
-4.38,21.18,8483
5.74,21.57,8495
34.32,18.79,8507
8.99,17.98,8518
5.31,15.40,8530
31.61,16.55,8542
5.04,20.54,8553
-4.47,20.56,8565
27.59,19.33,8577
3.37,17.10,8589
27.88,15.45,8600
13.40,16.31,8612
-10.23,19.98,8624
21.29,21.18,8636
27.69,19.58,8647
3.39,17.90,8659
17.25,15.57,8671
22.12,16.09,8683
-4.09,19.40,8694
8.76,21.05,8706
32.12,19.76,8718
5.75,17.82,8729
10.01,15.47,8741
29.24,15.88,8753
3.10,19.27,8765
-2.99,21.43,8776
29.71,20.30,8788
16.86,18.76,8800
3.03,15.84,8812
28.72,16.70,8823
9.65,18.87,8836
-9.32,21.46,8847
27.40,20.52,8858
24.78,18.67,8870
0.36,15.97,8882
21.97,16.34,8894
18.64,17.63,8905
-9.17,21.37,8918
16.09,20.21,8929
29.55,18.42,8941
3.05,16.28,8952
14.76,15.82,8965
-4.68,17.98,8976
2.55,21.33,8988
30.97,21.24,8999
12.31,19.10,9011
8.77,16.61,9023
27.40,16.19,9034
2.18,16.97,9047
-6.79,21.10,9058
29.39,20.53,9070
22.15,18.81,9081
0.85,16.86,9094
21.31,15.94,9105
15.95,17.20,9117
-7.12,20.53,9128
20.19,21.22,9141
28.65,19.11,9152
1.01,17.30,9163
14.11,16.03,9176
28.14,16.39,9187
-5.02,20.32,9199
4.21,20.36,9210
31.24,18.44,9223
8.52,17.73,9234
7.00,15.46,9246
31.33,17.12,9257
1.29,20.37,9270
-5.12,21.03,9281
29.51,19.75,9292
20.06,17.60,9305
2.28,15.98,9316
26.33,16.16,9328
11.51,19.48,9339
-9.00,21.49,9352
22.15,19.34,9363
1.32,18.16,9375
16.73,15.47,9387
21.29,16.33,9399
-4.11,19.38,9410
9.61,21.35,9422
31.56,20.03,9434
6.69,18.62,9445
8.48,15.71,9457
31.28,16.34,9468
2.77,18.83,9481
-4.27,21.25,9492
30.46,20.40,9504
16.33,18.06,9516
2.47,15.79,9528
30.07,16.43,9539
8.03,18.13,9551
-11.29,21.76,9563
26.72,20.28,9575
25.35,18.41,9586
1.44,16.21,9597
21.91,15.81,9610
17.85,18.04,9621
-10.06,21.61,9633
17.04,20.59,9645
30.15,18.83,9657
2.91,15.80,9668
12.73,15.73,9680
26.40,17.31,9692
-4.98,21.20,9704
3.58,21.44,9715
31.34,19.33,9728
13.46,16.81,9739
6.24,16.35,9750
5.03,17.13,9762
-8.68,21.46,9774
30.58,21.38,9786
23.91,18.93,9797
-1.31,17.54,9809
23.22,15.74,9821
14.66,16.92,9833
-7.89,20.97,9844
24.72,21.19,9857
29.71,19.83,9868
-2.47,17.56,9880
16.52,15.99,9891
28.13,16.32,9903
-8.72,20.43,9915
7.44,20.61,9926
32.26,19.02,9938
5.65,16.97,9950
11.42,15.11,9962
30.39,16.38,9973
-5.24,20.05,9986
-4.04,21.85,9997
35.64,20.02,10009
17.44,18.86,10020
2.71,16.54,10033
27.28,17.08,10044
8.00,20.13,10055
-5.19,21.20,10067
30.45,19.65,10079
21.64,17.59,10091
-4.43,15.15,10102
22.75,15.65,10115
23.82,18.54,10126
-8.81,21.22,10138
15.25,20.28,10149
2.64,19.14,10162
18.38,16.51,10173
28.41,17.24,10185
-6.29,19.70,10196
3.60,21.82,10208
34.76,20.79,10220
12.47,18.55,10231
4.99,15.68,10244
27.47,15.92,10255
2.18,17.10,10267
-2.05,20.68,10278
30.88,20.31,10291
18.28,18.72,10302
-1.78,17.19,10314
27.79,16.71,10326
18.26,18.51,10338
-6.27,22.39,10349
20.11,20.97,10360
25.16,19.30,10373
1.76,16.27,10384
23.57,15.56,10396
25.53,16.95,10407
-11.72,20.65,10420
6.63,20.49,10431
34.25,18.79,10443
8.14,16.79,10455
12.42,16.16,10467
26.94,17.44,10478
-3.70,21.35,10490
1.92,21.89,10502
36.08,19.43,10513
13.45,17.34,10525
2.78,15.88,10536
9.82,15.86,10549
-4.92,20.22,10560
24.06,20.39,10572
19.56,18.79,10584
3.51,17.94,10596
25.91,15.54,10607
18.52,17.33,10619
-9.52,20.88,10631
15.37,21.62,10643
31.00,20.44,10654
6.78,18.03,10665
14.94,16.21,10678
21.86,16.54,10689
-4.62,18.99,10701
8.04,20.99,10713
31.73,18.90,10725
8.01,17.36,10736
4.71,15.61,10748
28.07,15.92,10760
5.94,20.24,10772
-2.80,22.21,10783
28.10,21.05,10796
18.61,19.62,10807
3.34,16.19,10818
28.54,17.10,10830
14.45,19.13,10842
-10.42,21.02,10854
20.91,19.85,10865
27.54,17.97,10877
0.22,15.52,10889
18.38,16.42,10901
23.15,18.10,10912
-6.57,21.70,10925
32.97,20.69,10936
3.51,19.27,10948
10.36,17.15,10959
31.61,16.30,10971
-1.14,18.09,10983
-1.90,21.46,10994
29.13,20.08,11006
14.19,18.91,11018
6.03,16.08,11030
28.79,15.74,11041
7.98,17.66,11054
-8.78,20.80,11065
25.62,21.11,11077
27.25,19.43,11088
1.40,17.19,11101
19.48,17.03,11112
22.70,17.05,11123
-7.95,21.35,11136
12.61,20.93,11147
31.91,18.52,11159
2.24,17.12,11170
10.60,14.88,11183
30.96,16.49,11194
-4.86,20.77,11206
1.11,21.61,11217
33.81,19.70,11230
11.20,17.98,11241
6.07,15.99,11253
30.99,17.00,11265
4.26,20.49,11276
-4.30,21.22,11288
29.15,19.30,11299
19.29,17.54,11312
-0.05,15.18,11323
17.32,16.07,11335
-7.89,19.72,11346
16.31,21.19,11359
28.10,20.21,11370
3.73,17.93,11382
18.78,16.36,11394
25.13,16.59,11406
-8.27,19.82,11417
6.17,21.91,11428
35.11,19.67,11441
8.50,18.51,11452
7.30,15.56,11464
27.32,16.31,11475
1.25,19.17,11488
0.04,21.05,11499
33.06,20.33,11511
14.65,18.85,11523
1.23,16.11,11535
28.91,16.97,11546
15.81,18.81,11558
-8.34,21.56,11570
18.59,20.63,11581
25.27,18.42,11593
2.42,16.30,11604
22.53,16.40,11617
25.06,17.87,11628
-11.96,21.83,11640
6.83,20.37,11652
37.02,18.89,11664
6.88,16.73,11675
12.51,16.20,11687
27.47,18.00,11699
-4.88,21.01,11711
36.15,20.37,11722
11.26,19.25,11734
0.88,16.19,11746
27.82,16.17,11757
9.55,17.16,11769
-5.80,20.53,11781
26.57,21.34,11793
18.78,18.93,11804
2.98,17.37,11816
26.50,16.10,11828
19.36,16.56,11840
-9.65,21.10,11851
15.03,20.64,11864
29.40,19.08,11875
5.17,17.23,11886
16.17,15.45,11898
24.74,16.98,11910
-6.83,20.09,11922
6.37,21.37,11933
34.56,19.71,11945
10.19,17.72,11957
4.20,16.19,11969
28.50,16.35,11980
4.01,19.98,11993
-4.67,21.14,12004
30.34,19.54,12016
16.71,18.12,12027
0.29,15.89,12039
28.88,16.56,12051
14.23,19.68,12062
-11.52,21.11,12075
19.80,19.81,12086
29.77,18.50,12098
0.39,16.13,12109
24.55,16.93,12122
-10.42,19.61,12133
9.09,20.83,12145
36.29,20.09,12156
4.12,18.31,12169
7.83,16.02,12180
30.57,16.97,12191
-0.30,18.51,12204
-0.71,21.70,12215
32.33,20.54,12227
12.43,18.95,12238
2.99,16.91,12251
30.90,16.34,12262
11.11,18.64,12274
-8.87,21.57,12285
24.61,20.51,12298
22.50,19.53,12309
2.65,16.29,12321
25.58,16.83,12333
16.50,18.21,12344
-9.56,21.30,12356
16.31,21.62,12367
29.73,19.14,12380
5.48,17.52,12391
13.55,16.49,12403
23.03,17.41,12414
-1.56,21.18,12427
5.99,20.95,12438
28.51,19.20,12450
10.66,17.47,12462
6.39,16.20,12474
27.55,17.31,12485
9.24,21.16,12496
24.32,20.78,12509
21.04,19.47,12520
4.00,17.67,12532
25.53,15.93,12544
13.36,17.12,12556
-10.28,20.16,12567
21.46,21.43,12579
30.94,19.67,12591
1.79,18.13,12603
17.84,16.30,12614
20.53,16.51,12626
-5.11,20.07,12638
11.63,21.46,12649
31.51,19.70,12661
5.71,18.32,12673
11.79,15.79,12685
26.12,16.21,12696
4.04,19.76,12708
-0.73,21.17,12720
29.00,20.50,12732
17.26,18.63,12743
5.21,16.02,12755
27.13,16.32,12767
10.02,18.97,12779
-9.45,21.34,12790
25.29,19.90,12802
25.49,18.83,12814
0.96,16.01,12825
21.29,16.99,12837
19.54,18.70,12849
-6.75,21.97,12861
18.40,20.58,12872
30.14,18.94,12884
14.61,16.46,12896
29.87,16.26,12908
-1.53,18.16,12919
1.67,21.29,12932
31.76,20.43,12943
11.96,18.58,12954
7.04,16.21,12966
30.03,16.16,12978
3.39,17.76,12990
-7.99,21.53,13001
32.44,21.18,13014
22.76,19.14,13025
1.12,16.78,13037
23.63,16.51,13048
15.24,17.56,13061
-9.41,21.54,13072
22.95,21.10,13084
26.57,19.36,13095
-0.26,17.15,13107
17.34,16.03,13119
27.55,17.33,13130
-6.28,21.11,13143
7.42,21.45,13154
29.34,19.38,13166
8.97,17.45,13177
11.12,15.87,13190
31.58,16.94,13201
-2.55,21.16,13213
-5.79,21.33,13224
32.77,19.78,13237
21.22,17.93,13248
0.75,16.43,13259
25.64,17.02,13272
10.41,20.85,13283
27.85,21.47,13295
27.42,19.69,13306
-4.71,18.16,13319
20.70,15.72,13330
23.91,16.60,13342
-7.10,20.51,13353
12.53,21.93,13366
30.30,20.18,13377
4.24,18.79,13389
15.42,15.69,13401
29.00,16.67,13412
-5.15,20.14,13424
-1.17,21.72,13435
36.21,20.76,13448
14.84,18.51,13459
2.34,16.38,13471
27.23,16.38,13483
6.64,19.13,13495
-4.97,21.65,13506
32.16,20.66,13518
22.47,19.46,13530
-3.58,16.29,13542
25.86,16.98,13553
21.03,18.84,13564
-9.72,21.46,13577
16.20,20.24,13588
27.34,18.07,13600
2.36,15.92,13612
19.41,16.25,13624
27.56,18.47,13635
-11.48,22.33,13647
7.05,21.21,13659
37.10,19.63,13671
8.97,16.68,13682
28.88,15.97,13694
-2.11,17.86,13706
-0.67,20.75,13717
35.82,20.41,13729
13.94,18.55,13741
-0.45,16.00,13753
25.42,16.15,13764
13.25,17.02,13776
-3.81,21.27,13788
24.02,21.77,13800
20.93,19.48,13811
0.98,17.83,13824
24.24,16.31,13835
25.32,17.24,13847
-10.06,21.68,13858
9.13,21.13,13870
31.03,19.08,13882
6.79,17.06,13893
12.70,15.22,13905
27.19,16.58,13917
-9.21,20.58,13929
2.51,21.04,13940
39.86,20.16,13953
11.96,18.11,13964
-0.78,16.24,13976
29.57,17.14,13987
6.79,20.08,14000
-1.85,21.88,14011
30.99,19.73,14022
14.90,17.91,14034
-1.46,15.59,14046
29.05,15.60,14058
-8.63,20.13,14069
15.70,21.42,14082
28.56,20.14,14093
4.63,18.96,14105
19.59,16.23,14116
25.15,17.03,14129
-12.00,19.44,14140
5.83,21.23,14152
37.29,19.69,14163
7.43,17.81,14175
5.72,15.25,14187
25.04,15.84,14198
0.78,18.33,14211
1.46,21.15,14222
32.00,20.43,14234
11.54,18.88,14245
1.41,16.49,14258
29.98,16.66,14269
15.54,18.82,14281
-6.10,22.19,14292
16.60,20.85,14305
24.26,18.79,14316
4.70,15.89,14327
20.96,15.68,14340
23.27,17.46,14351
-12.71,20.86,14363
9.64,20.34,14374
36.97,18.86,14387
4.61,16.76,14398
8.73,16.92,14410
29.95,18.00,14422
-3.25,22.02,14434
4.63,21.48,14445
34.53,19.09,14456
4.43,16.82,14469
33.12,15.00,14480
7.45,16.32,14492
-5.53,20.14,14503
22.39,20.59,14516
17.79,19.46,14527
5.58,17.39,14539
25.21,16.66,14551
18.04,17.53,14563
-7.08,21.03,14574
14.82,21.88,14586
33.01,19.58,14598
5.86,18.49,14610
12.44,16.07,14621
25.45,16.54,14632
-5.86,19.89,14645
6.01,20.11,14656
35.71,18.97,14668
6.82,17.23,14680
5.24,15.59,14692
32.06,16.66,14703
4.72,20.14,14715
-5.21,21.62,14727
28.16,20.09,14739
18.04,18.41,14750
5.26,15.78,14761
28.04,16.20,14774
12.19,19.23,14785
-10.11,20.78,14797
21.43,19.39,14809
28.70,17.90,14821
1.34,15.58,14832
17.73,16.49,14844
-7.54,18.77,14856
10.85,21.93,14868
32.07,20.93,14879
6.27,19.36,14892
10.61,16.93,14903
30.55,16.72,14914
0.48,18.50,14926
-0.24,21.04,14938
28.05,19.76,14950
14.02,17.55,14961
5.83,15.31,14973
25.86,15.16,14985
8.89,17.69,14997
-5.92,21.56,15008
23.74,21.66,15021
27.87,20.44,15032
3.52,17.78,15044
19.93,17.39,15055
21.29,18.09,15068
-5.06,20.87,15079
14.44,20.65,15090
29.84,18.14,15102
1.22,16.14,15114
12.03,15.72,15126
29.89,16.29,15137
-3.75,21.04,15150
2.84,20.83,15161
31.68,19.33,15173
11.32,18.35,15184
9.38,16.78,15197
30.07,18.32,15208
3.69,21.78,15219
-4.10,21.67,15232
29.66,19.49,15243
2.31,16.81,15255
22.31,14.81,15266
15.09,15.57,15279
-7.34,19.43,15290
19.83,20.76,15302
28.28,19.55,15313
2.90,18.32,15326
16.49,16.72,15337
29.08,17.87,15349
-3.44,21.04,15361
7.28,22.98,15372
32.92,20.45,15384
8.32,18.48,15395
9.45,16.00,15408
30.27,15.83,15419
-3.27,19.10,15431
-2.99,20.42,15442
33.55,19.58,15455
14.75,18.58,15466
2.71,16.27,15478
30.54,17.67,15490
7.49,20.04,15502
-5.30,22.31,15513
28.65,21.07,15524
21.44,18.89,15537
0.85,16.00,15548
25.52,16.04,15560
19.80,17.65,15571
-7.69,20.73,15584
12.73,19.65,15595
26.69,18.03,15607
7.39,16.18,15619
16.83,16.62,15631
-2.74,18.75,15642
3.27,22.25,15654
34.14,21.54,15666
16.19,20.28,15677
4.47,17.84,15689
24.42,17.08,15700
8.58,17.87,15713
-1.87,20.39,15724
28.89,20.18,15736
18.74,18.39,15748
-2.18,16.36,15760
24.23,16.60,15771
22.50,17.43,15783
-7.29,21.56,15795
15.10,21.83,15807
27.65,19.55,15818
5.56,18.44,15830
19.55,16.65,15842
27.09,17.48,15853
-10.96,21.46,15865
5.74,20.70,15877
36.06,18.99,15889
10.34,16.93,15900
5.93,14.71,15912
24.61,16.34,15924
1.78,19.63,15936
0.82,21.66,15947
30.73,20.62,15960
15.31,18.57,15971
0.39,16.71,15982
29.70,16.68,15994
18.39,19.91,16006
-7.58,21.59,16018
23.70,19.50,16029
3.70,18.12,16041
23.88,15.31,16053
22.47,16.39,16065
-11.11,19.25,16076
10.72,21.48,16089
36.73,20.06,16100
7.66,19.01,16112
9.91,16.63,16123
25.68,16.77,16135
-0.01,19.56,16147
5.21,21.16,16158
33.55,20.05,16171
11.53,18.08,16182
1.11,15.06,16194
29.53,15.84,16205
11.67,18.04,16218
-6.97,21.72,16229
22.71,20.97,16241
24.20,19.25,16252
4.83,17.24,16265
25.18,17.31,16276
19.31,18.81,16287
-12.17,21.69,16300
15.48,20.77,16311
34.48,18.28,16323
5.08,15.90,16334
12.52,15.61,16347
24.11,16.59,16358
-4.79,20.91,16370
7.75,20.11,16381
33.33,19.35,16394
8.97,17.65,16405
5.01,16.93,16417
8.22,18.72,16429
-3.78,21.79,16440
26.79,21.60,16452
19.49,19.06,16463
2.96,16.13,16476
28.53,15.04,16487
13.65,15.97,16499
-12.24,19.84,16510
19.63,20.04,16523
30.55,18.39,16534
2.16,16.67,16546
18.06,16.36,16558
23.78,17.42,16570
-8.42,22.08,16581
12.88,22.53,16592
36.23,20.19,16605
4.36,18.17,16616
9.99,15.28,16628
28.80,15.80,16640
-3.11,19.29,16652
2.46,20.35,16663
31.10,18.57,16675
10.34,17.68,16687
6.27,15.40,16699
28.28,16.98,16710
6.77,20.43,16722
-4.29,21.91,16734
28.24,20.84,16745
24.16,18.97,16757
2.70,17.13,16769
23.07,17.25,16781
18.34,19.58,16792
-7.87,21.27,16804
30.44,19.40,16816
-0.23,17.77,16828
17.65,15.22,16839
27.38,16.27,16851
-7.49,19.51,16863
4.87,22.39,16875
35.77,21.46,16886
9.15,19.82,16898
9.96,16.51,16910
30.45,16.98,16921
3.04,18.70,16933
-3.65,21.77,16945
29.98,20.96,16957
18.51,18.71,16968
0.85,16.21,16980
24.91,16.10,16992
15.97,17.52,17004
-7.87,21.51,17015
21.01,21.44,17028
28.73,19.71,17039
-0.79,17.43,17050
18.73,16.89,17062
28.36,17.85,17074
-9.26,21.62,17086
8.51,20.59,17097
36.02,19.11,17110
2.80,16.54,17121
10.25,15.58,17133
31.19,17.12,17144
-4.60,21.22,17157
-1.97,21.78,17168
36.28,20.11,17180
13.57,17.45,17191
-391.86,16.83,17204
-7.75,17.25,17215
27.36,21.14,17238
23.15,21.91,17249
-1.16,19.34,17261
23.80,17.89,17272
22.23,15.30,17284
-11.45,16.39,17295
13.85,20.48,17306
32.02,21.72,17317
3.89,19.99,17329
14.80,18.49,17340
30.16,15.92,17352
-7.09,16.77,17363
2.77,20.46,17375
36.08,21.19,17386
14.28,20.20,17397
3.92,18.09,17409
29.04,15.64,17420
5.32,16.79,17431
-5.88,19.14,17443
33.08,22.00,17455
21.27,20.51,17466
-1.66,18.31,17477
27.95,16.21,17488
17.89,16.01,17500
-12.06,19.18,17511
19.74,21.29,17523
29.61,19.86,17534
1.68,18.75,17546
19.99,15.83,17557
26.55,17.00,17568
-8.83,18.93,17580
8.43,21.77,17591
34.31,20.66,17602
7.72,18.82,17614
8.56,16.51,17626
29.75,16.40,17638
1.44,17.91,17649
-1.02,20.95,17660
30.23,20.17,17673
15.36,18.56,17684
1.68,16.43,17696
28.81,16.43,17708
13.19,17.73,17720
-9.32,21.66,17731
21.58,21.08,17743
26.64,19.54,17755
3.07,17.34,17767
20.25,16.73,17778
21.59,17.97,17790
-9.36,21.33,17802
12.41,21.33,17814
32.90,19.24,17825
4.09,16.86,17837
9.64,15.49,17849
28.12,16.49,17860
-3.42,20.62,17872
1.37,21.62,17884
35.00,20.03,17896
10.43,18.62,17907
3.70,16.77,17920
32.46,17.43,17931
6.45,21.23,17943
-7.07,21.38,17954
28.52,19.60,17967
19.25,17.37,17978
27.28,15.38,17989
14.71,16.34,18001
-11.20,19.99,18013
19.62,21.78,18025
30.00,20.04,18036
3.29,18.91,18049
17.30,15.99,18060
24.90,17.19,18072
-5.64,20.10,18083
6.66,21.91,18096
34.26,19.91,18107
9.26,17.89,18119
4.55,15.41,18130
30.51,15.45,18142
2.44,18.66,18154
-4.56,20.91,18165
30.20,19.79,18178
16.85,18.60,18189
0.99,15.83,18201
31.00,16.59,18212
13.68,19.13,18225
-9.02,21.66,18236
23.80,20.79,18248
25.78,18.52,18259
2.49,15.93,18272
23.58,16.31,18283
19.71,17.45,18294
-9.65,21.25,18307
12.31,20.20,18318
32.49,18.42,18330
7.23,17.01,18341
10.60,16.22,18354
27.24,18.11,18365
-1.01,21.48,18377
31.20,21.16,18388
12.40,19.39,18401
4.11,16.86,18412
29.70,16.12,18424
8.70,17.67,18436
-5.10,21.32,18447
24.92,21.72,18459
23.35,19.67,18470
4.70,17.09,18483
24.02,16.21,18494
16.74,16.36,18506
-7.98,20.64,18518
16.84,21.16,18530
30.41,19.04,18541
3.27,17.71,18553
13.21,15.71,18565
26.48,16.50,18577
-4.61,21.05,18588
5.32,21.15,18599
32.46,19.84,18612
8.47,17.78,18623
7.73,15.19,18635
29.30,16.29,18647
-0.03,19.33,18659
-5.43,21.18,18670
31.54,19.68,18682
16.46,18.15,18694
3.29,16.27,18706
27.26,16.64,18717
12.76,19.98,18729
-6.48,21.54,18741
22.09,19.84,18752
24.25,18.40,18764
19.44,15.39,18776
25.29,16.12,18788
-9.05,18.85,18799
7.60,20.94,18811
32.99,20.07,18823
5.52,18.08,18835
13.16,15.79,18846
30.66,16.48,18859
-4.54,18.55,18870
-1.71,21.70,18882
35.11,20.51,18893
14.63,18.54,18905
3.32,15.95,18917
27.36,15.73,18928
7.80,17.04,18940
-4.66,20.88,18952
26.16,19.89,18964
22.25,18.80,18975
-1.50,16.27,18988
21.86,16.16,18999
23.96,18.06,19011
-6.26,21.87,19022
10.93,21.96,19035
30.00,19.73,19046
4.61,16.76,19057
15.82,16.26,19069
30.29,16.98,19081
-9.03,20.71,19093
-1.81,20.82,19104
35.66,18.05,19117
12.74,16.83,19128
4.90,15.68,19140
25.61,16.71,19151
-2.19,21.55,19164
33.30,21.66,19175
20.55,20.28,19187
-3.11,18.26,19198
25.01,15.78,19210
20.45,16.82,19222
-7.14,20.00,19233
17.16,21.02,19246
24.49,19.26,19257
3.10,17.07,19269
21.72,15.45,19280
25.73,16.41,19293
-10.68,19.80,19304
5.52,22.03,19316
36.11,19.98,19328
11.47,18.53,19340
8.87,16.62,19351
23.44,16.34,19362
-0.32,19.68,19375
1.15,20.83,19386
33.74,19.35,19398
15.47,18.26,19409
-3.11,15.04,19422
26.40,16.03,19433
17.34,18.74,19445
-6.20,21.05,19457
20.36,20.57,19469
22.54,18.50,19480
1.14,15.77,19492
25.22,16.88,19504
24.51,18.02,19515
-12.22,21.84,19527
10.70,19.85,19538
33.30,17.96,19551
12.23,15.81,19562
25.28,14.99,19574
-5.00,17.92,19586
5.29,20.95,19598
34.26,20.94,19609
10.20,19.38,19621
3.67,16.50,19633
28.95,16.18,19645
11.30,17.52,19656
-3.49,20.73,19667
23.50,20.84,19680
19.51,18.55,19691
0.83,15.97,19703
26.10,16.34,19715
22.93,16.62,19727
-14.54,21.50,19738
14.68,21.14,19750
33.37,18.71,19762
2.98,17.82,19774
15.60,15.71,19785
27.69,16.81,19798
-10.40,20.85,19809
9.82,20.39,19820
36.93,19.05,19832
4.80,17.15,19844
5.77,15.58,19856
27.59,16.80,19867
3.74,20.00,19879
0.71,21.20,19891
26.09,19.87,19903
15.36,17.62,19914
3.63,16.62,19927
26.88,16.94,19938
-10.49,20.34,19950
17.20,21.79,19961
32.28,19.38,19973
1.74,17.83,19985
17.31,15.41,19996
23.55,15.69,20008
-10.72,19.17,20020
12.50,20.48,20032
35.94,19.66,20043
2.11,18.69,20056
9.24,16.14,20067
30.70,17.33,20079
-1.26,19.49,20090
3.25,21.46,20103
29.78,20.08,20114
10.73,17.95,20125
5.24,15.41,20137
29.27,15.86,20149
8.18,17.93,20161
-10.10,20.65,20172
20.24,20.04,20185
27.32,18.29,20196
4.23,16.58,20208
21.63,16.82,20219
18.25,18.68,20232
-9.67,22.43,20243
16.58,21.22,20255
35.68,19.67,20267
-0.34,16.45,20278
11.25,15.53,20290
25.79,16.88,20301
-0.05,20.04,20314
6.32,20.46,20325
6.61,18.80,20337
6.59,17.12,20348
32.55,16.61,20361
9.30,17.76,20372
-7.11,21.79,20384
21.44,21.85,20396
24.73,19.50,20408
7.86,17.70,20419
22.80,16.04,20430
13.29,16.46,20443
-12.93,20.24,20454
19.12,19.97,20466
34.59,18.42,20477
0.04,17.36,20490
11.65,15.60,20501
26.98,16.78,20513
-2.41,20.50,20525
10.75,21.45,20537
30.90,19.94,20548
2.45,18.44,20560
10.97,15.87,20572
35.23,16.58,20583
2.25,19.55,20595
-7.77,21.04,20606
27.51,19.15,20619
20.44,17.35,20630
6.83,15.56,20642
26.36,15.74,20654
7.98,19.37,20666
-10.33,21.49,20677
27.08,20.09,20689
31.61,19.26,20701
-2.65,15.97,20713
14.67,16.66,20724
-3.71,18.83,20736
12.99,20.84,20748
29.17,20.28,20759
-0.69,18.05,20771
11.25,15.72,20783
34.89,16.00,20795
-1.43,18.29,20806
-5.38,21.94,20818
31.22,20.89,20830
16.65,19.44,20842
5.94,16.84,20853
30.81,16.83,20866
4.06,18.11,20877
-10.42,21.35,20888
30.77,20.26,20900
26.43,18.67,20912
-3.47,16.74,20924
18.70,16.08,20935
20.10,17.77,20947
-6.81,21.07,20959
17.60,20.86,20971
30.07,19.77,20982
-1.66,16.96,20995
14.10,16.88,21006
33.64,17.72,21018
-4.38,21.10,21029
-0.27,21.64,21041
32.59,18.73,21053
10.54,17.27,21064
9.32,15.97,21076
32.33,16.71,21088
-2.28,21.13,21100
-7.68,20.94,21111
22.21,19.46,21124
-0.09,17.73,21135
22.63,15.98,21147
13.19,16.50,21158
-6.43,20.11,21171
23.40,21.00,21182
24.17,19.80,21194
-1.80,18.56,21206
19.16,15.74,21217
28.16,17.12,21229
-3.16,20.09,21240
4.97,21.29,21253
29.11,20.31,21264
9.14,18.05,21276
11.95,16.05,21287
28.44,16.49,21300
-1.38,18.82,21311
-4.71,21.64,21323
32.09,19.67,21335
21.50,18.33,21346
0.89,16.02,21358
25.02,15.90,21369
11.97,18.96,21382
-6.65,21.50,21393
24.31,20.25,21405
26.11,19.14,21416
-2.53,15.59,21429
19.71,16.12,21440
26.02,18.36,21452
-7.23,21.09,21464
9.32,21.01,21476
31.59,18.38,21487
6.52,16.11,21498
27.71,16.33,21511
-4.30,17.48,21522
0.85,21.73,21534
34.42,20.86,21545
14.59,18.97,21558
1.96,17.02,21569
27.56,16.11,21581
9.58,17.06,21593
-5.78,21.38,21605
26.05,20.41,21616
22.30,19.10,21628
-2.43,17.25,21640
25.40,15.63,21651
20.56,17.58,21663
-10.27,20.86,21675
14.32,20.90,21687
32.64,19.19,21698
4.90,16.58,21710
16.70,16.18,21722
23.73,16.47,21734
-7.23,20.47,21745
4.06,20.95,21757
37.68,18.63,21769
10.33,17.74,21781
3.77,15.80,21792
28.50,16.44,21804
6.64,20.81,21816
-2.50,21.22,21827
31.55,19.84,21839
16.03,18.07,21851
-0.95,15.15,21863
29.13,16.22,21874
16.95,19.50,21886
-11.57,20.95,21898
26.31,19.57,21910
2.27,18.06,21921
21.87,16.01,21934
23.00,16.98,21945
-11.58,20.21,21957
10.61,22.10,21968
36.85,20.35,21980
6.03,18.49,21992
9.34,15.92,22003
28.22,15.83,22016
-2.30,18.57,22027
1.50,20.91,22039
33.06,19.60,22050
9.89,18.19,22063
1.89,15.58,22074
29.74,16.15,22086
10.25,19.09,22097
-6.64,21.90,22110
26.07,21.53,22121
22.30,19.76,22132
1.85,16.65,22145
24.14,16.57,22156
20.69,17.67,22168
-11.72,21.03,22179
13.54,20.00,22192
31.71,18.31,22203
3.75,16.50,22215
13.34,16.08,22226
28.82,17.79,22239
-6.69,22.08,22250
5.39,21.50,22262
35.50,19.91,22274
11.29,17.51,22285
28.50,15.99,22297
4.60,17.27,22308
-4.18,20.27,22321
28.04,20.50,22332
20.02,18.48,22344
-0.65,16.56,22355
26.62,15.77,22368
17.48,16.84,22379
-10.03,21.07,22391
19.39,21.79,22403
29.81,19.69,22415
1.18,18.42,22426
18.99,16.45,22437
26.29,16.91,22450
-7.81,20.80,22461
7.95,20.95,22473
35.17,19.12,22484
6.56,17.23,22497
9.52,14.32,22508
30.05,15.65,22520
-1.07,19.13,22532
-3.87,21.07,22544
31.96,20.26,22555
16.52,18.56,22567
2.80,16.61,22579
27.81,17.21,22590
11.44,19.57,22602
-8.56,21.73,22614
24.60,19.54,22626
25.66,18.06,22637
0.75,15.28,22649
20.35,15.62,22661
20.23,18.30,22673
-9.03,20.90,22684
32.12,19.83,22696
3.88,18.77,22708
12.53,16.31,22720
28.76,16.76,22731
-2.55,19.10,22743
1.39,21.46,22755
31.02,20.90,22766
12.75,18.38,22778
6.11,15.83,22790
27.80,16.14,22802
7.27,17.39,22813
-7.31,21.43,22825
27.12,20.60,22837
22.69,19.09,22849
-0.15,17.11,22860
23.61,16.57,22873
19.74,18.03,22884
-8.73,21.54,22895
18.09,21.35,22907
30.64,19.54,22919
1.55,17.04,22931
15.75,15.86,22942
25.86,16.50,22955
-6.32,20.16,22966
5.21,20.20,22978
31.26,18.64,22989
6.71,16.77,23002
8.97,15.75,23013
30.20,17.25,23025
1.84,21.26,23036
-3.93,21.82,23048
30.84,19.88,23060
18.80,17.67,23071
25.67,15.84,23084
12.35,16.07,23095
-7.77,19.60,23107
21.17,20.73,23118
25.55,18.59,23131
-0.44,17.86,23142
17.73,15.42,23154
24.43,16.55,23165
-4.87,20.56,23178
9.57,21.44,23189
31.46,20.80,23200
6.21,18.83,23213
11.22,16.37,23224
31.49,17.02,23236
-1.64,19.04,23247
-2.03,21.13,23260
31.48,18.97,23271
14.62,17.89,23283
5.55,15.63,23294
27.79,16.28,23307
8.04,19.14,23318
-6.12,21.42,23330
25.91,20.48,23342
22.19,19.01,23353
3.70,16.71,23365
23.14,16.64,23376
20.94,18.77,23389
-6.30,21.22,23400
12.11,19.84,23412
29.05,18.12,23424
5.03,15.18,23436
12.96,15.46,23447
27.36,17.24,23459
0.35,20.50,23471
32.66,20.58,23483
11.31,18.85,23494
7.11,17.27,23505
29.26,17.13,23518
5.47,17.95,23529
-4.02,21.57,23541
27.97,20.95,23553
18.91,18.80,23565
2.22,16.75,23576
23.59,15.18,23588
15.46,16.26,23600
-8.82,19.94,23612
17.74,20.17,23623
27.19,18.78,23635
2.97,17.30,23647
17.46,16.16,23658
25.05,17.31,23670
-7.79,21.03,23682
8.48,21.21,23694
33.82,19.58,23705
7.04,17.49,23717
10.18,15.61,23729
26.59,16.04,23741
-0.17,19.22,23752
-0.58,20.50,23764
29.22,18.93,23776
15.09,17.59,23788
4.03,15.77,23799
25.25,16.37,23811
11.81,20.27,23823
-7.13,21.91,23834
22.31,20.40,23846
26.79,18.75,23858
18.95,15.62,23870
24.64,16.25,23881
-9.80,18.62,23894
9.64,20.44,23905
31.70,19.97,23917
2.95,17.96,23928
12.08,16.53,23941
32.32,17.24,23952
-3.62,19.39,23963
1.64,22.79,23975
34.03,21.32,23987
12.67,19.47,23999
5.97,16.47,24010
27.10,15.87,24023
4.90,17.86,24034
-6.32,20.24,24046
27.60,19.67,24057
21.24,18.44,24070
0.14,16.11,24081
21.74,16.60,24093
20.54,18.84,24104
-4.40,22.63,24116
16.88,22.87,24128
30.37,20.33,24139
3.96,17.36,24152
16.29,16.28,24163
26.01,16.32,24175
-5.01,20.05,24186
4.30,19.33,24199
30.34,17.32,24210
9.05,16.34,24222
6.94,15.57,24233
29.29,17.67,24246
-3.06,22.28,24257
30.15,22.72,24268
21.84,21.06,24281
3.30,18.57,24292
25.84,16.51,24304
13.24,17.08,24315
-9.73,19.73,24328
20.52,20.23,24339
27.61,17.88,24351
-1.34,16.22,24363
17.52,15.31,24375
23.75,16.23,24386
-7.44,20.90,24398
10.39,22.26,24410
33.61,20.88,24421
4.05,19.40,24433
13.29,16.80,24444
30.76,17.14,24457
-0.84,19.88,24468
-0.71,20.87,24480
28.84,18.78,24492
13.62,17.18,24504
6.26,14.81,24515
27.71,16.01,24527
8.53,19.61,24539
-7.56,21.86,24551
25.24,21.26,24562
28.21,19.83,24573
2.87,17.33,24586
20.01,17.56,24597
21.92,19.21,24609
-7.95,21.54,24621
14.11,20.07,24633
1.19,17.98,24644
12.89,15.49,24656
28.67,15.39,24668
-3.51,18.12,24680
2.59,21.70,24691
31.34,21.20,24704
11.62,20.29,24715
9.36,17.36,24726
28.90,17.80,24738
5.11,18.71,24750
-6.70,21.64,24762
27.90,20.41,24773
21.85,17.69,24785
-1.04,15.53,24797
20.27,14.75,24809
16.36,16.43,24820
-9.67,20.85,24833
18.36,20.77,24844
31.24,20.04,24856
0.82,18.47,24867
16.70,17.67,24879
28.64,18.60,24891
-5.71,21.85,24902
6.89,21.35,24914
31.67,18.94,24926
6.02,16.55,24938
7.85,14.63,24949
29.86,15.41,24962
1.65,19.61,24973
-6.93,20.25,24985
27.79,19.25,24996
19.33,18.07,25009
4.12,16.99,25020
26.83,17.99,25031
-7.21,21.96,25043
24.32,22.12,25055
30.29,20.08,25067
-1.80,17.67,25078
17.14,14.98,25091
23.03,15.55,25102
-6.41,18.94,25114
13.04,20.76,25125
30.67,19.71,25138
1.34,18.54,25149
13.43,16.48,25161
33.58,17.48,25172
0.62,20.90,25184
-0.08,22.98,25196
30.01,20.99,25207
14.23,18.84,25220
9.38,15.62,25231
30.69,15.94,25243
2.58,18.27,25254
-8.72,20.54,25267
27.66,19.57,25278
24.00,18.54,25290
1.05,16.45,25302
23.23,17.23,25314
19.05,19.61,25325
-4.87,22.79,25336
18.94,22.03,25349
30.79,19.71,25360
1.91,16.55,25372
17.76,15.77,25383
26.29,16.65,25396
-6.15,20.25,25407
3.49,19.51,25419
10.30,17.88,25431
11.00,15.98,25443
28.57,16.33,25454
2.90,18.32,25466
-4.76,22.41,25478
34.36,22.45,25489
22.06,20.06,25501
2.26,17.70,25512
24.34,15.88,25525
12.00,16.84,25536
-7.64,20.00,25548
24.57,20.32,25560
24.98,18.24,25572
-2.75,16.75,25583
18.64,15.52,25595
25.31,16.49,25607
-5.40,21.52,25619
9.74,22.11,25630
29.57,20.48,25641
6.59,18.91,25654
13.59,16.04,25665
31.83,16.95,25677
-2.27,19.70,25689
-4.47,20.13,25701
31.61,18.36,25712
16.23,16.22,25724
2.81,14.87,25736
27.30,15.72,25748
4.53,19.29,25759
-8.72,21.74,25772
31.38,20.16,25783
23.22,19.07,25794
-2.47,16.68,25806
20.94,16.60,25818
-5.79,19.29,25830
16.03,20.76,25841
26.92,19.15,25853
-0.45,17.67,25865
15.99,14.77,25877
31.56,15.47,25888
-6.24,18.79,25901
0.46,21.23,25912
33.79,20.92,25924
12.31,18.87,25935
7.82,16.43,25947
33.02,16.98,25959
0.49,18.10,25970
-8.03,21.19,25982
32.46,20.05,25994
20.62,17.63,26006
-1.90,15.85,26017
26.17,15.08,26030
15.13,17.32,26041
-9.71,21.28,26053
22.59,20.35,26064
28.14,19.93,26077
-0.83,16.85,26088
19.93,17.11,26099
26.86,18.10,26112
-7.34,21.29,26123
6.20,21.29,26135
33.52,18.46,26146
6.89,16.23,26159
10.25,15.31,26170
29.73,16.01,26182
-0.99,20.60,26193
-2.47,20.60,26206
17.29,19.29,26217
1.49,17.95,26229
26.78,16.63,26241
13.38,17.78,26253
-5.76,21.24,26264
24.77,21.52,26275
23.18,19.34,26288
1.76,17.46,26299
20.64,15.07,26311
23.73,15.59,26322
-8.32,19.49,26335
10.01,20.26,26346
31.08,19.58,26358
7.67,18.17,26370
12.59,16.87,26382
28.53,17.50,26393
-2.89,20.33,26405
1.62,22.04,26417
34.60,19.69,26428
13.59,18.34,26440
1.28,14.98,26451
28.57,15.45,26464
6.68,18.42,26475
-5.42,20.59,26487
27.82,19.48,26499
19.64,18.30,26511
0.00,15.93,26522
26.10,16.71,26534
17.74,19.34,26546
-8.50,22.45,26558
15.77,21.50,26569
30.15,19.24,26580
5.19,16.42,26593
24.61,16.06,26604
-4.96,17.34,26616
4.68,20.53,26628
33.82,19.35,26640
8.54,18.25,26651
3.64,16.16,26663
29.90,16.68,26675
7.09,18.64,26687
-4.13,22.58,26698
29.88,21.95,26711
18.34,20.03,26722
0.84,16.84,26733
28.82,16.26,26745
15.80,16.89,26757
-12.48,20.24,26769
19.17,20.51,26780
29.66,17.93,26792
1.67,16.90,26804
18.74,15.78,26816
23.32,17.43,26827
-7.39,22.00,26840
10.80,21.49,26851
35.39,20.19,26863
6.73,17.55,26874
8.86,16.17,26886
29.00,16.93,26898
2.49,20.14,26909
0.83,20.97,26921
28.19,19.05,26933
14.68,16.54,26945
2.95,15.45,26956
30.18,15.94,26969
10.48,20.31,26980
23.98,22.07,26992
28.15,19.83,27003
2.31,18.82,27016
21.84,16.37,27027
19.32,16.97,27038
-9.38,20.82,27051
15.85,20.84,27062
32.41,19.63,27074
1.72,17.96,27085
9.85,15.34,27098
27.44,16.93,27109
-0.63,19.52,27121
2.61,21.96,27132
30.41,20.75,27145
13.60,18.98,27156
5.85,16.78,27168
30.81,16.98,27180
8.57,19.31,27191
-7.76,21.51,27203
27.57,19.69,27214
24.61,18.03,27227
0.40,15.33,27238
24.03,15.66,27250
15.33,18.12,27261
-10.22,20.91,27274
21.35,20.71,27285
29.79,19.24,27297
0.27,16.72,27309
16.67,16.89,27321
24.73,18.32,27332
-4.44,21.41,27343
8.52,20.79,27356
31.44,18.35,27367
8.03,15.92,27379
27.36,15.69,27390
3.40,16.37,27403
-3.44,20.89,27414
29.25,20.42,27426
18.42,19.17,27438
2.65,17.31,27450
27.74,16.58,27461
13.21,18.02,27473
-7.82,21.34,27485
23.14,21.61,27496
27.01,18.94,27508
1.31,17.03,27520
20.62,15.52,27532
19.57,16.46,27543
-6.96,20.43,27555
13.57,20.71,27567
29.59,19.40,27579
6.36,17.53,27590
12.97,16.33,27602
25.67,17.10,27614
0.12,20.65,27626
4.00,21.97,27637
30.53,19.79,27649
13.33,18.06,27661
3.99,15.60,27672
27.74,16.04,27684
8.99,19.50,27696
-5.23,20.53,27708
24.36,18.90,27719
18.92,18.01,27731
0.87,15.51,27743
24.06,16.95,27755
19.75,19.63,27766
16.93,21.66,27779
28.72,20.39,27790
2.04,18.60,27801
16.75,16.53,27813
28.46,16.34,27825
-7.92,18.64,27837
5.46,20.70,27848
32.56,19.64,27860
7.00,18.01,27872
8.19,15.60,27884
30.20,16.30,27895
1.64,18.66,27908
-1.96,21.95,27919
30.52,21.29,27931
16.76,19.19,27942
2.97,16.59,27954
26.45,16.45,27966
13.42,17.82,27977
-8.21,21.15,27990
20.49,20.53,28001
24.73,18.51,28013
4.16,16.23,28024
18.60,15.98,28037
24.26,17.30,28048
-8.19,21.38,28060
8.73,21.18,28071
34.06,19.32,28084
7.68,17.58,28095
10.15,16.59,28106
31.22,17.77,28119
0.04,21.54,28130
-0.77,21.30,28142
31.34,19.16,28153
3.30,17.15,28166
27.53,15.32,28177
10.38,16.64,28189
-8.36,20.25,28200
22.46,21.31,28213
25.79,19.46,28224
3.90,18.15,28236
20.18,16.59,28248
21.16,17.44,28259
-7.09,21.06,28271
12.87,21.27,28282
33.36,19.31,28295
3.79,17.43,28306
10.13,15.34,28318
30.27,15.74,28329
-2.95,19.31,28342
1.14,20.74,28353
32.46,19.44,28365
12.68,18.04,28377
5.84,15.59,28389
30.49,16.92,28400
6.51,20.00,28411
-6.77,22.40,28424
29.38,20.82,28435
22.51,18.94,28447
1.81,16.23,28459
22.85,16.33,28471
18.45,18.74,28482
-8.61,21.25,28494
18.37,20.23,28506
29.21,18.37,28518
-0.38,15.91,28529
15.25,16.31,28541
28.12,18.73,28553
7.04,22.20,28564
35.83,21.63,28576
6.85,19.62,28588
10.80,16.80,28600
31.44,16.46,28611
-0.11,17.09,28623
-4.33,20.87,28635
33.35,19.60,28647
14.89,18.12,28658
0.93,15.99,28670
27.02,15.20,28682
12.14,17.39,28694
-9.11,21.08,28705
23.96,21.86,28717
25.51,20.01,28729
1.33,17.59,28740
21.94,16.94,28752
21.97,17.03,28764
-9.23,20.86,28776
11.88,20.35,28787
32.48,18.21,28800
2.93,16.39,28811
9.34,14.89,28823
29.51,16.26,28834
-2.47,20.34,28847
0.68,21.20,28858
32.64,19.71,28869
12.46,18.63,28881
3.77,16.51,28893
31.86,17.52,28905
9.40,20.98,28916
-7.52,21.63,28929
25.31,19.64,28940
0.44,17.64,28952
24.40,15.10,28963
20.19,15.71,28976
-10.34,18.94,28987
13.95,21.03,28999
33.11,19.62,29010
3.07,18.29,29023
13.86,16.19,29034
27.37,16.61,29045
-3.95,19.74,29058
5.99,21.74,29069
35.52,20.42,29081
7.73,18.82,29092
6.69,15.48,29105
31.05,16.21,29116
5.08,18.38,29128
-4.79,21.19,29139
27.38,20.89,29152
16.86,18.93,29163
6.02,16.98,29175
26.36,16.75,29187
14.29,18.56,29198
-6.91,21.96,29210
18.52,20.66,29221
27.56,18.96,29234
5.99,16.09,29245
15.22,15.76,29257
23.37,17.46,29268
-5.41,20.90,29281
7.62,20.78,29292
33.60,19.13,29304
9.19,16.85,29316
6.02,16.09,29328
1.56,17.18,29339
-4.00,20.77,29350
30.30,20.92,29363
15.15,18.39,29374
1.05,16.61,29386
30.43,15.80,29398
8.60,16.92,29410
-8.70,21.42,29421
27.06,21.12,29433
24.77,19.81,29445
1.40,17.64,29457
21.27,16.11,29468
19.93,16.50,29480
-7.84,20.61,29492
15.69,21.10,29503
30.21,19.59,29515
4.66,17.84,29527
13.07,15.83,29539
27.70,17.08,29550
-2.07,19.93,29562
0.64,21.56,29574
30.40,19.24,29586
13.92,17.84,29597
5.83,15.91,29609
27.14,16.49,29621
7.17,20.30,29633
-5.86,21.44,29644
28.16,20.16,29656
23.32,18.72,29668
0.13,16.15,29679
22.95,16.73,29691
18.14,19.40,29703
-8.49,21.24,29715
17.82,19.85,29726
1.63,18.33,29739
16.65,15.59,29750
26.08,16.34,29762
-6.49,18.38,29773
7.35,21.44,29786
30.57,20.43,29797
9.14,18.64,29808
9.35,16.55,29820
27.74,16.67,29832
2.56,18.48,29844
-2.93,21.72,29855
27.99,20.60,29868
18.84,18.87,29879
0.51,16.53,29891
26.59,16.02,29902
14.22,17.99,29915
-9.18,21.25,29926
19.91,20.64,29938
27.76,19.06,29949
-0.73,16.11,29961
20.15,16.22,29973
25.84,17.21,29984
-9.64,21.13,29997
10.67,20.97,30008
32.22,18.53,30020
5.00,16.61,30031
10.99,15.56,30044
29.19,16.75,30055
-2.23,20.93,30067
-0.83,21.55,30078
33.67,19.45,30091
14.67,18.00,30102
3.84,16.14,30113
9.57,17.17,30126
-7.02,21.48,30137
27.03,21.71,30149
22.20,20.07,30160
0.03,17.93,30173
24.40,15.86,30184
20.02,16.78,30196
-10.71,20.10,30208
15.98,21.03,30220
30.76,19.45,30231
2.90,17.82,30243
16.17,16.01,30255
25.70,17.07,30266
-5.48,20.48,30278
6.63,22.18,30289
33.98,20.54,30302
9.76,18.73,30313
6.97,16.23,30325
26.74,16.16,30337
5.59,18.76,30349
-3.36,20.76,30360
27.41,18.98,30372
18.67,18.10,30384
-0.27,15.62,30396
25.25,16.61,30407
18.61,19.57,30418
-8.86,22.16,30431
19.12,21.75,30442
29.99,19.71,30454
2.92,17.37,30466
18.93,17.12,30478
29.02,18.52,30489
-9.37,20.91,30501
34.46,19.62,30513
3.15,17.60,30525
10.73,15.22,30536
31.24,15.89,30548
-0.61,17.58,30560
-0.49,22.08,30571
32.26,21.38,30583
16.09,20.42,30595
4.59,18.14,30607
28.08,17.21,30618
14.06,18.67,30630
-7.50,21.06,30642
20.66,20.85,30654
27.19,17.90,30665
-0.34,15.89,30678
18.78,14.87,30689
24.17,16.15,30701
-9.63,20.43,30712
10.09,20.49,30724
35.90,19.53,30736
4.16,17.80,30747
10.71,17.34,30759
30.86,17.72,30771
-2.30,21.39,30783
1.47,21.29,30794
33.52,18.81,30807
11.43,17.15,30818
3.36,14.66,30830
29.06,15.59,30841
5.93,19.57,30854
-6.75,20.69,30865
25.52,19.68,30876
22.95,18.66,30888
4.09,16.48,30900
18.89,17.75,30912
-7.59,20.65,30923
19.12,22.00,30936
30.82,20.04,30947
3.14,17.51,30959
12.96,15.37,30970
24.88,15.04,30983
-3.64,18.49,30994
7.09,20.78,31006
31.25,19.95,31017
8.14,19.12,31029
9.10,16.86,31041
32.11,17.69,31052
3.15,19.78,31065
-1.64,22.31,31076
29.49,20.49,31088
16.35,18.56,31099
5.16,15.67,31112
26.64,15.66,31123
11.21,17.57,31135
-8.62,20.80,31147
22.24,20.09,31159
27.43,19.06,31170
2.23,16.74,31181
18.97,16.87,31194
24.83,18.46,31205
-4.74,21.66,31217
13.11,21.57,31228
32.78,18.90,31241
5.09,16.48,31252
9.67,15.67,31264
32.18,16.38,31276
-0.99,20.67,31288
32.88,20.25,31299
14.32,19.03,31311
6.26,17.39,31323
31.12,16.45,31334
7.62,17.86,31346
-8.16,21.67,31357
29.03,21.82,31370
24.77,19.72,31381
-0.42,17.81,31393
22.78,15.80,31405
19.43,16.65,31417
-7.98,20.07,31428
17.73,20.72,31440
29.83,19.09,31452
-0.82,17.20,31464
14.96,16.11,31475
32.14,16.80,31486
-4.79,21.13,31499
0.62,22.06,31510
34.18,20.19,31522
10.97,18.61,31534
7.81,16.02,31546
33.16,16.74,31557
1.54,19.86,31569
-8.74,20.74,31581
31.96,19.25,31593
18.09,17.41,31604
-0.92,15.15,31617
25.41,16.44,31628
14.56,19.51,31639
-8.26,21.96,31651
24.49,20.97,31663
26.86,18.95,31675
18.40,16.53,31686
25.67,16.28,31698
-7.48,18.93,31710
6.62,21.04,31722
31.55,19.71,31733
8.51,18.42,31746
9.67,15.68,31757
29.06,16.67,31769
-1.28,19.01,31780
-1.94,22.21,31792
33.11,21.47,31804
17.98,19.73,31815
2.96,16.95,31827
26.91,16.83,31839
11.39,17.91,31851
-5.27,20.96,31862
23.61,20.23,31875
24.53,18.13,31886
-0.01,16.50,31898
21.26,16.06,31909
24.05,17.34,31922
-8.38,21.91,31933
11.20,20.80,31944
34.63,19.68,31956
5.34,17.77,31968
14.27,16.31,31980
30.79,17.79,31991
-5.95,20.33,32004
0.51,20.56,32015
35.11,18.68,32027
12.21,16.31,32038
4.16,16.07,32051
27.21,16.56,32062
6.47,20.88,32074
28.82,21.75,32086
20.26,19.80,32097
0.44,18.76,32109
23.79,16.96,32120
25.47,17.31,32133
-8.48,21.04,32144
12.33,21.11,32156
30.32,18.95,32167
1.37,17.43,32180
17.20,14.79,32191
29.10,16.27,32203
-10.71,19.77,32215
4.10,21.38,32227
38.63,20.51,32238
8.42,18.64,32249
7.64,16.67,32262
29.68,17.18,32273
1.80,19.75,32285
1.40,21.58,32296
31.46,20.28,32309
12.73,17.92,32320
0.07,15.73,32332
26.92,15.55,32344
15.14,18.04,32356
-7.69,21.44,32367
18.01,20.14,32379
26.38,19.54,32391
5.45,16.93,32402
21.44,17.41,32414
23.67,19.69,32425
-10.68,21.87,32438
11.16,20.77,32449
35.27,18.47,32461
8.77,16.01,32473
25.47,15.71,32485
-3.48,17.02,32496
3.83,20.53,32508
32.25,20.81,32520
8.14,19.29,32532
5.43,17.36,32543
30.69,17.25,32555
11.25,18.27,32567
-4.76,22.21,32578
22.06,21.40,32590
21.39,18.85,32602
4.93,16.68,32614
24.34,14.86,32625
16.55,16.13,32637
-10.50,20.29,32649
15.84,20.36,32661
33.64,19.34,32672
3.77,17.42,32685
12.46,16.66,32696
26.22,17.58,32707
-3.22,21.14,32719
9.64,22.19,32731
34.90,19.91,32743
5.17,17.34,32754
5.98,15.17,32766
32.72,15.27,32778
3.41,19.13,32790
-5.95,20.39,32801
27.27,18.72,32814
17.36,18.13,32825
5.55,15.76,32837
27.61,17.25,32848
-10.38,20.70,32860
22.62,21.95,32872
30.92,20.35,32883
2.16,18.42,32896
15.21,15.39,32907
25.27,15.74,32919
-6.59,18.37,32930
9.48,20.05,32943
32.02,19.75,32954
4.93,17.60,32966
9.19,15.61,32977
32.68,16.53,32990
-0.06,18.66,33001
-2.99,22.43,33012
33.24,20.57,33025
16.48,18.77,33036
5.49,16.31,33048
28.99,15.79,33059
8.85,18.16,33072
-8.59,21.02,33083
24.99,19.89,33095
23.82,18.55,33106
2.29,15.63,33119
18.58,16.18,33130
19.87,18.02,33142
-5.48,21.00,33154
12.35,21.42,33165
32.32,19.34,33177
5.84,17.23,33188
9.80,17.27,33201
29.21,17.71,33212
-0.89,21.75,33224
-0.89,20.94,33235
36.05,18.81,33248
2.80,16.94,33259
32.32,15.85,33271
5.10,17.46,33283
-7.53,21.52,33295
31.14,21.69,33306
20.82,19.80,33317
1.26,17.91,33330
26.85,16.28,33341
17.99,17.14,33353
-9.89,20.85,33364
18.87,21.17,33377
28.90,19.81,33388
3.34,17.43,33400
15.22,15.91,33412
26.93,16.54,33424
-7.56,20.50,33435
4.82,21.82,33447
34.92,19.86,33459
10.62,18.82,33470
4.86,15.96,33482
30.46,17.01,33494
2.34,20.27,33506
-5.21,21.51,33517
32.34,19.82,33529
17.75,18.04,33541
-2.13,15.60,33553
27.56,16.15,33564
14.85,19.40,33576
-10.22,21.27,33588
21.20,20.36,33600
26.96,18.66,33611
0.38,16.12,33623
21.74,16.96,33635
-9.03,19.52,33646
9.67,22.25,33658
35.87,21.06,33670
5.91,18.95,33682
10.25,16.26,33693
27.60,16.20,33705
-1.62,18.41,33717
2.72,21.80,33729
32.97,20.54,33740
13.26,19.58,33753
2.98,16.57,33764
28.86,16.93,33775
10.11,18.91,33787
-3.70,21.62,33799
24.60,21.70,33811
21.55,18.74,33822
2.00,16.04,33835
25.03,15.77,33846
16.69,16.72,33858
-9.82,21.53,33869
14.72,20.83,33882
31.83,19.26,33893
4.44,17.40,33905
16.17,16.52,33916
24.03,17.74,33928
-5.25,21.44,33940
7.64,20.99,33951
35.69,19.29,33964
6.99,17.00,33975
5.62,15.87,33987
30.62,16.66,33998
3.81,20.82,34011
-2.39,21.41,34022
29.97,20.06,34034
2.69,18.11,34045
28.27,16.40,34058
14.73,17.36,34069
-9.80,21.01,34080
20.65,21.52,34093
27.31,19.68,34104
1.56,17.85,34116
19.52,15.91,34127
22.79,16.47,34140
-10.18,20.50,34151
10.65,21.61,34163
35.25,19.99,34174
4.71,18.45,34187
9.09,16.07,34198
29.65,17.08,34210
-1.81,20.16,34222
1.86,21.99,34233
33.22,20.45,34245
11.07,18.53,34256
2.20,15.77,34269
33.01,15.89,34280
8.72,18.96,34292
-8.47,21.50,34304
23.99,20.42,34316
23.59,19.49,34327
1.90,16.43,34339
26.52,17.63,34351
17.94,19.02,34363
-9.82,22.01,34374
15.95,20.54,34385
34.51,18.75,34398
2.97,16.70,34409
11.80,16.08,34421
-1.65,18.12,34433
3.99,21.16,34445
31.83,20.46,34456
9.38,19.00,34468
3.17,16.48,34480
34.88,16.28,34492
7.60,17.84,34503
-10.09,21.67,34515
26.28,21.00,34527
23.06,19.15,34538
3.20,17.03,34550
27.03,16.49,34562
13.62,17.36,34574
-12.57,21.36,34585
21.75,21.27,34597
32.05,19.40,34609
-0.55,17.84,34621
15.75,16.18,34632
25.21,17.00,34644
-3.02,20.50,34656
9.69,20.79,34668
31.13,18.86,34679
3.02,17.49,34691
9.23,15.59,34703
34.03,16.66,34714
2.47,20.97,34726
-6.54,21.16,34738
29.89,20.10,34750
18.71,17.87,34761
6.37,16.34,34774
29.70,16.83,34785
8.25,19.81,34797
-10.93,21.40,34808
29.26,18.96,34821
-0.70,18.00,34832
18.09,15.31,34843
19.01,16.15,34855
-4.85,19.56,34867
16.53,21.13,34879
29.31,20.34,34890
0.09,18.71,34903
12.53,16.31,34914
32.89,16.73,34926
0.84,19.72,34937
-0.80,21.81,34950
28.97,20.72,34961
14.08,18.26,34973
8.58,15.64,34984
31.93,15.87,34996
2.40,18.32,35008
-11.39,21.30,35019
30.34,20.27,35032
26.94,18.79,35043
1.09,16.77,35055
21.39,16.95,35066
15.78,18.53,35079
-6.10,21.58,35090
23.72,20.51,35102
28.50,19.05,35113
-3.37,16.74,35126
16.02,15.85,35137
30.83,17.75,35148
-4.69,20.71,35161
3.79,20.94,35172
30.26,19.56,35184
8.89,17.37,35195
12.84,17.45,35208
-0.82,18.33,35219
-4.76,21.82,35231
33.42,21.41,35243
20.85,18.77,35255
1.46,17.54,35266
23.62,15.43,35278
12.44,16.38,35290
-6.23,20.13,35301
22.52,20.27,35313
24.97,19.42,35324
-1.96,17.66,35337
21.73,16.27,35348
28.69,17.19,35360
-8.90,21.16,35372
8.51,22.12,35384
31.59,19.91,35395
7.84,18.20,35407
15.24,15.54,35419
29.47,16.14,35431
-6.98,19.47,35442
-0.36,20.79,35453
33.78,19.33,35466
16.75,17.81,35477
3.44,15.83,35489
23.56,16.58,35501
9.79,20.07,35513
-2.70,21.75,35524
25.64,20.43,35536
23.42,18.72,35548
-1.09,15.38,35560
20.24,15.83,35571
25.01,18.25,35584
-8.12,20.95,35595
33.39,19.98,35606
5.61,18.24,35618
14.22,15.87,35630
30.14,16.70,35642
-8.28,18.50,35653
2.00,22.06,35665
38.40,20.26,35677
11.85,19.16,35689
5.26,16.24,35700
27.55,16.30,35713
4.22,17.89,35724
-2.73,20.69,35736
28.17,20.49,35747
18.94,18.73,35759
0.66,16.70,35771
25.86,16.79,35782
19.78,18.08,35794
-5.94,22.37,35806
15.50,21.23,35818
27.64,19.35,35829
4.84,16.63,35842
16.58,15.67,35853
26.14,17.04,35865
-8.49,20.12,35876
4.29,20.14,35889
35.94,18.22,35900
10.33,16.39,35911
5.91,16.26,35923
29.10,17.24,35935
2.17,21.66,35947
-2.59,22.31,35958
35.12,19.56,35971
14.68,18.20,35982
29.62,15.66,35994
13.33,16.33,36005
-7.87,20.37,36018
23.33,20.12,36029
22.23,19.42,36041
2.19,17.26,36052
24.65,15.91,36064
21.91,16.96,36076
-11.52,20.54,36087
12.85,22.22,36100
33.42,20.47,36111
6.64,18.55,36123
12.08,16.17,36134
26.22,16.46,36147
-4.22,19.59,36158
2.99,21.29,36170
36.30,19.37,36182
10.20,18.18,36194
0.72,15.40,36205
29.61,16.34,36216
10.22,19.76,36229
-6.20,21.71,36240
27.65,21.04,36252
19.15,18.92,36263
1.40,16.02,36276
28.87,16.18,36287
18.04,18.36,36299
-13.73,21.02,36311
16.58,20.04,36323
30.86,17.99,36334
4.78,16.16,36346
16.23,16.25,36358
22.72,18.22,36369
-6.39,21.84,36381
35.08,20.31,36392
7.47,19.21,36405
4.44,16.20,36416
29.88,16.02,36428
4.93,17.65,36440
-3.07,20.86,36452
27.97,20.85,36463
14.61,19.02,36475
3.01,16.78,36487
31.42,16.51,36499
15.43,17.83,36510
-14.27,21.03,36521
19.39,20.87,36534
30.08,18.40,36545
2.36,16.53,36557
19.16,15.82,36569
19.81,16.57,36581
-10.32,20.73,36592
14.64,20.66,36604
35.63,19.04,36616
2.98,17.34,36628
6.96,15.52,36639
28.99,16.45,36652
1.96,20.28,36663
3.17,20.73,36674
29.57,19.64,36686
10.59,17.59,36698
7.07,15.93,36710
31.66,16.96,36721
9.11,20.13,36733
-8.86,21.70,36745
23.50,19.18,36757
25.57,18.21,36768
22.16,15.82,36781
18.21,16.55,36792
-8.18,20.52,36804
17.79,20.91,36815
32.71,20.35,36827
2.68,18.19,36839
10.69,16.02,36850
28.24,16.55,36862
-3.16,18.56,36874
6.60,21.43,36886
30.51,19.49,36897
7.44,18.39,36910
8.45,16.06,36921
31.28,16.63,36933
4.84,19.54,36944
-4.29,21.25,36957
27.71,20.15,36968
18.82,18.73,36979
2.57,15.59,36992
26.31,16.48,37003
13.77,18.07,37015
-8.74,21.39,37026
20.30,20.93,37039
28.23,18.88,37050
3.86,17.31,37062
19.97,17.15,37073
22.67,18.61,37086
-7.42,22.16,37097
11.00,21.26,37109
33.74,19.40,37121
6.71,16.55,37132
9.67,15.90,37144
25.59,16.92,37155
2.75,20.73,37168
29.58,20.77,37179
13.31,19.30,37191
3.60,17.66,37202
28.26,16.35,37215
12.02,17.77,37226
-5.63,21.55,37238
21.56,22.18,37250
23.26,20.14,37262
5.19,17.70,37273
22.96,16.24,37284
19.90,16.54,37297
-9.51,20.16,37308
13.92,20.66,37320
32.43,18.79,37331
5.97,17.80,37344
9.91,15.72,37355
26.22,16.77,37367
0.30,20.79,37379
5.77,21.99,37391
31.58,20.49,37402
10.63,18.71,37414
5.88,15.71,37426
31.05,16.28,37437
6.32,18.94,37449
-6.86,20.59,37460
24.85,18.98,37473
20.72,17.10,37484
2.93,14.93,37496
24.70,16.03,37508
14.59,19.01,37520
-9.27,21.73,37531
18.97,20.55,37543
31.48,19.05,37555
15.68,16.56,37567
25.93,16.49,37578
-4.37,18.32,37590
6.75,20.73,37602
31.88,19.37,37613
7.04,17.60,37625
8.23,15.10,37637
31.19,15.51,37649
1.35,17.89,37660
-6.13,21.12,37672
30.07,20.51,37684
18.41,18.97,37696
4.37,16.56,37707
27.79,16.47,37720
12.01,17.65,37731
-10.36,20.73,37742
23.41,20.30,37754
27.86,17.96,37766
-1.26,15.50,37778
19.19,15.52,37789
22.17,16.64,37801
-8.52,20.96,37813
12.69,21.82,37825
35.64,19.35,37836
3.19,18.26,37849
10.92,16.74,37860
34.00,17.43,37872
-1.36,21.40,37883
-3.11,20.62,37895
35.15,18.87,37907
11.77,16.69,37918
2.00,14.81,37931
32.79,16.38,37942
-11.92,20.03,37954
30.43,21.08,37965
24.22,19.91,37978
-0.23,17.98,37989
25.09,16.58,38001
19.99,17.04,38012
-9.46,20.08,38025
21.21,21.27,38036
28.83,19.36,38047
-1.79,17.60,38060
15.21,15.29,38071
29.52,15.63,38083
-6.52,19.18,38094
4.83,21.47,38107
32.25,19.81,38118
9.11,19.13,38130
9.60,16.67,38141
31.48,17.61,38154
3.35,20.64,38165
-4.42,21.64,38177
29.35,20.60,38189
20.55,18.17,38200
2.96,15.30,38212
23.36,16.04,38223
14.63,17.77,38236
-6.65,21.19,38247
18.30,20.51,38259
29.33,18.55,38270
2.55,16.68,38283
17.52,16.75,38294
26.19,18.38,38306
-5.08,22.37,38318
7.52,20.66,38330
7.14,19.33,38341
9.45,16.26,38352
29.75,15.81,38365
-0.40,17.28,38376
-1.12,20.27,38388
32.81,20.20,38400
14.71,18.50,38412
1.40,16.44,38423
29.94,16.15,38435
11.54,17.79,38447
-7.33,21.36,38459
23.86,21.45,38470
24.87,19.07,38482
4.18,16.54,38494
20.61,16.03,38505
19.94,16.22,38517
-9.71,20.60,38529
11.82,20.29,38541
33.75,18.32,38552
6.10,17.40,38564
9.51,15.53,38576
27.17,17.56,38588
-1.87,21.25,38599
4.95,22.06,38611
34.12,20.73,38623
11.40,18.18,38635
3.87,16.20,38646
30.06,16.16,38658
8.25,19.66,38670
-5.15,21.22,38681
25.74,19.55,38693
19.27,18.20,38705
1.04,15.80,38717
26.91,16.43,38728
-9.96,20.34,38740
16.27,21.66,38752
31.25,20.29,38764
4.25,18.72,38775
15.24,16.05,38788
24.28,16.65,38799
-7.01,18.81,38810
7.66,21.01,38822
34.72,19.09,38834
5.54,18.05,38846
4.56,15.83,38857
30.58,16.01,38870
5.63,19.38,38881
-2.25,21.80,38893
29.39,21.03,38904
13.74,19.42,38917
4.46,16.41,38928
33.25,16.52,38940
11.06,18.16,38951
-11.95,21.21,38963
19.38,19.75,38975
26.81,18.09,38986
6.18,15.57,38999
17.94,16.06,39010
18.80,17.98,39022
-7.26,21.72,39033
9.19,21.01,39046
35.23,19.09,39057
6.13,16.90,39069
3.91,16.12,39080
30.70,17.09,39093
2.11,20.96,39104
-3.76,20.42,39115
13.52,18.27,39128
0.76,16.18,39139
31.19,15.22,39151
10.40,17.08,39162
-10.86,21.65,39175
26.59,21.88,39186
27.32,19.96,39198
2.09,17.76,39209
21.43,16.18,39222
16.87,17.11,39233
-9.00,20.63,39245
17.12,21.34,39257
34.46,19.15,39268
1.37,17.51,39280
9.73,15.47,39291
28.81,16.48,39304
-0.96,20.46,39315
4.39,21.61,39327
33.89,20.06,39339
6.57,18.22,39351
5.40,15.95,39362
34.74,16.25,39374
4.03,19.88,39386
-8.60,21.12,39398
30.34,19.19,39409
17.32,17.70,39420
2.19,14.90,39433
28.18,15.87,39444
12.11,19.06,39456
-11.33,21.38,39468
25.21,20.27,39480
30.96,18.83,39491
-2.27,16.51,39503
28.19,16.53,39515
-6.54,18.91,39527
9.08,20.84,39538
33.99,19.54,39550
0.96,18.21,39562
10.83,15.25,39573
35.43,16.02,39585
-3.50,18.08,39597
-4.05,21.11,39609
34.58,20.43,39620
13.99,18.70,39632
7.45,16.53,39644
27.32,16.55,39656
6.35,18.41,39667
-6.84,21.28,39680
27.44,20.57,39691
26.66,18.63,39703
-1.06,16.50,39714
15.77,16.25,39726
23.47,17.19,39738
-5.60,21.01,39749
11.88,21.20,39761
31.42,19.18,39773
-0.28,17.58,39785
12.47,16.54,39796
37.44,17.52,39809
-5.87,21.46,39820
-2.77,20.74,39832
32.77,18.90,39843
10.93,16.48,39856
7.87,15.34,39867
29.76,16.44,39878
0.16,20.35,39890
-5.41,21.48,39902
21.74,19.74,39914
-0.94,18.27,39925
22.16,16.04,39938
18.79,16.94,39949
-5.42,20.35,39961
19.36,21.07,39972
25.12,19.51,39985
-2.82,17.39,39996
20.00,15.29,40008
32.55,15.96,40019
-8.39,19.53,40031
3.62,21.18,40043
31.83,19.40,40054
8.78,18.36,40067
14.78,16.11,40078
29.62,16.84,40090
-5.89,19.80,40101
-1.96,20.89,40114
35.57,19.54,40125
17.86,17.92,40137
0.40,15.25,40148
23.29,16.08,40161
11.95,17.93,40172
-2.88,20.77,40183
24.81,19.71,40196
19.09,18.47,40207
-3.37,15.86,40219
25.63,16.44,40230
26.17,18.66,40243
-8.01,21.71,40254
7.71,20.91,40266
28.05,18.74,40278
9.84,16.31,40290
23.80,16.22,40301
-6.00,17.37,40313
3.65,20.99,40325
34.97,20.21,40336
15.90,18.45,40348
3.18,17.20,40359
22.01,15.93,40372
11.26,17.88,40383
-1.50,21.14,40395
26.61,21.01,40407
19.73,19.70,40419
-1.49,16.55,40430
26.01,16.18,40442
22.23,16.80,40454
-9.99,20.51,40466
15.20,21.27,40477
25.79,18.83,40488
5.13,17.44,40501
19.84,16.01,40512
23.11,16.64,40524
-6.92,21.06,40536
6.68,21.09,40548
33.30,19.60,40559
12.97,18.04,40571
6.71,15.61,40583
24.08,16.47,40595
5.56,19.48,40606
-1.24,20.66,40619
28.22,19.19,40630
18.23,17.96,40641
2.39,15.85,40653
25.07,17.04,40665
16.53,20.24,40677
20.23,22.09,40688
28.27,20.57,40700
3.33,18.65,40712
17.84,16.15,40724
26.04,16.59,40735
-6.68,19.37,40748
7.03,21.90,40759
34.16,20.49,40771
8.76,19.18,40782
8.18,16.52,40794
31.82,16.88,40806
0.40,19.17,40817
-3.34,21.63,40829
34.70,20.77,40841
14.80,19.21,40853
-0.75,16.34,40864
31.24,16.52,40877
9.78,18.22,40888
-9.93,21.39,40900
27.85,20.90,40911
23.72,19.22,40924
1.76,17.38,40935
24.82,17.24,40946
21.44,18.52,40958
-6.72,22.28,40970
14.20,21.30,40982
29.66,19.46,40993
6.97,16.85,41006
11.96,16.20,41017
27.08,17.62,41029
-2.46,21.44,41040
1.10,21.40,41053
33.49,19.33,41064
15.09,18.06,41076
28.23,16.72,41088
8.48,18.03,41099
-6.32,21.91,41111
29.95,22.09,41122
23.15,20.19,41135
-1.81,18.12,41146
25.43,16.31,41158
19.24,16.67,41169
-10.61,20.69,41182
17.05,20.85,41193
28.91,19.64,41205
0.73,18.01,41217
18.26,16.20,41229
27.02,17.31,41240
-7.03,21.12,41251
6.63,22.32,41264
34.65,20.66,41275
8.98,18.16,41287
10.37,16.08,41298
27.48,16.31,41311
-1.38,19.46,41322
-1.73,21.49,41334
33.20,19.38,41346
15.06,18.63,41358
1.35,15.90,41369
26.89,16.84,41381
13.98,20.03,41393
-5.07,21.33,41404
21.52,20.59,41416
24.01,18.50,41427
-0.23,15.78,41440
20.60,16.54,41451
25.69,18.84,41463
7.83,21.62,41475
34.88,20.54,41487
7.21,18.91,41498
10.82,15.99,41510
27.89,16.68,41522
-3.55,18.47,41534
-1.87,21.79,41545
36.10,21.03,41556
13.98,18.96,41569
1.75,17.29,41580
27.18,16.69,41592
9.20,18.01,41604
-6.40,21.35,41616
28.16,20.42,41627
19.04,18.82,41639
-2.84,16.08,41651
25.95,15.57,41663
20.74,16.90,41674
-10.49,21.02,41687
14.41,21.06,41698
28.45,18.93,41709
6.38,17.25,41721
17.53,15.55,41733
25.65,17.06,41745
-8.89,20.59,41756
3.04,20.60,41768
37.27,19.18,41780
12.46,17.11,41792
2.18,16.27,41803
27.90,16.86,41816
8.51,20.73,41827
-4.05,21.46,41839
30.94,19.16,41850
-2.87,17.90,41862
29.22,15.52,41874
19.82,16.01,41885
-13.86,19.96,41897
16.84,20.33,41909
29.32,18.91,41921
2.35,17.39,41932
21.26,15.50,41945
23.01,16.95,41956
-11.77,20.23,41968
12.83,22.25,41979
37.80,20.35,41992
8.16,18.57,42003
5.99,15.84,42014
25.68,15.95,42027
1.50,18.74,42038
1.45,20.62,42050
31.35,19.31,42061
12.92,18.12,42074
-0.70,15.68,42085
31.93,16.82,42097
15.57,19.43,42108
-10.73,22.36,42121
23.56,21.07,42132
27.02,19.27,42144
1.08,16.36,42156
26.57,16.34,42167
17.88,18.35,42179
-12.97,20.44,42190
17.02,20.10,42203
31.53,18.10,42214
4.14,15.69,42226
11.96,16.66,42237
24.10,17.88,42250
6.97,21.92,42261
29.56,21.59,42273
11.32,19.33,42285
6.04,17.25,42297
28.33,16.41,42308
12.91,17.71,42319
-8.87,21.01,42332
23.21,21.04,42343
26.23,19.00,42355
2.47,16.89,42366
22.83,16.80,42379
19.38,17.17,42390
-12.36,21.74,42402
20.13,21.40,42414
34.71,19.24,42426
-0.33,18.11,42437
11.88,15.75,42449
28.30,16.97,42461
-4.19,20.29,42472
6.18,20.79,42484
31.66,19.35,42496
7.14,17.01,42508
5.48,15.98,42519
32.10,16.54,42531
6.76,20.75,42543
-7.92,21.94,42555
31.84,19.75,42566
22.71,18.08,42578
-2.62,15.46,42590
27.41,15.97,42602
15.67,19.35,42613
-14.13,20.48,42625
23.34,19.11,42637
-5.04,17.70,42648
22.34,15.49,42660
26.04,16.64,42672
-10.87,20.11,42684
13.94,21.95,42695
32.02,20.75,42707
5.35,19.12,42719
13.85,16.20,42731
27.49,16.85,42742
-3.36,19.07,42755
1.02,21.42,42766
30.50,20.10,42777
14.76,18.24,42789
2.69,15.96,42801
26.77,16.01,42813
10.34,18.61,42824
-7.28,21.73,42836
25.50,20.83,42848
25.68,19.35,42860
-1.05,16.38,42871
25.24,16.54,42884
19.64,18.54,42895
-12.17,21.41,42907
17.36,20.67,42918
29.62,18.64,42930
1.02,16.32,42942
17.49,16.07,42953
24.88,17.24,42966
-7.06,21.35,42977
6.99,20.49,42989
32.11,19.20,43000
9.13,16.99,43013
8.57,16.47,43024
2.68,17.91,43036
-0.71,21.52,43047
30.07,21.34,43060
18.09,19.10,43071
2.93,16.78,43082
26.42,15.29,43095
15.23,16.27,43106
-7.77,20.39,43118
22.17,20.87,43129
24.18,18.76,43142
0.93,17.71,43153
24.36,15.73,43165
23.64,16.94,43176
-10.20,20.97,43189
12.50,21.08,43200
30.34,19.59,43212
6.55,17.49,43224
13.87,15.65,43235
26.12,16.10,43247
-3.57,19.38,43258
1.57,20.96,43271
30.14,19.29,43282
13.84,18.06,43294
2.59,15.91,43305
28.52,16.88,43318
10.86,20.27,43329
-6.84,22.14,43341
27.52,20.61,43353
23.33,18.92,43365
-1.03,16.16,43376
23.79,16.34,43387
22.23,18.81,43400
-10.21,21.23,43411
15.26,20.16,43423
2.14,18.69,43435
16.48,16.41,43447
27.81,16.94,43458
-6.78,19.65,43470
5.17,22.62,43482
36.14,21.63,43494
11.26,19.90,43505
5.22,16.72,43517
28.47,16.57,43529
2.02,18.10,43540
-4.17,20.92,43552
31.69,20.48,43564
17.20,18.38,43576
-2.10,16.11,43587
27.60,16.30,43599
16.69,17.73,43611
-9.64,22.20,43623
19.48,21.54,43634
27.39,19.80,43646
2.18,17.74,43658
22.79,16.25,43670
23.99,17.70,43681
-12.16,20.69,43693
8.28,20.02,43705
35.06,18.34,43716
6.07,16.24,43728
7.97,15.92,43740
27.17,17.16,43752
0.41,21.39,43763
0.94,22.37,43776
33.50,19.99,43787
14.44,18.27,43799
-0.21,16.06,43810
13.65,16.09,43822
-10.08,20.18,43834
21.61,20.54,43845
25.70,18.74,43857
0.30,17.35,43869
22.60,15.12,43881
22.04,16.78,43892
-11.33,20.42,43905
15.29,21.81,43916
35.77,20.68,43928
3.65,19.10,43939
12.54,16.85,43952
29.48,17.09,43963
-1.99,19.93,43975
5.04,21.51,43986
31.49,20.25,43998
10.85,18.59,44010
6.46,15.69,44021
29.61,16.76,44034
5.76,19.33,44045
-3.97,22.13,44057
24.07,21.35,44068
23.32,19.52,44081
7.49,17.24,44092
20.48,17.39,44104
17.03,19.19,44115
-3.14,21.88,44128
14.62,20.35,44139
31.62,18.41,44150
3.47,15.79,44163
7.68,16.27,44174
32.65,17.69,44186
-1.09,21.97,44197
0.05,20.83,44210
8.81,19.79,44221
6.03,17.54,44233
37.84,17.01,44244
-0.90,18.39,44257
-9.03,21.35,44268
32.34,20.71,44279
19.11,18.55,44292
1.40,16.49,44303
25.66,15.76,44315
9.91,17.22,44326
-6.51,21.27,44339
22.19,21.59,44350
29.07,19.66,44362
0.12,18.03,44374
15.64,16.45,44386
27.76,17.59,44397
-6.74,20.49,44409
7.83,21.82,44421
33.93,18.84,44432
3.49,16.60,44444
12.54,15.56,44455
30.99,15.66,44468
-1.14,19.75,44479
-5.31,21.96,44491
32.01,18.92,44503
22.10,17.99,44515
-1.79,16.64,44526
22.91,16.41,44538
19.27,21.06,44550
-16.89,22.01,44562
29.95,19.06,44573
39.20,18.81,44584
-18.69,14.78,44597
34.14,15.07,44608
-26.09,19.37,44620
22.70,20.37,44632
35.61,20.56,44644
-13.69,19.06,44655
26.78,16.42,44667
35.72,18.01,44679
-17.41,20.33,44691
10.47,22.38,44702
34.86,21.05,44715
7.87,18.54,44726
11.53,15.90,44737
25.27,16.21,44749
1.23,17.97,44761
-2.66,21.63,44773
31.98,20.24,44784
23.08,19.14,44796
-6.35,17.20,44808
28.78,16.83,44820
19.87,19.27,44831
-13.27,22.18,44844
27.91,21.63,44855
26.18,19.44,44867
-4.70,16.36,44878
29.70,16.31,44890
22.45,17.09,44902
