968400.00
-243438.00
30.36,20.73,1134
18.28,19.83,1136
17.35,21.35,1147
-3.74,21.53,1160
31.45,20.57,1171
34.17,19.92,1183
14.17,19.34,1195
12.18,19.07,1207
-2.79,20.17,1218
0.88,21.01,1230
31.74,21.04,1242
31.95,20.49,1254
14.11,20.36,1265
15.54,20.05,1276
2.67,20.91,1289
-2.10,21.28,1300
27.26,20.75,1312
31.66,19.73,1324
14.23,19.07,1336
16.42,19.38,1347
0.65,19.68,1359
-6.05,21.29,1371
27.92,20.37,1383
36.15,20.42,1394
15.60,20.43,1406
16.24,20.29,1418
0.35,21.64,1429
-5.63,21.97,1441
31.20,21.20,1453
35.15,20.79,1465
14.05,19.28,1476
15.82,20.12,1488
0.53,19.98,1500
-3.90,20.31,1512
27.88,19.96,1523
29.38,19.61,1536
19.25,19.64,1547
1.49,20.80,1559
-7.49,21.29,1570
25.63,22.33,1582
35.31,20.96,1594
18.06,21.03,1605
17.02,19.63,1617
-1.03,20.00,1629
-8.52,20.49,1641
25.27,19.78,1652
35.09,19.52,1665
15.67,19.36,1676
12.92,19.34,1688
3.58,20.96,1699
-5.58,21.70,1712
24.65,21.62,1723
34.41,20.86,1734
16.69,20.46,1746
14.55,19.82,1758
4.04,20.56,1770
-5.85,20.75,1781
19.36,20.38,1794
32.16,19.93,1805
17.78,19.54,1817
18.39,20.19,1828
4.99,21.02,1841
-9.29,21.86,1852
20.90,21.20,1864
35.14,20.68,1875
18.53,20.16,1887
16.95,20.31,1899
3.81,20.68,1910
-11.62,21.40,1923
38.44,20.08,1934
15.56,20.35,1946
14.76,19.47,1957
5.99,20.32,1970
-8.74,21.05,1981
21.68,21.42,1993
36.18,21.13,2004
14.69,20.70,2017
16.03,20.38,2028
8.99,20.84,2040
-7.11,21.20,2052
16.79,21.55,2063
36.12,19.72,2075
20.63,19.90,2086
16.19,19.00,2099
6.39,20.33,2110
-9.66,21.39,2122
17.18,21.22,2134
38.49,20.94,2146
22.40,20.88,2157
17.20,20.19,2169
7.61,21.41,2181
-8.09,21.68,2193
16.99,20.60,2204
36.93,19.93,2216
20.22,19.02,2228
14.05,18.88,2239
8.57,19.93,2251
-8.08,20.44,2263
13.47,20.56,2275
38.15,20.18,2286
21.00,19.85,2298
16.30,20.61,2310
-8.63,20.91,2322
12.74,21.96,2333
40.40,21.01,2345
21.29,20.10,2357
16.66,19.81,2369
10.64,19.53,2380
-9.67,20.10,2392
10.46,20.77,2404
38.51,19.81,2415
20.94,20.17,2427
12.67,19.58,2439
13.01,20.31,2451
-7.78,21.36,2462
9.61,21.44,2475
39.44,20.98,2486
22.12,20.37,2498
14.38,18.99,2509
14.14,19.85,2522
-10.24,19.86,2533
6.99,20.64,2545
37.87,19.86,2556
23.97,20.28,2568
13.80,19.88,2580
13.36,21.15,2591
-8.08,21.71,2604
7.67,21.54,2615
39.89,20.88,2627
24.96,20.30,2638
14.91,19.76,2651
13.79,20.23,2662
-7.77,20.44,2674
4.75,20.14,2685
36.15,19.05,2697
26.48,19.96,2709
12.10,19.44,2720
-5.14,20.97,2733
7.38,22.20,2744
35.74,21.28,2756
26.09,21.37,2767
14.97,20.29,2780
11.70,20.14,2791
-4.06,20.65,2803
3.11,20.46,2814
30.54,20.23,2827
27.61,19.22,2838
15.27,18.82,2849
11.71,19.78,2862
-6.82,20.43,2873
4.35,21.75,2885
34.41,21.30,2896
29.26,21.05,2909
16.94,20.86,2920
11.55,20.93,2932
-4.98,20.91,2944
4.68,21.12,2956
35.40,19.56,2967
26.84,19.55,2979
12.46,18.68,2991
13.22,19.32,3002
-4.56,20.09,3014
0.87,20.68,3025
34.23,20.56,3038
26.39,21.00,3049
13.82,20.23,3061
17.06,21.41,3073
0.45,21.76,3085
-2.02,21.22,3096
29.53,20.53,3108
14.05,19.89,3120
16.38,19.11,3132
-3.17,19.94,3143
-6.65,20.17,3154
34.04,20.57,3167
33.20,20.11,3178
13.05,20.48,3190
13.50,20.52,3202
-1.11,21.24,3214
-1.53,21.69,3225
34.69,21.00,3237
31.55,20.14,3249
12.32,19.79,3261
13.74,19.13,3272
1.63,19.93,3284
-0.90,20.61,3296
27.44,19.82,3307
26.90,20.46,3319
18.51,19.94,3331
17.60,21.12,3343
-0.32,21.93,3354
-2.83,22.42,3366
29.35,21.17,3378
32.35,20.52,3390
21.39,19.63,3401
14.71,19.92,3414
-4.93,20.27,3425
-4.25,20.13,3437
31.91,19.39,3448
33.93,20.14,3460
14.16,20.04,3472
12.63,21.74,3483
0.03,22.26,3495
32.61,22.87,3507
30.72,21.80,3519
12.35,21.22,3530
18.15,20.23,3543
3.60,20.06,3554
-5.70,20.45,3566
25.07,20.27,3577
31.47,19.57,3590
16.27,19.79,3601
19.48,19.70,3612
2.28,21.07,3624
-9.28,22.27,3636
28.39,21.70,3648
39.86,21.09,3659
17.45,20.70,3672
13.68,20.74,3683
0.38,21.03,3695
-6.84,20.71,3706
28.01,20.11,3719
36.92,19.48,3730
9.85,19.51,3742
11.57,19.87,3753
7.44,21.06,3765
-4.63,22.12,3777
23.78,21.91,3788
34.51,21.69,3801
14.95,21.12,3812
17.42,21.41,3824
8.56,21.61,3835
-8.32,21.69,3848
19.32,20.07,3859
37.10,19.62,3871
18.25,19.14,3883
2.67,19.85,3895
-9.15,21.02,3906
23.12,21.19,3917
41.15,20.94,3930
18.24,21.36,3941
10.82,20.93,3953
6.15,22.33,3964
-4.15,22.12,3977
23.31,21.68,3988
36.31,20.54,4000
14.02,19.58,4012
13.75,19.25,4024
7.10,19.55,4035
-8.11,20.31,4047
20.92,21.07,4059
32.56,20.03,4070
20.15,20.80,4082
20.84,20.63,4093
4.29,21.85,4106
-9.07,22.42,4117
23.21,20.86,4129
37.58,20.37,4141
19.09,19.65,4153
15.86,19.56,4164
0.69,20.02,4176
-7.58,20.58,4188
22.29,20.71,4200
34.87,20.52,4211
18.41,20.94,4222
15.36,21.46,4235
9.38,22.24,4246
-4.12,22.37,4258
17.89,21.48,4270
18.79,20.45,4282
14.16,19.47,4293
11.01,19.76,4305
-8.66,19.89,4317
11.77,21.06,4329
39.91,20.13,4340
21.32,20.47,4353
14.54,20.79,4364
12.40,21.60,4375
-10.22,22.70,4387
14.77,22.82,4399
43.71,21.77,4411
22.12,21.52,4422
11.61,20.14,4434
7.83,20.73,4446
-7.75,21.03,4458
16.22,20.36,4469
38.31,20.13,4482
17.27,20.00,4493
13.62,19.78,4505
11.31,21.11,4516
-4.43,22.19,4528
15.49,22.86,4540
32.70,21.89,4551
22.43,21.44,4563
20.07,20.48,4575
10.28,21.35,4587
-8.61,21.40,4598
9.06,20.44,4611
36.97,19.91,4622
24.80,19.38,4634
13.89,20.31,4645
8.29,20.99,4658
-8.77,21.89,4669
41.12,21.61,4680
22.79,20.74,4692
11.85,21.07,4704
11.12,20.53,4716
-6.38,20.73,4727
11.05,21.47,4740
37.38,19.88,4751
19.49,19.71,4763
14.66,19.31,4774
13.04,19.72,4787
-8.84,20.99,4798
8.96,21.41,4810
37.25,21.05,4822
23.49,21.32,4833
17.52,20.33,4845
12.86,21.45,4856
-10.02,21.32,4869
7.43,21.01,4880
37.42,19.69,4892
24.34,19.63,4903
13.57,19.09,4916
8.49,20.29,4927
-4.71,21.12,4939
9.16,21.51,4951
35.39,21.12,4963
25.80,21.23,4974
14.51,20.61,4985
13.30,21.60,4998
-3.96,21.89,5009
5.73,21.21,5021
34.04,19.76,5032
26.10,19.57,5045
14.36,18.97,5056
-3.95,20.34,5068
3.32,20.90,5080
35.58,20.58,5092
28.27,20.68,5103
12.60,20.16,5115
15.07,20.80,5127
-2.13,21.54,5138
2.53,21.91,5150
36.48,21.43,5161
28.62,20.08,5174
14.07,19.30,5185
14.85,19.35,5197
-5.10,19.88,5209
-0.20,20.78,5221
35.75,19.90,5232
29.15,20.14,5244
15.29,19.89,5256
16.84,21.15,5268
-6.26,21.74,5279
-0.55,22.16,5291
37.62,20.79,5303
30.21,20.47,5314
15.12,19.58,5326
13.93,20.25,5338
-5.89,20.81,5350
1.80,21.18,5361
36.85,20.10,5373
29.15,20.75,5385
12.06,20.05,5397
11.99,21.50,5408
0.58,22.07,5421
2.46,21.77,5432
29.68,21.40,5443
13.87,20.44,5455
15.71,19.80,5467
1.43,20.56,5479
-3.99,20.86,5490
29.40,21.35,5502
33.57,20.16,5514
15.66,20.53,5526
14.84,20.59,5537
-2.72,21.13,5550
-3.87,22.25,5561
35.18,21.02,5573
35.42,20.39,5584
11.68,20.45,5596
14.09,19.61,5608
-1.12,20.80,5619
-2.53,20.89,5632
34.35,20.41,5643
29.22,20.54,5655
10.30,19.93,5666
17.72,20.43,5679
1.17,21.25,5690
-3.17,21.86,5702
30.71,21.46,5713
30.56,20.87,5726
14.71,19.79,5737
18.03,20.25,5748
0.10,20.48,5761
-8.05,20.47,5772
27.59,19.58,5784
34.66,19.57,5795
15.84,19.51,5808
13.76,20.76,5819
1.46,21.16,5831
-5.24,22.12,5842
38.90,20.88,5855
13.14,21.05,5866
10.08,20.09,5878
5.13,19.97,5890
-4.97,20.88,5901
26.01,20.14,5913
33.83,19.74,5924
11.96,19.96,5937
14.53,18.83,5948
7.62,20.76,5960
-6.21,20.99,5971
22.63,21.61,5984
35.88,20.97,5995
15.49,20.63,6007
17.72,20.36,6019
5.77,21.03,6031
-9.53,21.35,6042
23.43,20.59,6053
37.19,20.21,6066
16.59,19.54,6077
15.28,19.96,6089
2.35,20.50,6100
-6.68,21.60,6113
23.71,20.98,6124
36.76,20.54,6136
17.46,20.82,6148
12.32,20.78,6160
5.16,21.47,6171
-3.89,22.26,6183
23.66,21.02,6195
34.17,20.52,6206
16.98,19.59,6218
16.66,19.85,6230
-8.49,20.80,6242
20.04,21.40,6253
35.99,20.77,6265
18.53,20.87,6277
18.46,19.89,6289
5.68,21.13,6300
-9.62,21.43,6312
21.13,21.56,6324
38.32,20.58,6336
17.48,20.19,6347
15.61,19.91,6359
5.89,20.58,6371
-9.86,21.45,6382
21.29,21.23,6394
40.02,20.54,6406
17.36,20.73,6418
15.26,20.06,6429
9.39,21.42,6441
-9.41,21.88,6453
18.32,21.64,6465
39.25,20.68,6476
16.70,20.33,6489
13.29,19.87,6500
10.26,20.52,6511
-10.56,21.18,6523
16.20,20.74,6535
39.71,20.43,6547
17.88,20.36,6558
12.47,20.34,6571
9.96,21.49,6582
-6.93,22.13,6594
16.37,21.87,6605
39.14,21.32,6618
22.09,20.88,6629
9.09,20.71,6641
-7.43,20.86,6652
15.05,21.50,6664
35.99,20.15,6676
19.40,20.43,6687
14.65,20.18,6700
9.09,20.72,6711
-7.59,22.24,6723
15.30,22.60,6734
36.91,22.02,6747
22.04,21.84,6758
15.26,20.08,6770
9.42,21.37,6781
-9.25,21.19,6794
13.54,21.23,6805
35.67,20.42,6816
20.03,19.94,6829
15.26,19.75,6840
9.82,20.41,6852
-8.65,21.21,6863
12.41,21.72,6876
34.65,20.95,6887
21.35,21.00,6899
17.64,20.28,6910
11.58,21.19,6923
-8.88,21.72,6934
10.78,20.87,6946
37.85,19.93,6958
21.79,19.67,6969
15.45,19.56,6981
9.98,20.38,6992
-8.15,21.24,7005
8.94,20.70,7016
25.19,20.46,7028
14.12,20.39,7040
12.42,20.23,7052
-5.12,21.24,7063
7.10,21.56,7075
36.71,21.08,7087
24.87,20.35,7099
12.70,19.53,7110
14.52,19.75,7121
-6.30,20.30,7134
4.75,20.73,7145
37.78,20.30,7157
24.74,20.10,7169
14.05,19.68,7181
14.91,20.44,7192
-6.10,20.91,7204
4.57,21.87,7216
37.33,20.71,7228
26.92,21.17,7239
15.03,19.98,7251
12.99,20.71,7263
-5.77,21.17,7274
5.16,20.84,7286
36.03,20.45,7298
26.21,20.37,7310
16.14,19.42,7321
12.39,20.88,7333
-3.71,21.35,7345
5.07,21.62,7357
33.13,20.90,7368
27.19,20.59,7380
17.00,19.75,7392
12.52,20.70,7404
2.10,20.71,7415
31.68,21.08,7427
29.23,19.97,7439
17.90,19.53,7450
12.05,19.78,7462
-5.46,20.14,7474
2.37,21.33,7486
33.32,20.95,7497
32.32,20.51,7510
15.25,21.19,7521
11.26,20.42,7533
-0.75,21.29,7544
3.71,22.27,7557
32.14,20.52,7568
28.52,20.79,7579
14.69,19.50,7591
14.46,19.60,7603
-1.23,20.75,7615
-0.53,20.93,7626
30.36,21.52,7639
29.88,20.85,7650
17.92,20.58,7662
15.82,21.78,7673
-4.20,21.87,7686
-0.99,22.27,7697
33.73,20.89,7709
31.65,20.42,7720
15.59,20.11,7732
13.13,20.45,7744
-2.91,20.78,7755
-0.75,21.38,7768
33.92,20.35,7779
29.28,20.74,7791
13.28,20.35,7802
0.84,20.83,7815
-2.64,22.06,7826
32.10,21.86,7838
31.42,21.33,7849
13.39,21.47,7862
17.14,20.01,7873
3.81,21.43,7884
-4.80,21.56,7897
26.91,20.70,7908
32.28,20.39,7920
16.13,19.73,7931
16.44,19.99,7944
3.45,21.12,7955
-6.88,21.80,7967
26.46,22.31,7979
37.37,20.97,7991
18.66,20.74,8002
14.21,20.37,8014
1.05,20.43,8026
-5.51,21.04,8037
26.86,19.83,8049
36.10,19.58,8060
14.59,19.89,8073
11.63,19.97,8084
3.54,21.20,8096
-0.54,22.13,8108
26.89,21.26,8120
33.73,21.30,8131
16.03,20.08,8143
14.91,20.41,8155
6.99,20.67,8167
-4.25,20.73,8178
19.94,20.04,8189
19.15,19.50,8202
15.93,18.82,8213
5.25,20.26,8225
-8.54,21.39,8237
21.09,22.13,8249
40.33,21.48,8260
20.59,21.47,8272
15.08,20.77,8284
2.54,21.63,8296
-7.08,21.53,8307
24.27,21.19,8320
38.63,20.04,8331
15.25,19.69,8342
10.74,19.08,8354
7.27,20.03,8366
-4.55,21.53,8378
20.78,21.67,8389
37.94,21.45,8401
17.07,21.69,8413
16.29,20.96,8425
12.14,21.76,8436
-7.06,22.08,8449
14.02,21.27,8460
39.15,20.13,8471
21.42,19.49,8483
15.17,19.32,8495
7.34,20.25,8507
-10.60,21.61,8518
15.35,20.71,8530
42.65,21.09,8542
22.73,20.82,8554
12.97,21.11,8565
5.29,22.31,8578
-5.36,22.02,8589
38.33,21.38,8601
19.58,20.45,8612
12.51,19.15,8625
7.50,20.02,8636
-5.02,19.93,8647
15.72,21.06,8659
34.50,20.49,8671
18.55,20.28,8683
16.68,20.40,8694
11.51,774.17,8707
-6.07,20.98,8715
13.69,21.92,8726
35.79,22.34,8737
22.85,20.90,8749
18.79,20.43,8761
8.59,19.30,8772
-11.66,20.15,8783
12.78,20.68,8795
39.81,20.73,8806
21.64,19.93,8817
14.52,20.41,8828
8.19,20.39,8840
-7.74,21.30,8852
16.75,22.56,8863
38.33,22.05,8875
19.46,21.23,8886
13.46,20.96,8897
12.41,19.49,8908
-4.68,20.40,8920
11.29,20.40,8931
32.40,20.08,8943
22.43,19.82,8954
16.28,19.45,8966
15.42,20.52,8977
-6.20,21.44,8988
4.97,22.34,8999
37.54,21.97,9012
28.51,21.23,9023
16.18,20.79,9035
11.80,20.53,9047
-10.13,21.02,9059
6.81,20.91,9070
38.75,19.60,9081
27.14,19.53,9094
10.11,19.43,9105
8.60,20.55,9117
-2.12,21.54,9128
11.52,22.39,9141
34.58,21.97,9152
23.67,21.76,9164
14.51,20.99,9176
15.19,21.57,9188
-3.39,21.68,9199
4.68,21.81,9211
31.70,19.91,9223
27.25,20.19,9234
19.24,19.02,9246
13.72,20.19,9257
-9.42,21.43,9270
2.59,21.30,9281
36.02,21.01,9293
30.36,21.14,9305
16.69,20.60,9317
10.36,21.81,9328
-5.50,21.96,9340
7.49,21.37,9352
38.69,20.30,9364
10.14,19.57,9375
12.54,19.42,9388
-1.22,20.40,9399
2.54,20.80,9410
31.67,21.80,9422
24.34,20.83,9434
15.95,20.98,9446
19.63,21.22,9457
-4.07,21.50,9469
-2.01,22.58,9481
34.14,20.79,9493
31.02,19.83,9504
15.19,19.93,9517
12.30,19.29,9528
-6.15,20.72,9539
-1.08,21.53,9551
38.32,20.99,9563
33.23,21.57,9575
10.24,20.58,9586
13.27,21.45,9598
2.47,21.99,9610
0.65,21.82,9622
32.64,21.09,9633
29.52,20.42,9646
10.51,19.18,9657
16.18,19.92,9669
3.64,20.16,9680
-4.34,21.01,9692
27.62,20.76,9704
34.50,20.80,9715
16.21,20.59,9728
15.65,21.85,9739
0.56,22.14,9751
-5.74,22.18,9762
36.18,20.96,9775
16.29,20.54,9786
12.52,20.16,9798
-2.07,20.06,9809
-3.43,20.86,9822
31.61,20.85,9833
32.36,19.72,9845
13.10,20.65,9857
13.46,19.68,9868
2.32,21.03,9880
-1.59,22.32,9891
30.08,21.51,9904
32.88,21.30,9915
15.66,20.73,9927
16.06,20.04,9938
3.54,21.01,9951
-5.55,20.99,9962
25.43,20.63,9974
34.96,20.37,9986
17.31,19.79,9998
15.02,20.70,10009
3.58,21.85,10020
-7.49,22.15,10033
26.99,21.91,10044
39.06,21.10,10056
16.42,20.30,10067
12.32,20.42,10080
4.05,20.02,10091
-6.95,20.87,10103
25.53,19.60,10115
35.05,19.67,10127
12.53,19.51,10138
14.83,20.06,10150
-3.84,21.57,10162
25.64,22.19,10174
32.22,21.20,10185
17.22,21.39,10196
17.71,19.81,10209
5.62,20.97,10220
-5.80,21.08,10232
19.65,774.17,10244
35.31,20.44,10253
19.71,19.66,10264
12.45,19.21,10276
3.67,19.01,10288
-6.60,19.74,10299
19.99,20.75,10310
38.67,21.12,10321
20.99,20.59,10333
12.60,20.61,10344
7.21,20.40,10356
-3.32,21.05,10368
22.96,21.62,10379
37.34,20.91,10390
15.64,19.73,10401
13.53,19.45,10413
9.12,18.91,10424
-6.52,19.98,10435
18.32,21.09,10447
35.24,20.88,10459
19.11,20.77,10470
19.37,21.15,10481
10.44,21.09,10492
-10.25,22.21,10504
18.26,22.64,10515
38.76,21.15,10526
21.18,20.60,10539
16.52,18.95,10550
4.09,19.56,10561
-12.78,20.03,10572
18.93,20.28,10585
41.25,19.97,10596
17.77,20.12,10608
12.60,19.97,10619
9.21,21.05,10632
-5.61,21.64,10643
19.39,22.42,10655
36.51,21.54,10667
18.48,21.20,10679
15.36,20.03,10690
12.88,20.29,10701
-6.54,20.17,10714
11.78,20.36,10725
33.16,19.41,10737
22.94,19.43,10748
16.97,19.42,10761
9.42,20.76,10772
-6.77,21.97,10784
11.08,22.09,10796
38.91,21.25,10808
27.53,21.76,10819
15.46,20.70,10831
5.49,21.77,10843
-6.26,21.68,10855
14.09,20.04,10866
36.75,19.74,10877
21.90,18.83,10890
12.12,18.86,10901
9.02,20.19,10913
-4.58,21.02,10925
34.98,21.86,10937
20.75,21.23,10948
20.10,21.10,10960
14.49,21.67,10972
-7.91,21.78,10984
9.87,22.71,10995
37.49,20.59,11008
25.25,19.71,11019
15.61,18.96,11031
8.47,18.91,11042
-9.79,19.84,11054
8.87,20.74,11066
38.31,20.44,11077
22.45,21.26,11089
13.73,21.32,11101
14.07,22.42,11113
-5.29,23.17,11124
7.90,23.08,11137
37.10,21.05,11148
22.46,20.49,11160
12.53,18.61,11171
16.54,19.17,11184
-8.47,20.24,11195
-0.80,19.98,11206
36.16,20.70,11218
25.83,20.83,11230
16.94,20.72,11242
16.00,23.11,11253
-7.47,22.91,11266
2.68,23.08,11277
38.85,21.21,11289
29.90,20.10,11300
11.68,19.44,11313
-4.43,19.15,11324
2.91,19.62,11336
35.24,19.76,11347
27.13,19.67,11360
9.49,20.43,11371
15.16,20.62,11382
1.17,22.04,11395
1.04,23.33,11406
32.58,22.60,11418
29.41,21.36,11429
15.59,21.14,11442
15.30,19.79,11453
-3.02,20.34,11465
-1.37,20.49,11476
31.66,18.92,11489
29.13,19.23,11500
14.94,18.43,11512
14.33,19.93,11524
-5.51,21.79,11536
0.66,22.30,11547
35.50,22.88,11558
31.08,22.17,11571
16.16,21.20,11582
15.23,21.57,11594
-2.16,20.28,11606
1.25,20.76,11618
30.50,18.72,11629
26.52,18.40,11641
10.93,18.39,11653
16.00,19.34,11665
-0.59,21.89,11676
-3.31,22.79,11688
28.95,22.35,11700
18.10,22.91,11711
16.53,21.16,11723
-0.04,22.45,11735
-5.15,22.09,11747
30.51,20.69,11758
34.65,19.30,11770
10.87,18.15,11782
11.35,17.88,11794
-0.25,19.29,11805
-5.48,19.97,11817
30.78,21.26,11829
31.85,21.01,11841
13.58,21.34,11852
18.37,21.65,11865
4.40,22.15,11876
-6.15,22.40,11887
25.68,20.97,11899
33.07,18.94,11911
15.36,18.17,11923
15.63,17.89,11934
-2.01,18.67,11947
-9.10,20.30,11958
26.81,19.39,11970
35.41,20.50,11981
16.77,20.73,11994
14.47,21.62,12005
1.38,22.78,12017
-3.90,22.57,12028
29.43,21.67,12041
34.70,20.49,12052
13.81,18.40,12063
13.52,18.98,12076
3.51,18.57,12087
21.63,19.32,12099
32.29,18.90,12110
14.93,19.14,12123
15.79,19.75,12134
6.50,21.17,12146
-6.60,22.50,12157
22.28,23.27,12170
35.99,21.83,12181
20.69,21.47,12193
14.87,19.85,12205
3.51,20.12,12216
-8.92,19.95,12228
19.81,19.11,12239
36.37,18.64,12252
18.01,19.08,12263
11.41,19.64,12275
3.65,21.54,12286
-4.33,23.17,12299
21.88,22.91,12310
38.92,22.46,12322
18.32,22.07,12334
12.69,20.23,12346
8.98,20.72,12357
-6.06,20.11,12369
17.75,19.05,12381
32.52,18.70,12392
15.17,17.87,12404
17.01,19.22,12416
7.75,20.50,12428
-10.63,22.02,12439
19.36,22.48,12451
37.74,21.92,12463
20.03,21.92,12475
6.70,21.54,12486
-12.51,21.51,12498
21.53,21.25,12510
38.13,19.03,12522
16.05,18.88,12533
13.53,17.67,12546
4.87,18.83,12557
-8.56,20.03,12568
18.70,21.35,12580
37.95,21.68,12592
17.52,22.26,12604
15.77,21.75,12615
14.57,22.40,12627
-5.68,22.55,12639
12.32,21.89,12651
35.82,19.68,12662
19.50,19.01,12675
14.11,17.30,12686
11.94,18.66,12698
-11.66,19.51,12709
8.04,20.26,12721
41.48,20.85,12733
23.95,21.00,12744
14.23,21.76,12756
12.28,22.70,12768
-9.05,22.97,12780
13.86,22.50,12791
44.67,20.40,12804
21.28,19.54,12815
8.62,18.36,12827
9.55,18.68,12838
-6.82,19.98,12851
10.67,19.62,12862
18.22,20.36,12874
14.61,20.82,12886
15.16,20.94,12897
-2.24,22.39,12909
9.77,23.14,12920
31.81,21.90,12933
26.02,20.89,12944
20.41,19.41,12956
11.49,19.12,12967
-11.08,19.45,12980
3.15,19.34,12991
35.30,18.96,13003
28.40,19.27,13015
15.46,19.37,13027
6.62,21.70,13038
-7.76,22.10,13050
11.36,23.50,13062
42.92,22.48,13073
24.19,21.44,13085
10.31,20.66,13096
13.50,19.39,13109
-3.77,19.65,13120
7.14,19.60,13132
34.03,18.60,13144
18.76,19.43,13156
12.92,18.35,13167
18.89,20.68,13179
-3.20,21.87,13191
1.71,22.44,13203
33.61,22.11,13214
30.28,21.68,13225
17.65,20.94,13238
15.23,20.95,13249
-0.18,21.06,13261
36.62,20.32,13273
32.13,19.69,13285
13.17,19.31,13296
8.88,19.33,13308
-2.34,20.65,13320
3.81,21.53,13332
38.02,21.69,13343
29.86,21.62,13356
11.06,21.35,13367
15.08,20.99,13379
1.26,21.04,13390
2.04,21.32,13402
30.77,20.45,13414
26.26,19.65,13425
14.57,19.07,13437
16.39,19.27,13449
-1.86,20.35,13461
-2.98,21.83,13472
30.78,20.88,13485
31.65,21.45,13496
18.94,20.63,13508
15.94,21.72,13519
-3.10,21.92,13532
-1.22,21.32,13543
33.76,20.87,13555
32.16,19.07,13566
15.21,18.54,13578
12.01,19.13,13590
-4.37,19.48,13601
-2.07,21.33,13614
33.50,20.11,13625
30.63,21.47,13637
13.18,21.04,13648
3.14,22.03,13661
1.43,22.88,13672
28.18,21.85,13684
29.94,21.13,13696
16.20,19.96,13708
15.17,18.60,13719
2.23,19.71,13731
-7.34,20.39,13743
23.96,20.47,13754
33.78,20.33,13766
18.42,20.84,13777
14.38,21.35,13790
3.51,22.68,13801
-5.42,23.10,13813
28.20,22.26,13825
38.92,21.08,13837
15.10,20.15,13848
11.99,19.31,13860
1.11,19.53,13872
-5.41,19.43,13884
26.10,19.14,13895
32.22,19.31,13906
11.83,19.71,13919
15.76,21.09,13930
6.51,22.20,13942
-4.22,23.42,13954
26.17,22.12,13966
32.60,21.55,13977
17.16,20.21,13989
21.26,20.00,14001
1.37,20.10,14013
-9.57,19.63,14024
23.17,18.62,14036
17.40,19.01,14048
13.61,18.85,14059
-1.22,20.78,14071
-4.99,22.15,14083
28.93,22.91,14095
38.48,22.39,14106
15.16,22.24,14118
12.98,20.86,14130
7.71,21.00,14142
-3.48,20.72,14153
21.25,19.88,14166
32.17,19.11,14177
15.13,19.20,14189
17.56,19.08,14200
9.72,21.05,14212
-9.48,22.25,14224
18.59,22.57,14235
38.08,21.86,14247
22.68,21.58,14259
18.83,21.07,14271
4.02,21.32,14282
-10.56,21.50,14295
22.30,20.27,14306
37.62,19.49,14318
16.53,19.15,14329
11.95,19.02,14342
4.00,20.39,14353
-6.61,21.38,14364
21.67,21.17,14376
35.84,21.36,14388
18.90,21.37,14400
14.83,21.55,14411
11.13,22.02,14424
15.51,22.15,14435
34.41,20.63,14447
21.17,19.71,14458
15.57,18.33,14471
9.74,18.85,14482
-9.29,20.09,14494
10.00,21.03,14505
41.19,20.68,14517
27.34,21.28,14529
13.28,20.86,14540
9.00,22.64,14553
-7.62,22.43,14564
15.32,22.33,14576
43.33,20.79,14587
19.45,19.80,14600
9.41,18.86,14611
9.45,18.91,14623
-7.23,19.53,14635
14.18,20.01,14647
36.38,19.75,14658
16.18,20.82,14669
15.40,20.70,14682
16.31,22.31,14693
-5.20,23.26,14705
11.53,22.95,14716
35.80,21.49,14729
24.18,20.19,14740
17.48,18.89,14752
9.91,19.39,14764
-10.87,19.68,14776
7.04,19.33,14787
36.85,19.08,14799
26.66,19.64,14811
12.11,19.90,14822
-4.92,21.45,14834
11.00,22.29,14845
39.11,21.50,14858
24.10,21.06,14869
9.97,20.20,14881
13.33,20.09,14893
-1.85,19.96,14905
6.74,20.58,14916
33.35,19.68,14928
22.93,19.29,14940
13.61,19.35,14952
16.61,20.01,14963
-5.53,21.66,14974
3.21,22.74,14987
37.97,21.86,14998
29.29,21.93,15010
15.29,20.26,15022
13.22,20.82,15034
-8.61,20.89,15045
3.84,20.05,15057
39.98,19.24,15069
27.09,18.49,15081
9.30,17.86,15092
11.96,19.59,15105
-3.04,20.31,15116
4.27,21.75,15127
35.19,21.33,15139
27.36,21.12,15151
14.06,21.01,15163
17.65,21.02,15174
-1.14,21.40,15186
-0.01,21.01,15198
31.30,19.18,15210
14.16,18.83,15221
13.34,17.91,15234
-6.06,19.04,15245
-1.23,20.94,15257
36.33,20.58,15268
34.17,20.73,15280
13.25,21.16,15292
12.63,21.25,15303
-0.84,22.22,15315
2.46,22.25,15327
33.41,21.33,15339
29.38,20.03,15350
11.56,18.46,15363
13.72,18.49,15374
-1.10,18.81,15386
-4.74,20.07,15397
29.19,19.94,15410
31.84,20.50,15421
15.40,20.60,15432
17.68,21.57,15444
-0.03,22.60,15456
-4.01,23.14,15468
33.21,21.61,15479
35.00,20.80,15492
15.27,19.33,15503
15.22,19.35,15515
-2.72,19.75,15526
-6.19,19.93,15539
30.64,19.21,15550
32.32,19.96,15562
12.68,19.45,15574
14.44,21.58,15585
1.34,22.64,15597
29.67,23.00,15608
33.24,22.17,15621
15.35,21.06,15632
13.84,19.81,15644
1.28,19.68,15655
-5.42,19.36,15668
24.67,19.67,15679
31.27,18.72,15691
15.29,18.98,15703
15.58,18.98,15715
0.61,20.47,15726
-5.18,21.96,15737
27.13,22.00,15750
36.86,21.69,15761
17.18,21.58,15773
15.51,20.29,15784
1.98,20.91,15797
-5.41,20.51,15808
27.15,19.59,15820
33.08,18.91,15832
12.43,18.51,15844
15.99,19.05,15855
4.23,20.33,15867
-4.67,21.89,15879
26.46,21.95,15890
34.22,21.45,15902
17.66,21.31,15913
19.51,20.91,15926
4.87,21.06,15937
-8.08,21.34,15949
21.14,19.65,15961
32.43,19.06,15973
18.46,17.93,15984
16.17,18.81,15996
-9.46,19.92,16008
21.06,20.71,16020
38.19,20.62,16031
20.55,21.30,16043
13.98,21.39,16055
6.08,22.07,16066
-5.05,22.53,16078
22.64,21.72,16090
36.27,20.34,16102
15.35,19.66,16113
13.11,18.00,16125
7.74,18.97,16137
-6.86,19.35,16149
17.75,20.06,16160
34.39,19.89,16173
18.35,20.53,16184
19.03,20.91,16195
9.00,22.12,16207
-8.27,22.57,16219
18.80,22.63,16231
39.71,21.04,16242
21.02,20.32,16254
15.89,18.98,16266
5.74,19.33,16278
-10.47,19.69,16289
17.73,19.00,16302
36.10,19.07,16313
19.27,19.53,16325
13.90,20.25,16336
6.53,21.45,16348
-4.24,22.58,16360
18.36,22.31,16371
36.32,21.78,16384
15.26,21.00,16395
9.72,20.38,16407
-5.38,20.19,16418
12.80,20.46,16431
32.59,19.15,16442
20.55,19.24,16454
15.73,18.86,16465
10.79,20.42,16478
-7.25,22.10,16489
13.35,22.70,16500
39.23,22.70,16513
25.10,21.63,16524
15.47,20.64,16536
9.49,20.69,16547
-7.92,20.06,16560
12.18,20.39,16571
37.16,19.23,16583
21.15,19.64,16594
12.42,19.17,16607
12.38,20.41,16618
-6.70,21.60,16630
12.17,21.84,16642
37.53,21.62,16653
21.29,21.35,16665
13.91,20.60,16676
14.70,21.10,16689
-5.96,21.03,16700
6.88,20.42,16712
36.09,19.03,16723
21.26,19.29,16736
12.76,18.78,16747
15.73,20.33,16759
-7.11,21.74,16771
3.81,21.31,16783
28.20,21.09,16794
15.18,20.97,16805
11.79,20.86,16818
-6.60,21.76,16829
6.07,21.70,16841
38.00,20.92,16852
27.23,19.81,16865
11.23,19.15,16876
10.13,19.32,16888
-4.45,20.27,16900
6.25,20.90,16912
34.68,20.38,16923
26.59,21.08,16935
13.79,20.06,16947
14.29,21.14,16958
-1.77,21.48,16970
2.92,21.71,16982
34.24,20.70,16994
27.83,19.98,17005
13.74,19.17,17017
14.23,19.85,17029
-5.83,20.12,17041
-1.00,21.00,17052
37.56,19.83,17064
28.32,20.59,17076
13.43,20.31,17088
15.81,21.20,17099
-4.65,22.25,17111
2.53,21.96,17123
37.90,20.93,17134
28.47,20.87,17146
13.38,19.47,17158
16.41,20.50,17170
0.88,20.75,17181
33.61,20.62,17193
28.18,20.79,17205
16.00,20.57,17217
16.25,20.84,17228
-0.33,21.90,17241
-1.20,22.00,17252
31.88,21.63,17263
32.05,20.25,17275
15.92,19.97,17287
14.94,19.92,17299
-3.22,20.27,17310
-2.45,21.05,17323
31.88,20.54,17334
32.40,20.06,17346
12.68,20.24,17357
14.36,20.59,17370
0.50,21.44,17381
-1.73,22.68,17393
33.39,21.12,17404
32.97,21.30,17416
10.79,20.50,17428
16.73,20.05,17439
4.19,20.89,17452
-6.13,20.34,17463
28.10,19.98,17475
30.96,19.72,17486
13.84,18.69,17499
18.63,20.53,17510
1.91,21.23,17522
-8.83,21.92,17533
29.50,20.96,17546
36.58,20.65,17557
16.48,20.42,17568
-0.55,21.10,17581
-4.91,21.05,17592
29.63,21.08,17604
33.98,19.86,17615
15.05,19.20,17628
12.93,18.81,17639
2.21,19.66,17651
-4.60,21.06,17662
26.83,21.29,17675
33.30,20.58,17686
15.99,20.89,17698
15.72,20.18,17710
4.85,20.85,17721
-4.85,21.97,17733
22.34,20.73,17744
34.04,20.00,17757
17.74,20.12,17768
15.24,19.12,17780
2.26,20.97,17792
-7.78,21.24,17804
23.33,20.46,17815
35.80,20.54,17827
19.52,19.35,17839
12.35,20.33,17851
2.17,20.88,17862
-4.87,21.52,17873
22.15,21.69,17886
36.65,20.39,17897
17.86,20.21,17909
13.00,20.30,17921
7.28,20.85,17933
-4.96,21.81,17944
20.81,20.04,17956
16.54,20.29,17968
14.81,19.53,17980
8.34,20.43,17991
-8.38,21.05,18003
16.82,21.80,18015
37.32,20.80,18027
18.30,20.37,18038
17.30,19.81,18050
7.02,20.46,18062
-12.64,21.46,18073
19.18,21.13,18085
40.22,19.82,18097
17.99,20.35,18109
15.00,18.88,18120
6.55,20.63,18132
-9.34,21.40,18144
21.48,21.27,18156
38.93,21.01,18167
15.75,20.23,18180
15.27,19.92,18191
9.52,20.52,18202
-7.59,21.06,18214
16.23,20.91,18226
35.19,20.13,18238
18.05,19.92,18249
16.60,19.77,18262
9.96,20.63,18273
-8.74,21.58,18285
13.27,21.29,18296
38.12,20.99,18309
22.60,20.50,18320
14.62,20.49,18332
8.84,21.10,18343
-9.16,21.24,18355
41.26,20.31,18367
23.08,19.52,18378
8.35,19.42,18391
6.69,19.51,18402
-4.67,20.32,18414
14.45,21.64,18425
37.12,21.02,18438
21.12,21.52,18449
13.34,20.98,18461
12.98,21.26,18472
-2.95,21.43,18485
9.70,21.57,18496
32.68,20.34,18507
23.33,19.77,18520
19.40,19.06,18531
10.11,19.64,18543
-13.28,20.76,18554
8.92,20.77,18567
39.16,20.37,18578
27.12,20.98,18590
16.24,20.45,18601
4.78,21.88,18614
-9.44,21.94,18625
17.09,21.47,18637
39.05,20.61,18649
20.99,19.88,18660
11.09,19.12,18672
9.77,19.73,18683
-5.09,19.96,18696
12.06,20.82,18707
34.33,20.10,18719
19.18,20.57,18731
15.98,20.74,18743
-5.53,21.47,18754
4.63,22.51,18766
35.58,21.36,18778
27.05,20.22,18790
18.29,19.64,18801
15.05,19.12,18812
-12.03,20.11,18825
1.42,20.37,18836
42.24,19.49,18848
28.92,19.83,18860
9.53,19.79,18872
10.33,20.64,18883
-5.33,21.72,18895
8.73,21.74,18907
38.24,21.60,18919
24.29,20.95,18930
10.24,19.38,18942
14.32,20.17,18954
0.79,20.03,18965
3.21,20.62,18977
28.02,19.75,18989
27.74,19.48,19001
16.00,19.48,19012
15.98,20.26,19024
-3.16,21.18,19036
-3.07,21.82,19048
33.05,20.50,19059
36.28,21.02,19072
16.20,20.22,19083
11.91,20.92,19095
-6.82,21.32,19106
0.94,20.17,19118
38.56,19.53,19130
7.34,19.62,19141
12.27,19.15,19153
-1.97,20.65,19165
3.77,21.28,19177
35.13,21.56,19188
27.16,21.15,19201
12.46,21.02,19212
17.96,20.68,19224
-1.20,21.35,19235
-0.81,21.35,19248
30.97,20.29,19259
29.49,19.63,19270
16.66,19.17,19282
15.46,19.93,19294
-5.89,20.50,19306
-1.00,21.64,19317
35.36,21.18,19330
33.37,20.88,19341
15.32,21.14,19353
12.34,20.90,19364
-1.82,21.48,19377
1.16,21.30,19388
32.65,20.05,19400
31.15,20.48,19411
13.18,19.09,19423
13.14,20.45,19435
-0.56,21.20,19446
-0.75,21.16,19459
29.77,21.12,19470
32.68,20.88,19482
16.30,20.50,19493
16.27,22.00,19506
2.68,21.62,19517
-3.47,22.11,19529
35.47,20.40,19540
16.12,20.13,19553
13.80,19.79,19564
-0.10,20.15,19575
-4.95,20.96,19588
30.04,21.10,19599
35.69,20.83,19611
15.24,21.63,19622
14.40,21.25,19635
1.78,22.39,19646
-3.04,22.61,19658
31.21,21.59,19670
33.04,20.57,19682
12.20,20.19,19693
14.63,19.68,19705
3.02,20.36,19717
-3.34,21.00,19728
27.93,20.45,19740
31.44,20.67,19751
16.30,20.36,19764
20.33,21.00,19775
3.64,21.92,19787
-8.16,21.97,19799
26.57,21.52,19811
36.61,20.11,19822
17.63,19.53,19834
16.63,20.06,19846
-0.30,20.17,19858
-10.03,21.08,19869
29.99,20.06,19880
39.24,20.55,19893
11.22,20.68,19904
13.85,21.10,19916
-5.17,22.04,19928
27.10,22.19,19940
34.25,20.85,19951
11.45,20.99,19963
18.30,19.22,19975
7.04,20.20,19987
-8.04,20.37,19998
20.90,20.29,20011
32.54,19.94,20022
17.26,19.73,20034
17.65,19.62,20045
4.66,21.21,20057
-9.78,22.03,20069
21.85,21.87,20080
40.30,21.18,20092
19.31,20.84,20104
10.42,19.88,20116
4.71,20.41,20127
-5.88,20.17,20140
19.06,20.25,20151
37.02,19.48,20163
15.86,19.53,20174
9.92,20.10,20187
11.08,20.60,20198
-2.50,22.31,20209
15.33,21.61,20221
35.46,21.16,20233
18.91,21.25,20245
16.33,19.97,20256
12.83,21.37,20269
-8.90,20.94,20280
12.68,19.93,20292
38.03,19.88,20303
22.15,18.66,20316
4.53,20.51,20327
-10.70,20.89,20338
18.01,21.77,20350
42.60,21.64,20362
22.58,21.25,20374
11.71,21.38,20385
3.52,21.72,20398
-2.76,21.58,20409
21.94,22.13,20421
35.41,20.47,20432
19.53,20.05,20445
12.31,19.03,20456
9.32,19.48,20468
-0.69,20.48,20480
11.15,21.28,20492
30.60,20.38,20503
23.98,21.14,20514
19.04,20.29,20527
12.77,21.53,20538
-8.81,22.81,20550
6.23,21.77,20561
39.87,20.84,20574
29.53,19.98,20585
13.16,19.20,20597
5.16,20.43,20609
-9.92,20.75,20621
12.10,20.91,20632
43.18,20.64,20644
23.80,20.83,20656
8.62,20.91,20667
11.22,22.00,20679
-4.09,22.41,20690
13.82,22.21,20703
19.52,21.16,20714
11.81,20.56,20726
16.09,20.19,20738
-5.84,20.12,20750
6.19,20.89,20761
34.76,20.07,20773
22.94,20.07,20785
16.12,20.02,20797
14.81,20.72,20808
-9.27,21.94,20819
4.24,22.49,20832
38.76,21.27,20843
28.62,20.81,20855
14.17,19.81,20867
9.69,19.96,20879
-8.77,20.43,20890
8.46,20.51,20902
40.50,20.17,20914
23.34,20.12,20926
8.84,19.67,20937
13.21,20.92,20950
-1.04,21.14,20961
7.76,22.16,20972
36.14,21.46,20984
22.72,21.40,20996
12.22,20.44,21008
17.29,20.68,21019
0.70,21.36,21031
0.06,20.93,21043
30.81,20.33,21055
28.06,20.03,21066
18.36,19.74,21079
15.52,21.28,21090
0.65,22.27,21102
36.98,21.97,21113
33.30,21.19,21125
17.29,21.38,21137
10.92,20.82,21148
-4.90,21.55,21160
3.50,21.52,21172
36.28,20.51,21184
28.30,19.79,21195
12.36,19.31,21208
11.94,19.57,21219
-0.01,20.35,21231
1.25,21.81,21242
33.56,21.54,21255
28.95,21.29,21266
14.26,20.94,21277
16.81,20.87,21289
0.57,21.42,21301
-0.54,21.26,21313
30.90,20.42,21324
28.75,19.63,21337
16.41,19.22,21348
16.58,19.85,21360
-4.30,21.27,21371
-0.71,22.11,21384
34.26,20.96,21395
33.87,21.89,21407
15.37,20.58,21419
14.04,21.63,21430
-1.02,21.79,21442
0.90,21.22,21453
29.73,20.47,21466
31.67,19.53,21477
14.42,18.48,21489
0.29,19.59,21500
-2.84,20.34,21513
27.72,21.33,21524
33.27,21.24,21536
18.09,21.40,21548
15.07,21.36,21560
2.81,21.92,21571
-4.32,21.89,21582
28.05,21.33,21595
38.16,19.91,21606
13.64,19.62,21618
11.32,19.06,21629
1.10,19.78,21642
-6.35,20.49,21653
27.53,20.49,21665
36.96,20.53,21677
13.91,21.11,21689
15.71,21.29,21700
4.95,21.97,21712
-6.83,22.54,21724
26.60,21.14,21735
34.33,20.33,21747
14.61,19.35,21758
16.26,18.94,21771
4.10,20.11,21782
-9.29,20.68,21794
23.62,20.73,21806
36.37,20.73,21818
17.79,20.83,21829
16.27,21.61,21841
2.70,21.91,21853
-4.95,22.54,21865
26.30,21.27,21876
17.07,20.59,21888
13.71,19.16,21900
3.54,19.75,21911
-3.54,19.78,21923
22.93,20.47,21935
32.08,20.18,21947
16.99,20.35,21958
15.19,20.40,21970
8.84,21.40,21982
-3.63,22.09,21994
20.22,22.35,22005
34.86,20.78,22018
19.06,20.71,22029
17.68,19.15,22040
7.07,19.82,22052
-10.47,20.32,22064
18.16,19.53,22076
36.87,19.49,22087
17.93,19.64,22099
13.68,20.32,22111
5.38,22.04,22123
-6.17,22.56,22134
22.97,22.35,22147
39.17,21.27,22158
17.28,20.67,22170
12.78,19.50,22181
7.54,19.69,22193
-7.75,20.06,22205
14.42,19.19,22216
34.35,19.41,22228
18.35,19.12,22240
14.60,20.63,22252
11.81,22.08,22263
14.27,23.13,22276
41.16,22.18,22287
23.53,21.47,22299
16.33,20.09,22310
8.71,20.13,22323
-8.44,20.30,22334
12.82,20.36,22345
38.46,19.01,22358
20.39,19.04,22369
12.34,18.67,22381
10.03,20.10,22392
-6.77,21.63,22405
14.06,22.42,22416
40.12,21.94,22428
20.28,21.47,22439
14.15,20.31,22452
12.29,20.71,22463
-5.80,20.63,22475
10.62,20.42,22487
36.44,19.02,22498
19.97,18.64,22510
13.46,18.13,22521
12.49,19.45,22534
-8.17,20.75,22545
7.90,21.14,22557
40.28,20.89,22568
25.49,21.43,22581
15.35,21.34,22592
13.72,22.00,22604
-7.87,22.37,22616
8.31,20.51,22628
41.27,19.09,22639
23.72,18.61,22650
10.77,18.23,22663
-8.81,19.22,22674
9.41,20.49,22686
39.85,20.53,22697
23.28,20.84,22710
14.77,20.81,22721
15.70,21.33,22733
-5.43,22.59,22745
7.62,22.40,22757
35.95,21.39,22768
25.34,19.60,22780
16.52,18.48,22792
11.69,18.74,22803
-9.27,18.81,22815
5.30,20.33,22827
35.09,19.81,22839
25.72,20.18,22850
15.11,20.60,22862
11.74,20.98,22874
-3.73,22.33,22886
8.09,22.70,22897
34.55,21.15,22909
25.86,21.17,22921
14.99,18.85,22933
11.47,19.55,22944
-4.53,19.60,22956
0.94,19.31,22968
31.02,19.26,22979
26.79,19.55,22991
13.25,19.44,23003
13.61,21.55,23015
-1.67,22.64,23026
1.62,22.89,23038
34.39,21.92,23050
13.92,21.21,23062
13.45,20.16,23073
-1.07,20.32,23086
-3.05,19.69,23097
32.19,19.59,23108
30.26,18.76,23120
12.18,18.58,23132
13.99,19.45,23144
-1.33,20.73,23155
-2.37,22.52,23168
33.80,22.38,23179
34.74,22.03,23191
14.91,22.01,23202
16.58,20.97,23215
-2.42,21.17,23226
-2.84,20.95,23238
32.70,19.47,23249
29.63,19.46,23262
12.82,18.78,23273
12.97,19.46,23284
-2.54,20.76,23297
-0.51,21.67,23308
33.12,21.49,23320
29.75,21.92,23331
15.88,20.96,23344
17.54,21.43,23355
-0.75,21.69,23367
-2.35,21.03,23378
29.45,20.36,23391
29.24,19.47,23402
13.37,18.54,23414
16.10,20.03,23426
-0.63,20.34,23437
-3.43,21.95,23449
32.02,20.87,23460
16.42,21.55,23473
17.70,21.61,23484
1.36,21.81,23496
-0.32,22.62,23507
28.07,21.79,23520
32.76,20.40,23531
17.41,19.80,23543
14.91,18.24,23555
-2.49,19.69,23567
-4.67,20.61,23578
28.41,20.27,23589
34.45,20.63,23602
16.75,21.40,23613
14.74,21.34,23625
3.41,22.45,23636
-1.91,22.47,23649
27.16,21.83,23660
33.29,20.93,23672
14.88,19.44,23684
17.53,19.24,23696
3.96,19.88,23707
-9.33,20.46,23719
25.07,20.51,23731
37.48,20.39,23742
15.86,20.72,23754
16.80,21.56,23766
5.30,21.75,23778
-8.01,22.28,23789
25.99,20.95,23801
37.29,20.20,23813
13.06,19.69,23825
14.89,19.63,23836
-8.61,19.90,23848
21.82,20.84,23860
36.01,19.59,23872
16.57,20.23,23883
14.64,19.87,23895
7.26,20.99,23907
-10.00,22.20,23918
20.14,21.93,23930
39.58,21.35,23942
19.80,20.90,23954
15.50,20.00,23965
6.23,20.68,23977
-10.30,20.84,23989
19.01,20.54,24001
37.25,19.67,24012
18.02,19.91,24025
12.43,19.42,24036
6.84,21.03,24047
-6.10,21.83,24059
20.27,21.55,24071
35.46,21.44,24083
16.84,20.42,24094
17.10,20.14,24107
10.42,20.51,24118
-8.93,20.33,24130
16.33,20.47,24141
34.58,18.84,24154
19.55,19.44,24165
16.17,19.71,24177
9.42,20.81,24188
-7.88,22.68,24200
15.94,21.30,24212
39.37,21.35,24223
20.74,20.84,24236
8.93,20.17,24247
-8.02,20.89,24259
15.72,20.82,24270
36.96,20.17,24283
18.27,19.81,24294
16.27,19.17,24306
9.97,20.03,24317
-7.79,21.11,24330
13.62,21.92,24341
36.64,21.59,24352
21.75,21.34,24365
18.38,20.31,24376
9.77,21.47,24388
-10.37,21.48,24399
12.81,21.51,24412
37.49,20.26,24423
22.62,19.85,24435
15.18,19.86,24446
7.97,20.26,24459
-8.65,21.23,24470
11.70,21.57,24482
36.79,20.61,24494
21.50,21.05,24505
14.96,19.91,24517
12.63,20.98,24528
-7.51,21.78,24541
10.92,20.95,24552
36.10,20.65,24564
23.53,19.96,24576
14.80,19.36,24588
11.79,20.61,24599
-8.93,20.78,24611
8.07,21.00,24623
25.39,20.29,24635
14.33,20.35,24646
11.63,20.36,24657
-6.44,21.04,24670
9.10,21.45,24681
36.65,20.76,24693
23.97,20.28,24705
13.23,19.37,24717
13.11,19.91,24728
-5.28,20.58,24740
5.51,21.40,24752
34.38,20.91,24764
28.73,20.62,24775
14.59,20.54,24787
11.18,20.74,24799
-2.81,21.35,24810
4.10,21.77,24822
33.01,20.61,24834
27.35,20.59,24846
14.28,19.68,24857
12.69,20.77,24869
-3.26,21.45,24881
3.63,21.82,24893
33.63,20.84,24904
29.32,20.93,24916
16.35,20.47,24928
12.03,21.47,24940
-6.14,21.91,24951
4.20,21.90,24963
34.02,20.86,24975
26.41,21.03,24986
16.09,20.07,24998
15.44,21.48,25010
2.43,21.75,25022
33.29,21.37,25033
27.75,20.49,25046
14.79,20.18,25057
16.28,20.14,25069
-5.28,20.74,25080
-0.58,21.66,25093
35.54,21.50,25104
31.15,20.62,25115
12.96,21.03,25127
16.11,20.23,25139
-2.75,20.80,25151
-0.00,21.63,25162
34.03,20.43,25175
31.07,20.35,25186
11.60,19.69,25198
13.84,19.94,25209
2.08,20.99,25222
-0.06,21.61,25233
29.65,20.88,25245
32.31,20.77,25256
14.36,19.78,25269
15.27,20.31,25280
1.00,21.29,25291
-3.78,21.49,25304
27.50,21.03,25315
34.80,20.58,25327
15.96,19.82,25338
13.35,21.14,25351
-0.50,20.66,25362
-0.98,21.38,25374
29.62,20.53,25385
32.66,20.43,25398
13.84,20.17,25409
0.84,20.75,25421
-2.35,21.34,25433
27.21,21.41,25444
31.37,20.33,25456
15.05,20.05,25467
16.10,19.25,25480
0.07,19.78,25491
-6.48,20.70,25503
25.86,20.42,25515
32.09,19.99,25527
16.67,19.99,25538
16.23,19.62,25550
-0.77,21.29,25562
-6.38,21.59,25574
29.10,21.32,25585
35.23,20.52,25596
14.83,19.99,25609
14.08,19.70,25620
0.25,19.95,25632
-5.53,20.50,25644
26.81,19.94,25656
32.72,19.96,25667
12.98,19.57,25679
17.28,20.14,25691
6.24,20.96,25703
-6.15,21.85,25714
23.87,20.92,25726
34.17,20.54,25738
17.76,19.71,25749
17.92,20.17,25761
4.25,20.76,25773
-9.88,21.08,25785
24.75,20.28,25796
15.59,19.88,25808
15.73,19.70,25820
3.71,20.04,25832
-8.60,20.77,25843
25.67,21.43,25856
34.14,20.41,25867
14.91,20.67,25879
17.32,19.70,25890
5.55,20.97,25902
-8.76,21.33,25914
21.78,20.94,25925
35.14,20.37,25937
18.42,19.66,25949
16.68,19.28,25961
4.51,20.18,25972
-9.05,20.58,25985
19.29,20.70,25996
37.97,19.94,26008
18.58,20.23,26019
13.74,19.80,26032
8.86,20.99,26043
-7.25,21.29,26054
17.68,20.84,26066
38.89,20.14,26078
16.68,19.90,26090
12.75,19.67,26101
8.55,19.93,26114
-8.99,21.12,26125
15.60,20.49,26137
37.83,20.28,26148
16.49,20.38,26161
16.39,20.11,26172
10.18,21.59,26184
-8.49,21.63,26195
35.88,21.08,26207
19.90,20.98,26219
19.38,19.85,26230
10.21,20.97,26243
-9.03,21.40,26254
13.87,21.37,26266
36.04,20.74,26277
22.30,19.98,26290
18.31,19.59,26301
5.34,20.27,26313
-9.22,20.44,26324
13.87,20.90,26337
37.24,20.04,26348
23.29,20.58,26359
12.75,20.24,26372
5.97,21.43,26383
-4.60,22.26,26395
16.53,22.23,26406
36.75,21.09,26419
19.39,20.97,26430
14.37,20.00,26442
12.31,20.19,26454
-7.21,20.75,26466
9.32,20.19,26477
34.28,19.08,26489
20.52,19.75,26501
17.69,19.34,26512
14.67,21.19,26524
-10.60,22.04,26535
7.30,21.57,26548
40.28,21.75,26559
25.50,20.93,26571
16.75,21.22,26583
-10.34,21.11,26595
9.13,20.71,26606
38.14,19.85,26618
22.47,19.20,26630
10.67,19.13,26642
10.10,19.32,26653
-2.39,20.43,26664
7.64,21.31,26677
31.95,20.98,26688
26.83,20.56,26700
13.14,20.41,26712
14.00,20.93,26724
-0.38,20.87,26735
3.27,21.70,26747
31.30,19.84,26759
29.09,19.65,26771
14.78,19.31,26782
13.03,19.35,26795
-5.52,20.81,26806
1.07,20.78,26817
36.16,20.11,26829
31.05,21.05,26841
12.93,20.07,26853
12.63,21.81,26864
-3.89,22.35,26876
3.25,21.09,26888
36.97,20.80,26900
27.15,19.44,26911
10.06,18.94,26924
13.55,19.61,26935
-2.84,19.96,26947
0.99,20.70,26958
31.94,19.54,26970
14.57,20.59,26982
19.03,20.43,26993
-3.49,21.65,27005
-0.54,22.29,27017
35.89,21.12,27029
31.17,20.12,27040
14.80,19.40,27053
13.16,19.25,27064
-7.53,19.88,27076
-1.02,20.23,27087
35.80,19.87,27100
31.38,19.73,27111
11.28,20.49,27122
12.54,20.95,27134
0.79,22.08,27146
1.53,22.41,27158
32.77,21.61,27169
29.85,20.74,27182
11.51,19.48,27193
15.41,19.84,27205
1.92,20.16,27216
-1.94,20.78,27229
27.38,19.49,27240
29.38,19.59,27252
13.70,19.26,27264
16.75,20.08,27275
1.52,21.60,27287
-5.15,21.97,27298
29.71,21.31,27311
35.28,21.49,27322
17.86,20.13,27334
14.08,21.64,27345
-2.59,21.37,27358
-3.27,21.15,27369
34.96,20.33,27381
13.84,19.74,27393
10.63,19.62,27405
0.85,20.09,27416
0.08,20.94,27427
30.39,21.60,27440
31.81,20.57,27451
14.78,20.99,27463
14.20,20.20,27474
6.73,21.10,27487
-2.08,22.04,27498
22.32,20.80,27510
31.30,20.14,27522
19.12,19.27,27534
16.19,18.93,27545
2.05,20.29,27557
-7.67,20.93,27569
24.35,20.83,27580
38.52,20.78,27592
17.75,20.91,27603
14.28,21.08,27616
1.44,21.52,27627
-7.15,21.92,27639
27.49,20.95,27651
36.10,20.03,27663
11.93,19.38,27674
13.41,19.75,27686
6.66,20.56,27698
-5.64,21.04,27710
23.53,20.43,27721
34.47,20.12,27732
13.86,19.80,27745
17.28,20.60,27756
-6.79,21.13,27768
21.95,21.57,27780
33.01,20.44,27792
20.07,20.57,27803
15.81,19.43,27815
1.70,20.37,27827
-6.52,21.16,27839
20.13,20.85,27850
37.11,20.40,27863
20.52,20.12,27874
10.47,19.45,27885
3.39,20.62,27897
-3.54,20.75,27909
19.23,21.44,27921
37.73,20.45,27932
17.23,20.62,27944
11.21,20.33,27956
7.32,20.42,27968
-5.08,21.59,27979
18.48,20.67,27992
37.71,19.95,28003
16.09,20.26,28015
13.63,19.28,28026
10.46,20.95,28038
-7.64,21.29,28050
16.97,20.62,28061
37.06,20.44,28073
20.36,19.76,28085
16.56,19.96,28097
7.73,21.04,28108
-8.76,21.35,28121
16.06,21.09,28132
39.29,20.52,28144
21.30,19.69,28155
7.25,20.58,28168
-7.45,21.09,28179
16.88,21.52,28190
39.24,20.33,28203
18.74,20.44,28214
10.57,19.46,28226
11.01,20.32,28237
-4.23,20.76,28250
12.99,21.63,28261
35.18,21.18,28273
21.54,20.78,28284
15.04,20.34,28297
15.27,21.09,28308
-9.59,21.48,28320
8.19,21.75,28332
39.03,20.20,28343
23.79,19.84,28355
14.68,19.15,28366
8.74,19.89,28379
-13.25,21.10,28390
11.85,21.13,28402
42.54,20.61,28413
23.17,21.16,28426
12.54,20.37,28437
11.06,21.51,28449
-7.44,21.84,28461
15.37,20.95,28473
38.62,20.23,28484
19.71,19.65,28496
11.78,18.85,28508
11.80,20.16,28519
-3.64,20.49,28531
8.78,21.03,28542
22.97,20.65,28555
18.11,19.87,28566
15.05,20.73,28578
-7.27,20.90,28590
4.20,22.15,28602
37.29,20.73,28613
27.41,19.99,28625
15.18,19.45,28637
9.44,19.27,28649
-9.65,19.94,28660
6.04,20.92,28672
40.20,20.53,28684
27.44,20.88,28695
13.29,20.82,28707
9.95,21.27,28719
-5.55,21.79,28731
10.34,21.96,28742
36.96,20.68,28754
22.89,20.52,28766
12.27,19.11,28778
13.26,19.73,28789
-3.42,20.34,28802
5.58,20.73,28813
32.49,20.49,28824
25.93,20.76,28836
14.93,20.08,28848
15.29,21.56,28860
-2.85,21.52,28871
-0.65,21.99,28883
33.14,20.53,28895
31.15,19.71,28907
13.73,19.31,28918
12.44,19.60,28931
-5.78,20.25,28942
38.46,20.50,28954
29.02,19.73,28965
9.39,20.54,28977
16.38,20.49,28989
-3.64,21.58,29000
2.00,22.75,29012
37.83,21.63,29024
26.11,21.26,29036
12.62,20.37,29047
16.87,19.40,29060
-3.35,19.61,29071
0.28,19.99,29083
30.29,19.49,29094
26.84,19.71,29107
17.83,19.48,29118
16.62,20.56,29129
-4.22,21.89,29142
0.72,22.30,29153
30.93,22.07,29165
34.67,20.92,29176
19.96,20.29,29189
9.79,20.59,29200
-2.63,20.17,29212
0.13,20.62,29223
31.68,19.09,29236
34.29,19.40,29247
13.05,19.64,29259
10.24,20.56,29271
2.67,21.76,29282
2.67,22.38,29294
30.22,21.62,29305
31.52,21.37,29318
14.87,19.93,29329
3.09,20.44,29341
-5.39,20.64,29352
27.11,20.08,29365
30.98,19.32,29376
15.55,19.42,29388
19.05,19.17,29400
-2.73,20.59,29412
-6.29,21.68,29423
34.32,21.91,29434
33.96,21.32,29447
15.65,21.44,29458
17.26,20.84,29470
-2.32,21.14,29481
-3.59,21.19,29494
32.45,20.05,29505
30.20,19.41,29517
11.92,18.80,29529
15.83,19.43,29541
2.19,20.32,29552
-4.71,21.53,29564
26.98,21.60,29576
31.52,21.11,29587
15.62,21.36,29599
17.27,21.11,29611
6.80,21.88,29623
-8.01,21.71,29634
21.25,20.26,29646
37.25,19.72,29658
17.29,18.69,29670
10.94,20.11,29681
2.45,20.59,29693
-7.98,21.61,29705
23.73,21.15,29717
16.37,21.28,29728
11.53,20.93,29741
5.49,21.50,29752
-5.75,21.70,29763
26.66,21.37,29775
32.82,19.91,29787
11.25,19.83,29799
15.53,18.63,29810
6.56,19.58,29822
-6.52,20.52,29834
23.13,20.88,29846
29.27,20.59,29857
18.06,20.65,29870
22.62,20.30,29881
1.12,21.35,29892
-7.13,22.02,29904
21.97,21.67,29916
31.56,20.41,29928
24.52,20.28,29939
17.29,19.49,29952
-1.94,20.35,29963
-7.31,20.69,29975
21.45,19.88,29986
36.72,20.08,29999
18.80,19.81,30010
9.48,20.60,30022
5.93,21.82,30033
-0.42,22.57,30045
19.88,22.63,30057
36.18,21.24,30068
16.71,20.47,30081
12.35,20.19,30092
13.63,19.99,30104
-5.32,20.89,30115
35.73,19.71,30128
20.87,19.71,30139
18.03,19.52,30151
10.70,20.63,30162
-13.64,21.87,30175
14.46,22.51,30186
43.93,21.57,30197
24.21,21.18,30210
15.40,20.18,30221
3.92,20.51,30233
-9.10,20.58,30244
20.23,20.27,30257
37.77,19.33,30268
17.62,19.59,30280
11.84,18.75,30291
7.11,20.74,30304
-2.67,21.35,30315
18.55,22.06,30327
33.10,21.86,30339
19.61,21.32,30350
18.66,20.83,30362
12.82,20.92,30373
-6.36,21.25,30386
8.79,20.98,30397
32.87,19.41,30409
25.14,19.40,30420
18.25,19.19,30433
10.89,20.29,30444
-11.12,21.66,30456
8.52,20.86,30468
42.02,20.90,30480
27.06,20.98,30491
14.43,20.67,30502
-8.12,21.43,30515
14.03,21.28,30526
40.94,20.41,30538
17.07,19.84,30550
11.23,18.70,30562
13.07,19.07,30573
-6.41,19.67,30585
10.49,20.77,30597
34.56,20.68,30609
18.85,20.30,30620
19.50,20.48,30632
16.49,21.28,30644
-9.49,21.92,30655
5.62,22.55,30667
35.90,20.87,30679
25.38,20.35,30691
18.97,19.42,30702
10.87,19.71,30714
-11.61,20.48,30726
5.80,20.41,30738
40.34,19.84,30749
26.19,20.59,30761
10.47,20.14,30773
10.53,21.39,30785
-3.59,22.08,30796
8.40,21.56,30808
38.13,20.87,30820
23.30,19.90,30831
10.54,18.84,30843
14.74,19.89,30855
-3.08,19.76,30867
1.18,20.52,30878
32.10,19.99,30891
25.11,20.40,30902
17.99,21.01,30914
-5.40,21.89,30925
-0.31,22.73,30938
37.46,22.25,30949
31.43,21.25,30960
15.33,20.89,30972
10.78,19.89,30984
-6.99,20.10,30996
4.09,20.46,31007
35.47,19.52,31020
27.11,19.28,31031
10.64,19.69,31043
10.27,19.90,31054
0.08,21.22,31067
6.96,21.80,31078
30.50,20.98,31090
24.53,21.05,31101
16.89,19.91,31113
14.82,20.49,31125
-2.27,20.95,31136
0.40,20.51,31149
27.30,20.10,31160
29.50,19.42,31172
20.62,19.04,31183
13.75,20.37,31196
-5.91,20.93,31207
-0.47,21.85,31219
33.38,20.75,31230
33.79,21.13,31243
16.36,20.67,31254
11.68,21.07,31266
-3.22,21.27,31278
3.44,20.65,31289
28.99,19.66,31301
11.07,19.69,31312
15.46,18.96,31325
0.38,20.43,31336
0.05,21.22,31348
30.26,21.37,31360
30.29,20.88,31372
14.80,20.91,31383
19.69,20.73,31395
3.05,21.29,31407
-4.32,21.94,31418
26.88,20.71,31430
32.88,19.73,31441
18.10,19.33,31454
17.60,19.02,31465
-2.72,20.24,31477
-7.21,20.94,31489
28.83,20.70,31501
35.82,20.50,31512
17.33,20.30,31524
13.82,21.05,31536
-0.92,21.29,31548
-3.08,21.71,31559
30.83,20.65,31571
36.21,20.04,31583
11.98,19.41,31594
11.76,19.32,31606
3.64,20.52,31618
-1.48,20.88,31630
25.28,20.35,31641
31.99,20.63,31653
14.25,19.63,31665
16.54,21.20,31677
7.14,21.49,31688
22.01,22.07,31700
35.54,20.91,31712
17.69,20.00,31724
17.89,19.25,31735
0.71,19.72,31747
-10.20,20.30,31759
26.33,20.34,31770
39.04,19.84,31782
16.64,19.96,31794
13.55,19.66,31806
2.06,21.02,31817
-5.94,21.42,31830
28.53,21.34,31841
35.28,20.21,31853
12.42,19.47,31864
14.17,19.12,31877
5.23,19.13,31888
-5.07,20.19,31899
21.41,20.03,31911
31.68,19.47,31923
15.24,20.17,31935
19.46,19.79,31946
8.40,21.54,31959
-10.45,22.62,31970
18.04,21.17,31982
37.88,21.15,31993
21.62,19.80,32006
17.81,19.58,32017
4.66,20.16,32029
-12.34,19.96,32040
20.06,19.71,32052
40.46,19.49,32064
16.80,19.60,32075
6.40,20.68,32088
-5.78,21.45,32099
22.92,22.00,32111
36.92,21.42,32122
16.95,20.97,32135
13.45,20.06,32146
11.74,20.76,32158
-4.11,20.55,32169
15.23,21.08,32182
33.00,20.12,32193
20.52,19.59,32204
18.18,19.55,32217
10.91,20.04,32228
-8.41,21.43,32240
12.71,21.70,32251
37.91,20.58,32264
25.66,21.31,32275
17.09,20.34,32287
6.93,21.59,32299
-9.00,22.15,32311
17.29,21.02,32322
41.41,20.22,32334
18.64,19.67,32346
10.80,19.15,32357
9.85,20.15,32369
-6.87,20.64,32380
16.76,20.86,32393
37.37,20.53,32404
16.09,20.60,32416
16.68,20.88,32428
17.01,21.72,32440
-8.83,22.17,32451
10.12,21.33,32463
38.25,20.35,32475
16.13,19.44,32487
10.01,19.65,32498
-12.85,20.14,32509
11.46,20.90,32522
41.19,20.19,32533
23.29,20.10,32545
11.26,20.34,32557
9.48,20.78,32569
-4.29,21.68,32580
13.15,21.97,32592
37.50,20.94,32604
21.57,21.07,32616
12.71,19.49,32627
14.41,20.54,32640
-5.47,21.08,32651
6.85,20.71,32662
34.55,20.49,32674
24.69,19.74,32686
15.87,19.47,32698
13.88,20.71,32709
-8.29,21.16,32721
5.35,21.89,32733
37.37,20.64,32745
27.66,20.62,32756
14.08,20.22,32769
11.29,20.85,32780
-9.06,21.50,32792
7.78,21.03,32803
39.55,20.42,32815
24.17,20.33,32827
13.01,19.94,32838
10.99,20.89,32850
-6.52,21.67,32862
36.41,21.40,32874
22.45,20.95,32885
14.40,21.10,32898
14.77,20.78,32909
-6.04,21.30,32921
4.69,21.77,32932
33.85,20.63,32945
25.27,20.26,32956
17.30,19.58,32967
13.69,19.92,32979
-8.88,20.88,32991
2.60,21.36,33003
38.24,21.33,33014
29.79,20.61,33027
13.70,20.48,33038
10.63,21.20,33050
-4.94,21.29,33061
6.72,22.27,33074
38.11,21.18,33085
27.31,20.94,33097
11.01,20.18,33108
14.08,20.61,33120
-0.02,21.01,33132
4.56,21.27,33143
32.46,20.55,33156
25.83,20.76,33167
15.60,20.03,33179
16.86,20.94,33190
-1.08,21.86,33203
-0.16,21.87,33214
30.40,21.05,33226
30.03,21.03,33238
19.67,19.99,33250
-5.42,20.74,33261
0.48,21.21,33273
32.30,20.37,33285
32.91,20.23,33296
14.87,20.03,33308
8.90,19.99,33319
-4.02,21.38,33332
3.66,21.64,33343
34.63,21.45,33355
29.93,20.61,33367
12.29,20.14,33379
12.64,20.32,33390
1.17,20.26,33402
1.19,21.16,33414
28.91,20.55,33425
27.24,19.74,33437
16.27,19.88,33448
19.06,19.65,33461
-1.38,20.98,33472
-5.94,21.83,33484
30.77,20.70,33496
35.33,21.21,33508
18.27,20.21,33519
15.24,21.14,33531
-5.05,21.44,33543
-4.29,21.11,33555
34.22,20.10,33566
33.54,19.96,33577
12.03,19.14,33590
11.30,20.47,33601
0.93,20.89,33613
-0.78,21.53,33625
30.40,21.04,33637
31.20,20.87,33648
15.84,20.30,33660
3.91,20.93,33672
-4.18,21.26,33684
25.62,21.39,33695
30.82,20.20,33708
17.73,20.12,33719
15.65,19.82,33730
-0.38,20.52,33742
-6.56,21.42,33754
28.10,21.31,33766
34.96,20.65,33777
17.69,21.19,33789
14.27,20.70,33801
0.65,21.77,33813
-3.47,22.02,33824
30.69,20.94,33837
34.28,20.35,33848
14.03,19.92,33860
14.85,19.72,33871
2.88,20.58,33883
-5.43,21.34,33895
27.12,20.90,33906
32.54,20.74,33918
16.28,20.27,33930
17.55,20.62,33942
4.07,21.65,33953
-6.88,21.65,33966
23.89,21.16,33977
34.19,20.33,33989
18.75,19.70,34000
15.29,20.63,34013
1.52,20.24,34024
-7.48,21.24,34035
36.55,19.85,34048
15.75,20.17,34059
13.34,20.25,34071
3.98,20.66,34082
-4.88,21.64,34095
23.32,21.69,34106
36.22,21.01,34118
16.03,20.67,34129
16.09,19.82,34142
5.94,20.70,34153
-8.21,21.05,34165
21.25,20.37,34177
36.35,20.05,34188
20.19,19.93,34200
14.59,19.86,34211
2.06,21.25,34224
-5.92,21.69,34235
23.86,21.87,34247
37.90,21.04,34258
21.15,20.86,34271
12.31,20.42,34282
3.81,20.40,34294
-2.03,20.50,34306
18.95,20.05,34318
33.63,19.25,34329
18.66,19.16,34340
13.99,19.79,34353
9.20,21.18,34364
-6.70,22.39,34376
16.64,21.61,34387
39.12,21.51,34400
20.85,20.98,34411
17.10,20.88,34423
7.68,20.82,34435
18.09,20.74,34447
37.70,19.76,34458
18.63,19.10,34470
14.82,18.82,34482
4.46,19.69,34493
-9.70,20.46,34505
20.75,21.64,34516
37.96,21.23,34529
20.20,21.41,34540
14.59,21.25,34552
6.66,21.39,34564
-2.93,21.51,34576
17.17,20.96,34587
33.88,19.67,34599
21.57,19.58,34611
13.16,18.12,34623
9.26,19.66,34634
-6.73,20.31,34646
10.35,20.64,34658
34.90,20.85,34669
23.60,21.07,34681
17.03,21.37,34693
8.72,21.98,34705
-8.08,22.57,34716
15.44,21.84,34728
40.75,20.41,34740
21.12,19.75,34752
12.87,18.60,34763
6.83,19.21,34776
-10.37,19.92,34787
16.04,19.96,34798
38.42,20.19,34810
18.43,21.02,34822
12.42,21.34,34834
-6.56,22.33,34845
13.45,22.50,34857
36.36,22.01,34869
19.52,20.82,34881
17.03,19.88,34892
12.03,19.90,34905
-8.21,19.93,34916
6.65,20.76,34928
36.59,19.60,34939
24.74,20.04,34951
12.84,20.01,34963
11.65,21.44,34974
-4.75,21.71,34987
5.19,21.63,34998
40.38,20.86,35010
27.04,20.20,35021
8.12,19.66,35034
12.11,19.63,35045
-5.76,20.17,35057
5.47,20.28,35068
39.68,19.60,35081
23.20,20.31,35092
13.16,20.04,35103
12.82,21.37,35116
-5.97,21.98,35127
10.34,21.56,35139
35.20,21.11,35150
24.29,20.54,35163
18.57,19.63,35174
9.92,20.29,35186
-7.12,20.19,35197
8.49,19.99,35210
32.32,19.40,35221
16.00,20.09,35233
9.06,19.98,35245
-1.76,21.19,35256
7.06,21.95,35268
33.30,21.39,35279
27.41,21.28,35292
14.92,20.48,35303
13.40,20.41,35315
-3.69,20.42,35326
0.84,20.23,35339
33.46,19.73,35350
25.44,18.83,35362
13.66,19.08,35374
15.01,20.12,35386
-8.17,20.92,35397
0.69,21.90,35408
39.00,21.34,35421
27.77,21.43,35432
14.69,21.18,35444
15.89,21.38,35456
-7.13,21.25,35468
3.31,20.85,35479
37.36,19.33,35491
25.45,19.44,35503
14.17,19.02,35515
12.54,20.12,35526
-3.64,21.14,35538
3.70,20.98,35550
33.34,20.81,35561
27.52,21.09,35573
15.31,20.33,35585
13.58,21.75,35597
-0.72,21.60,35608
31.27,21.15,35620
28.06,19.91,35632
15.22,19.54,35644
13.47,19.42,35655
-2.89,20.18,35667
-0.93,20.82,35679
31.74,20.88,35691
31.58,20.13,35702
15.04,20.60,35714
13.90,20.67,35726
0.26,21.37,35737
-0.94,22.24,35749
32.61,20.56,35761
32.16,20.31,35773
11.24,19.63,35784
12.11,19.61,35796
0.89,20.49,35808
-2.60,20.80,35820
32.45,20.60,35831
30.92,20.40,35844
11.87,20.34,35855
17.10,21.02,35866
0.42,21.55,35878
-3.85,21.89,35890
30.87,20.56,35902
33.92,20.26,35913
12.87,19.43,35926
15.33,20.18,35937
0.27,20.69,35949
-5.89,20.81,35960
29.67,20.24,35973
36.61,20.48,35984
13.78,20.23,35996
11.55,21.33,36007
-2.68,21.78,36019
28.45,21.90,36031
37.70,21.26,36042
11.61,21.10,36055
9.84,20.28,36066
5.79,20.78,36078
-3.06,20.67,36089
23.75,20.44,36102
31.80,19.83,36113
13.19,19.65,36125
15.76,19.74,36136
5.31,20.99,36149
-5.85,21.80,36160
25.67,21.54,36171
34.64,20.35,36184
16.64,20.51,36195
15.80,20.02,36207
-0.10,20.56,36218
-7.38,21.27,36231
26.27,19.76,36242
33.66,19.98,36254
16.17,19.88,36265
13.24,20.08,36278
0.30,21.22,36289
-3.41,21.35,36301
27.96,21.03,36313
31.11,20.53,36324
15.28,19.51,36336
15.84,20.01,36347
3.21,20.50,36360
-5.22,20.76,36371
23.81,20.21,36383
31.78,19.80,36395
16.05,19.45,36407
3.21,21.12,36418
-6.79,21.66,36430
23.36,22.51,36442
35.03,20.99,36454
18.18,21.22,36465
16.81,20.05,36476
3.08,20.24,36489
-8.04,20.76,36500
23.02,20.45,36512
35.09,19.53,36524
16.10,19.63,36536
13.82,19.24,36547
4.59,20.59,36559
-6.48,21.60,36571
22.31,21.36,36583
36.30,20.86,36594
17.91,20.53,36606
16.94,20.03,36618
6.28,21.23,36629
-8.00,20.86,36641
20.48,20.68,36653
37.24,19.74,36665
16.61,19.29,36676
14.46,19.61,36688
7.90,20.25,36700
-8.88,21.57,36712
19.37,20.69,36723
38.12,20.82,36736
20.03,20.80,36747
16.15,21.00,36759
5.41,21.57,36770
-7.52,21.68,36782
-391.75,20.83,36794
12268.36,20.33,36805
13.86,19.28,36817
4.65,19.78,36829
-5.87,20.16,36841
20.84,20.91,36852
33.06,20.29,36865
18.31,20.79,36876
16.66,20.86,36888
9.96,21.58,36899
-3.60,22.28,36912
14.75,22.33,36923
36.22,21.10,36934
23.05,20.48,36946
14.08,19.07,36958
8.51,19.82,36970
-9.00,19.54,36981
11.06,19.89,36994
37.67,19.24,37005
23.50,19.57,37017
11.97,20.42,37028
11.13,21.52,37041
-6.81,23.15,37052
13.38,22.40,37064
41.73,21.76,37075
22.04,21.42,37087
14.19,19.59,37099
10.27,20.25,37110
-9.41,19.81,37123
13.46,19.20,37134
36.51,18.85,37146
20.96,19.24,37157
13.08,19.91,37170
9.77,21.20,37181
14.13,22.59,37193
37.87,22.46,37204
24.16,21.92,37217
16.90,21.18,37228
10.56,20.84,37239
-4.60,20.64,37252
8.48,20.41,37263
33.01,19.40,37275
24.63,18.90,37286
13.14,18.43,37299
10.25,19.72,37310
-5.39,20.47,37322
5.96,21.77,37334
37.46,21.80,37346
28.71,21.73,37357
15.03,21.59,37369
12.33,21.59,37381
-4.91,21.51,37393
6.32,20.97,37404
39.33,19.33,37415
24.75,19.34,37428
9.03,18.21,37439
11.36,19.84,37451
-6.34,20.56,37463
8.48,21.58,37475
37.85,21.61,37486
24.17,22.07,37498
15.23,21.91,37510
15.61,22.24,37522
-4.41,22.49,37533
6.09,21.51,37545
34.06,20.56,37557
25.38,19.55,37568
11.16,18.58,37580
-6.10,19.75,37592
4.73,19.91,37604
31.14,20.73,37615
29.74,20.56,37627
16.55,20.81,37639
13.01,21.52,37651
-3.82,21.81,37662
3.63,22.38,37675
34.27,21.17,37686
30.55,19.81,37698
13.00,19.48,37709
10.48,18.82,37721
-5.12,19.29,37733
2.72,20.46,37744
34.57,19.28,37756
27.27,20.46,37768
11.42,20.00,37780
15.77,20.63,37791
-0.44,21.98,37804
3.64,21.80,37815
31.90,21.63,37827
25.50,20.42,37838
17.03,19.00,37850
17.61,19.51,37862
-3.02,19.21,37873
-2.93,20.05,37885
29.08,18.86,37897
30.57,19.68,37909
17.48,19.65,37920
15.16,20.93,37933
-4.95,22.03,37944
-0.99,21.90,37956
35.17,21.30,37967
15.55,20.82,37980
13.47,19.59,37991
-2.98,20.27,38003
-1.54,19.96,38014
30.96,20.04,38026
28.89,18.76,38038
10.96,19.06,38049
14.91,19.18,38062
1.06,20.45,38073
-1.89,21.80,38085
27.42,21.95,38096
31.43,21.69,38109
16.82,21.20,38120
17.18,20.61,38132
1.36,20.87,38144
-6.85,20.78,38155
24.41,19.47,38167
34.92,19.16,38178
15.26,18.62,38191
13.01,19.33,38202
1.28,20.75,38214
-4.96,21.72,38225
27.11,21.40,38238
37.71,21.43,38249
16.77,20.71,38261
13.51,20.84,38273
3.60,20.56,38285
-3.15,20.63,38296
25.21,19.42,38308
33.86,19.11,38320
14.68,18.62,38331
13.57,19.45,38343
2.30,20.23,38354
26.02,21.36,38367
33.28,20.95,38378
17.19,21.25,38390
18.19,20.83,38402
3.78,21.41,38414
-6.26,21.53,38425
25.59,21.08,38437
32.05,19.81,38449
17.73,19.09,38461
17.14,18.42,38472
0.23,19.06,38483
-10.08,20.40,38496
25.28,20.04,38507
35.46,19.98,38519
17.40,20.86,38531
17.26,20.62,38543
2.95,21.85,38554
-8.45,22.24,38566
29.19,21.10,38578
35.75,20.61,38590
11.19,19.73,38601
16.09,18.95,38614
6.58,19.52,38625
-10.60,19.69,38636
24.17,20.05,38648
34.83,19.81,38660
11.88,20.56,38672
18.27,21.38,38683
9.81,22.08,38695
-9.14,22.95,38707
21.42,21.18,38719
38.82,20.66,38730
17.44,19.29,38743
14.15,19.13,38754
-10.51,19.54,38766
14.85,19.40,38777
38.69,19.08,38789
18.52,19.65,38801
11.32,19.81,38812
8.13,21.74,38824
-5.13,22.53,38836
18.63,23.09,38848
39.55,22.62,38859
19.75,21.43,38872
12.64,20.55,38883
8.67,20.30,38895
-4.63,19.74,38906
14.34,19.44,38919
32.85,18.27,38930
18.62,18.92,38941
13.91,19.05,38953
8.47,20.55,38965
-7.69,21.87,38977
14.26,22.08,38988
38.46,21.67,39001
22.60,21.72,39012
15.96,20.85,39024
10.04,21.32,39035
-10.61,21.70,39048
13.46,19.80,39059
39.55,19.07,39071
19.04,18.76,39083
12.58,19.07,39094
11.15,20.37,39106
-8.54,21.08,39117
13.11,21.56,39130
41.21,21.25,39141
16.21,21.57,39153
13.22,21.91,39164
-8.53,22.12,39177
12.15,22.29,39188
40.59,20.42,39200
22.51,19.47,39212
9.08,18.88,39224
13.16,18.88,39235
-6.93,19.43,39246
7.46,20.39,39259
40.88,20.02,39270
22.63,20.85,39282
11.44,20.90,39293
18.75,22.07,39306
-5.26,22.70,39317
5.86,22.74,39329
39.39,21.08,39341
24.01,20.35,39353
13.59,18.81,39364
14.54,19.36,39376
-10.54,19.62,39388
4.73,19.71,39399
39.02,19.69,39411
25.36,20.25,39422
14.15,20.64,39435
11.87,22.26,39446
-5.16,22.89,39458
11.40,22.54,39470
37.93,21.07,39482
25.71,20.44,39493
11.54,19.40,39505
13.95,19.56,39517
-2.28,19.85,39529
31.12,19.34,39540
25.56,18.68,39552
13.91,19.17,39564
16.59,19.36,39575
-5.35,21.39,39587
2.20,22.81,39599
35.83,22.32,39611
30.21,21.80,39622
18.01,20.74,39634
12.71,20.63,39646
-9.29,20.04,39658
4.21,20.32,39669
34.57,18.68,39681
25.31,18.37,39693
15.04,19.53,39704
9.07,19.25,39716
-4.78,21.84,39728
5.12,22.84,39740
38.69,21.32,39751
27.96,22.68,39763
10.69,20.85,39775
18.96,21.14,39787
-3.95,21.85,39798
-0.79,19.79,39811
39.19,19.64,39822
22.85,18.93,39834
8.80,17.74,39845
24.22,20.40,39857
-8.56,21.00,39869
-4.44,22.36,39880
41.89,22.14,39892
25.40,22.40,39904
16.87,22.10,39916
21.66,22.36,39927
0.88,22.07,39940
33.99,20.78,39951
25.71,19.52,39963
15.23,18.27,39974
11.80,18.34,39987
-3.86,19.41,39998
-0.48,20.79,40009
31.31,21.04,40022
33.45,20.57,40033
11.82,22.02,40045
15.29,21.54,40056
4.89,22.28,40069
-5.75,22.79,40080
33.69,20.95,40092
32.58,19.90,40103
6.60,18.38,40116
18.88,18.47,40127
0.80,19.31,40139
-11.99,20.35,40151
33.16,20.31,40162
32.49,20.61,40174
12.77,20.96,40185
20.98,21.49,40198
-0.07,22.73,40209
-5.51,22.73,40221
31.38,21.33,40232
32.51,20.50,40245
19.60,19.20,40256
12.53,19.74,40268
-3.65,19.65,40280
-2.81,20.27,40292
24.87,19.84,40303
33.84,20.28,40314
11.79,20.61,40327
2.90,21.82,40338
-1.74,23.11,40350
26.07,23.36,40361
36.60,22.06,40374
17.92,21.61,40385
13.39,19.80,40397
6.80,20.44,40409
-6.80,20.41,40421
21.95,19.75,40432
34.60,19.53,40444
17.06,19.57,40456
16.85,19.86,40467
2.17,21.68,40479
-6.91,22.62,40491
27.49,22.82,40503
36.96,21.97,40514
20.27,21.63,40526
16.52,20.84,40538
2.49,20.83,40550
-6.06,20.90,40561
23.61,19.23,40573
33.23,18.78,40585
15.58,18.44,40597
12.95,19.30,40608
4.58,20.78,40620
-3.90,22.26,40632
21.45,22.58,40643
36.28,22.00,40655
20.19,21.53,40667
16.10,21.18,40679
9.03,21.00,40690
-7.81,21.27,40702
17.30,19.21,40714
17.99,19.05,40726
15.59,18.16,40737
5.01,19.29,40750
-12.34,21.11,40761
19.45,21.76,40772
41.21,21.72,40784
21.38,22.06,40796
14.55,21.17,40808
5.46,22.10,40819
-6.96,21.67,40832
20.51,21.17,40843
37.10,19.55,40855
16.39,19.41,40866
12.10,18.63,40879
8.42,19.93,40890
-4.82,20.95,40901
16.90,21.47,40913
35.03,21.26,40925
19.57,21.26,40937
17.84,21.22,40948
11.53,21.88,40961
-9.01,