959538.00
-241700.00
49.24,21.59,1134
4.11,28.27,1136
-6.77,26.61,1147
28.03,24.21,1160
67.15,20.87,1171
25.49,23.00,1183
-1.10,28.88,1195
-13.78,30.34,1207
0.18,27.77,1218
57.60,23.57,1230
51.36,22.01,1242
7.24,26.10,1253
-6.95,29.12,1265
-16.17,26.38,1276
25.11,23.35,1289
63.14,20.13,1300
25.92,23.89,1312
2.60,28.38,1324
-8.66,29.48,1336
-8.75,27.66,1347
49.46,23.25,1359
55.09,24.38,1371
12.28,28.07,1383
3.97,30.78,1394
-14.35,27.49,1405
11.45,23.36,1418
61.16,20.57,1429
34.98,24.00,1441
7.16,28.42,1453
-4.41,27.85,1465
-16.94,26.35,1476
35.86,22.17,1488
63.70,24.57,1500
24.32,29.26,1512
4.41,30.75,1523
-18.94,28.45,1536
64.05,23.06,1547
48.24,21.09,1558
3.85,24.69,1570
-12.48,27.67,1582
-18.38,26.38,1594
34.11,23.27,1605
67.93,20.79,1617
22.22,24.77,1629
-4.53,29.57,1641
-13.75,30.82,1652
3.91,27.94,1665
59.61,23.47,1676
51.95,23.42,1688
3.54,27.13,1699
-4.67,29.35,1711
-10.64,26.38,1723
22.03,22.32,1734
60.68,19.86,1746
29.16,23.56,1758
-2.01,28.27,1770
-7.20,28.13,1781
-4.82,25.97,1794
44.70,22.56,1805
58.58,24.50,1817
15.99,28.55,1828
-0.36,30.79,1841
-13.09,27.58,1852
11.24,23.01,1863
60.59,20.74,1875
41.36,23.75,1887
5.13,27.95,1899
-11.14,26.27,1910
-14.17,23.52,1923
63.34,20.82,1934
23.51,24.04,1946
-0.39,29.39,1957
-19.27,30.69,1970
7.03,27.91,1981
65.84,23.55,1993
48.19,22.54,2004
1.95,26.32,2016
-10.78,28.75,2028
-14.59,25.72,2039
33.09,21.67,2052
62.12,19.02,2063
22.17,23.21,2075
-5.17,28.34,2086
-12.79,29.04,2099
4.39,27.06,2110
53.52,23.57,2122
48.88,24.81,2134
12.53,28.42,2146
-2.74,30.27,2157
-15.76,26.94,2168
23.94,22.41,2181
60.53,19.99,2192
28.51,23.07,2204
3.45,27.40,2215
-11.69,26.06,2228
-10.25,24.09,2239
45.72,21.68,2251
58.09,25.07,2263
15.80,30.33,2275
-1.54,31.66,2286
-15.28,28.87,2298
15.56,23.81,2310
62.48,21.98,2321
5.95,24.89,2333
-13.60,27.53,2344
-15.45,24.95,2357
40.10,21.45,2368
57.89,18.93,2380
16.54,23.33,2392
-0.60,28.76,2404
-17.25,29.55,2415
8.24,27.77,2427
63.84,23.70,2439
40.84,24.75,2451
6.49,28.22,2462
-4.37,29.86,2473
-16.45,26.26,2486
31.92,21.60,2497
62.24,19.40,2509
18.39,23.27,2521
-1.53,27.78,2533
-14.26,27.23,2544
-0.22,25.31,2556
57.88,22.08,2568
48.41,25.07,2580
8.60,29.66,2591
-1.55,30.78,2604
-15.61,27.78,2615
26.69,22.74,2626
62.23,21.34,2638
24.82,24.93,2650
3.11,27.92,2662
-10.35,26.10,2673
-8.88,23.15,2685
47.71,21.00,2697
50.89,24.46,2709
3.06,29.46,2720
-18.83,30.62,2733
14.98,27.55,2744
66.55,23.60,2756
37.05,23.43,2767
6.44,26.86,2779
-8.65,29.05,2791
-18.06,25.32,2802
42.64,21.73,2814
61.72,19.08,2826
14.35,23.71,2838
1.48,28.92,2849
-16.73,28.44,2862
5.09,27.01,2873
65.61,23.35,2885
46.74,25.72,2896
5.19,29.61,2909
-5.50,30.25,2920
-13.72,27.08,2931
34.17,21.63,2944
63.49,19.91,2955
21.15,23.89,2967
-2.53,27.96,2978
-17.46,26.50,2991
1.32,23.94,3002
59.97,21.82,3014
46.54,25.92,3025
9.53,30.63,3038
-0.79,31.17,3049
-16.41,28.19,3060
28.87,23.38,3073
66.26,22.71,3084
25.87,25.60,3096
4.40,27.98,3107
-13.67,25.25,3120
50.70,21.28,3131
56.32,19.43,3143
9.56,24.26,3154
-0.45,29.56,3167
-19.02,30.12,3178
15.55,27.76,3190
72.59,24.08,3202
35.96,25.62,3214
-1.16,28.57,3225
-7.87,29.67,3236
-12.21,25.29,3249
42.82,20.38,3260
57.65,19.47,3272
10.05,23.10,3283
-3.21,28.56,3296
-12.61,27.61,3307
7.34,25.43,3319
61.19,23.80,3331
42.85,25.95,3343
5.40,30.67,3354
-1.01,30.71,3365
-12.83,27.07,3378
30.93,22.14,3389
61.77,20.74,3401
21.44,24.53,3412
-0.82,27.55,3425
-15.51,25.32,3436
-2.39,22.59,3448
54.91,20.89,3460
47.98,25.30,3472
9.16,30.76,3483
0.36,30.69,3495
23.63,27.62,3507
65.16,23.19,3518
28.48,23.30,3530
3.16,26.83,3542
-10.90,28.34,3554
-12.38,24.84,3565
48.72,20.73,3577
55.65,19.41,3589
9.82,23.86,3601
-2.87,29.48,3612
-17.63,28.73,3624
14.54,26.86,3636
67.98,23.55,3648
39.48,26.17,3659
3.30,30.34,3671
-8.17,30.24,3683
-10.67,26.69,3694
43.54,21.49,3706
57.59,20.12,3718
13.54,23.90,3730
-1.61,27.53,3741
-17.92,26.29,3753
6.10,23.49,3765
62.04,21.77,3777
42.04,25.83,3788
6.71,31.17,3801
-1.64,31.29,3812
-14.50,27.54,3823
33.28,23.38,3835
64.78,22.40,3847
21.27,25.81,3859
-0.29,27.66,3870
-14.43,24.17,3883
52.72,21.37,3894
49.77,19.54,3906
11.53,24.58,3917
-3.49,30.49,3930
-19.25,29.45,3941
27.72,27.58,3953
66.45,23.76,3964
31.45,25.07,3976
5.30,28.78,3988
-14.72,28.61,3999
-9.63,25.59,4012
53.79,19.95,4023
54.01,19.30,4035
8.52,23.53,4046
-3.92,27.69,4059
-21.06,27.32,4070
18.05,24.30,4082
69.63,22.89,4093
36.15,26.73,4106
2.40,31.47,4117
-5.74,31.09,4128
-8.00,26.80,4141
47.17,21.66,4152
58.18,20.94,4164
11.84,24.30,4175
-2.87,26.64,4188
-15.75,24.57,4199
7.10,22.42,4211
60.84,21.73,4222
39.95,26.70,4235
9.34,31.95,4246
-0.77,31.13,4258
-12.38,28.18,4270
35.67,22.89,4281
22.80,23.23,4293
2.55,26.66,4304
-19.12,26.98,4317
-5.61,23.44,4328
57.41,19.95,4340
47.06,19.50,4352
6.41,25.12,4364
-2.76,30.34,4375
-19.37,29.03,4387
28.39,26.98,4399
70.18,23.47,4411
28.47,25.63,4422
1.88,30.09,4433
-13.09,28.47,4446
-8.17,25.45,4457
52.87,20.58,4469
54.42,20.16,4481
7.33,25.36,4493
-5.32,28.01,4504
-15.38,26.85,4516
19.49,24.20,4528
65.02,22.04,4540
32.58,26.92,4551
4.86,31.26,4563
-4.99,30.58,4575
-8.39,26.99,4586
46.00,21.77,4598
57.03,22.27,4610
14.02,25.77,4622
3.01,27.30,4633
-17.25,24.83,4645
1.99,21.61,4657
58.92,20.78,4669
7.50,25.87,4680
-3.57,30.99,4692
-17.07,29.99,4704
33.21,27.10,4716
67.64,22.77,4727
26.68,24.98,4739
0.86,28.13,4751
-18.65,27.71,4762
-3.61,24.54,4774
56.72,19.89,4786
50.53,20.12,4798
5.40,24.90,4809
-7.48,28.94,4822
-17.01,28.02,4833
28.85,24.97,4845
68.18,23.08,4856
29.09,26.05,4869
1.20,29.88,4880
-12.22,28.85,4891
-5.23,24.59,4903
53.30,20.57,4915
53.98,21.58,4927
6.97,25.75,4938
-4.65,28.96,4951
-14.35,26.42,4962
15.71,23.48,4974
63.11,22.56,4985
36.29,26.82,4998
2.86,31.61,5009
-5.50,29.23,5021
-6.97,25.93,5032
39.16,21.68,5044
58.01,23.34,5056
-0.28,27.29,5067
-16.07,27.66,5080
4.98,25.54,5091
58.35,21.64,5103
43.25,21.92,5114
9.45,26.74,5127
-5.02,31.12,5138
-16.43,29.09,5150
32.27,25.78,5161
65.09,22.52,5174
26.27,25.07,5185
0.22,29.47,5197
-15.81,28.06,5209
-2.68,24.96,5220
56.12,20.76,5232
51.75,21.52,5243
6.36,26.48,5256
-7.77,29.23,5267
-16.98,27.39,5279
26.94,23.87,5291
66.15,22.28,5303
28.76,26.78,5314
-0.58,30.26,5326
-11.34,28.73,5338
-4.86,25.07,5350
52.18,20.80,5361
52.04,22.91,5373
8.99,26.74,5385
-0.12,27.94,5396
-16.51,25.24,5408
13.99,21.62,5420
62.70,21.84,5432
34.23,26.20,5443
-5.37,30.39,5455
-11.64,28.53,5467
38.80,24.99,5479
60.53,22.22,5490
21.32,24.03,5502
-0.24,28.80,5514
-17.08,28.16,5526
6.09,25.00,5537
57.55,21.20,5549
42.60,21.23,5561
9.71,26.39,5572
-8.45,29.84,5584
-17.08,27.82,5596
36.49,24.79,5608
66.13,22.30,5619
22.16,26.06,5632
0.66,30.48,5643
-13.50,28.62,5655
-0.64,25.23,5666
57.29,21.17,5679
51.04,23.03,5690
5.44,27.58,5702
-5.42,29.15,5713
-13.32,26.76,5725
25.16,23.02,5737
62.11,22.01,5748
31.16,26.31,5761
1.81,30.81,5772
-9.72,28.82,5784
-3.90,25.60,5795
47.61,21.77,5808
53.50,24.16,5819
14.58,28.56,5831
-17.55,28.53,5842
12.23,25.92,5855
61.55,21.73,5866
39.39,21.59,5877
8.65,26.25,5890
-11.81,29.97,5901
-15.85,28.62,5913
44.60,24.92,5924
63.29,22.47,5937
21.59,25.67,5948
-0.32,29.72,5960
-21.67,28.64,5971
4.83,24.63,5984
68.37,20.89,5995
44.24,22.05,6007
-1.63,26.36,6019
-8.43,28.85,6031
-14.29,26.51,6042
37.00,23.58,6053
68.00,22.97,6066
19.84,27.18,6077
-0.19,31.27,6089
-8.87,28.39,6100
1.09,25.15,6113
54.97,21.49,6124
47.85,23.51,6136
7.75,27.63,6148
0.95,27.51,6160
-15.46,25.03,6171
19.83,21.71,6183
59.95,22.16,6195
27.83,27.22,6207
8.87,31.12,6218
-12.00,29.53,6230
50.52,25.50,6242
59.03,22.77,6253
14.11,25.32,6265
1.65,29.33,6277
-21.19,28.07,6289
8.81,24.43,6300
67.38,20.81,6312
37.15,21.75,6324
0.78,27.00,6336
-7.35,30.12,6347
-14.00,27.84,6360
43.70,24.61,6371
64.53,23.15,6382
16.75,26.88,6394
-4.09,31.15,6406
-12.41,28.17,6418
7.68,24.69,6429
60.65,20.73,6441
42.26,22.38,6453
1.73,27.20,6465
-6.16,27.97,6476
-11.99,25.85,6489
32.06,22.80,6500
62.00,22.46,6512
22.76,27.04,6523
2.69,30.99,6536
-11.10,28.50,6547
-1.03,24.88,6558
53.18,21.41,6571
51.28,23.80,6582
10.29,28.24,6594
-2.20,27.28,6605
19.49,24.62,6618
63.25,20.78,6629
30.34,21.82,6641
3.49,27.22,6652
-10.89,30.04,6665
-9.15,28.17,6676
50.96,24.55,6688
59.86,22.37,6700
12.37,26.30,6712
-2.09,29.76,6723
-17.84,27.60,6734
13.07,24.07,6747
65.72,19.42,6758
36.17,21.92,6770
0.71,26.54,6781
-7.94,28.49,6794
-13.39,26.35,6805
40.44,23.16,6817
62.29,23.19,6829
18.33,27.21,6841
1.55,31.30,6852
-14.49,28.16,6864
3.97,24.54,6876
59.32,20.36,6887
43.04,22.60,6899
8.31,27.58,6910
-7.46,27.13,6923
-18.33,25.48,6934
31.40,21.60,6946
66.69,22.85,6958
24.40,28.06,6970
1.62,30.76,6981
-14.75,28.79,6993
60.29,24.69,7005
52.53,22.10,7017
6.14,25.44,7028
-4.19,29.25,7041
-19.55,27.35,7052
21.87,24.13,7063
66.03,19.84,7075
27.14,22.37,7087
-1.69,27.35,7099
-9.84,29.31,7110
-5.39,27.59,7122
51.34,23.97,7134
56.86,23.33,7146
10.17,27.15,7157
0.82,30.37,7170
-13.07,28.32,7181
12.08,24.10,7193
62.11,20.45,7204
34.48,22.96,7216
2.24,26.43,7228
-2.40,27.45,7239
-16.52,25.16,7251
34.80,21.74,7263
61.91,23.27,7275
19.37,27.20,7286
1.33,30.91,7299
-14.22,28.71,7310
0.61,24.45,7322
61.28,22.25,7333
48.81,24.62,7346
6.90,28.56,7357
-8.10,27.62,7369
-20.70,24.19,7380
70.27,20.85,7392
23.94,22.58,7404
-3.26,27.78,7415
-15.90,30.60,7428
-2.07,28.11,7439
60.79,24.21,7451
52.97,23.01,7462
4.37,27.01,7475
-6.13,30.61,7486
-13.98,28.05,7498
25.38,24.73,7510
63.92,21.24,7522
24.40,24.10,7533
-0.12,28.31,7545
-5.06,28.75,7557
-6.02,26.46,7568
46.57,22.64,7580
52.05,23.13,7591
10.40,27.21,7604
4.67,30.30,7615
-11.36,28.11,7627
8.23,24.05,7639
58.27,21.53,7651
37.71,24.57,7662
7.36,28.94,7674
-3.84,28.26,7686
-15.06,25.35,7698
33.45,21.73,7709
59.71,22.65,7720
26.10,27.14,7733
2.11,29.67,7744
-22.13,27.42,7756
2.17,22.99,7768
48.68,21.30,7780
8.68,25.22,7791
-11.57,29.30,7803
-21.20,27.65,7815
36.18,23.55,7827
68.49,20.57,7838
20.32,23.47,7851
-2.99,27.77,7862
-13.57,29.69,7874
1.93,26.35,7885
59.63,23.24,7897
49.35,23.32,7909
4.72,26.64,7920
-0.40,30.43,7932
-12.28,26.94,7944
22.16,23.38,7956
60.13,20.87,7967
26.22,23.75,7980
5.12,28.59,7991
-5.56,27.74,8003
-11.11,25.56,8014
44.55,22.25,8027
56.67,22.92,8038
17.57,27.66,8050
4.08,30.13,8061
-18.97,27.16,8073
5.86,23.42,8085
65.45,20.94,8096
42.78,24.94,8109
5.41,28.98,8120
-10.69,27.57,8132
-20.23,24.48,8143
39.31,20.94,8156
19.12,23.56,8167
-5.13,28.39,8179
-19.01,29.26,8190
4.63,26.39,8203
65.14,22.53,8214
45.67,21.66,8225
-1.00,26.04,8238
-5.13,29.47,8249
-12.78,26.99,8261
31.34,23.93,8272
63.81,20.49,8285
19.92,23.92,8296
-1.03,28.60,8308
-8.88,28.32,8320
-4.09,26.37,8332
51.27,22.21,8343
53.43,23.16,8355
9.77,27.56,8367
-0.10,29.69,8379
-16.28,27.53,8390
14.72,22.97,8401
65.72,20.31,8414
35.75,24.19,8425
-0.32,28.38,8437
-11.73,27.90,8449
-11.38,24.94,8461
46.07,21.41,8472
61.72,24.38,8484
15.56,29.03,8496
-4.45,30.65,8508
-16.64,27.72,8519
12.46,22.93,8531
64.25,21.72,8543
1.79,25.56,8555
-9.34,29.57,8566
-12.74,27.56,8578
37.92,24.75,8590
63.83,21.48,8601
18.32,25.09,8613
-1.28,29.69,8625
-12.63,29.94,8637
4.69,27.20,8648
58.07,22.36,8660
47.06,22.94,8672
4.85,26.49,8684
-6.03,29.52,8695
-14.41,26.97,8708
27.48,22.77,8719
61.34,20.86,8730
25.12,24.65,8742
2.93,29.29,8754
-12.72,28.95,8766
-4.14,26.19,8777
54.43,22.69,8790
50.95,24.07,8801
11.77,28.16,8813
0.72,29.67,8824
-21.11,26.33,8837
16.61,21.99,8848
66.48,20.40,8860
31.05,24.67,8871
1.39,28.83,8884
-10.40,27.28,8895
-12.34,24.33,8906
48.43,21.46,8919
60.61,25.08,8930
-1.75,29.52,8942
-16.85,29.74,8953
14.19,26.43,8966
64.28,21.79,8977
34.84,21.97,8989
2.53,25.50,9000
-7.41,28.79,9013
-16.21,26.59,9024
41.44,22.55,9036
61.42,21.14,9048
15.62,24.46,9059
3.30,29.62,9071
-13.60,29.05,9082
1.46,25.73,9095
61.76,22.35,9106
46.16,23.13,9118
7.49,27.41,9129
-3.62,29.51,9142
-16.13,26.42,9153
26.70,22.58,9165
64.78,21.60,9177
27.19,25.44,9189
-0.68,30.12,9200
-14.52,28.38,9212
-4.22,25.01,9224
54.87,21.72,9235
54.40,23.93,9247
8.14,28.60,9259
-3.82,29.62,9271
-17.03,26.57,9282
19.95,22.61,9294
68.38,22.16,9306
34.84,26.09,9318
-11.59,30.10,9329
-8.46,26.88,9341
45.78,23.26,9353
60.39,20.65,9365
11.81,23.96,9376
-3.83,28.65,9389
-13.53,27.92,9400
13.07,25.35,9411
61.02,22.25,9423
37.41,23.27,9435
5.53,27.59,9447
-4.89,30.04,9458
-14.30,27.50,9470
38.06,23.42,9482
62.80,21.93,9494
19.57,25.34,9505
1.26,29.42,9518
-14.92,27.75,9529
-0.77,24.17,9541
60.21,21.32,9552
47.42,23.54,9564
7.41,28.05,9576
-4.89,29.75,9587
-17.76,26.75,9600
29.18,22.94,9611
66.48,22.37,9623
25.69,26.37,9634
2.08,30.40,9647
-12.90,27.25,9658
-3.59,23.99,9670
54.88,21.07,9681
50.81,24.17,9694
7.35,28.73,9705
-17.07,28.10,9717
21.31,25.74,9729
65.33,21.34,9740
29.21,22.66,9752
4.49,27.22,9763
-8.48,29.99,9776
-12.23,27.88,9787
48.63,23.53,9799
58.19,21.67,9810
12.31,25.09,9823
2.87,29.22,9834
-17.45,27.68,9846
7.89,24.51,9858
63.77,20.89,9870
39.31,22.81,9881
4.31,27.79,9893
-6.85,28.98,9905
-16.58,26.79,9916
38.47,22.93,9928
62.24,21.56,9939
19.78,26.14,9952
1.46,29.26,9963
-18.76,27.44,9975
1.25,23.76,9987
62.67,20.71,9999
46.03,24.16,10010
7.10,28.56,10022
-6.18,29.29,10034
-18.83,26.37,10046
31.83,22.50,10057
65.20,23.01,10070
24.75,26.79,10081
2.27,29.76,10092
-5.68,26.63,10104
54.52,22.73,10116
51.15,21.04,10128
10.01,24.21,10139
-1.73,28.71,10151
-18.74,27.54,10163
20.57,24.75,10175
62.82,21.42,10186
31.43,23.01,10199
4.94,27.79,10210
-10.21,29.60,10222
-9.74,27.04,10233
45.97,22.74,10245
57.70,21.55,10257
16.09,25.55,10268
-1.34,29.24,10280
-18.98,27.23,10292
10.24,23.95,10304
62.74,20.99,10315
40.86,23.91,10328
3.11,28.69,10339
-10.69,29.33,10351
-12.97,26.41,10362
39.57,22.79,10375
63.49,22.84,10386
20.90,26.82,10398
-1.97,29.47,10409
-15.51,26.59,10421
4.91,22.63,10433
58.83,20.48,10444
43.19,24.09,10457
5.17,28.87,10468
-4.35,27.99,10480
29.38,25.65,10491
62.44,22.17,10504
27.12,24.08,10515
3.07,28.77,10527
-11.99,29.95,10539
-4.10,27.36,10551
50.14,22.36,10562
51.93,21.24,10574
10.08,25.22,10586
-3.90,28.99,10597
-16.88,27.53,10609
18.11,23.90,10620
62.91,21.22,10633
35.21,24.34,10644
2.47,28.94,10656
-12.86,30.11,10668
-6.99,26.84,10680
46.87,22.51,10691
58.21,22.58,10703
15.52,26.35,10715
-4.48,29.87,10727
-18.23,26.73,10738
13.47,23.28,10749
62.35,20.53,10762
39.17,24.30,10773
4.10,29.19,10785
-8.19,28.48,10797
-13.43,26.11,10809
39.17,21.78,10820
62.09,23.13,10832
19.06,27.93,10844
-2.34,30.04,10856
-14.40,27.36,10867
57.87,23.47,10880
44.32,21.54,10891
7.35,25.27,10902
-5.47,29.53,10914
-14.33,27.85,10926
29.48,24.97,10938
59.76,21.72,10949
25.17,24.51,10961
7.23,29.19,10973
-11.46,29.80,10985
-3.99,27.50,10996
52.84,23.23,11009
51.42,22.50,11020
13.38,26.70,11032
-0.34,29.19,11043
-20.85,27.54,11055
16.56,23.59,11067
65.50,20.45,11078
35.17,24.68,11090
4.12,28.56,11102
-11.82,29.37,11114
-12.45,26.37,11125
47.70,22.46,11138
61.51,24.12,11149
16.35,27.36,11161
-2.65,30.21,11172
-17.28,26.52,11185
11.22,22.68,11196
61.95,21.18,11207
39.48,24.58,11219
3.74,29.26,11231
-10.09,27.75,11243
-11.91,25.28,11254
38.46,22.30,11267
20.14,24.43,11278
0.50,29.74,11290
-13.04,30.18,11301
2.82,27.56,11314
58.11,23.21,11325
47.67,22.03,11337
7.27,26.42,11348
-4.25,29.28,11360
-16.71,26.93,11372
25.12,23.52,11383
64.87,20.09,11396
28.39,24.09,11407
0.38,28.99,11419
-11.71,29.24,11430
-5.79,26.75,11443
52.94,22.39,11454
55.72,22.99,11466
12.61,27.24,11478
-3.73,30.14,11490
-18.18,27.31,11501
19.60,23.67,11512
65.14,21.14,11525
32.65,24.88,11536
2.22,29.36,11548
-12.42,28.24,11559
-11.30,25.62,11572
49.18,21.55,11583
59.84,23.37,11595
12.14,28.44,11607
-3.53,29.78,11619
-16.38,27.34,11630
13.65,23.41,11642
63.94,21.90,11654
2.69,26.41,11665
-7.08,29.56,11677
-12.33,27.53,11688
37.76,24.66,11701
57.84,20.91,11712
19.78,24.39,11724
4.27,28.45,11736
-15.84,29.07,11748
1.62,26.74,11759
59.29,22.10,11771
45.72,22.75,11783
10.46,26.63,11795
-4.23,29.28,11806
-21.03,27.19,11817
26.37,23.31,11830
65.63,21.07,11841
25.83,24.93,11853
0.27,28.85,11865
-13.46,28.35,11877
-4.74,25.72,11888
55.11,21.13,11900
51.88,23.81,11912
7.60,27.55,11924
-4.36,29.16,11935
-14.67,26.81,11948
22.09,21.78,11959
62.38,21.92,11970
28.10,24.98,11982
2.73,28.58,11994
-7.73,27.24,12006
-6.47,23.77,12017
42.00,21.22,12029
53.94,23.43,12041
1.45,27.68,12053
-16.10,28.83,12064
8.99,25.84,12077
58.97,21.92,12088
40.98,22.11,12100
9.00,26.37,12111
-7.80,30.15,12123
-16.92,27.56,12135
36.04,23.76,12146
62.94,21.43,12158
25.11,24.68,12170
-2.95,29.51,12182
-19.93,28.80,12193
5.14,25.42,12206
62.75,21.65,12217
47.85,23.02,12229
7.24,27.54,12240
-10.36,29.80,12253
-15.26,26.66,12264
36.78,22.47,12275
61.37,21.23,12288
22.48,25.01,12299
0.10,29.45,12311
-14.88,27.63,12322
0.35,24.89,12335
53.17,21.81,12346
48.80,23.94,12358
12.29,28.70,12369
-1.74,29.29,12382
-16.25,26.64,12393
20.42,22.89,12405
61.38,21.70,12417
34.54,26.03,12428
8.27,29.58,12440
-15.85,27.60,12451
49.52,24.44,12464
59.24,21.23,12475
16.67,24.69,12487
0.04,29.20,12498
-23.45,29.09,12511
11.99,26.08,12522
68.95,22.43,12534
40.05,23.21,12546
3.91,27.54,12558
-10.09,29.97,12569
-16.43,27.13,12580
41.62,22.82,12593
65.44,20.99,12604
16.89,24.86,12616
-4.23,29.36,12627
-14.73,27.34,12640
4.74,24.65,12651
60.17,21.71,12663
45.22,24.34,12675
5.96,29.03,12687
-4.49,29.95,12698
-13.55,27.54,12710
30.37,22.52,12722
61.62,21.95,12733
24.71,25.46,12745
2.63,28.99,12756
-12.99,27.03,12769
-4.85,23.12,12780
50.92,20.92,12792
54.16,24.15,12804
11.26,28.78,12816
-1.61,29.28,12827
18.85,26.16,12839
62.63,22.17,12851
35.50,22.52,12863
2.04,26.51,12874
-12.94,29.53,12886
-8.01,26.54,12898
46.58,23.02,12909
53.13,20.47,12921
13.68,24.62,12933
1.95,28.95,12945
-16.86,28.24,12956
9.95,25.53,12968
63.72,21.99,12980
36.37,24.03,12992
6.60,27.71,13003
-0.36,29.70,13016
-15.75,26.96,13027
33.46,22.29,13038
62.52,21.18,13050
19.24,24.43,13062
0.41,28.62,13074
-14.62,27.42,13085
-1.70,24.03,13097
57.86,21.98,13109
49.70,24.67,13121
8.52,29.28,13132
-4.65,30.13,13145
-18.29,26.49,13156
28.26,22.54,13168
67.40,22.42,13179
25.01,25.94,13191
-0.68,29.20,13203
-12.17,26.39,13214
53.68,22.74,13227
53.54,21.30,13238
6.82,25.05,13250
-0.25,30.00,13261
-12.71,28.71,13274
17.52,25.88,13285
64.57,22.14,13297
30.79,23.53,13308
2.77,27.21,13321
-5.00,29.27,13332
-11.65,26.50,13343
44.05,22.43,13356
57.95,21.69,13367
13.75,25.17,13379
3.02,30.13,13390
-16.65,28.38,13403
4.70,25.24,13414
64.65,22.39,13426
42.66,24.40,13437
5.69,29.50,13450
-3.50,29.67,13461
-17.67,26.81,13473
34.09,22.56,13485
66.58,21.71,13496
21.04,26.10,13508
-0.88,29.54,13519
-16.55,27.49,13532
-2.49,23.72,13543
62.30,21.23,13555
51.37,24.96,13566
4.89,30.32,13579
-7.90,29.44,13590
-17.25,26.59,13602
69.54,22.52,13614
23.81,23.27,13626
-2.52,27.52,13637
-13.51,29.35,13648
-1.81,26.17,13661
55.10,22.39,13672
48.69,20.56,13684
7.08,24.48,13696
-2.66,29.14,13708
-14.12,28.11,13719
21.83,25.61,13731
59.17,22.29,13743
31.29,24.63,13755
8.89,28.70,13766
-8.35,29.41,13778
-11.64,26.56,13790
41.80,22.02,13802
54.25,21.15,13813
18.21,25.02,13825
4.10,28.86,13837
-18.60,27.02,13848
3.83,24.04,13860
60.84,21.64,13872
44.53,25.16,13884
9.05,30.30,13895
-8.95,29.44,13907
-16.50,26.26,13919
34.92,21.54,13931
64.32,22.00,13942
24.17,26.01,13954
-4.01,28.19,13966
-21.55,25.77,13977
1.01,22.03,13989
58.97,21.09,14001
5.38,25.78,14013
-9.19,31.11,14024
-13.04,29.62,14036
33.44,26.68,14048
63.12,22.34,14060
22.80,24.13,14071
0.39,27.39,14084
-9.90,28.39,14095
-2.88,25.03,14106
47.39,20.90,14118
46.07,20.52,14130
10.47,24.78,14142
-0.16,29.64,14153
-12.17,28.42,14166
16.38,25.95,14177
59.33,23.31,14189
38.42,25.75,14200
10.48,30.07,14213
-10.28,29.64,14224
-13.31,26.22,14236
40.83,21.47,14247
58.68,20.85,14259
21.59,25.22,14271
-1.78,28.34,14282
-23.53,26.46,14295
6.08,23.32,14306
66.23,21.85,14318
47.78,26.38,14329
5.64,31.02,14342
-10.31,29.86,14353
-12.80,26.66,14365
39.60,22.16,14376
66.02,23.66,14389
-4.80,26.97,14400
-16.44,28.24,14412
5.94,25.22,14424
57.19,21.19,14435
42.69,21.13,14447
7.34,25.40,14458
-0.54,30.31,14471
-14.26,28.82,14482
29.56,25.76,14494
63.02,23.14,14505
26.06,24.70,14518
8.90,29.32,14529
-10.09,29.37,14541
-11.12,26.01,14553
52.68,22.02,14564
53.43,20.81,14576
10.82,25.59,14587
-0.45,29.25,14600
-20.41,27.31,14611
14.13,24.68,14623
69.71,22.41,14635
36.22,26.20,14647
2.59,30.72,14658
-8.72,29.47,14670
-10.31,25.99,14682
47.20,22.09,14694
59.21,22.89,14705
11.30,26.70,14716
-1.44,28.67,14729
-16.48,25.88,14740
9.59,23.21,14752
62.73,22.23,14764
38.21,27.01,14776
-1.05,31.65,14787
-14.40,29.83,14799
33.13,26.77,14811
63.29,22.34,14823
20.96,23.81,14834
2.35,28.07,14846
-14.12,27.84,14858
-4.24,25.32,14870
54.86,21.43,14881
48.96,21.57,14893
10.61,26.52,14905
-4.23,30.45,14916
-18.89,29.02,14928
25.76,25.47,14940
67.03,22.65,14952
30.04,25.74,14963
2.43,30.04,14976
-14.18,28.80,14987
-6.63,25.12,14999
54.64,20.56,15010
53.83,21.00,15022
5.82,25.57,15034
-3.15,28.50,15045
-18.57,26.78,15057
16.68,23.52,15069
69.29,22.61,15081
34.27,27.43,15092
-0.61,31.74,15105
-2.61,30.16,15116
-6.80,26.49,15128
44.17,21.91,15139
58.80,23.58,15152
12.16,26.18,15163
-1.49,27.22,15174
5.96,24.49,15186
55.79,20.79,15198
39.98,21.81,15210
9.85,26.51,15221
-1.97,31.74,15234
-13.59,30.25,15245
33.74,26.88,15257
64.81,23.81,15268
26.55,25.64,15281
3.36,28.97,15292
-16.19,27.94,15304
-5.36,24.09,15315
56.16,19.41,15327
49.85,20.23,15339
7.48,25.39,15350
-7.28,29.88,15363
-19.37,27.82,15374
28.16,25.15,15386
68.53,23.53,15397
29.19,27.57,15410
3.95,31.46,15421
-11.90,29.52,15433
-7.18,25.70,15444
52.72,20.48,15457
51.09,21.52,15468
8.70,25.40,15479
0.43,26.88,15492
-21.39,25.22,15503
14.82,21.94,15515
64.76,22.51,15526
32.00,27.89,15539
6.45,32.77,15550
-4.08,30.93,15562
46.47,27.35,15574
64.01,23.00,15586
16.84,24.77,15597
0.51,27.79,15609
-18.88,26.68,15621
2.23,23.85,15633
61.02,19.13,15644
43.40,20.24,15655
6.73,25.94,15668
-6.91,29.85,15679
-17.31,29.44,15691
38.50,26.01,15703
66.85,23.86,15715
24.49,27.36,15726
2.31,30.28,15738
-17.87,28.87,15750
-0.55,24.29,15762
60.76,19.13,15773
45.46,21.03,15784
4.02,24.98,15797
-3.16,27.99,15808
-17.80,26.32,15820
26.86,23.26,15832
65.96,23.64,15844
28.33,27.74,15855
7.36,32.07,15867
-7.42,30.40,15879
-7.69,26.26,15891
49.97,21.85,15902
53.87,23.18,15915
12.98,26.77,15926
0.29,26.92,15938
-20.01,24.31,15949
62.19,20.35,15961
38.46,21.16,15973
5.98,26.76,15984
-9.67,31.67,15996
-11.54,30.48,16008
44.38,26.49,16020
63.46,23.74,16031
20.46,25.95,16044
-2.45,29.29,16055
-20.71,27.76,16067
9.14,23.69,16078
60.27,19.98,16090
39.11,21.02,16102
5.58,25.99,16113
-8.75,29.76,16125
-16.62,27.86,16137
40.25,25.00,16149
61.78,24.00,16160
21.84,27.60,16173
6.28,31.51,16184
-13.17,28.89,16196
-0.79,24.50,16207
55.00,20.40,16220
43.73,21.61,16231
9.10,25.42,16242
-0.43,27.22,16254
-21.10,25.15,16266
20.99,21.80,16278
63.76,22.39,16289
29.91,27.09,16302
6.90,31.84,16313
-10.93,29.31,16325
-10.38,25.19,16336
49.31,21.75,16349
13.76,23.49,16360
-4.58,27.69,16372
-22.78,27.04,16384
12.61,24.11,16396
65.63,20.25,16407
37.48,21.23,16418
2.41,26.84,16431
-10.78,30.60,16442
-11.62,28.63,16454
45.62,25.15,16465
62.94,22.93,16478
15.33,26.60,16489
-1.53,30.21,16501
-13.37,28.22,16513
5.85,24.95,16525
57.48,20.41,16536
42.25,22.40,16547
4.21,26.98,16560
-5.67,28.82,16571
-14.40,27.07,16583
30.28,23.02,16594
62.81,22.65,16607
26.86,26.86,16618
2.34,30.74,16630
-13.41,28.97,16642
-2.53,24.72,16654
52.32,21.38,16665
53.35,23.26,16677
12.82,27.32,16689
-7.41,28.04,16700
-19.39,25.15,16712
23.17,21.69,16723
64.68,22.77,16736
1.78,27.60,16747
-11.67,30.99,16759
-6.57,28.38,16771
52.25,24.67,16783
57.18,22.07,16794
10.19,25.40,16806
-0.93,28.86,16818
-14.70,27.54,16830
13.74,24.37,16841
61.21,20.87,16852
34.70,22.65,16865
5.13,27.28,16876
-4.81,29.92,16888
-11.57,27.93,16900
39.59,24.17,16912
59.70,23.24,16923
22.32,26.73,16935
1.37,30.59,16947
-16.04,27.94,16959
4.84,24.06,16970
58.02,20.49,16983
43.88,22.79,16994
8.07,27.59,17006
-6.13,28.77,17017
-17.68,26.61,17029
32.13,22.36,17041
63.82,22.56,17052
24.59,27.22,17064
3.25,30.82,17076
-12.95,28.31,17088
-4.05,24.09,17099
54.33,21.02,17112
51.50,24.11,17123
-4.25,27.89,17135
-17.94,27.66,17146
22.33,24.82,17159
63.51,21.06,17170
31.11,22.57,17181
4.27,27.32,17193
-13.45,30.21,17205
-8.13,27.81,17217
50.48,23.64,17228
57.04,22.09,17241
14.17,25.66,17252
-3.40,29.46,17264
-17.15,27.69,17275
14.61,24.11,17288
61.16,20.54,17299
34.99,23.03,17311
4.20,27.28,17323
-9.53,29.50,17334
-12.29,27.33,17346
39.82,23.52,17357
59.19,23.68,17370
20.70,27.30,17381
2.45,31.12,17393
-15.85,28.48,17404
4.49,24.37,17417
56.27,21.56,17428
44.19,23.70,17440
10.74,28.19,17452
-6.20,28.64,17464
-19.33,25.49,17475
29.75,22.08,17486
62.68,23.03,17499
27.28,27.62,17510
3.65,30.89,17522
-5.58,28.05,17533
58.01,24.13,17546
52.75,21.93,17557
9.68,25.49,17569
-3.67,29.24,17581
-17.95,27.74,17593
19.48,24.68,17604
66.51,21.26,17616
33.33,23.80,17628
0.16,28.76,17639
-10.18,30.17,17651
-5.82,27.51,17662
48.45,23.11,17675
57.47,22.37,17686
14.16,26.16,17698
-3.89,29.56,17710
-16.57,27.28,17722
14.99,23.52,17733
61.41,20.82,17745
36.34,23.39,17757
5.06,28.23,17769
-6.85,28.57,17780
-14.24,25.88,17792
38.76,22.22,17804
60.15,22.60,17815
18.09,27.26,17827
2.69,30.22,17839
-12.55,27.65,17851
0.95,23.64,17862
58.72,21.12,17874
46.01,24.60,17886
8.26,28.77,17898
-3.81,27.83,17909
27.66,25.02,17922
65.15,20.62,17933
26.02,22.91,17944
2.00,27.64,17956
-15.30,30.09,17968
-4.77,27.75,17980
57.82,23.80,17991
55.20,22.61,18003
9.24,26.11,18015
-3.73,30.28,18027
-17.62,28.15,18038
20.92,24.72,18051
67.06,21.26,18062
30.82,23.72,18074
-0.34,29.14,18085
-9.42,29.66,18097
-4.58,26.79,18109
48.76,23.16,18120
55.25,22.55,18132
13.03,27.15,18144
0.55,30.07,18156
-15.38,27.78,18167
11.15,23.86,18180
59.98,20.67,18191
35.08,24.28,18203
8.67,28.82,18214
-4.35,28.24,18227
-19.62,25.39,18238
36.96,22.09,18249
61.16,23.36,18262
20.64,27.89,18273
4.55,30.70,18285
-16.32,28.06,18296
61.98,24.20,18309
48.41,22.02,18320
7.09,25.45,18332
-4.38,29.66,18343
-19.69,27.47,18356
27.69,24.30,18367
66.52,20.83,18379
24.38,23.58,18391
1.67,28.41,18402
-12.15,29.85,18414
-3.33,27.52,18425
54.32,23.41,18438
51.21,22.94,18449
11.06,26.85,18461
-1.16,29.77,18472
-17.60,27.76,18485
20.88,23.68,18496
60.67,21.01,18508
30.01,24.14,18520
7.31,28.33,18532
-8.96,28.53,18543
-11.66,25.64,18554
42.70,22.35,18567
55.23,23.20,18578
18.33,27.35,18590
5.47,30.46,18601
-17.98,27.69,18614
5.35,23.63,18625
61.44,21.11,18637
43.79,24.67,18649
9.16,28.91,18661
-10.25,27.36,18672
-19.60,24.06,18684
35.72,19.98,18696
24.76,22.60,18707
-1.55,27.30,18719
-19.61,29.76,18731
3.91,27.04,18743
62.13,22.98,18754
47.99,22.10,18766
6.05,25.72,18778
-5.04,29.94,18790
-16.41,27.28,18801
30.27,23.55,18813
63.75,20.55,18825
22.72,23.39,18837
2.48,28.11,18848
-11.44,28.37,18860
-5.03,25.96,18872
53.34,22.11,18883
50.92,22.48,18895
12.25,26.95,18907
2.89,29.58,18919
-16.73,27.49,18930
14.99,23.43,18942
65.35,20.53,18954
35.91,24.41,18966
4.22,28.14,18977
-10.08,27.71,18990
-14.25,24.64,19001
42.49,20.93,19012
59.48,23.15,19024
19.83,27.30,19036
-0.33,30.02,19048
-20.96,27.04,19059
10.73,23.05,19072
64.17,21.72,19083
6.52,25.02,19095
-6.85,29.25,19106
-18.65,27.43,19119
38.94,24.22,19130
63.67,21.04,19142
16.82,23.94,19153
3.27,28.29,19165
-13.10,29.41,19177
-2.73,26.82,19188
60.12,22.93,19201
44.80,22.95,19212
7.49,26.82,19224
-0.08,30.28,19235
-17.75,27.70,19248
22.26,23.83,19259
63.79,21.27,19271
26.61,24.31,19282
6.11,28.90,19295
-8.97,28.02,19306
-11.04,25.64,19317
47.74,21.66,19330
56.23,22.61,19341
15.60,27.38,19353
1.11,29.92,19364
-22.41,27.80,19377
12.52,23.58,19388
67.30,22.04,19400
36.59,25.68,19411
5.77,29.97,19424
-9.75,28.18,19435
-16.15,24.61,19447
44.29,20.78,19459
63.04,22.96,19470
-1.46,27.47,19482
-15.75,29.07,19493
7.30,26.79,19506
62.88,22.65,19517
43.25,22.33,19529
3.16,26.17,19540
-4.59,30.16,19553
-11.50,28.08,19564
31.52,24.11,19576
59.99,21.54,19588
24.25,24.09,19600
1.52,28.80,19611
-10.69,28.94,19622
-0.98,26.29,19635
51.83,22.68,19646
50.24,22.54,19658
14.64,27.15,19670
-2.86,30.28,19682
-19.22,27.46,19693
22.46,23.81,19705
65.09,21.04,19717
32.31,24.97,19729
4.70,29.26,19740
-13.00,28.10,19752
-9.48,25.17,19764
48.78,21.53,19775
57.09,23.62,19787
16.45,28.02,19799
0.44,30.09,19811
-18.89,27.41,19822
14.15,23.02,19834
66.97,21.99,19846
38.81,25.59,19858
4.58,29.67,19869
-14.24,27.19,19881
41.12,23.98,19893
61.87,21.53,19905
17.46,24.25,19916
0.32,28.66,19928
-14.23,28.96,19940
5.48,26.69,19951
59.54,22.62,19963
45.47,22.98,19975
7.75,26.93,19987
-3.30,29.97,19998
-14.00,27.54,20011
29.73,23.56,20022
63.53,21.63,20034
25.75,25.31,20045
2.92,29.42,20058
-12.42,28.96,20069
-2.82,25.99,20080
53.91,22.14,20092
51.87,23.76,20104
10.54,27.81,20116
-2.87,30.27,20127
-17.20,27.12,20140
19.63,22.85,20151
63.90,21.75,20163
32.78,25.41,20174
1.66,29.89,20187
-11.09,28.01,20198
-7.51,24.91,20210
45.59,21.71,20221
56.75,23.70,20233
15.74,28.41,20245
-4.45,28.84,20256
12.18,26.33,20269
60.11,22.37,20280
38.86,22.06,20292
3.81,26.96,20303
-8.71,29.86,20316
-11.70,27.60,20327
38.28,23.89,20339
59.65,21.21,20350
19.27,24.85,20363
-0.09,28.83,20374
-16.49,28.64,20385
5.84,25.90,20398
58.81,21.38,20409
44.64,23.32,20421
7.63,27.49,20432
-3.96,29.94,20445
-13.39,27.42,20456
29.74,23.51,20468
61.14,21.84,20480
24.49,25.38,20492
3.01,29.43,20503
-11.60,28.50,20515
-3.65,25.59,20527
53.49,21.92,20538
52.66,24.22,20550
12.90,29.02,20561
-1.62,30.39,20574
-18.23,27.54,20585
19.58,22.88,20597
64.89,22.01,20609
32.21,26.28,20621
2.87,29.70,20632
-10.28,27.68,20644
46.35,23.89,20656
60.14,21.10,20668
16.05,24.03,20679
-1.58,28.79,20690
-18.12,29.35,20703
10.25,26.39,20714
63.58,22.82,20726
41.36,23.21,20738
6.18,27.42,20750
-7.68,30.38,20761
-15.63,27.01,20773
39.07,23.25,20785
61.50,20.55,20797
19.57,24.28,20808
1.98,28.84,20820
-17.22,27.85,20832
1.14,25.85,20843
62.08,22.21,20855
45.02,24.46,20867
7.33,28.92,20879
-2.00,30.72,20890
-18.00,27.98,20902
30.15,23.10,20914
66.97,21.74,20926
23.89,24.95,20937
1.51,28.65,20950
-12.60,26.33,20961
-7.38,23.17,20973
50.23,20.84,20984
52.68,24.13,20996
9.75,29.42,21008
-0.04,30.41,21019
-14.93,27.94,21031
19.89,23.74,21043
33.60,23.31,21055
5.43,27.08,21066
-10.88,29.27,21079
-13.88,26.64,21090
45.12,22.16,21102
57.55,19.50,21113
15.61,23.82,21126
-0.53,28.61,21137
-16.54,28.63,21148
8.22,26.55,21160
64.16,22.70,21172
41.52,24.68,21184
5.81,28.62,21195
-6.71,30.13,21208
-12.04,26.59,21219
35.84,21.70,21231
59.97,20.27,21242
20.83,23.63,21255
-1.01,28.09,21266
-15.75,26.69,21278
5.40,24.23,21289
56.40,22.08,21301
43.57,25.08,21313
14.18,30.14,21324
-1.97,31.28,21337
-16.88,28.38,21348
30.15,23.24,21360
60.74,21.87,21371
26.77,25.18,21384
5.89,28.03,21395
-14.86,25.57,21407
-9.13,22.31,21419
48.91,20.07,21431
14.27,24.13,21442
-1.64,29.28,21453
-18.37,30.32,21466
18.71,27.62,21477
65.33,23.72,21489
36.78,24.14,21500
5.12,27.33,21513
-11.61,29.53,21524
-12.55,25.71,21536
43.99,21.50,21548
56.54,19.71,21560
13.71,23.87,21571
-0.38,28.78,21583
-17.15,28.16,21595
8.79,25.99,21606
64.96,22.89,21618
42.45,25.45,21629
5.11,29.59,21642
-2.99,30.67,21653
-16.16,27.20,21665
31.57,21.81,21677
65.47,20.61,21689
20.65,23.80,21700
-2.35,27.75,21712
-12.28,25.69,21724
-2.40,23.13,21736
51.86,21.34,21747
52.73,25.12,21758
10.94,30.42,21771
-3.50,31.43,21782
-12.23,28.38,21794
22.23,23.63,21806
64.27,23.02,21818
2.70,25.84,21829
-15.63,28.37,21841
-11.05,24.87,21853
48.94,21.19,21865
57.87,19.12,21876
10.53,23.38,21889
-5.32,29.51,21900
-17.84,29.22,21911
16.36,27.53,21923
68.17,23.83,21935
38.77,25.48,21947
1.37,29.48,21958
-7.36,30.23,21970
-10.73,26.39,21982
40.54,21.44,21994
57.48,19.91,22005
14.44,23.29,22018
-0.88,27.63,22029
-13.20,26.36,22041
4.23,24.31,22052
57.16,22.20,22064
43.77,25.58,22076
9.23,30.70,22087
-0.51,31.29,22099
-13.66,28.47,22111
28.52,23.26,22123
63.49,21.85,22134
26.10,25.43,22147
0.09,28.10,22158
-17.10,25.70,22170
-4.49,22.04,22181
54.89,19.96,22194
52.54,24.70,22205
10.43,29.82,22216
-16.34,30.08,22228
27.75,27.62,22240
66.11,23.65,22252
30.42,24.40,22263
2.30,27.91,22276
-11.09,29.51,22287
-6.17,26.12,22299
49.09,21.62,22310
50.97,19.48,22323
10.05,23.43,22334
1.15,28.22,22346
-15.74,27.74,22358
13.37,26.05,22369
61.50,23.28,22381
36.92,25.87,22392
9.92,30.56,22405
-3.38,31.10,22416
-11.98,27.90,22428
36.93,23.07,22439
58.77,21.34,22452
21.15,25.22,22463
1.33,28.25,22475
-19.64,26.06,22487
0.35,23.23,22499
57.25,20.33,22510
44.89,24.76,22521
10.28,29.84,22534
-5.04,30.05,22545
-18.37,27.60,22557
30.97,23.00,22568
63.96,23.41,22581
27.13,27.34,22592
1.87,29.00,22604
-5.51,26.23,22616
54.79,22.15,22628
49.32,19.96,22639
7.14,24.17,22651
-3.77,28.84,22663
-17.57,28.10,22674
20.95,25.58,22686
65.72,21.80,22697
30.97,24.24,22710
2.29,28.67,22721
-8.13,29.63,22733
-7.86,26.73,22745
43.76,22.04,22757
55.62,20.61,22768
14.40,24.92,22780
-0.26,28.24,22792
-15.33,27.13,22804
8.23,24.51,22815
60.66,21.48,22827
41.88,24.92,22839
8.04,29.11,22850
-7.09,30.01,22862
-17.24,26.95,22874
38.68,22.19,22886
65.94,21.87,22897
21.32,25.76,22909
-1.43,28.75,22921
-18.05,25.98,22933
0.43,22.62,22944
61.99,20.26,22957
48.53,24.91,22968
2.95,29.41,22979
-4.20,29.14,22991
29.40,26.67,23003
65.24,22.12,23015
24.96,24.14,23026
3.25,27.54,23038
-9.89,29.34,23050
-6.20,26.26,23062
50.25,21.77,23073
50.98,20.92,23086
9.67,24.85,23097
2.81,29.27,23109
-18.89,28.42,23120
13.56,25.32,23133
67.91,22.62,23144
35.56,24.56,23155
2.68,29.03,23168
-7.86,29.65,23179
-14.14,25.94,23191
44.34,22.05,23202
62.78,21.30,23215
14.22,26.13,23226
-4.15,29.47,23238
-15.81,26.56,23249
9.08,23.83,23262
61.46,21.27,23273
40.22,25.48,23284
5.51,29.68,23297
-5.83,29.24,23308
-14.13,26.71,23320
40.20,21.55,23331
61.76,22.38,23344
16.25,26.26,23355
4.26,28.51,23367
-14.57,25.94,23378
57.44,22.18,23391
44.48,20.65,23402
7.45,24.98,23414
0.61,29.78,23426
-16.86,28.98,23437
24.44,26.03,23449
63.44,22.00,23460
28.28,23.70,23473
5.84,27.67,23484
-13.03,28.52,23496
-10.63,25.27,23507
49.36,21.04,23520
53.07,20.45,23531
11.77,25.20,23543
-1.11,29.50,23555
-20.27,28.12,23567
13.22,25.51,23578
68.43,22.21,23589
36.97,25.41,23602
2.67,29.34,23613
-9.71,28.66,23625
-14.60,25.36,23636
44.72,20.08,23649
60.70,20.68,23660
11.49,25.05,23672
-2.64,28.28,23684
-15.71,26.58,23696
7.94,23.45,23707
61.57,22.26,23719
43.56,26.13,23731
5.74,30.63,23742
-3.53,29.53,23754
-11.78,25.94,23766
32.12,21.50,23778
22.98,22.45,23789
3.42,25.93,23801
-15.29,27.72,23813
-3.67,25.43,23825
53.04,21.47,23836
48.60,21.13,23848
12.65,25.90,23860
-2.02,30.83,23872
-20.11,29.64,23883
22.09,26.19,23896
68.89,22.80,23907
32.46,25.10,23918
3.37,28.26,23930
-13.39,28.62,23942
-11.51,24.26,23954
50.63,20.50,23965
57.54,20.89,23977
10.58,25.42,23989
-3.80,30.19,24001
-19.49,27.90,24012
18.34,25.08,24025
71.32,23.02,24036
36.14,26.19,24047
1.20,30.64,24059
-5.40,28.76,24071
-10.95,25.34,24083
42.67,21.19,24094
58.47,21.71,24107
11.73,25.76,24118
1.67,28.18,24130
-13.69,26.31,24141
4.29,23.24,24154
61.41,22.79,24165
8.14,27.25,24177
1.04,32.02,24188
-16.90,29.82,24200
31.68,26.02,24212
64.88,21.88,24223
22.39,22.73,24236
3.42,26.61,24247
-15.02,27.14,24259
-9.15,24.46,24270
56.66,20.84,24283
49.98,20.66,24294
7.53,25.96,24306
-0.76,30.74,24317
-17.47,28.64,24330
21.95,25.46,24341
68.80,22.45,24353
29.67,25.08,24365
1.07,29.13,24376
-9.83,27.53,24388
-10.57,24.36,24399
46.57,19.97,24412
54.84,20.75,24423
9.89,25.81,24435
-0.86,28.71,24446
-18.38,27.36,24459
12.14,23.74,24470
66.71,22.58,24482
36.32,26.18,24494
4.94,30.57,24506
-4.50,28.64,24517
-12.95,24.76,24528
39.33,20.58,24541
60.08,21.55,24552
-0.78,26.06,24564
-16.13,27.41,24576
3.68,25.29,24588
58.59,21.94,24599
44.07,21.71,24611
8.71,26.69,24623
-3.13,31.16,24635
-15.84,29.42,24646
33.46,25.70,24658
65.03,21.77,24670
23.82,24.08,24681
3.30,27.56,24693
-14.37,28.12,24705
-6.07,24.75,24717
56.06,20.87,24728
50.14,21.91,24740
8.49,26.39,24752
0.71,30.76,24764
-16.83,28.25,24775
20.17,25.39,24787
67.47,23.18,24799
31.00,26.32,24811
4.60,30.18,24822
-7.10,28.67,24834
-12.49,25.37,24846
44.07,21.02,24857
60.08,21.97,24869
14.42,26.60,24881
1.27,29.22,24893
-19.24,27.25,24904
8.91,23.57,24916
66.30,22.81,24928
42.37,27.46,24940
5.91,31.03,24951
-16.65,29.06,24963
40.36,24.79,24975
65.40,21.05,24986
15.71,23.34,24998
-1.42,26.73,25010
-15.81,27.65,25022
1.24,24.73,25033
60.52,21.60,25046
44.92,22.28,25057
5.58,27.03,25069
0.80,31.31,25080
-15.59,29.17,25093
28.90,25.63,25104
65.50,22.75,25116
23.65,25.19,25127
4.66,29.16,25139
-10.60,27.75,25151
-7.74,24.20,25162
51.23,20.55,25175
50.16,21.31,25186
11.34,25.83,25198
1.29,29.33,25209
-21.58,27.08,25222
17.80,24.10,25233
65.74,22.69,25245
32.61,26.14,25256
7.92,30.68,25269
-8.70,28.39,25280
-15.65,24.55,25291
47.36,20.48,25304
59.31,21.96,25315
12.77,26.71,25327
-1.39,27.90,25338
9.06,25.60,25351
63.81,22.45,25362
39.44,22.26,25374
4.85,27.22,25385
-5.01,31.17,25398
-10.39,28.40,25409
37.17,25.13,25421
57.12,20.95,25433
21.03,23.61,25444
2.05,27.98,25456
-14.91,27.06,25467
3.02,25.12,25480
51.69,20.98,25491
42.02,22.19,25503
12.44,27.22,25515
-2.39,30.52,25527
-16.67,29.25,25538
28.52,25.07,25550
60.08,22.63,25562
29.55,25.82,25574
8.03,29.39,25585
-17.37,28.13,25596
-9.51,24.35,25609
51.29,20.01,25620
51.91,21.89,25632
16.60,26.73,25644
-1.85,28.93,25656
-23.50,27.02,25667
20.60,23.96,25679
68.15,23.45,25691
34.37,27.75,25703
6.19,30.84,25714
-10.57,29.12,25725
49.58,24.84,25738
58.85,20.89,25749
10.87,23.66,25761
0.68,26.98,25773
-16.51,27.62,25785
7.04,25.16,25796
62.98,21.22,25808
38.40,22.81,25820
5.39,27.18,25832
0.21,30.88,25843
-12.78,28.64,25856
31.69,24.98,25867
63.29,22.49,25879
24.54,24.86,25890
6.84,28.95,25902
-14.25,27.76,25914
-4.96,24.82,25925
53.88,20.33,25937
50.97,22.05,25949
10.87,27.29,25961
-3.38,30.07,25972
-21.55,28.07,25985
26.48,24.16,25996
70.53,22.63,26008
31.43,26.87,26019
2.88,30.25,26032
-13.73,28.33,26043
-9.90,24.31,26054
52.64,20.03,26066
57.62,22.53,26078
8.66,26.47,26090
-5.49,28.03,26101
-16.66,25.86,26114
17.29,22.23,26125
34.62,22.59,26137
5.05,27.21,26148
-5.43,30.95,26161
-10.37,28.35,26172
41.38,24.53,26184
57.39,21.23,26195
17.05,24.09,26207
4.03,28.08,26219
-16.72,27.50,26230
0.80,24.95,26243
60.27,20.66,26254
44.07,22.04,26266
6.60,26.92,26277
-4.85,30.06,26290
-19.98,28.62,26301
32.78,24.28,26313
67.76,22.73,26324
24.00,26.04,26337
1.85,29.55,26348
-14.74,27.89,26359
-1.86,24.19,26372
57.70,20.43,26383
47.15,22.52,26395
5.84,27.13,26406
-0.59,29.19,26419
-16.79,26.96,26430
23.35,23.36,26442
65.91,22.91,26454
27.66,26.75,26466
3.78,30.37,26477
-6.31,27.92,26488
-8.76,24.14,26501
45.70,20.58,26512
13.55,23.19,26524
-0.10,26.93,26535
-18.68,27.60,26548
10.42,25.30,26559
62.41,21.37,26571
37.96,22.72,26583
6.90,27.07,26595
-7.82,30.47,26606
-16.54,28.03,26618
42.28,23.71,26630
64.32,21.69,26641
15.40,24.65,26653
-0.63,28.90,26664
-14.66,27.37,26677
1.87,24.67,26688
60.96,20.98,26700
44.13,22.79,26712
3.03,27.45,26724
-3.87,29.70,26735
-13.89,27.60,26747
29.26,23.74,26759
66.00,22.79,26771
25.69,26.61,26782
1.94,30.47,26793
-9.90,28.18,26806
-3.76,24.46,26817
51.01,20.75,26829
53.21,23.25,26841
9.93,27.90,26853
-3.69,28.75,26864
-16.64,26.22,26876
18.73,22.35,26888
66.73,22.93,26900
3.76,27.13,26911
-8.70,30.74,26924
-10.48,27.80,26935
46.76,23.78,26947
59.19,21.23,26958
15.71,23.66,26970
-1.55,28.53,26982
-19.64,27.53,26993
9.62,24.97,27005
62.90,21.28,27017
42.90,22.09,27029
6.10,27.57,27040
-13.76,30.14,27053
-17.11,27.80,27064
42.32,24.05,27076
65.13,21.86,27087
19.93,26.38,27099
-0.45,30.45,27111
-18.62,28.15,27122
5.32,24.57,27134
65.42,20.63,27146
41.92,22.87,27158
3.07,27.04,27169
-2.37,28.51,27182
-17.23,26.02,27193
31.31,22.92,27205
65.20,22.80,27216
23.72,27.34,27229
3.23,30.87,27240
-8.44,28.41,27251
-4.06,25.26,27264
53.87,21.53,27275
51.49,24.44,27287
10.94,28.43,27298
-18.87,27.37,27311
16.78,25.52,27322
64.55,21.16,27334
32.30,22.60,27345
4.82,27.54,27358
-7.89,29.79,27369
-11.47,28.00,27381
43.54,23.75,27393
63.22,21.71,27404
15.68,25.42,27416
-4.47,28.79,27427
-16.70,27.70,27440
9.70,24.52,27451
61.73,20.50,27463
40.77,22.96,27474
1.51,27.62,27487
-8.88,29.29,27498
-12.05,26.48,27510
40.72,22.78,27522
60.16,22.50,27534
17.95,27.15,27545
0.76,30.79,27556
-11.24,28.16,27569
3.30,24.99,27580
56.76,21.34,27592
44.83,24.35,27603
6.60,28.88,27616
-0.80,29.23,27627
-13.26,27.27,27639
24.33,22.28,27651
63.52,22.68,27663
28.57,27.27,27674
4.00,29.94,27686
-7.48,27.79,27698
50.96,23.79,27709
55.60,21.31,27721
12.68,25.59,27732
-0.13,30.02,27745
-19.39,29.44,27756
16.70,26.29,27768
66.38,21.73,27780
34.14,23.20,27792
2.09,27.27,27803
-9.39,28.92,27815
-13.73,26.56,27827
45.67,22.91,27839
61.19,22.04,27850
15.01,26.45,27862
0.41,30.38,27874
-15.73,29.14,27885
8.21,25.64,27897
62.68,21.55,27909
41.55,24.03,27921
3.42,28.64,27932
-7.64,28.97,27944
-12.91,25.68,27956
36.28,22.18,27968
62.49,22.09,27979
21.34,26.65,27992
2.44,30.12,28003
-13.52,27.56,28014
-0.87,24.38,28026
57.00,21.24,28038
46.75,24.25,28050
9.40,28.95,28061
-1.39,27.90,28073
24.26,25.35,28085
66.85,21.62,28097
27.56,22.57,28108
4.49,27.59,28121
-12.87,29.30,28132
-10.18,26.96,28144
54.34,23.10,28155
58.20,21.30,28167
12.58,25.56,28179
-3.69,29.43,28190
-19.58,27.87,28203
18.92,24.67,28214
67.05,20.79,28226
33.78,23.59,28237
2.23,27.85,28250
-10.13,28.85,28261
-7.56,26.02,28273
44.18,22.09,28284
56.32,21.87,28297
16.89,26.08,28308
0.49,29.84,28319
-14.83,27.36,28332
8.96,24.26,28343
57.53,21.01,28355
41.15,24.05,28366
9.89,28.81,28379
-6.74,28.63,28390
-17.75,26.38,28402
33.17,21.58,28413
61.88,22.67,28426
25.83,27.26,28437
0.48,29.48,28449
-18.08,27.10,28461
1.01,22.79,28472
47.60,20.62,28484
9.27,24.75,28495
-6.97,28.88,28508
-18.85,28.20,28519
27.88,25.49,28531
64.68,21.54,28542
27.55,24.30,28555
3.15,28.41,28566
-13.06,30.11,28578
-5.56,26.82,28590
52.63,22.22,28602
50.20,21.45,28613
10.11,24.99,28624
0.53,28.87,28637
-16.57,27.17,28648
13.86,24.22,28660
61.73,21.08,28672
35.19,24.42,28684
7.35,28.84,28695
-6.78,29.48,28707
-14.20,26.90,28719
40.04,22.39,28731
59.52,22.60,28742
19.93,26.68,28754
3.14,29.73,28766
-18.17,27.07,28777
3.61,23.14,28789
59.48,20.92,28801
45.14,24.76,28813
9.43,29.05,28824
-6.32,28.75,28836
-20.19,25.54,28848
33.56,21.57,28860
23.38,23.03,28871
2.41,27.67,28883
-15.14,29.85,28895
-3.42,26.81,28907
58.47,23.27,28918
49.08,21.36,28930
8.72,25.58,28942
-1.93,29.38,28953
-20.21,27.54,28965
22.72,24.45,28977
63.84,20.90,28989
27.08,23.78,29000
6.54,28.29,29012
-9.26,29.28,29024
-11.90,26.70,29036
50.54,22.43,29047
56.46,22.14,29060
12.69,26.33,29071
1.39,29.90,29082
-19.57,27.69,29094
10.22,24.38,29106
66.16,21.55,29118
38.58,24.63,29129
5.35,29.56,29142
-7.67,28.63,29153
-15.94,26.33,29165
40.71,21.80,29176
62.44,22.60,29189
16.73,26.91,29200
-0.04,28.88,29212
-18.59,27.11,29223
3.87,22.99,29235
62.95,21.63,29247
7.10,25.99,29258
-5.09,30.11,29271
-17.87,29.04,29282
33.54,25.49,29294
64.44,21.91,29305
23.98,24.48,29318
1.89,28.42,29329
-13.32,30.04,29341
-2.79,27.06,29352
55.94,22.78,29365
48.65,22.37,29376
9.34,26.08,29387
0.47,30.03,29400
-17.81,27.87,29411
21.32,24.55,29423
64.11,22.02,29434
28.45,24.75,29447
6.42,29.21,29458
-6.63,29.07,29470
-12.19,26.42,29481
45.54,22.19,29494
56.48,22.69,29505
17.17,26.92,29517
3.87,29.85,29529
-19.29,27.92,29540
7.93,23.23,29552
64.00,21.85,29563
39.94,25.32,29576
8.54,29.90,29587
-7.45,28.94,29599
-17.14,25.23,29611
41.29,21.95,29623
62.16,23.55,29634
17.86,27.40,29646
-17.07,30.15,29658
0.99,27.01,29670
65.24,23.04,29681
44.62,22.33,29692
6.03,25.88,29705
-2.71,30.46,29716
-19.08,27.66,29728
29.65,24.26,29740
64.42,20.73,29752
23.06,23.44,29763
4.94,27.61,29775
-13.68,28.36,29787
-5.83,26.23,29799
55.59,22.14,29810
51.23,22.53,29822
10.76,26.79,29834
1.33,30.61,29845
-16.50,28.30,29857
19.63,24.03,29869
65.32,22.08,29881
31.32,24.83,29892
5.56,28.89,29904
-6.77,28.28,29916
-11.79,24.49,29928
44.17,21.49,29939
53.97,22.35,29952
16.19,26.92,29963
4.10,30.24,29975
-18.31,27.67,29986
8.51,24.32,29998
63.66,22.70,30010
40.67,26.49,30021
8.85,30.49,30033
-18.36,28.07,30045
35.27,24.61,30057
63.58,20.34,30068
20.87,22.62,30081
0.76,27.29,30092
-14.34,28.74,30104
-0.07,26.73,30115
58.73,23.21,30127
50.39,23.37,30139
8.36,27.79,30150
-5.77,31.60,30162
-14.42,29.12,30174
29.60,25.12,30186
62.39,22.11,30197
26.78,24.77,30210
3.14,28.81,30221
-13.92,28.42,30233
-5.34,25.68,30244
51.37,21.93,30257
50.78,23.14,30268
11.77,27.56,30279
2.01,30.68,30291
-18.44,28.23,30303
16.06,24.42,30315
65.46,22.51,30326
34.18,25.97,30339
6.94,29.93,30350
-5.77,28.15,30362
-15.42,24.88,30373
41.24,20.42,30386
62.06,22.58,30397
16.68,27.20,30409
-1.59,29.00,30420
4.56,26.82,30432
65.60,22.89,30444
45.33,22.56,30455
2.33,27.22,30468
-7.45,30.67,30479
-13.23,28.27,30491
36.93,24.20,30502
63.95,20.41,30515
18.93,23.06,30526
-3.28,27.43,30538
-14.21,27.77,30550
3.19,25.57,30562
56.61,21.74,30573
46.24,22.80,30584
8.28,27.69,30597
-1.25,30.55,30608
-14.10,28.15,30620
23.19,24.00,30631
61.93,21.68,30644
28.20,24.98,30655
4.61,28.87,30667
-12.05,27.83,30679
-9.22,24.67,30691
47.56,20.74,30702
56.32,22.38,30714
14.20,26.78,30726
-2.61,29.64,30737
-18.51,27.30,30749
15.14,23.64,30760
64.11,22.24,30773
40.39,26.38,30784
3.01,30.49,30796
-8.54,28.60,30808
40.18,25.24,30820
61.31,21.25,30831
16.89,23.58,30843
-3.60,27.47,30855
-15.74,28.29,30867
7.14,25.55,30878
59.91,21.55,30889
41.31,22.19,30902
5.63,26.27,30913
-4.41,30.28,30925
-14.80,28.48,30937
33.88,24.75,30949
63.10,22.38,30960
22.05,25.08,30972
3.49,28.89,30984
-11.39,28.27,30996
-3.92,24.70,31007
51.79,21.27,31020
49.53,22.24,31031
12.05,26.92,31042
-2.29,29.74,31054
-19.20,27.51,31066
20.71,23.68,31078
66.22,22.18,31089
29.17,25.69,31101
4.48,30.08,31113
-11.52,28.04,31125
-12.26,24.68,31136
50.67,20.86,31149
57.45,23.14,31160
8.99,27.51,31172
0.63,29.13,31183
-16.53,26.54,31195
12.01,22.39,31207
36.70,22.56,31218
3.53,26.20,31230
-4.56,30.41,31242
-11.85,27.85,31254
39.25,24.17,31265
58.04,21.55,31278
16.97,24.01,31289
3.13,28.52,31301
-14.32,28.23,31312
-0.39,25.40,31325
58.55,21.52,31336
45.95,22.06,31347
8.24,27.59,31360
-3.26,30.67,31371
-19.29,28.16,31383
29.22,24.83,31394
67.89,21.71,31407
26.33,25.96,31418
1.83,29.55,31430
-15.53,28.32,31441
-5.73,25.18,31454
55.64,20.81,31465
52.20,23.86,31477
12.40,28.10,31489
-1.83,30.36,31500
-19.07,28.57,31512
24.03,24.29,31523
66.29,23.23,31536
32.65,26.91,31547
5.55,30.42,31559
-10.81,28.60,31570
-10.27,24.45,31583
49.04,21.17,31594
10.82,23.96,31606
0.72,28.92,31618
-14.05,30.14,31630
10.14,27.32,31641
64.32,23.72,31652
41.32,23.86,31665
5.57,27.68,31676
-5.29,30.69,31688
-10.56,27.43,31699
36.96,23.63,31712
58.97,21.02,31723
23.17,24.36,31735
4.93,28.42,31747
-17.94,28.29,31759
0.80,25.65,31770
61.28,21.88,31782
46.54,23.60,31794
10.17,28.15,31805
-3.94,30.56,31817
-20.99,27.38,31828
30.85,23.59,31841
67.66,21.82,31852
23.87,25.62,31864
0.49,29.09,31876
-12.13,26.88,31888
-6.43,24.32,31899
53.89,20.48,31911
51.96,23.43,31923
8.99,28.61,31935
-1.49,29.22,31946
-15.78,27.43,31958
16.84,23.19,31970
64.76,22.87,31981
4.83,27.29,31993
-8.96,29.63,32005
-12.72,27.51,32017
42.81,23.41,32028
58.57,20.12,32040
16.93,23.76,32052
-1.66,27.88,32064
-19.14,28.08,32075
8.14,25.60,32088
64.95,21.92,32099
43.28,23.83,32110
5.94,28.13,32122
-7.82,30.41,32134
-13.61,27.36,32146
37.50,22.71,32157
64.54,21.02,32169
18.25,24.50,32181
-2.45,28.71,32193
-11.74,27.47,32204
3.75,24.45,32217
56.69,21.15,32228
47.49,24.09,32240
4.92,28.69,32251
-3.35,30.04,32263
-11.33,27.54,32275
25.83,22.89,32286
60.62,22.33,32299
28.75,25.97,32310
3.65,29.73,32322
-11.93,27.59,32333
-6.62,24.06,32346
48.21,20.82,32357
53.16,23.94,32369
0.09,28.70,32380
-20.90,28.83,32393
14.43,26.45,32404
66.10,22.29,32415
37.97,23.49,32428
4.61,27.94,32439
-12.67,30.30,32451
-12.87,27.92,32462
46.72,23.34,32475
61.80,20.99,32486
15.98,24.73,32498
-5.05,28.38,32509
-17.28,27.82,32522
10.20,24.64,32533
63.87,21.13,32545
41.29,24.14,32557
3.57,27.96,32568
-5.66,29.90,32580
-11.27,27.18,32591
38.70,22.96,32604
60.64,22.53,32615
17.28,25.77,32627
4.27,29.53,32638
-10.24,27.60,32651
-1.73,24.15,32662
54.00,21.72,32674
48.39,24.39,32686
12.46,29.29,32698
0.86,29.43,32709
-16.97,26.59,32720
22.09,22.62,32733
64.22,22.69,32744
32.93,26.93,32756
5.82,30.02,32768
-8.65,27.45,32780
52.97,23.25,32791
58.09,21.05,32803
15.34,24.48,32815
-4.11,29.22,32827
-21.61,28.27,32838
18.25,25.19,32850
67.71,21.41,32862
35.09,23.05,32873
0.94,27.63,32885
-9.66,29.94,32897
-11.28,27.19,32909
48.31,23.02,32920
59.87,21.74,32932
10.63,25.36,32944
-0.06,29.56,32956
-12.77,27.22,32967
7.17,23.93,32979
60.00,20.78,32991
39.80,23.62,33003
3.83,28.48,33014
-1.02,29.63,33026
-11.59,27.72,33038
29.69,23.34,33049
62.40,22.95,33061
24.78,26.78,33073
2.09,29.80,33085
-13.38,27.06,33096
-4.42,22.72,33108
53.62,20.03,33120
52.22,23.30,33132
8.87,27.98,33143
-4.60,28.73,33156
22.70,26.25,33167
66.24,22.95,33178
32.69,24.13,33190
1.65,28.42,33202
-12.55,31.25,33214
-6.18,27.59,33225
47.70,23.14,33238
53.98,20.97,33249
11.55,24.16,33261
-5.55,28.48,33272
-17.02,26.83,33285
16.81,24.52,33296
61.16,21.36,33308
33.29,24.21,33319
4.94,28.78,33331
-5.33,30.64,33343
-9.21,28.25,33354
39.85,24.12,33367
58.08,23.04,33378
18.54,26.12,33390
1.62,29.27,33401
-13.49,26.31,33414
2.91,22.78,33425
55.60,20.14,33437
44.03,23.05,33448
8.22,28.65,33461
-5.07,29.19,33472
-15.20,27.11,33483
29.83,23.67,33496
62.72,23.90,33507
27.42,28.11,33519
4.55,30.22,33530
-17.64,26.90,33543
55.95,22.19,33554
48.84,19.54,33566
7.49,23.44,33577
-4.78,28.18,33590
-19.63,27.84,33601
23.23,25.18,33613
66.33,22.70,33625
31.35,24.99,33636
3.68,29.48,33648
-7.69,31.43,33659
-7.57,27.43,33672
47.85,23.25,33683
54.95,21.37,33695
13.37,24.58,33707
-1.67,28.79,33719
-19.74,26.32,33730
11.44,23.93,33742
63.15,21.47,33754
38.97,24.41,33766
7.68,30.39,33777
-6.92,30.35,33788
-13.54,27.81,33801
42.20,23.40,33812
63.43,22.24,33824
18.23,26.22,33836
-1.58,28.55,33848
-17.89,25.99,33859
2.82,22.29,33871
60.81,20.15,33883
43.80,23.94,33895
5.26,29.35,33906
-3.32,29.05,33918
-14.85,26.69,33930
63.18,23.07,33941
23.51,24.07,33953
5.15,28.11,33965
-11.84,29.67,33977
-6.99,26.35,33988
52.92,22.00,34000
47.96,20.37,34012
10.71,24.43,34024
2.01,29.45,34035
-19.59,28.17,34048
19.46,25.95,34059
67.54,22.67,34071
33.65,24.89,34082
7.82,29.68,34094
-8.03,29.89,34106
-16.28,26.72,34117
45.47,21.67,34129
62.30,20.62,34141
16.05,25.14,34153
-3.11,28.55,34164
-21.86,27.23,34177
9.87,23.89,34188
66.20,21.98,34200
41.43,26.05,34211
4.45,30.50,34224
-8.42,30.32,34235
-11.93,26.35,34246
41.46,22.16,34258
57.78,22.00,34270
16.48,25.38,34282
2.36,27.81,34293
-15.59,25.00,34306
0.66,21.84,34317
57.79,20.78,34329
9.03,25.15,34340
2.13,30.67,34353
-18.62,29.81,34364
25.76,27.20,34376
67.45,23.46,34387
27.54,24.86,34399
5.33,28.42,34411
-12.70,29.13,34422
-11.75,25.40,34435
51.00,20.76,34446
54.02,19.66,34458
10.48,23.57,34469
-3.13,28.44,34482
-21.52,26.84,34493
15.53,24.77,34505
67.35,22.54,34516
34.43,25.76,34529
4.82,30.64,34540
-7.74,30.15,34551
-13.16,27.34,34564
46.30,22.09,34575
62.94,21.73,34587
12.22,26.02,34598
-1.85,28.59,34611
-17.91,26.11,34622
5.93,22.76,34634
64.72,20.97,34646
41.20,25.73,34658
2.83,30.79,34669
-3.72,30.11,34680
-11.26,27.42,34693
34.79,22.39,34704
63.04,23.81,34716
2.37,27.32,34727
-10.42,28.58,34740
-2.19,25.77,34751
52.48,21.54,34763
48.66,20.50,34775
10.93,25.29,34787
0.06,29.62,34798
-17.17,28.98,34810
22.89,25.99,34822
65.26,22.06,34834
32.47,24.45,34845
4.25,28.55,34856
-12.94,29.17,34869
-10.88,25.92,34880
48.87,21.56,34892
59.20,20.95,34904
14.26,25.28,34916
-3.54,28.91,34927
-20.60,27.41,34939
14.00,23.73,34951
67.10,21.40,34963
40.06,25.12,34974
4.39,30.04,34985
-13.25,30.21,34998
-11.85,26.28,35009
46.82,22.33,35021
62.51,22.65,35033
16.86,26.38,35045
-4.10,29.32,35056
-17.67,25.72,35068
7.45,22.34,35080
59.72,20.85,35092
39.50,24.67,35103
-1.33,30.00,35116
-13.08,28.18,35127
31.00,26.26,35139
61.80,22.52,35150
21.97,24.31,35162
3.97,28.11,35174
-8.77,28.88,35185
-7.04,26.43,35197
48.10,21.56,35209
53.40,20.66,35221
11.49,24.47,35232
-4.59,28.62,35245
-18.17,27.22,35256
19.48,23.77,35268
62.93,21.30,35279
34.67,24.78,35291
5.51,29.19,35303
-14.17,30.01,35314
-9.35,26.59,35326
50.86,22.40,35338
57.13,22.63,35350
14.75,25.99,35361
-1.39,28.61,35374
-20.27,25.76,35385
10.00,22.09,35397
66.13,20.35,35408
36.45,24.17,35421
1.67,28.97,35432
-3.43,28.73,35443
-12.48,25.95,35456
37.48,22.59,35467
63.35,24.54,35479
17.38,28.20,35490
-10.00,29.65,35503
2.93,26.36,35514
55.98,22.23,35526
45.06,21.13,35537
6.18,24.44,35550
-0.97,28.81,35561
-16.85,27.24,35573
23.33,23.97,35585
64.69,21.61,35597
29.24,24.07,35608
3.63,29.08,35619
-11.97,29.86,35632
-9.96,26.82,35643
54.47,22.60,35655
58.54,22.15,35666
10.31,26.48,35679
-5.47,29.56,35690
-19.46,26.80,35702
18.70,23.19,35714
69.36,20.39,35726
33.27,24.78,35737
-1.16,29.33,35748
-8.67,29.11,35761
-8.25,26.40,35772
47.69,21.84,35784
58.54,23.43,35795
12.60,27.19,35808
0.72,29.64,35819
-13.94,27.19,35831
9.84,23.16,35843
60.25,21.48,35855
38.89,24.97,35866
4.96,29.26,35878
-3.00,28.34,35890
33.03,25.35,35901
61.53,22.15,35913
23.08,24.41,35924
5.19,29.07,35937
-16.27,30.46,35948
-1.40,27.40,35960
59.21,23.40,35972
51.37,22.41,35984
10.57,26.48,35995
-5.90,29.72,36007
-22.24,27.50,36019
27.44,23.59,36031
68.96,20.45,36042
27.76,23.98,36054
-0.21,28.61,36066
-13.61,28.78,36077
-7.73,26.10,36089
57.90,22.21,36101
56.58,23.37,36113
6.50,27.68,36124
-3.38,30.11,36136
-12.77,27.02,36148
16.95,22.76,36160
64.22,20.53,36171
31.08,24.52,36184
-0.70,28.96,36195
-4.85,27.49,36206
-9.32,25.27,36218
39.91,21.46,36230
58.45,23.48,36242
15.90,28.23,36253
1.13,29.05,36265
-13.65,27.04,36277
57.43,22.54,36289
42.77,21.39,36300
7.59,26.09,36313
-3.61,29.54,36324
-17.59,28.15,36336
29.91,24.58,36347
63.89,20.83,36359
24.51,23.93,36371
1.26,28.24,36382
-15.68,29.49,36395
-1.51,26.46,36406
57.41,22.16,36418
51.19,22.30,36429
9.26,26.36,36442
-5.11,29.55,36453
-20.98,27.09,36465
25.83,23.40,36476
66.03,21.02,36489
27.66,25.04,36500
3.63,29.23,36511
-11.60,28.99,36524
-8.54,26.51,36535
52.18,21.84,36547
54.63,23.68,36558
12.26,27.58,36571
0.15,29.40,36582
-17.64,26.84,36594
14.78,22.33,36605
62.00,21.31,36618
36.20,25.21,36629
7.71,29.03,36641
-9.30,27.95,36653
-15.78,24.60,36664
59.88,21.59,36676
20.15,23.82,36687
3.28,28.96,36700
-19.30,30.23,36711
4.87,27.05,36723
65.36,22.70,36734
42.43,21.66,36747
5.98,25.62,36758
-5.28,28.72,36770
-18.33,26.58,36782
32.71,23.28,36794
63.96,20.74,36805
22.04,24.56,36816
4.76,29.34,36829
-11.75,29.25,36840
-3.66,26.86,36852
57.57,22.83,36864
49.95,23.32,36876
8.58,27.26,36887
4.27,29.55,36899
-18.55,27.03,36911
16.75,22.95,36923
64.31,21.11,36934
32.21,24.75,36946
5.74,29.62,36958
-8.99,28.26,36969
-12.76,25.23,36981
46.39,22.11,36993
61.02,23.81,37005
17.06,28.69,37016
-1.51,30.11,37028
-18.23,27.39,37040
12.72,23.34,37052
39.19,21.89,37063
4.41,25.82,37075
-11.78,29.39,37087
-16.82,27.33,37099
42.91,23.70,37110
61.17,21.07,37122
15.52,24.57,37134
1.44,29.46,37145
-13.78,29.95,37157
3.31,26.86,37169
61.74,22.88,37181
43.99,22.87,37192
2.61,26.55,37204
-0.63,29.51,37216
-14.82,26.14,37228
24.28,22.73,37239
61.65,20.41,37252
25.73,24.01,37263
3.96,29.20,37274
-8.92,28.04,37286
-8.42,26.32,37298
49.22,22.40,37310
53.63,23.61,37321
14.07,28.60,37334
1.08,30.10,37345
-19.56,27.93,37357
11.76,23.18,37368
65.20,21.20,37381
38.72,25.47,37392
2.54,29.25,37404
-13.59,27.93,37415
-12.81,24.63,37427
44.49,21.18,37439
62.60,24.58,37450
-2.82,28.72,37463
-15.86,30.13,37474
14.00,27.06,37486
64.04,22.90,37497
38.51,22.39,37510
4.00,25.83,37521
-6.13,28.77,37533
-15.96,26.26,37544
36.60,22.32,37557
59.80,20.10,37568
17.87,23.62,37579
5.19,29.08,37592
-11.73,29.32,37603
-2.55,26.33,37615
58.05,23.23,37626
48.95,23.97,37639
7.99,27.87,37650
0.40,30.22,37662
-17.06,26.75,37673
21.14,22.76,37686
62.59,20.64,37697
27.53,24.05,37709
5.64,28.68,37721
-10.62,27.27,37732
-10.48,25.33,37744
50.17,22.37,37755
56.47,24.52,37768
15.61,29.53,37779
3.01,30.86,37791
-20.82,28.15,37803
11.68,23.03,37815
70.42,21.29,37826
38.23,25.10,37838
-11.14,28.45,37850
-15.75,26.25,37862
43.23,22.91,37873
64.28,20.55,37884
14.71,24.88,37897
-1.25,29.67,37908
-12.01,30.21,37920
8.96,27.50,37932
62.18,22.89,37944
43.30,23.54,37955
3.16,26.76,37967
-1.82,29.54,37979
-14.61,26.70,37991
28.76,22.57,38002
60.56,20.65,38014
21.90,23.90,38026
4.45,29.06,38037
-10.56,28.60,38049
-5.02,26.17,38061
54.17,23.02,38073
52.67,24.33,38084
12.08,28.77,38096
-1.33,30.72,38108
-18.44,27.26,38120
20.05,23.24,38131
64.57,20.77,38144
30.63,24.65,38155
3.26,28.79,38167
-13.43,27.59,38178
-12.44,24.52,38190
49.24,21.57,38202
57.74,24.66,38213
13.02,28.84,38225
-18.35,30.04,38237
10.74,26.77,38249
64.86,22.73,38260
35.92,22.47,38273
5.12,25.68,38284
-5.65,29.12,38296
-16.86,26.46,38307
37.76,22.98,38320
61.87,21.04,38331
15.38,23.85,38342
3.13,29.46,38354
-14.14,28.79,38366
-1.21,26.03,38378
58.11,22.26,38389
48.80,22.99,38402
7.70,27.71,38413
-3.45,29.55,38425
-18.33,26.57,38436
26.69,22.48,38449
64.63,20.34,38460
25.29,24.42,38472
0.69,29.06,38483
-11.86,27.62,38495
-7.02,25.13,38507
53.16,21.26,38518
54.43,23.94,38531
10.25,28.66,38542
-0.44,29.82,38554
-15.08,26.71,38565
15.05,22.31,38578
62.83,20.94,38589
34.71,25.18,38601
5.43,29.38,38612
-10.89,27.49,38625
41.23,24.81,38636
58.18,20.88,38647
18.02,23.78,38660
3.20,28.75,38671
-17.82,29.17,38683
9.19,26.62,38694
61.75,22.67,38707
41.31,22.71,38718
9.25,27.04,38730
-5.71,29.89,38742
-17.91,27.13,38754
34.19,23.23,38765
61.23,20.28,38777
22.77,24.09,38789
2.33,28.46,38800
-17.51,27.97,38812
-0.64,25.44,38823
56.98,22.14,38836
47.58,23.92,38847
13.46,28.41,38859
-4.35,30.56,38871
-19.98,27.90,38883
31.28,23.56,38894
63.50,21.90,38906
25.41,25.10,38918
8.46,29.22,38930
-15.38,27.20,38941
-12.01,23.73,38952
56.86,21.01,38965
51.64,24.00,38976
10.54,28.53,38988
3.79,29.87,39000
-19.08,27.17,39012
65.67,23.25,39023
34.57,23.04,39035
7.51,26.74,39047
-6.33,30.02,39059
-15.23,26.91,39070
40.70,22.99,39083
59.61,20.62,39094
17.67,23.99,39105
1.26,28.82,39117
-18.33,28.79,39129
6.22,26.23,39141
61.79,22.56,39152
44.73,23.72,39164
7.91,28.09,39176
-4.78,30.20,39188
-18.87,26.96,39199
33.62,22.56,39212
66.17,20.50,39223
20.54,24.26,39234
-0.58,28.55,39246
-13.23,26.96,39258
-0.78,24.46,39270
54.43,21.35,39281
47.99,24.30,39293
10.01,28.52,39305
0.66,30.29,39317
-14.75,27.52,39328
21.01,22.92,39341
62.55,22.30,39352
29.78,25.89,39364
7.47,29.31,39375
-9.95,27.00,39387
-12.51,23.64,39399
57.86,20.65,39410
16.30,23.64,39422
0.05,28.73,39434
-20.82,29.13,39446
9.61,26.63,39457
66.71,22.77,39470
42.79,23.06,39481
2.35,27.29,39493
-8.80,29.52,39504
-14.26,26.84,39517
39.14,22.24,39528
62.89,20.00,39539
17.72,23.66,39552
-4.87,28.08,39563
-15.61,27.72,39575
5.43,24.95,39586
60.25,22.28,39599
46.35,24.78,39610
5.36,29.30,39622
-3.17,31.27,39633
-11.99,27.62,39646
29.53,23.23,39657
61.65,21.47,39669
22.44,24.34,39681
1.23,28.47,39692
-7.35,26.24,39704
-5.43,23.86,39715
45.68,21.26,39728
52.84,24.27,39739
13.74,29.74,39751
1.68,30.60,39762
-13.83,28.22,39775
14.25,24.05,39786
41.74,23.12,39798
4.73,27.06,39810
-13.85,29.68,39822
-13.05,27.12,39833
43.37,23.32,39844
61.37,20.45,39857
17.59,24.07,39868
-3.84,28.76,39880
-19.25,28.76,39891
11.36,26.60,39904
64.61,23.33,39915
43.32,24.90,39927
3.59,29.58,39939
-6.18,31.37,39951
-12.34,27.66,39962
37.03,23.03,39974
61.25,20.23,39986
18.21,23.73,39997
-0.88,27.60,40009
-13.41,26.63,40020
-2.42,24.36,40033
53.11,21.35,40044
47.89,24.55,40056
12.07,29.43,40068
0.40,30.79,40080
-17.82,28.39,40091
22.76,23.42,40103
65.63,22.14,40115
30.24,25.40,40127
3.67,28.38,40138
-13.10,26.13,40150
-14.51,22.24,40162
49.52,19.71,40173
10.81,23.72,40185
-1.97,28.92,40197
-19.60,29.63,40209
15.04,27.23,40220
69.13,23.54,40232
37.10,24.12,40244
2.05,27.66,40256
-7.58,30.19,40267
-13.01,26.91,40280
40.27,22.02,40291
61.48,19.73,40302
16.25,23.44,40314
-2.85,28.20,40326
-14.85,27.88,40338
5.78,25.41,40349
58.64,22.31,40361
42.84,24.80,40373
10.26,28.99,40385
-2.14,31.46,40396
-17.94,28.05,40409
33.42,23.74,40420
60.14,22.29,40432
21.24,24.92,40443
7.09,29.05,40455
-15.37,26.31,40467
-7.01,23.41,40478
55.66,20.72,40491
48.17,23.49,40502
9.52,29.17,40514
1.18,30.22,40525
-19.92,28.03,40538
20.26,24.09,40549
68.48,23.36,40561
30.74,27.53,40572
-9.59,30.00,40585
-10.69,27.08,40596
47.19,22.85,40607
54.90,19.59,40620
11.85,23.46,40631
0.62,28.01,40643
-16.87,28.48,40654
13.87,26.23,40667
63.11,23.04,40678
34.87,24.99,40690
9.04,28.90,40701
-3.18,31.02,40714
-15.34,27.51,40725
38.35,23.24,40737
60.66,21.09,40749
18.80,24.29,40760
4.22,28.59,40772
-16.84,27.11,40783
-0.64,24.56,40796
58.59,21.06,40807
47.84,23.77,40819
8.08,29.02,40830
-4.28,30.23,40843
-16.29,27.65,40854
27.78,23.46,40866
64.21,22.65,40878
27.75,26.72,40890
5.16,29.35,40901
-14.76,26.89,40912
-6.80,23.26,40925
54.48,19.71,40936
50.98,23.21,40948
11.06,27.62,40960
-21.25,28.87,40972
18.26,26.59,40983
67.32,22.76,40995
33.37,23.75,41007
4.58,28.27,41019
-5.67,31.09,41030
-12.79,28.10,41042
44.40,23.54,41054
60.06,20.79,41065
13.23,24.05,41077
0.72,28.16,41089
-16.40,27.38,41101
3.65,24.96,41112
63.85,21.50,41124
43.90,23.78,41136
5.67,28.27,41148
-4.69,30.44,41159
-16.45,27.95,41171
35.60,23.03,41183
67.99,21.86,41195
22.42,24.97,41206
2.15,28.78,41218
-16.38,26.97,41230
-4.28,23.51,41241
60.55,20.87,41253
49.68,23.89,41265
6.84,28.75,41277
-1.34,29.97,41288
-17.26,27.22,41300
24.83,23.35,41312
69.13,23.01,41324
29.85,26.99,41335
0.20,30.16,41348
-7.67,27.32,41359
48.85,23.35,41371
55.64,20.61,41382
11.43,24.06,41394
-0.36,28.41,41406
-17.28,28.40,41417
13.21,25.90,41430
63.92,22.09,41441
35.42,23.74,41453
6.98,27.87,41464
-7.55,30.12,41477
-14.86,27.17,41488
40.65,22.76,41500
61.92,21.14,41511
16.17,24.40,41523
-1.90,28.85,41535
-16.75,27.10,41546
3.44,24.07,41559
60.43,21.06,41570
44.25,23.67,41582
4.46,28.96,41593
-6.26,30.20,41606
-13.76,27.48,41617
33.10,23.51,41629
60.74,22.29,41640
22.58,26.53,41653
2.28,29.76,41664
-14.74,27.57,41675
-1.15,24.44,41688
54.68,20.98,41699
46.15,24.48,41711
10.18,29.07,41722
1.87,28.84,41735
-18.33,26.01,41746
64.06,21.84,41758
28.57,22.49,41769
3.84,26.89,41782
-5.59,29.69,41793
-10.96,27.47,41805
43.95,23.72,41817
58.51,21.27,41828
16.30,24.79,41840
0.99,28.97,41851
-18.70,28.16,41864
7.80,25.55,41875
63.63,21.30,41887
38.74,23.05,41899
5.14,27.85,41911
-5.60,29.62,41922
-17.09,27.34,41934
36.36,23.20,41946
66.53,22.08,41958
16.94,26.35,41969
-0.92,29.85,41980
-12.42,28.02,41993
-0.66,24.84,42004
58.56,21.13,42016
50.57,24.22,42028
5.06,28.33,42040
-4.23,29.24,42051
-14.80,26.81,42063
26.52,22.27,42075
64.25,22.65,42087
28.05,26.82,42098
1.63,30.35,42110
-12.89,28.09,42122
-6.42,24.04,42133
54.97,21.30,42145
10.48,24.70,42157
-1.86,28.70,42169
-17.94,28.02,42180
15.58,25.01,42192
66.56,20.91,42204
33.59,22.39,42216
-0.96,26.83,42227
-6.65,29.28,42240
-8.92,27.18,42251
42.68,23.48,42263
60.42,21.97,42274
15.52,26.06,42286
-0.40,29.81,42298
-12.97,28.73,42309
8.27,25.11,42321
59.65,21.31,42333
42.41,23.10,42345
5.97,27.65,42356
-5.19,29.27,42369
-16.14,26.90,42380
33.60,23.35,42392
63.93,22.52,42403
23.46,27.15,42416
2.24,30.45,42427
-13.26,27.93,42438
-0.57,24.71,42450
55.44,21.16,42462
49.98,24.68,42474
9.76,28.61,42485
-4.05,28.86,42498
-18.83,26.22,42509
25.15,21.87,42521
30.37,23.00,42532
3.48,27.53,42545
-10.48,29.73,42556
-7.68,27.51,42568
49.68,23.18,42579
55.28,20.97,42591
12.58,24.58,42603
-1.15,28.57,42614
-16.52,27.95,42627
13.76,24.86,42638
62.12,20.85,42650
37.52,23.02,42661
5.53,27.86,42674
-8.79,30.03,42685
-13.67,27.52,42697
40.60,23.55,42708
61.28,22.08,42721
21.40,26.02,42732
1.99,29.79,42743
-17.39,27.85,42756
5.22,24.64,42767
61.79,20.54,42779
43.79,23.41,42790
7.59,27.91,42803
-6.19,29.22,42814
-17.75,26.57,42826
32.56,22.60,42838
65.76,23.16,42850
23.45,27.22,42861
2.41,30.83,42873
-10.88,28.47,42885
-3.12,24.22,42896
53.84,21.19,42908
51.81,23.57,42919
-2.71,28.26,42932
-16.44,27.63,42943
19.00,24.87,42955
63.83,21.92,42967
32.20,22.78,42979
5.20,27.93,42990
-7.05,30.51,43002
-10.43,27.62,43014
45.39,24.07,43026
56.49,21.56,43037
17.89,25.04,43048
2.93,29.37,43061
-18.62,27.68,43072
8.47,24.83,43084
61.90,20.89,43096
40.47,22.87,43108
7.66,27.58,43119
-6.91,29.42,43131
-17.76,26.95,43143
35.01,23.26,43155
64.77,22.08,43166
25.67,26.07,43179
-0.43,30.01,43190
-17.37,27.57,43201
0.29,24.18,43213
59.41,20.56,43225
47.86,23.37,43237
6.20,28.00,43248
-5.32,28.45,43260
-17.65,25.86,43272
29.20,22.38,43284
64.42,22.66,43295
25.08,27.29,43308
-8.83,29.77,43319
-7.55,27.06,43331
49.78,23.34,43342
52.12,20.44,43354
11.72,24.00,43366
1.71,28.39,43377
-16.05,27.67,43389
11.63,25.12,43401
63.00,21.46,43413
37.38,23.31,43424
6.53,27.92,43437
-8.16,29.62,43448
-14.31,26.85,43460
38.69,23.01,43471
61.73,20.71,43484
21.73,25.02,43495
-0.40,29.13,43506
-20.62,27.17,43518
5.11,24.54,43530
63.55,20.71,43542
45.50,23.76,43553
3.74,28.65,43566
-5.62,29.27,43577
-16.01,27.24,43589
34.71,22.82,43600
65.83,22.98,43613
21.39,27.12,43624
-0.76,29.88,43636
-12.37,27.72,43648
-0.37,23.48,43659
55.44,20.30,43671
48.80,23.80,43682
7.83,27.77,43695
-15.24,28.27,43706
23.77,25.61,43718
63.25,21.93,43729
26.79,23.61,43742
4.43,28.05,43753
-5.49,30.41,43765
-411.98,27.59,43777
1.23,28.48,43837
-17.60,27.93,43898
18.85,29.51,43910
67.91,27.42,43921
34.56,23.09,43932
0.74,22.60,43943
-14.98,26.49,43955
-9.28,29.90,43966
52.85,27.74,43977
56.41,23.83,43990
9.36,20.36,44001
-4.06,23.17,44012
-19.95,28.18,44023
18.70,27.75,44035
67.45,25.44,44046
29.36,21.63,44057
1.47,22.49,44068
-4.28,27.66,44081
-9.44,30.35,44092
44.37,28.29,44103
55.81,24.27,44114
13.06,21.51,44126
3.97,24.63,44137
-13.43,28.39,44148
2.09,27.51,44161
57.20,24.53,44172
40.87,20.24,44183
8.84,22.25,44194
-1.98,26.43,44206
-18.73,29.69,44217
29.01,27.49,44228
64.40,23.67,44239
27.63,22.48,44252
5.14,26.13,44263
-16.47,30.53,44274
-7.97,28.78,44285
57.82,25.12,44297
54.60,21.33,44308
9.03,23.30,44319
-3.04,27.95,44331
-22.26,28.99,44343
20.75,26.05,44354
69.74,22.71,44365
30.23,22.07,44377
-0.17,27.25,44388
-10.31,30.97,44399
-7.48,28.38,44410
48.71,25.47,44422
58.02,22.40,44434
12.77,25.13,44445
-3.25,29.21,44457
-15.22,27.97,44469
13.52,25.29,44481
58.48,21.49,44492
38.21,22.16,44505
7.46,27.14,44516
-5.04,29.95,44528
-13.45,28.32,44539
33.96,24.60,44552
61.28,22.48,44563
25.58,26.04,44574
0.48,29.85,44587
-14.77,28.11,44598
0.12,24.97,44610
54.88,20.82,44621
50.67,22.54,44634
9.03,27.33,44645
-7.72,28.75,44657
-17.19,27.32,44668
27.66,23.16,44681
66.35,22.63,44692
30.32,27.23,44704
0.06,30.76,44716
-13.71,28.69,44727
-4.87,24.37,44739
55.02,21.04,44750
54.27,23.46,44763
6.52,27.92,44774
-4.55,27.79,44786
-15.32,25.14,44797
65.89,21.09,44810
29.71,21.77,44821
0.98,26.35,44833
-1.54,29.68,44845
-9.66,27.91,44857
41.73,24.20,44868
59.25,21.73,44879
14.53,25.21,44892
4.14,29.07,44903
-12.09,28.05,44915
2.91,25.16,44926
59.56,20.61,44939
41.02,22.21,44950
6.72,26.25,44962
-2.63,29.13,44974
-19.75,27.39,44986
29.28,23.26,44997
67.87,22.51,45009
23.93,26.16,45021
2.03,30.38,45032
-13.44,28.66,45044
-4.20,24.99,45056
57.81,21.00,45068
52.86,23.00,45079
8.44,27.39,45091
-5.58,28.58,45103
-18.79,26.31,45115
25.74,21.99,45126
67.66,22.32,45138
27.10,26.56,45150
3.50,30.42,45162
-9.44,28.35,45173
-7.30,24.72,45185
53.43,21.45,45197
9.15,24.75,45208
0.78,27.91,45220
-16.40,28.18,45232
12.88,25.04,45244
61.80,21.26,45255
34.86,23.10,45267
6.20,26.57,45279
-4.62,30.41,45291
-14.48,28.31,45302
38.83,24.09,45315
59.39,23.35,45326
21.31,25.30,45337
2.90,29.77,45349
-21.50,28.33,45361
3.25,23.86,45373
61.97,20.89,45384
43.47,21.94,45396
8.93,26.85,45408
-8.85,29.11,45420
-21.61,26.40,45431
35.10,23.08,45444
67.57,22.86,45455
22.14,27.46,45467
2.57,31.10,45478
-12.88,28.52,45490
-3.80,24.12,45502
57.57,21.19,45513
51.25,23.27,45526
4.17,27.57,45537
-0.31,27.72,45549
-17.63,24.76,45560
17.47,21.53,45573
29.31,22.09,45584
2.24,27.37,45596
-3.35,31.03,45607
-12.34,28.33,45620
48.17,24.72,45631
60.32,21.49,45642
10.10,25.09,45655
1.13,28.91,45666
-17.71,27.33,45678
9.34,24.62,45689
64.26,20.70,45702
36.56,22.73,45713
3.85,27.74,45725
-3.89,30.12,45736
-14.45,28.45,45749
38.94,23.84,45760
62.87,22.64,45772
20.07,25.93,45784
3.00,29.97,45795
-15.42,28.37,45807
0.74,24.30,45818
59.46,20.87,45831
43.29,22.88,45842
9.66,27.53,45854
-3.25,29.51,45865
-20.76,26.73,45878
28.00,22.67,45889
66.40,22.51,45901
29.44,26.65,45913
6.73,30.98,45925
-15.68,28.62,45936
-7.75,24.81,45947
53.78,21.29,45960
14.19,24.17,45971
-6.51,27.84,45983
-22.09,27.80,45995
20.31,24.85,46007
65.94,20.96,46018
34.25,22.56,46030
3.02,27.36,46042
-11.62,30.59,46054
-7.67,28.49,46065
47.92,24.65,46077
56.62,22.76,46089
15.36,25.75,46100
-0.55,29.26,46112
-15.52,27.44,46124
11.91,24.13,46136
55.99,20.68,46147
35.61,22.44,46159
9.28,26.92,46171
-4.27,29.31,46183
-12.29,27.08,46194
31.62,24.13,46206
58.31,23.34,46218
26.29,27.66,46230
8.19,31.28,46241
-14.62,28.79,46253
-2.55,24.98,46265
54.73,21.18,46276
51.15,23.55,46288
13.67,27.44,46300
-3.80,27.93,46312
-23.77,25.14,46323
23.12,21.53,46336
68.54,23.09,46347
32.50,28.21,46359
-11.43,32.21,46370
-6.27,29.56,46383
56.29,25.48,46394
57.42,22.83,46405
8.45,25.27,46417
-2.23,28.71,46429
-18.03,26.26,46441
15.77,23.32,46452
63.40,19.68,46465
31.52,21.99,46476
5.02,27.36,46488
-3.04,30.00,46499
-13.82,28.28,46512
42.56,24.36,46523
62.27,23.14,46535
15.77,26.44,46546
3.82,30.08,46558
-13.97,28.55,46570
3.53,24.20,46581
62.95,20.63,46594
44.54,22.56,46605
4.00,26.64,46617
-5.67,28.28,46628
-16.31,25.21,46641
31.80,22.23,46652
64.57,22.63,46664
27.07,27.37,46675
1.38,31.84,46688
-13.35,28.71,46699
0.62,25.50,46710
58.63,21.71,46723
51.55,24.00,46734
9.75,27.97,46746
-22.43,26.79,46757
20.45,24.31,46770
67.00,20.25,46781
30.25,22.10,46793
2.24,27.56,46804
-10.43,30.42,46817
-7.18,28.42,46828
49.37,24.76,46840
59.22,774.17,46852
13.82,22.49,46861
-5.47,26.32,46872
-15.85,29.62,46883
14.91,27.78,46895
60.12,23.85,46906
34.18,19.78,46917
2.88,22.58,46928
-5.56,27.03,46941
-13.46,28.74,46952
38.24,26.68,46963
58.54,23.02,46974
18.59,22.59,46986
5.94,26.46,46997
-12.79,30.21,47008
-1.27,28.47,47021
57.52,24.40,47032
