949087.00
-230173.00
-55.74,37.42,1134
54.29,25.51,1136
54.79,29.92,1147
-38.20,33.36,1160
-64.82,33.75,1171
31.12,28.18,1183
109.66,22.76,1195
69.51,28.42,1207
-29.65,33.50,1218
-68.43,34.93,1230
17.49,32.09,1242
106.42,26.32,1253
83.48,32.27,1265
-9.89,37.22,1276
-73.37,36.07,1289
-3.29,31.84,1300
102.18,24.29,1312
89.32,28.50,1324
-1.93,34.02,1336
-68.78,32.50,1347
-24.04,29.51,1359
91.21,24.45,1371
99.65,29.31,1383
13.42,36.62,1394
-64.10,34.93,1405
-33.82,32.09,1418
78.81,26.39,1429
109.01,29.67,1441
27.12,36.17,1453
-57.64,33.04,1465
-50.46,28.74,1476
60.85,23.47,1488
113.06,26.93,1500
42.58,34.59,1512
-54.01,33.12,1523
-57.72,30.15,1536
115.24,26.36,1547
62.80,30.85,1558
-41.37,38.08,1570
-67.69,36.83,1582
34.36,31.85,1594
114.65,26.43,1605
73.04,29.55,1617
-29.59,34.94,1629
-76.20,32.88,1641
16.64,27.80,1652
110.60,23.20,1665
80.74,28.32,1676
-17.44,35.45,1688
-75.36,35.42,1699
0.29,31.43,1711
108.00,27.11,1723
93.13,32.15,1734
-3.73,37.30,1746
-72.06,35.74,1758
-15.93,29.79,1770
95.38,24.06,1781
99.34,28.08,1794
7.44,32.81,1805
-70.64,31.42,1817
-32.40,27.44,1828
83.63,23.15,1841
105.60,29.98,1852
23.64,36.47,1863
-61.78,35.91,1875
-42.32,32.46,1887
75.10,26.97,1899
112.45,32.15,1910
36.28,37.03,1923
-54.12,33.66,1934
53.72,28.60,1946
111.58,22.11,1957
46.39,27.44,1970
-48.59,33.20,1981
-63.14,31.49,1993
38.11,28.88,2004
112.14,25.46,2016
65.56,31.74,2028
-31.69,37.97,2039
-64.72,35.57,2052
22.53,31.61,2063
108.85,26.06,2075
76.35,29.85,2086
-20.84,35.25,2099
-72.10,31.68,2110
1.99,27.60,2122
100.09,23.23,2134
85.78,28.17,2146
-4.10,35.71,2157
-68.68,33.50,2168
-14.26,31.01,2181
95.33,27.25,2192
101.10,31.82,2204
9.62,38.54,2215
-65.42,34.52,2228
-28.72,29.90,2239
77.96,24.98,2251
105.12,28.32,2263
25.44,35.16,2275
-65.58,31.56,2286
-45.69,27.91,2298
65.69,24.38,2310
42.28,29.21,2321
-53.77,37.61,2333
-59.87,34.86,2344
55.47,31.01,2357
116.50,27.49,2368
56.04,31.12,2380
-43.24,37.54,2392
-67.42,33.17,2404
35.05,27.81,2415
115.22,23.69,2427
63.84,27.78,2439
-36.62,34.32,2451
-72.21,31.79,2462
18.77,28.30,2473
109.74,26.05,2486
82.52,31.38,2497
-18.80,37.62,2509
-73.99,34.82,2521
4.26,30.56,2533
105.61,25.46,2544
89.40,29.49,2556
-6.47,34.50,2568
-74.89,30.65,2580
-19.74,26.60,2591
95.92,23.20,2604
98.98,29.66,2615
7.68,35.95,2627
-68.11,33.87,2638
-31.61,31.35,2650
86.53,26.79,2662
111.80,32.45,2673
20.46,38.17,2685
-66.62,33.20,2697
72.91,28.89,2709
109.79,23.95,2720
36.88,29.19,2733
-61.90,34.44,2744
-59.68,31.18,2756
62.41,28.59,2767
116.21,24.47,2779
48.00,30.50,2791
-48.49,38.13,2802
-64.39,33.74,2814
43.92,30.87,2826
119.57,26.50,2838
64.31,31.06,2849
-41.71,37.03,2862
-70.48,31.64,2873
26.45,27.98,2885
113.61,23.60,2896
75.39,28.10,2909
-27.45,36.49,2920
-77.34,32.08,2932
9.94,29.90,2944
110.59,27.83,2955
90.71,32.27,2967
-9.51,39.82,2978
-72.98,34.44,2991
-6.18,29.89,3002
101.02,26.36,3014
97.75,28.95,3025
3.13,36.07,3038
-76.14,30.73,3049
-25.05,26.68,3061
90.68,25.39,3073
103.81,29.34,3084
19.84,38.26,3096
-42.90,34.07,3107
82.66,30.32,3120
115.19,28.73,3131
32.35,31.36,3143
-60.13,38.73,3154
-52.07,33.22,3167
61.85,28.07,3178
115.17,25.68,3190
46.13,28.57,3202
-53.23,35.61,3214
-64.39,31.54,3225
46.47,27.68,3236
118.09,26.75,3249
57.80,30.85,3260
-41.69,38.56,3272
-65.19,34.38,3283
27.23,29.70,3296
113.96,27.74,3307
78.23,30.84,3319
-30.89,36.97,3331
-74.09,31.76,3343
14.31,26.55,3354
101.35,24.52,3366
82.25,28.91,3378
-10.93,35.87,3389
-75.52,32.36,3401
-6.10,28.16,3412
102.49,26.75,3425
94.18,31.87,3436
1.53,38.16,3448
-69.29,33.64,3460
-20.68,28.64,3472
88.82,25.70,3483
16.25,30.48,3495
-66.94,35.97,3507
-38.10,31.47,3519
77.19,27.01,3530
105.28,24.61,3542
30.11,30.54,3554
-56.02,36.11,3565
-51.29,31.84,3577
61.21,28.32,3589
112.71,26.15,3601
43.11,32.44,3612
-48.22,37.47,3624
-57.62,32.42,3636
42.88,28.02,3648
114.39,24.47,3659
59.36,30.19,3672
-39.89,35.40,3683
-67.43,30.05,3695
26.71,26.83,3706
109.23,24.32,3718
72.73,31.05,3730
-25.78,37.86,3741
-71.77,32.83,3753
14.24,29.55,3765
109.47,26.80,3777
83.24,31.92,3788
-10.91,37.71,3801
-72.73,30.70,3812
-5.20,27.07,3824
101.12,24.32,3835
93.18,29.25,3847
-1.37,36.08,3859
-72.49,30.32,3870
94.27,28.42,3883
105.21,27.85,3894
17.03,32.88,3906
-62.64,40.09,3917
-34.68,33.71,3930
80.50,29.41,3941
113.85,27.93,3953
25.79,30.70,3964
-60.22,36.99,3977
-47.88,29.25,3988
59.79,25.71,4000
113.11,25.34,4012
45.67,29.53,4023
-56.08,37.31,4035
-58.23,32.70,4046
51.61,29.18,4059
116.41,29.42,4070
60.02,32.64,4082
-41.19,39.99,4093
-67.88,32.42,4106
35.75,27.38,4117
113.67,26.32,4129
70.85,29.26,4141
-32.47,35.35,4152
-74.52,30.18,4164
16.80,26.10,4175
110.42,26.91,4188
84.54,30.98,4199
-18.11,38.53,4211
-76.73,32.89,4222
2.28,28.67,4235
104.67,28.50,4246
95.82,31.17,4258
0.31,36.11,4270
-22.06,30.32,4282
97.47,24.97,4293
101.45,25.46,4304
8.84,29.16,4317
-70.74,35.76,4328
-39.25,31.65,4340
80.48,27.92,4352
118.43,29.39,4364
30.28,33.51,4375
-71.13,38.42,4387
-47.71,33.59,4399
71.75,26.43,4411
114.78,26.50,4422
42.78,29.67,4434
-61.20,34.62,4446
-67.47,29.24,4457
58.15,24.06,4469
119.64,25.77,4481
53.46,31.59,4493
-51.17,36.88,4504
-68.24,33.63,4516
42.19,28.36,4528
120.40,29.05,4540
69.04,33.69,4551
-38.25,38.03,4563
-76.73,33.13,4575
26.76,26.47,4587
118.84,27.16,4598
75.12,31.69,4610
-27.35,35.70,4622
-76.32,30.99,4633
6.40,25.47,4645
108.70,27.30,4657
-15.07,33.01,4669
-72.71,37.11,4680
-5.08,33.28,4692
101.63,27.79,4704
94.84,28.97,4716
3.47,33.87,4727
-65.05,36.76,4740
-22.79,31.73,4751
83.17,25.42,4762
101.14,26.57,4774
16.83,31.48,4786
-61.87,36.06,4798
-35.59,31.76,4809
71.83,26.82,4822
106.84,28.63,4833
37.61,33.70,4845
-49.45,37.87,4856
-51.94,31.98,4869
53.83,26.38,4880
110.19,26.71,4892
47.75,31.53,4903
-40.75,35.56,4915
-59.66,29.91,4927
31.76,25.73,4938
110.80,26.23,4951
69.40,31.84,4962
-33.11,37.02,4974
-69.15,31.16,4985
17.97,27.92,4998
108.12,28.27,5009
82.90,33.89,5021
-16.07,38.29,5032
-71.37,30.90,5045
104.25,26.71,5056
93.48,25.84,5067
-6.85,31.00,5080
-76.70,35.57,5091
-18.79,28.54,5103
92.81,26.10,5114
105.92,26.73,5127
14.16,32.73,5138
-76.91,38.91,5150
-32.50,32.37,5161
93.52,28.46,5174
112.09,29.00,5185
23.10,31.53,5197
-67.52,37.16,5209
-52.11,28.55,5220
74.35,24.34,5232
115.39,25.86,5243
35.61,29.95,5256
-63.19,35.69,5267
-58.53,30.86,5279
59.24,26.10,5291
121.40,29.74,5303
53.09,33.66,5314
-50.92,38.84,5326
-65.22,31.97,5338
45.01,26.26,5350
115.96,28.26,5361
67.21,31.51,5372
-40.70,33.76,5385
-75.26,29.95,5396
26.50,23.74,5408
112.13,27.54,5420
73.77,32.43,5432
-21.90,36.59,5443
6.51,33.46,5455
112.22,26.95,5467
92.37,30.34,5479
-13.37,34.73,5490
-76.31,36.10,5502
-7.37,32.29,5514
99.50,24.44,5525
95.62,26.36,5537
4.40,31.55,5549
-74.16,33.24,5561
-29.72,29.65,5572
88.50,25.18,5584
105.85,27.69,5596
20.46,35.04,5608
-65.41,36.29,5619
-41.81,33.66,5632
73.95,28.00,5643
116.27,28.85,5655
38.34,34.07,5666
-60.19,34.63,5678
-56.78,30.55,5690
57.13,23.52,5701
117.51,25.94,5713
50.78,32.45,5725
-54.76,35.30,5737
-68.69,31.55,5748
45.68,26.03,5761
121.95,29.17,5772
64.89,35.44,5784
-42.99,38.05,5795
-69.38,32.21,5808
31.32,26.59,5819
114.49,27.76,5830
-29.90,32.65,5842
-78.18,34.82,5854
13.88,29.19,5866
109.96,24.64,5877
82.93,27.10,5890
-12.36,32.88,5901
-74.61,36.46,5913
-5.94,31.44,5924
104.90,26.60,5937
93.83,29.40,5948
0.63,34.43,5960
-68.89,37.06,5971
-22.88,30.34,5983
92.56,26.03,5995
101.72,28.35,6006
12.77,32.90,6019
-63.32,34.89,6030
-36.57,30.46,6042
73.61,24.87,6053
107.44,28.51,6066
29.88,33.57,6077
-55.92,36.69,6089
-46.45,31.15,6100
57.89,26.55,6113
109.26,29.17,6124
51.32,33.76,6135
-48.07,35.53,6148
-60.62,31.09,6159
42.98,24.59,6171
107.61,27.64,6182
63.00,32.39,6195
-33.24,35.07,6206
-70.61,30.69,6218
109.71,25.36,6230
78.85,28.89,6242
-21.84,34.20,6253
-75.92,35.89,6265
8.33,31.66,6277
106.80,25.97,6288
84.42,28.84,6300
-6.47,34.05,6311
-72.60,35.03,6324
-17.67,30.62,6335
101.64,25.21,6347
99.98,28.33,6359
-1.52,34.42,6371
-68.77,35.63,6382
-22.29,31.66,6394
82.89,25.81,6406
107.76,28.97,6418
18.45,34.91,6429
-69.79,35.75,6440
-35.59,31.89,6453
76.73,25.29,6464
107.95,28.41,6476
31.92,34.37,6488
-59.83,34.45,6500
-50.64,30.23,6511
61.22,24.93,6523
109.71,28.23,6535
46.27,34.18,6547
-49.66,34.92,6558
-59.56,32.61,6571
46.85,25.83,6582
110.81,29.93,6593
61.58,35.19,6605
-34.20,36.00,6617
29.53,31.89,6629
108.74,25.40,6640
73.07,28.57,6652
-21.36,33.61,6664
-72.64,34.01,6676
6.33,31.28,6687
106.39,24.65,6700
88.42,29.10,6711
-9.32,35.07,6723
-72.72,36.03,6734
-9.19,33.06,6746
97.58,26.28,6758
101.75,29.81,6769
4.52,35.06,6781
-74.00,34.85,6793
-24.08,31.08,6805
89.09,23.86,6816
105.47,27.40,6829
17.67,33.37,6840
-69.72,33.99,6852
-40.48,30.60,6863
79.91,25.32,6876
112.07,29.38,6887
32.37,36.43,6898
-58.40,36.48,6910
-47.80,31.41,6922
66.63,27.01,6934
111.42,28.69,6945
46.46,34.56,6958
-46.89,33.20,6969
-62.98,29.03,6981
44.99,24.30,6992
114.94,27.37,7005
-35.29,33.75,7016
-64.31,34.74,7028
25.23,31.13,7040
113.80,25.98,7051
74.15,29.71,7063
-25.63,35.84,7074
-66.03,36.08,7087
10.22,30.09,7098
104.93,25.37,7110
85.31,27.88,7121
-13.86,33.98,7134
-71.37,33.78,7145
-5.20,29.21,7157
95.67,24.98,7169
93.71,28.80,7181
4.10,35.21,7192
-68.34,36.44,7203
-19.85,31.36,7216
86.89,26.70,7227
99.18,29.64,7239
19.14,34.55,7250
-62.62,34.52,7263
-39.19,29.19,7274
73.62,23.64,7286
105.03,27.32,7298
31.33,33.26,7310
-51.94,34.22,7321
-50.60,29.68,7333
57.47,25.11,7345
110.51,29.67,7356
48.01,35.11,7368
-43.60,35.62,7379
-58.28,30.96,7392
111.95,25.03,7403
62.84,29.22,7415
-34.25,33.67,7427
-68.76,33.84,7439
21.19,29.69,7450
108.50,23.58,7462
77.04,28.82,7474
-23.73,34.87,7486
-70.71,35.77,7497
8.98,31.55,7508
104.24,25.93,7521
89.60,30.36,7532
-6.00,35.76,7544
-73.42,34.93,7556
-11.61,30.32,7568
98.27,23.70,7579
96.33,28.28,7591
1.42,33.84,7603
-70.04,33.25,7615
-29.05,29.92,7626
85.08,24.89,7639
109.63,30.11,7650
21.89,36.28,7661
-67.73,35.74,7673
-38.57,31.96,7685
77.72,26.00,7697
109.24,29.89,7708
38.61,34.64,7720
-57.60,33.29,7732
-58.83,29.35,7744
59.06,23.63,7755
116.65,28.31,7768
46.11,34.61,7779
-49.13,34.46,7791
42.90,31.57,7802
119.14,26.42,7814
66.13,31.42,7826
-40.07,37.40,7837
-67.75,35.65,7849
31.17,30.93,7861
113.99,24.89,7873
74.95,28.36,7884
-28.32,34.44,7897
-76.37,32.71,7908
13.75,29.09,7920
107.65,24.93,7931
82.23,29.84,7944
-11.46,37.26,7955
-71.14,35.77,7966
-1.91,31.84,7979
103.14,26.74,7990
91.81,30.16,8002
2.71,35.76,8013
-69.26,33.47,8026
-21.99,29.87,8037
89.44,24.36,8049
100.03,28.45,8060
16.51,35.55,8073
-60.86,34.00,8084
-36.81,31.09,8096
73.37,25.79,8108
108.52,29.73,8119
33.89,36.90,8131
-55.43,34.54,8142
-49.18,30.56,8155
60.26,25.57,8166
109.43,28.95,8178
-43.45,35.11,8189
-59.86,33.24,8202
39.25,29.66,8213
112.86,25.05,8225
60.65,28.88,8237
-34.26,35.78,8249
-65.63,34.18,8260
22.26,30.13,8271
109.39,25.34,8284
78.06,29.71,8295
-23.00,36.58,8307
-69.49,35.27,8318
9.44,30.70,8331
106.42,25.87,8342
85.26,29.92,8354
-8.87,35.41,8366
-71.15,33.97,8378
-10.82,29.49,8389
96.91,24.86,8401
96.73,29.70,8413
2.34,35.89,8424
-69.50,34.91,8436
-21.34,31.32,8448
87.92,25.90,8460
103.02,30.91,8471
21.46,35.99,8483
-64.59,34.01,8495
-40.57,30.00,8507
73.33,23.71,8518
105.87,28.75,8530
34.32,34.39,8542
-55.91,32.92,8554
-53.01,30.69,8565
112.47,25.02,8577
51.53,30.77,8589
-46.03,36.83,8600
-61.17,34.06,8612
45.68,30.93,8624
108.90,25.25,8636
63.04,29.91,8647
-30.64,35.49,8659
-71.56,32.73,8671
23.62,29.97,8683
111.91,24.18,8694
73.86,29.09,8707
-20.54,36.98,8718
-68.77,34.20,8729
7.13,30.65,8741
106.02,26.82,8753
88.95,29.91,8765
-7.40,36.22,8776
-74.35,32.46,8788
-12.09,29.60,8800
99.81,24.72,8812
97.93,28.38,8823
2.33,35.54,8836
-69.92,33.18,8847
-27.71,30.34,8859
84.99,26.21,8870
116.90,30.23,8882
18.06,38.34,8894
-74.28,34.47,8905
-31.55,29.67,8918
80.47,25.96,8929
108.11,28.50,8941
36.35,35.87,8952
-54.38,32.08,8965
72.53,27.52,8976
111.38,24.98,8988
39.09,28.73,8999
-48.80,37.08,9012
-58.91,34.54,9023
51.39,30.07,9034
116.80,27.52,9047
54.69,30.95,9058
-38.64,37.44,9070
-64.38,34.73,9081
33.08,28.78,9094
111.65,25.02,9105
63.10,29.09,9117
-22.92,34.74,9128
-64.76,32.72,9141
6.03,27.87,9152
105.97,25.39,9164
83.30,31.05,9176
-12.30,36.49,9187
-61.80,35.00,9199
-6.38,30.94,9210
91.22,26.18,9223
95.94,31.21,9234
8.11,36.08,9246
-66.12,33.00,9257
-25.16,29.13,9270
82.01,24.41,9281
100.59,29.86,9293
20.27,35.19,9305
-59.92,32.59,9317
-39.66,30.18,9328
66.10,24.93,9339
111.06,30.82,9352
-57.91,37.70,9363
-49.88,33.83,9375
58.01,30.28,9387
107.93,25.20,9399
55.15,29.68,9410
-48.49,35.57,9422
-67.70,31.60,9434
45.29,29.01,9446
110.25,24.33,9457
62.85,29.62,9469
-32.66,36.90,9481
-75.51,33.21,9492
24.29,30.50,9504
115.23,26.15,9516
75.44,30.47,9528
-20.34,37.22,9539
-77.07,32.99,9551
4.91,29.76,9563
110.72,25.50,9575
84.46,29.76,9586
-10.88,36.29,9598
-71.21,32.77,9610
-14.79,29.37,9622
99.65,26.32,9633
99.63,30.41,9645
0.69,37.40,9657
-68.09,33.34,9668
-22.62,29.00,9680
83.99,25.58,9692
105.67,28.93,9704
21.06,36.18,9715
-67.74,31.97,9728
-41.13,28.31,9739
108.86,25.48,9751
37.16,29.55,9762
-57.96,37.18,9775
-53.51,33.78,9786
60.15,30.23,9797
112.42,27.66,9809
52.65,31.54,9821
-44.88,37.61,9833
-64.89,33.48,9844
41.23,29.02,9857
116.07,24.76,9868
62.08,28.76,9880
-35.99,35.94,9891
-71.56,32.81,9904
22.99,29.74,9915
114.98,26.79,9927
80.06,31.80,9938
-23.69,39.17,9950
-73.75,34.50,9962
10.08,30.75,9973
112.45,26.63,9986
88.38,30.46,9997
-11.94,36.13,10009
-76.66,31.22,10020
-10.50,27.59,10033
103.18,24.32,10044
99.79,29.50,10056
-2.02,37.55,10067
-74.08,33.45,10080
-20.98,30.79,10091
94.33,27.90,10102
109.45,32.26,10115
17.31,39.34,10126
-34.67,33.28,10138
83.78,29.00,10149
105.91,25.06,10162
27.53,28.75,10173
-59.73,35.39,10185
-50.94,30.74,10196
65.24,27.84,10209
112.56,25.57,10220
42.42,30.78,10232
-45.95,38.66,10244
-55.71,34.16,10255
45.72,30.44,10267
112.45,27.61,10278
58.85,31.03,10291
-34.92,36.51,10302
-63.77,31.65,10314
24.56,27.19,10326
107.13,25.17,10338
70.49,29.10,10349
-19.99,35.23,10361
-67.30,32.11,10373
4.93,28.76,10385
101.51,27.26,10396
90.33,32.14,10407
-5.76,38.51,10420
-69.88,34.46,10431
-8.47,29.06,10443
93.69,26.58,10455
98.83,30.09,10467
11.01,35.58,10478
-70.98,31.52,10490
-28.63,26.98,10502
86.56,25.01,10514
104.84,30.05,10525
-62.90,36.98,10537
-41.19,33.52,10549
73.52,29.61,10560
112.89,27.16,10572
38.01,32.28,10584
-59.05,38.10,10596
-54.00,33.21,10607
61.13,28.50,10619
115.30,24.78,10631
49.54,29.46,10643
-49.27,35.93,10654
-66.66,31.51,10667
42.20,28.17,10678
116.97,25.92,10690
65.67,30.74,10701
-39.70,38.21,10713
-69.59,32.77,10725
28.10,29.24,10736
111.51,26.68,10748
78.11,30.72,10760
-24.85,37.31,10772
-79.60,31.48,10783
10.42,27.65,10796
110.82,25.44,10807
85.25,29.51,10819
-12.34,37.47,10830
-74.26,31.71,10843
-10.36,28.14,10854
103.66,27.03,10865
98.01,30.93,10877
-2.09,38.39,10889
-72.32,32.27,10901
-21.60,27.89,10912
101.67,26.21,10925
14.21,29.79,10936
-64.65,36.15,10948
-38.99,30.99,10959
78.79,27.29,10972
107.71,26.59,10983
26.87,30.97,10995
-53.50,37.74,11006
-46.20,33.52,11018
59.33,29.46,11030
114.34,28.04,11041
45.93,32.14,11054
-47.93,37.40,11065
-54.96,31.69,11077
41.01,27.52,11088
108.52,25.57,11101
62.08,30.53,11112
-36.51,36.73,11124
-66.33,31.52,11136
24.81,27.96,11148
108.70,26.19,11159
77.22,31.65,11170
-21.71,37.97,11183
-70.97,32.59,11194
9.23,28.74,11206
105.91,26.03,11217
86.84,31.03,11230
-5.97,36.96,11241
-73.65,31.69,11253
-11.29,27.53,11265
99.84,25.51,11277
94.44,30.95,11288
3.85,37.75,11300
-28.19,32.86,11312
90.25,28.63,11323
106.68,27.04,11335
17.00,31.90,11346
-64.19,37.66,11359
-39.35,32.31,11370
74.49,27.33,11382
110.70,25.76,11394
31.16,30.56,11406
-58.67,36.49,11417
-52.05,31.71,11429
58.68,27.69,11441
114.92,26.57,11453
45.97,31.69,11464
-51.22,37.30,11475
-59.73,32.01,11488
44.28,27.67,11499
112.23,26.20,11511
59.47,31.09,11523
-38.69,36.77,11535
-66.57,30.81,11546
25.52,27.14,11558
109.91,25.47,11570
72.92,30.72,11582
-27.98,37.26,11593
-71.34,31.34,11606
11.22,28.07,11617
103.36,26.51,11628
87.85,30.99,11640
-9.84,38.19,11652
-74.29,31.04,11664
-4.91,27.93,11675
97.46,26.03,11687
94.19,30.05,11699
-74.73,36.74,11711
-27.79,31.38,11722
92.57,27.16,11735
103.74,27.44,11746
16.54,30.65,11758
-63.36,38.14,11769
-40.94,31.39,11781
76.25,27.27,11793
111.01,27.62,11804
33.42,30.94,11816
-58.73,36.41,11828
-53.67,31.07,11840
60.29,25.67,11851
113.73,26.51,11864
46.74,30.09,11875
-49.42,37.21,11887
-61.71,31.61,11898
42.27,26.80,11910
114.73,27.45,11922
64.62,31.53,11933
-40.83,37.35,11945
-70.72,32.75,11957
30.97,27.22,11969
111.49,26.94,11980
73.73,30.67,11993
-23.61,36.38,12004
-77.42,30.81,12016
6.51,26.24,12027
111.34,26.06,12040
87.47,31.11,12051
-14.07,35.94,12062
-75.20,32.30,12075
-7.76,27.62,12086
98.96,27.18,12098
5.11,32.14,12109
-74.77,36.61,12122
-26.87,31.89,12133
93.31,26.21,12145
106.94,26.28,12156
14.58,31.07,12169
-69.51,35.80,12180
-39.36,30.73,12192
79.33,25.63,12204
112.31,26.37,12215
31.01,32.08,12227
-61.66,37.25,12238
-50.46,32.52,12251
66.75,27.47,12262
116.06,27.78,12274
44.44,32.53,12285
-50.91,37.50,12298
-57.96,31.95,12309
47.60,26.28,12321
113.87,26.91,12333
60.95,31.29,12345
-44.94,36.94,12356
-68.34,31.49,12367
36.59,26.74,12380
108.33,27.43,12391
70.08,32.07,12403
-23.64,37.07,12414
-75.11,31.66,12427
13.25,26.89,12438
112.29,27.46,12450
77.32,31.69,12462
-16.30,36.80,12474
-7.16,31.21,12485
100.18,26.42,12497
92.09,27.41,12509
-0.48,32.10,12520
-64.85,37.33,12532
-20.63,31.61,12544
86.35,26.89,12556
101.32,27.48,12567
13.30,32.10,12579
-60.86,37.54,12591
-33.05,30.97,12603
71.42,26.80,12614
104.68,27.21,12626
35.38,31.55,12638
-57.45,36.60,12650
-47.48,30.55,12661
60.57,26.43,12673
106.58,27.16,12685
47.75,31.55,12696
-44.30,37.35,12708
-60.69,31.40,12720
44.41,27.19,12732
114.05,27.76,12743
61.43,32.13,12755
-34.96,37.46,12767
-65.52,30.83,12779
25.21,26.42,12790
109.56,27.08,12803
73.12,32.41,12814
-23.45,37.71,12825
-70.77,31.13,12837
10.05,27.61,12849
108.31,27.91,12861
82.08,33.01,12872
-64.98,37.42,12884
-10.74,30.98,12896
96.30,26.76,12908
100.84,26.88,12919
0.28,31.36,12932
-71.21,36.59,12943
-17.94,30.23,12955
83.95,26.10,12966
100.98,26.92,12978
24.08,32.15,12990
-67.41,37.74,13001
-39.74,31.18,13014
81.11,27.38,13025
105.61,27.80,13037
32.82,32.58,13048
-53.00,37.05,13061
-52.50,30.43,13072
59.75,26.09,13084
114.47,26.98,13095
46.46,31.64,13108
-46.35,36.51,13119
-61.45,30.66,13130
43.48,26.88,13143
115.52,28.03,13154
61.40,32.82,13166
-34.37,37.73,13177
-64.88,31.48,13190
24.81,26.83,13201
113.57,27.61,13213
77.62,31.99,13224
-25.86,36.66,13237
-71.17,30.44,13248
8.75,25.57,13260
87.61,27.42,13272
-10.26,31.81,13283
-74.85,36.60,13295
-8.68,30.96,13306
102.50,26.60,13319
95.98,28.91,13330
2.96,33.22,13342
-68.25,37.40,13353
-22.84,31.76,13366
88.96,26.36,13377
105.19,28.33,13389
16.00,32.32,13401
-65.63,36.66,13413
-37.42,30.69,13424
76.46,25.42,13435
107.42,27.20,13448
29.29,31.87,13459
-57.97,36.04,13471
-46.52,30.56,13483
61.77,26.27,13495
109.12,28.51,13506
46.08,33.46,13518
-44.38,37.61,13530
-58.04,31.98,13542
44.72,26.49,13553
112.77,27.89,13565
59.08,32.20,13577
-35.35,35.98,13588
-63.07,30.11,13600
23.64,25.61,13612
107.96,27.67,13624
74.63,32.31,13635
-22.09,36.73,13647
8.44,31.97,13659
102.12,27.32,13671
88.69,29.54,13682
-4.91,33.52,13694
-71.63,36.94,13706
-9.26,31.42,13718
95.03,26.15,13729
97.63,27.86,13741
11.03,32.58,13753
-71.83,36.05,13764
-28.48,31.74,13776
87.39,26.12,13788
105.99,29.27,13800
27.37,34.08,13811
-65.56,37.21,13824
-43.73,32.69,13835
76.55,26.85,13847
112.54,28.91,13858
39.50,33.01,13871
-57.54,35.89,13882
-60.13,31.62,13893
59.57,24.95,13905
120.81,27.50,13917
50.89,33.12,13929
-49.44,36.21,13940
-65.78,32.10,13953
41.53,26.77,13964
121.22,29.26,13976
67.92,34.88,13987
-40.88,36.26,14000
-71.68,32.70,14011
25.49,24.94,14023
114.90,27.34,14034
79.24,32.04,14046
-79.53,33.94,14058
6.42,30.64,14069
110.15,23.72,14082
90.54,27.40,14093
-16.24,33.45,14105
-77.33,35.99,14116
-4.06,33.65,14129
100.63,26.69,14140
100.99,30.00,14152
4.61,35.01,14163
-76.69,35.83,14175
-22.80,31.91,14187
94.23,24.17,14198
103.85,26.74,14211
14.31,32.22,14222
-70.39,33.65,14234
-38.90,30.72,14245
78.98,24.95,14258
109.36,28.45,14269
30.61,34.84,14281
-57.19,36.47,14292
-50.94,33.23,14305
62.19,26.94,14316
113.14,28.91,14327
45.38,34.00,14340
-48.17,35.11,14351
-60.81,31.06,14363
44.09,24.61,14374
111.34,27.34,14387
59.46,32.83,14398
-36.80,34.92,14410
-69.86,30.86,14422
26.00,26.45,14434
75.60,29.41,14445
-19.48,34.88,14457
-73.60,36.79,14469
7.37,32.85,14480
109.22,25.90,14492
87.42,27.85,14503
-13.56,32.92,14516
-73.55,34.39,14527
-12.26,29.25,14539
94.73,24.66,14551
99.51,27.64,14563
5.27,33.72,14574
-74.48,36.25,14586
-25.20,32.80,14598
89.34,26.86,14610
106.41,29.37,14621
22.46,34.37,14632
-63.34,36.10,14645
-46.02,31.18,14656
73.56,23.81,14668
114.65,26.64,14680
33.36,32.02,14692
-63.42,34.21,14703
-55.49,29.74,14715
59.44,25.02,14727
114.05,28.63,14739
50.48,35.56,14750
-47.17,36.79,14763
-64.44,32.27,14774
45.82,26.94,14785
118.47,28.90,14797
60.21,34.34,14809
-37.24,34.76,14821
23.66,29.48,14832
109.28,24.05,14844
75.65,26.60,14856
-26.79,33.05,14868
-73.58,34.96,14879
12.61,31.41,14892
107.10,26.55,14903
83.65,29.46,14915
-4.51,35.62,14926
-68.66,36.67,14938
-11.84,31.30,14950
100.79,25.23,14961
96.53,27.17,14973
-0.40,32.29,14985
-68.21,33.46,14997
-26.35,28.89,15008
82.04,24.44,15021
103.13,28.26,15032
21.38,34.37,15044
-63.51,36.44,15055
-40.65,32.08,15068
74.07,26.61,15079
111.58,29.99,15090
35.37,34.31,15102
-55.61,35.78,15114
-52.48,30.82,15126
55.01,24.00,15137
112.53,27.75,15150
53.79,32.68,15161
-51.50,34.33,15173
-65.86,30.13,15184
45.55,25.30,15197
112.46,29.86,15208
63.85,35.07,15220
-69.38,36.28,15232
23.82,32.72,15243
116.55,25.49,15255
75.74,29.35,15266
-27.00,33.82,15279
-70.13,34.58,15290
5.52,29.68,15302
103.38,24.43,15313
90.59,28.21,15326
-9.47,34.01,15337
-74.40,35.04,15349
-9.19,32.78,15361
98.65,26.22,15373
96.16,30.15,15384
6.90,35.73,15395
-65.80,35.61,15408
-29.50,31.02,15419
84.68,25.08,15431
106.93,27.88,15442
21.89,33.50,15455
-66.67,33.81,15466
-41.55,30.84,15478
71.84,24.90,15490
109.26,29.05,15502
39.95,35.28,15513
-54.45,35.46,15525
-58.99,31.87,15537
55.54,25.83,15548
118.51,29.30,15560
54.86,35.29,15571
-51.27,35.13,15584
-64.62,31.19,15595
39.43,24.62,15607
68.84,27.87,15619
-36.36,34.00,15631
-77.03,33.87,15642
25.90,29.54,15654
111.58,24.86,15666
73.95,28.08,15678
-18.01,34.65,15689
-73.78,35.16,15700
0.10,32.17,15713
111.88,26.20,15724
91.66,29.70,15736
-12.81,35.65,15748
-72.02,34.94,15760
-10.32,29.83,15771
92.12,24.70,15783
98.15,26.90,15795
7.17,32.93,15807
-73.07,33.11,15818
-27.59,30.70,15831
87.51,25.49,15842
103.98,29.32,15853
20.51,35.77,15865
-60.27,35.89,15877
-39.22,31.87,15889
68.96,26.30,15900
109.66,29.44,15912
39.58,34.79,15924
-55.94,34.28,15936
-54.73,29.90,15947
59.38,24.21,15960
108.85,28.23,15971
46.82,34.36,15983
-38.59,34.77,15994
34.53,29.99,16006
114.43,25.98,16018
62.95,29.48,16029
-32.12,35.25,16041
-63.53,35.00,16053
19.65,30.72,16065
104.81,25.16,16076
80.33,29.05,16089
-14.76,34.11,16100
-73.19,34.81,16112
0.28,30.18,16123
102.26,24.11,16135
90.85,28.31,16147
-1.65,33.96,16158
-70.41,35.24,16171
-19.42,30.83,16182
93.10,25.11,16194
104.48,29.18,16205
10.82,34.92,16218
-68.24,35.29,16229
-32.23,30.41,16241
82.20,24.89,16252
111.50,28.58,16265
23.69,34.05,16276
-64.67,34.10,16288
-45.46,28.93,16300
67.16,24.57,16311
114.58,28.68,16323
40.73,34.73,16334
-58.07,35.32,16347
-56.14,30.86,16358
56.41,25.96,16370
113.71,30.09,16381
54.24,35.41,16394
-64.17,34.87,16405
37.77,30.02,16417
114.06,23.78,16429
66.10,28.34,16441
-36.69,34.05,16452
-69.76,34.01,16463
26.06,29.72,16476
106.80,24.74,16487
77.17,29.29,16499
-18.88,35.53,16510
-76.85,34.99,16523
6.88,30.70,16534
108.83,25.38,16546
83.70,29.35,16558
-8.06,35.36,16570
-68.34,33.76,16581
-14.39,29.48,16593
93.32,24.81,16605
96.81,28.59,16616
6.25,34.71,16628
-66.93,34.09,16640
-26.88,30.97,16652
83.48,26.70,16663
101.91,30.50,16675
23.35,36.48,16687
-52.97,34.75,16699
-42.97,30.85,16710
63.77,25.08,16722
112.17,28.60,16734
39.31,34.08,16745
-52.77,32.46,16757
-50.26,29.72,16769
44.42,23.93,16781
63.23,29.13,16792
-41.15,35.81,16804
-67.06,34.48,16816
35.43,31.96,16828
110.18,25.47,16839
73.44,29.68,16851
-27.66,35.80,16863
-75.46,33.51,16875
13.97,29.99,16886
109.89,24.04,16898
85.18,28.39,16910
-15.43,34.60,16921
-79.23,33.54,16933
-4.81,31.37,16945
107.17,25.36,16957
96.96,30.00,16968
-2.44,36.59,16980
-76.23,34.91,16992
-22.14,30.76,17004
97.71,25.03,17015
107.33,28.86,17028
9.72,35.48,17039
-75.16,33.39,17050
-34.28,29.57,17062
89.22,24.75,17074
109.03,28.82,17086
22.12,35.70,17097
-63.02,34.14,17110
-47.17,30.57,17121
71.84,26.57,17133
116.37,30.55,17144
36.35,37.10,17157
-55.85,35.10,17168
53.44,30.62,17180
113.57,25.01,17191
53.64,29.11,17203
-45.59,35.21,17215
-65.99,33.11,17226
38.86,28.38,17239
112.64,24.73,17250
63.84,29.30,17262
-31.66,35.83,17273
-67.91,34.53,17286
21.43,30.40,17297
112.00,25.88,17309
78.37,30.27,17320
-18.87,35.86,17333
-71.44,34.12,17344
4.34,28.75,17355
103.59,24.05,17368
87.69,28.59,17379
-5.89,34.56,17391
-70.60,32.86,17402
-16.64,28.45,17415
93.67,25.03,17426
96.93,29.95,17438
10.03,36.49,17449
-64.23,35.26,17462
-27.62,31.96,17473
78.05,26.42,17485
107.89,30.81,17497
28.65,36.79,17508
-59.49,33.95,17520
-43.87,29.68,17531
65.37,24.07,17544
109.06,28.61,17555
-393.14,35.46,17567
50.58,33.28,17579
112.15,30.46,17602
58.72,25.59,17613
-39.56,30.57,17625
-66.95,37.72,17636
34.54,34.67,17647
111.93,31.02,17658
71.75,25.73,17670
-28.93,29.54,17681
-74.24,35.77,17693
16.33,32.81,17704
107.33,29.75,17716
81.15,24.60,17727
-13.55,29.50,17738
-77.05,36.45,17750
-4.23,33.84,17761
107.16,31.09,17772
94.19,25.86,17784
-5.42,30.64,17796
-71.56,37.55,17807
-16.95,34.32,17818
93.13,30.68,17829
106.45,25.46,17841
12.04,29.89,17852
-72.99,36.62,17863
-32.75,33.06,17875
84.18,29.82,17887
109.31,24.69,17898
28.39,29.38,17909
-64.14,36.42,17921
-47.14,33.30,17932
69.98,30.55,17943
116.04,25.53,17955
41.69,30.40,17967
-56.78,37.30,17978
-55.86,34.47,17989
59.50,30.87,18001
114.85,25.87,18013
55.51,29.51,18025
-46.16,36.51,18036
-67.40,33.04,18049
41.45,29.11,18060
116.03,25.18,18072
63.63,29.71,18083
-32.17,36.72,18096
-68.38,34.02,18107
21.40,30.38,18118
112.02,26.61,18130
78.81,30.67,18142
-22.30,36.95,18154
-68.12,33.47,18165
5.48,29.22,18178
100.68,25.54,18189
88.01,29.43,18201
-5.53,36.74,18212
-70.07,33.24,18225
-11.60,29.80,18236
95.03,26.55,18248
96.47,30.38,18259
8.13,37.09,18271
-62.92,33.65,18283
-27.30,29.66,18294
77.13,26.07,18307
102.34,29.45,18318
26.11,36.42,18330
-59.37,33.29,18341
65.24,28.99,18354
104.13,26.20,18365
45.00,29.89,18377
-47.75,36.42,18388
-55.87,33.55,18401
45.69,30.25,18412
110.44,26.14,18423
62.08,29.50,18436
-37.83,36.03,18447
-69.73,32.96,18459
31.83,28.96,18470
110.63,25.13,18483
73.19,28.91,18494
-25.02,35.89,18506
-76.96,32.78,18518
11.87,28.77,18530
112.83,25.53,18541
83.76,30.45,18553
-14.23,37.86,18565
-72.89,34.14,18576
-6.94,29.54,18588
105.67,26.05,18599
99.44,30.56,18612
-3.14,36.61,18623
-74.86,32.97,18635
-18.17,29.26,18647
92.71,25.27,18659
105.05,30.50,18670
14.08,36.98,18682
-71.91,33.64,18694
-34.94,29.56,18706
85.21,25.85,18717
108.62,31.13,18728
-60.11,37.12,18741
-48.00,33.31,18752
66.53,29.49,18764
115.60,24.95,18776
37.43,30.33,18788
-54.93,36.32,18799
-54.45,32.90,18811
50.32,29.35,18823
112.35,25.25,18835
54.82,30.55,18846
-42.57,36.65,18859
-61.70,33.18,18870
34.33,29.41,18881
107.38,25.01,18893
67.45,30.14,18905
-26.56,35.78,18917
-67.53,32.17,18928
15.49,28.50,18940
105.47,25.29,18952
76.81,30.32,18964
-13.27,36.29,18975
-63.54,32.82,18988
-1.94,29.80,18999
95.09,26.29,19010
88.69,30.96,19022
4.35,37.12,19034
-64.05,33.21,19046
-20.35,29.51,19057
86.34,25.15,19069
102.10,29.58,19081
16.17,36.83,19093
-61.34,32.93,19104
-33.32,29.81,19117
73.21,26.54,19128
37.66,31.08,19140
-57.82,38.34,19151
-47.85,33.90,19164
64.14,30.26,19175
109.75,26.12,19186
48.02,29.76,19198
-47.41,36.90,19210
-65.05,32.02,19222
45.24,28.42,19233
114.27,24.94,19246
60.42,29.25,19257
-37.40,36.87,19269
-70.54,32.56,19280
26.65,29.74,19293
113.53,26.66,19304
74.24,30.48,19315
-24.68,37.97,19328
-72.68,33.05,19339
9.54,29.17,19351
110.01,25.51,19362
85.46,28.47,19375
-14.65,36.28,19386
-74.36,31.17,19398
-8.39,28.10,19409
99.14,25.61,19422
96.96,30.07,19433
2.05,37.37,19445
-70.70,33.58,19457
-21.96,30.49,19468
90.91,27.20,19480
105.79,30.12,19491
17.02,37.22,19504
-66.61,32.10,19515
76.71,27.54,19527
109.91,25.02,19538
30.45,28.46,19551
-61.07,36.50,19562
-48.54,32.91,19574
65.98,29.21,19586
111.50,27.56,19598
46.25,31.68,19609
-45.45,38.72,19620
-58.34,34.26,19633
46.10,28.82,19644
112.17,25.42,19656
55.33,29.17,19667
-39.43,35.00,19680
-63.66,31.40,19691
27.43,26.44,19703
104.83,24.71,19715
70.26,30.54,19727
-19.76,36.66,19738
-67.75,34.92,19750
9.70,30.21,19762
106.74,27.61,19773
79.52,32.58,19785
-5.68,36.19,19796
-59.03,33.18,19809
-13.65,27.52,19820
91.25,23.66,19832
96.61,29.34,19844
2.00,34.14,19856
-63.57,32.12,19867
-20.95,28.31,19879
78.01,25.90,19891
99.60,32.73,19903
-60.22,37.84,19914
-39.47,34.55,19927
71.52,30.10,19938
106.63,25.99,19949
37.27,30.91,19961
-52.61,35.56,19973
-53.14,30.50,19985
50.21,26.93,19996
106.53,22.84,20008
55.13,29.47,20020
-42.61,36.48,20032
-67.24,32.75,20043
43.65,30.79,20056
113.81,26.99,20067
64.05,32.85,20078
-25.08,39.05,20090
-69.80,33.26,20102
17.89,29.64,20114
115.36,24.47,20125
76.29,28.41,20137
-25.84,35.13,20149
-72.45,29.54,20161
1.70,27.86,20172
104.37,25.11,20185
91.95,30.50,20196
-5.79,38.79,20208
-71.36,33.54,20219
-11.54,30.37,20231
97.63,27.52,20243
100.26,30.37,20254
4.43,37.86,20267
-70.65,30.35,20278
-25.62,26.89,20290
80.47,24.71,20301
24.17,28.37,20314
-68.04,36.80,20325
-40.54,31.73,20337
76.27,29.32,20348
107.39,28.18,20361
37.29,31.73,20372
-49.87,40.20,20383
-50.97,34.11,20396
56.01,29.50,20407
112.51,26.80,20419
50.17,29.12,20430
-42.78,35.34,20443
-62.37,30.65,20454
38.21,26.03,20466
107.78,24.64,20477
61.59,28.58,20490
-30.33,36.64,20501
-67.32,33.32,20513
19.31,30.44,20525
109.80,29.28,20536
80.26,33.51,20548
-15.81,38.31,20559
-70.54,34.49,20572
2.09,28.66,20583
100.54,25.57,20595
89.22,28.98,20606
-3.60,34.73,20619
-72.90,31.22,20630
-18.26,26.76,20642
92.98,25.86,20654
99.46,31.53,20666
12.18,38.60,20677
-66.38,35.22,20688
84.86,30.39,20701
109.00,28.16,20712
26.06,32.20,20724
-61.81,37.15,20736
-45.81,31.95,20748
67.15,26.45,20759
109.09,23.54,20771
37.32,28.85,20783
-53.71,35.43,20795
-56.71,31.89,20806
53.09,28.29,20818
114.15,26.87,20830
52.66,32.89,20841
-40.84,39.27,20853
-59.99,35.11,20865
36.02,30.46,20877
111.99,26.58,20888
66.43,30.81,20900
-30.04,35.40,20912
-66.72,30.12,20924
13.93,26.29,20935
102.57,23.53,20947
78.82,29.40,20959
-16.65,36.45,20971
-67.42,32.79,20982
1.15,30.18,20994
96.58,28.16,21006
93.41,32.70,21017
6.62,38.65,21029
-67.96,32.64,21041
-20.44,28.21,21053
88.74,25.15,21064
97.88,28.54,21076
-63.59,35.99,21088
-37.50,30.51,21100
74.94,28.61,21111
107.64,27.03,21124
35.18,31.39,21135
-55.92,39.60,21146
-49.79,33.32,21158
65.11,29.54,21170
110.45,26.97,21182
44.89,29.94,21193
-46.86,37.20,21206
-64.43,30.59,21217
43.97,27.15,21229
114.87,25.32,21240
58.20,29.64,21253
-36.56,37.14,21264
-68.04,33.17,21276
25.61,30.11,21287
118.58,28.13,21299
77.12,31.90,21311
-27.48,38.99,21322
-71.77,32.96,21335
8.21,27.74,21346
107.10,25.29,21358
89.43,28.65,21369
-18.06,35.88,21382
-77.72,31.07,21393
-3.61,27.75,21405
100.90,27.32,21416
96.79,32.06,21429
1.42,39.59,21440
-73.38,35.05,21451
-16.97,30.40,21464
95.48,28.08,21475
12.84,31.21,21487
-70.50,36.16,21498
-35.67,30.42,21511
79.66,25.57,21522
104.07,24.02,21534
27.18,29.43,21545
-60.47,36.13,21558
-47.61,32.93,21569
67.50,29.61,21581
112.92,28.80,21593
41.27,33.47,21604
-46.74,39.13,21616
-55.73,33.67,21627
50.62,28.63,21640
110.63,26.14,21651
52.65,29.62,21663
-37.78,35.06,21675
-64.77,30.68,21687
26.80,26.70,21698
110.27,26.27,21710
68.99,30.90,21722
-25.17,38.10,21734
-63.91,33.58,21745
10.03,30.15,21756
101.46,28.57,21769
86.88,31.92,21780
-8.56,37.31,21792
-68.50,32.19,21804
-8.47,26.48,21816
91.64,25.02,21827
93.94,28.54,21839
3.29,35.52,21851
-69.33,30.74,21863
79.12,27.19,21874
103.46,27.06,21886
28.47,32.00,21898
-64.65,38.73,21909
-40.01,35.31,21921
75.96,30.63,21933
107.60,28.51,21945
39.21,31.10,21956
-54.23,36.44,21968
-60.05,30.64,21980
55.01,25.23,21992
114.21,24.13,22003
49.74,29.08,22016
-49.97,36.41,22027
-65.49,33.23,22039
43.99,29.85,22050
115.42,29.32,22062
68.74,33.89,22074
-32.72,40.25,22085
-71.38,33.76,22097
26.06,28.43,22109
116.24,25.76,22121
71.78,29.15,22132
-25.50,34.53,22145
-73.51,29.04,22156
2.00,25.89,22168
107.23,25.42,22179
89.11,31.28,22191
-14.80,38.99,22203
-68.31,34.35,22214
-8.26,30.52,22226
98.27,28.83,22238
100.92,32.28,22250
-70.47,38.17,22261
-20.43,31.44,22274
82.69,26.71,22285
98.87,24.53,22297
19.39,28.58,22308
-64.13,34.82,22321
-39.34,30.73,22332
74.00,27.47,22343
104.25,27.11,22355
36.07,32.97,22367
-47.30,39.12,22379
-48.03,34.24,22390
56.86,29.38,22403
109.06,27.04,22414
49.05,31.26,22426
-41.28,35.93,22437
-59.34,30.69,22450
37.39,26.47,22461
107.62,25.50,22473
63.63,30.98,22484
-27.10,37.21,22496
-63.02,32.29,22508
20.31,29.31,22519
106.62,27.46,22532
76.39,32.15,22543
-10.97,37.03,22555
-67.48,32.38,22566
-2.11,28.01,22579
101.21,25.78,22590
90.17,29.65,22602
-2.32,36.16,22614
-67.24,30.60,22626
-19.95,27.15,22637
103.99,26.38,22648
13.79,31.46,22661
-68.47,37.93,22672
-31.46,33.20,22684
80.58,28.78,22695
110.33,27.82,22708
28.62,31.45,22719
-61.25,37.96,22731
-47.13,32.03,22743
65.05,27.04,22755
114.14,26.22,22766
44.01,29.45,22778
-59.01,36.33,22790
-60.21,31.57,22801
56.36,27.35,22813
112.98,27.87,22824
57.06,31.82,22837
-41.27,38.56,22848
-69.61,33.28,22860
36.09,28.21,22872
117.54,27.50,22884
65.42,30.71,22895
-34.53,36.35,22907
-69.92,30.88,22919
18.73,26.03,22931
106.98,25.70,22942
77.98,30.79,22953
-19.74,37.09,22966
-71.69,32.40,22977
3.89,28.92,22989
104.70,28.53,23001
86.12,33.57,23013
-0.09,38.00,23024
-62.70,32.50,23036
89.90,28.05,23048
99.15,25.93,23060
8.71,30.15,23071
-62.48,35.80,23084
-31.48,30.56,23095
74.38,26.97,23106
105.06,26.15,23118
28.36,31.20,23130
-58.09,38.39,23142
-43.01,32.87,23153
62.89,29.41,23165
109.12,28.25,23177
44.40,32.77,23189
-48.93,38.39,23200
-52.78,32.07,23213
45.69,27.76,23224
105.66,26.06,23236
62.44,30.80,23247
-38.26,36.42,23259
-66.59,31.43,23271
32.18,28.53,23282
106.50,27.70,23294
71.43,32.48,23306
-19.83,38.64,23318
-71.96,33.42,23329
10.82,28.44,23342
109.21,27.14,23353
80.63,31.21,23365
-12.16,37.06,23376
-72.18,30.82,23389
-7.17,26.87,23400
100.63,26.28,23411
91.81,31.35,23424
-70.84,36.80,23435
-25.06,32.33,23447
95.30,28.05,23458
102.03,27.77,23471
14.21,32.26,23482
-60.72,38.38,23494
-36.79,32.36,23505
76.89,27.76,23518
111.36,27.05,23529
26.99,30.97,23541
-60.31,36.86,23553
-46.73,31.59,23564
63.72,27.44,23576
113.65,27.96,23587
43.40,32.37,23600
-48.71,38.58,23611
-53.14,32.82,23623
45.68,28.74,23634
111.93,27.86,23647
61.69,31.51,23658
-38.81,36.59,23670
-63.77,30.82,23682
31.21,26.26,23694
105.02,26.12,23705
70.92,30.36,23716
-20.71,36.88,23729
-69.46,31.93,23740
12.02,27.99,23752
105.41,28.87,23763
82.41,32.99,23776
-7.78,39.12,23787
-67.46,32.71,23799
-6.02,28.18,23811
93.50,27.50,23823
4.66,30.92,23834
-67.92,36.17,23846
-25.51,31.03,23858
86.87,26.48,23869
101.46,26.83,23881
19.84,30.85,23892
-61.93,38.14,23905
-41.96,32.21,23916
73.33,28.36,23928
111.89,28.46,23940
36.47,32.62,23952
-56.28,37.93,23963
-55.30,32.47,23975
58.96,27.26,23987
115.04,26.48,23999
49.79,30.53,24010
-48.95,36.59,24022
-62.71,30.88,24034
39.75,27.35,24045
115.48,27.26,24057
67.45,32.35,24069
-38.24,37.62,24081
-68.68,32.99,24092
27.38,28.00,24104
110.81,27.35,24116
77.42,31.43,24128
-23.96,36.38,24139
-72.78,31.01,24152
8.03,25.72,24163
102.73,26.35,24174
88.66,31.21,24186
-11.38,36.86,24198
-75.40,32.59,24210
97.09,27.85,24221
93.39,28.48,24233
10.00,33.20,24245
-69.37,37.88,24257
-25.31,32.72,24268
91.36,27.27,24281
97.96,27.09,24292
15.88,31.60,24304
-59.35,36.26,24315
-39.31,31.43,24327
73.81,26.85,24339
106.37,27.29,24350
31.11,32.23,24363
-53.03,37.34,24374
-50.06,33.19,24386
59.47,28.29,24397
113.23,28.62,24410
45.90,32.53,24421
-43.46,37.20,24433
-56.44,31.24,24444
38.10,26.51,24457
111.17,26.34,24468
63.41,30.85,24479
-35.51,35.93,24492
-63.04,31.99,24503
23.03,27.55,24515
103.70,28.30,24526
80.40,32.59,24539
-15.87,38.11,24550
-69.59,32.86,24562
5.16,27.32,24573
100.52,27.72,24586
91.09,31.17,24597
-71.50,36.15,24609
-13.05,31.41,24621
92.89,25.90,24632
97.40,27.51,24644
13.96,31.33,24655
-66.53,37.23,24668
-34.18,32.63,24679
83.76,27.42,24691
107.74,28.60,24702
28.02,31.77,24715
-59.94,36.97,24726
-46.32,32.45,24738
68.64,26.05,24750
111.77,27.28,24762
42.09,30.29,24773
-54.47,36.11,24784
-60.59,31.72,24797
52.71,26.96,24808
115.32,28.34,24820
59.28,32.56,24832
-43.74,37.42,24844
-69.16,33.69,24855
35.46,27.34,24867
118.88,28.44,24879
71.89,31.80,24891
-35.74,35.87,24902
-74.61,31.18,24914
18.45,25.92,24926
111.08,26.87,24937
84.96,32.08,24949
-20.27,36.21,24961
-77.74,33.59,24973
3.37,27.15,24984
91.33,28.27,24996
-4.90,33.10,25008
-75.48,36.85,25020
-15.35,31.63,25031
97.03,26.11,25043
100.65,26.35,25055
10.96,31.56,25067
-71.28,34.87,25078
-32.81,32.07,25090
85.98,26.19,25102
107.72,27.47,25113
23.27,32.88,25125
-59.67,37.70,25137
-43.98,33.11,25149
67.61,28.03,25160
114.45,27.95,25172
40.09,32.90,25184
-57.51,35.99,25196
-52.74,31.24,25207
49.50,25.72,25220
109.70,25.85,25231
56.05,31.25,25242
-44.21,36.33,25254
-63.07,32.65,25266
37.08,27.65,25278
109.54,28.95,25289
70.87,33.77,25302
-27.29,38.08,25313
-69.69,32.31,25325
18.90,27.05,25336
106.27,27.57,25349
74.71,32.12,25360
-12.14,35.70,25372
-2.96,31.13,25383
99.48,26.73,25395
87.84,27.57,25407
-0.76,32.38,25418
-63.74,36.96,25431
-19.72,32.37,25442
85.51,27.44,25454
101.77,28.66,25465
17.87,32.69,25478
-64.00,37.56,25489
-35.36,32.44,25501
74.95,25.92,25512
105.77,27.48,25525
32.50,31.06,25536
-58.52,36.71,25547
-50.50,31.22,25560
63.19,25.67,25571
110.27,27.88,25583
46.34,32.40,25594
-47.10,38.16,25607
-61.44,32.57,25618
48.61,26.84,25630
113.84,27.54,25641
57.14,31.95,25654
-37.14,35.71,25665
-69.88,30.63,25677
26.15,26.22,25689
116.88,26.78,25700
70.54,32.40,25712
-28.25,36.56,25723
-66.50,31.17,25736
9.34,27.42,25747
104.84,27.23,25759
88.33,32.99,25771
-73.35,36.77,25783
-2.48,30.68,25794
95.99,26.15,25806
92.99,26.07,25818
4.04,31.53,25830
-70.14,36.38,25841
-21.00,29.91,25852
89.83,27.14,25865
102.36,28.22,25876
19.10,33.72,25888
-63.86,38.30,25900
-35.32,32.38,25912
78.92,27.60,25923
109.18,28.11,25935
31.65,32.04,25947
-60.63,36.85,25959
-48.34,29.84,25970
63.27,25.57,25982
110.10,26.84,25994
47.05,31.39,26005
-48.99,36.54,26017
-61.22,31.40,26029
48.93,26.60,26041
112.57,28.66,26052
59.11,32.81,26064
-35.51,37.17,26076
-66.24,31.41,26088
27.31,25.93,26099
111.67,27.32,26112
71.26,31.50,26123
-25.28,34.77,26135
-70.45,30.80,26146
5.20,24.99,26158
88.19,27.94,26170
-11.99,33.01,26181
-69.47,37.13,26193
-5.61,33.52,26205
96.28,26.46,26217
100.40,28.91,26228
4.12,32.70,26241
-73.33,36.04,26252
-20.64,30.86,26264
86.76,24.35,26275
100.11,26.60,26288
20.49,31.63,26299
-67.22,34.89,26310
-40.06,31.20,26322
77.12,26.15,26334
106.99,28.08,26346
34.69,33.38,26357
-55.49,37.03,26370
-53.02,32.64,26381
59.86,26.49,26393
114.01,27.72,26404
49.85,31.88,26417
-49.42,35.26,26428
-65.76,29.83,26440
44.06,24.58,26451
114.49,26.78,26463
59.46,32.65,26475
-34.60,37.11,26486
-68.47,32.23,26499
25.13,27.53,26510
115.91,29.15,26522
75.52,33.81,26533
-26.71,37.05,26546
9.62,30.09,26557
102.85,25.54,26569
86.48,26.93,26580
-11.85,31.83,26593
-71.04,35.76,26604
-6.82,30.90,26615
95.31,26.31,26628
94.41,28.51,26639
6.46,33.42,26651
-65.01,37.97,26662
-21.84,31.20,26675
82.55,27.29,26686
98.85,28.12,26698
24.53,32.55,26710
-62.40,35.65,26722
-42.32,30.45,26733
72.01,25.80,26745
102.85,27.99,26757
36.71,32.77,26768
-47.03,36.82,26780
-56.60,31.50,26791
52.50,27.13,26804
114.69,29.05,26815
51.07,33.64,26827
-39.89,36.84,26839
-60.19,31.71,26851
32.26,25.45,26862
110.84,27.10,26874
68.85,32.01,26886
-33.34,35.74,26898
-69.33,30.20,26909
18.60,25.99,26920
106.20,28.02,26933
-13.81,33.85,26944
-74.50,37.00,26956
-0.46,32.73,26968
105.14,26.62,26980
92.58,28.24,26991
-4.88,32.49,27003
-73.54,35.35,27015
-18.11,29.96,27027
94.03,24.42,27038
102.69,26.67,27051
9.00,32.09,27062
-73.06,35.41,27073
-32.15,32.12,27085
87.57,26.35,27097
110.20,29.48,27109
23.47,34.24,27120
-63.71,36.42,27132
-44.86,31.95,27144
73.18,24.65,27156
116.35,27.74,27167
34.32,32.54,27180
-59.00,34.84,27191
-54.14,30.18,27203
56.28,24.93,27214
112.94,27.91,27226
52.22,33.65,27238
-44.19,36.03,27249
-61.78,31.84,27261
38.23,26.24,27273
111.62,28.36,27285
65.06,33.07,27296
-34.68,35.82,27309
-65.23,30.54,27320
-390.68,24.90,27332
-17.94,26.88,27343
-71.28,31.96,27366
5.00,35.71,27378
100.94,30.36,27389
84.61,26.27,27401
0.53,28.48,27412
-65.75,33.98,27423
-17.04,37.33,27435
94.18,31.29,27446
96.05,26.81,27457
9.29,27.85,27469
-60.85,32.53,27481
-32.94,35.49,27492
74.09,29.62,27503
102.62,25.41,27514
29.16,27.41,27526
-55.17,33.13,27537
-46.00,37.39,27548
62.89,32.12,27560
111.05,27.26,27572
45.07,29.48,27583
-48.84,34.33,27594
-54.63,37.29,27606
43.64,30.71,27617
109.36,25.51,27628
63.24,27.48,27639
-39.40,31.94,27652
-71.10,35.45,27663
31.17,30.45,27674
109.77,26.29,27685
72.03,28.93,27697
-21.43,33.99,27708
-71.85,37.48,27719
9.71,32.05,27730
108.65,27.31,27743
88.80,28.64,27754
-10.74,33.33,27766
-76.99,35.06,27778
-9.57,30.43,27790
100.50,24.41,27801
95.44,27.22,27813
2.67,32.45,27825
-73.98,36.03,27836
-26.88,32.03,27848
95.67,26.69,27859
109.23,30.01,27872
16.05,35.16,27883
-65.19,37.21,27895
-37.83,32.14,27907
78.29,25.65,27919
114.33,27.73,27930
29.06,32.60,27942
-64.37,34.57,27954
-47.26,29.70,27966
64.70,24.56,27977
111.69,27.83,27988
44.72,34.17,28001
-52.52,36.73,28012
-56.50,31.91,28024
51.18,26.75,28036
109.80,28.92,28048
55.79,34.30,28059
-37.85,35.96,28071
-65.57,29.64,28083
31.54,24.79,28095
110.47,26.46,28106
-26.76,32.17,28119
-66.14,34.99,28130
10.84,29.97,28141
107.08,26.53,28153
81.34,29.26,28165
-12.56,34.99,28177
-63.16,38.27,28188
-2.51,31.99,28200
95.40,26.82,28212
94.22,28.59,28224
1.61,32.22,28235
-66.33,35.17,28248
-20.80,28.24,28259
80.63,24.73,28271
97.78,27.78,28282
23.62,32.88,28294
-60.58,36.67,28306
-36.12,31.81,28317
72.73,26.46,28329
105.58,29.80,28341
39.23,33.58,28353
-50.18,36.63,28364
-52.29,30.12,28377
53.68,25.16,28388
107.38,27.85,28400
53.54,32.19,28411
-42.55,35.06,28424
-65.80,31.49,28435
35.91,25.14,28446
113.25,29.22,28459
70.27,33.59,28470
-31.19,36.80,28482
-75.95,32.06,28493
113.41,26.06,28506
81.63,29.10,28517
-20.97,33.81,28529
-79.18,35.16,28540
4.35,30.68,28553
111.26,24.09,28564
89.58,27.47,28576
-10.31,33.32,28588
-77.49,35.17,28599
-12.42,31.25,28611
105.61,26.29,28622
102.91,29.40,28635
0.07,35.62,28646
-72.66,36.11,28658
-22.60,31.62,28669
89.89,25.18,28682
105.58,27.54,28693
15.39,32.89,28705
-70.65,33.44,28717
-37.77,29.98,28729
77.81,24.25,28740
108.44,27.98,28751
30.04,34.71,28764
-59.36,36.44,28775
-47.17,32.51,28787
65.20,26.68,28798
108.53,29.09,28811
44.73,34.77,28822
-47.43,34.80,28834
-58.22,29.94,28846
45.88,24.62,28858
107.24,26.69,28869
54.27,32.99,28881
-32.53,34.69,28893
24.48,30.67,28904
107.46,27.10,28916
70.03,29.65,28928
-19.08,35.60,28940
-58.04,36.82,28951
4.62,31.46,28963
94.45,26.12,28975
87.48,28.09,28987
-5.57,32.80,28998
-66.09,34.71,29010
-10.65,29.60,29022
84.11,24.38,29034
93.91,27.82,29045
14.01,33.38,29057
-64.23,36.62,29069
-27.30,31.36,29080
78.52,26.87,29092
99.17,30.05,29104
30.53,34.50,29116
-55.95,36.86,29127
-46.06,31.26,29139
65.14,25.01,29151
109.58,27.77,29163
42.12,31.83,29174
-49.89,34.28,29187
-60.34,29.20,29198
47.65,25.06,29209
113.13,29.02,29221
59.68,34.08,29233
-39.84,36.76,29245
-66.68,33.17,29256
35.83,26.96,29268
117.69,30.62,29280
-28.30,34.61,29292
-71.21,35.58,29303
16.58,29.95,29316
109.61,24.07,29327
80.69,27.23,29339
-20.72,32.83,29350
-73.24,34.02,29362
3.04,31.10,29374
104.66,25.24,29385
90.76,29.48,29398
-2.61,35.81,29409
-69.60,36.87,29421
-13.71,32.30,29432
96.37,25.56,29445
98.73,27.76,29456
9.55,32.80,29468
-68.28,33.04,29479
-33.17,29.20,29492
81.86,23.66,29503
105.05,27.56,29514
23.10,34.62,29527
-56.22,36.09,29538
-42.51,32.76,29550
66.15,27.32,29561
113.57,30.30,29574
43.47,35.60,29585
-51.05,35.37,29597
-53.81,31.30,29608
48.49,24.22,29621
112.52,27.23,29632
57.72,33.05,29644
-43.00,34.03,29656
-65.78,31.10,29668
109.04,25.86,29679
71.62,29.97,29690
-25.19,36.26,29703
-71.41,36.76,29714
16.37,33.05,29726
109.57,26.31,29737
80.62,28.91,29750
-15.35,34.26,29761
-71.58,33.69,29773
-5.97,28.98,29785
98.13,23.90,29797
91.23,27.14,29808
-0.78,33.88,29819
-68.12,35.38,29832
-20.14,32.52,29843
89.74,27.37,29855
103.22,30.91,29867
16.75,36.32,29879
-66.96,36.17,29890
-37.52,30.86,29902
75.48,25.16,29914
104.53,28.00,29926
32.10,33.13,29937
-59.68,34.40,29949
-50.26,31.25,29961
61.81,24.67,29973
113.46,29.38,29984
46.73,35.06,29996
-51.04,36.87,30008
-59.57,32.43,30019
49.47,26.43,30031
111.11,29.96,30043
62.07,34.48,30055
-38.13,34.71,30066
31.43,29.99,30078
113.53,23.77,30090
68.65,27.96,30102
-28.03,32.88,30113
-70.99,33.73,30126
10.46,31.12,30137
109.90,25.56,30148
88.66,30.33,30160
-16.14,36.10,30172
-72.09,36.06,30184
-2.06,32.42,30195
98.88,25.24,30208
94.46,28.13,30219
0.69,33.30,30231
-74.91,32.47,30242
-20.58,29.11,30255
89.48,23.28,30266
99.92,27.28,30278
13.09,34.76,30289
-64.63,34.90,30301
-33.93,31.27,30313
77.86,26.88,30324
106.55,29.42,30337
34.38,35.62,30348
-58.01,34.66,30360
-47.31,30.91,30371
65.03,25.23,30384
107.41,28.03,30395
45.85,34.65,30407
-41.94,34.65,30418
-60.74,30.85,30431
41.85,26.24,30442
114.36,29.16,30453
-34.23,35.49,30466
-66.75,36.13,30477
26.48,32.20,30489
110.87,27.13,30500
74.45,29.78,30513
-20.35,36.01,30524
-68.92,35.96,30536
5.13,30.35,30547
107.22,25.80,30560
86.67,28.37,30571
-11.95,34.53,30583
-70.32,34.33,30595
-10.15,29.88,30606
93.79,25.78,30618
98.98,29.63,30629
6.18,35.98,30642
-69.38,36.67,30653
-24.22,31.80,30665
88.77,25.76,30676
105.67,29.37,30689
17.46,34.33,30700
-66.96,34.74,30712
-36.97,29.60,30724
73.86,24.26,30736
107.84,29.08,30747
34.08,35.02,30758
-60.00,36.35,30771
-49.40,31.91,30782
65.10,26.90,30794
109.50,31.18,30806
49.15,35.90,30818
-43.87,36.01,30829
-60.21,30.73,30841
109.11,24.26,30853
56.43,28.22,30865
-33.94,32.86,30876
-66.70,33.76,30888
23.45,29.39,30900
106.45,25.17,30911
70.37,30.00,30923
-15.92,35.34,30935
-63.57,36.23,30947
2.26,32.90,30958
102.96,26.20,30970
85.90,30.13,30982
-7.81,34.13,30994
-63.24,33.83,31005
-13.74,29.22,31017
84.57,22.89,31029
95.87,27.46,31041
9.55,33.14,31052
-67.01,34.06,31064
-26.78,31.51,31076
79.57,26.05,31087
101.72,30.94,31099
28.86,36.82,31111
-58.60,35.97,31123
-42.43,31.96,31134
67.57,25.38,31147
108.94,28.39,31158
42.32,33.80,31170
-57.01,32.67,31181
-58.22,29.20,31194
54.12,23.62,31205
109.87,28.21,31216
53.74,35.24,31228
-393.34,35.28,31240
116.89,32.58,31252
70.21,27.33,31275
-30.25,30.80,31286
-69.68,37.15,31297
20.61,35.43,31309
109.64,31.09,31321
79.79,24.63,31332
-19.65,27.34,31343
-76.57,33.79,31354
0.74,32.97,31366
105.88,30.01,31377
91.76,25.02,31388
-4.36,29.55,31400
-71.94,37.10,31412
-14.94,36.35,31423
99.95,32.64,31434
102.86,26.26,31446
5.75,29.11,31457
-70.68,35.25,31468
-30.97,32.87,31479
83.77,28.81,31492
104.97,23.42,31503
21.53,27.31,31514
-62.92,35.00,31525
-43.29,34.69,31537
74.12,31.27,31548
111.52,26.89,31559
34.51,30.64,31570
-51.60,36.73,31583
-51.35,35.20,31594
53.14,30.11,31605
112.45,24.64,31617
49.94,27.85,31628
-46.72,33.21,31639
-61.20,32.28,31651
37.19,28.18,31663
110.51,24.40,31674
66.47,29.83,31686
-31.57,36.13,31697
-65.70,36.30,31710
22.86,32.11,31721
108.32,27.24,31733
78.36,31.18,31745
-15.36,35.48,31757
-69.81,34.60,31768
0.31,29.32,31780
99.21,23.33,31792
86.17,28.05,31804
-2.51,33.37,31815
-68.43,34.30,31826
-16.49,30.42,31839
91.16,26.15,31850
96.93,31.69,31862
18.09,36.98,31874
-60.59,36.47,31886
-32.93,32.76,31897
78.30,25.63,31909
106.06,29.29,31921
30.09,33.90,31933
-56.74,33.18,31944
-48.07,29.84,31956
60.15,23.92,31968
111.21,29.27,31979
47.23,35.49,31991
-48.49,35.08,32003
-58.75,32.28,32015
114.12,26.74,32026
61.10,30.91,32038
-37.78,36.92,32050
-69.55,34.64,32062
28.87,30.56,32073
115.95,23.65,32086
72.14,27.21,32097
-33.08,34.51,32109
-74.81,32.84,32120
14.88,29.49,32132
109.66,25.90,32144
86.39,29.93,32155
-13.99,37.20,32167
-74.79,35.24,32179
-0.74,32.24,32191
106.63,26.43,32202
96.00,29.34,32215
-3.41,35.40,32226
-73.29,32.92,32238
-18.93,29.46,32249
90.94,23.41,32262
106.06,27.42,32273
10.97,35.30,32284
-76.62,33.72,32296
-31.26,31.26,32308
88.17,26.60,32320
105.50,30.43,32331
28.99,37.31,32344
-59.51,33.82,32355
-51.56,30.44,32367
70.98,24.55,32378
114.67,27.90,32391
34.04,34.42,32402
-53.31,31.72,32414
47.14,30.01,32425
112.66,25.03,32437
58.90,29.56,32449
-42.21,37.59,32460
-62.13,34.64,32473
38.47,32.45,32484
108.90,27.02,32496
69.87,29.83,32507
-23.92,36.52,32520
-70.42,33.13,32531
14.46,29.96,32543
108.29,24.10,32555
78.74,27.31,32567
-15.42,34.93,32578
-68.48,33.12,32589
-4.08,30.23,32602
98.87,26.73,32613
95.11,30.45,32625
0.49,37.52,32636
-68.89,35.47,32649
-14.98,30.66,32660
90.34,25.97,32672
98.25,28.68,32684
15.59,34.47,32696
-65.07,32.64,32707
-37.31,27.61,32719
76.20,24.38,32731
106.08,29.12,32742
29.29,36.02,32754
-57.43,35.99,32765
-45.82,30.87,32778
64.55,27.49,32789
111.30,31.40,32801
-44.47,36.08,32813
-60.02,34.60,32825
44.10,28.32,32836
111.86,23.17,32848
55.43,27.77,32860
-38.00,33.58,32872
-63.60,33.98,32883
26.56,29.22,32894
112.13,26.28,32907
73.48,31.47,32918
-22.40,37.22,32930
-67.91,36.11,32942
8.49,30.63,32954
107.31,25.94,32965
83.61,29.92,32977
-9.98,34.47,32989
-67.56,32.54,33001
-12.32,28.45,33012
92.03,23.48,33025
98.15,29.26,33036
4.91,35.59,33047
-70.49,34.42,33059
-22.38,30.62,33071
85.51,25.99,33083
103.45,31.19,33094
24.12,37.16,33106
-63.54,35.00,33118
-40.57,30.91,33130
76.80,24.79,33141
108.88,29.04,33154
34.09,35.07,33165
-57.37,32.44,33177
-51.46,29.10,33188
110.98,24.59,33200
50.15,29.78,33212
-45.20,36.70,33223
-61.54,34.86,33235
46.78,31.97,33247
112.88,26.67,33259
60.52,30.64,33270
-32.08,36.50,33283
-67.18,32.98,33294
21.54,28.91,33306
111.51,23.94,33317
75.02,28.62,33330
-23.26,35.25,33341
-69.13,32.95,33352
6.94,30.74,33364
105.21,25.78,33376
90.62,30.91,33388
-8.74,38.14,33399
-72.80,34.30,33412
-8.16,30.62,33423
98.11,25.18,33435
95.47,29.05,33446
6.92,34.92,33459
-70.46,31.17,33470
-27.34,28.88,33482
87.20,23.54,33494
102.70,28.80,33505
18.47,36.61,33517
-63.26,34.07,33528
-40.21,32.22,33541
76.04,26.66,33552
113.26,30.84,33564
36.76,37.85,33575
-53.08,33.63,33588
58.71,29.71,33599
112.76,24.52,33611
47.09,27.77,33623
-46.70,34.69,33635
-62.63,31.84,33646
41.83,29.49,33657
115.11,26.24,33670
65.21,31.04,33681
-37.56,38.34,33693
-65.70,35.53,33704
29.22,31.78,33717
110.19,27.25,33728
76.62,30.33,33740
-23.06,36.48,33752
-73.14,32.67,33764
8.84,28.04,33775
105.34,24.18,33787
82.06,28.19,33799
-6.41,36.27,33810
-68.98,34.07,33822
-8.97,30.54,33833
100.37,27.51,33846
94.07,31.49,33857
5.30,37.24,33869
-64.89,34.44,33881
-25.60,29.83,33893
84.20,25.17,33904
103.29,28.29,33916
19.33,34.93,33928
-61.41,32.41,33940
-40.57,28.55,33951
70.16,25.01,33963
109.04,29.45,33975
-55.94,37.26,33986
-50.57,35.03,33998
55.32,31.35,34010
111.32,27.52,34022
50.74,30.49,34033
-41.53,36.23,34045
-59.85,32.18,34057
33.51,28.43,34069
108.40,24.11,34080
66.26,28.35,34093
-33.81,35.58,34104
-65.73,33.42,34115
21.77,31.00,34127
104.14,26.82,34139
82.26,31.01,34151
-12.61,38.23,34162
-72.57,33.37,34174
2.25,29.88,34186
98.42,24.64,34198
86.65,27.66,34209
0.76,35.04,34222
-70.42,31.34,34233
-18.21,29.75,34245
89.47,25.36,34256
99.99,29.73,34268
16.04,38.08,34280
-65.02,34.16,34291
-33.80,31.49,34304
81.61,26.70,34315
106.99,29.64,34327
29.56,36.93,34338
-59.26,33.00,34351
-50.31,29.39,34362
114.50,25.02,34374
44.05,28.53,34385
-51.64,36.12,34398
-58.60,33.23,34409
49.81,30.49,34420
115.95,27.26,34433
63.65,31.16,34444
-41.51,37.61,34456
-68.04,35.11,34467
37.02,30.14,34480
114.84,25.70,34491
70.40,28.42,34503
-28.49,34.87,34514
-75.83,31.39,34527
13.74,27.17,34538
110.30,24.75,34550
83.21,29.86,34562
-16.41,36.05,34573
-73.76,35.20,34585
-0.77,31.35,34596
107.02,27.12,34609
95.38,30.81,34620
-1.69,37.01,34632
-73.85,33.89,34643
-18.53,28.54,34656
93.26,24.62,34667
103.73,27.99,34679
10.04,35.42,34691
-73.16,32.89,34703
-29.45,28.82,34714
85.53,26.66,34725
103.79,31.06,34738
28.82,37.62,34749
-45.13,34.54,34761
71.12,30.63,34772
109.20,26.47,34785
38.06,30.16,34796
-46.15,35.42,34808
-54.22,32.23,34820
46.47,28.94,34832
112.19,24.57,34843
56.60,29.35,34855
-38.77,36.73,34867
-60.16,34.08,34878
31.67,31.06,34890
108.51,26.97,34902
73.28,30.89,34914
-23.69,38.41,34925
-66.40,33.73,34937
14.10,29.17,34949
102.25,25.28,34961
84.01,28.48,34972
-9.72,35.61,34984
-73.93,32.08,34996
-4.83,29.03,35008
97.94,25.93,35019
91.87,30.34,35031
7.23,37.82,35043
-67.43,34.75,35054
-24.97,30.90,35066
90.18,26.79,35078
106.36,30.29,35090
16.97,36.63,35101
-64.38,32.31,35113
-39.82,27.94,35125
71.85,24.09,35137
110.46,28.71,35148
-61.24,35.59,35161
-52.04,33.01,35172
61.02,29.85,35183
111.91,26.16,35195
47.98,31.38,35207
-47.46,38.02,35219
-59.45,34.55,35230
45.68,29.99,35243
110.97,25.38,35254
59.78,29.39,35266
-38.87,34.94,35277
-68.86,32.03,35290
28.09,28.16,35301
109.28,24.62,35313
69.38,30.08,35324
-25.90,36.78,35336
-67.42,34.13,35348
11.76,30.57,35359
105.11,27.21,35372
83.99,31.81,35383
-10.53,37.06,35395
-68.66,33.24,35406
-5.12,29.04,35419
93.55,24.48,35430
87.44,29.12,35442
4.97,35.07,35453
-64.23,32.02,35466
-26.09,28.70,35477
81.95,25.77,35488
99.29,31.16,35501
22.89,37.46,35512
-57.68,34.22,35524
-37.87,30.60,35535
105.71,26.15,35548
38.13,29.71,35559
-51.61,35.91,35571
-54.13,31.69,35582
54.39,27.42,35595
107.93,24.70,35606
51.35,28.84,35618
-38.37,35.93,35630
-63.24,32.91,35641
33.38,30.64,35653
114.04,27.40,35664
69.12,31.72,35677
-26.69,38.39,35688
-66.60,34.55,35700
16.56,30.66,35712
107.57,25.48,35724
85.82,28.47,35735
-15.65,34.61,35747
-75.82,30.46,35759
-2.58,27.44,35771
100.32,24.30,35782
97.12,28.87,35793
-3.38,37.58,35806
-76.23,33.91,35817
-11.98,31.17,35829
96.17,27.69,35841
104.46,31.00,35853
15.33,38.04,35864
-76.19,32.79,35876
-32.02,28.66,35888
89.37,25.09,35900
106.84,28.13,35911
24.44,36.40,35923
-50.51,31.62,35935
75.32,29.52,35947
113.94,26.71,35958
37.96,31.37,35970
-52.58,38.23,35982
-59.30,34.65,35993
57.93,30.65,36005
123.76,26.95,36017
47.82,29.93,36029
-49.57,37.00,36040
-61.90,31.58,36052
38.09,27.84,36064
116.09,25.33,36076
69.24,30.00,36087
-37.06,36.59,36099
-71.12,34.07,36111
23.53,30.54,36122
114.16,27.45,36134
79.62,30.79,36146
-20.99,37.66,36158
-70.15,32.93,36169
1.83,28.20,36182
100.93,24.74,36193
92.77,28.25,36205
-8.32,35.01,36216
-75.10,31.34,36229
-8.90,27.93,36240
93.15,26.23,36251
93.21,31.29,36263
13.58,37.62,36275
-64.76,34.31,36287
-31.64,30.03,36298
83.02,26.69,36311
104.23,30.58,36322
-60.34,36.40,36334
-45.97,32.12,36345
65.77,27.38,36358
107.81,24.72,36369
40.73,29.31,36381
-50.23,35.59,36392
-61.06,32.76,36404
50.09,29.11,36416
115.41,26.23,36427
54.13,31.46,36440
-39.37,37.58,36451
-61.75,34.05,36463
28.43,28.91,36474
112.95,25.38,36487
75.43,29.56,36498
-37.04,35.47,36510
-76.00,31.72,36521
22.02,27.67,36534
107.03,25.36,36545
79.73,30.80,36556
-12.40,37.59,36569
-74.86,33.94,36580
-3.41,29.95,36592
110.49,27.07,36603
94.16,31.39,36616
-8.57,36.86,36627
-70.53,31.70,36639
-14.62,28.23,36651
91.13,24.17,36663
102.19,29.51,36674
12.33,36.52,36686
-73.68,32.38,36698
-31.64,29.71,36709
108.49,26.58,36721
23.72,31.01,36732
-59.49,39.22,36745
-45.17,33.23,36756
70.36,29.89,36768
114.08,26.95,36780
42.31,30.06,36792
-56.98,36.60,36803
-58.51,31.16,36815
53.99,28.48,36827
111.61,25.47,36839
54.31,29.31,36850
-42.15,38.02,36861
-66.68,33.33,36874
38.05,30.15,36885
113.68,28.28,36897
70.00,31.02,36909
-30.82,38.80,36921
-71.58,32.19,36932
22.93,27.66,36944
109.34,25.48,36956
73.28,29.02,36968
-15.26,35.48,36979
-70.46,31.49,36992
-1.53,28.06,37003
104.03,26.44,37014
89.04,30.45,37026
-5.13,37.08,37038
-65.61,33.61,37050
-16.07,28.71,37061
89.34,26.97,37073
100.14,30.54,37085
15.18,36.72,37097
-392.83,32.54,37108
6357.14,28.03,37121
104.05,26.54,37132
25.76,31.07,37144
-55.62,36.49,37155
-45.03,33.34,37167
58.93,28.40,37179
113.66,26.47,37190
45.68,31.54,37202
-53.73,37.32,37214
-54.38,33.48,37226
48.67,28.82,37237
108.10,26.34,37250
60.53,31.33,37261
-38.82,36.43,37273
-68.54,33.02,37284
31.92,28.19,37297
112.86,25.29,37308
68.49,30.77,37319
-26.89,37.20,37331
-68.15,33.36,37343
12.91,29.28,37355
106.47,26.59,37366
84.63,31.83,37379
-13.72,37.41,37390
-72.02,32.84,37402
-2.62,28.86,37413
100.06,25.87,37426
90.23,30.75,37437
2.41,36.76,37449
-66.96,32.05,37460
-24.15,28.46,37472
89.16,26.28,37484
102.63,31.03,37495
-64.57,38.00,37508
-35.50,32.87,37519
77.99,29.11,37531
106.81,26.47,37542
29.80,30.48,37555
-56.00,37.60,37566
-49.63,31.72,37578
60.33,28.23,37590
112.63,26.00,37602
46.41,30.54,37613
-50.55,37.40,37624
-59.68,32.48,37637
47.34,28.70,37648
112.06,27.25,37660
61.54,31.38,37671
-35.85,37.76,37684
-69.95,32.34,37695
27.41,28.19,37707
114.46,26.27,37719
72.54,30.26,37731
-25.11,36.34,37742
-73.15,31.20,37754
8.87,28.20,37766
107.23,26.40,37777
87.47,31.21,37789
-9.07,37.42,37800
-74.23,32.94,37813
-10.01,29.28,37824
102.68,26.92,37836
96.15,30.96,37848
1.06,37.47,37860
-69.81,31.47,37871
-24.66,28.01,37883
106.58,25.78,37895
17.72,30.18,37907
-71.08,37.35,37918
-37.28,32.29,37929
81.13,29.22,37942
108.95,27.46,37953
34.45,31.52,37965
-58.34,38.46,37977
-54.26,32.36,37989
66.64,28.11,38000
117.09,26.07,38012
40.11,29.87,38024
-52.60,36.28,38036
-57.97,31.27,38047
46.66,27.36,38060
115.70,26.63,38071
61.30,31.44,38082
-42.95,38.01,38094
-67.27,33.17,38106
35.63,28.45,38118
116.10,27.54,38129
69.65,31.39,38141
-28.94,37.36,38153
-68.79,31.12,38165
12.50,26.22,38176
104.69,25.41,38189
82.35,30.33,38200
-15.15,36.48,38212
-72.94,32.74,38223
-1.52,28.42,38235
99.41,27.78,38247
90.35,32.33,38258
5.54,38.61,38270
-68.29,33.01,38282
90.78,28.57,38294
96.12,26.55,38305
15.86,30.34,38318
-60.63,35.14,38329
-40.62,31.02,38341
74.75,26.96,38352
107.67,26.37,38365
30.31,30.93,38376
-52.37,37.67,38387
-48.99,32.95,38400
56.61,28.96,38411
115.51,28.42,38423
49.07,31.48,38434
-46.89,37.13,38447
-57.58,31.30,38458
39.34,26.07,38470
111.32,25.68,38481
64.50,29.15,38494
-41.23,36.15,38505
-68.57,30.97,38517
28.95,28.08,38529
108.45,28.04,38540
77.95,32.76,38552
-20.56,39.00,38563
-74.79,34.06,38576
10.07,28.40,38587
108.49,27.23,38599
88.92,30.18,38610
-11.35,36.89,38623
-78.01,30.76,38634
-9.21,26.01,38646
100.71,25.91,38658
94.62,30.99,38670
-73.86,37.31,38681
-29.26,33.62,38692
95.34,29.66,38705
109.27,29.10,38716
17.00,32.89,38728
-63.75,38.73,38739
-41.56,33.35,38752
74.98,27.33,38763
116.86,26.26,38775
30.29,29.58,38787
-66.60,35.68,38799
-51.80,30.44,38810
64.45,26.29,38822
112.50,27.07,38834
44.30,32.59,38845
-48.73,38.46,38857
-56.18,34.14,38868
46.78,29.58,38881
115.44,28.50,38892
60.71,33.18,38904
-39.74,37.24,38916
-62.65,31.98,38928
28.37,26.53,38939
102.75,25.50,38951
73.63,29.99,38963
-22.98,36.16,38975
-73.46,31.91,38986
12.90,27.76,38998
105.29,27.89,39010
79.43,33.00,39021
-5.91,38.58,39033
-67.45,33.24,39045
-8.35,28.07,39057
92.22,26.97,39068
5.56,30.86,39080
-65.14,35.21,39092
-27.33,30.47,39104
82.14,26.71,39115
99.18,26.22,39128
22.24,31.62,39139
-55.24,37.25,39150
-39.80,33.60,39162
65.19,29.16,39174
110.48,28.37,39186
37.76,32.02,39197
-53.59,37.43,39209
-48.58,31.41,39221
49.25,25.90,39233
106.88,25.49,39244
54.23,29.56,39257
-47.05,36.39,39268
-64.48,31.60,39280
42.41,27.81,39291
110.57,28.35,39303
66.57,32.56,39315
-28.17,38.77,39326
-70.58,33.26,39339
20.07,28.01,39350
111.50,27.33,39362
79.38,30.09,39373
-21.19,35.61,39386
-72.54,30.46,39397
2.58,25.40,39409
102.80,26.18,39420
88.55,30.70,39433
-3.94,37.46,39444
-70.46,32.63,39455
97.84,28.67,39468
102.37,29.25,39479
10.23,33.51,39491
-65.40,38.45,39502
-28.21,32.29,39515
83.67,26.77,39526
106.77,25.65,39538
21.86,29.86,39549
-64.36,35.25,39562
-43.89,30.56,39573
72.04,26.50,39585
108.89,26.80,39597
37.41,31.94,39608
-51.14,38.90,39620
-53.39,33.27,39631
55.41,29.35,39644
111.95,28.19,39655
53.05,32.03,39667
-39.50,36.54,39678
-63.67,30.83,39691
32.99,26.39,39702
110.79,25.22,39714
67.43,29.27,39726
-30.12,35.58,39738
-68.42,30.98,39749
13.32,27.99,39760
107.18,28.59,39773
88.98,33.00,39784
-15.30,39.29,39796
-73.95,34.12,39808
1.60,28.35,39820
99.19,28.04,39831
94.10,31.14,39843
-77.32,36.33,39855
-20.16,30.33,39867
92.93,24.99,39878
98.13,25.83,39890
14.76,31.43,39902
-68.36,36.46,39913
-33.43,33.41,39925
81.48,28.66,39937
108.44,29.03,39949
31.39,33.54,39960
-60.21,37.71,39972
-49.00,33.12,39984
67.06,26.23,39996
113.12,25.94,40007
41.84,29.79,40019
-55.69,35.01,40031
-60.29,31.17,40043
49.34,25.73,40054
116.46,27.35,40066
58.88,32.49,40078
-45.59,38.12,40089
-67.27,34.07,40101
41.70,28.23,40113
113.97,28.38,40125
68.05,32.84,40136
-28.84,36.46,40148
-72.98,31.09,40160
17.37,25.54,40172
112.00,26.11,40183
73.82,31.72,40196
-18.62,36.71,40207
-64.93,32.41,40218
2.54,28.63,40230
91.44,28.34,40242
-0.54,33.67,40254
-64.31,37.92,40265
-14.41,31.78,40278
89.83,27.48,40289
93.84,26.08,40301
14.03,31.16,40312
-59.75,36.52,40325
-31.53,30.34,40336
76.09,27.45,40348
104.22,27.51,40359
28.70,32.85,40371
-50.08,39.51,40383
-43.91,32.50,40394
63.07,29.15,40407
106.39,27.75,40418
43.99,31.50,40430
-41.83,37.42,40441
-54.93,30.04,40454
40.96,26.66,40465
108.10,25.94,40477
56.46,30.28,40488
-32.04,37.65,40501
-61.08,31.58,40512
26.17,29.13,40523
104.25,29.06,40536
72.60,33.33,40547
-17.25,38.90,40559
-63.07,32.02,40570
4.57,28.22,40583
99.75,27.20,40594
85.90,30.83,40606
-8.42,35.90,40617
-66.24,30.24,40630
88.24,26.01,40641
96.83,26.87,40653
7.22,31.92,40665
-66.66,38.55,40676
-23.17,33.01,40688
84.17,29.07,40699
103.69,29.70,40712
28.12,33.41,40723
-62.74,37.64,40735
-46.40,30.99,40747
73.07,26.14,40759
107.23,25.73,40770
35.78,30.52,40782
-53.79,35.74,40794
-57.13,31.62,40806
55.48,27.65,40817
116.29,28.35,40828
54.20,33.59,40841
-45.01,38.80,40852
-63.80,33.11,40864
42.19,28.09,40876
114.63,27.35,40888
66.88,31.47,40899
-36.79,35.62,40911
-73.79,30.83,40923
22.42,25.72,40935
112.57,26.20,40946
78.91,31.25,40958
-21.39,37.09,40970
-75.75,32.12,40981
6.68,28.69,40993
106.37,29.17,41005
89.96,33.48,41017
-74.34,37.72,41028
-11.29,32.56,41040
98.64,26.13,41052
95.60,26.35,41064
4.19,29.52,41075
-72.39,35.25,41088
-27.51,29.41,41099
86.78,26.22,41111
101.01,27.59,41122
23.14,33.00,41134
-61.70,38.42,41146
-39.84,34.39,41157
76.16,28.91,41169
108.76,29.52,41181
33.70,32.28,41193
-50.24,36.59,41204
-52.71,30.23,41217
51.03,24.26,41228
109.80,25.40,41240
46.85,29.53,41251
-46.23,35.38,41264
-60.95,31.70,41275
37.55,27.15,41286
111.80,29.36,41298
64.93,34.09,41310
-29.41,39.36,41322
-63.04,33.39,41333
19.90,27.86,41346
107.72,27.32,41357
78.74,30.98,41369
-20.24,34.38,41380
-71.18,29.50,41393
-0.88,24.66,41404
87.62,25.38,41416
-4.25,30.92,41427
-67.99,36.49,41439
-16.10,32.87,41451
92.07,28.07,41462
102.47,29.15,41475
13.81,33.92,41486
-66.78,38.53,41498
-28.76,31.57,41509
80.37,26.43,41522
101.79,25.51,41533
29.52,30.65,41545
-60.86,34.25,41556
-49.42,30.09,41569
67.49,26.74,41580
111.77,27.53,41591
42.87,33.26,41604
-47.38,38.82,41615
-52.29,33.70,41627
50.02,29.09,41638
112.44,28.60,41651
59.28,32.80,41662
-39.16,37.01,41674
-65.90,30.51,41686
32.66,25.61,41698
109.54,25.37,41709
67.10,30.44,41721
-26.89,36.10,41733
-68.11,30.80,41744
12.55,27.39,41756
108.73,28.40,41767
81.90,34.13,41780
-11.94,39.74,41791
-65.62,33.21,41803
102.97,28.79,41815
88.13,27.65,41827
0.24,32.17,41838
-60.93,35.72,41850
-24.37,29.91,41862
86.41,25.83,41874
102.30,26.02,41885
8.64,31.63,41896
-60.15,37.55,41909
-28.71,32.39,41920
69.74,28.93,41932
107.86,29.53,41944
35.84,33.60,41956
-55.77,38.47,41967
-47.04,31.90,41979
59.45,26.71,41991
105.55,26.85,42003
46.12,30.20,42014
-43.98,36.03,42027
-60.93,30.19,42038
38.97,26.24,42049
110.49,28.20,42061
63.18,32.49,42073
-33.75,39.06,42085
-62.51,33.32,42096
29.34,28.42,42108
108.29,28.97,42120
75.89,31.12,42132
-19.65,36.33,42143
-71.73,29.82,42156
7.41,25.02,42167
102.74,26.07,42179
84.29,29.86,42190
-71.19,36.46,42202
-9.46,32.25,42214
97.38,27.76,42225
100.56,29.77,42237
6.20,33.70,42249
-68.56,38.78,42261
-21.81,32.94,42272
85.03,26.74,42285
102.74,27.22,42296
21.75,30.75,42308
-69.00,35.18,42319
-42.62,30.04,42332
76.62,25.11,42343
103.95,27.29,42354
30.85,32.89,42366
-51.49,37.96,42378
-52.10,33.66,42390
60.10,28.16,42401
113.30,28.50,42414
43.33,33.00,42425
-45.27,36.40,42437
-58.57,30.49,42448
40.54,25.63,42461
108.47,25.51,42472
58.07,31.25,42484
-31.29,36.23,42496
-63.89,32.02,42507
21.66,28.34,42519
108.51,28.82,42530
76.68,33.89,42543
-19.08,38.14,42554
-63.00,31.91,42566
5.38,27.63,42577
89.01,26.80,42590
-2.03,31.67,42601
-72.40,35.48,42613
-12.36,30.69,42625
90.65,26.49,42637
93.69,27.24,42648
14.80,32.56,42659
-62.20,38.49,42672
-31.10,32.75,42683
81.64,29.31,42695
102.78,28.98,42706
27.76,32.94,42719
-55.30,35.98,42730
-44.91,31.09,42742
62.35,25.41,42754
108.66,25.77,42766
40.44,30.37,42777
-47.71,36.04,42789
-57.50,31.28,42801
46.88,27.39,42812
113.67,28.81,42824
63.03,33.36,42835
-40.59,38.40,42848
-64.97,33.53,42859
33.46,27.48,42871
111.46,27.48,42883
72.16,30.20,42895
-25.69,35.04,42906
-77.15,29.59,42918
12.53,24.04,42930
112.24,26.66,42942
82.70,30.94,42953
-19.47,37.22,42964
-70.98,32.81,42977
103.18,27.79,42988
95.65,29.60,43000
0.54,33.02,43012
-74.53,37.02,43024
-15.87,31.41,43035
94.48,25.39,43047
95.59,26.12,43059
13.36,30.51,43071
-64.99,35.14,43082
-33.79,31.26,43095
80.59,26.28,43106
104.61,28.37,43117
29.11,33.24,43129
-54.49,38.63,43141
-45.35,34.00,43153
63.72,27.96,43164
110.43,28.80,43176
43.75,32.38,43188
-48.17,36.28,43200
-57.74,30.62,43211
44.93,25.61,43224
109.62,26.23,43235
56.03,31.67,43247
-36.65,36.50,43258
-61.48,32.85,43270
25.11,28.31,43282
107.60,29.05,43293
77.98,33.72,43305
-23.09,37.94,43317
-68.79,32.37,43329
11.76,27.11,43340
101.53,26.94,43353
84.51,31.40,43364
-73.73,35.57,43376
-12.21,30.58,43387
99.87,26.04,43400
98.27,27.07,43411
1.26,32.81,43422
-66.89,38.25,43435
-20.34,33.23,43446
83.81,28.82,43458
107.00,28.87,43469
24.39,33.26,4348