27742.0,145668
-264536.00,928114.0,145680
-264028.00,928257.0,145691
-264284.00,928115.0,145703
-264247.00,928306.0,145715
-264751.00,928227.0,145727
-264578.00,928030.0,145738
-264074.00,927792.0,145751
-264705.00,927781.0,145762
-264528.00,927622.0,145774
-265294.00,927520.0,145785
-264865.00,927807.0,145798
-263898.00,927992.0,145809
-264961.00,928164.0,145821
-264452.00,928309.0,145832
-264610.00,928348.0,145845
-264040.00,928133.0,145856
-265510.00,928044.0,145868
-264866.00,927895.0,145880
-264200.00,927633.0,145892
-264733.00,927384.0,145903
-264276.00,927489.0,145915
-264183.00,927772.0,145927
-265187.00,928081.0,145939
-264605.00,928072.0,145950
-263684.00,928249.0,145963
-264585.00,928252.0,145974
-265004.00,927896.0,145986
-264319.00,927869.0,145997
-264390.00,927852.0,146010
-264475.00,927809.0,146021
-264376.00,927938.0,146033
-264756.00,927850.0,146044
-264866.00,927719.0,146057
-264274.00,928104.0,146068
-263369.00,928298.0,146080
-265084.00,928353.0,146092
-264984.00,928245.0,146104
-263382.00,927991.0,146115
-264956.00,928101.0,146127
-264564.00,927885.0,146139
-264289.00,927880.0,146151
-265171.00,927893.0,146162
-264020.00,928114.0,146174
-264052.00,928227.0,146186
-264774.00,928366.0,146198
-265084.00,928414.0,146209
-264619.00,928203.0,146222
-263809.00,928217.0,146233
-264085.00,928206.0,146245
-264818.00,927886.0,146256
-264188.00,927773.0,146269
-264639.00,927584.0,146280
-264309.00,927817.0,146292
-264489.00,927762.0,146304
-265493.00,927848.0,146316
-264079.00,928035.0,146327
-263829.00,928107.0,146339
-265167.00,928138.0,146351
-264208.00,928312.0,146363
-264502.00,928307.0,146374
-264717.00,927871.0,146386
-264141.00,927914.0,146398
-264649.00,928015.0,146410
-264942.00,927680.0,146421
-264757.00,927787.0,146434
-263974.00,927939.0,146445
-264248.00,927973.0,146457
-265051.00,928074.0,146468
-264967.00,928211.0,146481
-264140.00,928391.0,146492
-264043.00,928053.0,146504
-264627.00,927869.0,146515
-264617.00,927777.0,146528
-264966.00,927806.0,146539
-264404.00,927639.0,146551
-264393.00,927787.0,146563
-264888.00,928029.0,146575
-263991.00,927926.0,146586
-264701.00,928305.0,146598
-264446.00,928175.0,146610
-263802.00,928131.0,146622
-265085.00,928252.0,146633
-263754.00,928009.0,146646
-264381.00,927841.0,146657
-265238.00,927799.0,146669
-264302.00,927582.0,146680
-264318.00,927819.0,146693
-264590.00,927931.0,146704
-264220.00,928063.0,146716
-264721.00,928320.0,146727
-264181.00,928470.0,146739
-264568.00,928547.0,146751
-264479.00,928349.0,146762
-263694.00,927988.0,146775
-265547.00,927660.0,146786
-264724.00,927542.0,146798
-264119.00,927522.0,146809
-264336.00,927600.0,146822
-264588.00,927994.0,146833
-264814.00,928219.0,146845
-264335.00,928263.0,146856
-264357.00,928459.0,146869
-263885.00,928498.0,146880
-264710.00,928324.0,146892
-264946.00,927944.0,146904
-264374.00,927788.0,146916
-264651.00,928083.0,146927
-264297.00,928018.0,146939
-264905.00,927977.0,146951
-264693.00,928126.0,146963
-264529.00,928142.0,146974
-264357.00,928278.0,146987
-263474.00,928418.0,146998
-265245.00,928474.0,147010
-265064.00,928301.0,147021
-263979.00,928045.0,147034
-264101.00,927633.0,147045
-265707.00,927699.0,147057
-264977.00,927437.0,147068
-264190.00,927479.0,147081
-263918.00,927790.0,147092
-263936.00,927877.0,147104
-265498.00,928062.0,147116
-264057.00,928178.0,147128
-263464.00,928188.0,147139
-264602.00,927905.0,147151
-265028.00,927813.0,147163
-264978.00,927557.0,147175
-264412.00,927330.0,147186
-264227.00,927666.0,147198
-264122.00,927977.0,147210
-265384.00,928072.0,147222
-265180.00,927997.0,147233
-263569.00,928292.0,147246
-264230.00,928398.0,147257
-264096.00,928336.0,147269
-264871.00,928272.0,147280
-264904.00,928080.0,147293
-263553.00,927747.0,147304
-264508.00,927678.0,147316
-265149.00,927768.0,147328
-265095.00,927915.0,147340
-264009.00,927851.0,147351
-263633.00,928050.0,147363
-265027.00,928365.0,147375
-264748.00,928601.0,147387
-264368.00,928553.0,147398
-264496.00,928152.0,147410
-264866.00,927860.0,147422
-265646.00,927642.0,147434
-264224.00,927441.0,147445
-264276.00,927552.0,147458
-265245.00,927640.0,147469
-264648.00,928179.0,147481
-264453.00,928147.0,147492
-264416.00,928187.0,147505
-263210.00,928246.0,147516
-264466.00,928391.0,147528
-265421.00,928188.0,147539
-264299.00,927701.0,147552
-264512.00,927664.0,147563
-264621.00,927458.0,147575
-264958.00,927591.0,147587
-265322.00,927888.0,147599
-264299.00,928216.0,147610
-263644.00,928265.0,147622
-263841.00,928511.0,147634
-265356.00,928697.0,147646
-264905.00,928502.0,147657
-263474.00,928303.0,147670
-264357.00,927865.0,147681
-264697.00,927833.0,147693
-265038.00,927529.0,147704
-265193.00,927457.0,147717
-264409.00,927855.0,147728
-264131.00,928293.0,147740
-264525.00,928448.0,147751
-265428.00,928706.0,147764
-264055.00,928766.0,147775
-261912.00,928352.0,147787
-267748.00,928179.0,147799
-264023.00,927990.0,147811
-268886.00,927769.0,147822
-263014.00,927468.0,147834
-264025.00,927383.0,147846
-265776.00,927833.0,147858
-263421.00,928041.0,147869
-266239.00,928106.0,147881
-261825.00,928242.0,147893
-264574.00,928040.0,147905
-267101.00,928342.0,147916
-261966.00,928222.0,147929
-264447.00,927671.0,147940
-267125.00,927647.0,147952
-262127.00,927421.0,147963
-264350.00,927368.0,147976
-267491.00,927176.0,147987
-262243.00,927801.0,147999
-265237.00,928485.0,148011
-265007.00,928328.0,148022
-262836.00,928519.0,148034
-265353.00,928192.0,148045
-262413.00,927839.0,148058
-266450.00,927576.0,148069
-265090.00,927281.0,148081
-261256.00,927339.0,148092
-268327.00,927626.0,148105
-264225.00,927776.0,148116
-261700.00,928005.0,148128
-268138.00,928551.0,148140
-263019.00,928709.0,148152
-262123.00,928634.0,148163
-267598.00,928277.0,148175
-263148.00,927794.0,148187
-263677.00,927879.0,148199
-263767.00,927475.0,148210
-264993.00,927454.0,148222
-264287.00,927620.0,148234
-264308.00,927643.0,148246
-265889.00,928302.0,148257
-263540.00,928594.0,148270
-263994.00,928569.0,148281
-265071.00,928544.0,148293
-262775.00,928110.0,148304
-265405.00,927924.0,148317
-265662.00,927579.0,148328
-263005.00,927374.0,148340
-266273.00,927280.0,148352
-264733.00,927523.0,148364
-262943.00,928138.0,148375
-265557.00,928149.0,148387
-264329.00,928406.0,148399
-263899.00,928598.0,148411
-264478.00,928559.0,148422
-264589.00,928300.0,148434
-264646.00,927829.0,148446
-264351.00,927640.0,148458
-265245.00,927427.0,148469
-264784.00,927743.0,148482
-264014.00,928021.0,148493
-264807.00,928141.0,148505
-265135.00,928438.0,148516
-263836.00,928324.0,148529
-263806.00,928412.0,148540
-266050.00,928318.0,148552
-263742.00,928171.0,148563
-263144.00,927974.0,148576
-266092.00,927729.0,148587
-264824.00,927815.0,148599
-265668.00,927590.0,148611
-263200.00,927725.0,148623
-264648.00,927962.0,148634
-265037.00,927940.0,148646
-264053.00,928176.0,148658
-264272.00,928208.0,148670
-264745.00,928081.0,148681
-264476.00,927817.0,148694
-264666.00,927802.0,148705
-264700.00,927536.0,148717
-264456.00,927445.0,148728
-265241.00,927668.0,148741
-264380.00,927920.0,148752
-264141.00,928276.0,148764
-264422.00,928327.0,148775
-264069.00,928273.0,148788
-264974.00,928242.0,148799
-264166.00,928155.0,148811
-264335.00,927837.0,148823
-265431.00,927736.0,148835
-264277.00,927766.0,148846
-264235.00,927620.0,148858
-265003.00,927696.0,148870
-264626.00,927962.0,148882
-263790.00,928232.0,148893
-264528.00,928216.0,148905
-264878.00,928453.0,148917
-263802.00,928315.0,148929
-264708.00,927930.0,148940
-264837.00,927885.0,148953
-263892.00,927654.0,148964
-264695.00,927605.0,148976
-264640.00,927739.0,148987
-264506.00,927941.0,149000
-264535.00,928031.0,149011
-264699.00,928126.0,149023
-263879.00,928167.0,149035
-264272.00,928225.0,149047
-264790.00,928195.0,149058
-262440.00,927945.0,149070
-267686.00,927767.0,149082
-264122.00,927831.0,149094
-261180.00,927712.0,149105
-268514.00,927704.0,149117
-263118.00,927754.0,149129
-262613.00,928188.0,149141
-268421.00,928298.0,149152
-262245.00,928222.0,149165
-263336.00,928515.0,149176
-267139.00,928256.0,149188
-262618.00,928092.0,149199
-263983.00,927990.0,149212
-265853.00,927704.0,149223
-263594.00,927600.0,149235
-265407.00,927608.0,149246
-263889.00,927613.0,149258
-263816.00,927994.0,149270
-266538.00,928526.0,149281
-262704.00,928434.0,149294
-265642.00,928154.0,149305
-264937.00,928145.0,149317
-260962.00,928310.0,149328
-267800.00,927859.0,149341
-263835.00,927819.0,149352
-262964.00,927705.0,149364
-267512.00,927684.0,149376
-265321.00,927737.0,149388
-267011.00,927736.0,149399
-260844.00,927919.0,149411
-265577.00,928358.0,149423
-266020.00,928560.0,149435
-261728.00,928259.0,149446
-266116.00,928241.0,149458
-264251.00,927838.0,149470
-262561.00,927389.0,149482
-267714.00,927298.0,149493
-263782.00,927141.0,149506
-263425.00,927384.0,149517
-265935.00,927968.0,149529
-263203.00,928085.0,149540
-265532.00,928463.0,149553
-264986.00,928492.0,149564
-262286.00,928325.0,149576
-265362.00,928409.0,149587
-264518.00,928043.0,149600
-264633.00,927526.0,149611
-265489.00,927332.0,149623
-263734.00,927400.0,149635
-264886.00,927501.0,149647
-264361.00,927809.0,149658
-264482.00,928284.0,149670
-265184.00,928562.0,149682
-262930.00,928606.0,149694
-264608.00,928349.0,149705
-265251.00,927989.0,149718
-263539.00,927701.0,149729
-265035.00,927523.0,149741
-264959.00,927494.0,149752
-263916.00,927776.0,149765
-265040.00,928133.0,149776
-263198.00,928118.0,149788
-264714.00,928258.0,149799
-264782.00,928499.0,149812
-263814.00,928499.0,149823
-264843.00,928248.0,149835
-264700.00,927967.0,149847
-263636.00,927658.0,149859
-264589.00,927442.0,149870
-266025.00,927583.0,149882
-263990.00,927694.0,149894
-263970.00,927728.0,149906
-265305.00,927971.0,149917
-263909.00,928414.0,149929
-264367.00,928454.0,149941
-264803.00,928382.0,149953
-263447.00,928157.0,149964
-264481.00,928170.0,149977
-264904.00,928062.0,149988
-264458.00,927729.0,150000
-264753.00,927424.0,150011
-264539.00,927540.0,150024
-265261.00,927761.0,150035
-264677.00,928163.0,150047
-263623.00,928658.0,150059
-264493.00,928729.0,150071
-264063.00,928901.0,150082
-264234.00,928705.0,150094
-264779.00,928204.0,150106
-263840.00,927768.0,150118
-264366.00,927452.0,150129
-265778.00,927263.0,150141
-264585.00,927373.0,150153
-265207.00,927572.0,150165
-263971.00,927951.0,150176
-264447.00,928565.0,150189
-264500.00,928704.0,150200
-263259.00,928622.0,150212
-264201.00,928290.0,150223
-265050.00,927828.0,150236
-264652.00,927542.0,150247
-264462.00,927323.0,150259
-264385.00,927387.0,150270
-264796.00,927522.0,150283
-265077.00,927855.0,150294
-264627.00,928165.0,150306
-264509.00,928448.0,150318
-263969.00,928558.0,150330
-264291.00,928238.0,150341
-264723.00,928110.0,150353
-264502.00,927838.0,150365
-264768.00,927483.0,150377
-264434.00,927516.0,150388
-264674.00,927648.0,150401
-265204.00,927938.0,150412
-264436.00,927758.0,150424
-263756.00,927814.0,150435
-264632.00,928244.0,150448
-264438.00,928597.0,150459
-264073.00,928705.0,150471
-265002.00,928281.0,150482
-264600.00,927838.0,150495
-263919.00,927537.0,150506
-265175.00,927572.0,150518
-264889.00,927696.0,150530
-264589.00,927749.0,150542
-264383.00,927932.0,150553
-264516.00,928042.0,150565
-264229.00,928035.0,150577
-264431.00,928163.0,150588
-264316.00,928150.0,150600
-263745.00,928305.0,150611
-264796.00,928230.0,150624
-264869.00,927941.0,150635
-264608.00,927557.0,150647
-264485.00,927221.0,150659
-264133.00,927460.0,150671
-264989.00,927629.0,150682
-264779.00,928023.0,150694
-264339.00,928042.0,150706
-263875.00,928232.0,150718
-263887.00,928464.0,150729
-264910.00,928394.0,150742
-264613.00,928037.0,150753
-264390.00,927746.0,150765
-263986.00,927749.0,150776
-264745.00,927669.0,150789
-265346.00,927749.0,150800
-264056.00,927961.0,150812
-264279.00,928136.0,150823
-264228.00,928454.0,150836
-264069.00,928507.0,150847
-265080.00,928598.0,150859
-264330.00,928305.0,150871
-263650.00,928054.0,150883
-264974.00,927925.0,150894
-265420.00,927645.0,150906
-264382.00,927585.0,150918
-264580.00,927819.0,150930
-265063.00,927957.0,150941
-264920.00,928127.0,150953
-265261.00,928462.0,150965
-263496.00,928439.0,150977
-264126.00,928080.0,150988
-264467.00,927981.0,151001
-264620.00,927935.0,151012
-264452.00,927624.0,151024
-264536.00,927236.0,151035
-264793.00,927045.0,151048
-264391.00,927311.0,151059
-265506.00,927531.0,151071
-264378.00,928037.0,151083
-263375.00,928479.0,151095
-265094.00,928595.0,151106
-264542.00,928652.0,151118
-264089.00,928325.0,151130
-264597.00,927777.0,151142
-264010.00,927488.0,151153
-264605.00,927420.0,151165
-265013.00,927474.0,151177
-265043.00,927688.0,151189
-264421.00,928017.0,151200
-264203.00,928318.0,151213
-264586.00,928467.0,151224
-264278.00,928513.0,151236
-264150.00,928458.0,151247
-263908.00,928261.0,151260
-264491.00,928044.0,151271
-264539.00,927931.0,151283
-264702.00,927697.0,151294
-264818.00,927461.0,151307
-264305.00,927667.0,151318
-265140.00,927949.0,151330
-264242.00,928256.0,151342
-264771.00,928374.0,151354
-263511.00,928269.0,151365
-264850.00,928413.0,151377
-264714.00,928463.0,151389
-264024.00,928114.0,151401
-264852.00,927836.0,151412
-264458.00,927549.0,151425
-264562.00,927526.0,151436
-264709.00,927580.0,151448
-264474.00,927925.0,151459
-264519.00,928148.0,151472
-264094.00,928449.0,151483
-263919.00,928482.0,151495
-264416.00,928426.0,151506
-264507.00,928249.0,151519
-264504.00,927961.0,151530
-264177.00,927689.0,151542
-264238.00,927561.0,151554
-265343.00,927569.0,151566
-264831.00,927833.0,151577
-263815.00,928071.0,151589
-264403.00,928240.0,151601
-264598.00,928374.0,151613
-264344.00,928322.0,151624
-264718.00,928308.0,151636
-264080.00,928280.0,151648
-263949.00,928181.0,151660
-265511.00,927818.0,151671
-264312.00,927692.0,151684
-264307.00,927772.0,151695
-264731.00,927813.0,151707
-264132.00,928102.0,151718
-264483.00,928268.0,151731
-264097.00,928355.0,151742
-263976.00,928478.0,151754
-264614.00,928332.0,151766
-265253.00,928043.0,151777
-264396.00,927645.0,151789
-264486.00,927350.0,151800
-264916.00,927206.0,151813
-264757.00,927238.0,151824
-264835.00,927391.0,151836
-264801.00,927932.0,151847
-263924.00,928205.0,151860
-264522.00,928329.0,151871
-265233.00,928297.0,151883
-263958.00,928024.0,151895
-263719.00,927842.0,151907
-264598.00,927848.0,151918
-264988.00,927664.0,151930
-265235.00,927588.0,151942
-265079.00,927503.0,151954
-264257.00,927615.0,151965
-264261.00,928012.0,151977
-265397.00,928195.0,151989
-264640.00,928518.0,152001
-263484.00,928739.0,152012
-263890.00,928730.0,152025
-264866.00,928375.0,152036
-264963.00,927744.0,152048
-264511.00,927318.0,152059
-264175.00,927234.0,152072
-264125.00,927635.0,152083
-265432.00,928031.0,152095
-265098.00,928137.0,152107
-264278.00,928372.0,152119
-263711.00,928526.0,152130
-264866.00,928547.0,152142
-264998.00,928171.0,152154
-264149.00,927877.0,152166
-264207.00,927683.0,152177
-264787.00,927432.0,152189
-265154.00,927472.0,152201
-264962.00,927710.0,152213
-264215.00,927997.0,152224
-264434.00,928026.0,152237
-264303.00,928296.0,152248
-264233.00,928314.0,152260
-264865.00,928234.0,152271
-264001.00,928140.0,152284
-264007.00,928089.0,152295
-264797.00,927863.0,152307
-264582.00,927716.0,152318
-264714.00,927680.0,152331
-265145.00,927430.0,152342
-264514.00,927456.0,152354
-263698.00,927919.0,152366
-264561.00,928462.0,152378
-264815.00,928538.0,152389
-264801.00,928541.0,152401
-264296.00,928441.0,152413
-263697.00,927997.0,152425
-265066.00,927643.0,152436
-264883.00,927257.0,152449
-264233.00,927310.0,152460
-264443.00,927805.0,152472
-264523.00,928306.0,152483
-265212.00,928664.0,152496
-264949.00,928494.0,152507
-263604.00,928204.0,152519
-263935.00,928036.0,152530
-264803.00,928081.0,152543
-265118.00,928020.0,152554
-264647.00,927840.0,152566
-264227.00,927783.0,152578
-264371.00,927556.0,152590
-264387.00,927460.0,152601
-265458.00,927444.0,152613
-264553.00,927606.0,152625
-263284.00,927971.0,152637
-264215.00,928442.0,152648
-264497.00,928634.0,152660
-264942.00,928409.0,152672
-264709.00,927976.0,152684
-263906.00,927548.0,152695
-264378.00,927288.0,152708
-265084.00,927327.0,152719
-265155.00,927444.0,152731
-264182.00,927852.0,152742
-263678.00,928394.0,152755
-264530.00,928700.0,152766
-264644.00,928849.0,152778
-264561.00,928662.0,152790
-264152.00,927990.0,152802
-263677.00,927719.0,152813
-264537.00,927430.0,152825
-264952.00,927575.0,152837
-264768.00,927645.0,152849
-264679.00,927795.0,152860
-264283.00,928177.0,152872
-264070.00,928311.0,152884
-264680.00,928674.0,152896
-264201.00,928572.0,152907
-264393.00,928317.0,152920
-264041.00,928269.0,152931
-264420.00,927955.0,152943
-265239.00,927813.0,152954
-264463.00,927593.0,152967
-264720.00,927491.0,152978
-264230.00,927606.0,152989
-264006.00,927983.0,153001
-265220.00,928138.0,153013
-264436.00,928232.0,153025
-264076.00,928374.0,153036
-264078.00,928506.0,153049
-264356.00,928416.0,153060
-264704.00,928253.0,153072
-264625.00,927930.0,153083
-265098.00,927450.0,153096
-264876.00,927238.0,153107
-264381.00,927559.0,153119
-264159.00,928206.0,153131
-264361.00,928402.0,153143
-264602.00,928579.0,153154
-264475.00,928446.0,153166
-264460.00,928310.0,153178
-263874.00,928170.0,153190
-264393.00,927707.0,153201
-265440.00,927644.0,153213
-264208.00,927625.0,153225
-264242.00,927856.0,153237
-265179.00,927954.0,153248
-264916.00,928123.0,153261
-264460.00,928404.0,153272
-263633.00,928579.0,153284
-264969.00,928430.0,153295
-265112.00,928205.0,153308
-264106.00,927921.0,153319
-263868.00,927742.0,153331
-264892.00,927691.0,153342
-264743.00,927557.0,153355
-264838.00,927582.0,153366
-264494.00,927669.0,153378
-264252.00,928054.0,153390
-264557.00,928428.0,153402
-264325.00,928556.0,153413
-264461.00,928221.0,153425
-264252.00,928025.0,153437
-264181.00,927881.0,153449
-265197.00,927799.0,153460
-264970.00,927798.0,153473
-263937.00,927639.0,153484
-264502.00,927669.0,153496
-264741.00,927886.0,153507
-264721.00,927852.0,153520
-265146.00,927889.0,153531
-264091.00,928095.0,153543
-263682.00,928362.0,153554
-264701.00,928268.0,153567
-265242.00,928111.0,153578
-264613.00,928065.0,153590
-263839.00,927993.0,153602
-264068.00,928109.0,153614
-264931.00,928077.0,153625
-264997.00,927945.0,153637
-264595.00,927974.0,153649
-264280.00,927971.0,153661
-263767.00,928236.0,153672
-264426.00,928359.0,153684
-263791.00,928349.0,153696
-264140.00,928009.0,153708
-264908.00,927833.0,153719
-264443.00,927866.0,153732
-264590.00,928003.0,153743
-264031.00,928063.0,153755
-264036.00,927938.0,153766
-265142.00,927913.0,153779
-264984.00,927808.0,153790
-264346.00,927879.0,153802
-263821.00,927916.0,153814
-264042.00,927900.0,153826
-265000.00,928113.0,153837
-264504.00,928022.0,153849
-264183.00,927946.0,153861
-264199.00,928128.0,153873
-264699.00,928114.0,153884
-264793.00,927795.0,153896
-264562.00,927689.0,153908
-264109.00,927668.0,153920
-264298.00,927888.0,153931
-265558.00,928045.0,153944
-264528.00,928039.0,153955
-263925.00,927959.0,153967
-264526.00,928045.0,153978
-264186.00,928246.0,153991
-265021.00,928355.0,154002
-264986.00,928205.0,154014
-263677.00,927920.0,154025
-264085.00,927752.0,154038
-264780.00,927858.0,154049
-265158.00,927884.0,154061
-264547.00,927940.0,154073
-264063.00,927924.0,154085
-264551.00,927901.0,154096
-265337.00,927935.0,154108
-264495.00,927921.0,154120
-263750.00,928031.0,154132
-264082.00,927761.0,154143
-265052.00,927626.0,154156
-265071.00,927367.0,154167
-263910.00,927386.0,154179
-264445.00,927424.0,154190
-264770.00,927888.0,154203
-264528.00,928241.0,154214
-265006.00,928030.0,154225
-263850.00,928205.0,154237
-263396.00,928196.0,154249
-264854.00,927930.0,154261
-264991.00,927778.0,154272
-264816.00,927648.0,154285
-264545.00,927554.0,154296
-263877.00,927622.0,154308
-264613.00,928057.0,154319
-265231.00,928374.0,154332
-264149.00,928160.0,154343
-264029.00,928358.0,154355
-264462.00,928290.0,154366
-264286.00,928305.0,154379
-264984.00,928101.0,154390
-264460.00,927966.0,154402
-264339.00,927958.0,154414
-264718.00,927917.0,154426
-264478.00,927860.0,154437
-265025.00,927884.0,154449
-264518.00,928102.0,154461
-264726.00,928445.0,154473
-264564.00,928621.0,154484
-264269.00,928547.0,154497
-264559.00,928257.0,154508
-264069.00,927883.0,154520
-264748.00,927662.0,154531
-265483.00,927372.0,154544
-264567.00,927337.0,154555
-264028.00,927394.0,154567
-264574.00,927813.0,154578
-264654.00,928109.0,154591
-264880.00,928422.0,154602
-264626.00,928432.0,154614
-263260.00,928353.0,154626
-264386.00,928145.0,154638
-265193.00,927819.0,154649
-264328.00,927594.0,154661
-264621.00,927604.0,154673
-264877.00,927578.0,154685
-264699.00,927827.0,154696
-264835.00,927993.0,154708
-264725.00,927906.0,154720
-264215.00,928072.0,154732
-263876.00,928430.0,154743
-264649.00,928514.0,154756
-265043.00,928328.0,154767
-263952.00,927983.0,154779
-264196.00,927434.0,154790
-265351.00,927460.0,154803
-264470.00,927513.0,154814
-264549.00,927746.0,154826
-264893.00,928138.0,154838
-263700.00,928418.0,154850
-264499.00,928592.0,154861
-264092.00,928565.0,154873
-264279.00,928309.0,154885
-264402.00,927954.0,154897
-264826.00,927447.0,154908
-264807.00,927046.0,154920
-264635.00,927375.0,154932
-264858.00,927643.0,154944
-264358.00,927832.0,154955
-264357.00,928058.0,154968
-264319.00,928289.0,154979
-264330.00,928130.0,154991
-264308.00,928211.0,155002
-264303.00,928250.0,155015
-264460.00,927819.0,155026
-264284.00,927614.0,155038
-264468.00,927621.0,155049
-264945.00,927563.0,155062
-264842.00,927501.0,155073
-264539.00,927769.0,155085
-264069.00,928286.0,155097
-264069.00,928591.0,155109
-264570.00,928610.0,155120
-264565.00,928405.0,155132
-264299.00,928261.0,155144
-264196.00,928035.0,155156
-264602.00,927785.0,155167
-264888.00,927796.0,155180
-264760.00,927644.0,155191
-264816.00,927392.0,155203
-264634.00,927809.0,155214
-264260.00,928293.0,155227
-264182.00,928603.0,155238
-264717.00,928756.0,155250
-265154.00,928507.0,155261
-265783.00,928524.0,155274
-262272.00,927774.0,155285
-265071.00,927688.0,155297
-266010.00,927581.0,155309
-262661.00,927457.0,155321
-265702.00,927401.0,155332
-265334.00,927536.0,155344
-263023.00,927784.0,155356
-264682.00,927980.0,155368
-265073.00,928424.0,155379
-263960.00,928497.0,155392
-263740.00,928269.0,155403
-265277.00,928059.0,155415
-265002.00,927812.0,155426
-263934.00,927788.0,155438
-264419.00,927700.0,155450
-265161.00,927483.0,155461
-264161.00,927473.0,155473
-264513.00,927854.0,155485
-265568.00,928393.0,155497
-262599.00,928633.0,155508
-265006.00,928622.0,155521
-266009.00,928304.0,155532
-262079.00,928041.0,155544
-265133.00,927647.0,155555
-265361.00,927291.0,155568
-263972.00,927639.0,155579
-265864.00,927825.0,155591
-264145.00,927918.0,155602
-263429.00,928355.0,155615
-265133.00,928448.0,155626
-264626.00,928414.0,155638
-264325.00,928560.0,155650
-264446.00,928315.0,155662
-265042.00,928008.0,155673
-264831.00,927518.0,155685
-263941.00,927400.0,155697
-264642.00,927520.0,155709
-264592.00,927705.0,155720
-265092.00,927702.0,155732
-264832.00,927831.0,155744
-263309.00,928085.0,155756
-264454.00,928382.0,155767
-264781.00,928600.0,155780
-263819.00,928164.0,155791
-264562.00,927891.0,155803
-264178.00,927446.0,155814
-264540.00,927231.0,155827
-265280.00,927432.0,155838
-264250.00,927671.0,155850
-264638.00,928022.0,155862
-264119.00,928293.0,155874
-264115.00,928339.0,155885
-265033.00,928366.0,155897
-264152.00,928173.0,155909
-264167.00,927976.0,155921
-264865.00,927972.0,155932
-264846.00,927778.0,155944
-264442.00,927635.0,155956
-264957.00,927834.0,155968
-264835.00,927976.0,155979
-263937.00,928347.0,155992
-264495.00,928670.0,156003
-264260.00,928591.0,156015
-264432.00,928334.0,156026
-264185.00,928155.0,156039
-264804.00,927886.0,156050
-264311.00,927711.0,156062
-264932.00,927623.0,156073
-264713.00,927638.0,156086
-264238.00,927836.0,156097
-264893.00,928013.0,156109
-264873.00,928083.0,156121
-263830.00,928319.0,156133
-263422.00,928298.0,156144
-264897.00,928086.0,156156
-264910.00,927925.0,156168
-264402.00,927849.0,156180
-264883.00,927778.0,156191
-263948.00,927820.0,156204
-264266.00,927875.0,156215
-265550.00,927846.0,156227
-264606.00,927780.0,156238
-263981.00,927985.0,156251
-264200.00,928318.0,156262
-264754.00,928378.0,156274
-264873.00,928279.0,156285
-264424.00,927857.0,156298
-264152.00,927623.0,156309
-264017.00,927573.0,156321
-265252.00,927745.0,156333
-265189.00,927904.0,156345
-264023.00,927924.0,156356
-263938.00,928164.0,156368
-264581.00,928186.0,156380
-265039.00,928374.0,156392
-264442.00,928565.0,156403
-263788.00,928415.0,156416
-263477.00,928147.0,156427
-266018.00,927833.0,156439
-264505.00,927549.0,156450
-263801.00,927346.0,156463
-264449.00,927284.0,156474
-264716.00,927676.0,156486
-265368.00,928154.0,156497
-264385.00,928236.0,156510
-263537.00,928178.0,156521
-263950.00,928208.0,156533
-264539.00,928280.0,156545
-265199.00,928042.0,156557
-263705.00,927798.0,156568
-263863.00,927425.0,156580
-265714.00,927458.0,156592
-265061.00,927639.0,156604
-264304.00,927822.0,156615
-264332.00,928105.0,156627
-264039.00,928410.0,156639
-264332.00,928673.0,156651
-265225.00,928446.0,156662
-264419.00,928202.0,156674
-263480.00,928095.0,156686
-264131.00,927815.0,156697
-264986.00,927893.0,156709
-265255.00,927850.0,156721
-264300.00,927967.0,156733
-264167.00,927956.0,156744
-264734.00,928230.0,156756
-264557.00,928198.0,156768
-264507.00,927751.0,156780
-264168.00,928087.0,156791
-263838.00,928376.0,156804
-264710.00,928334.0,156815
-264385.00,928108.0,156827
-263955.00,927758.0,156838
-264104.00,927588.0,156851
-265288.00,927565.0,156862
-264808.00,927942.0,156874
-264100.00,928119.0,156886
-264248.00,928283.0,156898
-263779.00,928186.0,156909
-264839.00,928005.0,156921
-264906.00,928023.0,156933
-263687.00,927887.0,156945
-264811.00,927824.0,156956
-265008.00,927704.0,156968
-264829.00,927423.0,156980
-264797.00,927565.0,156992
-264111.00,927804.0,157003
-264548.00,928022.0,157016
-264616.00,928076.0,157027
-264353.00,928111.0,157039
-264585.00,928056.0,157050
-264308.00,927823.0,157063
-264265.00,927635.0,157074
-264830.00,927792.0,157086
-264599.00,927859.0,157097
-264391.00,927914.0,157110
-264914.00,927874.0,157121
-264569.00,927997.0,157133
-264497.00,927825.0,157145
-264136.00,927957.0,157157
-263804.00,928159.0,157168
-264588.00,928121.0,157180
-264863.00,928101.0,157192
-264502.00,927792.0,157204
-264024.00,927664.0,157215
-264999.00,927670.0,157228
-264604.00,927937.0,157239
-264019.00,927793.0,157251
-264665.00,927932.0,157262
-264391.00,928157.0,157275
-264834.00,928127.0,157286
-263982.00,928026.0,157298
-263673.00,927721.0,157309
-265038.00,927626.0,157322
-264129.00,927908.0,157333
-265016.00,927774.0,157345
-265966.00,927805.0,157357
-262822.00,927988.0,157369
-263473.00,928089.0,157380
-265628.00,928005.0,157392
-264703.00,928184.0,157404
-264128.00,928217.0,157416
-264496.00,928117.0,157427
-264507.00,927976.0,157440
-264003.00,927830.0,157451
-264933.00,927864.0,157463
-265025.00,927800.0,157474
-263365.00,927835.0,157487
-264269.00,928105.0,157498
-265757.00,928448.0,157510
-263917.00,928343.0,157521
-263671.00,928070.0,157534
-265366.00,928070.0,157545
-263728.00,928342.0,157557
-264282.00,928418.0,157569
-265669.00,928010.0,157581
-263529.00,928034.0,157592
-4150.00,927891.0,157604
-5242881.00,927787.0,157616
-264421.00,927955.0,157628
-264460.00,928106.0,157639
-263651.00,928334.0,157651
-264594.00,928293.0,157663
-265356.00,928002.0,157675
-264428.00,928023.0,157686
-263791.00,928017.0,157699
-264574.00,927819.0,157710
-264887.00,927938.0,157722
-263475.00,928103.0,157733
-265100.00,927988.0,157746
-265218.00,927842.0,157757
-263875.00,927817.0,157769
-264800.00,927887.0,157780
-264378.00,927918.0,157793
-264331.00,928131.0,157804
-264534.00,928080.0,157816
-264491.00,927858.0,157828
-264658.00,927878.0,157840
-264122.00,927810.0,157851
-264373.00,927672.0,157863
-264317.00,927739.0,157875
-264559.00,927823.0,157887
-264944.00,927767.0,157898
-265017.00,928142.0,157911
-264096.00,928210.0,157922
-263404.00,928230.0,157934
-264470.00,928242.0,157945
-264960.00,928121.0,157958
-264690.00,928062.0,157969
-264853.00,927959.0,157981
-264422.00,928041.0,157992
-264491.00,927847.0,158005
-265305.00,927707.0,158016
-264694.00,927761.0,158028
-264235.00,927971.0,158040
-264404.00,928364.0,158052
-263956.00,928541.0,158063
-264909.00,928279.0,158075
-264919.00,927850.0,158087
-263726.00,927336.0,158099
-264513.00,927184.0,158110
-264700.00,927556.0,158123
-264522.00,927914.0,158134
-265007.00,927798.0,158146
-264335.00,928072.0,158157
-263698.00,928487.0,158170
-264385.00,928505.0,158181
-264671.00,928454.0,158193
-264071.00,928227.0,158204
-264073.00,927935.0,158217
-264700.00,927764.0,158228
-265391.00,927664.0,158240
-264652.00,927798.0,158252
-264492.00,928002.0,158264
-264274.00,928330.0,158275
-263280.00,928485.0,158287
-264963.00,928500.0,158299
-265398.00,928168.0,158310
-263772.00,928088.0,158322
-264083.00,928053.0,158333
-264496.00,927756.0,158346
-264611.00,927705.0,158357
-265133.00,927687.0,158369
-264325.00,927968.0,158381
-264718.00,928429.0,158393
-264834.00,928222.0,158404
-264800.00,928163.0,158416
-264142.00,927967.0,158428
-263412.00,927979.0,158440
-265279.00,928181.0,158451
-265134.00,928133.0,158464
-263514.00,927888.0,158475
-264644.00,927464.0,158487
-264667.00,927386.0,158498
-264330.00,927626.0,158511
-265129.00,928172.0,158522
-264639.00,928505.0,158534
-263813.00,928324.0,158545
-264329.00,928211.0,158558
-264781.00,927970.0,158569
-264697.00,927849.0,158581
-264283.00,927962.0,158593
-264837.00,928155.0,158605
-264872.00,928149.0,158616
-263783.00,927816.0,158628
-264984.00,927777.0,158640
-264987.00,927850.0,158652
-263650.00,927927.0,158663
-264689.00,928203.0,158675
-264626.00,928363.0,158687
-264015.00,928224.0,158699
-264791.00,927970.0,158710
-264645.00,927965.0,158723
-263867.00,927952.0,158734
-264571.00,927745.0,158746
-265146.00,927777.0,158757
-264687.00,927879.0,158770
-264349.00,928050.0,158781
-264303.00,928161.0,158793
-264886.00,927976.0,158804
-264150.00,928109.0,158817
-263512.00,927954.0,158828
-264445.00,927918.0,158840
-265555.00,927830.0,158852
-264966.00,927636.0,158864
-264329.00,927651.0,158875
-263851.00,927755.0,158887
-264083.00,927708.0,158899
-265427.00,927973.0,158911
-264776.00,928179.0,158922
-264020.00,928052.0,158935
-263954.00,928067.0,158946
-263746.00,928186.0,158958
-265194.00,928018.0,158969
-264980.00,927886.0,158982
-263421.00,927953.0,158993
-264682.00,928041.0,159005
-265456.00,928122.0,159016
-264507.00,927875.0,159029
-264509.00,927739.0,159040
-263853.00,928001.0,159052
-264134.00,928379.0,159064
-265012.00,928593.0,159076
-264636.00,928466.0,159087
-264387.00,928093.0,159099
-263521.00,927920.0,159111
-264382.00,927994.0,159123
-265621.00,927982.0,159134
-263991.00,928012.0,159147
-264029.00,928071.0,159158
-264541.00,928208.0,159170
-264404.00,928158.0,159181
-264555.00,928093.0,159194
-263556.00,928306.0,159205
-264413.00,928334.0,159217
-265243.00,927923.0,159228
-264236.00,927741.0,159241
-264521.00,927646.0,159252
-264137.00,927611.0,159264
-264118.00,927726.0,159276
-265101.00,928103.0,159288
-264844.00,928295.0,159299
-264343.00,928143.0,159311
-264585.00,928018.0,159323
-264556.00,927796.0,159335
-264460.00,927735.0,159346
-264371.00,927950.0,159358
-264173.00,928108.0,159370
-264631.00,928227.0,159382
-264792.00,928260.0,159393
-264725.00,927998.0,159406
-264454.00,927701.0,159417
-263952.00,927694.0,159429
-264017.00,927995.0,159440
-264935.00,928014.0,159453
-264741.00,928132.0,159464
-264391.00,928287.0,159476
-264396.00,928495.0,159488
-263751.00,928241.0,159500
-264821.00,927961.0,159511
-265513.00,927852.0,159522
-263797.00,927688.0,159535
-264091.00,927767.0,159546
-264269.00,928218.0,159558
-264787.00,928303.0,159570
-264510.00,928098.0,159582
-263853.00,927900.0,159593
-264871.00,927844.0,159605
-265260.00,927805.0,159617
-264188.00,927769.0,159629
-263765.00,927662.0,159640
-264433.00,927686.0,159652
-264586.00,927950.0,159664
-264499.00,928106.0,159676
-265015.00,928165.0,159687
-264961.00,928233.0,159699
-263313.00,928088.0,159711
-264162.00,927952.0,159723
-265708.00,927871.0,159734
-263799.00,927977.0,159747
-264289.00,928114.0,159758
-265281.00,928237.0,159770
-263533.00,928182.0,159781
-264576.00,928055.0,159794
-265131.00,927899.0,159805
-263862.00,927843.0,159817
-264385.00,927936.0,159828
-264452.00,928075.0,159841
-264531.00,928200.0,159852
-264838.00,928028.0,159864
-264355.00,927990.0,159876
-264362.00,928087.0,159888
-264230.00,928184.0,159899
-264242.00,928259.0,159911
-264427.00,928442.0,159923
-264151.00,928325.0,159935
-264685.00,927970.0,159946
-263921.00,927864.0,159959
-265049.00,927957.0,159970
-264744.00,927863.0,159982
-263950.00,928136.0,159993
-264957.00,928008.0,160006
-264081.00,927993.0,160017
-264071.00,927967.0,160029
-265080.00,928050.0,160040
-263923.00,927998.0,160053
-264368.00,927964.0,160064
-264709.00,927906.0,160076
-264402.00,927789.0,160088
-265417.00,927760.0,160100
-264586.00,927986.0,160111
-263635.00,928063.0,160123
-264667.00,928041.0,160135
-264619.00,928105.0,160147
-264382.00,928092.0,160158
-264607.00,928206.0,160171
-264349.00,927987.0,160182
-264194.00,927913.0,160194
-264132.00,927770.0,160205
-265096.00,927849.0,160218
-264815.00,927922.0,160229
-263799.00,928010.0,160241
-264785.00,928258.0,160252
-264365.00,928057.0,160265
-264241.00,928228.0,160276
-264891.00,928043.0,160288
-263904.00,927841.0,160300
-264379.00,927985.0,160312
-265332.00,927873.0,160323
-264178.00,927887.0,160335
-265054.00,928076.0,160347
-264938.00,927973.0,160359
-264765.00,927884.0,160370
-264144.00,928058.0,160382
-263811.00,928238.0,160394
-264616.00,928198.0,160406
-265026.00,928124.0,160417
-264578.00,927923.0,160430
-263843.00,927762.0,160441
-264542.00,927615.0,160453
-265204.00,927766.0,160464
-263913.00,928023.0,160477
-264472.00,928021.0,160488
-264976.00,927748.0,160500
-263381.00,927977.0,160512
-264741.00,928131.0,160524
-265158.00,928309.0,160535
-263513.00,928250.0,160547
-264445.00,927990.0,160559
-265094.00,927931.0,160571
-264559.00,927834.0,160582
-264235.00,927889.0,160594
-264338.00,928164.0,160606
-264663.00,928493.0,160618
-264515.00,928338.0,160629
-264511.00,928117.0,160642
-264839.00,928177.0,160653
-263762.00,928147.0,160665
-264004.00,928283.0,160676
-265641.00,928487.0,160689
-264304.00,928056.0,160700
-263727.00,927782.0,160712
-264667.00,927735.0,160723
-264752.00,927909.0,160736
-264382.00,928024.0,160747
-264009.00,928067.0,160759
-264302.00,928216.0,160771
-264750.00,928008.0,160783
-264652.00,927931.0,160794
-263930.00,928055.0,160806
-263965.00,928089.0,160818
-265573.00,927864.0,160830
-265241.00,927844.0,160841
-263618.00,927726.0,160854
-264320.00,927613.0,160865
-264324.00,928283.0,160877
-264716.00,928409.0,160888
-265050.00,928221.0,160901
-263593.00,928193.0,160912
-264084.00,927796.0,160924
-265248.00,927906.0,160935
-264839.00,927886.0,160948
-264118.00,927656.0,160959
-264125.00,927749.0,160971
-264949.00,927679.0,160983
-264999.00,927878.0,160995
-264496.00,928052.0,161006
-264440.00,928160.0,161018
-263917.00,928328.0,161030
-264284.00,928432.0,161042
-265470.00,928326.0,161053
-264491.00,928081.0,161065
-263945.00,927990.0,161077
-264780.00,927865.0,161089
-264495.00,927949.0,161100
-265005.00,928078.0,161113
-263551.00,927927.0,161124
-264971.00,928072.0,161136
-264626.00,928179.0,161147
-263854.00,928199.0,161160
-264486.00,928093.0,161171
-263948.00,927734.0,161183
-264849.00,927819.0,161195
-265547.00,927841.0,161207
-264181.00,927760.0,161218
-264167.00,927737.0,161230
-264215.00,927826.0,161242
-264533.00,928040.0,161254
-265190.00,928242.0,161265
-264020.00,928289.0,161276
-264043.00,928258.0,161289
-264962.00,928086.0,161300
-264522.00,927880.0,161312
-264182.00,927709.0,161324
-263997.00,927790.0,161336
-264610.00,927992.0,161348
-265336.00,928001.0,161359
-264299.00,928181.0,161371
-264190.00,928233.0,161383
-264596.00,928042.0,161394
-264023.00,928106.0,161406
-264984.00,928263.0,161418
-264827.00,928332.0,161430
-263328.00,928133.0,161441
-264615.00,928098.0,161454
-265587.00,927907.0,161465
-264081.00,927983.0,161477
-264114.00,927789.0,161488
-264593.00,927989.0,161501
-264698.00,928375.0,161512
-264179.00,928265.0,161524
-264071.00,928184.0,161536
-264367.00,927758.0,161548
-264273.00,927677.0,161559
-264890.00,927753.0,161571
-264788.00,927891.0,161583
-264152.00,927891.0,161595
-264456.00,928026.0,161606
-264584.00,928119.0,161618
-264940.00,928046.0,161630
-264810.00,927807.0,161642
-263990.00,927686.0,161653
-264418.00,927869.0,161666
-264799.00,928032.0,161677
-264597.00,927960.0,161689
-265064.00,927747.0,161700
-264019.00,927764.0,161713
-263748.00,927655.0,161724
-264794.00,927873.0,161736
-264987.00,928106.0,161747
-264822.00,928153.0,161760
-263966.00,928047.0,161771
-263875.00,927841.0,161783
-264882.00,928119.0,161795
-264266.00,928150.0,161807
-264057.00,927880.0,161818
-264813.00,927766.0,161830
-264088.00,927798.0,161842
-264231.00,927797.0,161854
-265109.00,928026.0,161865
-264485.00,928142.0,161878
-263817.00,928111.0,161889
-265178.00,928259.0,161901
-264662.00,928262.0,161912
-263968.00,927722.0,161925
-264801.00,927584.0,161936
-264573.00,927785.0,161948
-264379.00,927882.0,161959
-265114.00,927968.0,161972
-264512.00,927910.0,161983
-263769.00,927890.0,161995
-264638.00,927941.0,162007
-264496.00,927984.0,162019
-264262.00,928111.0,162030
-265342.00,928240.0,162042
-264131.00,928084.0,162054
-263916.00,927989.0,162066
-264883.00,927908.0,162077
-264367.00,927885.0,162089
-264790.00,927933.0,162101
-264072.00,927999.0,162113
-264094.00,928002.0,162124
-264978.00,928379.0,162137
-264282.00,928444.0,162148
-264127.00,928329.0,162160
-264036.00,928178.0,162171
-264346.00,928071.0,162184
-265017.00,927989.0,162195
-264681.00,927879.0,162207
-264250.00,927748.0,162219
-264265.00,927826.0,162231
-264759.00,928260.0,162242
-264816.00,928260.0,162254
-264702.00,928244.0,162266
-264382.00,928151.0,162278
-264667.00,928038.0,162289
-264501.00,927960.0,162301
-264622.00,927917.0,162313
-264458.00,927875.0,162325
-264229.00,927717.0,162336
-265174.00,927884.0,162349
-264319.00,927955.0,162360
-264535.00,927841.0,162372
-265000.00,927901.0,162383
-263535.00,928132.0,162396
-264580.00,928095.0,162407
-264936.00,928056.0,162419
-264361.00,928096.0,162430
-264465.00,928013.0,162443
-264344.00,927810.0,162454
-264746.00,927629.0,162466
-264596.00,927705.0,162478
-264704.00,927813.0,162490
-264922.00,927925.0,162501
-264463.00,928011.0,162513
-264448.00,927978.0,162525
-264203.00,928084.0,162537
-264348.00,928053.0,162548
-264925.00,928192.0,162561
-264343.00,928114.0,162572
-264321.00,927844.0,162584
-264898.00,928025.0,162595
-264634.00,928077.0,162608
-264182.00,928126.0,162619
-264501.00,928118.0,162631
-264775.00,928201.0,162642
-264147.00,928282.0,162655
-264514.00,928331.0,162666
-264273.00,928243.0,162678
-264413.00,928244.0,162690
-264095.00,927853.0,162702
-265024.00,927773.0,162713
-264604.00,927890.0,162725
-263984.00,927979.0,162737
-265072.00,928095.0,162749
-264155.00,927904.0,162760
-264468.00,927751.0,162772
-264609.00,928014.0,162784
-263441.00,928141.0,162796
-265081.00,928387.0,162807
-264731.00,928451.0,162820
-264291.00,928090.0,162831
-264620.00,927777.0,162843
-264164.00,927809.0,162854
-264842.00,927940.0,162867
-264665.00,928003.0,162878
-264377.00,928134.0,162890
-264008.00,927994.0,162902
-264461.00,928174.0,162914
-264862.00,928307.0,162925
-264500.00,928058.0,162937
-264339.00,928047.0,162949
-264107.00,928044.0,162961
-264990.00,927991.0,162972
-264893.00,927944.0,162984
-264321.00,928202.0,162996
-264594.00,928255.0,163008
-264155.00,928170.0,163019
-264713.00,928450.0,163032
-264174.00,928403.0,163043
-4152.00,928142.0,163055
-263931.00,927934.0,163066
-264434.00,927640.0,163090
-264470.00,927708.0,163101
-265168.00,927828.0,163112
-264488.00,928132.0,163124
-264372.00,928091.0,163135
-263661.00,927699.0,163147
-264171.00,927733.0,163159
-265649.00,927932.0,163170
-264342.00,928074.0,163181
-264430.00,927783.0,163192
-264178.00,927517.0,163204
-264145.00,927483.0,163216
-265511.00,927736.0,163227
-264769.00,928061.0,163238
-264438.00,928022.0,163250
-263698.00,928080.0,163261
-264373.00,928028.0,163272
-265619.00,927908.0,163283
-264106.00,927756.0,163296
-264246.00,927411.0,163307
-264006.00,927554.0,163318
-264702.00,927700.0,163330
-265566.00,927988.0,163341
-264618.00,928048.0,163352
-263459.00,928051.0,163364
-262943.00,928121.0,163376
-265415.00,928262.0,163387
-265907.00,928224.0,163398
-264196.00,927788.0,163409
-264014.00,927513.0,163421
-263808.00,927706.0,163433
-265457.00,927985.0,163444
-265821.00,928069.0,163456
-263766.00,927951.0,163467
-263409.00,927959.0,163479
-264176.00,928000.0,163490
-265473.00,928118.0,163503
-265113.00,928106.0,163514
-263273.00,928005.0,163526
-263444.00,927768.0,163537
-264865.00,927848.0,163550
-266191.00,927854.0,163561
-264486.00,927869.0,163573
-263238.00,927763.0,163585
-264458.00,927865.0,163597
-264783.00,927887.0,163608
-264830.00,928109.0,163620
-263664.00,928191.0,163632
-263580.00,928214.0,163644
-264600.00,928419.0,163655
-264375.00,928050.0,163667
-265095.00,927591.0,163679
-264164.00,927449.0,163691
-264146.00,927492.0,163702
-265555.00,927966.0,163715
-264376.00,928514.0,163726
-264201.00,928967.0,163738
-264215.00,928826.0,163749
-264206.00,928660.0,163762
-264600.00,928552.0,163773
-264040.00,928157.0,163785
-264450.00,928112.0,163796
-264591.00,927965.0,163809
-264843.00,927685.0,163820
-264433.00,927662.0,163832
-264351.00,927823.0,163844
-264069.00,927843.0,163856
-265115.00,927791.0,163867
-264699.00,928012.0,163879
-263119.00,928333.0,163891
-264451.00,928465.0,163903
-265009.00,928433.0,163914
-264469.00,928150.0,163927
-264418.00,927534.0,163938
-263978.00,927173.0,163950
-264828.00,927118.0,163961
-265539.00,927371.0,163974
-265286.00,927874.0,163985
-264150.00,928415.0,163997
-262885.00,928683.0,164008
-264039.00,928713.0,164021
-265620.00,928530.0,164032
-264633.00,928038.0,164044
-263179.00,927647.0,164056
-264132.00,927374.0,164068
-265204.00,927465.0,164079
-265429.00,927582.0,164091
-265115.00,927490.0,164103
-263375.00,927821.0,164115
-263213.00,928334.0,164126
-265034.00,928538.0,164139
-265678.00,928514.0,164150
-264636.00,928405.0,164162
-262729.00,928133.0,164173
-263473.00,927957.0,164186
-265235.00,927813.0,164197
-265064.00,927388.0,164209
-263944.00,927120.0,164220
-263732.00,927339.0,164233
-265520.00,927936.0,164244
-265294.00,928529.0,164256
-263637.00,928752.0,164268
-263418.00,928684.0,164280
-263685.00,928578.0,164291
-265116.00,928396.0,164303
-265701.00,927862.0,164315
-264233.00,927246.0,164327
-263696.00,927003.0,164338
-264268.00,927225.0,164350
-265280.00,927555.0,164362
-265272.00,928081.0,164374
-263695.00,928637.0,164385
-263314.00,929032.0,164398
-264394.00,929016.0,164409
-264922.00,928537.0,164421
-264864.00,928168.0,164432
-263410.00,927882.0,164445
-263636.00,927703.0,164456
-265789.00,927620.0,164468
-265886.00,927559.0,164480
-264075.00,927488.0,164492
-263285.00,927767.0,164503
-264713.00,928429.0,164515
-265362.00,928915.0,164527
-264477.00,928811.0,164539
-263307.00,928783.0,164550
-263087.00,928546.0,164562
-264593.00,928000.0,164574
-266046.00,927341.0,164586
-265254.00,927041.0,164597
-264031.00,927038.0,164610
-266529.00,927400.0,164621
-265313.00,927905.0,164633
-263726.00,928369.0,164644
-262984.00,928552.0,164657
-263539.00,928637.0,164668
-265778.00,928228.0,164680
-265575.00,927763.0,164691
-263513.00,927260.0,164704
-263663.00,927416.0,164715
-265330.00,927619.0,164727
-266080.00,927587.0,164739
-264653.00,927568.0,164751
-263098.00,927558.0,164762
-263641.00,928140.0,164774
-265185.00,928736.0,164786
-265785.00,928861.0,164798
-264338.00,928439.0,164809
-262544.00,928037.0,164822
-264266.00,927561.0,164833
-265881.00,927247.0,164845
-264811.00,927216.0,164856
-264208.00,927440.0,164869
-264170.00,928101.0,164880
-264799.00,928326.0,164892
-265851.00,928262.0,164903
-264470.00,928354.0,164916
-262685.00,928541.0,164927
-263799.00,928524.0,164939
-264863.00,928380.0,164951
-265210.00,928070.0,164963
-264998.00,927658.0,164974
-263593.00,927468.0,164986
-265655.00,927515.0,164998
-264884.00,927538.0,165010
-264321.00,927569.0,165021
-263661.00,928001.0,165033
-264695.00,928326.0,165045
-265539.00,928610.0,165057
-263936.00,928516.0,165068
-263591.00,928163.0,165081
-264032.00,927688.0,165092
-264890.00,927227.0,165104
-266083.00,927235.0,165115
-264054.00,927367.0,165128
-263191.00,927859.0,165139
-265467.00,928105.0,165151
-265065.00,928130.0,165163
-263703.00,928340.0,165175
-264028.00,928502.0,165186
-263843.00,928699.0,165198
-264267.00,928710.0,165210
-265393.00,928058.0,165222
-264590.00,927409.0,165233
-263542.00,927286.0,165245
-264244.00,927432.0,165257
-265569.00,927763.0,165269
-265450.00,928357.0,165280
-263421.00,928696.0,165293
-263525.00,928882.0,165304
-265320.00,928832.0,165316
-264517.00,928437.0,165327
-263558.00,928031.0,165340
-264004.00,927923.0,165351
-264186.00,927822.0,165363
-265721.00,927478.0,165374
-263938.00,927206.0,165387
-263044.00,927495.0,165398
-264270.00,928048.0,165410
-265599.00,928510.0,165422
-264944.00,928810.0,165434
-263705.00,928626.0,165445
-263196.00,928178.0,165457
-263827.00,927777.0,165469
-265894.00,927449.0,165481
-265997.00,927220.0,165492
-263532.00,927065.0,165505
-263535.00,927368.0,165516
-265568.00,927774.0,165528
-265273.00,928292.0,165539
-263773.00,928665.0,165552
-263755.00,928650.0,165563
-263508.00,928543.0,165575
-264605.00,928299.0,165586
-266038.00,927830.0,165599
-264156.00,927560.0,165610
-263276.00,927165.0,165622
-265298.00,927108.0,165634
-266015.00,927467.0,165646
-264569.00,927764.0,165657
-263603.00,928325.0,165669
-263597.00,929019.0,165681
-263571.00,929124.0,165693
-266100.00,928650.0,165704
-265221.00,928031.0,165716
-260814.00,927535.0,165728
-266012.00,927308.0,165740
-266839.00,927532.0,165751
-261869.00,927770.0,165764
-265993.00,927875.0,165775
-264028.00,928042.0,165787
-262584.00,928315.0,165798
-265106.00,928328.0,165811
-266101.00,928202.0,165822
-260800.00,928225.0,165834
-265607.00,928049.0,165846
-266998.00,928178.0,165858
-261530.00,928103.0,165869
-265894.00,927370.0,165881
-266014.00,927337.0,165893
-261275.00,927645.0,165905
-265948.00,927828.0,165916
-267151.00,928153.0,165928
-261388.00,928698.0,165940
-263816.00,928950.0,165952
-266056.00,928622.0,165963
-263354.00,928467.0,165976
-264861.00,927948.0,165987
-265014.00,927393.0,165999
-264713.00,927646.0,166010
-263708.00,927600.0,166023
-264859.00,927699.0,166034
-266963.00,928322.0,166046
-261909.00,928505.0,166057
-263468.00,928690.0,166070
-266264.00,928908.0,166081
-262696.00,928809.0,166093
-265583.00,928077.0,166105
-265538.00,927566.0,166117
-261556.00,927438.0,166128
-265881.00,927425.0,166140
-266519.00,927888.0,166152
-264866.00,928011.0,166164
-264665.00,928141.0,166175
-264078.00,928181.0,166188
-265444.00,928406.0,166199
-263864.00,928381.0,166211
-263176.00,928501.0,166222
-264477.00,928578.0,166235
-265347.00,927880.0,166246
-266339.00,927332.0,166258
-263938.00,927031.0,166269
-262781.00,926990.0,166282
-265692.00,927648.0,166293
-265417.00,928103.0,166305
-263913.00,928579.0,166317
-264375.00,928643.0,166329
-263244.00,928570.0,166340
-263993.00,928451.0,166352
-266146.00,927879.0,166364
-264237.00,927473.0,166376
-263354.00,927127.0,166387
-265048.00,927351.0,166400
-265951.00,927676.0,166411
-264872.00,927804.0,166423
-263429.00,928042.0,166434
-264114.00,928393.0,166447
-264436.00,928480.0,166458
-264836.00,928402.0,166470
-265067.00,928637.0,166481
-263534.00,928352.0,166494
-263222.00,927792.0,166505
-266040.00,927468.0,166517
-265626.00,926948.0,166529
-263359.00,927115.0,166541
-265091.00,927545.0,166552
-264634.00,928094.0,166564
-265171.00,928592.0,166576
-263644.00,928636.0,166588
-262638.00,928504.0,166599
-264904.00,928441.0,166611
-266008.00,928138.0,166623
-263434.00,927511.0,166635
-263672.00,927249.0,166646
-265390.00,926956.0,166659
-265023.00,927145.0,166670
-265443.00,927623.0,166682
-264112.00,927929.0,166693
-262931.00,928566.0,166706
-264433.00,928958.0,166717
-265261.00,928829.0,166729
-264552.00,928549.0,166740
-263194.00,928370.0,166753
-264046.00,927868.0,166764
-265342.00,927621.0,166776
-264930.00,927376.0,166788
-264635.00,927313.0,166800
-264261.00,927586.0,166811
-264247.00,928175.0,166823
-264827.00,928600.0,166835
-265341.00,929076.0,166847
-263164.00,929134.0,166858
-262751.00,928945.0,166871
-266009.00,928607.0,166882
-264309.00,927914.0,166894
-263575.00,927324.0,166905
-265797.00,927050.0,166918
-264003.00,927180.0,166929
-266134.00,927654.0,166941
-263874.00,928241.0,166952
-263722.00,928916.0,166965
-263771.00,929151.0,166976
-264000.00,928823.0,166988
-264529.00,928466.0,167000
-264194.00,927743.0,167012
-265146.00,927299.0,167023
-265407.00,927114.0,167035
-264532.00,927216.0,167047
-264658.00,927297.0,167059
-264837.00,927655.0,167070
-264604.00,928089.0,167083
-264794.00,928409.0,167094
-264386.00,928873.0,167106
-263359.00,929047.0,167117
-264367.00,928743.0,167130
-264908.00,928127.0,167141
-264079.00,927405.0,167153
-265099.00,926892.0,167164
-264188.00,926888.0,167177
-264592.00,927337.0,167188
-265811.00,927961.0,167200
-263794.00,928134.0,167212
-265415.00,928588.0,167224
-264150.00,928991.0,167235
-262569.00,928879.0,167247
-265321.00,928227.0,167259
-264006.00,927793.0,167271
-265426.00,927519.0,167282
-264000.00,927095.0,167294
-264474.00,927368.0,167306
-262675.00,927705.0,167318
-264431.00,927898.0,167329
-265471.00,928248.0,167342
-263193.00,928496.0,167353
-265027.00,928675.0,167365
-264887.00,928541.0,167376
-262675.00,928400.0,167389
-264626.00,928025.0,167400
-265944.00,927429.0,167412
-264363.00,927148.0,167424
-264588.00,927191.0,167436
-264211.00,927451.0,167447
-264623.00,927899.0,167459
-265117.00,928356.0,167471
-263994.00,928608.0,167483
-264677.00,928812.0,167494
-263541.00,928967.0,167506
-263238.00,928454.0,167518
-266704.00,927888.0,167530
-263397.00,926875.0,167541
-263605.00,926672.0,167554
-267025.00,927157.0,167565
-262892.00,927597.0,167577
-264778.00,928522.0,167588
-265388.00,929021.0,167601
-261884.00,929150.0,167612
-265458.00,928778.0,167624
-264807.00,928336.0,167635
-262956.00,928263.0,167648
-264603.00,927998.0,167659
-264062.00,927599.0,167671
-265437.00,927435.0,167683
-265770.00,927474.0,167695
-264109.00,927703.0,167706
-264166.00,928070.0,167718
-264796.00,928540.0,167730
-265317.00,928749.0,167742
-262643.00,928428.0,167753
-263455.00,928104.0,167764
-266122.00,928015.0,167777
-264492.00,927498.0,167788
-264104.00,927038.0,167800
-265195.00,926697.0,167812
-264172.00,926961.0,167824
-264868.00,927755.0,167835
-265773.00,928306.0,167847
-263869.00,928627.0,167859
-262770.00,928788.0,167871
-264396.00,928427.0,167882
-265702.00,928304.0,167895
-264409.00,927888.0,167906
-263328.00,927389.0,167918
-264933.00,927435.0,167929
-264946.00,927496.0,167942
-265191.00,927548.0,167953
-265718.00,927805.0,167965
-262800.00,928221.0,167976
-263177.00,928524.0,167989
-265718.00,928694.0,168000
-264613.00,928475.0,168012
-263204.00,928212.0,168024
-264053.00,928296.0,168036
-264766.00,928077.0,168047
-264866.00,927647.0,168059
-265704.00,927455.0,168071
-264120.00,927329.0,168083
-262589.00,927573.0,168094
-265981.00,928098.0,168107
-263184.00,928442.0,168118
-264395.00,928587.0,168130
-264502.00,928554.0,168141
-263434.00,928595.0,168154
-266116.00,928295.0,168165
-264977.00,927779.0,168177
-262382.00,927401.0,168188
-265154.00,927329.0,168201
-266230.00,927471.0,168212
-264725.00,927638.0,168224
-264038.00,928083.0,168236
-263808.00,928421.0,168248
-264260.00,928695.0,168259
-264862.00,928919.0,168271
-264200.00,928481.0,168283
-263691.00,928263.0,168295
-263948.00,927924.0,168306
-265291.00,927578.0,168318
-265693.00,927612.0,168330
-263654.00,927570.0,168342
-264257.00,927591.0,168353
-265274.00,927886.0,168366
-263678.00,928070.0,168377
-264481.00,928397.0,168389
-264658.00,928862.0,168400
-262956.00,928793.0,168413
-264707.00,928212.0,168424
-265510.00,927775.0,168436
-263869.00,927463.0,168448
-264080.00,927302.0,168460
-264954.00,927551.0,168471
-265259.00,927918.0,168483
-263905.00,928334.0,168495
-264380.00,928487.0,168507
-264241.00,928568.0,168518
-264472.00,928298.0,168530
-264912.00,927947.0,168542
-262970.00,927629.0,168554
-264428.00,927434.0,168565
-266389.00,927463.0,168578
-264710.00,927393.0,168589
-263756.00,927522.0,168601
-264571.00,927844.0,168612
-264088.00,928119.0,168625
-263803.00,928594.0,168636
-265631.00,928646.0,168648
-263804.00,928422.0,168659
-263027.00,928195.0,168672
-265462.00,927809.0,168683
-265192.00,927388.0,168695
-264528.00,927255.0,168707
-264189.00,927252.0,168719
-264828.00,927555.0,168730
-264895.00,928066.0,168742
-264284.00,928274.0,168754
-264957.00,928545.0,168766
-263796.00,928476.0,168777
-263793.00,928364.0,168790
-265335.00,928325.0,168801
-264254.00,928256.0,168813
-263978.00,927934.0,168824
-264745.00,927801.0,168837
-264401.00,927430.0,168848
-264884.00,927540.0,168860
-265151.00,927885.0,168871
-264010.00,928251.0,168884
-264900.00,928502.0,168895
-264141.00,928543.0,168907
-263899.00,928448.0,168919
-264990.00,928235.0,168931
-264439.00,927914.0,168942
-264142.00,927654.0,168954
-264376.00,927458.0,168966
-264817.00,927497.0,168977
-265053.00,927517.0,168989
-264093.00,927620.0,169000
-264138.00,927844.0,169013
-264425.00,928165.0,169024
-264098.00,928363.0,169036
-265353.00,928338.0,169048
-263814.00,928343.0,169060
-263122.00,928175.0,169071
-265283.00,928059.0,169083
-264686.00,927883.0,169095
-264195.00,927517.0,169107
-265104.00,927277.0,169118
-264171.00,927617.0,169131
-263881.00,928022.0,169142
-264828.00,928448.0,169154
-264666.00,928606.0,169165
-263631.00,928518.0,169178
-264372.00,928140.0,169189
-265138.00,927921.0,169201
-264168.00,927904.0,169212
-264400.00,927728.0,169225
-265145.00,927803.0,169236
-264449.00,927878.0,169248
-264190.00,928031.0,169260
-265328.00,928030.0,169272
-264641.00,928217.0,169283
-263361.00,928350.0,169295
-265148.00,928341.0,169307
-264668.00,928310.0,169319
-264047.00,928031.0,169330
-264734.00,927623.0,169342
-264482.00,927666.0,169354
-264464.00,927801.0,169366
-265065.00,927755.0,169377
-264689.00,927731.0,169390
-264031.00,927909.0,169401
-264848.00,927895.0,169413
-264336.00,928112.0,169424
-263858.00,928517.0,169437
-264880.00,928230.0,169448
-264578.00,927917.0,169460
-264799.00,927639.0,169472
-264327.00,927673.0,169484
-263979.00,927867.0,169495
-265580.00,927937.0,169507
-264325.00,927918.0,169519
-263925.00,928151.0,169531
-264542.00,928291.0,169542
-263561.00,928429.0,169554
-264857.00,928460.0,169566
-264876.00,928194.0,169578
-264025.00,928035.0,169589
-263708.00,927916.0,169602
-264239.00,927705.0,169613
-265821.00,927629.0,169625
-264847.00,927841.0,169636
-264086.00,927943.0,169649
-264302.00,928385.0,169660
-265082.00,928876.0,169672
-264865.00,928715.0,169683
-263989.00,928318.0,169696
-263318.00,927989.0,169707
-264649.00,927721.0,169719
-265988.00,927612.0,169731
-264934.00,927616.0,169743
-264023.00,927690.0,169754
-264061.00,927750.0,169766
-264703.00,927849.0,169778
-265341.00,928147.0,169790
-264202.00,928397.0,169801
-263531.00,928218.0,169814
-264170.00,928188.0,169825
-264548.00,928076.0,169837
-264544.00,927984.0,169848
-264839.00,927638.0,169861
-264411.00,927599.0,169872
-263679.00,927627.0,169884
-265233.00,927783.0,169895
-265063.00,927972.0,169908
-264136.00,928112.0,169919
-264487.00,928361.0,169931
-263837.00,928393.0,169943
-265182.00,928138.0,169955
-264788.00,928213.0,169966
-262911.00,928119.0,169978
-264978.00,928139.0,169990
-264786.00,928098.0,170002
-264164.00,927961.0,170013
-265159.00,927797.0,170025
-263316.00,928026.0,170037
-264641.00,928029.0,170049
-263549.00,928132.0,170060
-263982.00,928100.0,170073
-264547.00,928018.0,170084
-264023.00,928031.0,170096
-265149.00,927963.0,170107
-264368.00,927739.0,170120
-263612.00,927844.0,170131
-265279.00,927950.0,170143
-264664.00,927896.0,170155
-264688.00,927893.0,170167
-264629.00,927851.0,170178
-263053.00,928066.0,170190
-265345.00,928320.0,170202
-265530.00,928228.0,170214
-263533.00,927911.0,170225
-264080.00,927729.0,170236
-263945.00,927847.0,170249
-264737.00,927877.0,170260
-265908.00,927638.0,170272
-263855.00,927705.0,170284
-263245.00,928027.0,170296
-264936.00,928152.0,170307
-264809.00,928240.0,170319
-264861.00,928346.0,170331
-264005.00,927900.0,170343
-263700.00,928054.0,170354
-264803.00,928225.0,170366
-265118.00,927852.0,170378
-265027.00,927646.0,170390
-263942.00,927824.0,170401
-264114.00,928172.0,170414
-265258.00,928221.0,170425
-264622.00,928173.0,170437
-263709.00,928259.0,170448
-264482.00,928277.0,170461
-264568.00,928233.0,170472
-264945.00,928064.0,170484
-264832.00,927883.0,170496
-263308.00,927747.0,170508
-264353.00,927613.0,170519
-265737.00,927818.0,170531
-264633.00,927919.0,170543
-263689.00,928132.0,170555
-264920.00,928308.0,170566
-263913.00,928413.0,170578
-264121.00,928293.0,170590
-266031.00,928132.0,170602
-263658.00,927926.0,170613
-263962.00,927845.0,170626
-264874.00,927725.0,170637
-264791.00,927842.0,170649
-265520.00,927751.0,170660
-263787.00,927613.0,170673
-264001.00,927990.0,170684
-265091.00,928460.0,170696
-264018.00,928374.0,170707
-264619.00,928192.0,170720
-264560.00,927975.0,170731
-263261.00,927775.0,170743
-265681.00,927681.0,170755
-265738.00,927693.0,170767
-263129.00,927833.0,170778
-264199.00,928140.0,170790
-264850.00,928201.0,170802
-265076.00,928214.0,170814
-265255.00,928196.0,170825
-263973.00,928349.0,170838
-265436.00,928268.0,170849
-264551.00,927913.0,170861
-264848.00,927734.0,170872
-263559.00,927592.0,170885
-264226.00,927866.0,170896
-265912.00,928089.0,170908
-263819.00,928033.0,170919
-263924.00,927888.0,170932
-264381.00,927731.0,170943
-264503.00,927851.0,170955
-265619.00,928106.0,170967
-264115.00,928176.0,170979
-263101.00,927932.0,170990
-264434.00,927916.0,171002
-265102.00,927851.0,171014
-264978.00,927849.0,171026
-264291.00,927807.0,171037
-263465.00,927992.0,171049
-264191.00,928105.0,171061
-265889.00,928090.0,171073
-264782.00,927913.0,171084
-263502.00,928144.0,171097
-263856.00,928302.0,171108
-264326.00,928291.0,171120
-264993.00,928266.0,171131
-264938.00,928004.0,171144
-264491.00,927849.0,171155
-263656.00,928056.0,171167
-264528.00,928164.0,171179
-265216.00,928407.0,171191
-263940.00,928325.0,171202
-264442.00,928281.0,171214
-264730.00,928150.0,171226
-265295.00,928131.0,171238
-263206.00,928017.0,171249
-263636.00,927872.0,171261
-265470.00,927955.0,171273
-265146.00,928038.0,171285
-264455.00,927980.0,171296
-264173.00,927822.0,171309
-264465.00,927867.0,171320
-264841.00,927872.0,171332
-264222.00,927810.0,171343
-265321.00,928064.0,171356
-264583.00,928176.0,171367
-263400.00,928136.0,171379
-265122.00,928133.0,171390
-264722.00,928119.0,171403
-264109.00,928083.0,171414
-264485.00,927880.0,171426
-264480.00,927522.0,171438
-264638.00,927570.0,171450
-264542.00,927672.0,171461
-264382.00,927886.0,171473
-264848.00,927924.0,171485
-264801.00,927937.0,171497
-263922.00,927890.0,171508
-264541.00,928334.0,171521
-264550.00,928289.0,171532
-264101.00,928113.0,171543
-265055.00,928057.0,171555
-264330.00,927884.0,171567
-264048.00,927752.0,171579
-264895.00,927873.0,171590
-264849.00,928178.0,171602
-264956.00,928201.0,171614
-263957.00,928215.0,171626
-264914.00,928074.0,171637
-264639.00,927888.0,171650
-264726.00,927873.0,171661
-263882.00,927824.0,171673
-263755.00,927781.0,171684
-265292.00,927823.0,171697
-265742.00,927392.0,171708
-264330.00,927368.0,171720
-263684.00,927517.0,171731
-264131.00,927948.0,171744
-265325.00,928333.0,171755
-264516.00,928420.0,171767
-263074.00,928264.0,171779
-264428.00,928186.0,171791
-265161.00,928129.0,171802
-264764.00,928033.0,171814
-264916.00,927918.0,171826
-264120.00,927777.0,171838
-263372.00,928053.0,171849
-264886.00,928201.0,171862
-265644.00,928312.0,171873
-264556.00,928041.0,171885
-263216.00,927931.0,171896
-263697.00,928133.0,171909
-265940.00,928136.0,171920
-265321.00,927941.0,171932
-263934.00,927741.0,171943
-264159.00,927992.0,171956
-264025.00,928199.0,171967
-264757.00,928324.0,171979
-265994.00,928415.0,171991
-264064.00,928133.0,172003
-264953.00,928318.0,172014
-264640.00,928304.0,172026
-264591.00,928017.0,172038
-264229.00,927815.0,172050
-264184.00,927694.0,172061
-265006.00,927742.0,172073
-264789.00,927949.0,172085
-264269.00,927896.0,172097
-263898.00,927846.0,172108
-264011.00,927833.0,172121
-265243.00,927999.0,172132
-264964.00,928059.0,172144
-263749.00,928080.0,172155
-264163.00,928101.0,172168
-264072.00,927984.0,172179
-264472.00,928061.0,172191
-264955.00,927726.0,172203
-264562.00,927566.0,172215
-264611.00,927911.0,172226
-264429.00,928116.0,172238
-264280.00,928228.0,172250
-264709.00,928268.0,172262
-264260.00,928222.0,172273
-264029.00,928076.0,172285
-264852.00,927854.0,172297
-264556.00,928004.0,172309
-263279.00,928099.0,172320
-264615.00,928190.0,172333
-265316.00,928134.0,172344
-264294.00,927955.0,172356
-264601.00,927952.0,172367
-263816.00,928071.0,172380
-264556.00,928174.0,172391
-264394.00,928108.0,172403
-263866.00,927866.0,172414
-263939.00,927953.0,172427
-264966.00,928202.0,172438
-265310.00,928336.0,172450
-264198.00,927981.0,172462
-263788.00,927851.0,172474
-264622.00,927935.0,172485
-265163.00,927978.0,172497
-264957.00,927899.0,172509
-264201.00,927893.0,172521
-263485.00,927937.0,172532
-264755.00,928012.0,172545
-265316.00,928240.0,172556
-264652.00,928158.0,172568
-264077.00,927973.0,172579
-263414.00,927722.0,172592
-264247.00,927727.0,172603
-266099.00,927916.0,172615
-264649.00,927850.0,172626
-263371.00,927984.0,172639
-264653.00,928390.0,172650
-264716.00,928339.0,172662
-264877.00,928200.0,172674
-263985.00,928096.0,172686
-263649.00,927944.0,172697
-264482.00,928001.0,172709
-265052.00,928055.0,172721
-265689.00,928052.0,172733
-263651.00,927932.0,172744
-263387.00,928230.0,172756
-265094.00,928392.0,172768
-264700.00,928428.0,172780
-263990.00,928600.0,172791
-264515.00,928367.0,172804
-264498.00,927938.0,172815
-264825.00,927570.0,172827
-264653.00,927393.0,172838
-263410.00,927544.0,172850
-265103.00,927793.0,172862
-265490.00,927991.0,172873
-263939.00,928029.0,172886
-263699.00,928123.0,172897
-264220.00,928013.0,172909
-265426.00,928332.0,172920
-264371.00,928298.0,172933
-263537.00,928098.0,172944
-264329.00,927914.0,172956
-264951.00,927792.0,172967
-265750.00,927590.0,172980
-264107.00,927686.0,172991
-263323.00,928082.0,173003
-264410.00,928185.0,173015
-265257.00,928294.0,173027
-265319.00,928140.0,173038
-263770.00,927968.0,173050
-263334.00,928099.0,173062
-264501.00,928101.0,173074
-265751.00,928056.0,173085
-265178.00,927773.0,173097
-263898.00,927722.0,173109
-263590.00,927966.0,173121
-264383.00,928018.0,173132
-265710.00,928220.0,173145
-264874.00,928204.0,173156
-263186.00,928129.0,173168
-263673.00,928243.0,173179
-265754.00,928161.0,173192
-263890.00,927916.0,173203
-263175.00,927601.0,173215
-264471.00,927577.0,173227
-265458.00,927708.0,173239
-265737.00,927939.0,173250
-263365.00,927899.0,173262
-262598.00,928175.0,173274
-264872.00,928584.0,173286
-265711.00,928407.0,173297
-264827.00,927872.0,173309
-263001.00,927903.0,173321
-263538.00,927905.0,173333
-265316.00,927854.0,173344
-265607.00,928046.0,173357
-264157.00,928176.0,173368
-263008.00,927889.0,173380
-264590.00,927903.0,173391
-265125.00,927901.0,173404
-264980.00,927925.0,173415
-263875.00,928055.0,173427
-263120.00,928049.0,173438
-265021.00,928265.0,173451
-265638.00,928016.0,173462
-264706.00,927776.0,173474
-263568.00,927818.0,173486
-263745.00,927747.0,173498
-264825.00,928007.0,173509
-265038.00,928098.0,173521
-264755.00,928374.0,173533
-263257.00,928326.0,173545
-263917.00,928362.0,173556
-265619.00,928237.0,173569
-263649.00,927983.0,173580
-263487.00,927756.0,173592
-265182.00,927736.0,173603
-265878.00,928081.0,173616
-264015.00,927960.0,173627
-263412.00,928105.0,173639
-263952.00,928256.0,173650
-265313.00,928088.0,173663
-265435.00,928063.0,173674
-263785.00,927829.0,173686
-263885.00,927763.0,173698
-264233.00,927759.0,173710
-264918.00,927842.0,173721
-265348.00,927903.0,173733
-264332.00,928055.0,173745
-263518.00,928248.0,173757
-264856.00,928187.0,173768
-265771.00,927917.0,173780
-263622.00,927774.0,173792
-263661.00,927799.0,173804
-264778.00,928016.0,173815
-264697.00,928085.0,173828
-265769.00,927943.0,173839
-264153.00,927838.0,173851
-263130.00,927765.0,173862
-264731.00,927882.0,173875
-265271.00,927896.0,173886
-265274.00,927991.0,173898
-263286.00,928285.0,173910
-263415.00,928508.0,173922
-265575.00,928442.0,173933
-265245.00,927952.0,173945
-264127.00,927756.0,173957
-263954.00,927691.0,173969
-265129.00,927927.0,173980
-265912.00,928024.0,173992
-264270.00,927861.0,174004
-263760.00,927770.0,174016
-264420.00,927789.0,174027
-264555.00,927873.0,174040
-265283.00,927950.0,174051
-263666.00,927671.0,174063
-263808.00,927803.0,174074
-265700.00,927947.0,174087
-265039.00,927991.0,174098
-263918.00,928077.0,174110
-263346.00,928117.0,174121
-264331.00,928045.0,174133
-265623.00,927900.0,174145
-264955.00,928158.0,174156
-263882.00,927989.0,174169
-264220.00,927796.0,174180
-264658.00,928000.0,174192
-264688.00,928096.0,174203
-264801.00,928273.0,174216
-264078.00,928395.0,174227
-263705.00,928397.0,174239
-264630.00,928306.0,174251
-264885.00,928059.0,174263
-264531.00,927906.0,174274
-263836.00,927798.0,174286
-264171.00,927745.0,174298
-264745.00,927976.0,174310
-264056.00,928309.0,174321
-264430.00,928437.0,174333
-265009.00,928087.0,174345
-264645.00,928174.0,174357
-264170.00,928120.0,174368
-263318.00,927724.0,174381
-264720.00,927817.0,174392
-265290.00,927845.0,174404
-264445.00,927888.0,174415
-264364.00,927780.0,174428
-264181.00,927942.0,174439
-264372.00,928094.0,174451
-264909.00,928132.0,174462
-264297.00,928184.0,174475
-264402.00,928167.0,174486
-264948.00,928030.0,174498
-263866.00,928017.0,174510
-264108.00,928051.0,174522
-265629.00,927832.0,174533
-264717.00,927759.0,174545
-264167.00,927812.0,174557
-264395.00,928128.0,174569
-264029.00,928378.0,174580
-264261.00,928241.0,174593
-265227.00,927776.0,174604
-264988.00,927543.0,174616
-264090.00,927640.0,174627
-264399.00,927873.0,174640
-264935.00,928163.0,174651
-264557.00,927997.0,174663
-264765.00,927899.0,174674
-264797.00,928118.0,174687
-263812.00,928414.0,174698
-264018.00,928361.0,174710
-264949.00,928141.0,174722
-264804.00,927945.0,174734
-264142.00,927733.0,174745
-264393.00,927871.0,174757
-265460.00,928060.0,174769
-264388.00,928093.0,174781
-263637.00,927929.0,174792
-264621.00,927862.0,174804
-264698.00,927962.0,174816
-264363.00,927945.0,174828
-264776.00,928195.0,174839
-264107.00,928047.0,174852
-263772.00,927635.0,174863
-265499.00,927543.0,174875
-264983.00,927860.0,174886
-263394.00,928156.0,174899
-264344.00,928270.0,174910
-265195.00,928262.0,174922
-264560.00,928105.0,174934
-264159.00,928081.0,174946
-264715.00,928009.0,174957
-264256.00,927823.0,174969
-263904.00,927955.0,174981
-265087.00,928056.0,174993
-265323.00,927962.0,175004
-264574.00,927969.0,175016
-263971.00,928180.0,175028
-263946.00,928298.0,175040
-263811.00,928262.0,175051
-264790.00,928105.0,175064
-265872.00,927966.0,175075
-264119.00,928000.0,175087
-263348.00,928007.0,175098
-264668.00,928218.0,175111
-264746.00,928266.0,175122
-264346.00,927883.0,175134
-264118.00,927664.0,175145
-263751.00,927859.0,175158
-265141.00,928095.0,175169
-265400.00,928080.0,175181
-264026.00,927883.0,175193
-263198.00,927797.0,175205
-264381.00,927867.0,175216
-265733.00,927922.0,175228
-264903.00,927956.0,175240
-264358.00,927866.0,175252
-264220.00,927731.0,175263
-263779.00,928099.0,175276
-265289.00,928199.0,175287
-265531.00,928013.0,175299
-263143.00,927978.0,175310
-264211.00,927791.0,175323
-265501.00,927702.0,175334
-264115.00,927783.0,175346
-264844.00,928067.0,175357
-264399.00,928088.0,175370
-264229.00,928001.0,175381
-265239.00,928047.0,175393
-263944.00,927825.0,175405
-264333.00,927753.0,175417
-264714.00,927808.0,175428
-264260.00,928247.0,175440
-264778.00,928491.0,175452
-264121.00,928419.0,175463
-264517.00,928163.0,175475
-265433.00,927885.0,175486
-263699.00,927822.0,175499
-263879.00,928109.0,175510
-265559.00,927948.0,175522
-264531.00,927847.0,175534
-264590.00,927857.0,175546
-263490.00,927785.0,175557
-265298.00,928093.0,175569
-265001.00,928207.0,175581
-263919.00,927852.0,175593
-265073.00,927832.0,175604
-263460.00,927774.0,175617
-264157.00,927999.0,175628
-265970.00,928302.0,175640
-264421.00,928231.0,175651
-264279.00,928086.0,175664
-263904.00,928059.0,175675
-264438.00,927982.0,175687
-266260.00,928099.0,175698
-263854.00,928079.0,175711
-263352.00,928056.0,175722
-264938.00,928312.0,175734
-264428.00,928447.0,175746
-265341.00,928190.0,175758
-264930.00,927959.0,175769
-263289.00,927772.0,175781
-264535.00,927682.0,175793
-265018.00,927790.0,175805
-264353.00,928065.0,175816
-264832.00,928414.0,175828
-263741.00,928527.0,175840
-264327.00,928380.0,175852
-265599.00,927904.0,175863
-263564.00,927913.0,175876
-263764.00,928068.0,175887
-264803.00,928196.0,175899
-264959.00,928210.0,175910
-263571.00,928099.0,175923
-263834.00,927811.0,175934
-265187.00,927818.0,175946
-264633.00,927890.0,175958
-265096.00,927978.0,175970
-264061.00,927923.0,175981
-263472.00,928309.0,175993
-265324.00,928406.0,176005
-264736.00,928065.0,176017
-264097.00,927729.0,176028
-264164.00,927897.0,176040
-264331.00,927755.0,176052
-265527.00,927767.0,176064
-264394.00,927694.0,176075
-263000.00,927932.0,176088
-264497.00,928210.0,176099
-265044.00,928573.0,176111
-265378.00,928269.0,176122
-264815.00,927649.0,176135
-262567.00,927383.0,176146
-263681.00,927566.0,176158
-266001.00,927970.0,176169
-265524.00,928135.0,176182
-263652.00,928144.0,176193
-262926.00,928236.0,176205
-264548.00,928275.0,176217
-266019.00,928231.0,176229
-265344.00,927929.0,176240
-263555.00,927894.0,176252
-263027.00,928042.0,176264
-265050.00,928111.0,176276
-266370.00,927995.0,176287
-264634.00,927814.0,176300
-263099.00,927892.0,176311
-264460.00,928303.0,176323
-265462.00,928436.0,176334
-265169.00,928271.0,176347
-262940.00,927877.0,176358
-264227.00,927708.0,176370
-265969.00,927770.0,176381
-264997.00,927722.0,176394
-263724.00,927593.0,176405
-263397.00,927702.0,176417
-264769.00,927755.0,176429
-266292.00,928058.0,176441
-265277.00,928099.0,176452
-262749.00,928040.0,176464
-262954.00,928302.0,176476
-265613.00,928349.0,176488
-266119.00,927921.0,176499
-264288.00,927555.0,176512
-263143.00,927806.0,176523
-263909.00,928187.0,176535
-265343.00,928295.0,176546
-265370.00,928014.0,176559
-263682.00,927976.0,176570
-262975.00,928106.0,176582
-264692.00,928351.0,176593
-265735.00,928426.0,176606
-264473.00,928113.0,176617
-263703.00,927984.0,176629
-263865.00,928074.0,176641
-264765.00,928210.0,176653
-265851.00,927997.0,176664
-264516.00,928056.0,176676
-262863.00,928018.0,176688
-263883.00,928212.0,176700
-265629.00,928140.0,176711
-264226.00,928105.0,176723
-263258.00,928228.0,176735
-264180.00,928039.0,176746
-264849.00,928008.0,176758
-264747.00,927836.0,176770
-264575.00,927864.0,176782
-263828.00,927820.0,176793
-264589.00,927875.0,176805
-265253.00,927929.0,176817
-264326.00,927859.0,176829
-263973.00,927773.0,176840
-264411.00,927757.0,176852
-264433.00,928004.0,176864
-264551.00,928477.0,176876
-264496.00,928325.0,176887
-263729.00,927917.0,176900
-264472.00,927760.0,176911
-265718.00,927569.0,176923
-264652.00,927549.0,176934
-263351.00,927763.0,176947
-264216.00,928043.0,176958
-265009.00,928232.0,176970
-264782.00,927990.0,176982
-264961.00,928064.0,176994
-264078.00,928246.0,177005
-263183.00,928168.0,177017
-264970.00,928245.0,177029
-265604.00,928211.0,177041
-264067.00,928113.0,177052
-263989.00,927912.0,177064
-264785.00,927935.0,177076
-264959.00,928179.0,177088
-263970.00,928150.0,177099
-263707.00,928089.0,177112
-264337.00,928105.0,177123
-265844.00,928054.0,177135
-264907.00,927924.0,177146
-262965.00,927830.0,177159
-263830.00,927906.0,177170
-264945.00,928071.0,177182
-265180.00,928231.0,177193
-264842.00,928124.0,177206
-263904.00,927776.0,177217
-263665.00,927815.0,177229
-264868.00,927933.0,177241
-265358.00,927863.0,177253
-264405.00,927869.0,177264
-263893.00,927905.0,177276
-264089.00,928078.0,177288
-265224.00,928407.0,177300
-264765.00,928151.0,177311
-263897.00,927913.0,177324
-264218.00,927925.0,177335
-264373.00,927966.0,177347
-265261.00,927900.0,177358
-264558.00,927891.0,177371
-263460.00,928023.0,177382
-264003.00,928342.0,177394
-265042.00,928521.0,177405
-265241.00,928426.0,177418
-263622.00,928253.0,177429
-263760.00,928032.0,177441
-264782.00,927885.0,177453
-264762.00,927800.0,177465
-264949.00,927921.0,177476
-263695.00,928318.0,177488
-264970.00,928374.0,177500
-265211.00,928114.0,177512
-264171.00,927791.0,177523
-264013.00,927527.0,177536
-263928.00,927643.0,177547
-264709.00,928006.0,177559
-265580.00,928222.0,177570
-263930.00,928059.0,177583
-263890.00,927919.0,177594
-265250.00,927842.0,177606
-264458.00,927694.0,177617
-264669.00,927811.0,177630
-264218.00,928030.0,177641
-263386.00,928312.0,177653
-264905.00,928255.0,177665
-265367.00,928071.0,177677
-264847.00,928084.0,177688
-263905.00,927828.0,177700
-263630.00,927651.0,177712
-265046.00,927871.0,177724
-264836.00,928286.0,177735
-264035.00,928663.0,177747
-264878.00,928600.0,177759
-264152.00,928566.0,177771
-264042.00,928230.0,177782
-265442.00,927648.0,177795
-264328.00,927418.0,177806
-264022.00,927492.0,177818
-265027.00,928092.0,177829
-264452.00,928725.0,177842
-264209.00,928805.0,177853
-264106.00,928541.0,177865
-265049.00,928329.0,177876
-264907.00,927741.0,177889
-264377.00,927374.0,177900
-264583.00,927695.0,177912
-264364.00,927873.0,177924
-264465.00,927963.0,177936
-264620.00,928189.0,177947
-264226.00,928326.0,177959
-264989.00,928278.0,177971
-264829.00,928046.0,177983
-263585.00,927761.0,177994
-264535.00,927711.0,178007
-264506.00,927778.0,178018
-263957.00,927749.0,178029
-265146.00,927771.0,178041
-264199.00,928020.0,178053
-263630.00,928078.0,178065
-264943.00,928238.0,178076
-264908.00,928344.0,178088
-264181.00,928145.0,178100
-264623.00,927850.0,178112
-263878.00,928034.0,178123
-263688.00,928278.0,178136
-265294.00,928281.0,178147
-265045.00,928061.0,178159
-264037.00,928165.0,178170
-263543.00,928086.0,178183
-264506.00,928118.0,178194
-265502.00,927955.0,178206
-264337.00,927687.0,178217
-264066.00,927748.0,178230
-264297.00,928208.0,178241
-264097.00,928623.0,178253
-264907.00,928610.0,178265
-263730.00,928233.0,178277
-264139.00,927842.0,178288
-265070.00,927478.0,178300
-265125.00,927537.0,178312
-264901.00,927676.0,178324
-263893.00,927960.0,178335
-263747.00,928138.0,178348
-264944.00,928386.0,178359
-264931.00,928301.0,178371
-264224.00,927953.0,178382
-264248.00,927835.0,178395
-264408.00,927911.0,178406
-264920.00,927826.0,178418
-264860.00,927731.0,178429
-264230.00,927732.0,178442
-264369.00,927666.0,178453
-264669.00,927951.0,178465
-264445.00,928201.0,178477
-264409.00,928145.0,178489
-264340.00,927906.0,178500
-264048.00,928042.0,178512
-264870.00,928121.0,178524
-264738.00,928096.0,178536
-263865.00,927861.0,178547
-264676.00,927690.0,178560
-265474.00,927733.0,178571
-264653.00,927785.0,178583
-263756.00,928158.0,178594
-263759.00,928335.0,178607
-264501.00,928251.0,178618
-264933.00,928270.0,178630
-264538.00,928194.0,178641
-264043.00,928248.0,178654
-264889.00,928247.0,178665
-265044.00,927986.0,178677
-263931.00,927587.0,178689
-263608.00,927522.0,178701
-265267.00,927724.0,178712
-264868.00,928078.0,178724
-264679.00,928301.0,178736
-264385.00,928264.0,178748
-263180.00,928297.0,178759
-264780.00,928209.0,178771
-265192.00,927921.0,178783
-263785.00,927912.0,178795
-263702.00,928003.0,178806
-264650.00,927788.0,178819
-265287.00,927934.0,178830
-264918.00,927839.0,178842
-264014.00,927857.0,178853
-263253.00,928117.0,178866
-264633.00,928443.0,178877
-265243.00,928509.0,178889
-264602.00,927988.0,178900
-263999.00,927843.0,178913
-263745.00,928061.0,178924
-265002.00,927999.0,178936
-265099.00,927851.0,178948
-264169.00,927920.0,178960
-263751.00,928092.0,178971
-263976.00,928319.0,178983
-265244.00,928507.0,178995
-265029.00,928497.0,179007
-263494.00,928153.0,179018
-263407.00,928011.0,179031
-264412.00,927878.0,179042
-265185.00,927935.0,179054
-264413.00,927758.0,179065
-263828.00,927606.0,179078
-264751.00,927755.0,179089
-265120.00,927780.0,179101
-264600.00,927785.0,179112
-264020.00,928050.0,179125
-263879.00,928267.0,179136
-264697.00,928257.0,179148
-265002.00,928137.0,179160
-264311.00,927805.0,179172
-264049.00,927470.0,179183
-264796.00,927527.0,179195
-265004.00,927603.0,179207
-264704.00,927776.0,179219
-264421.00,928009.0,179230
-264250.00,928155.0,179243
-264469.00,928168.0,179254
-264667.00,928199.0,179266
-264630.00,927972.0,179277
-264134.00,927897.0,179289
-264041.00,927965.0,179301
-264963.00,928067.0,179312
-265161.00,927971.0,179324
-264616.00,927866.0,179336
-264363.00,927800.0,179348
-263953.00,927806.0,179359
-264683.00,927918.0,179372
-265007.00,927974.0,179383
-264145.00,928294.0,179395
-264292.00,928560.0,179406
-264389.00,928517.0,179419
-264531.00,928314.0,179430
-264042.00,927892.0,179442
-264232.00,927804.0,179453
-264941.00,927676.0,179466
-265479.00,927688.0,179477
-264367.00,927824.0,179489
-263607.00,928121.0,179501
-264402.00,928417.0,179513
-264830.00,928337.0,179524
-264517.00,928400.0,179536
-263716.00,928246.0,179548
-264077.00,927956.0,179560
-264867.00,927865.0,179571
-264823.00,927854.0,179584
-264784.00,927933.0,179595
-264286.00,927886.0,179607
-263676.00,927773.0,179618
-264458.00,927905.0,179631
-265324.00,928080.0,179642
-264180.00,928108.0,179654
-263713.00,928237.0,179665
-264231.00,928180.0,179678
-264449.00,928090.0,179689
-264825.00,928059.0,179701
-264051.00,927931.0,179713
-264329.00,927886.0,179725
-264807.00,928015.0,179736
-264394.00,928112.0,179748
-264886.00,928382.0,179760
-263992.00,928446.0,179772
-263379.00,928464.0,179783
-265034.00,928377.0,179795
-265008.00,928215.0,179807
-263965.00,928024.0,179819
-264497.00,927949.0,179830
-264800.00,927709.0,179843
-265002.00,927692.0,179854
-263817.00,927732.0,179866
-264066.00,927865.0,179877
-264859.00,928155.0,179890
-264772.00,928108.0,179901
-264451.00,927967.0,179913
-263837.00,927913.0,179924
-264662.00,927845.0,179937
-264962.00,927744.0,179948
-264055.00,927953.0,179960
-264315.00,928226.0,179972
-264234.00,928130.0,179984
-264529.00,928111.0,179995
-265079.00,927856.0,180007
-264267.00,927580.0,180019
-263899.00,927840.0,180031
-264552.00,927910.0,180042
-264661.00,927928.0,180055
-264590.00,927998.0,180066
-264085.00,928174.0,180078
-263885.00,928213.0,180089
-264878.00,927902.0,180102
-264843.00,927661.0,180113
-264491.00,927817.0,180125
-264373.00,927881.0,180136
-264108.00,928202.0,180149
-264811.00,928648.0,180160
-264899.00,928714.0,180172
-264168.00,928522.0,180184
-263716.00,928306.0,180196
-264429.00,928041.0,180207
-265056.00,927962.0,180219
-264262.00,927784.0,180231
-264200.00,927677.0,180243
-264431.00,928006.0,180254
-264991.00,928080.0,180267
-264723.00,928266.0,180278
-263875.00,928397.0,180290
-264167.00,928252.0,180301
-265034.00,928104.0,180314
-264368.00,927823.0,180325
-264393.00,927604.0,180337
-264434.00,927538.0,180348
-264108.00,927694.0,180361
-265179.00,927826.0,180372
-264888.00,927878.0,180384
-263810.00,928288.0,180396
-263892.00,928239.0,180408
-264495.00,928260.0,180419
-264881.00,928239.0,180431
-264279.00,928149.0,180443
-263859.00,928049.0,180455
-264632.00,927900.0,180466
-265067.00,927744.0,180478
-265109.00,927820.0,180490
-264871.00,927968.0,180502
-263742.00,928128.0,180513
-263901.00,928341.0,180526
-264997.00,928456.0,180537
-264443.00,928486.0,180549
-264153.00,928302.0,180560
-264286.00,927945.0,180572
-264304.00,927720.0,180584
-265292.00,927688.0,180595
-264545.00,927708.0,180608
-264701.00,927922.0,180619
-264745.00,927950.0,180631
-264570.00,927867.0,180642
-264137.00,928105.0,180655
-263508.00,927883.0,180666
-265019.00,927969.0,180678
-265459.00,927873.0,180689
-264661.00,927652.0,180702
-264099.00,927731.0,180713
-263837.00,927797.0,180725
-264960.00,927713.0,180737
-265494.00,927925.0,180749
-263776.00,928082.0,180760
-263335.00,928012.0,180772
-265082.00,927942.0,180784
-265035.00,927929.0,180796
-264611.00,927874.0,180807
-264303.00,927842.0,180819
-263582.00,927983.0,180831
-264919.00,927867.0,180843
-265665.00,927679.0,180854
-264048.00,927534.0,180867
-263272.00,927861.0,180878
-264454.00,928206.0,180890
-265301.00,928159.0,180901
-265074.00,928145.0,180914
-264250.00,928086.0,180925
-263262.00,927966.0,180937
-264049.00,928209.0,180948
-265776.00,928226.0,180961
-265149.00,928135.0,180972
-263571.00,928001.0,180984
-263683.00,928103.0,180996
-265204.00,928204.0,181008
-264448.00,928261.0,181019
-263462.00,928071.0,181031
-263332.00,928042.0,181043
-265339.00,928109.0,181055
-265509.00,927861.0,181066
-263785.00,927760.0,181079
-263543.00,927671.0,181090
-264357.00,927825.0,181102
-264901.00,928317.0,181113
-265308.00,928336.0,181126
-264460.00,927994.0,181137
-263321.00,928158.0,181149
-264042.00,928293.0,181160
-265241.00,928199.0,181173
-264854.00,928001.0,181184
-263282.00,927958.0,181196
-263735.00,927803.0,181208
-265508.00,927976.0,181220
-265260.00,928043.0,181231
-264285.00,928074.0,181243
-263694.00,928076.0,181255
-264158.00,928310.0,181267
-264692.00,928449.0,181278
-264711.00,928569.0,181291
-264413.00,928368.0,181302
-263108.00,928094.0,181314
-264878.00,927996.0,181325
-266195.00,927645.0,181338
-264159.00,927281.0,181349
-263886.00,927724.0,181361
-264341.00,928156.0,181372
-264745.00,928411.0,181385
-264662.00,928444.0,181396
-263546.00,928482.0,181408
-263763.00,928240.0,181420
-265293.00,928317.0,181432
-264609.00,927889.0,181443
-263732.00,927621.0,181455
-263936.00,927528.0,181467
-265167.00,927749.0,181479
-265927.00,927901.0,181490
-264095.00,927896.0,181502
-263662.00,928058.0,181514
-263421.00,928281.0,181526
-265065.00,928455.0,181537
-266556.00,928279.0,181550
-263503.00,928076.0,181561
-263304.00,927823.0,181573
-264904.00,927678.0,181584
-265274.00,927560.0,181597
-265220.00,927511.0,181608
-263576.00,927494.0,181620
-263756.00,927899.0,181632
-265001.00,928236.0,181644
-265427.00,928439.0,181655
-264406.00,928342.0,181667
-263093.00,928365.0,181679
-263889.00,928372.0,181691
-265224.00,928178.0,181702
-265551.00,927742.0,181714
-264197.00,927580.0,181726
-263780.00,927760.0,181738
-264397.00,928042.0,181749
-264818.00,928209.0,181762
-265544.00,928245.0,181773
-263962.00,928201.0,181785
-264660.00,928291.0,181796
-264750.00,928272.0,181808
-264744.00,928050.0,181820
-263759.00,927862.0,181831
-263781.00,927862.0,181843
-264995.00,928017.0,181855
-265450.00,928007.0,181867
-264779.00,928147.0,181878
-263720.00,928141.0,181891
-264054.00,928242.0,181902
-264641.00,928432.0,181914
-265060.00,928454.0,181925
-264031.00,928012.0,181938
-263597.00,927774.0,181949
-264695.00,927864.0,181961
-264693.00,927940.0,181972
-265496.00,928053.0,181985
-264405.00,927817.0,181996
-263348.00,927949.0,182008
-264481.00,928221.0,182020
-264678.00,928284.0,182032
-264997.00,928243.0,182043
-264208.00,928320.0,182055
-263268.00,928218.0,182067
-264755.00,928192.0,182079
-265012.00,928045.0,182090
-263899.00,927765.0,182103
-264311.00,927871.0,182114
-264776.00,927904.0,182126
-264765.00,927858.0,182137
-265034.00,928138.0,182150
-263944.00,928287.0,182161
-263746.00,928398.0,182173
-264547.00,928403.0,182184
-264375.00,928087.0,182197
-263964.00,927853.0,182208
-263898.00,927663.0,182220
-265265.00,927683.0,182232
-265362.00,927594.0,182244
-263952.00,927602.0,182255
-263604.00,927725.0,182267
-264363.00,928027.0,182279
-265299.00,928159.0,182291
-265097.00,928131.0,182302
-263414.00,928165.0,182315
-263347.00,928306.0,182326
-264763.00,928153.0,182338
-265207.00,928101.0,182349
-264396.00,927765.0,182362
-263833.00,927527.0,182373
-264782.00,927611.0,182385
-265450.00,927758.0,182396
-264796.00,927943.0,182409
-263670.00,928113.0,182420
-263548.00,928259.0,182432
-264713.00,928353.0,182444
-265451.00,928281.0,182456
-264687.00,928121.0,182467
-263443.00,927997.0,182479
-263698.00,927962.0,182491
-265092.00,927902.0,182503
-265434.00,927801.0,182514
-264258.00,927685.0,182526
-263210.00,927966.0,182538
-264161.00,928256.0,182550
-265708.00,928521.0,182561
-263325.00,928556.0,182574
-263755.00,928471.0,182585
-264620.00,928123.0,182597
-265008.00,927995.0,182608
-265158.00,927742.0,182621
-263927.00,927392.0,182632
-263989.00,927481.0,182644
-265547.00,927872.0,182656
-264762.00,927984.0,182668
-263631.00,928307.0,182679
-263879.00,928545.0,182691
-264048.00,928608.0,182703
-265079.00,928234.0,182715
-265274.00,928094.0,182726
-263508.00,927695.0,182738
-263593.00,927621.0,182750
-264972.00,927637.0,182762
-265181.00,927643.0,182773
-264763.00,927784.0,182786
-263451.00,928131.0,182797
-263608.00,928600.0,182809
-265082.00,928772.0,182820
-264922.00,928796.0,182833
-263766.00,928412.0,182844
-263456.00,927973.0,182856
-264267.00,927803.0,182867
-265454.00,927913.0,182880
-265048.00,927770.0,182891
-264109.00,927639.0,182903
-264182.00,927939.0,182915
-264277.00,928349.0,182927
-265105.00,928535.0,182938
-262927.00,928453.0,182950
-263983.00,928322.0,182962
-265242.00,928330.0,182974
-265145.00,928035.0,182985
-264892.00,927573.0,182998
-263724.00,927337.0,183009
-264403.00,927425.0,183021
-265561.00,927769.0,183032
-265004.00,928004.0,183045
-264048.00,928211.0,183056
-263579.00,928344.0,183068
-264378.00,928303.0,183079
-265135.00,928254.0,183092
-264871.00,927952.0,183103
-263778.00,927932.0,183115
-263898.00,927848.0,183127
-265199.00,927595.0,183139
-265613.00,927562.0,183150
-264460.00,927705.0,183162
-263448.00,927972.0,183174
-264553.00,928306.0,183186
-265072.00,928233.0,183197
-264618.00,928167.0,183209
-264282.00,928054.0,183221
-263246.00,928055.0,183233
-264547.00,928032.0,183244
-265738.00,927985.0,183257
-264458.00,927972.0,183268
-264029.00,927978.0,183280
-264152.00,927999.0,183291
-264888.00,928118.0,183304
-265167.00,928349.0,183315
-264161.00,928443.0,183327
-264172.00,928317.0,183339
-264910.00,928182.0,183351
-264855.00,927868.0,183362
-264005.00,927896.0,183374
-263809.00,927889.0,183386
-264626.00,927927.0,183398
-264711.00,928040.0,183409
-264344.00,928018.0,183421
-264242.00,928019.0,183433
-263398.00,928226.0,183445
-264431.00,928295.0,183456
-265475.00,928183.0,183469
-263842.00,928138.0,183480
-264093.00,927994.0,183492
-264948.00,927747.0,183503
-264153.00,928103.0,183516
-264252.00,928247.0,183527
-264510.00,928062.0,183539
-264339.00,928083.0,183550
-264524.00,928147.0,183563
-264577.00,928129.0,183574
-264364.00,928299.0,183586
-264019.00,928195.0,183598
-264556.00,928091.0,183610
-264859.00,927889.0,183621
-264226.00,927934.0,183633
-264121.00,928109.0,183645
-264688.00,928098.0,183657
-264583.00,928097.0,183668
-264556.00,928100.0,183681
-264678.00,928171.0,183692
-263690.00,928093.0,183704
-264353.00,928198.0,183715
-264235.00,928051.0,183728
-263752.00,927993.0,183739
-264362.00,927723.0,183751
-265139.00,927703.0,183762
-264771.00,928126.0,183775
-264253.00,927949.0,183786
-264175.00,927789.0,183798
-263821.00,927846.0,183810
-264746.00,927930.0,183822
-265589.00,928045.0,183833
-264158.00,928155.0,183845
-263616.00,928094.0,183857
-264863.00,928012.0,183869
-264890.00,928096.0,183880
-264614.00,928010.0,183892
-264387.00,927948.0,183904
-264073.00,927891.0,183916
-264402.00,928073.0,183927
-264680.00,928088.0,183940
-264838.00,928134.0,183951
-263674.00,928109.0,183963
-263547.00,928086.0,183974
-265445.00,928158.0,183987
-264913.00,928027.0,183998
-264107.00,927786.0,184010
-264144.00,927774.0,184022
-263930.00,928008.0,184034
-264785.00,928296.0,184045
-265692.00,928285.0,184057
-264419.00,928220.0,184069
-263233.00,928128.0,184081
-264579.00,928146.0,184092
-265392.00,928115.0,184104
-263843.00,928117.0,184116
-263956.00,927955.0,184128
-264886.00,927937.0,184139
-264954.00,927902.0,184152
-264687.00,927896.0,184163
-263635.00,927782.0,184175
-263690.00,927710.0,184186
-265599.00,928235.0,184199
-265146.00,928374.0,184210
-263597.00,927999.0,184222
-263993.00,928022.0,184233
-264396.00,928101.0,184246
-265036.00,927961.0,184257
-264794.00,927969.0,184269
-263669.00,927868.0,184281
-264096.00,927868.0,184293
-264745.00,928249.0,184304
-264943.00,928371.0,184316
-264731.00,928230.0,184328
-263080.00,928151.0,184340
-263471.00,928041.0,184351
-265813.00,928009.0,184364
-265102.00,928115.0,184375
-263820.00,928015.0,184387
-263810.00,928118.0,184398
-264296.00,928164.0,184411
-265279.00,928136.0,184422
-264926.00,928241.0,184434
-263467.00,928332.0,184445
-263620.00,928418.0,184458
-264884.00,928387.0,184469
-265218.00,928280.0,184481
-264357.00,928157.0,184493
-264361.00,928053.0,184505
-265134.00,927970.0,184516
-264874.00,928028.0,184528
-264184.00,927955.0,184540
-263159.00,927836.0,184552
-264701.00,927984.0,184563
-265658.00,928223.0,184576
-263949.00,928201.0,184587
-263903.00,928070.0,184599
-264381.00,927840.0,184610
-264586.00,927749.0,184623
-264788.00,927800.0,184634
-264622.00,927978.0,184646
-263909.00,928002.0,184657
-263881.00,928172.0,184670
-265504.00,928250.0,184681
-265046.00,928056.0,184693
-263606.00,927832.0,184705
-264148.00,927809.0,184717
-264968.00,927999.0,184728
-264991.00,927967.0,184740
-264441.00,928144.0,184752
-264034.00,928228.0,184764
-264251.00,928264.0,184775
-264866.00,928205.0,184787
-264916.00,928045.0,184799
-263684.00,927954.0,184811
-263794.00,927947.0,184822
-264555.00,928037.0,184835
-264567.00,928024.0,184846
-264920.00,927959.0,184858
-264472.00,927925.0,184869
-263512.00,928147.0,184882
-265696.00,928303.0,184893
-264385.00,928206.0,184905
-263223.00,928125.0,184916
-264381.00,928209.0,184929
-264729.00,928057.0,184940
-264825.00,928104.0,184952
-264860.00,927672.0,184964
-263777.00,927531.0,184976
-263957.00,927717.0,184987
-265419.00,928100.0,184999
-265319.00,928356.0,185011
-263362.00,928272.0,185023
-263203.00,928216.0,185034
-265120.00,928208.0,185047
-265505.00,927926.0,185058
-264740.00,927790.0,185070
-263854.00,927687.0,185081
-263620.00,927846.0,185094
-264768.00,928082.0,185105
-265472.00,928186.0,185117
-264500.00,928277.0,185128
-263317.00,928014.0,185141
-264386.00,927834.0,185152
-265094.00,927978.0,185164
-264777.00,928139.0,185176
-264384.00,928042.0,185188
-263437.00,927950.0,185199
-264373.00,928120.0,185211
-265581.00,927877.0,185223
-264861.00,927751.0,185235
-264098.00,927890.0,185246
-264081.00,927975.0,185259
-264290.00,928474.0,185270
-264638.00,928544.0,185282
-263745.00,928262.0,185293
-264145.00,927941.0,185306
-264761.00,927747.0,185317
-264610.00,927846.0,185329
-264722.00,927786.0,185340
-264349.00,927935.0,185353
-264306.00,928054.0,185364
-264959.00,928140.0,185376
-264678.00,928276.0,185388
-264130.00,928178.0,185400
-264239.00,927992.0,185411
-264626.00,927974.0,185423
-264512.00,928146.0,185435
-264343.00,927985.0,185447
-264532.00,927749.0,185458
-264370.00,927607.0,185470
-264784.00,927634.0,185482
-265160.00,927790.0,185494
-264103.00,928023.0,185505
-263697.00,928207.0,185518
-264589.00,928445.0,185529
-264716.00,928458.0,185541
-264587.00,928290.0,185552
-264329.00,928140.0,185565
-264090.00,927900.0,185576
-264889.00,927627.0,185588
-265385.00,927700.0,185600
-264131.00,927928.0,185612
-263665.00,928077.0,185623
-264527.00,928306.0,185635
-264738.00,928554.0,185647
-263924.00,928592.0,185659
-263398.00,928405.0,185670
-264200.00,928004.0,185682
-265173.00,927802.0,185694
-264430.00,927544.0,185706
-263907.00,927406.0,185717
-264666.00,927663.0,185730
-265078.00,927755.0,185741
-264664.00,927803.0,185753
-263899.00,928015.0,185764
-263605.00,928118.0,185777
-263952.00,928273.0,185788
-265040.00,928443.0,185800
-264919.00,928260.0,185811
-263763.00,927834.0,185824
-263887.00,927805.0,185835
-264578.00,927705.0,185847
-265130.00,927779.0,185859
-265056.00,928031.0,185871
-264095.00,928140.0,185882
-263858.00,928346.0,185894
-264490.00,928461.0,185906
-265034.00,928311.0,185918
-264703.00,928175.0,185929
-263794.00,928103.0,185942
-263854.00,928068.0,185953
-264860.00,927933.0,185965
-265267.00,927856.0,185976
-264221.00,927781.0,185989
-2