1018757.00
-255181.00
15.62,-18.20,133
15.13,-19.08,144
12.67,-18.91,155
15.01,-18.17,166
16.44,-18.17,178
14.17,-17.52,189
11.41,-17.91,201
13.58,-18.02,212
12.99,-18.52,224
13.78,-19.03,235
15.36,-19.03,246
13.70,-18.73,258
13.02,-17.76,269
16.53,-17.76,281
18.72,-17.40,292
10.96,-17.31,304
12.83,-17.81,315
13.66,-17.75,326
10.41,-18.65,337
17.08,-18.87,349
13.72,-19.13,361
13.51,-19.08,372
17.49,-18.23,384
13.12,-17.79,395
16.02,-16.94,406
12.08,-16.72,417
8.90,-17.44,429
15.36,-18.01,441
14.41,-18.38,452
11.08,-19.01,463
17.54,-19.02,475
14.80,-18.98,486
8.86,-18.03,497
21.66,-17.80,508
13.90,-18.06,521
4.50,-17.68,532
18.12,-18.24,543
9.38,-18.43,555
11.60,-18.91,566
20.11,-19.09,577
7.42,-18.29,588
15.63,-18.22,601
19.97,-17.46,612
8.91,-17.33,623
16.48,-17.50,634
12.22,-17.72,646
6.95,-18.31,657
18.86,-19.03,668
12.08,-19.20,680
10.60,-19.27,692
19.66,-18.75,703
10.88,-17.97,714
14.12,-17.82,726
21.44,-17.16,737
5.71,-17.05,748
13.09,-18.01,760
18.01,-18.23,772
5.50,-19.07,783
16.86,-19.17,794
16.51,-19.11,805
6.82,-19.08,817
18.74,-18.08,828
16.48,-18.17,840
9.80,-17.36,851
16.77,-17.25,863
13.43,-17.57,874
11.30,-18.09,885
16.37,-18.75,897
10.40,-18.69,908
13.70,-19.41,920
17.50,-18.89,931
11.39,-18.22,943
18.56,-17.69,954
12.07,-17.33,965
6.74,-18.13,976
17.55,-17.99,988
10.92,-18.67,1000
11.84,-18.88,1011
17.96,-18.52,1022
10.60,-18.42,1034
15.50,-17.85,1045
18.82,-17.86,1056
12.50,-17.64,1068
-398.54,-17.63,1080
12.61,-17.74,1081
12.73,-18.30,1091
10.96,-18.70,1102
15.03,-19.09,1114
13.18,-19.53,1125
11.88,-18.54,1136
16.97,-17.86,1147
14.10,-17.48,1160
16.21,-17.00,1171
17.56,-17.09,1182
10.54,-17.38,1193
13.91,-17.80,1205
14.63,-18.39,1216
10.51,-18.66,1227
13.50,-18.92,1240
15.03,-19.18,1251
13.33,-18.52,1262
15.51,-18.23,1273
15.65,-17.45,1285
11.45,-17.55,1296
13.39,-17.79,1307
13.86,-17.84,1319
12.49,-18.55,1331
12.16,-18.21,1342
13.33,-18.54,1353
17.94,-18.11,1364
14.54,-17.63,1376
13.90,-17.52,1387
17.47,-17.53,1399
10.53,-18.00,1411
14.28,-18.26,1422
16.08,-18.89,1433
8.07,-19.20,1444
13.12,-19.00,1456
16.47,-18.80,1467
12.29,-18.10,1479
15.97,-17.82,1490
15.28,-17.33,1502
13.49,-17.63,1513
14.46,-17.95,1524
13.88,-18.44,1536
10.99,-19.35,1547
11.02,-19.31,1559
15.04,-19.67,1570
14.84,-19.04,1582
12.66,-18.07,1593
14.10,-17.70,1604
14.42,-17.37,1615
13.75,-17.49,1627
16.68,-17.37,1638
15.16,-18.11,1650
8.37,-18.45,1661
15.54,-18.53,1673
16.21,-18.86,1684
11.28,-18.78,1695
17.51,-18.70,1707
11.35,-17.87,1718
12.23,-17.80,1730
19.25,-18.22,1741
11.02,-18.75,1753
11.63,-18.95,1764
15.39,-18.85,1775
8.44,-18.97,1786
14.96,-18.37,1798
19.62,-18.01,1810
8.35,-17.51,1821
15.09,-16.95,1832
17.64,-17.37,1844
10.34,-18.16,1855
15.21,-18.91,1866
10.38,-19.01,1878
8.80,-19.34,1890
16.84,-19.65,1901
11.55,-18.99,1912
14.72,-18.22,1924
15.42,-17.61,1935
9.44,-17.15,1946
18.85,-17.29,1957
14.94,-17.83,1970
8.92,-18.43,1981
17.38,-19.16,1992
10.20,-19.01,2003
9.96,-19.13,2015
22.67,-18.72,2026
10.50,-18.28,2037
9.39,-18.20,2050
24.05,-17.33,2061
8.34,-18.32,2072
10.96,-18.28,2083
21.60,-18.35,2095
4.84,-18.58,2106
13.90,-18.60,2117
21.71,-18.80,2129
6.66,-18.02,2141
14.87,-18.01,2152
18.54,-17.94,2163
9.80,-17.54,2174
16.43,-18.06,2186
13.84,-18.30,2197
7.13,-19.10,2209
15.82,-19.28,2221
15.27,-19.40,2232
12.35,-19.07,2243
17.62,-17.93,2254
11.27,-17.77,2266
15.03,-17.20,2277
20.72,-17.49,2289
9.87,-17.87,2300
11.78,-18.30,2312
12.65,-19.17,2323
10.20,-19.35,2334
14.08,-20.02,2345
13.47,-19.17,2357
11.79,-18.37,2369
14.34,-17.70,2380
16.63,-17.18,2392
15.15,-17.38,2403
12.38,-18.03,2414
11.88,-18.38,2425
13.97,-18.67,2437
14.94,-19.13,2449
13.51,-18.72,2460
15.60,-18.46,2471
12.38,-18.07,2483
13.46,-17.58,2494
19.57,-18.16,2505
10.40,-18.21,2516
10.28,-18.63,2529
16.91,-19.25,2540
9.10,-19.13,2551
14.42,-18.45,2563
20.14,-17.87,2574
9.93,-17.44,2585
14.24,-17.06,2596
20.32,-16.92,2609
10.69,-17.16,2620
14.18,-18.00,2631
15.28,-18.83,2642
6.02,-19.53,2654
15.20,-19.85,2665
15.99,-19.90,2676
8.12,-19.46,2689
16.86,-18.45,2700
12.95,-17.79,2711
12.28,-16.93,2722
18.67,-17.06,2734
9.21,-17.39,2745
11.20,-18.02,2756
15.59,-18.68,2768
9.92,-18.76,2780
14.06,-19.41,2791
16.04,-18.85,2802
9.33,-18.49,2813
13.55,-17.97,2825
17.99,-17.62,2836
8.09,-18.70,2848
11.96,-18.69,2860
15.01,-19.01,2871
9.77,-19.13,2882
16.20,-18.73,2893
14.88,-18.34,2905
11.16,-17.39,2916
15.32,-17.28,2928
15.66,-17.14,2939
16.81,-17.55,2951
11.37,-18.19,2962
10.57,-18.53,2973
13.58,-19.36,2984
9.77,-19.34,2996
14.10,-19.78,3008
14.78,-18.94,3019
11.36,-18.00,3031
16.54,-17.36,3042
18.84,-17.10,3053
10.98,-17.50,3064
14.47,-17.22,3076
15.09,-18.20,3088
8.54,-18.55,3099
16.65,-18.94,3110
13.06,-19.50,3122
11.40,-18.65,3133
17.19,-18.76,3144
12.09,-18.17,3155
16.15,-18.06,3168
15.71,-18.31,3179
10.72,-18.46,3190
15.28,-18.27,3202
14.28,-18.51,3213
13.07,-18.52,3224
17.21,-18.25,3235
14.80,-17.99,3248
13.28,-17.94,3259
15.42,-17.76,3270
15.53,-17.80,3281
14.79,-18.14,3293
11.63,-19.09,3304
12.02,-19.26,3315
14.28,-19.43,3328
9.80,-19.05,3339
18.15,-18.74,3350
16.41,-17.97,3361
7.75,-17.34,3373
20.83,-17.26,3384
16.66,-17.26,3395
7.58,-17.60,3407
17.89,-18.28,3419
9.05,-18.99,3430
9.78,-19.22,3441
22.11,-19.31,3452
8.59,-18.76,3464
12.62,-18.36,3475
19.80,-18.35,3487
8.02,-17.93,3499
18.70,-17.79,3510
17.81,-17.88,3521
5.39,-18.33,3532
19.75,-18.54,3544
15.10,-18.97,3555
6.88,-19.05,3567
23.26,-18.14,3578
11.45,-18.13,3590
7.41,-17.72,3601
24.28,-17.88,3612
8.77,-18.35,3623
8.89,-18.46,3635
20.25,-19.20,3647
6.76,-18.98,3658
14.99,-19.32,3670
20.24,-18.84,3681
10.10,-17.71,3692
16.72,-17.36,3703
16.85,-17.01,3715
9.17,-17.36,3727
14.18,-17.73,3738
11.85,-18.67,3749
8.45,-19.36,3761
16.50,-19.81,3772
14.82,-19.84,3783
10.53,-18.77,3794
15.36,-18.47,3807
13.24,-17.76,3818
12.48,-17.23,3829
16.19,-17.63,3841
14.09,-17.97,3852
8.47,-18.67,3863
13.72,-18.77,3874
16.15,-18.86,3887
7.45,-18.86,3898
15.97,-18.65,3909
14.38,-18.46,3920
8.38,-18.13,3932
21.64,-18.18,3943
13.22,-18.44,3954
7.93,-18.78,3966
16.49,-19.16,3978
10.36,-19.22,3989
13.08,-18.80,4000
19.50,-18.15,4012
11.44,-17.98,4023
12.11,-17.35,4034
19.64,-17.43,4046
11.69,-17.70,4058
13.70,-18.30,4069
15.97,-19.10,4080
6.11,-19.56,4091
15.31,-19.65,4103
16.62,-19.30,4114
9.19,-18.85,4126
18.50,-18.09,4137
14.13,-17.59,4149
10.27,-17.15,4160
17.49,-17.64,4171
12.39,-17.80,4183
10.17,-18.20,4194
13.60,-18.93,4206
13.20,-19.08,4217
11.44,-18.84,4229
15.56,-18.25,4240
16.89,-18.34,4251
11.21,-17.75,4262
16.25,-17.50,4274
15.36,-18.12,4286
8.83,-18.36,4297
14.67,-18.96,4308
14.08,-18.82,4320
8.45,-18.99,4331
16.77,-18.20,4342
17.89,-17.40,4354
10.20,-17.21,4366
16.00,-16.94,4377
15.13,-17.90,4388
7.82,-18.06,4400
17.26,-18.92,4411
11.04,-19.63,4422
9.19,-19.15,4433
19.14,-19.26,4446
11.76,-18.64,4457
14.99,-17.91,4468
17.27,-16.91,4480
13.34,-16.48,4491
18.69,-17.51,4502
11.22,-17.55,4513
10.75,-18.32,4526
15.82,-18.99,4537
10.53,-19.11,4548
12.58,-18.83,4559
16.77,-18.57,4571
10.50,-18.27,4582
14.70,-17.66,4593
17.32,-17.69,4605
8.54,-17.78,4617
14.38,-18.20,4628
14.45,-18.79,4639
7.15,-18.64,4651
16.75,-18.87,4662
14.39,-18.41,4673
10.17,-17.99,4685
19.07,-17.90,4697
13.61,-17.75,4708
11.55,-17.82,4719
16.34,-18.40,4730
10.28,-19.05,4742
12.23,-19.23,4753
15.20,-19.29,4765
10.57,-19.07,4776
15.47,-18.42,4788
13.96,-17.73,4799
11.34,-17.29,4810
18.51,-17.07,4822
14.20,-17.57,4833
11.97,-17.75,4845
13.75,-18.32,4856
8.44,-19.19,4868
13.89,-18.95,4879
14.82,-19.13,4890
9.59,-18.35,4901
15.49,-17.98,4913
13.81,-17.79,4925
13.42,-17.27,4936
15.58,-18.01,4947
9.26,-18.38,4959
12.44,-18.75,4970
13.77,-18.89,4981
12.04,-19.15,4993
14.56,-18.62,5005
12.68,-18.00,5016
14.62,-18.11,5027
15.58,-17.61,5039
14.38,-18.02,5050
15.09,-18.01,5061
10.23,-18.51,5072
11.18,-18.98,5085
16.82,-18.90,5096
11.52,-19.23,5107
15.67,-17.91,5118
17.31,-17.74,5130
7.63,-17.18,5141
20.30,-17.09,5152
18.66,-18.06,5165
4.57,-18.01,5176
16.28,-18.88,5187
12.77,-19.22,5198
6.41,-19.52,5210
20.04,-19.11,5221
11.42,-18.44,5232
7.95,-18.27,5244
22.03,-17.23,5256
14.67,-17.01,5267
11.04,-17.05,5278
18.07,-17.45,5289
8.12,-17.92,5301
13.48,-18.37,5312
19.69,-18.88,5324
8.41,-18.79,5336
15.73,-18.59,5347
15.15,-18.11,5358
10.15,-17.98,5369
22.10,-18.00,5381
9.99,-18.12,5392
7.86,-18.68,5404
20.69,-18.63,5415
8.38,-18.28,5427
15.07,-18.08,5438
21.37,-17.76,5449
5.90,-16.87,5460
17.71,-17.10,5472
20.71,-17.63,5484
6.81,-17.78,5495
15.33,-18.46,5507
12.21,-18.51,5518
4.95,-19.49,5529
20.95,-19.65,5540
12.41,-19.03,5552
8.06,-18.21,5564
23.59,-17.41,5575
9.24,-17.14,5586
14.79,-16.69,5598
24.17,-17.24,5609
1.77,-17.51,5620
13.13,-18.39,5632
21.79,-18.92,5644
3.79,-19.31,5655
16.63,-19.28,5666
17.84,-18.61,5678
3.17,-18.40,5689
21.40,-17.84,5700
19.47,-18.08,5711
3.01,-17.90,5724
18.51,-17.91,5735
14.83,-18.64,5746
7.85,-18.51,5757
21.30,-18.57,5769
11.51,-17.82,5780
10.63,-17.47,5791
20.79,-17.78,5804
13.80,-17.94,5815
14.89,-18.68,5826
11.77,-18.92,5837
6.31,-19.72,5849
15.14,-19.66,5860
14.10,-19.58,5871
11.01,-19.32,5883
16.93,-17.93,5895
14.27,-17.81,5906
14.22,-16.79,5917
20.10,-16.64,5928
11.97,-17.17,5940
8.65,-18.16,5951
14.43,-19.38,5963
12.93,-19.71,5975
14.40,-20.16,5986
12.62,-19.87,5997
13.01,-19.23,6008
16.31,-18.29,6020
13.96,-17.97,6031
17.65,-17.55,6043
10.55,-17.48,6054
7.72,-18.12,6066
18.25,-18.41,6077
11.33,-18.53,6088
11.19,-18.59,6099
19.05,-18.60,6111
10.48,-18.25,6123
14.96,-18.09,6134
18.68,-18.16,6146
8.28,-18.53,6157
11.99,-18.81,6168
15.07,-19.31,6179
7.42,-19.34,6191
15.58,-19.24,6203
13.07,-18.83,6214
10.72,-17.56,6225
21.31,-16.70,6237
12.99,-16.78,6248
15.10,-17.01,6259
16.17,-17.81,6270
6.02,-18.38,6283
16.12,-19.34,6294
11.78,-19.90,6305
5.03,-19.65,6317
17.97,-19.61,6328
11.96,-18.48,6339
12.15,-17.67,6350
21.42,-16.81,6363
9.72,-16.27,6374
12.80,-16.95,6385
19.43,-17.35,6396
7.01,-18.29,6408
18.08,-18.52,6419
16.56,-18.79,6430
6.52,-18.46,6443
22.41,-18.41,6454
11.81,-18.39,6465
9.39,-17.75,6476
22.93,-18.16,6488
4.21,-18.29,6499
11.28,-18.79,6510
22.62,-18.72,6522
1.43,-18.57,6534
15.41,-18.13,6545
24.20,-17.38,6556
3.56,-17.27,6567
20.84,-16.56,6579
20.01,-17.20,6590
0.72,-18.09,6602
20.47,-18.50,6614
13.92,-19.61,6625
3.81,-19.62,6636
22.18,-19.27,6647
9.81,-18.65,6659
11.08,-17.72,6670
25.26,-17.58,6682
8.54,-17.07,6693
15.76,-16.91,6705
19.33,-17.32,6716
5.08,-17.67,6727
19.53,-18.19,6738
14.23,-19.01,6750
3.83,-19.10,6762
23.04,-18.68,6773
13.50,-18.86,6785
9.81,-17.86,6796
24.27,-17.76,6807
8.67,-17.84,6818
12.25,-17.95,6830
21.30,-18.46,6842
5.65,-18.04,6853
15.67,-18.63,6864
16.96,-18.32,6876
9.13,-18.03,6887
23.19,-17.89,6898
12.28,-18.01,6909
7.36,-18.32,6922
20.70,-18.60,6933
6.05,-18.84,6944
11.67,-19.28,6956
19.44,-19.65,6967
2.52,-19.19,6978
16.70,-18.45,6989
20.27,-17.83,7002
4.94,-17.54,7013
20.76,-17.39,7024
15.74,-17.40,7035
5.74,-17.78,7047
21.68,-18.37,7058
9.03,-19.34,7069
6.04,-19.38,7080
21.19,-19.50,7093
8.85,-19.32,7104
13.42,-18.24,7115
18.98,-18.32,7127
8.86,-17.40,7138
18.22,-17.74,7149
13.13,-17.88,7161
7.63,-17.64,7173
15.91,-18.59,7184
10.37,-18.28,7195
13.30,-18.78,7206
17.76,-18.78,7218
9.64,-18.49,7229
12.83,-18.28,7240
16.21,-18.25,7252
10.84,-18.69,7264
13.26,-18.63,7275
11.73,-19.19,7286
7.85,-19.36,7298
15.08,-19.66,7309
13.55,-18.54,7320
12.73,-17.54,7332
16.98,-17.59,7344
11.35,-17.06,7355
15.33,-17.82,7366
13.73,-18.26,7377
8.43,-19.08,7389
13.70,-19.90,7400
12.65,-19.49,7412
11.13,-19.83,7424
17.11,-19.01,7435
14.54,-18.71,7446
10.14,-18.02,7457
17.81,-17.47,7469
16.28,-17.44,7480
10.07,-17.51,7492
15.34,-18.08,7503
11.89,-18.29,7515
10.43,-18.84,7526
15.80,-18.81,7537
13.73,-18.72,7548
12.75,-18.20,7560
14.68,-18.18,7572
14.66,-18.28,7583
13.84,-18.36,7595
12.69,-18.70,7606
12.08,-18.71,7617
12.39,-18.71,7628
15.69,-18.64,7640
17.86,-18.04,7652
10.67,-17.65,7663
14.02,-17.28,7674
18.20,-17.28,7686
13.86,-17.55,7697
15.21,-18.08,7708
12.73,-18.38,7719
9.41,-19.06,7732
13.90,-19.60,7743
15.05,-19.68,7754
12.30,-18.72,7766
15.21,-17.98,7777
13.37,-18.01,7788
15.52,-16.79,7799
19.25,-17.09,7812
10.95,-17.55,7823
11.87,-17.78,7834
15.40,-18.51,7845
11.27,-18.74,7857
13.53,-19.44,7868
15.44,-18.84,7879
13.57,-18.06,7891
12.85,-18.11,7903
15.97,-17.78,7914
14.89,-18.03,7925
9.58,-17.79,7937
12.87,-18.53,7948
12.83,-18.78,7959
11.23,-18.55,7971
16.63,-18.41,7983
15.47,-18.01,7994
12.17,-17.44,8005
16.86,-16.89,8016
16.96,-17.71,8028
12.36,-18.61,8039
12.08,-19.05,8051
12.85,-19.62,8062
10.45,-19.86,8074
14.39,-19.76,8085
16.85,-18.29,8096
12.40,-17.28,8108
14.18,-17.24,8119
19.64,-17.03,8131
15.65,-17.41,8142
10.72,-17.54,8154
14.55,-18.57,8165
11.70,-19.16,8176
11.63,-19.58,8187
18.04,-19.48,8199
13.49,-18.83,8211
10.63,-18.11,8222
15.75,-17.67,8233
15.71,-17.88,8245
13.84,-17.43,8256
13.66,-17.90,8267
11.16,-18.53,8279
11.88,-18.60,8291
14.43,-18.85,8302
13.23,-18.19,8313
15.39,-18.40,8325
14.74,-18.16,8336
12.40,-17.83,8347
17.11,-18.02,8358
12.18,-18.52,8371
9.51,-18.65,8382
14.94,-19.03,8393
11.39,-19.19,8404
13.21,-18.72,8416
16.38,-18.01,8427
12.54,-17.42,8438
12.89,-17.69,8451
17.05,-17.17,8462
16.17,-17.26,8473
10.11,-18.39,8484
12.72,-18.76,8496
11.06,-19.73,8507
10.86,-19.62,8518
16.96,-19.82,8530
12.52,-19.45,8542
13.72,-17.86,8553
17.07,-17.41,8564
12.35,-16.79,8576
16.96,-16.97,8587
12.47,-17.21,8598
8.84,-17.76,8610
18.11,-18.59,8622
12.93,-18.67,8633
11.01,-18.93,8644
18.67,-18.73,8655
10.45,-18.91,8667
13.62,-18.06,8678
22.25,-18.05,8690
7.30,-18.14,8701
11.23,-17.97,8713
19.47,-18.31,8724
7.34,-18.17,8735
16.48,-18.49,8747
17.16,-17.44,8758
8.91,-16.80,8770
19.16,-17.15,8781
15.19,-17.18,8793
13.45,-18.01,8804
16.59,-18.52,8815
8.29,-19.38,8826
15.22,-19.50,8838
15.86,-19.36,8850
8.61,-19.00,8861
17.73,-18.34,8872
15.21,-17.69,8884
11.87,-16.76,8895
20.47,-16.80,8906
10.70,-16.90,8918
10.35,-17.26,8930
18.96,-18.52,8941
9.10,-19.11,8952
15.09,-19.45,8964
17.60,-19.00,8975
8.03,-18.89,8986
18.92,-18.58,8997
14.06,-17.68,9010
9.01,-17.27,9021
17.37,-18.10,9032
9.13,-18.65,9043
13.02,-18.57,9055
18.58,-18.60,9066
6.71,-18.45,9077
14.75,-18.45,9090
21.44,-17.94,9101
8.73,-17.63,9112
18.42,-17.79,9123
18.60,-17.60,9135
2.83,-18.57,9146
20.18,-19.21,9157
15.52,-19.71,9169
1.34,-19.34,9181
21.21,-18.71,9192
12.33,-18.59,9203
8.33,-17.76,9214
25.71,-17.37,9226
8.75,-16.88,9237
10.76,-17.20,9249
20.21,-18.07,9261
7.08,-18.72,9272
13.32,-19.22,9283
14.91,-19.22,9294
6.77,-19.45,9306
17.53,-18.47,9317
14.85,-18.35,9329
10.12,-17.97,9340
19.46,-17.70,9352
10.14,-18.02,9363
12.51,-18.15,9374
17.98,-18.87,9385
6.89,-18.45,9397
14.96,-18.67,9409
16.07,-18.41,9420
11.10,-17.95,9432
18.66,-18.49,9443
12.85,-17.93,9454
12.15,-18.39,9465
18.21,-18.71,9477
11.62,-19.11,9489
10.94,-19.33,9500
11.75,-19.23,9511
8.21,-19.28,9523
17.84,-18.39,9534
17.49,-18.13,9545
9.27,-17.58,9556
16.97,-17.18,9569
15.66,-17.57,9580
10.93,-18.21,9591
16.65,-19.07,9603
8.21,-19.36,9614
8.52,-19.77,9625
19.32,-19.41,9636
12.03,-19.16,9649
13.51,-18.57,9660
15.80,-17.67,9671
11.85,-17.80,9682
18.56,-17.76,9694
12.19,-18.01,9705
9.19,-18.02,9716
15.57,-18.36,9729
8.31,-18.42,9740
15.14,-18.60,9751
20.42,-18.60,9762
6.61,-18.01,9774
15.89,-18.03,9785
20.34,-18.54,9796
7.22,-18.42,9808
16.45,-18.47,9820
14.74,-18.89,9831
3.29,-18.85,9842
18.27,-18.65,9853
16.32,-18.37,9865
11.44,-17.38,9876
18.54,-17.66,9888
10.63,-17.35,9900
13.84,-17.80,9911
16.61,-18.77,9922
8.65,-18.71,9933
11.94,-19.25,9945
11.95,-19.36,9956
12.25,-19.16,9968
18.88,-18.59,9979
13.58,-17.97,9991
11.85,-17.53,10002
19.61,-17.34,10013
13.42,-17.98,10024
13.75,-18.02,10036
16.38,-18.80,10048
8.53,-18.87,10059
13.49,-19.13,10071
16.69,-19.34,10082
13.09,-18.49,10093
16.00,-18.40,10104
11.77,-17.42,10116
16.46,-17.88,10128
16.28,-18.22,10139
10.65,-18.21,10150
14.60,-18.97,10162
10.62,-18.93,10173
10.95,-18.69,10184
19.36,-18.19,10195
13.97,-18.29,10208
11.35,-17.74,10219
17.18,-17.63,10230
14.80,-18.24,10242
11.60,-18.45,10253
13.85,-19.38,10264
10.53,-19.39,10275
13.03,-19.38,10287
17.07,-18.52,10299
14.69,-17.92,10310
14.81,-17.93,10321
12.36,-16.84,10333
14.97,-16.99,10344
16.75,-17.45,10355
9.75,-18.30,10366
12.85,-18.98,10379
11.20,-19.34,10390
9.99,-19.73,10401
18.83,-19.24,10413
11.78,-18.63,10424
11.42,-18.25,10435
18.24,-17.73,10446
12.98,-17.38,10459
14.61,-17.42,10470
14.76,-18.06,10481
9.03,-18.44,10492
13.16,-18.87,10504
16.92,-19.07,10515
11.59,-19.20,10526
14.40,-18.45,10539
13.11,-18.08,10550
9.20,-18.19,10561
18.68,-18.42,10572
11.39,-18.70,10584
9.58,-18.54,10595
16.13,-18.89,10606
9.02,-18.45,10618
16.00,-18.09,10630
18.56,-17.87,10641
9.45,-16.83,10652
15.51,-16.77,10663
18.86,-17.45,10675
10.18,-18.26,10686
13.47,-18.79,10698
14.63,-19.36,10710
4.58,-19.24,10721
16.51,-19.35,10732
19.25,-18.98,10743
7.87,-17.82,10755
17.73,-18.02,10766
15.44,-16.82,10778
10.77,-17.11,10789
20.45,-17.68,10801
13.22,-17.70,10812
7.78,-18.68,10823
15.91,-19.12,10834
13.25,-19.86,10846
11.28,-19.69,10858
17.91,-18.93,10869
9.39,-18.72,10881
11.90,-17.74,10892
22.75,-17.97,10903
8.39,-17.95,10914
10.40,-18.21,10926
18.31,-18.42,10938
7.54,-18.29,10949
18.93,-18.28,10960
19.27,-18.07,10972
5.44,-17.89,10983
17.59,-17.32,10994
17.41,-18.20,11005
10.46,-18.64,11018
15.65,-18.68,11029
9.49,-19.75,11040
10.00,-19.34,11052
18.36,-19.39,11063
11.57,-18.67,11074
15.76,-17.42,11085
16.28,-16.98,11098
10.09,-16.91,11109
23.00,-17.21,11120
12.94,-17.67,11131
5.15,-18.48,11143
20.54,-19.41,11154
7.46,-19.79,11165
11.86,-19.46,11177
23.80,-19.64,11189
5.13,-18.77,11200
15.47,-17.65,11211
21.59,-17.61,11223
8.45,-17.14,11234
16.36,-17.15,11245
12.80,-17.90,11257
7.50,-18.43,11269
19.35,-18.79,11280
14.04,-18.66,11291
10.17,-18.41,11302
17.85,-18.10,11314
8.29,-17.81,11326
15.71,-17.76,11337
18.98,-18.26,11348
4.21,-18.06,11360
15.48,-18.75,11371
14.90,-19.07,11382
7.45,-18.67,11394
19.63,-18.70,11406
13.26,-17.46,11417
10.21,-17.16,11428
20.26,-17.14,11440
13.95,-17.08,11451
13.82,-17.84,11462
13.17,-18.47,11474
7.94,-19.31,11486
15.70,-19.40,11497
13.78,-19.85,11508
11.29,-19.00,11520
15.99,-18.02,11531
10.58,-17.63,11542
17.21,-16.86,11554
20.23,-17.35,11566
8.53,-17.23,11577
14.63,-18.04,11588
14.15,-18.88,11599
8.88,-18.78,11611
18.14,-19.13,11623
11.73,-18.54,11634
10.92,-18.51,11645
17.34,-17.94,11657
13.92,-17.93,11668
15.31,-18.53,11679
11.93,-18.63,11691
10.23,-19.08,11703
14.36,-18.79,11714
11.96,-18.63,11725
13.60,-18.14,11737
17.76,-17.55,11748
10.50,-17.03,11759
17.44,-16.85,11770
19.67,-17.44,11783
8.35,-18.19,11794
14.94,-18.98,11805
13.91,-19.22,11816
7.13,-20.07,11828
18.99,-19.67,11839
13.08,-18.69,11851
8.10,-18.21,11863
23.80,-17.69,11874
12.25,-17.09,11885
12.87,-17.09,11896
20.59,-17.65,11908
6.00,-18.31,11919
13.36,-18.97,11931
19.10,-19.37,11942
5.45,-19.27,11954
15.62,-19.08,11965
19.65,-18.37,11976
7.59,-17.85,11987
19.21,-17.52,11999
18.99,-17.65,12011
4.98,-17.76,12022
18.79,-17.92,12034
13.42,-18.57,12045
5.82,-18.71,12056
20.13,-18.36,12067
12.79,-18.10,12080
9.64,-17.74,12091
20.50,-17.37,12102
11.38,-17.76,12113
11.53,-18.51,12125
18.98,-19.07,12136
7.76,-19.79,12147
12.80,-19.51,12160
16.31,-19.79,12171
6.88,-18.85,12182
20.59,-17.60,12193
18.32,-17.34,12205
10.02,-16.32,12216
24.11,-17.17,12228
10.95,-17.34,12239
8.65,-17.81,12251
19.25,-19.32,12262
6.70,-19.33,12273
13.13,-19.82,12284
18.52,-19.52,12296
9.26,-18.90,12308
15.46,-18.07,12319
16.02,-17.54,12331
14.19,-18.01,12342
17.10,-17.26,12353
12.85,-17.72,12364
12.33,-18.06,12376
16.29,-18.62,12388
12.56,-18.61,12399
16.11,-18.09,12410
15.93,-18.06,12422
9.69,-17.91,12433
18.12,-17.82,12444
13.52,-18.39,12456
6.95,-19.25,12468
17.54,-19.35,12479
10.66,-19.07,12490
8.95,-19.03,12502
20.46,-18.18,12513
11.28,-17.55,12524
11.64,-16.84,12536
20.31,-16.96,12548
13.43,-17.14,12559
12.89,-17.67,12570
15.36,-18.63,12581
6.75,-19.27,12593
11.00,-19.85,12605
16.78,-19.78,12616
11.87,-19.20,12627
13.78,-18.51,12639
15.09,-17.77,12650
14.33,-17.40,12661
19.58,-17.54,12673
14.22,-17.77,12685
9.49,-17.85,12696
13.68,-18.66,12707
12.96,-18.88,12719
13.11,-18.88,12730
15.79,-18.68,12741
13.22,-18.39,12753
11.16,-18.33,12765
17.58,-18.68,12776
16.35,-19.00,12787
9.53,-18.67,12798
14.19,-18.77,12810
11.26,-18.79,12821
11.71,-18.59,12833
18.97,-18.15,12845
13.53,-17.55,12856
12.13,-17.63,12867
17.72,-17.47,12878
15.59,-18.48,12890
11.70,-18.90,12901
15.24,-19.10,12913
8.51,-20.18,12924
9.29,-20.17,12936
18.64,-20.04,12947
10.45,-18.92,12958
12.13,-17.97,12969
18.25,-17.21,12982
10.40,-16.30,12993
20.14,-16.74,13004
14.98,-17.23,13016
4.59,-18.14,13027
18.70,-18.36,13038
13.28,-19.21,13049
8.55,-19.40,13062
20.95,-18.77,13073
9.39,-18.96,13084
8.88,-18.44,13095
23.97,-18.56,13107
10.01,-18.50,13118
8.90,-18.22,13129
20.88,-18.53,13142
7.15,-17.67,13153
14.26,774.17,13164
24.39,-17.52,13174
5.21,-17.38,13186
15.65,-16.93,13197
21.07,-17.19,13208
6.94,-17.63,13219
16.76,-17.87,13231
12.85,-18.86,13242
4.23,-19.92,13254
19.41,-20.23,13265
13.82,-19.96,13277
8.75,-19.32,13288
20.20,-18.32,13299
13.62,-17.28,13310
13.20,-16.45,13322
21.56,-16.05,13334
8.66,-16.55,13345
10.61,-17.09,13357
17.51,-17.94,13368
8.45,-19.02,13379
11.54,-19.15,13390
15.55,-19.34,13402
11.21,-19.47,13414
15.84,-18.77,13425
16.15,-18.36,13436
13.82,-17.68,13448
11.66,-17.69,13459
13.60,-17.56,13470
14.45,-17.23,13481
12.29,-17.80,13494
13.30,-17.84,13505
15.02,-17.64,13516
12.58,-17.51,13528
15.40,-18.18,13539
15.48,-18.28,13550
9.74,-18.76,13561
12.21,-19.40,13574
16.28,-19.50,13585
9.99,-19.96,13596
13.25,-19.33,13607
16.55,-19.23,13619
13.03,-18.14,13630
16.25,-16.80,13641
15.57,-16.74,13654
13.22,-16.39,13665
12.86,-16.96,13676
13.05,-17.52,13687
11.64,-18.76,13699
9.81,-19.34,13710
14.13,-19.79,13721
13.76,-19.95,13733
13.95,-19.25,13745
15.70,-18.82,13756
12.38,-17.45,13767
13.94,-17.31,13778
17.01,-17.80,13790
12.05,-17.62,13801
14.71,-18.41,13813
14.76,-18.32,13825
10.87,-18.94,13836
19.18,-18.74,13847
13.19,-18.28,13858
7.28,-18.40,13870
20.51,-18.20,13881
10.12,-18.88,13893
7.72,-19.06,13904
22.32,-19.30,13916
4.20,-19.46,13927
8.08,-18.71,13938
25.74,-18.50,13949
8.41,-18.03,13961
14.38,-17.46,13973
21.15,-16.92,13984
5.19,-17.31,13996
16.77,-17.92,14007
19.58,-18.38,14018
5.40,-19.20,14029
14.94,-19.85,14041
12.04,-20.06,14053
8.86,-19.62,14064
21.77,-19.07,14075
10.13,-18.40,14087
11.02,-17.49,14098
21.64,-16.94,14109
8.54,-17.40,14120
13.69,-17.93,14133
15.84,-18.06,14144
4.95,-18.62,14155
16.76,-19.03,14167
18.36,-19.28,14178
7.61,-18.92,14189
13.17,-18.63,14200
15.02,-18.84,14213
11.34,-18.46,14224
15.25,-18.18,14235
14.16,-18.31,14246
9.04,-18.75,14258
13.53,-18.16,14269
17.40,-17.81,14280
13.83,-17.90,14292
13.01,-17.39,14304
13.92,-17.11,14315
13.40,-17.21,14326
13.09,-17.96,14338
14.15,-18.70,14349
9.32,-19.18,14360
9.59,-19.67,14372
16.27,-19.70,14384
12.78,-19.38,14395
15.61,-18.31,14406
16.81,-17.57,14417
9.13,-16.69,14429
17.93,-16.34,14440
17.25,-16.59,14452
10.49,-17.32,14464
15.23,-18.56,14475
9.96,-18.69,14486
12.61,-19.45,14497
17.32,-19.59,14509
13.40,-18.87,14520
14.02,-18.41,14532
15.98,-17.70,14543
12.93,-18.11,14555
13.26,-17.80,14566
15.19,-17.30,14577
10.17,-17.82,14588
14.24,-18.03,14600
17.99,-17.86,14612
13.25,-17.70,14623
17.55,-18.05,14635
13.19,-17.81,14646
12.32,-17.89,14657
15.65,-18.38,14668
10.22,-18.93,14680
13.94,-18.98,14692
14.61,-18.53,14703
13.03,-18.41,14714
16.13,-18.11,14726
14.34,-17.56,14737
16.20,-17.37,14748
17.18,-16.93,14759
14.09,-16.79,14772
14.60,-17.37,14783
12.35,-18.19,14794
10.90,-18.87,14806
15.77,-19.50,14817
11.99,-19.68,14828
10.15,-19.73,14839
18.78,-19.24,14852
12.04,-18.34,14863
13.79,-18.20,14874
20.22,-17.41,14885
7.66,-17.46,14897
13.95,-17.77,14908
16.75,-18.24,14919
6.85,-18.36,14931
17.51,-18.83,14943
14.56,-19.07,14954
8.51,-18.45,14965
19.56,-18.38,14977
14.50,-18.35,14988
7.86,-18.62,14999
16.47,-18.77,15011
10.73,-18.89,15023
10.02,-19.21,15034
18.45,-18.49,15045
10.01,-18.52,15056
13.61,-17.96,15068
19.51,-17.52,15079
10.08,-17.26,15091
14.89,-17.23,15102
11.73,-18.30,15114
6.71,-18.83,15125
15.13,-19.98,15136
11.23,-20.19,15148
10.49,-20.05,15159
16.15,-19.46,15171
12.50,-18.43,15182
15.07,-17.76,15194
16.68,-16.77,15205
11.76,-17.24,15216
13.02,-17.10,15227
13.25,-17.61,15239
10.41,-18.70,15251
14.78,-19.06,15262
13.94,-19.78,15273
11.50,-18.76,15285
17.22,-18.60,15296
12.74,-18.50,15307
11.83,-17.92,15319
15.25,-18.73,15331
11.42,-18.31,15342
12.27,-18.45,15353
14.52,-18.46,15365
11.47,-18.41,15376
14.98,-18.58,15387
18.02,-17.75,15398
11.11,-17.69,15411
14.81,-17.55,15422
17.35,-17.91,15433
7.35,-18.40,15444
15.12,-19.01,15456
15.21,-19.31,15467
7.11,-19.59,15478
17.88,-19.39,15491
16.35,-18.58,15502
9.24,-17.91,15513
19.29,-17.06,15524
15.17,-16.90,15536
10.39,-16.72,15547
17.81,-17.37,15558
10.72,-18.07,15570
7.47,-19.00,15582
17.28,-19.59,15593
11.42,-19.18,15604
11.79,-19.23,15616
19.56,-18.67,15627
12.01,-18.14,15638
14.76,-17.47,15650
16.51,-17.56,15662
8.44,-17.59,15673
13.63,-17.24,15684
14.68,-17.81,15695
11.86,-17.97,15707
16.45,-18.26,15718
15.52,-18.04,15730
13.76,-17.72,15741
15.54,-17.36,15753
13.52,-17.52,15764
12.43,-18.14,15775
14.51,-18.25,15787
11.90,-19.06,15798
12.09,-18.94,15810
14.60,-19.00,15821
13.69,-18.42,15833
15.16,-17.38,15844
15.75,-17.41,15855
15.09,-16.58,15866
14.23,-16.87,15878
14.24,-17.10,15890
13.54,-17.69,15901
9.28,-19.13,15912
14.11,-18.98,15924
14.27,-19.45,15935
13.31,-18.80,15946
16.65,-17.99,15958
11.59,-17.76,15970
14.79,-17.27,15981
16.79,-17.63,15992
8.64,-17.72,16004
14.72,-18.39,16015
14.37,-18.41,16026
7.66,-18.71,16037
17.84,-18.62,16050
14.57,-18.32,16061
9.71,-18.17,16072
19.77,-17.52,16083
12.27,-17.90,16095
10.96,-18.08,16106
17.18,-18.11,16117
4.43,-18.82,16130
10.97,-19.03,16141
20.81,-19.08,16152
9.80,-18.65,16163
14.30,-17.74,16175
14.86,-17.43,16186
8.43,-17.43,16197
19.10,-17.38,16209
14.46,-17.92,16221
7.77,-18.62,16232
15.72,-19.03,16243
12.47,-19.43,16254
12.30,-19.30,16266
17.66,-18.91,16277
11.01,-18.04,16289
12.79,-17.55,16301
18.41,-17.60,16312
11.95,-17.48,16323
13.30,-17.90,16334
12.26,-18.32,16346
9.35,-18.66,16357
18.33,-19.15,16369
13.74,-18.97,16380
10.39,-18.44,16392
18.24,-17.73,16403
11.50,-17.85,16414
13.84,-17.60,16425
17.54,-17.93,16437
7.29,-18.06,16449
12.32,-18.91,16460
15.59,-19.06,16472
10.61,-18.71,16483
14.44,-18.42,16494
14.65,-17.67,16505
12.33,-17.06,16517
15.62,-17.12,16529
16.22,-17.89,16540
11.31,-18.34,16551
11.54,-18.51,16563
13.79,-18.99,16574
9.83,-19.34,16585
11.44,-19.61,16596
18.74,-18.63,16609
13.46,-18.34,16620
12.70,-17.90,16631
19.08,-16.70,16643
10.96,-17.45,16654
11.09,-17.59,16665
16.64,-18.42,16676
8.90,-19.31,16689
11.68,-19.16,16700
14.68,-19.10,16711
12.90,-18.01,16722
18.35,-17.81,16734
12.62,-17.52,16745
15.43,-17.06,16756
16.23,-17.69,16769
9.97,-17.94,16780
15.83,-18.46,16791
12.12,-18.55,16802
8.69,-18.61,16814
19.37,-18.50,16825
15.19,-18.23,16836
10.93,-17.56,16848
17.09,-17.39,16860
13.27,-17.85,16871
11.83,-18.22,16882
16.47,-18.76,16893
11.69,-18.95,16905
10.86,-19.15,16916
15.36,-18.93,16928
14.48,-18.89,16940
16.15,-18.17,16951
13.22,-17.68,16962
14.04,-17.78,16973
17.62,-17.85,16985
14.38,-18.20,16996
12.82,-18.39,17008
7.68,-19.18,17019
11.20,-19.14,17031
16.04,-18.83,17042
12.98,-18.57,17053
14.77,-17.93,17064
9.68,-17.78,17076
11.06,-17.20,17088
18.48,-17.64,17099
12.55,-18.46,17111
10.25,-18.63,17122
12.66,-18.98,17133
11.68,-18.98,17144
15.82,-18.96,17156
17.79,-18.41,17168
9.92,-18.04,17179
12.03,-17.38,17190
18.88,-17.52,17202
12.46,-18.51,17213
12.97,-18.60,17224
10.77,-19.32,17235
7.41,-18.93,17248
18.78,-19.03,17259
15.80,-19.12,17270
12.01,-18.32,17282
13.79,-18.06,17293
12.70,-17.40,17304
16.31,-17.75,17315
14.12,-17.99,17328
9.34,-18.84,17339
10.04,-18.93,17350
13.55,-19.34,17361
16.00,-19.74,17373
14.38,-18.59,17384
12.60,-18.15,17395
11.91,-17.39,17408
16.24,-17.25,17419
16.40,-17.77,17430
13.20,-17.81,17441
9.07,-18.73,17453
12.33,-18.54,17464
15.16,-18.86,17475
10.79,-19.24,17487
17.36,-18.72,17499
11.97,-18.20,17510
7.86,-17.90,17521
24.66,-18.04,17532
11.26,-18.06,17544
7.88,-18.45,17555
20.04,-18.43,17567
6.05,-18.63,17579
13.29,-18.55,17590
23.39,-17.95,17601
6.16,-17.55,17612
14.44,-17.27,17624
20.91,-17.42,17635
9.64,-17.94,17647
14.84,-18.91,17658
12.39,-19.36,17670
8.00,-19.15,17681
17.58,-19.33,17692
12.32,-18.83,17703
13.99,-18.23,17715
19.09,-17.55,17727
9.38,-17.04,17738
17.58,-16.80,17750
17.73,-16.91,17761
6.26,-17.93,17772
17.19,-18.54,17783
12.07,-18.99,17795
5.99,-18.96,17807
20.97,-19.02,17818
10.07,-18.75,17829
9.16,-18.21,17841
20.73,-17.93,17852
11.58,-17.76,17863
10.79,-18.09,17874
16.30,-18.01,17887
8.57,-18.55,17898
13.68,-18.76,17909
18.23,-18.94,17921
9.72,-18.37,17932
14.59,-17.97,17943
16.05,-18.13,17954
11.96,-17.54,17967
19.31,-18.55,17978
11.16,-18.97,17989
9.17,-19.26,18000
17.77,-19.85,18012
10.84,-19.47,18023
13.03,-19.33,18034
19.09,-18.09,18046
9.91,-17.55,18058
14.42,-17.00,18069
20.29,-16.68,18080
8.21,-17.27,18092
14.03,-17.55,18103
15.62,-18.69,18114
4.61,-19.60,18126
17.82,-19.97,18138
11.99,-19.95,18149
6.58,-19.38,18160
21.47,-18.82,18171
9.80,-17.88,18183
13.08,-17.60,18194
19.30,-17.63,18206
3.05,-17.69,18217
14.02,-17.80,18229
19.14,-18.48,18240
6.01,-18.69,18251
17.88,-18.23,18263
17.07,-18.45,18274
5.57,-18.44,18286
20.57,-18.50,18297
15.61,-18.47,18309
3.10,-18.65,18320
17.26,-19.24,18331
11.74,-19.38,18342
7.08,-19.53,18354
20.57,-19.03,18366
10.20,-18.06,18377
11.62,-17.07,18388
19.50,-16.69,18400
13.60,-16.97,18411
15.39,-17.44,18422
13.73,-18.43,18434
8.85,-19.31,18446
13.61,-19.90,18457
13.24,-19.93,18468
11.91,-19.61,18480
15.62,-18.97,18491
11.30,-18.03,18502
14.41,-17.50,18513
19.86,-17.42,18526
9.46,-17.22,18537
11.99,-16.75,18548
15.14,-17.78,18560
11.55,-18.49,18571
17.61,-18.68,18582
14.70,-19.16,18593
10.33,-18.49,18606
16.54,-18.73,18617
15.38,-18.29,18628
15.63,-18.13,18639
14.21,-18.51,18651
8.65,-18.22,18662
13.43,-18.53,18673
15.80,-18.24,18685
11.51,-18.13,18697
15.79,-17.51,18708
15.08,-17.23,18719
12.42,-17.50,18731
19.98,-17.32,18742
14.43,-18.29,18753
7.53,-18.91,18765
15.16,-19.45,18777
12.18,-19.76,18788
9.44,-19.74,18799
16.39,-19.68,18810
13.81,-18.51,18822
13.44,-17.87,18833
17.68,-16.78,18845
14.87,-17.06,18856
12.38,-17.18,18868
15.47,-17.47,18879
11.67,-18.58,18890
13.67,-18.97,18902
16.76,-19.50,18913
10.10,-19.06,18925
16.35,-18.80,18936
15.51,-18.85,18948
11.79,-17.77,18959
19.54,-17.83,18970
11.48,-18.00,18981
9.63,-18.08,18993
18.75,-18.19,19005
10.91,-18.40,19016
12.64,-18.10,19027
16.34,-17.70,19039
11.67,-17.59,19050
14.86,-17.48,19061
18.89,-18.05,19073
12.34,-18.48,19085
11.13,-19.05,19096
13.36,-19.36,19107
11.40,-19.63,19119
14.14,-19.19,19130
13.37,-18.68,19141
14.97,-17.61,19152
16.37,-16.90,19165
13.92,-16.81,19176
18.55,-16.98,19187
12.18,-17.58,19198
10.07,-17.95,19210
16.36,-18.94,19221
9.95,-20.07,19232
13.24,-19.64,19245
16.90,-19.59,19256
11.98,-18.86,19267
13.99,-18.59,19278
16.34,-17.59,19290
15.47,-17.21,19301
9.84,-17.88,19312
13.19,-17.81,19324
12.05,-18.28,19336
10.20,-18.41,19347
16.39,-19.05,19358
12.10,-18.45,19369
11.25,-18.13,19381
17.12,-18.77,19392
14.89,-18.57,19404
10.63,-18.81,19416
12.57,-18.84,19427
9.90,-19.29,19438
10.76,-19.50,19449
18.46,-19.20,19461
11.90,-19.05,19472
12.87,-17.76,19484
19.20,-17.02,19495
10.19,-16.87,19507
17.12,-17.12,19518
16.05,-17.96,19529
6.66,-18.72,19540
14.58,-19.65,19552
12.75,-19.94,19564
10.33,-19.81,19575
17.42,-19.21,19587
11.59,-18.47,19598
14.28,-17.81,19609
20.33,-17.07,19620
9.56,-17.31,19633
13.36,-17.48,19644
17.35,-18.29,19655
7.88,-18.45,19666
18.21,-18.94,19678
15.10,-18.99,19689
6.02,-18.72,19700
22.89,-18.80,19712
11.79,-18.22,19724
8.03,-18.10,19735
24.97,-18.24,19746
6.30,-18.50,19758
9.16,-18.51,19769
24.95,-18.54,19780
4.06,-18.48,19792
12.64,-17.53,19804
25.79,-17.16,19815
6.75,-17.24,19826
14.75,-17.36,19837
19.56,-17.42,19849
5.44,-18.24,19860
17.06,-19.15,19872
15.95,-19.48,19884
4.21,-19.61,19895
18.41,-19.01,19906
14.94,-18.48,19917
12.69,-17.25,19929
23.70,-16.47,19940
9.71,-16.27,19952
13.97,-16.48,19963
20.13,-17.14,19975
6.85,-18.11,19986
13.72,-18.95,19997
13.65,-19.45,20008
6.41,-19.30,20020
20.93,-19.48,20032
16.38,-19.08,20043
10.31,-18.18,20055
19.71,-17.36,20066
11.50,-17.61,20077
13.15,-17.86,20088
19.94,-17.99,20100
7.26,-18.14,20112
12.72,-18.13,20123
18.58,-17.91,20134
12.87,-17.47,20146
19.47,-17.88,20157
11.71,-17.82,20168
9.48,-17.94,20179
21.17,-19.06,20192
9.78,-18.99,20203
10.32,-19.87,20214
17.31,-19.36,20226
5.48,-18.75,20237
15.99,-18.13,20248
24.63,-17.01,20259
6.22,-16.57,20272
15.81,-16.30,20283
21.67,-16.69,20294
5.03,-17.37,20305
17.21,-18.82,20317
14.56,-19.96,20328
1.62,-19.59,20339
17.24,-19.99,20352
14.30,-19.53,20363
10.05,-18.84,20374
18.05,-17.56,20385
11.96,-16.82,20397
14.61,-16.70,20408
19.27,-16.93,20419
8.25,-17.72,20431
10.82,-17.99,20443
15.10,-18.88,20454
9.77,-18.95,20465
19.14,-19.13,20476
13.68,-18.96,20488
5.64,-18.40,20499
21.11,-18.09,20511
11.12,-18.44,20523
6.63,-18.88,20534
19.43,-19.06,20545
6.07,-19.47,20556
13.39,-18.42,20568
25.46,-17.74,20579
8.32,-16.96,20591
12.19,-16.46,20602
18.34,-16.94,20614
12.24,-16.98,20625
15.64,-18.14,20636
12.81,-19.53,20647
6.79,-19.91,20659
12.02,-20.39,20671
15.66,-20.23,20682
13.75,-19.24,20694
11.71,-18.11,20705
10.98,-17.33,20716
17.34,-16.66,20727
16.80,-16.75,20739
12.23,-17.23,20751
13.37,-17.85,20762
10.15,-18.52,20773
14.17,-18.71,20785
15.98,-19.41,20796
11.72,-18.89,20807
14.80,-18.64,20818
9.41,-18.47,20831
13.95,-17.91,20842
19.99,-18.64,20853
9.15,-18.50,20865
13.30,-18.29,20876
16.45,-18.05,20887
8.49,-18.09,20898
20.18,-17.63,20911
21.05,-17.16,20922
6.01,-17.40,20933
17.31,-17.16,20944
17.50,-18.17,20956
6.43,-18.40,20967
19.52,-19.13,20978
8.74,-19.83,20990
4.14,-19.30,21002
21.65,-19.47,21013
12.29,-18.46,21024
12.99,-17.50,21036
19.20,-16.83,21047
8.38,-15.88,21058
19.46,-16.78,21070
18.91,-17.50,21082
7.67,-18.27,21093
15.91,-18.91,21104
11.75,-19.41,21115
9.50,-19.73,21127
20.64,-19.33,21138
12.65,-18.64,21150
8.33,-17.66,21161
19.66,-17.54,21173
13.86,-17.29,21184
12.47,-17.49,21195
17.43,-17.50,21207
8.95,-17.76,21218
13.66,-18.09,21230
20.22,-17.73,21241
11.76,-18.03,21253
13.21,-17.86,21264
12.03,-18.01,21275
12.82,-18.50,21286
16.37,-19.09,21298
8.42,-19.44,21310
12.72,-19.14,21321
13.36,-19.10,21332
11.60,-18.42,21344
20.24,-17.68,21355
15.19,-16.94,21366
9.73,-16.47,21378
19.70,-16.30,21390
17.07,-16.78,21401
9.52,-17.94,21412
13.27,-19.02,21424
8.58,-19.92,21435
10.93,-20.07,21446
19.19,-20.13,21457
11.82,-19.15,21470
14.86,-17.92,21481
15.39,-17.39,21492
13.79,-16.54,21504
21.03,-17.06,21515
11.66,-17.19,21526
7.59,-17.86,21537
17.16,-18.75,21550
13.06,-18.93,21561
13.05,-19.45,21572
17.79,-18.87,21583
7.61,-18.67,21595
10.63,-18.74,21606
21.58,-18.78,21617
9.29,-18.90,21629
10.26,-19.00,21641
14.91,-19.37,21652
7.48,-18.71,21663
17.39,-18.27,21675
18.66,-17.76,21686
7.67,-17.41,21698
13.16,-16.82,21709
16.76,-17.05,21721
13.76,-18.39,21732
13.70,-18.88,21743
9.61,-19.91,21754
7.74,-19.68,21766
14.57,-19.93,21777
16.23,-19.61,21789
14.51,-18.19,21800
10.96,-18.05,21812
11.81,-16.88,21823
20.46,-16.72,21834
12.53,-16.90,21846
11.30,-17.68,21858
16.02,-18.91,21869
6.36,-18.94,21880
18.19,-19.68,21892
17.77,-19.74,21903
3.53,-18.97,21914
17.95,-18.37,21925
16.98,-18.11,21938
10.73,-18.20,21949
20.94,-17.82,21960
8.87,-17.51,21971
7.29,-17.91,21983
23.47,-18.52,21994
11.56,-17.78,22005
11.40,-17.76,22018
21.96,-17.84,22029
7.74,-17.82,22040
15.70,-17.89,22051
23.71,-18.60,22063
2.61,-19.23,22074
12.66,-19.22,22085
17.08,-19.40,22097
4.80,-19.38,22109
21.55,-18.69,22120
16.10,-17.76,22131
6.15,-16.61,22142
23.28,-16.34,22154
16.88,-16.38,22165
11.09,-16.87,22177
18.05,-17.57,22189
7.17,-18.56,22200
11.44,-19.42,22211
18.75,-19.72,22222
10.69,-19.59,22234
15.44,-18.83,22245
14.31,-18.09,22257
11.69,-17.37,22268
20.54,-17.31,22280
12.67,-17.44,22291
10.14,-17.54,22302
16.44,-18.38,22313
11.52,-18.24,22325
14.96,-18.42,22337
18.41,-17.75,22348
11.72,-17.99,22360
12.53,-18.14,22371
16.43,-17.64,22382
13.63,-18.30,22393
10.85,-18.36,22405
12.11,-18.94,22417
13.36,-19.30,22428
13.16,-18.92,22439
14.04,-18.64,22451
14.68,-17.46,22462
14.10,-16.93,22473
13.23,-17.08,22484
20.43,-17.72,22497
14.87,-17.84,22508
6.49,-18.38,22519
17.14,-19.56,22531
11.86,-19.44,22542
9.46,-19.46,22553
19.87,-19.21,22564
9.54,-18.63,22577
11.58,-18.00,22588
22.51,-17.20,22599
11.33,-17.20,22610
9.92,-17.01,22622
15.29,-18.04,22633
9.78,-18.68,22644
14.27,-18.70,22657
16.49,-19.17,22668
9.19,-18.25,22679
14.79,-17.88,22690
14.79,-17.98,22702
14.63,-18.29,22713
19.80,-18.33,22724
8.61,-18.22,22736
11.02,-18.41,22748
18.93,-18.80,22759
9.20,-18.98,22770
12.53,-18.25,22781
16.97,-17.65,22793
11.59,-16.94,22804
14.06,-17.35,22816
16.77,-17.54,22828
12.66,-17.84,22839
10.01,-18.34,22850
12.39,-18.72,22861
13.49,-19.12,22873
12.06,-18.93,22884
11.73,-18.87,22896
16.27,-18.14,22907
11.53,-17.50,22919
11.69,-17.21,22930
20.10,-17.19,22941
9.06,-17.79,22952
12.79,-18.05,22964
18.43,-18.95,22976
4.75,-19.03,22987
15.55,-19.19,22999
17.79,-19.03,23010
7.99,-17.94,23021
18.31,-17.99,23032
15.74,-17.72,23044
10.72,-17.81,23056
16.73,-17.95,23067
11.03,-18.44,23078
9.96,-18.59,23090
16.88,-18.56,23101
9.73,-18.80,23112
15.25,-18.35,23123
20.21,-18.27,23136
8.37,-17.28,23147
16.69,-17.45,23158
13.83,-18.20,23170
4.62,-18.31,23181
17.72,-19.43,23192
13.52,-18.83,23203
8.13,-19.35,23216
17.85,-18.81,23227
16.11,-17.62,23238
11.88,-17.42,23249
16.68,-16.95,23261
16.57,-17.62,23272
9.25,-17.76,23283
14.73,-18.34,23296
14.57,-18.97,23307
9.74,-19.32,23318
13.62,-19.46,23329
13.90,-18.45,23341
14.76,-18.27,23352
16.01,-17.71,23363
14.02,-17.45,23375
14.44,-17.76,23387
12.43,-17.88,23398
11.80,-18.50,23409
14.51,-18.28,23420
12.51,-18.81,23432
11.52,-18.49,23443
17.35,-17.88,23455
16.85,-17.74,23467
11.81,-17.52,23478
16.53,-17.83,23489
14.41,-18.12,23500
8.89,-18.69,23512
16.28,-18.99,23523
13.67,-19.17,23535
6.30,-18.83,23546
17.32,-18.57,23558
17.07,-18.04,23569
12.95,-17.28,23580
17.64,-17.15,23591
13.94,-17.57,23603
11.64,-18.40,23615
16.91,-18.69,23626
11.47,-19.02,23638
9.53,-18.87,23649
13.04,-18.94,23660
13.32,-18.59,23671
19.49,-17.91,23683
13.59,-17.71,23695
10.54,-17.15,23706
19.36,-17.59,23717
11.36,-18.05,23729
12.74,-18.38,23740
16.57,-19.09,23751
5.96,-18.88,23762
13.77,-19.08,23775
20.85,-18.36,23786
10.90,-17.95,23797
13.41,-17.71,23809
16.03,-17.38,23820
9.90,-17.73,23831
17.06,-18.36,23842
15.00,-18.88,23855
6.63,-18.60,23866
14.72,-18.82,23877
16.78,-18.56,23888
14.17,-18.07,23900
17.04,-17.87,23911
11.56,-16.84,23922
12.99,-17.49,23934
17.23,-17.69,23946
12.83,-18.33,23957
11.89,-18.99,23968
14.25,-18.66,23980
10.77,-19.55,23991
16.50,-18.77,24002
20.43,-18.50,24014
8.03,-18.05,24026
12.93,-17.65,24037
20.98,-18.19,24048
8.58,-18.10,24059
14.61,-18.46,24071
14.99,-18.72,24082
4.35,-18.87,24094
17.57,-18.71,24105
18.98,-17.95,24117
9.44,-17.61,24128
15.94,-17.38,24139
14.15,-17.86,24151
13.08,-18.18,24162
16.41,-18.78,24174
9.38,-19.02,24185
8.81,-18.85,24197
13.05,-19.21,24208
14.87,-19.00,24219
17.83,-18.70,24230
12.96,-17.86,24242
10.86,-17.35,24254
18.00,-17.61,24265
14.69,-18.02,24276
11.40,-18.23,24288
10.76,-18.83,24299
10.18,-19.14,24310
16.15,-18.55,24322
16.29,-18.41,24334
14.01,-18.20,24345
13.99,-18.20,24356
11.60,-17.70,24368
18.83,-18.03,24379
14.80,-18.25,24390
8.10,-18.28,24402
13.82,-18.60,24414
12.19,-18.70,24425
11.23,-18.96,24436
20.50,-18.34,24448
11.13,-17.86,24459
7.32,-17.70,24470
24.13,-17.77,24482
13.35,-18.38,24494
6.50,-18.43,24505
20.39,-19.32,24516
5.89,-19.33,24527
11.32,-18.74,24539
25.51,-18.91,24550
6.68,-18.21,24562
9.39,-17.48,24573
22.41,-16.95,24585
12.92,-17.23,24596
12.96,-17.88,24607
14.96,-18.29,24619
7.36,-18.84,24630
11.33,-19.12,24642
17.55,-19.46,24653
11.55,-18.43,24665
10.92,-18.35,24676
15.64,-18.12,24687
14.62,-17.30,24698
15.76,-18.06,24710
13.46,-17.93,24722
6.76,-18.46,24733
12.36,-18.67,24744
15.89,-18.89,24756
11.74,-18.51,24767
14.79,-17.73,24778
14.61,-17.68,24790
9.94,-17.16,24802
17.68,-17.68,24813
17.35,-18.04,24824
6.59,-18.56,24836
12.76,-19.39,24847
13.79,-19.43,24858
8.59,-19.60,24869
18.47,-18.78,24882
14.30,-18.22,24893
8.62,-17.61,24904
19.31,-17.03,24915
18.24,-17.23,24927
9.98,-17.31,24938
15.48,-18.30,24950
11.24,-18.66,24962
9.12,-18.87,24973
17.08,-19.05,24984
11.07,-18.80,24995
11.06,-18.04,25007
16.37,-17.53,25018
13.20,-17.45,25030
16.97,-17.45,25041
13.88,-17.89,25053
9.33,-17.96,25064
14.34,-18.71,25075
13.07,-18.94,25086
13.71,-18.72,25098
15.68,-18.42,25110
13.30,-17.46,25121
14.42,-17.57,25133
16.85,-17.98,25144
12.87,-18.37,25155
11.21,-18.59,25166
14.65,-18.59,25179
13.07,-18.67,25190
10.69,-18.76,25201
14.99,-18.86,25212
17.42,-18.05,25224
12.79,-17.52,25235
14.14,-17.10,25246
17.99,-17.19,25259
12.37,-18.13,25270
13.19,-18.46,25281
16.62,-19.11,25292
8.37,-19.30,25304
11.79,-19.48,25315
18.67,-19.04,25327
11.55,-18.03,25338
14.52,-17.71,25350
18.91,-17.15,25361
10.44,-17.88,25372
13.26,-18.18,25383
17.11,-18.49,25395
10.83,-18.31,25407
11.89,-18.46,25418
14.91,-18.93,25430
14.24,-18.26,25441
15.42,-18.13,25452
13.91,-17.61,25463
14.63,-17.85,25476
13.89,-18.29,25487
11.87,-18.32,25498
15.50,-19.09,25509
12.07,-19.01,25521
11.97,-19.05,25532
17.70,-18.56,25543
12.34,-18.04,25555
15.42,-17.76,25567
13.66,-17.09,25578
9.50,-17.57,25589
17.98,-18.11,25601
13.81,-18.90,25612
8.96,-18.99,25624
15.20,-19.42,25635
10.00,-19.22,25647
13.72,-18.40,25658
21.82,-18.17,25669
10.99,-17.34,25680
12.76,-17.25,25692
19.94,-18.09,25704
9.56,-18.43,25715
12.66,-18.58,25726
15.09,-18.97,25738
6.32,-18.93,25749
16.33,-19.15,25760
18.97,-18.41,25773
10.59,-17.77,25784
13.95,-17.60,25795
13.45,-17.49,25806
13.34,-17.87,25818
16.62,-18.27,25829
13.02,-18.84,25840
9.06,-19.08,25852
10.90,-18.77,25864
14.03,-19.24,25875
17.12,-18.60,25886
16.54,-18.05,25897
11.20,-17.92,25909
13.23,-17.62,25920
15.23,-18.03,25932
10.16,-17.85,25944
13.95,-18.50,25955
12.51,-19.13,25966
9.64,-18.94,25977
17.44,-18.56,25989
17.36,-18.28,26001
10.94,-18.03,26012
15.42,-17.45,26023
18.26,-18.00,26035
11.60,-18.50,26046
13.95,-19.07,26057
13.44,-19.00,26068
8.95,-19.02,26081
17.12,-19.17,26092
17.50,-17.92,26103
10.39,-17.54,26115
15.50,-17.45,26126
15.19,-17.20,26137
13.63,-17.71,26149
16.41,-18.03,26161
12.63,-19.06,26172
9.59,-19.09,26183
14.07,-19.12,26194
12.96,-19.06,26206
15.35,-18.33,26217
16.28,-17.76,26229
9.87,-17.79,26241
16.94,-18.13,26252
17.81,-17.92,26263
7.31,-18.35,26274
16.81,-18.81,26286
14.10,-18.73,26297
6.03,-18.64,26309
19.05,-17.90,26320
13.97,-18.19,26332
8.53,-17.80,26343
18.35,-17.69,26354
14.73,-18.09,26365
9.68,-18.86,26378
14.36,-19.24,26389
10.96,-18.95,26400
10.09,-19.34,26412
18.00,-18.79,26423
13.19,-18.03,26434
11.36,-18.00,26445
16.88,-17.42,26458
14.18,-17.09,26469
13.43,-17.23,26480
13.78,-18.17,26491
12.42,-18.99,26503
13.19,-19.47,26514
12.38,-19.48,26526
13.32,-19.35,26537
13.02,-18.45,26549
14.70,-18.07,26560
13.47,-17.65,26571
14.04,-17.37,26583
16.42,-18.03,26594
10.48,-18.44,26606
11.05,-18.94,26617
16.01,-19.11,26629
11.84,-18.69,26640
12.80,-18.41,26651
17.23,-17.74,26662
12.08,-17.52,26675
13.00,-17.34,26686
18.26,-17.46,26697
9.96,-18.08,26708
11.61,-18.78,26720
16.46,-19.46,26731
9.23,-18.56,26742
14.35,-19.18,26755
17.70,-18.49,26766
10.48,-17.60,26777
14.26,-17.74,26788
18.74,-17.85,26800
12.72,-18.17,26811
10.92,-18.53,26823
15.66,-19.05,26834
9.73,-19.13,26846
12.01,-19.31,26857
17.21,-18.62,26868
8.90,-17.83,26880
14.97,-17.74,26891
18.26,-16.84,26903
12.11,-17.65,26914
15.58,-18.10,26926
13.40,-18.19,26937
9.54,-18.65,26948
17.30,-18.70,26959
13.97,-19.60,26971
9.43,-18.74,26983
17.15,-18.02,26994
14.76,-18.05,27005
12.70,-17.42,27017
20.82,-17.45,27028
10.08,-17.24,27039
8.95,-18.05,27052
19.56,-18.74,27063
11.18,-18.96,27074
12.37,-18.97,27085
17.02,-18.84,27097
12.89,-18.25,27108
15.75,-17.64,27119
16.24,-17.60,27131
14.39,-17.52,27143
12.40,-18.24,27154
13.49,-18.86,27165
14.65,-19.13,27176
12.23,-19.11,27188
14.24,-18.46,27200
15.72,-18.04,27211
15.39,-17.76,27223
14.91,-17.58,27234
14.78,-17.21,27245
13.92,-17.82,27256
13.60,-18.37,27268
14.62,-18.67,27280
11.47,-19.17,27291
13.41,-19.19,27302
12.60,-18.87,27314
12.94,-17.94,27325
17.07,-17.56,27336
11.35,-17.53,27348
16.00,-17.65,27360
15.01,-18.02,27371
8.37,-18.29,27382
16.41,-19.05,27394
12.06,-19.08,27405
9.47,-18.97,27416
17.55,-18.67,27428
13.50,-18.20,27440
13.74,-17.93,27451
16.16,-17.66,27462
12.98,-18.19,27473
12.68,-17.96,27485
13.03,-18.57,27496
10.55,-18.68,27508
13.02,-18.57,27520
14.65,-18.72,27531
14.59,-17.59,27542
17.40,-17.79,27553
10.77,-17.55,27565
14.64,-17.71,27577
17.80,-18.27,27588
7.36,-18.60,27599
13.83,-19.45,27611
14.87,-19.53,27622
7.90,-19.65,27633
17.18,-19.12,27644
15.41,-18.19,27657
9.35,-17.63,27668
16.15,-17.33,27679
16.44,-17.69,27691
12.13,-17.84,27702
14.80,-18.43,27713
12.30,-18.89,27725
10.70,-19.24,27737
13.68,-19.16,27748
13.92,-18.51,27759
15.39,-18.63,27770
12.38,-18.15,27782
15.22,-18.38,27793
17.95,-18.30,27805
7.47,-18.45,27816
14.63,-18.78,27828
13.89,-18.65,27839
6.76,-18.45,27850
18.48,-18.14,27862
13.43,-17.73,27874
10.39,-16.90,27885
19.36,-17.53,27896
11.10,-17.94,27908
13.54,-18.33,27919
15.69,-18.95,27930
6.84,-18.86,27941
12.26,-19.14,27954
14.15,-19.30,27965
10.65,-18.35,27976
19.88,-17.87,27987
14.39,-17.32,27999
10.45,-17.03,28010
19.33,-17.54,28022
12.47,-18.25,28034
12.89,-18.62,28045
18.72,-19.06,28056
7.70,-19.02,28067
11.89,-19.06,28079
18.25,-18.68,28090
11.78,-18.15,28102
13.58,-18.00,28113
17.12,-17.48,28125
13.65,-17.93,28136
12.25,-18.02,28147
16.54,-18.65,28158
13.47,-18.92,28171
10.03,-18.44,28182
17.89,-18.73,28193
14.94,-17.99,28205
12.00,-17.90,28216
19.13,-17.80,28227
13.63,-17.70,28238
10.44,-18.38,28251
16.93,-18.50,28262
10.78,-19.28,28273
9.77,-19.02,28284
18.97,-18.56,28296
9.43,-17.95,28307
13.84,-17.56,28319
22.93,-17.30,28331
7.86,-16.80,28342
18.02,-17.88,28353
20.12,-18.13,28364
2.08,-18.53,28376
19.16,-19.30,28387
14.13,-19.24,28399
2.22,-19.22,28410
22.12,-18.41,28422
15.92,-18.09,28433
4.92,-17.44,28444
21.84,-17.22,28455
14.87,-17.26,28467
7.35,-17.93,28479
22.33,-18.45,28490
10.43,-18.45,28502
6.96,-19.08,28513
21.30,-19.11,28524
10.36,-18.66,28535
12.85,-17.90,28548
17.21,-17.58,28559
8.41,-18.21,28570
18.05,-18.12,28581
15.95,-18.61,28593
7.57,-18.85,28604
15.82,-18.69,28615
11.57,-18.58,28627
11.79,-18.18,28639
21.03,-17.89,28650
9.57,-17.00,28661
10.29,-17.00,28673
19.57,-17.67,28684
10.22,-18.20,28696
12.42,-18.52,28707
14.80,-19.35,28719
6.33,-19.63,28730
13.85,-19.28,28741
17.57,-18.52,28752
11.86,-17.44,28764
13.37,-17.36,28776
14.18,-17.31,28787
16.02,-17.49,28798
14.93,-17.94,28810
11.44,-18.53,28821
12.33,-19.33,28832
10.21,-18.99,28845
14.25,-18.99,28856
19.35,-18.58,28867
11.00,-18.27,28878
12.40,-17.78,28890
19.54,-17.65,28901
11.86,-18.37,28912
15.55,-18.43,28924
15.78,-19.00,28936
4.64,-18.99,28947
16.52,-19.08,28958
17.19,-18.33,28969
10.80,-17.47,28981
19.17,-17.71,28993
9.76,-17.27,29004
13.85,-17.54,29016
22.35,-18.34,29027
7.23,-18.79,29038
13.73,-19.22,29049
13.77,-18.98,29061
5.88,-19.46,29073
23.27,-18.43,29084
15.89,-17.41,29095
6.20,-16.90,29107
21.01,-17.24,29118
12.59,-17.74,29129
10.79,-17.75,29142
21.52,-18.71,29153
4.08,-18.79,29164
9.29,-19.27,29175
25.19,-19.00,29187
8.37,-18.63,29198
15.29,-18.67,29209
18.76,-17.43,29221
6.22,-17.69,29233
21.80,-18.08,29244
16.65,-18.33,29255
5.10,-18.49,29266
17.24,-18.34,29278
12.75,-18.66,29289
11.85,-18.09,29301
22.48,-17.66,29313
11.43,-17.80,29324
9.93,-17.89,29335
22.45,-18.04,29346
10.36,-18.45,29358
11.02,-19.18,29370
17.86,-18.89,29381
5.45,-19.06,29392
16.12,-18.87,29404
20.97,-18.63,29415
8.80,-17.84,29426
15.84,-17.23,29437
16.25,-17.19,29450
14.03,-17.41,29461
17.04,-17.87,29472
8.77,-18.50,29484
9.92,-19.01,29495
15.01,-18.86,29506
13.09,-18.70,29518
16.78,-18.33,29530
12.14,-17.92,29541
9.11,-17.27,29552
19.45,-17.71,29563
16.05,-18.03,29575
10.40,-18.30,29586
13.65,-18.64,29598
9.15,-18.88,29609
13.32,-18.84,29621
18.10,-18.79,29632
11.13,-18.21,29643
12.66,-18.01,29655
15.08,-17.45,29667
15.53,-17.90,29678
17.10,-18.28,29689
10.23,-18.32,29701
9.52,-19.05,29712
14.31,-18.98,29723
15.57,-18.89,29735
15.02,-18.03,29747
13.57,-17.55,29758
12.80,-17.34,29769
15.02,-17.30,29780
17.04,-18.01,29792
13.12,-18.29,29803
9.75,-19.18,29815
10.73,-19.46,29827
15.15,-19.82,29838
15.64,-19.30,29849
12.97,-18.11,29860
14.00,-17.70,29872
13.33,-16.99,29884
15.86,-17.56,29895
17.49,-17.52,29906
11.38,-18.17,29918
10.68,-19.31,29929
14.01,-19.05,29940
14.70,-18.99,29952
12.45,-18.68,29964
15.26,-18.17,29975
14.62,-17.23,29986
11.83,-17.33,29998
18.12,-18.09,30009
13.66,-18.14,30020
7.27,-18.57,30032
15.69,-18.97,30044
13.23,-19.34,30055
10.91,-18.91,30066
17.22,-18.24,30077
13.57,-17.89,30089
11.99,-17.11,30100
18.27,-16.97,30112
17.42,-17.24,30124
12.74,-17.92,30135
15.80,-18.74,30146
12.99,-18.85,30157
11.95,-19.49,30169
17.57,-19.26,30181
13.42,-18.38,30192
13.93,-17.72,30203
14.55,-17.58,30215
13.35,-17.32,30226
17.31,-17.45,30237
12.40,-17.73,30248
11.32,-18.58,30261
14.11,-19.24,30272
11.41,-18.53,30283
15.77,-18.37,30295
15.58,-18.15,30306
13.42,-17.78,30317
15.40,-17.44,30328
13.73,-17.85,30341
14.45,-18.83,30352
12.78,-18.69,30363
9.05,-18.97,30374
13.49,-19.36,30386
12.54,-19.31,30397
11.57,-18.52,30409
17.71,-17.91,30420
11.81,-17.25,30432
11.70,-17.20,30443
20.43,-18.14,30454
11.16,-18.13,30466
10.97,-19.10,30477
13.86,-19.32,30489
8.86,-19.18,30500
14.88,-19.61,30512
14.68,-18.75,30523
12.98,-18.27,30534
12.25,-17.10,30545
11.51,-17.48,30558
19.51,-18.10,30569
11.16,-17.82,30580
9.58,-18.76,30592
17.43,-19.21,30603
9.00,-18.91,30614
14.70,-18.60,30625
20.35,-18.10,30638
9.00,-17.97,30649
13.75,-17.63,30660
19.63,-18.28,30671
11.53,-18.86,30683
10.57,-19.19,30694
13.29,-18.80,30706
8.78,-19.01,30717
13.65,-19.35,30729
17.64,-18.03,30740
12.96,-17.24,30751
14.12,-16.98,30763
16.00,-17.33,30774
15.45,-17.76,30786
12.60,-18.09,30797
12.40,-19.08,30809
11.32,-19.73,30820
10.94,-19.97,30831
17.04,-19.34,30842
14.85,-18.76,30855
11.02,-18.14,30866
16.01,-17.54,30877
14.07,-17.61,30888
15.19,-17.87,30900
14.93,-18.27,30911
9.49,-18.34,30922
12.81,-18.71,30935
14.30,-18.92,30946
11.31,-18.43,30957
16.27,-18.67,30968
14.50,-18.31,30980
11.06,-18.05,30991
17.11,-18.31,31003
13.65,-18.61,31014
10.18,-19.15,31026
14.95,-19.56,31037
11.74,-18.79,31048
12.16,-18.77,31059
16.28,-18.24,31071
15.06,-17.37,31083
14.29,-17.30,31094
15.98,-17.23,31106
16.85,-18.12,31117
13.29,-18.59,31128
12.64,-18.95,31139
14.38,-19.89,31152
12.40,-19.68,31163
13.44,-19.50,31174
13.47,-18.44,31185
14.41,-18.08,31197
16.24,-17.38,31208
13.77,-17.06,31219
16.78,-17.48,31232
13.88,-17.59,31243
9.90,-18.53,31254
13.97,-18.71,31265
13.32,-19.05,31277
12.78,-18.86,31288
16.73,-18.37,31299
15.68,-18.33,31311
12.88,-17.25,31323
15.78,-17.78,31334
15.53,-17.78,31345
12.83,-18.02,31356
13.07,-18.86,31368
13.10,-18.65,31380
12.80,-18.61,31391
12.12,-17.86,31403
16.68,-17.44,31414
16.00,-17.39,31425
8.39,-17.50,31436
17.97,-17.91,31448
13.91,-18.43,31460
6.45,-19.30,31471
19.46,-19.38,31482
10.16,-19.34,31494
6.68,-18.87,31505
20.42,-18.36,31516
13.25,-17.33,31527
10.82,-16.82,31540
20.66,-17.27,31551
12.84,-17.35,31562
11.14,-18.53,31574
18.47,-19.00,31585
8.27,-19.00,31596
8.45,-19.47,31608
15.15,-18.84,31620
13.75,-18.53,31631
17.10,-18.16,31642
11.90,-17.61,31653
12.80,-17.92,31665
16.99,-18.25,31676
9.73,-18.64,31688
15.49,-18.81,31699
13.44,-18.47,31711
7.45,-18.39,31722
17.77,-18.55,31733
16.52,-18.18,31745
12.15,-17.87,31757
18.06,-17.87,31768
14.15,-18.26,31779
11.02,-19.19,31791
13.63,-19.04,31802
13.05,-19.29,31813
12.01,-19.41,31824
13.17,-18.72,31837
17.55,-17.95,31848
14.78,-17.15,31859
12.93,-17.05,31870
18.89,-17.38,31882
14.62,-18.05,31893
11.95,-18.80,31904
16.19,-19.58,31917
10.50,-19.43,31928
9.64,-19.60,31939
15.61,-19.06,31950
11.51,-18.00,31962
13.70,-18.06,31973
18.03,-17.23,31985
12.14,-17.51,31996
15.01,-17.71,32008
16.02,-18.09,32019
11.96,-18.89,32030
12.53,-18.70,32041
12.83,-18.79,32053
12.80,-18.34,32065
15.81,-18.31,32076
17.39,-18.18,32088
12.41,-18.03,32099
14.16,-18.77,32110
13.94,-18.55,32121
11.08,-18.94,32134
15.65,-19.01,32145
11.75,-18.83,32156
12.84,-18.49,32167
16.00,-17.88,32179
12.92,-17.84,32190
15.39,-17.25,32201
15.24,-17.69,32214
13.55,-18.23,32225
13.51,-18.67,32236
12.63,-19.38,32247
10.66,-19.48,32259
12.23,-19.74,32270
14.39,-18.89,32282
13.70,-18.08,32293
17.37,-17.44,32305
13.57,-17.03,32316
12.65,-17.48,32327
16.89,-17.87,32338
13.81,-18.35,32350
13.25,-18.57,32362
12.24,-19.15,32373
10.60,-19.15,32385
14.95,-19.30,32396
15.83,-18.83,32407
13.71,-18.12,32418
9.88,-17.99,32431
13.59,-18.15,32442
16.38,-18.68,32453
10.49,-18.75,32464
13.83,-18.84,32476
13.87,-18.50,32487
8.23,-18.15,32498
18.79,-17.70,32510
18.58,-17.10,32522
6.20,-17.33,32533
15.74,-17.74,32544
16.94,-17.95,32556
7.67,-18.29,32567
17.46,-19.30,32579
13.06,-19.38,32590
4.71,-18.56,32602
18.16,-18.41,32613
16.34,-17.79,32624
10.69,-17.52,32635
17.82,-17.13,32647
14.15,-17.62,32659
13.71,-18.25,32670
15.88,-18.29,32681
12.08,-18.55,32693
11.94,-18.78,32704
11.57,-18.78,32715
14.55,-18.67,32728
18.84,-18.06,32739
11.84,-17.45,32750
10.58,-17.62,32761
20.09,-18.07,32773
9.73,-17.99,32784
12.12,-18.87,32795
18.33,-18.64,32807
4.59,-18.55,32819
13.77,-18.48,32830
21.26,-17.54,32841
10.09,-17.70,32852
14.81,-17.13,32864
17.96,-17.50,32875
11.77,-18.20,32887
13.05,-18.35,32899
15.61,-18.94,32910
8.56,-19.39,32921
10.65,-19.31,32932
17.71,-18.93,32944
12.50,-17.97,32956
14.51,-17.63,32967
14.89,-17.16,32978
11.79,-17.19,32990
17.45,-17.82,33001
13.67,-18.64,33012
10.07,-18.85,33025
14.25,-19.14,33036
9.65,-18.64,33047
13.99,-17.83,33058
19.61,-18.00,33070
8.43,-17.21,33081
11.68,-17.68,33092
19.25,-18.07,33104
9.64,-18.22,33116
15.39,-18.83,33127
17.01,-18.99,33138
4.67,-19.03,33149
15.91,-18.73,33161
19.03,-17.84,33173
11.88,-17.76,33184
15.29,-17.66,33196
13.92,-17.78,33207
14.09,-18.26,33218
15.20,-18.59,33229
11.00,-18.99,33241
11.74,-19.27,33253
11.50,-18.68,33264
13.63,-18.48,33275
19.99,-17.80,33287
12.71,-17.49,33298
8.21,-17.60,33309
20.11,-17.58,33320
13.55,-18.19,33333
10.21,-18.72,33344
17.31,-19.01,33355
7.85,-18.97,33367
10.87,-18.91,33378
21.29,-18.31,33389
13.26,-17.76,33401
11.25,-17.91,33413
16.52,-17.67,33424
13.03,-18.27,33435
14.99,-18.10,33446
15.58,-18.51,33458
9.86,-18.64,33469
13.56,-18.74,33481
16.43,-19.10,33492
14.12,-18.06,33504
16.43,-17.52,33515
12.72,-17.33,33526
12.81,-17.41,33538
19.40,-17.84,33550
13.59,-18.21,33561
10.44,-18.84,33572
15.28,-18.65,33584
11.34,-18.78,33595
14.54,-18.44,33606
19.48,-17.87,33617
10.90,-17.60,33630
13.15,-17.63,33641
18.69,-17.95,33652
12.57,-18.18,33664
13.14,-19.15,33675
13.44,-19.26,33686
7.03,-19.28,33698
14.31,-19.23,33710
16.87,-18.30,33721
11.14,-18.21,33732
14.69,-17.61,33743
15.63,-17.59,33755
14.15,-18.14,33766
16.92,-18.48,33778
10.97,-18.84,33789
7.69,-18.97,33801
15.47,-19.61,33812
13.19,-19.22,33823
12.16,-18.61,33835
16.90,-18.22,33847
10.19,-17.54,33858
13.11,-17.71,33869
22.55,-18.05,33881
7.78,-18.44,33892
9.42,-18.96,33903
18.18,-18.94,33914
7.57,-18.70,33927
16.32,-18.66,33938
18.01,-18.05,33949
7.56,-17.78,33960
15.88,-18.02,33972
17.63,-17.74,33983
11.34,-18.22,33995
12.58,-18.74,34007
13.01,-19.14,34018
11.01,-19.49,34029
14.50,-19.05,34040
15.43,-18.61,34052
12.65,-17.71,34063
12.35,-17.39,34075
18.66,-17.56,34086
17.15,-17.91,34098
9.40,-18.38,34109
13.64,-18.88,34120
11.76,-19.05,34131
10.31,-19.07,34144
18.99,-18.77,34155
12.05,-17.91,34166
12.96,-18.22,34178
17.11,-17.52,34189
10.17,-17.39,34200
18.50,-18.36,34211
13.54,-18.12,34224
6.38,-19.03,34235
18.06,-18.81,34246
12.19,-18.57,34257
11.36,-18.94,34269
20.15,-17.66,34280
10.61,-17.36,34292
10.75,-17.09,34304
20.73,-17.39,34315
10.94,-17.84,34326
9.32,-18.58,34337
18.49,-19.23,34349
10.03,-19.36,34360
11.21,-18.95,34372
19.30,-18.03,34383
9.07,-18.13,34395
12.96,-17.17,34406
20.76,-17.41,34417
11.51,-18.20,34428
12.13,-18.45,34440
15.35,-19.07,34452
8.21,-19.19,34463
14.08,-19.25,34475
15.40,-19.06,34486
9.16,-18.38,34497
17.25,-17.96,34508
15.92,-17.12,34521
10.56,-17.61,34532
19.84,-17.80,34543
11.03,-18.14,34554
8.90,-18.70,34566
20.40,-18.81,34577
7.99,-18.77,34588
12.06,-18.37,34600
19.99,-18.45,34612
9.07,-17.54,34623
17.14,-17.45,34634
18.55,-17.98,34646
5.88,-18.38,34657
14.32,-19.02,34669
17.56,-19.01,34680
8.33,-19.17,34692
17.28,-18.66,34703
14.51,-18.09,34714
8.00,-17.59,34725
21.95,-17.26,34737
15.43,-17.06,34749
10.63,-17.68,34760
17.83,-18.37,34771
8.36,-19.01,34783
14.26,-19.64,34794
16.29,-19.38,34805
7.38,-18.98,34817
15.41,-18.38,34829
16.76,-18.09,34840
13.63,-17.78,34851
16.55,-17.14,34863
12.55,-17.86,34874
10.81,-18.32,34885
15.98,-18.65,34897
12.95,-18.76,34909
10.72,-18.91,34920
12.48,-18.79,34931
11.77,-18.11,34942
17.50,-18.08,34954
14.37,-17.34,34965
10.08,-18.26,34977
15.15,-18.21,34989
9.62,-18.48,35000
16.20,-19.12,35011
15.33,-18.52,35022
6.89,-18.72,35034
16.09,-18.03,35046
14.44,-17.65,35057
13.32,-17.67,35068
17.33,-17.54,35080
9.22,-18.45,35091
12.04,-18.86,35102
16.94,-19.57,35113
8.84,-19.59,35126
12.95,-19.55,35137
15.38,-19.16,35148
10.52,-17.88,35160
19.51,-17.45,35171
17.11,-16.87,35182
8.20,-17.19,35193
19.82,-17.69,35206
15.53,-18.36,35217
10.22,-18.89,35228
17.78,-18.81,35239
7.42,-19.23,35251
9.66,-18.99,35262
21.49,-18.52,35274
9.68,-17.68,35286
11.27,-17.54,35297
18.21,-17.82,35308
10.39,-17.64,35319
15.56,-17.93,35331
16.74,-18.40,35342
5.38,-18.74,35354
15.23,-18.30,35365
17.16,-17.77,35377
12.10,-17.64,35388
17.97,-17.69,35399
11.33,-17.91,35410
12.04,-18.31,35423
19.21,-19.05,35434
10.16,-19.11,35445
11.92,-19.11,35457
14.56,-19.25,35468
8.42,-18.83,35479
18.78,-18.01,35490
16.75,-16.98,35503
9.98,-16.97,35514
18.70,-16.74,35525
14.42,-17.04,35536
11.34,-18.04,35548
15.88,-18.86,35559
8.68,-19.53,35570
10.80,-19.74,35582
16.45,-19.36,35594
14.30,-18.55,35605
15.21,-17.83,35616
11.07,-16.99,35628
13.22,-17.13,35639
18.65,-17.52,35651
12.03,-17.67,35662
15.00,-18.37,35674
13.88,-18.49,35685
7.08,-18.62,35696
20.21,-18.13,35707
16.68,-17.92,35719
7.26,-18.41,35731
16.30,-17.99,35742
15.65,-18.69,35753
12.71,-18.83,35765
18.44,-18.98,35776
9.19,-18.62,35787
7.68,-18.72,35800
19.82,-18.45,35811
14.13,-17.56,35822
16.60,-17.37,35833
15.54,-16.84,35845
7.53,-17.43,35856
20.36,-17.94,35867
15.92,-18.75,35879
6.57,-20.01,35891
15.48,-19.62,35902
9.56,-19.58,35913
13.25,-18.78,35924
22.19,-17.78,35936
7.37,-17.20,35948
11.61,-17.32,35959
21.37,-17.90,35971
12.72,-17.80,35982
16.17,-18.45,35993
14.74,-18.55,36004
6.52,-18.84,36016
17.20,-18.69,36028
16.28,-18.75,36039
11.33,-18.89,36050
15.36,-18.25,36062
11.91,-18.25,36073
17.38,-18.69,36084
18.65,-18.39,36096
8.25,-18.37,36108
13.06,-18.43,36119
14.18,-18.74,36130
11.43,-18.19,36142
16.88,-17.84,36153
13.14,-17.81,36164
9.80,-17.73,36176
17.08,-17.99,36188
18.84,-18.63,36199
10.50,-19.44,36210
13.12,-19.37,36221
10.32,-19.53,36233
8.46,-19.02,36244
19.37,-18.44,36256
12.79,-17.52,36268
9.22,-17.22,36279
19.30,-17.43,36290
13.46,-17.35,36301
15.36,-18.24,36313
15.60,-18.87,36325
6.54,-19.42,36336
13.03,-19.49,36347
16.09,-19.54,36359
8.92,-19.40,36370
15.23,-18.47,36381
16.88,-17.49,36392
8.77,-17.37,36405
19.03,-17.67,36416
17.00,-17.55,36427
4.98,-18.27,36439
17.53,-18.81,36450
16.12,-18.83,36461
5.89,-19.05,36473
18.78,-18.36,36485
15.71,-17.97,36496
5.11,-18.04,36507
19.86,-18.17,36518
19.14,-18.72,36530
4.88,-18.94,36541
17.47,-19.54,36553
13.96,-19.08,36564
3.78,-18.92,36576
20.64,-18.43,36587
14.04,-17.37,36598
8.70,-17.44,36610
21.19,-17.24,36622
9.88,-17.95,36633
14.47,-18.15,36644
18.70,-18.88,36656
6.03,-19.53,36667
14.78,-19.73,36678
15.57,-19.49,36689
9.78,-18.72,36702
18.77,-18.51,36713
14.47,-17.79,36724
10.45,-17.42,36736
21.90,-17.64,36747
14.06,-17.88,36758
7.91,-18.41,36770
18.89,-18.57,36782
9.24,-19.17,36793
11.62,-18.74,36804
22.87,-18.25,36815
8.58,-18.15,36827
11.84,-17.72,36838
19.46,-18.46,36850
10.61,-18.42,36861
15.67,-18.65,36873
15.44,-19.16,36884
6.82,-18.56,36895
17.22,-18.42,36907
16.73,-18.02,36919
9.55,-17.47,36930
19.31,-17.29,36941
13.36,-17.73,36953
11.05,-18.02,36964
22.82,-18.74,36975
8.57,-19.27,36986
9.44,-19.81,36999
18.99,-20.11,37010
6.35,-19.51,37021
14.76,-18.93,37032
19.89,-17.91,37044
8.07,-17.40,37055
15.87,-17.36,37066
18.74,-17.37,37079
10.46,-17.96,37090
17.50,-18.32,37101
12.98,-18.88,37112
7.46,-19.17,37124
16.63,-19.40,37135
11.38,-19.07,37147
13.66,-18.70,37158
18.58,-18.28,37170
8.60,-17.79,37181
17.48,-17.73,37192
15.64,-17.88,37203
6.39,-18.50,37215
17.54,-18.39,37227
11.35,-18.02,37238
9.82,-17.87,37250
21.48,-17.36,37261
11.12,-17.61,37272
8.88,-18.10,37283
19.60,-18.67,37296
12.46,-18.99,37307
9.60,-19.36,37318
15.46,-19.66,37329
8.96,-19.76,37341
11.14,-19.21,37352
19.22,-17.43,37363
11.53,-17.18,37376
13.44,-16.98,37387
15.76,-16.86,37398
13.76,-17.91,37409
16.27,-18.39,37421
13.24,-19.12,37432
10.44,-19.27,37444
11.87,-19.57,37455
13.56,-19.86,37467
13.72,-19.17,37478
14.48,-18.62,37489
16.82,-17.71,37500
10.18,-17.70,37512
17.20,-17.45,37524
19.39,-17.63,37535
5.71,-18.66,37547
13.73,-18.69,37558
16.36,-18.65,37569
7.04,-18.36,37580
18.34,-18.35,37592
18.13,-18.33,37604
5.16,-18.03,37615
19.44,-18.63,37626
20.72,-18.87,37638
2.93,-19.46,37649
17.32,-19.34,37660
16.39,-18.98,37672
2.02,-18.95,37684
21.78,-18.54,37695
16.43,-17.86,37706
3.71,-17.08,37718
22.53,-17.21,37729
14.03,-17.26,37740
7.60,-18.55,37752
21.92,-19.14,37764
8.19,-19.25,37775
9.42,-19.94,37786
20.94,-19.31,37797
7.59,-18.57,37809
14.18,-18.21,37821
20.31,-18.00,37832
6.78,-17.90,37843
19.79,-17.90,37855
17.87,-18.34,37866
6.51,-18.82,37877
19.28,-18.84,37889
13.57,-18.25,37901
8.52,-18.64,37912
19.45,-18.50,37923
13.08,-18.01,37935
12.07,-17.76,37946
18.24,-18.29,37957
12.90,-19.00,37968
11.21,-18.91,37981
11.30,-19.74,37992
11.72,-19.09,38003
18.00,-18.26,38014
14.01,-17.62,38027
13.57,-17.27,38038
17.41,-17.13,38049
14.45,-16.79,38061
14.54,-18.15,38072
16.05,-18.94,38083
12.74,-19.59,38094
9.89,-19.48,38107
12.33,-19.78,38118
12.64,-19.77,38129
13.08,-18.38,38140
14.73,-18.40,38152
12.45,-17.77,38163
16.52,-17.20,38174
14.69,-17.12,38187
12.24,-17.41,38198
14.38,-18.09,38209
11.10,-18.22,38220
14.53,-19.00,38232
15.73,-19.40,38243
12.65,-18.78,38254
16.01,-18.46,38266
14.78,-18.78,38278
13.72,-19.04,38289
15.15,-18.22,38300
9.14,-18.73,38311
11.55,-18.80,38323
14.79,-18.73,38334
12.11,-18.28,38346
16.27,-17.35,38358
18.11,-17.31,38369
10.29,-16.45,38380
16.72,-16.95,38391
16.80,-18.03,38403
9.16,-18.81,38414
15.92,-19.19,38426
10.97,-19.46,38437
9.28,-19.69,38449
18.37,-19.38,38460
12.54,-18.56,38471
14.60,-17.72,38482
15.07,-17.03,38494
13.60,-16.86,38506
17.56,-17.32,38517
10.07,-18.29,38529
10.79,-18.79,38540
13.81,-19.49,38551
9.54,-19.57,38562
16.63,-19.14,38575
13.85,-18.95,38586
7.63,-18.54,38597
18.95,-18.12,38608
15.80,-17.76,38620
7.31,-18.01,38631
18.54,-18.71,38642
11.57,-18.67,38654
9.74,-18.24,38666
19.84,-18.18,38677
10.19,-17.96,38688
13.33,-17.24,38700
16.89,-17.47,38711
10.73,-17.80,38723
16.80,-18.75,38734
10.23,-18.98,38746
7.93,-19.44,38757
16.58,-19.98,38768
10.62,-19.14,38779
13.31,-18.81,38791
17.43,-17.71,38803
10.56,-16.98,38814
15.49,-16.67,38825
19.90,-17.03,38837
10.33,-17.81,38848
13.23,-18.17,38859
14.09,-19.16,38872
9.10,-19.71,38883
17.10,-19.97,38894
14.15,-19.37,38905
12.23,-18.72,38917
17.17,-18.58,38928
12.07,-17.74,38939
17.26,-17.73,38951
17.29,-17.65,38963
8.43,-18.09,38974
14.92,-18.32,38985
16.64,-18.00,38996
10.54,-18.23,39008
16.16,-17.96,39019
14.16,-18.16,39031
8.11,-18.10,39043
18.69,-18.47,39054
16.01,-18.60,39065
7.48,-18.49,39076
15.47,-19.02,39088
11.65,-18.79,39100
9.55,-18.97,39111
20.46,-18.19,39122
13.07,-17.02,39134
12.54,-16.89,39145
18.48,-16.51,39156
14.13,-16.64,39168
13.11,-17.53,39180
15.34,-18.79,39191
11.16,-19.36,39202
10.24,-19.75,39214
15.20,-19.93,39225
12.79,-19.27,39236
14.49,-18.54,39248
17.60,-17.55,39260
12.00,-17.06,39271
16.56,-17.08,39282
14.95,-17.38,39293
9.84,-18.02,39305
15.88,-18.33,39316
13.54,-18.45,39328
10.78,-18.44,39340
15.06,-18.60,39351
15.09,-18.70,39362
10.78,-18.63,39373
16.44,-18.48,39385
17.32,-18.25,39396
8.28,-18.11,39408
14.39,-18.32,39419
13.65,-18.60,39431
9.57,-18.26,39442
17.04,-18.10,39453
16.26,-17.62,39464
12.78,-17.58,39477
14.45,-17.43,39488
18.15,-17.60,39499
13.06,-18.46,39511
9.91,-18.96,39522
15.66,-19.73,39533
10.49,-19.81,39544
11.15,-19.53,39557
18.12,-19.04,39568
11.75,-17.95,39579
14.19,-17.52,39590
20.48,-16.91,39602
14.02,-17.56,39613
13.34,-17.97,39625
15.81,-18.66,39636
8.93,-19.14,39648
12.35,-19.37,39659
15.63,-20.07,39670
8.72,-18.96,39682
14.62,-18.56,39693
15.04,-18.20,39705
10.85,-17.83,39716
19.87,-18.10,39728
9.87,-17.50,39739
9.48,-18.43,39750
17.93,-18.78,39761
7.83,-18.57,39773
12.38,-18.39,39785
21.22,-18.10,39796
9.71,-17.89,39808
13.11,-17.39,39819
21.27,-18.26,39830
7.66,-18.52,39841
10.66,-19.18,39854
17.54,-19.68,39865
5.07,-19.32,39876
13.81,-19.18,39887
18.83,-18.18,39899
9.31,-17.52,39910
16.18,-17.62,39921
17.06,-16.99,39933
12.29,-16.80,39945
13.44,-17.79,39956
12.10,-19.01,39967
10.61,-19.52,39979
12.75,-19.97,39990
14.60,-19.83,40002
13.96,-19.22,40013
13.74,-18.36,40025
13.12,-17.79,40036
13.51,-17.50,40047
16.52,-17.42,40058
12.69,-17.90,40070
12.99,-18.16,40082
15.58,-18.89,40093
12.71,-18.89,40104
13.13,-18.42,40116
14.90,-18.42,40127
14.03,-18.21,40138
12.79,-18.33,40150
15.90,-18.55,40162
14.82,-18.85,40173
9.62,-18.83,40184
11.63,-18.79,40196
13.12,-19.02,40207
9.47,-18.76,40218
15.24,-17.89,40230
17.91,-17.39,40242
10.19,-17.15,40253
14.73,-16.72,40264
18.65,-17.47,40275
10.32,-17.94,40287
11.53,-18.66,40298
13.52,-19.72,40310
11.14,-19.74,40322
14.52,-20.19,40333
13.99,-19.09,40344
14.13,-18.20,40355
13.77,-17.82,40367
15.53,-17.18,40379
17.75,-17.70,40390
9.18,-17.62,40401
12.08,-18.08,40413
16.39,-18.50,40424
8.80,-18.43,40435
14.22,-18.79,40446
17.47,-18.46,40459
9.84,-18.41,40470
13.70,-18.09,40481
17.53,-18.25,40493
10.86,-18.64,40504
13.27,-18.75,40515
16.26,-19.12,40526
9.07,-18.52,40539
14.89,-18.54,40550
15.50,-17.57,40561
12.41,-16.99,40572
18.70,-17.25,40584
13.51,-17.31,40595
16.88,-17.71,40607
16.82,-17.98,40619
5.78,-19.23,40630
15.56,-20.17,40641
14.72,-19.79,40652
8.70,-19.76,40664
15.84,-18.91,40675
15.35,-17.95,40687
13.54,-17.18,40698
18.88,-17.02,40710
16.99,-16.80,40721
7.93,-17.22,40732
12.88,-18.39,40743
17.54,-18.70,40756
10.83,-19.33,40767
13.10,-19.28,40778
17.38,-18.67,40790
10.44,-18.32,40801
14.51,-18.44,40812
20.25,-18.37,40823
8.35,-18.34,40836
11.94,-18.85,40847
17.17,-18.76,40858
7.75,-18.85,40869
16.57,-18.24,40881
15.88,-17.78,40892
7.02,-17.14,40904
22.09,-17.44,40915
16.11,-17.98,40927
8.58,-18.30,40938
19.11,-18.53,40949
6.43,-19.00,40961
11.01,-19.78,40972
20.66,-19.77,40984
5.28,-18.89,40995
13.80,-18.06,41007
19.94,-17.52,41018
9.61,-16.92,41029
20.52,-17.06,41040
15.89,-17.70,41053
6.08,-17.80,41064
19.28,-18.73,41075
11.80,-19.48,41086
7.81,-19.47,41098
17.87,-19.70,41109
10.29,-18.55,41120
14.46,-18.34,41133
16.86,-18.00,41144
11.51,-17.40,41155
16.03,-17.92,41166
10.00,-17.82,41178
12.74,-18.41,41189
15.37,-18.34,41201
8.29,-18.60,41212
16.95,-18.73,41224
15.41,-18.46,41235
8.76,-18.43,41246
18.06,-17.88,41257
11.85,-18.08,41269
8.62,-18.31,41281
18.25,-19.29,41292
9.89,-19.49,41304
9.60,-19.00,41315
19.80,-18.74,41326
7.92,-17.80,41337
15.36,-17.81,41349
20.07,-17.24,41361
5.29,-17.06,41372
20.38,-18.02,41383
14.65,-18.51,41395
3.42,-19.22,41406
21.21,-19.96,41417
10.50,-20.08,41430
5.82,-19.45,41441
22.43,-18.72,41452
9.94,-18.22,41463
9.70,-17.73,41475
23.49,-17.74,41486
9.86,-17.78,41497
10.49,-18.05,41509
18.46,-18.71,41521
7.96,-19.04,41532
14.01,-19.38,41543
15.65,-18.79,41554
11.12,-18.14,41566
17.75,-17.95,41578
11.83,-17.82,41589
14.10,-18.17,41601
17.68,-18.64,41612
7.02,-19.13,41623
13.28,-19.23,41634
16.34,-18.87,41646
9.24,-18.76,41658
17.15,-18.23,41669
17.83,-17.79,41680
10.25,-17.73,41692
16.61,-17.28,41703
17.98,-17.65,41714
10.73,-18.30,41726
14.09,-19.16,41738
13.33,-19.65,41749
9.32,-19.43,41760
15.10,-19.60,41772
16.20,-18.79,41783
12.95,-17.62,41794
16.74,-17.16,41806
15.62,-17.17,41818
15.59,-17.83,41829
11.35,-18.03,41840
12.06,-18.93,41851
14.46,-19.46,41863
10.87,-19.30,41875
16.51,-18.80,41886
16.69,-18.00,41897
10.56,-18.29,41909
15.87,-17.26,41920
16.81,-17.69,41931
13.14,-18.48,41943
12.96,-18.66,41955
13.45,-18.94,41966
10.74,-18.87,41977
12.74,-18.99,41989
16.30,-18.27,42000
13.05,-17.98,42011
12.50,-18.05,42022
15.55,-17.76,42035
15.47,-18.41,42046
13.17,-18.50,42057
12.11,-19.19,42068
12.94,-19.11,42080
11.05,-19.13,42091
13.50,-19.21,42103
16.79,-18.52,42115
14.38,-18.19,42126
11.90,-17.75,42137
16.63,-18.10,42148
14.48,-18.21,42160
11.20,-18.63,42171
13.59,-19.27,42183
11.92,-19.36,42194
13.97,-19.13,42206
14.00,-18.76,42217
12.61,-18.34,42228
15.90,-17.74,42240
11.11,-17.95,42252
16.29,-18.15,42263
17.77,-18.32,42274
9.24,-18.67,42286
12.55,-19.12,42297
12.10,-19.53,42308
10.98,-19.17,42319
16.43,-18.56,42332
13.09,-18.44,42343
11.46,-17.89,42354
15.46,-17.95,42365
14.60,-18.18,42377
14.63,-18.55,42388
11.56,-18.59,42399
8.45,-18.88,42412
13.78,-19.26,42423
12.93,-19.06,42434
11.97,-18.47,42445
16.26,-17.58,42457
8.42,-18.42,42468
15.09,-17.39,42480
23.06,-18.11,42491
5.01,-18.62,42503
10.80,-19.11,42514
17.53,-19.39,42525
2.59,-19.33,42536
20.03,-19.05,42548
20.74,-17.96,42560
-1.57,-17.76,42571
20.22,-18.20,42583
23.04,-18.27,42594
1.74,-18.33,42605
20.17,-18.83,42616
13.70,-18.90,42629
-2.62,-18.99,42640
28.02,-19.75,42651
16.94,-18.74,42662
0.42,-17.96,42674
24.74,-18.10,42685
12.34,-17.92,42696
10.10,-18.04,42708
25.88,-18.35,42720
4.38,-19.14,42731
6.10,-19.08,42742
24.06,-19.10,42754
9.86,-18.61,42765
11.54,-17.46,42776
18.87,-17.49,42788
5.85,-17.26,42800
17.60,-17.67,42811
24.34,-17.90,42822
5.03,-18.10,42833
11.08,-19.35,42845
15.47,-18.95,42857
11.22,-19.05,42868
17.72,-18.56,42880
12.88,-17.83,42891
11.38,-17.51,42902
16.37,-17.05,42913
14.57,-17.56,42925
15.32,-17.96,42937
12.21,-18.22,42948
8.31,-18.65,42959
13.50,-19.25,42971
17.92,-18.91,42982
10.30,-18.32,42993
11.33,-18.02,43004
17.39,-17.66,43017
12.34,-17.44,43028
19.33,-17.60,43039
16.74,-17.87,43051
6.14,-18.16,43062
14.77,-18.83,43073
16.67,-18.68,43085
10.94,-18.25,43097
13.68,-18.26,43108
12.63,-17.66,43119
12.30,-17.67,43130
18.64,-17.72,43142
16.58,-17.48,43153
5.13,-17.77,43165
11.68,-18.43,43176
17.03,-19.22,43188
11.66,-18.75,43199
16.34,-18.62,43210
13.37,-18.01,43222
9.55,-17.77,43234
17.75,-17.40,43245
17.65,-17.46,43256
12.98,-17.95,43268
10.20,-18.49,43279
12.25,-19.38,43290
14.66,-19.52,43301
15.17,-19.58,43314
13.39,-18.80,43325
12.21,-17.76,43336
15.46,-17.72,43347
17.03,-17.20,43359
16.30,-17.68,43370
13.25,-18.10,43382
9.31,-18.43,43394
13.46,-18.74,43405
17.73,-18.79,43416
13.26,-19.29,43427
11.35,-18.55,43439
14.74,-18.36,43450
11.84,-17.62,43462
15.71,-17.83,43473
21.46,-18.15,43485
8.52,-17.98,43496
8.30,-18.98,43507
18.35,-18.47,43518
8.85,-18.69,43530
13.54,-18.38,43542
19.57,-17.96,43553
7.91,-18.15,43565
14.42,-17.81,43576
20.78,-17.81,43587
7.82,-18.50,43598
10.87,-18.94,43611
17.53,-19.01,43622
6.31,-19.11,43633
11.46,-19.43,43644
18.14,-18.98,43656
9.69,-18.10,43667
16.99,-17.69,43678
17.27,-17.77,43691
12.09,-17.64,43702
14.31,-18.07,43713
9.71,-19.11,43724
13.94,-19.36,43736
13.85,-19.64,43747
9.58,-19.51,43758
15.10,-18.93,43770
13.93,-18.56,43782
11.68,-18.01,43793
17.32,-17.89,43804
13.44,-17.74,43815
9.08,-17.75,43827
17.92,-18.57,43839
13.60,-19.06,43850
10.61,-19.17,43862
