1017463.00
-251674.00
18.57,-18.71,133
10.91,-18.12,144
13.33,-17.99,155
19.50,-17.70,166
10.26,-17.38,178
13.95,-16.95,189
18.45,-16.67,201
11.55,-17.37,212
14.91,-17.63,224
11.63,-17.70,235
9.78,-17.74,246
17.40,-17.83,258
12.61,-17.19,269
13.08,-17.54,281
15.02,-18.13,292
9.78,-18.02,304
15.18,-18.32,315
13.91,-17.46,326
7.72,-17.89,337
17.57,-17.85,349
15.49,-17.25,361
12.79,-17.25,372
21.43,-16.36,384
7.96,-16.62,395
11.00,-16.85,406
21.32,-17.55,417
5.33,-17.89,429
12.86,-18.46,441
17.87,-18.53,452
5.62,-18.16,463
21.30,-17.92,475
16.72,-17.21,486
7.79,-17.28,497
20.94,-16.95,508
12.49,-17.06,521
9.93,-17.46,532
16.95,-17.07,543
10.06,-16.91,555
11.75,-17.03,566
20.24,-17.37,577
10.23,-17.86,588
14.27,-18.11,601
18.29,-18.31,612
6.90,-18.12,623
17.23,-18.53,634
15.03,-18.23,646
9.50,-18.12,657
19.41,-17.31,668
13.58,-16.53,680
14.32,-16.79,692
18.69,-16.48,703
9.72,-17.31,714
13.14,-17.41,726
14.36,-17.71,737
11.55,-18.55,748
16.64,-18.05,760
14.63,-17.82,772
12.73,-17.59,783
19.30,-17.31,794
15.69,-17.69,805
12.61,-17.40,817
15.41,-17.41,828
12.22,-17.60,840
12.35,-17.69,851
19.06,-17.26,863
11.01,-17.16,874
13.11,-16.97,885
17.93,-16.89,897
11.85,-17.63,908
16.49,-17.71,919
14.45,-18.36,931
9.27,-18.27,943
16.65,-18.30,954
17.79,-17.77,965
15.37,-16.76,976
16.10,-16.73,988
12.03,-16.46,999
13.71,-16.09,1011
19.39,-16.60,1022
11.39,-17.12,1034
13.95,-17.88,1045
15.52,-18.53,1056
10.17,-18.06,1068
17.97,-17.88,1079
17.39,-17.61,1091
11.59,-17.14,1102
17.20,-17.24,1114
13.35,-16.99,1125
13.47,-17.32,1136
16.52,-17.36,1147
10.30,-17.14,1159
13.84,-17.37,1171
16.73,-16.83,1182
11.21,-17.23,1193
15.63,-17.29,1205
13.40,-17.44,1216
9.20,-18.29,1227
17.99,-18.14,1239
10.61,-18.52,1251
9.09,-18.24,1262
20.82,-17.51,1273
10.12,-17.14,1285
14.29,-16.69,1296
20.82,-16.34,1307
7.71,-16.35,1318
16.96,-16.90,1331
18.63,-17.39,1342
4.94,-17.65,1353
16.35,-17.79,1364
16.01,-18.01,1376
7.51,-18.04,1387
22.41,-17.96,1398
12.48,-17.65,1411
8.76,-17.47,1422
22.86,-17.72,1433
9.26,-17.19,1444
12.08,-17.22,1456
19.17,-16.84,1467
8.66,-17.01,1478
15.74,-16.90,1490
18.71,-16.83,1502
9.71,-17.44,1513
15.26,-17.43,1524
15.21,-18.27,1536
9.33,-18.32,1547
15.85,-18.64,1558
14.25,-18.48,1570
11.20,-17.26,1582
16.77,-17.21,1593
13.97,-16.91,1604
16.38,-16.96,1615
18.07,-16.49,1627
11.34,-16.84,1638
13.66,-17.48,1650
12.97,-17.44,1661
12.29,-17.86,1673
16.41,-17.88,1684
10.64,-18.02,1695
16.07,-17.91,1707
15.61,-17.79,1718
11.68,-17.69,1730
19.06,-17.46,1741
12.51,-17.50,1753
9.91,-17.54,1764
19.07,-17.25,1775
12.43,-17.01,1786
14.56,-16.84,1798
19.19,-16.82,1810
10.59,-16.59,1821
16.84,-17.47,1832
16.52,-17.57,1844
7.96,-18.20,1855
16.21,-18.37,1866
14.08,-18.11,1878
13.65,-18.37,1890
19.07,-17.34,1901
14.19,-17.37,1912
13.80,-16.57,1924
18.94,-16.37,1935
12.32,-16.67,1946
12.84,-16.75,1957
15.33,-17.33,1970
9.86,-17.28,1981
16.42,-17.58,1992
15.71,-17.60,2003
9.21,-17.79,2015
17.12,-18.03,2026
13.80,-17.82,2037
13.09,-18.17,2050
16.05,-17.90,2061
9.47,-17.99,2072
13.82,-17.57,2083
19.25,-17.03,2095
12.29,-16.66,2106
14.78,-16.49,2117
14.70,-16.89,2129
11.19,-16.76,2141
17.42,-17.81,2152
15.65,-18.12,2163
8.44,-18.40,2174
15.80,-18.49,2186
15.71,-18.02,2197
13.78,-17.82,2209
17.13,-17.00,2221
11.00,-17.12,2232
14.06,-16.71,2243
18.91,-16.90,2254
13.58,-17.49,2266
13.00,-17.95,2277
12.51,-17.96,2289
12.31,-17.15,2300
16.59,-17.58,2312
17.03,-17.70,2323
10.16,-18.11,2334
13.90,-18.08,2345
15.92,-18.04,2357
13.70,-18.43,2369
14.24,-18.20,2380
10.80,-17.98,2392
13.51,-17.23,2403
18.46,-17.00,2414
17.41,-16.97,2425
11.02,-16.48,2437
13.11,-17.14,2449
13.93,-17.46,2460
11.47,-18.00,2471
16.39,-18.70,2483
10.83,-18.78,2494
9.60,-18.86,2505
17.77,-18.23,2516
14.92,-17.73,2529
14.96,-17.46,2540
15.76,-17.49,2551
11.20,-17.38,2563
14.00,-17.43,2574
16.59,-17.51,2585
13.93,-17.48,2596
13.21,-17.41,2609
13.44,-16.92,2620
15.64,-17.53,2631
15.25,-17.40,2642
14.00,-18.13,2654
13.49,-18.69,2665
11.05,-18.56,2676
16.07,-18.72,2689
16.37,-18.09,2700
13.44,-17.76,2711
14.36,-17.03,2722
14.81,-16.45,2734
16.05,-16.40,2745
15.20,-16.30,2756
13.04,-17.01,2768
12.34,-17.41,2780
12.57,-17.94,2791
15.34,-17.84,2802
14.99,-18.16,2813
11.29,-18.04,2825
12.99,-17.50,2836
18.39,-17.63,2848
15.90,-17.02,2860
14.98,-17.21,2871
13.51,-16.92,2882
6.24,-17.03,2893
19.37,-17.04,2905
19.26,-17.01,2916
9.46,-17.24,2928
17.06,-17.12,2939
11.35,-17.65,2951
12.97,-17.65,2962
22.04,-18.33,2973
7.79,-18.39,2984
8.42,-18.57,2996
19.77,-18.32,3008
13.16,-17.58,3019
16.46,-17.47,3031
18.43,-16.71,3042
6.05,-16.34,3053
20.32,-16.34,3064
19.81,-16.35,3076
8.08,-17.12,3088
15.25,-17.60,3099
9.18,-17.85,3110
14.96,-18.36,3122
21.78,-18.13,3133
9.25,-17.88,3144
13.90,-18.11,3155
15.12,-17.56,3168
11.98,-17.64,3179
19.84,-17.48,3190
12.26,-16.92,3202
9.07,-17.26,3213
18.37,-16.68,3224
15.00,-16.57,3235
13.94,-16.66,3248
17.21,-16.84,3259
11.67,-17.76,3270
15.20,-18.02,3281
14.30,-18.36,3293
10.41,-18.66,3304
14.82,-18.11,3315
13.57,-18.27,3328
16.68,-17.84,3339
18.78,-16.90,3350
10.66,-16.71,3361
17.19,-16.83,3373
17.06,-17.06,3384
8.82,-17.34,3395
16.58,-17.44,3407
14.87,-17.30,3419
8.46,-17.54,3430
19.62,-17.59,3441
14.44,-18.06,3452
9.48,-18.11,3464
17.48,-18.52,3475
11.45,-18.82,3487
13.27,-18.42,3499
16.78,-18.18,3510
12.86,-17.61,3521
13.03,-17.41,3532
16.46,-16.37,3544
17.46,-16.17,3555
13.79,-16.79,3567
14.03,-17.02,3578
11.65,-17.78,3590
13.46,-17.80,3601
14.20,-18.61,3612
14.30,-18.72,3623
13.00,-18.50,3635
11.38,-18.25,3647
18.41,-17.47,3658
16.10,-17.30,3670
14.27,-16.98,3681
15.27,-16.94,3692
10.03,-17.04,3703
16.56,-17.31,3715
16.11,-17.30,3727
10.84,-17.20,3738
13.73,-17.21,3749
15.42,-17.02,3761
17.38,-17.98,3772
15.06,-18.11,3783
10.72,-18.61,3794
12.04,-18.28,3807
16.01,-17.48,3818
17.00,-17.71,3829
12.69,-16.71,3841
14.53,-16.74,3852
15.69,-16.34,3863
15.38,-16.42,3874
16.87,-16.80,3887
11.63,-17.14,3898
9.79,-18.20,3909
13.41,-18.37,3920
15.87,-18.64,3932
14.15,-18.20,3943
11.14,-17.94,3954
15.18,-17.55,3966
14.96,-17.26,3978
15.37,-17.42,3989
17.20,-17.04,4000
11.37,-17.12,4012
10.63,-16.91,4023
18.74,-16.99,4034
15.00,-17.04,4046
10.89,-16.89,4058
14.46,-17.52,4069
12.77,-17.81,4080
13.92,-18.05,4091
16.22,-18.50,4103
10.40,-18.64,4114
9.65,-18.18,4126
19.50,-17.91,4137
16.18,-17.02,4149
14.92,-16.40,4160
18.50,-15.84,4171
11.52,-15.48,4183
17.54,-16.48,4194
18.58,-16.65,4206
9.64,-17.47,4217
11.34,-18.15,4229
15.08,-18.09,4240
15.12,-18.13,4251
15.40,-17.27,4262
12.55,-17.69,4274
13.84,-17.64,4286
18.32,-17.20,4297
17.58,-17.53,4308
13.32,-16.81,4320
11.40,-16.77,4331
14.84,-16.31,4342
16.57,-15.97,4354
17.87,-16.80,4366
14.99,-16.96,4377
9.58,-17.19,4388
17.97,-17.47,4400
16.77,-17.97,4411
11.40,-18.44,4422
15.23,-18.68,4433
9.82,-18.09,4446
13.79,-17.50,4457
19.62,-16.64,4468
12.39,-16.53,4480
12.40,-16.63,4491
15.65,-16.01,4502
15.57,-16.94,4513
14.76,-17.26,4526
12.67,-17.38,4537
10.11,-18.00,4548
14.35,-17.56,4559
17.21,-17.55,4571
13.85,-17.59,4582
16.11,-17.27,4593
13.28,-17.63,4605
13.02,-17.73,4617
18.09,-17.64,4628
12.06,-17.47,4639
12.21,-17.01,4651
16.19,-16.76,4662
13.78,-16.55,4673
16.81,-16.66,4685
14.50,-17.15,4697
12.22,-17.29,4708
13.89,-17.79,4719
14.42,-18.16,4730
10.80,-18.09,4742
14.75,-18.56,4753
11.58,-17.91,4765
13.19,-17.42,4776
20.50,-17.03,4788
12.38,-16.63,4799
11.97,-16.88,4810
15.26,-16.92,4822
10.76,-17.36,4833
13.96,-17.60,4845
16.30,-17.77,4856
8.91,-17.93,4868
13.37,-17.87,4879
18.92,-17.95,4890
12.05,-17.94,4901
15.97,-17.76,4913
12.11,-18.09,4925
9.00,-17.87,4936
18.66,-17.78,4947
15.07,-17.61,4959
10.62,-17.30,4970
14.29,-16.42,4981
14.92,-16.45,4993
15.55,-16.66,5005
16.09,-17.71,5016
10.15,-18.28,5027
9.98,-18.56,5039
15.56,-18.67,5050
15.50,-18.23,5061
15.83,-18.11,5072
12.43,-17.57,5085
13.43,-16.73,5096
18.79,-16.68,5107
15.26,-16.88,5118
13.70,-17.44,5130
11.70,-17.20,5141
11.28,-17.36,5152
19.48,-17.72,5165
14.58,-17.67,5176
12.85,-18.02,5187
15.60,-17.66,5198
12.72,-18.02,5210
17.94,-17.61,5221
14.03,-17.81,5232
5.75,-18.16,5244
15.93,-18.33,5256
17.12,-17.87,5267
11.24,-17.17,5278
18.93,-16.65,5289
9.89,-16.36,5301
10.16,-16.87,5312
24.30,-17.38,5324
11.24,-17.77,5336
9.59,-18.43,5347
15.05,-18.18,5358
11.28,-18.07,5369
18.16,-17.75,5381
19.18,-17.09,5392
9.05,-17.16,5404
13.69,-16.83,5415
17.11,-17.10,5427
13.65,-17.57,5438
15.37,-17.65,5449
9.73,-17.51,5460
11.97,-17.84,5472
21.03,-17.12,5484
14.25,-16.98,5495
15.82,-17.30,5507
13.63,-16.80,5518
10.26,-17.42,5529
20.86,-17.37,5540
14.57,-17.70,5552
8.41,-17.88,5564
14.48,-17.31,5575
12.01,-17.41,5586
17.52,-16.65,5598
17.53,-17.06,5609
10.69,-17.12,5620
13.62,-17.09,5632
15.79,-17.59,5644
13.42,-17.59,5655
13.53,-17.87,5666
11.46,-17.68,5678
11.15,-17.86,5689
18.22,-17.42,5700
16.79,-17.18,5711
12.08,-17.34,5724
14.90,-17.22,5735
12.32,-17.31,5746
13.79,-17.37,5757
18.09,-17.54,5769
10.63,-17.32,5780
13.01,-17.29,5791
19.08,-17.41,5804
13.79,-17.70,5815
15.75,-17.51,5826
13.98,-17.37,5837
10.18,-17.87,5849
13.54,-18.02,5860
15.75,-18.01,5871
14.75,-17.39,5883
11.36,-17.11,5895
15.41,-17.12,5906
17.14,-16.83,5917
14.64,-17.22,5928
14.69,-16.93,5940
10.78,-17.31,5951
11.06,-17.75,5963
14.99,-17.48,5975
16.62,-18.32,5986
12.47,-17.91,5997
11.37,-17.82,6008
17.50,-17.50,6020
16.34,-17.79,6031
14.81,-18.10,6043
14.05,-17.80,6054
9.76,-17.73,6066
14.90,-17.57,6077
20.43,-17.50,6088
13.52,-17.18,6099
11.58,-16.84,6111
15.21,-16.91,6123
16.98,-17.29,6134
15.95,-18.14,6146
12.43,-18.27,6157
10.51,-18.38,6168
12.39,-18.22,6179
18.25,-18.14,6191
14.75,-17.77,6203
11.21,-17.54,6214
13.31,-16.90,6225
14.90,-16.81,6237
17.87,-17.45,6248
13.58,-17.21,6259
8.86,-17.56,6270
12.50,-17.43,6283
17.14,-17.71,6294
16.86,-17.64,6305
14.99,-17.60,6317
10.82,-18.02,6328
14.22,-16.92,6339
20.81,-17.67,6350
11.46,-17.54,6363
8.68,-17.61,6374
15.47,-17.83,6385
14.53,-16.90,6396
18.37,-17.16,6408
16.73,-16.55,6419
10.07,-16.94,6430
15.47,-16.71,6443
18.33,-17.21,6454
15.48,-17.70,6465
11.49,-17.58,6476
11.07,-17.97,6488
14.08,-17.69,6499
19.23,-17.84,6510
16.19,-17.46,6522
11.11,-17.27,6534
15.54,-16.99,6545
12.48,-16.79,6556
17.26,-17.39,6567
15.91,-17.17,6579
5.60,-17.66,6590
17.07,-17.11,6602
15.58,-16.92,6614
13.25,-17.02,6625
18.69,-16.84,6636
10.82,-17.20,6647
11.53,-17.24,6659
18.73,-17.98,6670
13.01,-17.80,6682
10.11,-17.58,6693
14.82,-17.51,6705
14.56,-16.91,6716
17.51,-17.09,6727
17.22,-16.89,6738
11.14,-16.87,6750
12.94,-17.66,6762
15.40,-18.06,6773
15.43,-18.25,6785
12.75,-18.11,6796
11.28,-18.38,6807
14.21,-17.68,6818
17.49,-17.01,6830
14.44,-17.03,6842
17.99,-17.14,6853
11.79,-17.33,6864
11.70,-17.26,6876
21.60,-17.38,6887
12.05,-17.57,6898
13.09,-17.59,6909
17.16,-17.25,6922
11.95,-16.98,6933
17.40,-16.73,6944
16.41,-17.13,6956
10.17,-17.80,6967
12.94,-17.70,6978
15.38,-18.02,6989
12.23,-17.60,7002
16.43,-17.51,7013
12.82,-17.29,7024
11.69,-16.95,7035
21.72,-17.23,7047
13.34,-17.03,7058
12.30,-17.67,7069
16.81,-17.54,7081
8.14,-18.13,7093
15.45,-18.44,7104
17.24,-17.58,7115
9.43,-17.98,7127
15.89,-17.44,7138
15.51,-17.28,7149
14.11,-17.06,7161
17.44,-17.33,7173
9.78,-17.90,7184
12.25,-17.42,7195
19.18,-17.57,7206
13.46,-17.48,7218
14.01,-17.38,7229
14.74,-17.30,7241
11.64,-17.36,7252
18.67,-17.36,7264
17.89,-17.49,7275
8.73,-17.81,7286
12.32,-17.81,7298
15.03,-17.96,7309
15.43,-17.37,7321
16.14,-17.36,7332
13.13,-17.18,7344
11.63,-16.63,7355
19.14,-16.66,7366
18.50,-17.00,7377
10.17,-17.89,7389
11.06,-17.96,7401
11.46,-17.93,7412
15.99,-17.84,7424
17.48,-17.39,7435
12.47,-17.66,7446
10.45,-17.15,7457
15.05,-17.22,7469
21.61,-17.61,7481
14.18,-18.18,7492
7.82,-17.91,7503
12.84,-17.48,7515
15.21,-17.37,7526
16.69,-17.15,7537
18.40,-17.30,7548
9.58,-17.28,7561
10.64,-17.74,7572
22.70,-18.01,7583
13.67,-18.60,7595
8.79,-18.34,7606
13.31,-17.91,7617
12.96,-17.85,7628
18.05,-17.14,7641
19.71,-16.84,7652
9.99,-17.22,7663
10.71,-17.17,7674
18.80,-17.51,7686
12.70,-17.83,7697
14.46,-18.09,7708
12.13,-17.87,7720
10.72,-17.59,7732
18.92,-17.43,7743
18.20,-17.28,7754
14.04,-17.45,7766
11.81,-17.30,7777
12.03,-17.31,7789
17.88,-17.21,7800
14.74,-18.04,7812
12.72,-17.42,7823
13.35,-17.24,7834
14.27,-17.17,7845
17.41,-16.62,7857
16.23,-17.47,7869
13.07,-17.41,7880
11.92,-18.05,7891
13.94,-18.29,7903
13.25,-18.03,7914
14.03,-18.02,7925
12.33,-17.26,7937
11.41,-17.48,7949
18.00,-17.18,7960
14.84,-17.03,7971
12.80,-17.56,7983
12.30,-17.74,7994
7.67,-18.10,8005
15.47,-18.09,8016
17.66,-18.11,8029
10.23,-18.34,8040
13.07,-17.60,8051
15.89,-17.08,8062
12.18,-16.87,8074
17.62,-17.21,8085
13.07,-17.49,8096
8.56,-17.81,8109
16.48,-17.40,8120
15.09,-17.63,8131
14.62,-17.55,8142
14.66,-17.55,8154
13.57,-17.83,8165
16.35,-17.17,8176
17.34,-17.55,8188
12.92,-17.28,8200
9.92,-17.58,8211
13.20,-17.83,8222
13.22,-17.31,8233
16.96,-17.42,8245
14.40,-16.54,8256
10.94,-16.50,8268
16.24,-16.42,8280
14.66,-17.15,8291
14.67,-17.72,8302
13.08,-17.72,8313
8.99,-17.96,8325
13.74,-17.67,8336
17.74,-17.76,8348
14.16,-17.60,8359
15.43,-17.32,8371
15.10,-17.11,8382
13.97,-17.01,8393
19.57,-17.41,8404
13.82,-17.33,8416
7.57,-17.51,8428
16.28,-17.25,8439
15.72,-16.88,8451
14.87,-16.76,8462
16.08,-16.91,8473
9.05,-17.50,8484
15.59,-17.16,8496
19.36,-17.90,8508
9.86,-18.08,8519
12.31,-18.10,8530
14.75,-17.72,8542
12.07,-17.39,8553
20.82,-17.22,8564
17.24,-16.50,8576
6.68,-17.08,8588
16.81,-16.74,8599
15.88,-17.26,8610
11.01,-17.50,8622
18.73,-17.86,8633
11.13,-18.02,8644
9.57,-17.21,8655
21.22,-17.20,8667
14.27,-16.62,8679
13.43,-16.81,8690
18.30,-16.67,8701
9.93,-17.20,8713
19.01,-17.61,8724
16.15,-17.18,8735
9.00,-17.69,8748
18.07,-16.88,8759
13.32,-16.70,8770
16.77,-17.15,8781
18.56,-16.88,8793
9.40,-17.66,8804
14.30,-17.74,8815
15.58,-18.25,8827
12.56,-18.41,8839
15.33,-17.49,8850
15.13,-17.20,8861
11.91,-17.17,8872
18.46,-16.97,8884
17.38,-17.38,8895
14.07,-17.48,8907
15.94,-17.58,8919
8.67,-18.01,8930
12.40,-17.81,8941
17.18,-17.81,8952
11.65,-17.28,8964
14.06,-16.73,8975
15.40,-17.03,8986
12.54,-16.92,8998
17.34,-17.14,9010
13.25,-17.38,9021
11.26,-17.71,9032
15.08,-18.09,9043
12.69,-17.48,9055
14.76,-17.73,9066
13.97,-17.49,9078
13.34,-17.16,9090
15.34,-17.74,9101
14.58,-17.53,9112
13.57,-18.27,9123
13.87,-17.95,9135
12.04,-17.81,9146
13.49,-17.65,9158
15.78,-17.36,9169
12.06,-17.17,9181
15.76,-16.87,9192
14.03,-17.18,9203
13.28,-17.30,9214
15.00,-17.97,9226
11.00,-18.11,9238
11.78,-18.21,9249
14.45,-17.83,9261
13.38,-17.32,9272
14.55,-17.40,9283
14.29,-17.04,9294
13.69,-17.18,9306
16.62,-17.07,9318
14.19,-17.57,9329
11.85,-17.73,9340
12.07,-18.06,9352
13.23,-18.12,9363
14.20,-17.51,9374
14.21,-17.53,9385
14.00,-16.97,9398
13.36,-17.21,9409
15.26,-17.61,9420
14.07,-17.60,9432
11.06,-17.76,9443
13.10,-17.71,9454
14.60,-17.91,9465
15.47,-17.27,9478
14.92,-17.07,9489
16.03,-16.99,9500
14.20,-16.91,9511
13.78,-17.20,9523
17.88,-17.56,9534
12.25,-17.98,9545
9.61,-17.77,9558
18.52,-17.53,9569
14.11,-17.24,9580
13.67,-17.08,9591
18.93,-17.07,9603
10.39,-16.82,9614
16.32,-17.21,9625
19.13,-17.45,9637
7.44,-18.03,9649
14.45,-17.95,9660
17.19,-17.57,9671
10.90,-17.30,9682
19.65,-16.62,9694
16.83,-16.68,9705
7.98,-16.56,9717
20.15,-16.64,9729
17.30,-16.81,9740
9.20,-17.05,9751
17.62,-17.24,9762
13.11,-17.24,9774
13.38,-17.17,9785
22.45,-17.06,9797
12.69,-17.40,9808
12.73,-17.05,9820
17.03,-16.99,9831
13.15,-17.50,9842
13.72,-17.39,9853
12.79,-17.70,9865
12.41,-17.36,9877
16.40,-17.29,9888
16.77,-16.86,9900
17.23,-16.72,9911
13.55,-17.20,9922
13.26,-16.66,9933
17.20,-17.47,9945
14.48,-17.85,9957
11.33,-18.16,9968
15.68,-17.73,9979
14.31,-17.45,9991
13.17,-17.32,10002
16.87,-17.11,10013
15.53,-17.28,10024
13.18,-16.85,10037
15.95,-17.48,10048
16.46,-17.43,10059
10.63,-17.32,10071
16.92,-17.42,10082
14.91,-16.99,10093
10.27,-17.45,10104
20.60,-16.99,10117
14.07,-17.57,10128
10.57,-17.87,10139
17.91,-17.18,10150
10.81,-17.90,10162
11.66,-17.52,10173
16.49,-17.60,10184
11.98,-17.61,10196
13.58,-17.15,10208
19.69,-16.83,10219
12.29,-16.62,10230
14.76,-17.37,10242
15.92,-17.65,10253
9.48,-17.91,10264
14.27,-18.07,10276
15.46,-17.86,10288
12.05,-17.38,10299
15.57,-17.35,10310
15.93,-17.45,10321
13.27,-16.89,10333
15.03,-17.46,10344
13.16,-17.46,10356
11.67,-18.22,10368
15.86,-18.02,10379
10.93,-17.78,10390
16.89,-17.68,10401
16.20,-16.80,10413
9.49,-17.14,10424
20.41,-16.99,10436
12.05,-17.29,10447
10.36,-17.56,10459
17.47,-17.63,10470
7.25,-18.23,10481
14.66,-17.82,10492
18.70,-17.70,10504
9.92,-17.40,10516
16.16,-17.00,10527
16.42,-17.09,10539
11.68,-17.01,10550
16.66,-17.42,10561
14.66,-17.60,10572
9.75,-18.12,10584
16.70,-17.55,10596
12.91,-17.57,10607
11.57,-17.27,10618
19.12,-17.40,10630
11.40,-17.59,10641
14.38,-17.64,10652
16.32,-17.89,10663
8.93,-17.82,10676
16.15,-18.02,10687
16.42,-17.50,10698
10.64,-17.14,10710
18.10,-16.88,10721
16.42,-16.81,10732
12.71,-16.98,10743
18.59,-17.00,10756
13.33,-17.98,10767
9.70,-18.51,10778
16.67,-18.04,10789
14.21,-17.99,10801
11.54,-17.69,10812
18.12,-17.44,10823
13.86,-17.29,10835
13.48,-17.03,10847
19.62,-17.18,10858
14.63,-17.31,10869
9.35,-17.38,10881
14.98,-17.24,10892
18.54,-17.45,10903
11.86,-17.09,10915
16.96,-17.45,10927
16.71,-16.92,10938
9.57,-16.86,10949
20.36,-17.35,10960
16.16,-17.23,10972
7.77,-17.87,10983
16.93,-17.70,10995
14.36,-17.47,11006
15.21,-17.34,11018
21.71,-16.86,11029
11.96,-16.81,11040
13.63,-16.65,11052
20.20,-16.84,11063
10.98,-17.38,11075
15.88,-17.57,11086
13.41,-17.68,11098
8.32,-17.91,11109
20.50,-17.45,11120
15.09,-17.43,11131
11.75,-17.42,11143
18.80,-17.14,11155
11.42,-17.74,11166
13.49,-17.64,11177
19.04,-17.78,11189
7.11,-17.67,11200
12.91,-17.46,11211
20.93,-17.10,11223
11.68,-16.94,11235
17.15,-17.27,11246
15.15,-17.04,11257
7.99,-17.21,11269
17.74,-17.70,11280
14.68,-18.21,11291
9.38,-18.23,11302
16.19,-17.46,11315
12.98,-17.07,11326
13.46,-17.03,11337
19.83,-17.09,11348
10.94,-17.29,11360
14.36,-17.47,11371
15.96,-17.66,11382
8.26,-17.86,11395
18.39,-17.97,11406
11.79,-17.62,11417
7.41,-17.41,11428
20.51,-17.05,11440
13.13,-16.83,11451
12.18,-17.10,11462
16.29,-16.81,11474
10.30,-17.32,11486
13.53,-17.50,11497
16.39,-17.59,11508
14.04,-17.74,11520
10.77,-17.24,11531
16.09,-17.30,11542
16.99,-17.37,11554
14.78,-17.41,11566
13.66,-17.38,11577
10.95,-17.73,11588
15.21,-17.68,11599
14.54,-17.69,11611
16.26,-17.51,11622
15.18,-17.01,11634
12.05,-16.81,11645
16.07,-16.40,11657
17.36,-16.69,11668
16.45,-17.38,11679
10.24,-17.37,11691
10.31,-17.79,11702
16.09,-17.74,11714
13.81,-17.90,11725
14.93,-17.71,11737
12.97,-17.67,11748
10.81,-17.39,11759
16.66,-17.09,11770
17.45,-17.58,11782
10.74,-17.43,11794
12.31,-17.38,11805
12.14,-17.64,11816
15.81,-17.27,11828
17.57,-17.09,11839
13.49,-16.88,11850
14.37,-16.42,11862
13.62,-17.02,11874
17.94,-17.22,11885
16.26,-17.71,11896
8.87,-17.82,11908
10.40,-17.55,11919
17.43,-17.47,11930
16.14,-17.20,11941
14.70,-17.23,11954
17.07,-17.29,11965
8.06,-17.04,11976
18.53,-17.16,11987
20.66,-17.35,11999
6.30,-17.51,12010
12.36,-17.47,12021
14.35,-17.24,12034
13.60,-17.12,12045
19.43,-17.22,12056
14.67,-17.37,12067
10.05,-17.42,12079
17.59,-17.18,12090
15.69,-17.59,12101
11.64,-17.61,12113
14.66,-17.47,12125
9.46,-17.38,12136
15.16,-16.85,12147
21.37,-16.95,12158
11.28,-17.00,12170
14.21,-16.95,12181
15.90,-17.23,12193
10.65,-17.62,12205
17.91,-17.77,12216
13.60,-17.89,12227
6.65,-17.65,12238
18.96,-17.11,12250
17.06,-17.17,12261
12.60,-17.31,12273
19.40,-17.09,12284
9.19,-17.30,12296
15.21,-17.73,12307
19.72,-18.09,12318
7.90,-18.00,12329
14.78,-17.78,12341
14.27,-17.58,12353
13.57,-17.02,12364
20.76,-17.22,12376
15.83,-17.15,12387
10.50,-17.56,12398
14.86,-17.96,12409
14.82,-17.91,12421
12.87,-17.64,12433
16.34,-17.42,12444
11.20,-16.92,12455
15.82,-17.27,12467
21.39,-17.35,12478
12.90,-17.07,12489
14.32,-17.56,12500
13.38,-17.39,12513
9.49,-18.04,12524
17.43,-17.83,12535
16.58,-17.74,12547
8.25,-17.76,12558
15.32,-17.29,12569
19.20,-17.48,12580
12.96,-17.51,12593
15.77,-17.90,12604
11.90,-17.55,12615
10.29,-17.61,12626
17.45,-17.77,12638
15.53,-17.62,12649
10.98,-17.38,12660
14.25,-17.17,12673
16.27,-17.07,12684
16.27,-17.19,12695
18.05,-17.60,12706
12.55,-18.00,12718
7.34,-18.15,12729
15.38,-17.73,12740
17.12,-17.66,12752
13.73,-17.37,12764
14.90,-16.87,12775
13.95,-17.08,12786
15.81,-17.23,12797
18.34,-17.65,12809
12.61,-18.35,12820
7.25,-18.06,12832
16.37,-17.79,12844
16.31,-17.43,12855
13.60,-16.87,12866
15.47,-17.10,12877
11.30,-17.02,12889
15.89,-17.43,12900
19.19,-17.63,12912
13.14,-17.84,12923
10.49,-17.95,12935
12.36,-17.58,12946
16.34,-17.52,12957
17.18,-17.15,12968
15.92,-16.86,12980
10.23,-16.81,12992
16.46,-17.29,13003
18.25,-17.63,13015
13.61,-18.06,13026
13.91,-17.90,13037
8.89,-17.38,13048
16.43,-17.22,13060
19.14,-16.88,13072
12.38,-16.73,13083
16.13,-16.59,13094
11.93,-17.01,13106
14.47,-17.34,13117
18.99,-17.35,13128
8.30,-17.85,13139
10.63,-17.65,13152
16.00,-17.38,13163
13.20,-16.83,13174
19.23,-16.75,13186
15.42,-17.12,13197
8.92,-17.26,13208
17.55,-17.32,13219
14.77,-17.52,13232
12.16,-17.86,13243
15.79,-17.55,13254
11.35,-17.32,13265
12.78,-17.28,13277
20.04,-16.86,13288
14.16,-17.05,13299
12.45,-17.06,13312
15.89,-17.77,13323
10.96,-17.13,13334
13.56,-17.71,13345
16.82,-17.76,13357
11.68,-17.30,13368
14.88,-17.13,13379
16.13,-16.62,13391
15.39,-16.91,13403
17.72,-17.22,13414
11.71,-17.47,13425
14.83,-17.83,13436
14.35,-17.74,13448
11.98,-17.78,13459
16.45,-17.67,13471
12.48,-17.39,13483
12.61,-16.73,13494
17.06,-16.71,13505
15.21,-17.06,13516
12.74,-17.52,13528
13.41,-17.92,13539
12.51,-17.73,13551
13.39,-17.64,13562
18.86,-17.43,13574
12.30,-17.56,13585
13.06,-17.17,13596
18.73,-17.25,13607
13.83,-18.07,13619
14.99,-17.65,13631
12.34,-18.20,13642
10.02,-18.23,13654
14.03,-17.44,13665
16.07,-17.15,13676
14.12,-16.82,13687
12.96,-17.43,13699
15.72,-17.09,13711
14.18,-17.43,13722
13.41,-17.82,13733
13.32,-18.09,13745
8.89,-18.48,13756
13.44,-17.85,13767
16.88,-17.80,13778
12.06,-17.15,13791
16.89,-16.52,13802
15.71,-16.40,13813
13.30,-16.53,13825
19.00,-16.87,13836
13.51,-17.29,13847
8.09,-17.84,13858
14.19,-17.59,13871
14.80,-17.67,13882
13.77,-17.29,13893
16.92,-17.38,13904
11.62,-17.40,13916
13.86,-17.43,13927
19.18,-17.95,13938
10.06,-17.78,13950
12.45,-17.78,13962
15.23,-17.10,13973
11.86,-17.06,13984
17.67,-17.21,13996
16.91,-17.40,14007
10.47,-17.55,14018
15.19,-17.05,14030
15.76,-17.89,14042
12.30,-18.12,14053
13.08,-18.67,14064
14.28,-18.00,14075
14.54,-17.51,14087
16.24,-17.53,14098
16.16,-16.79,14110
11.83,-16.98,14121
16.84,-17.17,14133
16.24,-17.15,14144
11.35,-17.47,14155
13.81,-17.60,14167
12.68,-17.63,14178
15.55,-17.50,14190
14.58,-17.39,14201
14.53,-17.22,14213
15.90,-17.66,14224
12.56,-17.57,14235
15.41,-17.77,14246
14.38,-17.80,14258
9.42,-17.29,14270
17.76,-17.33,14281
15.98,-17.28,14292
12.50,-17.64,14304
19.40,-17.31,14315
12.49,-16.86,14326
14.35,-17.69,14338
18.71,-17.85,14350
9.53,-18.65,14361
14.42,-18.23,14372
15.23,-18.00,14384
9.83,-17.49,14395
18.92,-16.75,14406
17.51,-17.04,14417
9.10,-16.46,14430
19.91,-16.86,14441
15.62,-17.17,14452
8.90,-17.25,14464
19.82,-17.54,14475
10.45,-17.50,14486
11.73,-17.33,14497
21.89,-16.77,14510
10.29,-17.17,14521
16.50,-17.09,14532
17.01,-17.25,14543
8.42,-17.68,14555
17.98,-17.24,14566
10.88,-18.07,14577
9.20,-17.43,14589
19.12,-16.87,14601
10.47,-16.69,14612
17.01,-16.34,14623
19.90,-16.44,14635
7.74,-16.91,14646
16.52,-17.46,14657
16.44,-17.89,14669
6.87,-18.33,14681
17.16,-17.93,14692
13.91,-18.13,14703
8.84,-17.67,14714
22.86,-16.84,14726
15.14,-16.98,14737
14.08,-16.74,14749
16.58,-17.25,14760
9.63,-17.28,14772
16.56,-17.79,14783
16.15,-17.84,14794
11.84,-17.41,14806
14.86,-17.26,14817
11.65,-16.97,14829
13.56,-17.47,14840
18.47,-17.88,14852
11.66,-18.10,14863
12.32,-18.08,14874
14.73,-17.91,14885
10.25,-17.54,14897
18.09,-16.97,14909
14.23,-17.17,14920
9.74,-17.21,14931
19.31,-17.07,14943
13.64,-17.95,14954
12.94,-18.48,14965
16.58,-18.25,14977
6.88,-18.37,14989
17.68,-17.62,15000
17.32,-17.21,15011
10.02,-16.77,15023
18.81,-16.59,15034
13.16,-16.54,15045
14.45,-16.82,15056
19.64,-16.99,15069
9.09,-17.78,15080
10.64,-17.95,15091
16.34,-17.96,15102
11.49,-17.84,15114
15.44,-17.49,15125
15.77,-17.45,15136
9.21,-17.14,15149
17.33,-17.89,15160
15.55,-17.85,15171
9.30,-18.03,15182
15.02,-17.53,15194
11.40,-17.13,15205
15.34,-17.08,15216
19.56,-16.55,15228
11.24,-16.99,15240
15.34,-17.22,15251
17.40,-17.91,15262
11.35,-17.92,15273
14.80,-18.33,15285
12.99,-18.50,15296
9.56,-18.06,15308
16.37,-17.97,15320
15.44,-17.09,15331
13.09,-16.94,15342
14.85,-16.68,15353
14.09,-16.82,15365
17.04,-17.01,15376
13.43,-17.54,15388
12.10,-17.89,15399
14.21,-17.58,15411
12.84,-17.86,15422
15.72,-17.65,15433
17.35,-17.53,15444
12.94,-17.76,15456
14.22,-17.85,15468
14.36,-18.10,15479
12.90,-17.97,15491
14.44,-17.87,15502
14.04,-17.39,15513
12.56,-17.21,15524
17.01,-17.18,15536
13.80,-16.89,15548
15.17,-17.45,15559
15.36,-17.37,15570
10.37,-18.12,15582
16.65,-18.52,15593
12.16,-18.37,15604
12.75,-18.28,15616
18.90,-17.31,15628
9.73,-17.16,15639
16.70,-17.07,15650
20.79,-16.76,15662
9.67,-16.92,15673
15.39,-16.39,15684
15.94,-17.07,15695
8.15,-17.50,15708
17.14,-17.28,15719
15.22,-17.70,15730
10.28,-17.78,15741
15.85,-17.89,15753
15.93,-17.99,15764
15.31,-18.19,15775
14.58,-18.05,15788
10.73,-17.97,15799
13.22,-17.18,15810
16.55,-16.73,15821
15.14,-16.45,15833
16.87,-16.19,15844
14.80,-16.24,15855
11.49,-16.11,15867
18.98,-17.23,15879
12.99,-17.76,15890
10.53,-17.81,15901
14.01,-18.69,15912
12.38,-18.24,15924
15.98,-17.61,15935
14.29,-17.27,15947
13.25,-16.98,15959
15.21,-16.84,15970
19.38,-16.64,15981
14.19,-17.22,15992
10.14,-17.05,16004
14.62,-16.66,16015
10.44,-16.56,16027
18.28,-16.85,16038
17.28,-17.15,16050
11.45,-17.38,16061
15.41,-17.49,16072
14.90,-17.80,16083
14.57,-18.03,16095
14.78,-17.79,16107
13.15,-17.82,16118
14.56,-17.21,16130
17.60,-16.80,16141
17.45,-16.36,16152
16.00,-16.13,16163
17.06,-15.96,16175
14.26,-16.38,16187
16.21,-17.66,16198
13.85,-18.20,16209
8.87,-18.33,16221
15.23,-17.90,16232
13.80,-17.96,16243
15.30,-17.52,16254
17.12,-17.31,16267
11.92,-16.97,16278
13.96,-16.75,16289
17.94,-16.64,16301
14.37,-16.59,16312
11.68,-17.04,16323
17.55,-16.61,16334
13.46,-16.46,16347
14.78,-16.85,16358
18.55,-17.00,16369
11.47,-17.93,16380
15.15,-18.05,16392
16.21,-18.23,16403
11.91,-18.95,16414
13.44,-18.09,16427
13.65,-17.75,16438
12.06,-17.14,16449
17.53,-16.64,16460
18.12,-16.56,16472
12.48,-16.09,16483
17.29,-16.43,16494
13.53,-17.08,16506
12.81,-17.78,16518
14.90,-17.72,16529
11.40,-18.04,16540
13.99,-17.79,16551
13.80,-17.84,16563
14.67,-17.67,16574
14.71,-17.22,16586
14.06,-17.73,16598
13.41,-16.89,16609
11.68,-17.38,16620
15.85,-16.64,16631
14.90,-16.42,16643
13.80,-16.66,16655
15.07,-16.25,16666
13.31,-16.80,16677
17.29,-16.92,16689
13.42,-17.94,16700
12.36,-18.59,16711
13.12,-18.37,16722
9.61,-18.50,16734
17.31,-17.59,16746
15.22,-17.34,16757
11.68,-16.59,16769
18.45,-16.04,16780
14.99,-16.41,16791
14.88,-16.46,16802
14.18,-17.28,16815
11.63,-17.30,16826
12.55,-17.58,16837
13.91,-17.51,16848
14.96,-17.47,16860
12.86,-17.51,16871
14.59,-17.26,16882
14.90,-17.58,16894
14.06,-17.72,16906
14.34,-17.93,16917
10.86,-17.37,16928
12.13,-17.47,16940
14.94,-16.63,16951
13.96,-16.53,16962
13.38,-16.51,16974
14.60,-16.54,16986
15.08,-17.28,16997
15.52,-17.61,17008
14.78,-18.23,17019
10.96,-18.17,17031
10.74,-17.81,17042
15.10,-17.94,17054
14.49,-17.78,17065
13.58,-17.47,17077
16.12,-16.74,17088
13.78,-16.43,17099
16.15,-17.23,17111
17.89,-17.47,17122
9.71,-17.63,17134
10.29,-17.57,17145
16.76,-17.55,17157
13.06,-17.65,17168
16.02,-17.67,17179
14.98,-17.64,17190
10.32,-17.83,17202
18.11,-17.85,17214
16.38,-17.88,17225
11.27,-18.17,17236
14.84,-17.53,17248
13.68,-17.39,17259
15.02,-16.80,17270
18.25,-16.74,17282
15.92,-16.89,17294
12.85,-17.05,17305
13.14,-17.67,17316
13.97,-18.18,17328
13.89,-18.45,17339
10.87,-18.06,17350
11.74,-17.72,17361
15.09,-16.80,17374
15.89,-16.57,17385
16.89,-17.06,17396
13.43,-17.19,17408
14.61,-17.69,17419
14.71,-17.59,17430
13.32,-17.93,17441
15.78,-18.00,17454
12.21,-17.60,17465
12.33,-17.67,17476
17.84,-17.43,17487
16.10,-17.75,17499
11.82,-17.53,17510
16.86,-18.06,17521
13.10,-18.24,17533
10.32,-17.75,17545
19.88,-17.54,17556
13.89,-16.92,17567
10.80,-16.95,17579
21.21,-16.68,17590
12.65,-16.92,17601
13.60,-17.24,17613
15.23,-17.38,17625
9.14,-18.00,17636
15.44,-18.04,17647
15.23,-18.40,17658
12.77,-18.05,17670
13.00,-17.50,17681
15.24,-17.34,17693
16.64,-16.93,17704
17.44,-17.25,17716
15.16,-17.31,17727
10.34,-17.29,17738
14.33,-17.02,17750
13.82,-17.06,17761
14.48,-17.30,17773
16.78,-17.14,17784
11.81,-17.45,17796
16.54,-17.53,17807
18.20,-17.68,17818
12.55,-17.43,17829
13.69,-17.68,17841
14.58,-17.76,17853
12.32,-17.17,17864
16.17,-16.89,17875
16.97,-16.51,17887
14.24,-16.64,17898
15.56,-16.56,17909
15.46,-17.01,17921
14.43,-17.83,17933
12.02,-17.94,17944
13.03,-18.32,17955
12.87,-18.43,17967
14.99,-17.88,17978
15.95,-17.44,17989
15.10,-16.91,18000
14.80,-16.44,18013
13.52,-16.62,18024
16.81,-16.95,18035
13.40,-17.40,18046
12.90,-18.11,18058
14.69,-17.97,18069
12.16,-17.99,18080
15.68,-17.76,18093
14.21,-17.25,18104
11.87,-17.50,18115
15.27,-17.34,18126
16.64,-18.01,18138
13.95,-17.78,18149
12.25,-17.43,18160
13.35,-17.62,18172
13.28,-17.20,18184
15.56,-16.89,18195
17.41,-16.41,18206
14.23,-16.81,18217
13.05,-16.94,18229
14.75,-17.44,18240
14.68,-18.10,18252
9.66,-18.13,18264
12.46,-18.28,18275
16.77,-17.76,18286
12.07,-17.51,18297
17.24,-17.60,18309
17.89,-17.21,18320
9.57,-17.23,18332
16.63,-17.28,18343
15.89,-17.39,18355
10.12,-17.47,18366
16.11,-17.31,18377
14.58,-17.29,18388
11.92,-17.10,18400
18.88,-17.45,18412
14.60,-17.75,18423
12.84,-17.90,18435
16.03,-18.21,18446
12.29,-18.48,18457
13.80,-18.19,18468
16.74,-17.54,18480
11.84,-17.38,18492
13.16,-16.44,18503
18.32,-16.20,18514
13.12,-16.64,18526
18.37,-16.73,18537
15.07,-17.32,18548
8.30,-17.47,18560
16.55,-18.00,18572
14.26,-17.93,18583
12.10,-17.91,18594
12.97,-17.73,18606
13.40,-17.46,18617
16.05,-16.98,18628
15.14,-17.53,18639
14.90,-17.69,18652
13.01,-17.31,18663
13.19,-17.30,18674
14.23,-17.05,18685
17.17,-17.14,18697
12.26,-16.92,18708
12.13,-16.79,18719
18.02,-16.91,18732
15.12,-17.75,18743
15.58,-18.11,18754
11.64,-18.32,18765
8.86,-18.14,18777
15.12,-17.82,18788
15.84,-17.64,18799
15.90,-16.77,18811
12.53,-16.02,18823
14.00,-15.89,18834
19.39,-16.40,18845
15.93,-17.34,18856
13.75,-17.75,18868
11.79,-17.96,18879
11.68,-17.73,18891
16.57,-17.75,18903
16.68,-17.95,18914
11.82,-17.58,18925
14.42,-17.87,18936
17.27,-17.54,18948
14.69,-17.26,18959
15.89,-17.84,18971
10.68,-17.34,18982
13.12,-16.91,18994
19.10,-16.38,19005
15.61,-16.39,19016
16.06,-16.66,19027
12.91,-17.02,19039
14.40,-17.28,19051
18.38,-17.84,19062
13.82,-18.36,19074
10.11,-18.49,19085
13.79,-18.30,19096
14.10,-17.59,19107
15.22,-17.39,19119
18.99,-16.88,19131
9.53,-16.58,19142
13.63,-16.81,19153
21.06,-16.83,19165
10.88,-17.33,19176
14.12,-17.42,19187
11.65,-17.59,19198
10.29,-17.19,19211
19.20,-17.32,19222
15.36,-18.06,19233
11.00,-17.71,19245
14.70,-17.96,19256
14.15,-17.82,19267
13.97,-17.73,19278
15.63,-17.72,19291
9.91,-16.91,19302
13.68,-16.74,19313
16.46,-16.71,19324
14.70,-16.71,19336
16.70,-16.67,19347
11.92,-17.35,19358
12.58,-17.85,19371
15.18,-18.23,19382
12.08,-18.55,19393
13.05,-18.63,19404
13.22,-18.02,19416
12.67,-17.49,19427
17.68,-17.19,19438
16.06,-17.22,19450
12.69,-17.30,19462
17.04,-17.26,19473
12.74,-16.95,19484
12.79,-17.26,19495
17.90,-17.48,19507
11.79,-17.96,19518
13.09,-17.65,19530
16.31,-17.56,19542
12.43,-18.24,19553
15.09,-18.21,19564
15.65,-18.42,19575
10.33,-18.09,19587
11.42,-18.16,19598
15.70,-17.72,19610
15.06,-17.29,19621
15.68,-16.76,19633
15.45,-16.29,19644
13.54,-16.61,19655
15.17,-16.97,19666
13.08,-17.57,19678
11.65,-18.17,19690
9.31,-18.68,19701
11.40,-18.57,19713
14.53,-18.29,19724
12.91,-17.97,19735
15.26,-17.84,19746
16.00,-17.52,19758
16.24,-17.44,19770
14.35,-17.16,19781
15.13,-17.42,19792
10.45,-17.20,19804
13.13,-17.22,19815
19.92,-17.05,19826
10.13,-17.20,19837
16.34,-17.21,19850
16.89,-17.51,19861
10.47,-18.10,19872
18.83,-18.20,19884
11.71,-18.53,19895
7.90,-17.85,19906
15.70,-17.54,19917
15.96,-17.38,19930
14.37,-16.76,19941
17.25,-16.42,19952
13.99,-16.17,19963
12.73,-16.77,19975
18.33,-17.32,19986
12.55,-17.96,19997
9.15,-18.17,20009
16.03,-17.94,20021
12.84,-18.08,20032
14.19,-17.73,20043
17.38,-17.70,20055
11.93,-17.39,20066
15.74,-17.52,20077
18.79,-17.63,20089
12.58,-17.34,20101
13.10,-16.82,20112
12.68,-16.01,20123
13.24,-16.80,20134
17.74,-16.58,20146
14.79,-16.79,20157
13.84,-17.42,20169
16.71,-17.43,20180
13.05,-18.15,20192
14.49,-18.27,20203
14.34,-18.20,20214
11.70,-17.59,20226
15.40,-17.08,20237
17.55,-16.55,20249
14.23,-16.16,20260
15.73,-16.72,20272
17.46,-17.06,20283
12.15,-17.43,20294
14.23,-17.57,20305
15.23,-17.96,20317
9.24,-18.05,20329
14.07,-17.98,20340
16.90,-18.03,20352
15.88,-17.52,20363
14.57,-17.70,20374
16.13,-17.34,20385
13.79,-17.53,20397
12.95,-17.60,20409
15.57,-17.06,20420
12.27,-17.12,20431
13.73,-16.47,20443
15.71,-17.03,20454
15.56,-16.94,20465
15.41,-17.09,20476
11.45,-17.75,20489
14.99,-17.93,20500
13.49,-18.40,20511
12.29,-18.17,20523
14.80,-18.24,20534
14.18,-17.68,20545
11.73,-16.96,20556
19.34,-17.11,20569
18.28,-16.53,20580
7.78,-16.92,20591
17.80,-17.40,20602
15.73,-18.02,20614
6.58,-18.21,20625
21.01,-18.09,20636
11.28,-17.94,20648
7.57,-17.62,20660
23.32,-17.63,20671
10.72,-17.35,20682
12.73,-17.81,20694
21.53,-17.50,20705
7.84,-17.88,20716
13.76,-17.09,20728
19.92,-16.77,20740
6.62,-16.85,20751
15.32,-16.16,20762
19.82,-17.05,20773
7.34,-17.32,20785
18.78,-17.94,20796
15.01,-17.98,20808
5.25,-18.09,20819
18.29,-18.42,20831
10.87,-18.08,20842
12.02,-17.64,20853
21.00,-16.94,20865
9.19,-16.83,20876
16.32,-16.28,20888
19.62,-16.31,20899
9.69,-16.72,20911
17.18,-16.82,20922
13.26,-17.72,20933
10.37,-17.34,20944
19.18,-18.11,20956
14.37,-17.97,20968
11.08,-17.57,20979
18.21,-18.13,20990
14.51,-17.71,21002
13.80,-17.69,21013
17.44,-17.34,21024
9.21,-16.93,21036
12.64,-17.11,21048
19.81,-16.60,21059
9.54,-16.56,21070
16.14,-16.76,21082
17.46,-16.98,21093
9.82,-17.90,21104
18.87,-18.40,21115
12.52,-18.46,21128
7.25,-18.27,21139
18.31,-17.86,21150
15.61,-17.26,21161
14.60,-17.30,21173
19.55,-16.86,21184
12.60,-16.92,21196
14.67,-17.03,21208
18.46,-17.29,21219
12.55,-17.68,21230
12.86,-17.73,21241
17.12,-17.95,21253
13.60,-17.56,21264
16.20,-17.85,21276
17.10,-17.90,21287
10.03,-17.56,21299
16.05,-17.94,21310
15.76,-17.64,21321
11.46,-17.62,21332
14.40,-17.37,21344
11.89,-17.09,21356
15.21,-17.19,21367
16.43,-16.74,21379
14.60,-16.86,21390
13.61,-17.20,21401
14.69,-17.84,21412
15.26,-18.33,21424
12.25,-18.84,21436
13.69,-18.54,21447
11.26,-18.27,21458
12.43,-17.79,21470
17.08,-17.24,21481
14.75,-17.12,21492
14.32,-16.82,21504
15.18,-17.28,21516
13.79,-17.28,21527
13.92,-17.36,21538
13.88,-17.65,21550
12.91,-16.96,21561
13.62,-17.33,21572
13.70,-16.98,21583
16.81,-17.38,21596
15.94,-17.61,21607
12.13,-17.76,21618
14.53,-17.98,21629
13.49,-17.56,21641
11.16,-17.52,21652
15.10,-16.71,21663
13.94,-16.63,21676
12.52,-16.21,21687
19.24,-16.33,21698
15.97,-16.88,21709
12.58,-16.98,21721
14.29,-17.61,21732
13.25,-17.80,21743
11.14,-18.26,21755
17.16,-18.09,21767
14.53,-17.35,21778
11.49,-17.31,21789
18.80,-16.91,21800
16.04,-16.87,21812
15.34,-17.09,21823
16.12,-17.23,21835
12.15,-17.19,21847
12.53,-17.18,21858
16.58,-17.22,21869
15.10,-17.02,21880
13.12,-16.90,21892
16.06,-17.10,21903
14.37,-17.64,21915
13.58,-17.74,21926
14.88,-17.93,21938
10.89,-18.04,21949
12.11,-17.35,21960
17.92,-17.65,21971
15.70,-17.02,21983
14.19,-16.62,21995
17.07,-16.57,22006
11.48,-16.55,22018
18.10,-17.36,22029
19.04,-17.53,22040
9.60,-17.72,22051
14.52,-17.72,22063
16.13,-17.72,22075
12.30,-17.53,22086
16.77,-16.95,22097
14.11,-17.29,22109
11.44,-17.43,22120
21.98,-17.37,22131
15.03,-17.71,22142
11.40,-17.31,22155
17.53,-16.76,22166
10.94,-17.06,22177
18.04,-16.94,22189
19.13,-16.72,22200
10.93,-17.03,22211
15.41,-17.18,22222
14.00,-17.96,22235
14.13,-18.25,22246
15.70,-18.37,22257
9.52,-18.45,22268
13.83,-17.65,22280
18.06,-17.43,22291
11.00,-17.20,22302
17.41,-16.99,22315
17.36,-17.17,22326
9.31,-17.07,22337
20.33,-17.65,22348
14.40,-17.90,22360
6.89,-17.46,22371
18.64,-17.51,22382
13.77,-17.88,22394
11.74,-17.56,22406
18.37,-17.53,22417
11.50,-17.71,22428
12.19,-17.73,22439
17.69,-18.33,22451
13.99,-18.07,22462
11.90,-17.51,22474
14.58,-17.15,22486
14.23,-17.34,22497
15.21,-17.29,22508
18.22,-17.09,22519
13.21,-17.76,22531
13.56,-17.94,22542
15.30,-18.00,22554
11.60,-17.76,22565
13.68,-17.78,22577
14.45,-17.56,22588
13.26,-17.27,22599
14.85,-17.23,22610
15.71,-16.95,22622
15.22,-17.13,22634
13.45,-17.74,22645
13.29,-17.83,22657
13.48,-17.99,22668
12.99,-17.91,22679
15.63,-17.85,22690
13.77,-17.93,22702
13.29,-17.42,22714
14.61,-17.05,22725
14.97,-17.61,22736
16.63,-18.03,22748
10.88,-17.87,22759
9.51,-18.03,22770
14.72,-17.54,22781
13.78,-18.00,22794
15.96,-17.44,22805
16.00,-16.94,22816
13.60,-17.31,22828
17.09,-17.11,22839
16.12,-17.71,22850
12.91,-17.10,22861
10.76,-17.56,22874
10.48,-17.95,22885
16.36,-17.64,22896
16.98,-17.71,22907
14.66,-17.12,22919
15.57,-16.91,22930
14.94,-16.90,22941
17.55,-17.52,22953
14.47,-17.67,22965
11.17,-17.65,22976
12.60,-17.44,22987
14.08,-17.35,22999
18.78,-16.78,23010
16.09,-16.56,23021
12.23,-17.30,23033
15.95,-17.46,23045
15.65,-18.18,23056
16.09,-17.98,23067
14.00,-17.68,23078
8.33,-17.74,23090
14.48,-17.28,23101
16.43,-17.40,23113
13.46,-17.14,23124
14.14,-17.04,23136
14.52,-17.20,23147
14.27,-17.22,23158
17.19,-17.79,23170
15.62,-17.73,23181
8.74,-17.69,23193
14.95,-16.80,23204
18.32,-16.82,23216
11.97,-17.23,23227
18.03,-17.44,23238
12.97,-17.71,23249
12.31,-17.63,23261
18.81,-17.88,23273
11.64,-17.77,23284
10.79,-17.70,23296
17.41,-17.23,23307
11.62,-17.11,23318
15.13,-17.05,23329
19.44,-16.72,23341
10.33,-17.39,23353
13.40,-17.60,23364
16.74,-17.90,23375
11.18,-18.28,23387
14.70,-17.93,23398
14.89,-17.92,23409
11.78,-17.21,23420
17.46,-17.20,23433
17.11,-17.50,23444
13.03,-17.43,23455
16.34,-17.66,23467
11.14,-17.50,23478
13.01,-17.40,23489
16.70,-17.07,23500
9.97,-17.01,23513
16.58,-16.88,23524
16.28,-17.00,23535
10.97,-16.94,23546
18.79,-17.14,23558
13.28,-17.71,23569
10.68,-17.79,23580
15.29,-18.30,23592
13.65,-17.92,23604
13.38,-17.74,23615
15.09,-17.31,23626
13.84,-16.82,23638
12.88,-17.22,23649
17.97,-17.10,23660
16.00,-17.38,23672
10.67,-17.51,23684
12.70,-17.60,23695
12.57,-17.90,23706
15.73,-17.33,23717
15.30,-17.78,23729
10.63,-17.70,23740
12.52,-17.49,23752
17.40,-17.75,23763
16.02,-17.67,23775
12.38,-17.92,23786
12.32,-17.90,23797
10.68,-17.99,23809
14.59,-17.34,23820
17.01,-17.65,23832
14.01,-17.16,23843
13.48,-17.07,23855
14.43,-17.39,23866
17.49,-17.51,23877
13.17,-18.42,23888
10.17,-17.78,23900
11.62,-17.95,23912
13.99,-17.22,23923
15.77,-17.10,23934
16.85,-17.09,23946
15.13,-16.68,23957
9.56,-17.46,23968
18.71,-17.22,23980
18.28,-17.58,23992
9.24,-17.61,24003
16.58,-17.06,24014
12.96,-17.19,24026
14.36,-16.94,24037
22.01,-16.95,24048
12.10,-17.10,24059
12.44,-17.45,24072
18.46,-17.93,24083
12.63,-17.89,24094
14.24,-17.73,24105
16.25,-17.55,24117
10.46,-17.63,24128
16.52,-16.82,24139
15.10,-17.51,24152
11.59,-17.29,24163
17.15,-17.55,24174
13.44,-17.86,24185
16.93,-17.56,24197
14.00,-18.35,24208
9.93,-17.72,24219
18.16,-17.46,24231
11.71,-17.19,24243
14.00,-16.86,24254
19.78,-17.26,24265
10.23,-17.07,24276
13.99,-17.69,24288
18.68,-17.61,24299
9.24,-17.73,24311
14.38,-17.68,24323
20.22,-17.24,24334
7.49,-17.36,24345
18.02,-17.14,24356
18.94,-17.27,24368
7.20,-17.02,24379
19.15,-17.66,24391
10.42,-18.06,24402
8.79,-17.62,24414
19.36,-17.46,24425
13.26,-17.11,24436
14.10,-17.19,24448
18.29,-17.18,24459
14.59,-17.37,24471
15.54,-17.19,24482
17.08,-17.45,24494
10.05,-17.79,24505
13.99,-17.58,24516
14.26,-17.75,24527
13.94,-17.70,24539
18.41,-17.58,24551
10.52,-17.23,24562
14.60,-17.00,24573
21.21,-17.69,24585
9.98,-17.82,24596
16.22,-18.16,24607
14.94,-17.88,24619
7.57,-17.74,24631
19.36,-17.59,24642
14.76,-17.56,24653
12.05,-17.27,24665
16.89,-17.10,24676
12.49,-17.60,24687
16.14,-17.29,24698
16.32,-17.74,24711
9.74,-17.94,24722
11.86,-17.72,24733
16.70,-17.80,24744
12.25,-17.32,24756
15.54,-17.20,24767
13.94,-17.24,24778
10.39,-17.77,24791
16.64,-18.11,24802
14.06,-18.10,24813
11.89,-17.95,24824
15.22,-18.02,24836
13.12,-17.61,24847
14.63,-17.43,24858
17.48,-17.01,24870
13.63,-16.74,24882
14.42,-17.21,24893
18.53,-17.64,24904
12.90,-17.75,24915
12.93,-17.94,24927
14.44,-17.72,24938
11.90,-17.73,24950
15.75,-17.43,24962
16.02,-17.59,24973
11.86,-17.68,24984
15.51,-17.83,24995
16.04,-17.66,25007
10.53,-17.11,25018
15.05,-17.64,25030
12.86,-17.16,25041
9.93,-17.12,25053
19.19,-16.87,25064
16.03,-17.08,25075
10.34,-17.03,25086
18.81,-17.27,25098
13.40,-18.36,25110
9.75,-18.18,25121
18.53,-17.95,25133
11.06,-17.74,25144
11.87,-17.41,25155
20.07,-17.47,25166
13.08,-17.14,25178
13.68,-17.28,25190
15.60,-17.26,25201
13.28,-17.71,25212
17.67,-18.04,25224
12.36,-17.86,25235
11.43,-18.03,25246
15.62,-17.14,25257
11.19,-17.43,25270
18.19,-17.35,25281
16.62,-17.58,25292
11.12,-17.98,25304
16.61,-17.83,25315
13.36,-18.44,25326
12.72,-17.73,25337
15.77,-17.36,25350
14.17,-17.01,25361
14.10,-17.10,25372
16.67,-17.08,25383
16.07,-17.31,25395
15.85,-17.54,25406
15.13,-17.52,25417
11.56,-18.49,25430
13.47,-18.32,25441
13.29,-18.50,25452
14.82,-17.82,25463
16.20,-17.46,25475
11.87,-17.41,25486
18.11,-16.78,25497
16.34,-17.49,25509
10.64,-17.65,25521
18.41,-17.35,25532
12.48,-17.19,25543
12.79,-17.14,25554
21.20,-17.27,25566
9.83,-17.18,25577
14.86,-17.16,25589
21.08,-17.53,25601
11.21,-17.92,25612
17.75,-18.11,25623
13.85,-18.14,25634
7.58,-17.85,25646
17.93,-17.25,25657
15.47,-17.29,25669
10.09,-16.84,25680
18.58,-16.83,25692
13.12,-16.98,25703
13.55,-17.13,25714
19.79,-17.96,25725
8.85,-17.94,25737
12.37,-18.17,25749
16.82,-17.84,25760
10.71,-17.85,25772
15.75,-17.80,25783
16.97,-17.94,25794
9.79,-17.53,25805
16.94,-17.51,25817
13.78,-17.92,25829
10.80,-17.33,25840
16.87,-17.95,25851
8.76,-17.76,25863
16.13,-17.35,25874
16.68,-17.63,25885
11.08,-17.38,25896
16.82,-17.91,25909
14.83,-17.80,25920
12.93,-17.98,25931
15.98,-18.21,25943
13.43,-18.11,25954
11.98,-18.14,25965
16.95,-16.70,25976
12.46,-17.17,25989
12.95,-16.80,26000
18.72,-16.96,26011
12.31,-17.18,26022
16.07,-17.15,26034
14.01,-18.18,26045
9.00,-17.72,26056
17.63,-18.17,26068
12.58,-17.46,26080
12.90,-17.28,26091
18.80,-17.45,26102
14.14,-16.63,26114
15.09,-17.37,26125
19.81,-17.32,26136
11.66,-17.42,26148
10.70,-17.27,26160
19.74,-17.00,26171
10.39,-16.96,26182
13.51,-16.47,26193
22.08,-17.34,26205
9.46,-16.94,26216
17.36,-17.67,26228
18.48,-18.17,26240
7.21,-17.83,26251
13.26,-17.92,26262
18.53,-17.61,26273
11.68,-17.62,26285
15.57,-16.50,26296
16.90,-16.66,26308
9.59,-16.74,26319
18.51,-17.11,26331
17.89,-17.43,26342
10.71,-17.23,26353
13.30,-17.87,26364
13.68,-17.35,26376
16.22,-17.41,26388
15.58,-16.96,26399
16.08,-16.82,26411
12.79,-17.22,26422
15.17,-17.16,26433
18.35,-17.89,26444
13.47,-17.63,26456
10.76,-17.51,26468
12.00,-16.97,26479
16.62,-16.36,26490
13.81,-16.50,26502
16.35,-16.55,26513
15.42,-16.86,26524
11.86,-17.08,26535
20.09,-17.81,26548
15.13,-18.17,26559
10.62,-17.94,26570
13.09,-17.84,26582
12.94,-17.59,26593
17.06,-17.61,26604
16.65,-17.15,26615
13.24,-17.04,26628
15.94,-16.84,26639
15.77,-17.25,26650
13.50,-17.25,26661
16.61,-17.43,26673
10.74,-17.46,26684
12.77,-16.79,26695
19.24,-17.58,26707
14.27,-17.22,26719
16.01,-17.90,26730
12.49,-18.22,26741
10.86,-18.22,26753
17.76,-18.15,26764
14.01,-17.64,26775
11.49,-17.97,26787
15.96,-17.01,26799
12.65,-16.66,26810
17.27,-16.49,26821
19.90,-16.70,26832
11.52,-17.52,26844
14.77,-17.49,26855
12.64,-18.09,26867
9.23,-18.01,26878
18.20,-18.11,26890
10.51,-18.54,26901
10.29,-17.87,26912
19.32,-17.97,26924
12.16,-17.70,26935
15.12,-17.84,26947
16.60,-18.20,26958
7.73,-17.76,26970
15.73,-17.53,26981
19.34,-17.42,26992
10.17,-17.60,27003
14.24,-17.28,27015
14.06,-17.54,27027
11.56,-17.44,27038
18.72,-18.31,27049
9.87,-18.75,27061
11.34,-18.48,27072
14.19,-18.69,27083
10.33,-17.87,27095
18.70,-18.11,27107
13.37,-17.59,27118
12.75,-17.08,27129
18.18,-17.37,27141
14.61,-17.11,27152
14.21,-17.75,27163
13.49,-17.71,27174
11.35,-17.91,27187
12.27,-17.71,27198
17.18,-18.04,27209
12.54,-17.74,27220
14.35,-17.73,27232
15.17,-18.58,27243
11.83,-17.80,27254
17.47,-17.97,27267
12.39,-17.67,27278
11.60,-17.76,27289
15.05,-17.76,27300
14.62,-17.16,27312
16.77,-17.28,27323
15.87,-16.82,27335
13.57,-17.47,27346
14.11,-17.74,27358
13.93,-18.12,27369
14.06,-18.77,27380
12.35,-18.68,27392
14.49,-18.02,27403
13.74,-17.37,27415
13.77,-17.01,27426
18.08,-16.23,27438
13.65,-16.61,27449
15.93,-16.97,27460
18.98,-17.40,27471
10.25,-17.61,27483
14.43,-17.19,27494
15.39,-17.40,27506
11.05,-16.94,27517
18.04,-17.39,27529
14.75,-17.41,27540
12.60,-16.99,27551
17.19,-17.85,27563
14.51,-17.23,27575
12.22,-17.87,27586
13.74,-17.14,27597
14.29,-16.78,27609
12.18,-16.77,27620
18.17,-16.48,27631
14.38,-17.27,27642
12.88,-17.10,27655
17.34,-18.12,27666
14.24,-17.96,27677
14.03,-17.90,27688
10.21,-17.76,27700
15.85,-18.03,27711
16.22,-17.67,27722
13.11,-16.51,27735
19.41,-16.71,27746
13.06,-16.37,27757
15.84,-17.03,27768
19.06,-16.75,27780
14.25,-16.89,27791
9.70,-17.04,27802
15.91,-16.60,27814
15.10,-17.39,27826
11.80,-17.24,27837
19.12,-17.67,27848
12.55,-17.97,27859
13.24,-17.80,27871
16.79,-18.04,27882
11.38,-17.65,27894
15.63,-17.93,27906
12.83,-17.39,27917
17.17,-16.31,27928
17.25,-16.06,27939
12.59,-16.23,27951
18.71,-17.16,27962
14.30,-17.35,27974
9.61,-17.95,27985
16.69,-18.55,27997
12.00,-18.77,28008
12.21,-18.50,28019
18.69,-17.85,28030
12.42,-17.90,28042
13.59,-17.43,28054
20.21,-17.50,28065
11.95,-17.24,28077
14.89,-16.91,28088
16.27,-16.87,28099
8.96,-16.90,28110
16.60,-17.06,28122
16.37,-17.51,28134
9.56,-17.64,28145
17.68,-17.73,28156
13.03,-18.55,28168
9.86,-18.75,28179
17.29,-19.05,28190
10.72,-18.75,28201
10.54,-18.10,28214
15.61,-17.54,28225
11.48,-16.39,28236
15.97,-16.32,28248
16.43,-16.44,28259
13.85,-16.63,28270
16.15,-17.35,28281
12.88,-17.67,28294
11.67,-17.96,28305
13.29,-17.90,28316
11.22,-18.10,28327
14.30,-17.96,28339
14.92,-18.13,28350
12.26,-17.98,28361
14.56,-17.74,28374
15.37,-18.28,28385
11.11,-17.54,28396
14.69,-17.15,28407
12.27,-16.65,28419
13.05,-16.30,28430
15.75,-16.87,28441
13.84,-16.75,28453
15.19,-17.55,28465
13.47,-17.84,28476
13.43,-18.74,28487
14.52,-18.86,28498
9.41,-18.58,28510
11.89,-18.15,28521
18.06,-17.50,28533
13.60,-17.19,28545
14.72,-16.71,28556
18.92,-16.81,28567
12.23,-16.55,28578
14.97,-17.36,28590
16.41,-17.92,28601
11.36,-17.71,28613
11.69,-18.17,28624
16.66,-18.02,28636
13.30,-18.14,28647
11.99,-17.71,28658
19.07,-17.76,28669
12.23,-17.89,28681
13.95,-17.34,28693
20.32,-17.73,28704
9.65,-17.37,28716
11.41,-17.05,28727
18.21,-17.00,28738
13.41,-17.06,28749
14.40,-17.41,28761
19.03,-17.53,28773
10.71,-17.72,28784
13.78,-17.66,28795
18.99,-18.25,28807
10.04,-18.04,28818
13.23,-17.56,28829
17.32,-17.28,28840
13.92,-16.93,28853
17.07,-16.78,28864
16.02,-15.96,28875
15.43,-16.78,28887
14.81,-16.77,28898
13.53,-17.42,28909
14.21,-18.13,28920
11.75,-17.73,28933
12.61,-17.91,28944
16.52,-17.48,28955
13.65,-17.83,28966
13.67,-17.61,28978
17.74,-17.32,28989
13.06,-17.12,29000
12.86,-16.97,29012
17.54,-17.22,29024
11.94,-16.79,29035
14.58,-16.83,29046
17.07,-16.88,29058
13.17,-16.77,29069
17.83,-16.99,29080
17.14,-17.56,29092
12.71,-18.00,29104
15.23,-18.25,29115
11.24,-19.10,29126
10.95,-17.99,29137
17.10,-17.57,29149
12.98,-16.94,29160
15.28,-16.39,29172
15.54,-16.62,29184
13.97,-16.33,29195
18.18,-17.07,29206
13.13,-17.23,29217
12.16,-17.51,29229
12.90,-18.27,29240
13.28,-17.86,29252
15.57,-17.86,29263
13.13,-17.91,29275
13.78,-17.54,29286
14.47,-17.92,29297
15.27,-17.68,29308
14.79,-17.99,29320
9.33,-17.90,29332
12.36,-17.24,29343
16.66,-16.85,29355
13.11,-17.07,29366
15.02,-17.16,29377
15.97,-17.18,29388
12.49,-17.68,29400
15.91,-17.80,29412
17.13,-18.39,29423
9.13,-18.08,29434
11.33,-18.14,29446
16.23,-18.01,29457
14.03,-17.40,29468
15.99,-17.31,29479
16.64,-16.93,29492
11.73,-16.98,29503
15.71,-16.82,29514
16.77,-17.21,29526
10.05,-17.73,29537
13.38,-17.49,29548
15.36,-17.37,29559
13.32,-17.45,29572
18.58,-17.52,29583
12.51,-17.47,29594
13.01,-18.00,29605
17.28,-18.31,29617
13.26,-18.00,29628
15.57,-17.89,29639
12.47,-17.32,29651
12.01,-17.29,29663
15.19,-16.63,29674
16.66,-16.83,29685
13.99,-17.01,29697
14.83,-17.45,29708
15.64,-18.24,29719
13.43,-18.00,29731
17.41,-18.26,29743
9.62,-17.61,29754
11.97,-17.92,29765
19.09,-17.50,29776
12.60,-17.20,29788
18.67,-17.32,29799
16.07,-16.60,29811
9.44,-16.68,29822
17.80,-16.90,29834
15.50,-17.22,29845
9.39,-17.02,29856
16.93,-17.35,29868
13.06,-17.64,29879
13.63,-17.31,29891
19.54,-17.56,29902
12.00,-17.70,29914
13.73,-18.04,29925
16.72,-17.86,29936
11.47,-17.94,29947
15.31,-17.60,29959
16.09,-16.76,29971
11.24,-16.61,29982
17.83,-16.68,29993
17.81,-17.24,30005
12.58,-17.11,30016
17.52,-17.71,30027
12.02,-18.05,30039
8.56,-18.28,30051
16.19,-18.36,30062
13.06,-17.70,30073
12.08,-18.01,30085
17.20,-17.60,30096
14.52,-17.25,30107
13.85,-17.53,30118
19.07,-17.28,30131
11.34,-17.59,30142
10.45,-17.37,30153
17.33,-17.60,30164
12.91,-17.32,30176
15.64,-17.25,30187
15.00,-17.89,30198
12.60,-17.81,30211
18.73,-18.19,30222
13.40,-18.29,30233
12.23,-18.44,30244
15.43,-17.70,30256
11.10,-17.36,30267
14.93,-16.82,30278
17.04,-16.56,30290
12.66,-16.68,30302
12.87,-16.53,30313
17.15,-17.50,30324
13.54,-17.67,30336
13.70,-18.09,30347
13.67,-18.20,30358
8.09,-17.64,30370
16.87,-17.66,30382
15.58,-17.40,30393
11.92,-17.34,30404
16.44,-17.02,30415
10.61,-17.09,30427
16.26,-17.49,30438
17.62,-17.52,30450
8.95,-17.26,30461
13.11,-17.03,30473
17.60,-17.12,30484
13.35,-17.11,30495
16.17,-17.22,30507
14.89,-17.55,30518
9.74,-17.57,30530
18.32,-17.77,30541
17.68,-17.71,30553
9.63,-17.98,30564
12.85,-17.51,30575
15.33,-17.40,30586
14.25,-16.90,30598
16.78,-16.55,30610
16.51,-16.91,30621
11.95,-17.06,30632
14.85,-17.57,30644
15.83,-18.11,30655
11.72,-18.14,30666
10.90,-18.13,30678
12.40,-17.90,30690
15.77,-17.27,30701
15.70,-17.26,30712
13.67,-16.95,30724
14.49,-17.17,30735
13.22,-17.38,30746
15.23,-17.10,30757
14.21,-17.15,30770
10.24,-17.25,30781
16.30,-17.13,30792
15.26,-17.21,30803
15.78,-16.96,30815
17.07,-17.47,30826
12.40,-17.57,30837
13.99,-17.67,30850
15.92,-18.08,30861
13.13,-17.93,30872
12.41,-18.02,30883
14.34,-16.97,30895
13.60,-16.79,30906
17.47,-16.70,30917
17.89,-16.77,30929
10.87,-16.90,30941
16.01,-17.31,30952
13.31,-17.73,30963
11.56,-17.96,30974
15.07,-17.89,30986
10.68,-17.55,30997
11.67,-17.49,31009
18.51,-17.12,31021
15.50,-17.10,31032
12.78,-16.95,31043
17.57,-16.73,31054
10.80,-17.42,31066
11.30,-17.26,31077
19.77,-17.30,31089
10.84,-17.23,31100
12.84,-16.89,31112
17.58,-17.28,31123
14.77,-16.54,31134
15.87,-17.42,31145
14.71,-18.03,31157
12.19,-17.80,31169
11.77,-18.27,31180
15.78,-17.53,31192
15.82,-17.46,31203
13.35,-16.76,31214
17.10,-16.91,31225
13.19,-17.19,31237
17.07,-17.34,31249
17.17,-17.60,31260
9.96,-17.77,31271
14.46,-17.99,31283
12.72,-17.87,31294
11.93,-17.89,31305
15.53,-17.13,31316
16.12,-16.83,31329
14.18,-17.11,31340
17.41,-16.73,31351
17.58,-17.45,31363
12.35,-17.39,31374
14.78,-17.31,31385
13.20,-17.74,31396
12.65,-17.68,31409
16.65,-17.84,31420
12.27,-17.50,31431
15.95,-17.35,31442
16.16,-18.30,31454
11.14,-18.18,31465
15.95,-18.33,31476
11.89,-18.22,31489
12.40,-17.54,31500
17.55,-17.31,31511
12.59,-17.15,31522
16.63,-16.70,31534
19.11,-17.21,31545
12.20,-17.54,31556
16.64,-17.64,31568
14.27,-18.17,31580
9.03,-18.12,31591
15.70,-18.70,31602
13.34,-17.85,31613
10.83,-17.75,31625
16.35,-17.67,31636
13.54,-17.52,31648
14.32,-17.69,31660
15.27,-17.54,31671
11.47,-17.96,31682
13.65,-17.75,31693
13.90,-17.43,31705
13.94,-17.19,31716
14.92,-17.43,31728
14.02,-17.37,31739
14.66,-17.98,31751
15.35,-18.16,31762
14.47,-18.47,31773
11.32,-18.31,31784
10.69,-17.83,31796
13.62,-17.98,31808
15.56,-17.56,31819
14.66,-17.12,31831
15.46,-17.17,31842
15.74,-16.67,31853
14.19,-17.32,31864
15.87,-17.68,31876
14.48,-18.13,31888
11.59,-18.39,31899
13.44,-17.88,31910
14.10,-17.59,31922
13.67,-17.35,31933
16.36,-17.51,31944
13.94,-17.57,31955
12.60,-17.49,31968
16.91,-17.70,31979
14.37,-18.01,31990
11.56,-17.83,32002
14.97,-17.60,32013
13.25,-17.20,32024
14.51,-16.86,32035
17.26,-16.89,32048
15.56,-17.05,32059
12.71,-17.65,32070
13.89,-18.12,32081
15.73,-18.10,32093
11.56,-18.33,32104
12.28,-17.52,32115
16.19,-16.97,32128
13.35,-16.99,32139
16.29,-16.43,32150
16.48,-16.99,32161
13.92,-17.04,32173
14.86,-17.21,32184
14.82,-17.54,32195
12.40,-17.55,32207
13.68,-17.75,32219
14.25,-17.42,32230
12.69,-17.49,32241
16.48,-17.28,32252
14.96,-17.60,32264
13.46,-17.63,32276
17.10,-17.89,32287
13.53,-17.87,32299
12.45,-17.59,32310
14.65,-17.53,32321
14.42,-16.77,32332
14.60,-16.88,32344
17.04,-16.68,32356
14.90,-16.90,32367
12.36,-17.57,32378
17.53,-18.12,32390
10.95,-18.79,32401
11.57,-18.30,32412
19.93,-18.26,32423
9.63,-17.96,32436
14.59,-17.44,32447
21.47,-17.39,32458
10.67,-16.97,32470
17.42,-17.15,32481
18.97,-17.51,32492
7.43,-17.16,32503
15.48,-17.32,32515
15.25,-17.55,32527
10.21,-17.75,32538
16.81,-17.72,32549
15.03,-17.80,32561
12.03,-17.90,32572
19.17,-17.96,32583
15.04,-17.84,32595
9.21,-17.40,32607
18.14,-17.82,32618
9.64,-17.63,32629
14.94,-17.23,32641
21.36,-17.12,32652
8.34,-16.86,32663
20.24,-16.79,32674
17.40,-17.45,32687
7.89,-17.60,32698
19.78,-18.00,32709
10.72,-18.03,32720
8.87,-17.59,32732
19.43,-17.97,32743
13.46,-17.52,32755
12.03,-17.34,32766
18.20,-17.12,32778
14.66,-17.26,32789
13.79,-17.87,32800
17.56,-17.70,32812
9.89,-17.54,32823
11.64,-17.22,32835
18.44,-17.14,32846
10.51,-17.22,32858
15.61,-17.15,32869
16.04,-17.65,32880
11.40,-18.06,32891
18.20,-17.91,32903
13.99,-17.98,32915
9.27,-17.64,32926
16.48,-17.55,32937
14.91,-17.29,32949
14.40,-17.43,32960
17.16,-17.20,32971
10.78,-17.31,32983
14.48,-17.53,32995
18.24,-17.87,33006
11.40,-17.81,33017
13.00,-18.25,33029
13.18,-18.33,33040
11.17,-17.59,33051
16.00,-17.60,33062
16.83,-16.88,33075
12.29,-17.42,33086
16.24,-17.16,33097
17.57,-17.01,33108
10.42,-17.48,33120
15.12,-17.58,33131
15.27,-17.66,33142
11.04,-16.80,33155
19.23,-16.91,33166
16.83,-17.04,33177
10.78,-17.38,33188
19.27,-17.73,33200
15.49,-17.73,33211
10.58,-17.97,33222
19.04,-17.82,33234
11.56,-17.43,33246
12.70,-16.82,33257
21.14,-16.97,33268
9.47,-16.89,33280
17.31,-16.40,33291
18.07,-17.15,33302
8.77,-17.17,33314
19.35,-17.97,33326
12.03,-18.00,33337
10.32,-17.48,33348
22.31,-17.59,33359
13.92,-16.85,33371
12.18,-17.31,33382
18.86,-17.28,33394
11.90,-17.31,33405
14.37,-17.30,33417
20.11,-17.30,33428
7.12,-17.59,33439
17.25,-16.98,33451
16.79,-17.23,33462
5.23,-17.04,33474
22.53,-17.03,33485
14.11,-17.40,33497
9.53,-17.77,33508
23.44,-17.87,33519
8.88,-17.61,33530
10.63,-17.71,33542
19.87,-17.72,33554
10.83,-17.21,33565
14.24,-16.53,33576
18.46,-16.75,33588
11.16,-17.50,33599
17.38,-17.84,33610
16.14,-18.18,33622
9.77,-17.46,33634
15.40,-17.67,33645
9.99,-17.63,33656
13.70,-17.06,33668
19.79,-17.45,33679
13.44,-16.97,33690
15.15,-17.53,33701
15.83,-17.13,33714
10.75,-17.87,33725
15.02,-18.01,33736
15.11,-17.62,33747
10.73,-18.15,33759
15.50,-17.80,33770
16.74,-18.02,33781
12.78,-17.60,33794
15.48,-17.55,33805
12.75,-17.95,33816
13.85,-17.94,33827
16.10,-18.23,33839
11.62,-17.53,33850
13.08,-17.70,33861
13.61,-17.25,33873
11.47,-17.06,33885
19.31,-17.16,33896
14.40,-17.39,33907
10.18,-18.22,33918
18.96,-17.73,33930
12.92,-18.30,33941
8.50,-17.83,33953
20.70,-17.98,33965
12.19,-17.73,33976
11.11,-16.84,33987
20.65,-17.82,33998
12.02,-17.22,34010
14.13,-17.88,34021
14.94,-18.20,34033
10.22,-17.96,34044
13.41,-17.86,34056
14.85,-17.42,34067
13.63,-17.66,34078
13.77,-17.34,34089
15.79,-17.35,34101
13.88,-17.32,34113
17.92,-17.65,34124
12.19,-17.71,34136
10.90,-17.36,34147
15.44,-18.00,34158
10.96,-17.10,34169
19.27,-17.11,34181
15.00,-17.04,34193
11.12,-16.89,34204
20.65,-17.85,34215
14.29,-17.73,34227
13.46,-18.46,34238
13.39,-18.59,34249
10.13,-17.86,34260
16.36,-17.78,34273
16.47,-17.41,34284
13.88,-17.19,34295
14.33,-16.81,34307
14.77,-17.03,34318
17.64,-17.21,34329
17.32,-17.40,34340
11.24,-17.75,34353
10.70,-17.76,34364
17.31,-17.94,34375
16.67,-17.67,34386
15.35,-17.22,34398
14.44,-17.26,34409
11.67,-17.74,34420
17.32,-17.86,34433
18.37,-18.22,34444
13.25,-18.11,34455
9.47,-17.74,34466
12.96,-17.56,34478
17.16,-16.82,34489
13.45,-16.90,34500
15.72,-16.91,34512
13.51,-17.00,34524
13.64,-17.58,34535
17.89,-18.03,34546
14.84,-18.11,34557
9.34,-17.97,34569
10.57,-17.67,34580
18.30,-17.21,34592
14.18,-17.40,34604
16.36,-17.47,34615
12.39,-17.36,34626
11.70,-17.39,34637
19.32,-18.07,34649
13.11,-18.22,34660
12.71,-17.84,34672
12.52,-17.61,34683
11.93,-17.37,34695
17.35,-17.22,34706
17.56,-17.50,34717
12.88,-17.26,34728
11.43,-17.96,34740
16.46,-17.79,34752
13.51,-18.09,34763
12.33,-17.74,34775
15.31,-17.39,34786
10.79,-17.68,34797
16.29,-16.93,34808
18.49,-17.35,34820
10.31,-17.66,34832
14.72,-17.94,34843
15.36,-18.26,34854
11.83,-18.18,34866
16.67,-18.23,34877
14.09,-17.51,34888
10.51,-16.80,34899
15.59,-16.74,34912
18.18,-17.24,34923
11.74,-17.58,34934
12.05,-17.51,34946
15.13,-17.86,34957
12.41,-18.08,34968
14.28,-18.65,34979
13.23,-18.00,34992
12.17,-17.44,35003
12.84,-17.33,35014
15.91,-17.21,35025
17.25,-17.69,35037
10.15,-17.99,35048
13.15,-17.98,35059
15.97,-18.17,35072
10.33,-18.01,35083
16.64,-18.21,35094
14.53,-17.51,35105
9.03,-17.43,35117
19.25,-17.91,35128
16.35,-18.03,35139
12.00,-17.81,35151
14.18,-17.79,35163
11.95,-18.47,35174
12.35,-17.87,35185
16.50,-17.78,35196
13.46,-17.18,35208
12.39,-17.28,35219
16.10,-17.49,35231
15.54,-17.50,35243
16.47,-17.97,35254
12.03,-18.34,35265
11.81,-18.36,35276
13.86,-17.93,35288
15.82,-17.53,35299
17.58,-17.60,35311
12.41,-16.96,35322
16.70,-16.87,35334
14.79,-17.39,35345
13.59,-17.75,35356
17.43,-17.84,35367
11.20,-17.71,35379
11.43,-17.38,35391
17.18,-17.16,35402
16.23,-17.03,35414
11.56,-17.05,35425
18.20,-17.11,35436
14.19,-17.02,35447
12.86,-17.28,35459
18.81,-17.69,35471
8.94,-18.16,35482
11.13,-17.85,35493
18.71,-17.26,35505
14.27,-16.97,35516
14.64,-16.85,35527
14.97,-16.80,35538
14.40,-16.90,35551
14.56,-17.24,35562
16.05,-17.32,35573
12.92,-17.61,35585
11.72,-17.72,35596
16.00,-17.08,35607
14.15,-17.02,35618
14.17,-17.04,35631
16.00,-17.03,35642
14.39,-17.28,35653
14.77,-17.72,35664
16.50,-18.08,35676
13.33,-17.74,35687
11.36,-17.49,35698
15.66,-17.16,35710
14.20,-17.34,35722
16.31,-16.73,35733
15.95,-16.69,35744
10.64,-17.31,35756
16.20,-17.16,35767
14.26,-17.42,35778
11.06,-17.53,35790
15.74,-17.76,35802
12.82,-17.90,35813
11.63,-17.30,35824
19.94,-17.38,35835
14.51,-17.09,35847
12.03,-17.29,35858
18.03,-17.80,35870
10.09,-17.84,35881
15.02,-17.98,35893
17.69,-17.50,35904
8.98,-17.03,35915
15.53,-16.94,35927
17.95,-17.26,35938
12.33,-17.21,35950
15.85,-17.72,35961
14.66,-18.13,35973
10.30,-17.99,35984
14.97,-18.29,35995
14.32,-17.62,36006
12.77,-17.44,36018
14.00,-17.43,36030
15.12,-17.35,36041
17.10,-17.14,36052
14.46,-17.46,36064
15.92,-17.73,36075
13.32,-17.82,36086
12.67,-18.07,36098
15.17,-17.74,36110
14.53,-17.94,36121
13.36,-17.74,36132
13.23,-17.49,36144
15.51,-17.88,36155
15.09,-17.74,36166
15.99,-17.94,36178
13.03,-17.63,36190
11.93,-17.45,36201
16.22,-17.14,36212
15.16,-16.86,36224
15.19,-16.79,36235
13.24,-16.54,36246
15.05,-17.18,36258
15.49,-17.70,36270
14.17,-18.16,36281
15.95,-18.58,36292
10.95,-18.05,36303
11.40,-17.79,36315
17.08,-17.64,36326
15.20,-17.50,36338
12.60,-17.26,36349
16.15,-17.30,36361
14.97,-17.55,36372
15.76,-17.75,36383
15.99,-17.49,36395
10.71,-17.33,36406
12.70,-17.44,36418
19.42,-17.39,36429
14.67,-17.46,36441
14.16,-17.12,36452
16.59,-17.01,36463
11.53,-17.38,36474
17.37,-17.62,36487
18.81,-17.99,36498
10.24,-17.60,36509
13.19,-17.64,36520
17.85,-17.60,36532
15.26,-17.10,36543
17.96,-16.78,36554
15.12,-16.74,36567
9.65,-17.32,36578
17.84,-17.60,36589
15.59,-18.04,36600
10.72,-17.90,36612
14.87,-18.13,36623
11.43,-18.13,36634
14.82,-17.36,36646
18.27,-17.33,36658
10.87,-16.96,36669
16.18,-17.36,36680
16.66,-17.45,36691
11.49,-17.34,36703
17.11,-17.58,36714
13.08,-17.29,36726
9.87,-17.56,36738
16.98,-17.27,36749
17.30,-17.59,36760
14.58,-17.44,36771
16.03,-17.50,36783
12.31,-17.87,36795
12.53,-17.81,36806
17.37,-17.97,36817
11.72,-17.46,36829
13.79,-17.37,36840
15.84,-17.40,36851
11.48,-17.30,36862
20.27,-17.39,36875
13.05,-17.51,36886
10.72,-18.00,36897
19.04,-18.11,36909
9.63,-18.58,36920
13.67,-17.90,36931
18.99,-17.67,36942
8.63,-17.89,36955
15.45,-17.18,36966
19.30,-17.41,36977
9.69,-17.49,36988
17.40,-17.66,37000
13.07,-17.83,37011
8.19,-17.19,37023
18.30,-17.29,37035
12.17,-17.34,37046
10.29,-17.43,37057
18.43,-16.97,37068
13.14,-17.27,37080
15.33,-17.52,37091
18.98,-17.63,37103
6.65,-17.84,37114
11.40,-17.79,37126
16.98,-17.70,37137
11.47,-17.24,37148
17.45,-17.02,37159
15.84,-16.75,37171
11.52,-16.98,37183
19.02,-18.07,37194
15.25,-18.05,37206
12.84,-18.17,37217
12.64,-17.89,37228
9.17,-17.75,37239
16.89,-17.69,37252
15.50,-17.30,37263
12.74,-16.97,37274
17.11,-16.89,37285
13.50,-17.46,37297
17.24,-17.73,37308
17.08,-17.92,37319
9.50,-17.77,37331
12.36,-17.59,37343
17.00,-17.78,37354
13.03,-17.31,37365
16.15,-16.83,37377
13.59,-17.32,37388
10.50,-17.24,37399
20.51,-17.59,37411
14.75,-17.64,37423
10.83,-17.26,37434
13.80,-17.46,37445
12.06,-17.18,37456
17.12,-17.26,37468
16.37,-17.27,37480
13.28,-17.07,37491
13.99,-17.76,37502
13.90,-17.73,37514
17.07,-17.90,37525
13.99,-18.25,37536
10.36,-17.87,37548
15.25,-17.24,37560
16.88,-16.69,37571
13.15,-16.59,37582
19.14,-17.06,37594
13.86,-17.21,37605
11.30,-17.59,37616
20.89,-18.24,37627
11.85,-18.03,37640
11.92,-17.85,37651
15.53,-17.78,37662
11.34,-17.42,37673
16.60,-17.50,37685
15.86,-17.52,37696
11.92,-17.81,37707
13.87,-17.97,37720
16.68,-17.88,37731
11.25,-17.82,37742
13.33,-17.20,37753
17.00,-17.05,37765
9.39,-17.03,37776
20.48,-16.81,37787
19.73,-16.99,37799
9.65,-17.15,37811
18.83,-17.63,37822
15.21,-17.65,37833
9.23,-18.09,37844
15.06,-17.81,37856
15.41,-17.42,37868
11.50,-17.21,37879
17.92,-17.23,37891
16.72,-17.34,37902
12.04,-17.67,37913
18.11,-18.08,37924
13.84,-17.82,37936
12.54,-17.67,37948
15.87,-17.17,37959
12.98,-17.04,37970
14.95,-17.31,37982
16.77,-17.26,37993
14.00,-17.43,38004
16.14,-17.72,38016
15.69,-18.06,38028
11.23,-18.35,38039
15.78,-17.64,38050
14.29,-17.56,38062
11.83,-17.27,38073
16.36,-17.25,38084
14.01,-17.43,38095
14.74,-17.18,38108
16.63,-17.93,38119
13.80,-18.07,38130
13.54,-17.99,38141
15.07,-18.01,38153
13.03,-17.67,38164
15.23,-17.43,38176
14.92,-16.84,38188
12.74,-17.24,38199
17.29,-17.24,38210
14.27,-17.69,38221
14.06,-17.81,38233
14.83,-17.91,38244
8.39,-17.88,38256
15.74,-17.32,38267
16.03,-17.35,38279
10.38,-16.87,38290
17.34,-17.11,38301
15.51,-17.00,38312
14.87,-17.38,38324
16.96,-17.78,38336
13.01,-17.45,38347
10.95,-17.62,38359
14.29,-17.27,38370
16.15,-17.64,38381
12.19,-17.16,38392
16.60,-17.04,38405
15.90,-17.41,38416
12.94,-17.37,38427
17.94,-17.99,38438
13.51,-18.09,38450
11.31,-17.70,38461
15.14,-17.63,38472
16.63,-17.02,38484
14.93,-17.19,38496
14.26,-17.20,38507
16.37,-17.58,38518
12.41,-18.07,38530
15.01,-17.88,38541
17.90,-17.70,38552
9.14,-17.64,38564
12.34,-17.52,38576
16.78,-17.23,38587
11.82,-17.12,38598
17.04,-17.21,38609
15.42,-17.74,38621
11.34,-17.83,38633
19.22,-17.96,38644
13.75,-18.42,38656
9.39,-17.92,38667
16.43,-18.07,38678
13.51,-17.08,38689
15.01,-16.53,38701
18.05,-16.80,38713
12.12,-16.48,38724
16.15,-17.49,38735
15.97,-17.34,38747
11.38,-17.68,38758
16.60,-18.04,38769
10.15,-17.83,38780
14.62,-18.04,38793
18.38,-17.46,38804
12.91,-17.72,38815
15.57,-17.68,38827
15.57,-17.59,38838
12.93,-17.57,38849
15.32,-17.70,38860
12.48,-16.85,38873
11.52,-16.79,38884
15.94,-16.95,38895
14.50,-16.76,38906
14.86,-17.42,38918
17.01,-17.25,38929
12.29,-17.97,38941
16.70,-18.24,38952
15.67,-18.44,38964
10.33,-18.63,38975
13.56,-17.67,38986
15.84,-17.26,38998
11.87,-16.94,39009
18.01,-16.79,39021
15.89,-16.89,39032
10.88,-16.99,39044
17.73,-17.49,39055
14.19,-17.54,39066
9.62,-17.37,39077
15.71,-17.40,39089
13.68,-17.51,39101
13.80,-17.27,39112
19.09,-17.69,39123
12.98,-17.67,39135
14.38,-17.68,39146
16.87,-17.78,39157
11.04,-18.19,39169
13.13,-17.85,39181
12.21,-17.32,39192
13.45,-16.88,39203
15.64,-16.97,39215
15.87,-16.76,39226
15.69,-17.05,39237
14.38,-17.44,39249
14.70,-17.94,39261
13.92,-18.01,39272
11.22,-17.82,39283
13.03,-18.12,39294
13.87,-17.72,39306
13.14,-17.56,39317
17.72,-16.98,39329
15.65,-17.13,39341
13.16,-16.91,39352
18.56,-17.29,39363
11.34,-17.37,39374
10.91,-17.16,39386
18.32,-17.38,39397
11.48,-17.20,39409
14.42,-17.70,39420
16.20,-17.92,39432
10.27,-18.24,39443
15.47,-18.50,39454
14.64,-18.28,39465
9.38,-18.03,39477
15.13,-17.57,39489
13.73,-17.29,39500
13.43,-16.70,39512
18.01,-16.60,39523
12.37,-16.88,39534
14.98,-17.04,39545
18.32,-17.85,39558
12.86,-17.98,39569
13.83,-18.41,39580
10.34,-18.01,39591
11.34,-17.87,39603
19.13,-17.91,39614
12.57,-17.14,39625
15.40,-16.96,39638
16.46,-16.35,39649
11.16,-17.14,39660
19.48,-17.37,39671
14.05,-17.70,39683
7.25,-17.58,39694
17.38,-17.25,39705
12.93,-17.37,39717
12.49,-17.20,39729
20.86,-17.39,39740
10.36,-17.53,39751
15.21,-17.67,39762
22.45,-17.71,39774
9.53,-17.46,39785
12.92,-17.53,39797
15.51,-17.33,39809
11.89,-16.68,39820
20.44,-16.40,39831
16.88,-17.01,39842
10.22,-17.03,39854
18.24,-17.28,39866
12.07,-18.30,39877
12.56,-18.08,39888
18.39,-18.36,39900
6.58,-17.59,39911
15.19,-17.44,39922
19.08,-17.67,39933
9.71,-16.76,39946
19.62,-17.12,39957
14.27,-17.13,39968
11.77,-17.50,39980
20.41,-17.66,39991
10.33,-17.10,40002
12.49,-17.22,40013
18.07,-17.37,40026
10.55,-17.49,40037
17.23,-17.45,40048
18.98,-18.23,40059
8.64,-18.01,40071
14.66,-18.24,40082
14.87,-18.23,40094
9.36,-17.60,40105
17.18,-17.56,40117
15.52,-16.66,40128
10.15,-16.47,40139
19.63,-16.43,40151
16.70,-16.72,40162
11.78,-17.47,40174
15.85,-17.77,40185
10.62,-18.73,40197
10.57,-18.36,40208
16.16,-18.50,40219
11.88,-18.33,40230
15.22,-17.53,40242
17.74,-17.44,40254
11.77,-16.93,40265
18.49,-17.27,40276
15.24,-16.59,40288
11.45,-17.22,40299
16.56,-17.48,40310
10.72,-17.03,40323
14.60,-17.38,40334
18.21,-17.28,40345
13.59,-17.63,40356
12.97,-17.95,40368
17.35,-18.54,40379
16.35,-18.54,40390
10.69,-18.41,40402
14.08,-18.02,40414
13.95,-17.44,40425
13.58,-17.05,40436
16.11,-16.60,40448
16.97,-16.85,40459
12.99,-16.75,40470
13.77,-17.35,40482
17.63,-18.05,40494
12.50,-18.14,40505
12.01,-18.42,40516
14.22,-17.74,40527
12.17,-17.29,40539
14.31,-17.53,40550
15.52,-17.31,40562
12.31,-17.31,40573
13.72,-17.14,40585
18.19,-17.36,40596
13.64,-17.28,40607
10.50,-16.80,40619
16.74,-16.98,40631
12.84,-16.98,40642
14.39,-17.63,40653
18.60,-17.83,40665
12.29,-17.54,40676
13.45,-18.16,40687
13.92,-18.51,40698
14.22,-18.47,40711
11.87,-17.81,40722
10.63,-16.95,40733
16.29,-16.48,40744
13.99,-16.70,40756
15.02,-16.29,40767
18.85,-16.80,40778
14.19,-16.98,40791
13.71,-17.49,40802
16.90,-17.83,40813
12.73,-17.57,40824
14.17,-17.92,40836
16.43,-17.51,40847
10.14,-17.59,40858
16.36,-17.63,40870
18.40,-17.74,40882
13.07,-17.37,40893
16.91,-17.51,40904
11.20,-17.25,40915
12.26,-16.71,40927
17.01,-17.22,40939
14.32,-16.56,40950
16.54,-16.67,40962
13.67,-16.94,40973
10.73,-17.30,40984
22.23,-18.25,40995
15.76,-17.73,41007
7.38,-18.23,41019
14.47,-18.04,41030
14.34,-17.25,41041
14.72,-17.15,41053
19.88,-16.60,41064
14.58,-16.27,41075
13.11,-16.42,41086
18.53,-16.94,41099
18.54,-16.87,41110
13.42,-17.13,41121
9.01,-17.42,41133
12.72,-17.41,41144
20.04,-17.98,41155
15.75,-17.92,41167
15.67,-17.84,41179
13.41,-17.52,41190
9.93,-17.97,41201
18.29,-18.36,41212
16.72,-17.67,41224
9.72,-17.33,41235
14.89,-16.79,41247
15.01,-16.65,41259
15.08,-16.67,41270
19.89,-16.56,41281
12.08,-17.30,41292
8.55,-17.54,41304
19.30,-18.45,41315
12.34,-18.09,41327
10.53,-18.16,41338
16.79,-17.83,41350
7.70,-17.04,41361
14.57,-17.18,41372
22.81,-16.81,41383
8.86,-16.77,41395
12.94,-16.96,41407
19.03,-17.56,41418
9.64,-17.53,41430
18.45,-17.62,41441
16.10,-17.52,41452
5.32,-17.26,41463
18.49,-17.72,41476
18.27,-17.78,41487
10.80,-18.35,41498
18.55,-18.23,41509
11.11,-18.13,41521
9.15,-17.73,41532
19.30,-17.07,41543
13.38,-17.18,41555
10.41,-16.32,41567
16.18,-16.86,41578
14.15,-17.43,41589
17.89,-17.58,41601
14.70,-17.97,41612
6.33,-18.09,41623
14.68,-18.62,41635
11.81,-18.21,41647
10.58,-18.12,41658
19.33,-17.33,41669
7.25,-17.27,41680
14.76,-16.73,41692
25.22,-16.76,41703
7.58,-17.20,41715
13.47,-16.81,41726
18.74,-17.40,41738
6.43,-17.71,41749
19.69,-17.54,41760
17.62,-17.49,41772
3.72,-17.86,41784
19.99,-18.33,41795
18.96,-17.82,41806
9.31,-18.11,41818
19.72,-18.21,41829
9.72,-17.36,41840
7.13,-16.95,41851
22.42,-16.98,41864
14.62,-17.17,41875
10.67,-16.45,41886
18.14,-16.83,41897
14.61,-17.40,41909
17.22,-17.99,41920
14.76,-18.56,41931
9.55,-18.35,41944
11.61,-18.27,41955
13.56,-17.88,41966
21.05,-17.82,41977
14.48,-17.21,41989
9.83,-16.66,42000
17.55,-16.92,42011
15.48,-16.66,42023
17.49,-17.26,42035
15.43,-17.57,42046
6.55,-17.48,42057
15.14,-17.85,42068
18.91,-17.58,42080
12.22,-17.91,42092
13.69,-18.28,42103
15.24,-17.85,42115
14.55,-18.41,42126
17.24,-18.24,42137
15.84,-17.57,42148
8.77,-17.21,42160
11.47,-17.04,42172
18.88,-16.84,42183
16.99,-16.65,42194
14.13,-16.78,42206
10.51,-17.60,42217
14.21,-17.54,42228
14.31,-18.50,42240
12.76,-18.88,42252
14.39,-18.18,42263
8.36,-17.92,42274
14.34,-17.44,42286
20.93,-17.53,42297
12.39,-17.19,42308
13.60,-17.08,42320
16.90,-17.52,42332
12.31,-17.48,42343
16.39,-17.47,42354
17.23,-17.58,42365
6.24,-17.40,42377
16.06,-17.45,42388
19.71,-17.70,42400
12.78,-17.37,42412
15.31,-18.18,42423
10.39,-18.03,42434
14.87,-18.27,42445
16.13,-18.40,42457
13.11,-17.46,42468
13.54,-17.35,42480
8.98,-16.53,42491
19.46,-16.91,42503
19.27,-17.10,42514
12.42,-16.79,42525
16.97,-17.74,42536
12.95,-17.87,42548
13.57,-17.95,42560
17.54,-17.90,42571
14.19,-17.64,42583
9.64,-17.91,42594
14.91,-17.49,42605
18.78,-17.86,42616
13.89,-17.84,42629
15.90,-17.32,42640
13.00,-16.95,42651
12.66,-17.42,42662
16.13,-17.36,42674
14.22,-17.28,42685
15.31,-17.10,42696
11.43,-17.22,42708
14.35,-17.71,42720
18.30,-17.79,42731
12.14,-18.15,42742
13.77,-18.53,42754
13.95,-18.14,42765
11.61,-18.15,42776
17.94,-17.37,42788
15.99,-17.11,42800
10.35,-16.84,42811
17.42,-16.45,42822
17.80,-16.64,42833
14.59,-16.92,42845
19.66,-17.60,42857
9.80,-17.67,42868
9.10,-17.56,42880
22.11,-17.69,42891
13.95,-17.11,42902
11.26,-16.98,42913
17.43,-17.12,42925
11.21,-17.61,42937
18.57,-17.41,42948
18.40,-17.46,42959
8.79,-17.21,42971
14.03,-17.17,42982
17.90,-16.66,42993
15.60,-16.22,43004
18.30,-16.96,43017
13.73,-16.76,43028
12.00,-17.32,43039
21.48,-17.65,43051
15.39,-17.73,43062
8.16,-18.18,43073
15.36,-17.95,43084
13.41,-17.58,43097
14.85,-17.26,43108
20.24,-16.79,43119
11.77,-16.45,43130
12.33,-17.05,43142
20.36,-17.35,43153
16.45,-17.30,43165
13.25,-17.73,43176
11.92,-17.52,43188
13.54,-17.83,43199
15.92,-17.48,43210
17.58,-17.37,43222
16.58,-17.47,43233
8.18,-17.20,43245
15.39,-18.02,43256
19.63,-18.04,43268
7.91,-17.59,43279
13.06,-17.50,43290
13.79,-16.80,43301
10.55,-16.73,43313
20.32,-16.70,43325
18.86,-17.16,43336
7.01,-17.12,43347
13.60,-17.52,43359
18.96,-17.99,43370
12.58,-18.36,43381
13.90,-17.88,43394
11.98,-17.59,43405
9.55,-17.70,43416
19.74,-17.05,43427
19.77,-17.04,43439
13.86,-16.27,43450
13.89,-16.40,43461
12.74,-17.17,43473
15.39,-17.30,43485
15.30,-17.86,43496
10.89,-17.39,43507
13.51,-17.75,43518
13.49,-17.74,43530
14.79,-17.70,43541
16.59,-18.12,43553
9.20,-17.60,43565
11.29,-17.84,43576
17.17,-17.81,43587
12.24,-17.29,43598
13.52,-17.08,43610
16.39,-16.53,43621
9.15,-16.77,43633
17.01,-16.58,43644
20.30,-16.97,43656
10.93,-17.37,43667
13.50,-18.24,43678
13.41,-18.12,43689
12.63,-18.38,43702
14.28,-18.23,43713
13.43,-17.24,43724
11.95,-17.16,43736
13.64,-16.41,43747
17.80,-16.72,43758
15.85,-17.25,43769
13.14,-17.00,43782
14.46,-17.17,43793
10.93,-17.15,43804
16.60,-17.51,43815
18.06,-17.49,43827
8.58,-17.38,43838
14.65,-17.77,43849
17.36,-17.75,43862
13.39,-17.81,43873
17.20,-17.41,43884
11.13,-17.17,43895
10.85,-16.82,43907
16.99,-16.60,43918
16.65,-16.33,43930
14.78,-16.02,43941
16.60,-16.34,43953
14.39,-16.83,43964
14.47,-17.64,43975
19.47,-17.97,43986
10.74,-18.01,43998
10.45,-18.06,44010
15.47,-17.73,44021
13.48,-17.26,44033
18.53,-16.96,44044
14.66,-17.07,44055
11.30,-17.10,44066
18.47,-17.15,44078
16.25,-17.06,44090
12.91,-17.30,44101
14.09,-17.03,44112
13.35,-16.77,44124
15.22,-16.88,44135
18.50,-16.72,44146
13.15,-17.46,44158
13.57,-17.80,44170
16.95,-18.21,44181
15.08,-18.07,44192
16.81,-18.06,44204
10.11,-17.65,44215
10.98,-16.95,44226
20.50,-17.05,44238
13.62,-16.70,44250
15.21,-17.06,44261
17.76,-17.17,44272
8.53,-17.51,44283
19.33,-18.61,44295
17.61,-18.26,44306
6.74,-18.02,44318
17.51,-17.71,44329
14.82,-17.39,44341
9.36,-17.23,44352
24.15,-16.81,44363
12.98,-16.88,44375
8.01,-16.90,44387
23.30,-17.50,44398
11.73,-17.31,44409
9.99,-17.33,44421
18.19,-17.27,44432
9.96,-17.27,44443
14.07,-17.29,44454
20.06,-17.30,44467
12.24,-17.70,44478
14.42,-17.58,44489
16.29,-18.04,44500
9.73,-17.89,44512
16.57,-18.03,44523
11.89,-17.83,44534
10.52,-16.85,44547
19.84,-16.98,44558
10.77,-16.61,44569
16.96,-16.95,44580
19.47,-17.84,44592
6.82,-17.78,44603
16.81,-18.15,44614
13.99,-17.70,44626
8.04,-17.61,44638
16.98,-17.42,44649
13.24,-17.10,44660
13.71,-17.44,44672
17.96,-17.44,44683
13.43,-17.47,44695
15.52,-17.53,44706
15.56,-17.75,44718
12.19,-17.46,44729
17.29,-17.46,44740
12.77,-17.01,44751
12.49,-17.23,44763
20.26,-17.45,44775
12.46,-17.65,44786
15.77,-18.38,44797
15.96,-18.19,44809
8.94,-18.08,44820
15.40,-17.89,44831
13.78,-17.13,44843
13.20,-17.61,44855
13.95,-17.00,44866
16.03,-17.06,44877
15.86,-17.49,44889
13.83,-17.87,44900
15.74,-18.58,44911
11.88,-18.13,44922
13.98,-17.88,44935
15.44,-17.28,44946
12.25,-17.04,44957
14.05,-17.27,44968
15.31,-17.39,44980
17.10,-17.83,44991
15.84,-17.88,45003
13.00,-17.42,45015
11.62,-17.20,45026
11.79,-17.76,45037
15.85,-17.43,45048
16.23,-16.84,45060
13.07,-16.86,45071
12.92,-17.13,45083
16.34,-17.35,45094
17.46,-17.58,45106
14.35,-18.28,45117
12.94,-18.19,45128
11.30,-17.83,45139
13.68,-17.71,45151
19.83,-16.92,45163
14.84,-17.35,45174
9.88,-16.87,45186
17.89,-17.44,45197
16.37,-17.68,45208
15.45,-17.28,45219
17.31,-17.85,45232
6.13,-17.17,45243
11.72,-17.51,45254
22.28,-17.36,45265
14.54,-17.19,45277
13.61,-17.29,45288
11.51,-17.35,45299
12.04,-17.92,45312
20.07,-17.96,45323
15.42,-17.72,45334
6.52,-16.91,45345
12.17,-17.26,45357
15.30,-17.12,45368
16.78,-16.94,45379
22.21,-17.23,45391
8.01,-17.12,45403
10.67,-17.93,45414
20.83,-18.27,45425
12.86,-18.31,45436
17.16,-18.26,45448
7.90,-17.64,45459
7.64,-17.59,45471
23.64,-17.29,45483
18.34,-17.15,45494
11.30,-17.33,45505
13.42,-17.34,45516
12.09,-17.44,45528
16.21,-17.63,45540
19.19,-17.24,45551
7.17,-17.24,45562
11.12,-17.43,45574
20.47,-17.51,45585
14.57,-17.57,45596
18.23,-17.88,45607
13.04,-18.03,45620
7.50,-18.11,45631
19.43,-18.01,45642
15.32,-17.36,45654
11.57,-16.73,45665
13.22,-16.46,45676
12.08,-16.82,45687
19.54,-17.58,45700
20.45,-17.91,45711
13.30,-17.61,45722
12.37,-18.17,45733
12.14,-18.08,45745
13.62,-18.33,45756
16.97,-17.63,45768
12.80,-17.47,45779
10.72,-17.41,45791
17.48,-16.83,45802
16.44,-17.55,45813
15.58,-17.44,45825
14.54,-17.72,45836
8.53,-17.43,45848
14.20,-17.52,45859
18.47,-17.98,45871
13.66,-17.53,45882
12.44,-17.48,45893
14.57,-17.74,45904
13.44,-18.11,45916
19.06,-18.25,45928
13.81,-18.03,45939
7.89,-17.63,45950
15.75,-17.28,45962
15.22,-17.12,45973
15.38,-16.67,45984
15.93,-17.14,45996
9.97,-17.05,46008
16.46,-17.47,46019
18.69,-18.30,46030
12.02,-18.28,46042
13.15,-18.69,46053
7.49,-18.16,46064
12.11,-18.12,46076
23.84,-17.52,46088
9.87,-17.30,46099
13.00,-17.21,46110
19.46,-17.24,46121
11.68,-17.31,46133
19.01,-16.94,46144
15.11,-17.71,46156
4.44,-17.45,46168
16.82,-17.50,46179
20.67,-17.59,46190
8.16,-17.31,46201
17.15,-17.75,46213
14.73,-18.09,46224
10.10,-18.49,46236
25.34,-18.17,46247
10.36,-17.68,46259
6.65,-17.47,46270
20.21,-17.01,46281
13.76,-16.66,46292
17.23,-16.63,46305
19.02,-16.65,46316
