1003420.00
-257334.00
19.44,-8.85,133
24.91,-7.33,144
20.81,-6.26,155
16.10,-8.31,166
18.08,-9.92,178
18.28,-10.65,189
23.50,-10.83,201
23.67,-7.68,212
17.36,-6.12,224
18.51,-6.43,235
23.18,-8.32,246
21.61,-10.43,258
19.02,-10.13,269
16.55,-9.07,281
21.34,-6.81,292
23.01,-6.08,304
20.34,-7.90,315
19.63,-9.87,326
15.90,-11.26,337
19.32,-10.53,349
26.31,-8.14,361
24.17,-6.63,372
17.52,-6.04,384
18.19,-7.84,395
20.85,-9.93,406
24.30,-10.08,417
21.32,-9.23,429
19.38,-6.81,441
21.50,-5.99,452
20.23,-7.20,463
22.48,-8.92,475
19.50,-11.32,486
15.07,-10.98,497
20.70,-9.27,508
22.23,-7.19,521
19.34,-5.44,532
20.40,-8.35,543
17.91,-8.97,555
18.91,-10.69,566
24.38,-9.24,577
23.15,-6.27,588
18.57,-5.89,601
21.00,-5.65,612
19.27,-9.17,623
22.31,-10.47,634
22.14,-10.89,646
16.22,-9.96,657
21.24,-7.16,668
23.05,-6.45,680
20.38,-7.78,692
20.91,-9.19,703
17.10,-10.97,714
19.57,-9.75,726
24.85,-7.32,737
22.76,-5.84,748
18.85,-5.60,760
17.68,-8.78,772
18.84,-10.31,783
21.24,-11.33,794
19.33,-10.61,805
16.96,-7.33,817
18.15,-6.92,828
18.66,-7.10,840
20.38,-8.77,851
21.44,-10.74,863
16.43,-9.52,874
19.96,-8.40,885
25.04,-5.32,897
20.65,-5.33,908
17.02,-7.61,920
18.65,-9.09,931
17.25,-11.20,943
20.76,-9.39,954
23.48,-7.69,965
18.82,-6.86,976
16.74,-7.00,988
19.26,-10.07,1000
21.90,-10.05,1011
20.12,-10.28,1022
19.57,-8.61,1034
22.71,-5.56,1045
22.19,-5.98,1056
19.61,-6.96,1068
19.80,-9.23,1080
17.87,-10.84,1091
17.51,-10.08,1102
21.37,-8.50,1114
22.43,-6.83,1125
16.04,-7.32,1136
17.39,-9.42,1147
20.79,-10.54,1160
19.68,-10.87,1171
21.92,-9.21,1182
19.90,-6.18,1193
20.90,-5.68,1205
20.40,-6.52,1216
18.42,-9.14,1227
20.52,-11.07,1240
19.91,-10.57,1251
18.54,-9.23,1262
23.07,-6.64,1273
23.10,-7.47,1285
16.20,-8.92,1296
19.31,-10.57,1307
19.30,-11.49,1319
19.62,-9.51,1331
24.83,-8.20,1342
20.55,-5.51,1353
19.04,-6.53,1364
21.33,-8.78,1376
19.27,-10.07,1387
20.81,-10.60,1399
18.66,-8.44,1411
19.83,-6.71,1422
22.54,-6.56,1433
20.25,-8.19,1444
17.00,-10.92,1456
17.66,-11.39,1467
17.56,-10.36,1479
23.99,-7.58,1490
24.16,-5.74,1502
17.83,-6.56,1513
18.67,-8.55,1524
21.79,-10.53,1536
17.47,-10.76,1547
21.39,-8.88,1559
21.42,-6.91,1570
16.43,-6.30,1582
21.76,-7.99,1593
21.39,-10.37,1604
17.70,-11.32,1615
17.12,-10.98,1627
22.33,-8.27,1639
22.95,-6.29,1650
21.19,-6.88,1661
18.99,-8.12,1673
18.67,-10.43,1684
18.08,-10.35,1695
21.37,-9.34,1707
23.03,-7.23,1719
19.56,-5.94,1730
15.85,-7.76,1741
22.37,-9.19,1753
20.37,-10.90,1764
21.61,-10.57,1775
18.83,-8.09,1786
21.59,-6.23,1799
23.22,-5.45,1810
22.77,-8.21,1821
17.56,-9.70,1832
21.03,-10.38,1844
18.51,-9.87,1855
20.60,-6.92,1866
23.84,-6.50,1879
17.48,-6.72,1890
16.34,-9.10,1901
23.13,-10.91,1912
19.73,-10.67,1924
19.81,-8.82,1935
20.46,-5.93,1946
18.48,-5.80,1958
20.90,-6.82,1970
24.37,-8.57,1981
18.05,-10.07,1992
18.54,-9.01,2003
19.08,-6.97,2015
22.96,-5.50,2026
22.95,-6.39,2038
18.11,-8.68,2050
17.02,-10.36,2061
20.98,-10.60,2072
20.85,-9.32,2083
23.32,-6.74,2095
18.19,-5.84,2106
15.63,-6.94,2118
22.81,-8.44,2129
24.26,-10.20,2141
17.42,-9.50,2152
19.26,-7.43,2163
21.16,-5.69,2174
21.07,-5.83,2186
20.56,-8.49,2198
18.05,-9.88,2209
15.40,-11.11,2221
20.84,-9.92,2232
24.66,-7.28,2243
20.59,-6.26,2254
18.45,-6.99,2266
16.31,-8.89,2278
21.90,-10.43,2289
23.18,-10.22,2300
19.97,-8.56,2312
17.06,-5.86,2323
19.25,-5.67,2334
20.70,-7.86,2345
24.32,-9.92,2357
17.89,-11.35,2369
14.99,-10.79,2380
20.97,-8.21,2392
23.80,-6.67,2403
19.55,-7.07,2414
19.08,-9.03,2425
17.46,-10.29,2437
20.39,-10.27,2449
24.91,-9.29,2460
25.59,-5.86,2471
19.02,-5.76,2483
17.05,-6.26,2494
21.09,-8.89,2505
24.13,-10.68,2516
18.80,-9.64,2529
18.61,-8.49,2540
23.21,-5.92,2551
20.85,-6.41,2563
21.19,-8.63,2574
21.03,-10.15,2585
13.91,-10.81,2596
20.80,-8.77,2609
25.95,-6.32,2620
21.43,-5.04,2631
17.93,-6.20,2642
19.48,-8.83,2654
18.67,-10.09,2665
21.98,-10.34,2676
22.33,-8.68,2689
20.55,-6.33,2700
19.00,-6.15,2711
21.00,-8.03,2722
22.76,-10.17,2734
18.98,-10.57,2745
15.06,-9.47,2756
23.63,-6.30,2768
25.35,-5.03,2780
20.43,-5.78,2791
19.78,-8.02,2802
18.50,-9.45,2813
18.27,-9.71,2825
21.63,-8.80,2836
22.89,-6.46,2848
17.82,-6.27,2860
17.22,-7.86,2871
21.93,-9.65,2882
20.74,-10.79,2893
17.33,-9.71,2905
18.96,-7.59,2916
22.46,-5.41,2928
21.66,-5.94,2939
21.27,-8.69,2951
18.39,-10.86,2962
16.39,-10.98,2973
21.25,-9.50,2984
22.30,-7.01,2996
20.20,-6.40,3008
18.16,-7.36,3019
16.28,-10.10,3031
20.87,-11.45,3042
21.43,-10.94,3053
17.40,-8.87,3064
20.26,-6.89,3076
19.07,-6.55,3088
20.95,-8.35,3099
20.35,-10.14,3110
16.58,-11.11,3122
18.40,-9.86,3133
21.37,-7.43,3144
21.06,-7.19,3155
20.97,-7.48,3168
20.43,-9.87,3179
17.81,-10.19,3190
21.56,-10.22,3202
21.74,-8.52,3213
20.79,-6.50,3224
20.84,-6.83,3235
20.11,-8.10,3248
17.86,-10.70,3259
21.65,-11.42,3270
21.24,-10.87,3281
19.71,-7.99,3293
20.69,-5.87,3304
22.78,-6.53,3315
18.81,-8.28,3328
20.37,-10.37,3339
18.49,-10.86,3350
17.92,-9.64,3361
23.01,-7.17,3373
22.76,-6.57,3384
17.93,-7.76,3395
19.77,-9.39,3407
20.46,-10.84,3419
19.73,-10.18,3430
22.43,-8.26,3441
21.62,-6.22,3452
20.20,-6.66,3464
20.87,-8.62,3475
21.54,-10.15,3487
18.35,-10.54,3499
20.31,-8.85,3510
18.65,-6.92,3521
22.07,-6.04,3532
19.16,-7.97,3544
18.81,-9.80,3555
19.69,-11.54,3567
18.05,-10.56,3578
19.65,-8.21,3590
25.63,-5.83,3601
18.82,-5.74,3612
17.36,-8.17,3623
21.71,-10.15,3635
18.64,-10.87,3647
18.70,-10.23,3658
21.25,-7.08,3670
19.11,-6.43,3681
22.06,-6.14,3692
18.15,-8.69,3703
18.22,-10.46,3715
20.43,-9.98,3727
20.54,-9.03,3738
21.47,-6.13,3749
25.10,-6.03,3761
19.29,-7.60,3772
16.92,-9.18,3783
22.35,-11.01,3794
18.35,-9.75,3807
18.44,-8.09,3818
22.76,-6.34,3829
16.86,-6.90,3841
18.81,-8.96,3852
23.15,-10.16,3863
20.26,-10.54,3874
17.12,-8.53,3887
20.14,-5.96,3898
23.45,-5.43,3909
19.69,-6.44,3920
18.44,-8.73,3932
19.65,-10.63,3943
18.01,-10.01,3954
21.11,-8.21,3966
21.94,-6.61,3978
18.84,-6.79,3989
17.85,-9.19,4000
21.89,-10.35,4012
20.75,-10.91,4023
17.42,-9.72,4034
18.55,-6.85,4046
21.92,-5.87,4058
23.26,-6.37,4069
19.28,-9.24,4080
19.81,-10.44,4091
17.27,-10.83,4103
18.25,-9.60,4114
22.91,-6.99,4126
22.37,-6.96,4137
16.68,-8.41,4149
21.05,-10.14,4160
22.69,-10.72,4171
19.20,-9.50,4183
21.74,-6.88,4194
21.58,-5.30,4206
18.63,-5.84,4217
23.89,-7.81,4229
20.28,-9.85,4240
18.55,-10.31,4251
18.35,-9.56,4262
21.48,-6.71,4274
20.87,-6.41,4286
20.88,-7.77,4297
16.14,-9.99,4308
20.63,-11.58,4320
20.78,-10.31,4331
22.21,-8.13,4342
24.35,-5.63,4354
21.35,-5.06,4366
16.72,-7.75,4377
24.12,-8.73,4388
18.81,-10.14,4400
17.31,-9.43,4411
19.97,-6.83,4422
20.56,-6.64,4433
20.60,-7.26,4446
23.65,-10.05,4457
17.88,-11.01,4468
17.77,-10.06,4480
21.14,-8.01,4491
23.70,-5.34,4502
22.35,-5.42,4513
20.18,-7.46,4525
18.73,-9.29,4537
19.70,-10.71,4548
20.83,-10.01,4559
19.24,-7.59,4571
22.33,-6.63,4582
21.10,-6.66,4593
19.29,-9.66,4604
20.39,-11.08,4617
19.89,-10.83,4628
20.35,-9.24,4639
22.67,-5.38,4651
20.96,-5.62,4662
19.98,-6.69,4673
19.32,-8.56,4684
21.27,-10.50,4697
20.86,-9.76,4708
19.12,-8.57,4719
19.20,-5.71,4730
20.51,-7.47,4742
18.46,-9.68,4753
17.35,-11.51,4764
20.63,-11.88,4776
17.96,-9.92,4788
20.71,-7.25,4799
25.78,-5.94,4810
18.46,-6.93,4822
17.94,-8.83,4833
22.68,-9.74,4844
18.94,-9.98,4856
19.41,-7.98,4868
20.41,-6.74,4879
19.33,-6.68,4890
18.09,-9.12,4901
19.45,-10.43,4913
20.49,-11.51,4924
21.10,-9.93,4936
20.32,-7.05,4947
23.05,-6.39,4959
20.71,-6.45,4970
18.86,-8.60,4981
22.43,-9.35,4993
18.48,-9.89,5004
17.86,-8.62,5016
24.10,-6.46,5027
18.83,-6.73,5039
18.76,-7.93,5050
19.99,-10.37,5061
18.88,-10.71,5072
16.93,-10.34,5084
21.76,-7.39,5096
20.62,-5.89,5107
22.23,-6.24,5118
18.59,-8.12,5130
23.01,-10.23,5141
20.10,-10.09,5152
15.64,-8.99,5164
21.66,-6.75,5176
21.21,-6.47,5187
18.42,-8.15,5198
19.12,-10.20,5210
17.84,-12.26,5221
18.33,-11.02,5232
19.82,-8.84,5243
23.73,-6.29,5256
21.27,-5.96,5267
20.08,-7.76,5278
19.77,-8.74,5289
23.60,-9.93,5301
19.27,-9.35,5312
19.90,-6.88,5323
22.54,-6.44,5336
18.94,-7.61,5347
18.14,-10.64,5358
19.60,-11.59,5369
17.31,-11.64,5381
19.02,-9.37,5392
24.03,-6.75,5403
23.73,-6.42,5415
20.14,-7.57,5427
19.23,-9.56,5438
22.80,-9.46,5449
22.42,-8.86,5460
19.13,-6.39,5472
22.92,-5.33,5483
20.56,-6.54,5495
17.95,-9.30,5507
24.25,-11.44,5518
19.06,-11.31,5529
14.02,-9.54,5540
24.45,-6.59,5552
23.86,-5.47,5563
19.16,-7.22,5575
19.69,-8.95,5586
20.69,-10.04,5598
18.30,-9.08,5609
22.54,-6.84,5620
24.99,-5.44,5632
19.57,-6.35,5643
14.90,-9.10,5655
21.68,-11.20,5666
22.04,-11.55,5678
17.49,-10.17,5689
20.73,-7.50,5700
23.21,-6.21,5711
19.44,-7.14,5723
24.06,-8.63,5735
22.53,-9.99,5746
17.27,-9.14,5757
23.24,-6.44,5769
24.59,-5.48,5780
21.58,-5.12,5791
20.07,-8.07,5803
19.85,-9.86,5815
18.41,-10.85,5826
23.21,-10.08,5837
20.17,-7.17,5849
19.49,-6.23,5860
21.51,-6.47,5871
20.32,-8.36,5882
23.09,-10.26,5895
21.59,-9.36,5906
16.69,-8.36,5917
22.07,-4.96,5928
22.58,-5.04,5940
21.17,-7.61,5951
18.39,-9.69,5962
18.11,-11.39,5975
18.53,-10.47,5986
20.87,-8.44,5997
20.63,-6.37,6008
19.71,-6.61,6020
19.49,-8.60,6031
21.73,-10.23,6042
21.42,-10.06,6054
18.30,-8.40,6066
20.06,-5.76,6077
22.33,-5.25,6088
19.84,-6.68,6099
23.11,-9.23,6111
20.67,-10.77,6122
15.64,-10.22,6134
19.61,-8.25,6146
22.06,-6.68,6157
21.08,-6.83,6168
19.89,-8.79,6179
16.77,-9.95,6191
20.58,-10.37,6202
21.61,-8.73,6214
22.77,-6.31,6225
22.24,-5.55,6237
17.07,-6.46,6248
18.96,-8.85,6259
24.65,-10.73,6270
19.82,-11.00,6282
17.61,-10.02,6294
20.50,-6.81,6305
19.89,-7.13,6317
23.49,-8.62,6328
19.03,-10.90,6339
18.62,-11.05,6350
20.28,-9.57,6362
20.60,-7.19,6373
22.57,-5.80,6385
22.17,-6.75,6396
17.51,-8.78,6408
17.98,-10.61,6419
21.93,-11.13,6430
19.54,-9.94,6441
19.69,-7.53,6453
22.31,-7.22,6465
18.60,-8.37,6476
20.36,-10.40,6488
20.57,-11.20,6499
17.96,-10.15,6510
21.11,-7.86,6521
23.44,-5.83,6533
24.98,-6.15,6545
21.11,-8.48,6556
17.42,-9.67,6567
20.00,-10.46,6579
20.78,-9.10,6590
19.47,-6.74,6601
21.31,-6.42,6612
18.38,-7.78,6625
15.54,-10.53,6636
23.35,-11.54,6647
20.92,-10.93,6659
17.36,-8.37,6670
21.81,-5.44,6681
20.36,-6.12,6692
22.11,-7.97,6705
20.33,-10.27,6716
15.67,-10.92,6727
18.98,-9.41,6738
22.94,-7.28,6750
21.66,-6.22,6761
22.25,-7.22,6772
14.42,-9.44,6785
18.96,-10.90,6796
25.01,-11.34,6807
19.19,-9.19,6818
18.51,-6.39,6830
20.24,-5.78,6841
16.86,-7.39,6852
24.01,-9.48,6864
22.38,-10.68,6876
13.75,-9.76,6887
17.91,-7.18,6898
21.89,-5.62,6909
24.21,-7.04,6921
20.26,-9.48,6932
14.71,-10.93,6944
17.87,-11.36,6956
22.74,-9.69,6967
22.66,-7.58,6978
21.39,-6.16,6989
17.25,-7.39,7001
17.87,-9.40,7012
25.52,-10.38,7024
20.72,-10.29,7035
15.86,-7.55,7047
17.93,-5.89,7058
19.93,-7.06,7069
23.11,-9.10,7080
20.43,-12.13,7092
14.78,-11.98,7104
15.44,-10.57,7115
20.18,-7.81,7127
25.33,-6.16,7138
20.78,-7.74,7149
14.71,-8.91,7160
18.31,-10.41,7172
22.04,-10.10,7184
21.62,-8.11,7195
19.69,-5.92,7206
16.00,-5.96,7218
18.83,-8.01,7229
22.01,-11.06,7240
21.58,-12.11,7251
16.06,-12.02,7264
13.01,-8.65,7275
21.82,-6.63,7286
26.72,-7.72,7298
20.01,-8.67,7309
16.83,-10.73,7320
18.14,-9.43,7331
19.13,-7.94,7344
24.13,-6.02,7355
19.38,-5.66,7366
18.48,-8.14,7377
14.32,-9.94,7389
21.20,-11.67,7400
25.21,-11.38,7411
16.89,-8.61,7424
17.73,-7.12,7435
25.37,-6.46,7446
20.66,-8.15,7457
21.34,-10.07,7469
21.87,-9.32,7480
13.72,-8.43,7491
22.16,-5.20,7503
28.04,-5.46,7515
19.38,-7.72,7526
16.85,-9.34,7537
18.19,-11.74,7548
20.02,-10.86,7560
22.63,-9.16,7571
19.62,-7.23,7583
19.33,-6.30,7595
20.78,-8.56,7606
21.31,-9.89,7617
24.79,-9.75,7628
20.03,-9.10,7640
16.46,-5.90,7651
26.71,-5.12,7663
24.36,-6.03,7674
17.97,-9.05,7686
19.03,-11.69,7697
17.60,-10.85,7708
19.41,-9.69,7719
23.96,-7.53,7731
21.33,-6.94,7743
18.14,-9.41,7754
18.55,-9.80,7766
22.19,-11.00,7777
21.27,-9.26,7788
19.80,-6.42,7799
21.18,-5.36,7811
21.71,-5.72,7823
21.59,-8.97,7834
22.20,-10.16,7845
14.90,-10.94,7857
17.53,-10.16,7868
21.18,-7.30,7879
21.21,-7.82,7890
20.76,-8.46,7903
18.54,-10.46,7914
18.41,-11.47,7925
21.99,-10.42,7937
22.45,-8.04,7948
20.47,-5.84,7959
23.19,-5.64,7970
20.88,-8.23,7983
20.41,-9.70,7994
17.72,-10.74,8005
18.31,-9.98,8016
19.13,-7.42,8028
20.14,-7.41,8039
20.28,-7.38,8050
19.91,-10.45,8062
16.64,-11.32,8074
20.43,-10.59,8085
19.31,-8.97,8096
19.68,-5.80,8108
23.36,-5.78,8119
21.36,-7.80,8130
17.89,-9.59,8142
21.75,-11.16,8154
16.80,-9.96,8165
18.73,-8.26,8176
22.43,-6.65,8187
20.18,-7.56,8199
18.09,-9.73,8210
20.51,-10.62,8222
18.16,-11.06,8233
19.95,-8.73,8245
18.84,-6.24,8256
23.97,-4.90,8267
20.88,-6.56,8279
19.07,-9.20,8290
21.27,-10.71,8302
18.33,-10.12,8313
19.35,-7.91,8325
25.09,-6.55,8336
16.80,-6.91,8347
18.38,-9.38,8358
23.00,-10.91,8370
20.14,-11.26,8382
21.73,-9.00,8393
21.41,-5.87,8404
20.58,-4.91,8416
21.96,-5.85,8427
21.37,-8.63,8438
21.33,-9.90,8450
21.35,-9.86,8462
17.63,-8.44,8473
20.73,-6.44,8484
22.59,-7.65,8496
20.65,-9.07,8507
20.19,-11.49,8518
18.96,-11.06,8529
18.40,-9.19,8542
20.64,-6.45,8553
24.44,-5.35,8564
22.47,-6.22,8576
17.85,-8.18,8587
18.86,-9.96,8598
25.01,-9.88,8609
18.16,-8.18,8622
17.49,-6.58,8633
21.39,-6.29,8644
17.09,-8.91,8655
21.29,-10.33,8667
23.74,-11.54,8678
15.40,-9.74,8689
19.06,-7.09,8701
25.67,-5.21,8713
24.42,-5.88,8724
22.86,-8.02,8735
18.76,-9.29,8747
18.01,-10.66,8758
21.02,-8.98,8769
19.64,-7.21,8780
22.22,-7.06,8793
18.24,-8.90,8804
16.48,-10.98,8815
22.51,-11.21,8826
19.75,-10.69,8838
16.50,-7.76,8849
23.10,-5.48,8860
20.45,-5.82,8872
23.49,-7.44,8884
22.32,-9.52,8895
15.62,-9.93,8906
18.72,-8.70,8918
21.68,-7.21,8929
20.27,-6.70,8940
21.10,-8.94,8952
17.12,-10.80,8964
18.07,-12.10,8975
22.32,-11.15,8986
19.25,-8.29,8997
18.49,-5.89,9009
20.71,-5.44,9020
19.89,-7.16,9032
24.01,-8.81,9043
19.92,-9.65,9055
17.04,-9.09,9066
20.28,-6.96,9077
19.28,-6.50,9089
23.76,-8.53,9100
20.67,-10.72,9112
12.65,-12.62,9123
18.95,-12.40,9135
21.90,-10.06,9146
17.87,-7.43,9157
22.95,-5.60,9168
20.19,-7.53,9180
18.12,-8.79,9192
25.04,-9.65,9203
19.05,-9.45,9214
18.30,-6.28,9226
20.95,-6.19,9237
19.62,-6.83,9248
22.40,-9.53,9260
17.73,-11.84,9272
13.61,-11.53,9283
20.57,-10.31,9294
20.28,-6.85,9306
22.35,-5.98,9317
23.86,-7.22,9328
17.79,-8.19,9339
21.98,-9.50,9352
23.60,-8.30,9363
20.83,-6.41,9374
22.87,-5.28,9385
21.07,-5.60,9397
20.95,-8.99,9408
19.88,-10.73,9419
16.40,-11.95,9432
17.42,-10.60,9443
19.46,-7.57,9454
21.64,-6.97,9465
22.62,-7.30,9477
17.49,-8.59,9488
19.60,-9.79,9499
23.27,-8.64,9511
19.99,-6.78,9523
21.25,-4.74,9534
21.36,-5.64,9545
16.35,-9.03,9556
20.46,-10.01,9568
21.37,-12.16,9579
18.31,-10.77,9591
20.18,-7.93,9603
20.25,-7.42,9614
20.70,-7.25,9625
22.03,-9.53,9636
18.66,-10.01,9648
19.82,-9.73,9659
21.46,-7.78,9671
23.53,-4.93,9682
24.49,-5.53,9694
20.90,-6.97,9705
18.11,-9.30,9716
20.39,-11.29,9728
19.34,-10.27,9739
20.01,-8.90,9751
17.34,-6.71,9762
21.88,-7.77,9774
22.51,-9.24,9785
20.21,-10.48,9796
21.41,-10.34,9807
21.44,-8.28,9819
19.74,-5.81,9831
25.48,-4.89,9842
24.40,-6.55,9853
17.64,-8.75,9865
20.57,-10.47,9876
18.16,-10.07,9887
19.44,-8.95,9899
22.87,-7.00,9911
19.17,-7.72,9922
19.45,-8.93,9933
19.65,-10.47,9945
22.16,-10.77,9956
21.54,-8.63,9967
20.01,-6.40,9978
20.84,-4.70,9991
24.80,-5.59,10002
20.83,-8.24,10013
19.31,-9.52,10024
17.62,-10.76,10036
16.39,-8.95,10047
21.34,-7.24,10058
22.91,-7.72,10071
17.48,-8.89,10082
19.02,-11.71,10093
19.56,-11.05,10104
19.98,-10.01,10116
22.36,-6.95,10127
20.64,-5.14,10138
21.90,-5.97,10150
23.11,-7.62,10162
19.91,-10.36,10173
19.69,-11.02,10184
19.04,-9.40,10195
17.82,-7.60,10207
22.10,-7.94,10218
20.16,-9.45,10230
17.52,-11.55,10242
19.86,-11.79,10253
18.32,-11.07,10264
18.54,-7.70,10275
23.56,-5.72,10287
22.42,-6.31,10298
18.72,-8.01,10310
20.66,-10.10,10321
19.59,-10.66,10333
20.89,-9.45,10344
18.44,-7.91,10355
19.16,-6.79,10366
19.91,-9.27,10378
17.34,-11.36,10390
18.16,-12.51,10401
19.24,-12.06,10413
16.55,-8.29,10424
20.72,-6.57,10435
26.06,-4.84,10446
21.02,-7.36,10458
17.66,-9.05,10470
22.89,-9.66,10481
21.80,-9.89,10492
18.35,-7.38,10504
23.73,-7.36,10515
17.99,-7.99,10526
17.31,-10.58,10537
22.67,-11.93,10550
21.76,-11.34,10561
16.40,-8.73,10572
19.62,-5.59,10584
24.51,-5.12,10595
21.70,-6.86,10606
24.37,-8.51,10617
22.14,-9.63,10630
16.62,-9.03,10641
20.75,-6.88,10652
23.71,-6.01,10663
21.65,-7.25,10675
18.01,-9.55,10686
18.26,-10.99,10697
20.58,-10.74,10710
20.28,-9.24,10721
20.81,-5.97,10732
23.24,-5.18,10743
20.23,-6.18,10755
21.54,-7.89,10766
23.85,-9.36,10777
17.89,-9.10,10789
18.05,-7.80,10801
23.84,-6.22,10812
19.16,-7.07,10823
20.00,-10.22,10834
19.69,-11.16,10846
16.67,-12.33,10857
20.63,-10.22,10869
21.98,-7.11,10881
19.17,-5.81,10892
22.69,-6.00,10903
20.52,-8.83,10914
19.43,-9.21,10926
23.08,-9.65,10937
19.78,-7.59,10949
18.42,-6.03,10960
22.80,-7.21,10972
20.98,-9.35,10983
19.92,-11.84,10994
20.48,-12.04,11005
15.00,-10.15,11017
18.09,-7.36,11029
21.96,-5.60,11040
21.80,-6.71,11052
22.53,-8.98,11063
18.57,-10.23,11074
18.81,-10.41,11085
22.61,-8.43,11097
15.94,-6.15,11109
19.30,-6.76,11120
22.29,-8.85,11131
16.96,-11.18,11143
19.96,-12.40,11154
20.15,-11.12,11165
15.06,-8.79,11176
21.01,-5.94,11189
23.25,-6.69,11200
20.05,-8.11,11211
19.56,-8.99,11223
20.60,-9.79,11234
17.40,-7.61,11245
21.06,-6.72,11256
21.35,-6.08,11269
19.69,-8.13,11280
17.87,-10.90,11291
19.07,-11.81,11302
18.10,-12.02,11314
18.73,-9.31,11325
21.12,-6.61,11336
19.80,-6.47,11348
20.86,-7.15,11360
23.10,-9.47,11371
21.24,-9.49,11382
15.95,-8.63,11394
19.25,-6.27,11405
21.49,-5.15,11416
24.42,-6.99,11428
22.70,-9.87,11440
16.75,-11.67,11451
18.28,-11.53,11462
20.23,-9.40,11473
20.04,-6.68,11485
24.17,-6.03,11496
23.93,-6.99,11508
18.34,-8.77,11520
21.68,-8.99,11531
21.15,-7.91,11542
19.73,-5.72,11553
22.57,-4.43,11565
21.92,-6.29,11576
20.80,-8.44,11588
18.56,-10.63,11599
18.80,-10.95,11611
19.23,-9.04,11622
19.50,-7.32,11633
22.12,-6.04,11644
24.66,-8.00,11656
18.85,-8.68,11668
21.11,-9.20,11679
20.81,-8.23,11691
21.12,-5.99,11702
25.18,-5.15,11713
22.70,-5.74,11724
18.31,-8.32,11736
19.55,-10.65,11748
20.28,-11.42,11759
18.17,-10.51,11770
18.47,-7.77,11782
19.21,-6.73,11793
21.17,-7.77,11804
22.06,-9.28,11815
20.20,-10.38,11828
21.72,-9.26,11839
20.02,-7.21,11850
20.73,-5.11,11862
24.91,-5.83,11873
21.51,-8.57,11884
18.03,-10.51,11895
19.58,-11.81,11908
16.93,-10.87,11919
17.71,-8.54,11930
22.52,-7.27,11941
19.54,-7.83,11953
19.40,-9.44,11964
19.54,-10.71,11975
20.96,-10.02,11987
22.14,-7.85,11999
18.83,-5.66,12010
21.16,-5.40,12021
25.31,-7.80,12033
18.54,-9.78,12044
19.70,-11.33,12055
20.14,-10.70,12067
14.96,-8.13,12079
19.61,-7.38,12090
25.10,-7.35,12101
16.10,-9.95,12112
18.54,-10.93,12124
24.15,-10.89,12136
17.77,-9.03,12147
19.33,-5.84,12158
23.80,-4.92,12170
18.84,-6.73,12181
21.06,-9.30,12192
21.25,-11.19,12204
17.50,-10.99,12216
19.11,-9.05,12227
18.17,-7.47,12238
20.17,-7.19,12250
21.86,-9.50,12261
17.31,-10.94,12272
18.70,-11.31,12283
21.00,-9.71,12296
18.27,-6.43,12307
24.07,-5.16,12318
22.88,-6.25,12329
18.65,-8.77,12341
20.27,-10.82,12352
21.13,-10.59,12363
18.18,-9.51,12376
19.78,-6.89,12387
21.68,-7.02,12398
20.53,-8.77,12409
19.78,-10.74,12421
21.92,-11.35,12432
20.71,-9.33,12443
18.14,-6.75,12455
22.23,-5.20,12467
26.54,-6.09,12478
20.43,-8.07,12489
19.03,-10.15,12500
22.31,-10.19,12512
18.24,-8.35,12523
17.64,-6.90,12535
23.43,-6.47,12547
21.77,-8.31,12558
18.36,-9.85,12569
19.36,-10.62,12580
21.86,-9.58,12592
20.81,-6.56,12603
21.36,-5.60,12615
24.92,-5.71,12626
22.64,-7.84,12638
17.81,-9.37,12649
22.73,-9.54,12660
20.02,-8.75,12672
15.58,-6.36,12683
24.64,-6.43,12695
22.64,-8.06,12706
15.31,-9.89,12718
20.19,-11.27,12729
22.62,-10.01,12740
16.91,-7.79,12751
22.20,-5.42,12763
23.22,-5.45,12775
18.49,-7.33,12786
22.20,-9.35,12797
18.99,-10.37,12809
18.65,-9.18,12820
21.43,-7.02,12831
21.20,-6.21,12843
21.15,-7.50,12855
19.31,-9.56,12866
17.97,-10.86,12877
21.67,-10.10,12889
19.51,-7.99,12900
19.71,-5.40,12911
23.11,-5.45,12922
20.74,-7.70,12935
21.12,-9.53,12946
22.64,-10.73,12957
16.17,-9.97,12968
20.51,-7.26,12980
23.37,-6.84,12991
19.33,-7.07,13002
22.27,-9.77,13015
18.81,-10.91,13026
18.03,-10.35,13037
21.83,-8.51,13048
20.15,-6.02,13060
19.06,-6.08,13071
20.82,-7.33,13082
20.02,-9.73,13093
17.37,-10.84,13106
20.65,-10.18,13117
16.64,-8.22,13128
18.47,-6.57,13139
20.61,-7.28,13151
20.33,-9.28,13162
19.93,-10.67,13173
17.65,-10.99,13186
19.41,-9.72,13197
22.39,-6.48,13208
19.96,-5.83,13219
20.48,-7.29,13231
20.91,-9.56,13242
15.63,-11.04,13253
20.18,-10.65,13265
20.73,-9.06,13277
15.29,-7.10,13288
20.27,-6.84,13299
24.42,-8.75,13310
19.00,-10.29,13322
21.91,-10.99,13333
20.72,-9.09,13345
15.78,-7.31,13357
21.44,-5.85,13368
28.53,-6.80,13379
18.54,-8.69,13390
17.60,-10.54,13402
20.43,-10.87,13413
21.11,-9.05,13425
21.54,-7.24,13436
22.94,-6.93,13448
18.96,-8.46,13459
18.51,-10.46,13470
23.64,-10.91,13481
21.57,-10.27,13493
15.92,-7.17,13505
19.70,-5.18,13516
23.90,-6.15,13528
22.73,-7.67,13539
24.12,-10.16,13550
19.02,-9.87,13561
15.52,-9.01,13573
22.27,-6.79,13585
23.41,-6.14,13596
22.79,-7.97,13607
17.48,-9.40,13619
16.71,-11.02,13630
22.53,-10.00,13641
24.72,-7.66,13652
18.12,-5.55,13665
21.40,-5.59,13676
23.18,-7.71,13687
18.67,-9.98,13699
22.08,-10.70,13710
19.00,-9.82,13721
15.34,-7.56,13732
21.57,-5.88,13745
25.13,-7.80,13756
19.84,-8.97,13767
19.95,-10.73,13778
15.33,-9.49,13790
20.01,-7.90,13801
25.75,-6.01,13812
23.64,-5.11,13825
20.15,-7.89,13836
19.87,-9.46,13847
19.93,-10.22,13858
24.79,-10.17,13870
20.74,-6.70,13881
18.11,-6.01,13892
21.17,-6.34,13904
23.06,-9.17,13916
20.75,-10.65,13927
22.16,-9.59,13938
15.42,-8.59,13949
19.90,-5.12,13961
27.19,-5.45,13972
22.78,-6.69,13984
19.37,-8.95,13996
16.72,-10.70,14007
18.46,-10.14,14018
22.53,-8.10,14029
21.58,-6.26,14041
19.16,-6.74,14052
19.07,-9.09,14064
20.65,-10.76,14075
20.73,-10.56,14087
20.19,-9.09,14098
17.36,-6.15,14109
20.65,-5.97,14120
22.79,-7.16,14132
21.51,-9.26,14144
21.75,-10.83,14155
17.30,-9.65,14167
17.99,-8.09,14178
23.51,-5.99,14189
22.70,-6.75,14200
18.03,-8.93,14212
19.02,-10.48,14224
17.74,-11.55,14235
20.13,-9.76,14246
19.19,-7.26,14258
19.29,-5.70,14269
20.27,-6.52,14280
22.17,-9.10,14291
20.38,-10.16,14304
20.86,-10.58,14315
18.57,-8.48,14326
18.41,-6.52,14338
23.83,-6.95,14349
20.94,-8.04,14360
19.47,-10.84,14371
17.78,-10.97,14384
18.56,-10.11,14395
22.74,-7.81,14406
19.42,-5.45,14417
20.96,-6.87,14429
23.84,-8.27,14440
19.73,-10.29,14451
20.39,-9.99,14464
24.46,-8.10,14475
17.34,-6.39,14486
19.44,-5.85,14497
25.45,-8.10,14509
17.80,-9.95,14520
20.14,-11.15,14531
20.73,-10.87,14543
13.81,-8.35,14555
19.88,-6.34,14566
25.06,-6.63,14577
20.17,-7.73,14588
21.70,-9.88,14600
20.17,-9.85,14611
20.11,-8.53,14623
22.14,-6.49,14635
20.62,-5.54,14646
22.37,-8.00,14657
21.96,-10.13,14668
17.00,-11.44,14680
21.45,-11.41,14691
18.54,-8.82,14703
14.71,-7.21,14714
24.55,-6.65,14726
22.66,-8.28,14737
16.79,-9.88,14748
23.37,-9.78,14759
20.48,-9.15,14771
19.74,-5.97,14783
21.10,-5.58,14794
21.23,-6.80,14806
22.17,-9.23,14817
20.22,-12.04,14828
20.05,-11.13,14839
19.35,-9.77,14851
17.37,-7.04,14863
20.84,-6.80,14874
23.57,-8.44,14885
19.94,-9.85,14897
17.99,-10.60,14908
20.63,-9.57,14919
17.36,-6.48,14930
23.33,-5.75,14943
22.10,-6.41,14954
20.21,-8.75,14965
19.93,-11.17,14977
16.82,-11.63,14988
19.90,-10.63,14999
20.47,-7.55,15010
16.62,-6.96,15023
22.50,-8.56,15034
22.21,-10.14,15045
16.90,-10.82,15056
21.70,-10.11,15068
19.15,-7.18,15079
18.14,-5.82,15091
23.80,-5.69,15102
20.23,-9.06,15114
16.86,-10.61,15125
21.36,-12.34,15136
17.30,-10.82,15148
18.16,-8.56,15160
20.22,-7.53,15171
17.89,-8.16,15182
20.07,-10.46,15194
20.14,-11.36,15205
20.35,-10.40,15216
19.82,-7.95,15227
17.25,-5.45,15240
23.69,-5.69,15251
25.00,-8.03,15262
18.38,-9.78,15273
19.09,-10.79,15285
20.40,-9.74,15296
16.92,-7.70,15308
22.32,-6.66,15320
20.86,-7.82,15331
17.13,-9.61,15342
19.81,-10.67,15353
21.56,-10.00,15365
18.26,-7.85,15376
21.39,-4.96,15388
19.14,-4.88,15399
23.93,-7.03,15411
23.17,-8.78,15422
21.12,-10.56,15433
19.58,-9.47,15444
18.91,-8.03,15457
19.00,-6.52,15468
25.07,-7.27,15479
19.08,-9.70,15491
18.96,-10.30,15502
20.82,-10.91,15513
19.97,-8.12,15525
19.82,-6.01,15537
24.86,-5.09,15548
19.38,-6.14,15559
21.17,-8.51,15570
22.93,-9.63,15582
20.99,-9.41,15593
19.00,-7.64,15605
19.31,-6.02,15617
19.06,-7.54,15628
23.13,-8.89,15639
19.94,-11.43,15650
18.13,-11.01,15662
19.14,-10.01,15674
17.90,-6.65,15685
22.59,-4.79,15696
24.29,-6.43,15708
20.14,-8.00,15719
19.05,-9.84,15730
22.54,-10.14,15741
21.67,-8.88,15754
18.99,-7.15,15765
18.13,-7.71,15776
19.26,-9.69,15788
19.15,-11.64,15799
20.49,-12.16,15810
19.03,-10.70,15822
16.69,-7.33,15834
18.85,-5.59,15845
25.15,-6.05,15856
24.55,-7.65,15867
18.31,-9.43,15879
15.17,-9.99,15891
22.79,-8.47,15902
21.53,-7.20,15913
20.90,-6.85,15925
18.65,-9.25,15936
16.76,-11.17,15947
15.19,-12.21,15959
24.85,-11.45,15971
19.23,-7.99,15982
15.59,-6.29,15993
21.09,-5.66,16005
24.98,-7.89,16016
21.99,-9.49,16027
23.24,-9.97,16039
15.11,-9.05,16051
16.86,-6.93,16062
24.58,-6.98,16073
24.63,-8.98,16084
17.43,-11.12,16096
16.19,-12.89,16107
18.01,-12.26,16119
23.28,-9.93,16131
21.31,-6.89,16142
19.56,-6.72,16153
19.37,-8.18,16164
21.62,-9.66,16176
24.92,-10.28,16188
21.53,-8.65,16199
16.87,-6.83,16210
16.77,-6.10,16222
23.11,-8.57,16233
20.37,-11.07,16244
18.71,-13.20,16257
14.66,-12.44,16268
14.86,-10.30,16279
22.85,-7.66,16290
24.98,-6.87,16302
17.88,-8.41,16313
17.97,-9.33,16324
20.78,-10.10,16336
25.13,-9.11,16348
22.45,-6.58,16359
17.58,-6.29,16370
18.55,-7.51,16381
22.03,-10.49,16393
22.79,-11.93,16405
23.66,-12.06,16416
14.20,-10.06,16428
15.76,-7.17,16439
24.56,-7.34,16450
24.52,-7.85,16461
20.70,-9.49,16474
17.01,-9.74,16485
18.84,-9.19,16496
25.25,-6.65,16507
22.91,-5.34,16519
18.52,-6.22,16530
19.47,-8.77,16541
18.48,-11.58,16553
21.70,-11.74,16565
21.82,-10.75,16576
12.46,-7.98,16587
16.50,-7.23,16599
25.13,-8.74,16610
24.40,-9.08,16622
20.95,-10.37,16633
19.17,-8.90,16645
17.36,-6.81,16656
23.50,-5.16,16667
24.82,-5.20,16678
20.62,-7.97,16691
17.79,-9.90,16702
18.29,-11.69,16713
24.10,-10.75,16724
21.77,-8.25,16736
16.31,-6.75,16747
17.10,-7.45,16758
20.05,-9.36,16771
25.25,-10.12,16782
24.99,-9.20,16793
15.82,-7.06,16804
18.20,-4.51,16816
26.26,-4.93,16827
25.10,-7.11,16839
21.49,-9.76,16850
16.97,-11.03,16862
17.00,-10.65,16873
22.30,-8.69,16884
24.37,-6.89,16896
19.03,-7.49,16908
17.09,-9.02,16919
19.99,-10.66,16930
22.15,-10.01,16942
21.74,-8.05,16953
19.06,-4.88,16964
17.95,-4.66,16975
22.80,-6.51,16988
25.39,-9.18,16999
18.60,-11.21,17010
16.18,-10.58,17021
16.87,-9.39,17033
20.11,-6.93,17044
23.02,-7.85,17056
21.08,-9.71,17068
14.17,-10.85,17079
17.96,-11.08,17090
23.83,-8.08,17101
20.97,-5.63,17113
20.14,-4.14,17124
20.22,-6.00,17136
21.56,-8.79,17147
21.85,-10.42,17159
20.11,-10.54,17170
19.29,-8.50,17181
16.52,-6.59,17192
19.68,-6.90,17205
26.74,-8.97,17216
18.98,-10.29,17227
15.95,-9.99,17239
22.64,-9.07,17250
21.55,-6.20,17261
20.92,-5.42,17273
25.63,-6.41,17285
18.83,-8.94,17296
18.00,-10.87,17307
26.02,-10.89,17318
21.03,-9.73,17330
15.15,-7.41,17341
20.22,-7.38,17353
21.92,-8.54,17364
20.13,-10.68,17376
20.17,-11.28,17387
18.57,-9.69,17398
16.82,-7.04,17410
21.11,-5.13,17422
25.37,-6.42,17433
21.26,-8.10,17444
18.46,-10.03,17456
23.34,-10.57,17467
20.95,-9.08,17478
17.75,-7.78,17489
18.94,-7.28,17502
19.51,-8.95,17513
20.04,-10.40,17524
20.32,-11.06,17536
19.36,-9.72,17547
17.37,-6.52,17558
21.42,-4.78,17570
21.67,-5.37,17582
24.19,-7.60,17593
19.12,-9.82,17604
19.31,-10.54,17615
20.74,-9.76,17627
19.91,-8.08,17639
20.97,-7.33,17650
22.74,-8.22,17661
18.35,-9.91,17673
17.56,-10.67,17684
22.51,-10.88,17695
20.60,-7.71,17707
18.95,-6.06,17719
21.91,-5.58,17730
20.33,-7.72,17741
20.20,-10.21,17753
19.70,-10.27,17764
20.55,-10.16,17775
19.22,-7.38,17787
20.34,-6.51,17799
20.06,-7.67,17810
20.10,-9.60,17821
18.72,-11.82,17832
19.76,-10.82,17844
20.49,-8.49,17855
20.97,-5.15,17867
19.80,-4.65,17879
23.13,-6.86,17890
23.54,-8.38,17901
18.97,-9.94,17912
19.38,-8.95,17924
20.38,-6.96,17936
18.55,-6.43,17947
23.22,-7.04,17958
21.92,-9.57,17970
16.83,-11.27,17981
20.00,-11.24,17992
18.65,-9.54,18004
20.51,-6.48,18016
22.71,-5.39,18027
21.32,-6.69,18038
23.36,-8.26,18050
21.54,-9.60,18061
19.52,-8.85,18072
22.58,-7.21,18084
18.17,-5.44,18096
19.49,-6.55,18107
25.97,-9.44,18118
18.41,-10.85,18129
15.95,-11.42,18141
23.87,-9.93,18153
16.70,-6.93,18164
20.37,-6.18,18176
24.36,-6.83,18187
17.16,-8.66,18198
20.59,-9.75,18209
23.30,-9.13,18222
18.82,-7.71,18233
22.54,-5.39,18244
19.04,-5.90,18255
20.91,-8.11,18267
24.74,-9.82,18278
16.70,-11.29,18289
17.47,-10.28,18301
20.80,-8.46,18313
14.95,-6.76,18324
25.43,-7.52,18335
21.75,-9.41,18347
14.89,-10.15,18358
24.94,-9.97,18370
21.25,-7.86,18381
17.63,-5.98,18393
23.12,-5.71,18404
19.89,-7.52,18415
18.73,-10.15,18426
21.69,-11.24,18438
18.10,-11.19,18450
19.04,-9.18,18461
16.73,-7.42,18472
19.81,-7.19,18484
25.15,-9.22,18495
15.86,-10.38,18506
17.02,-11.03,18519
23.80,-8.95,18530
13.68,-6.78,18541
20.04,-5.83,18552
26.96,-6.71,18564
15.28,-9.88,18575
20.97,-11.03,18587
22.73,-11.13,18598
13.10,-9.12,18610
21.53,-6.62,18621
19.79,-7.26,18632
18.56,-8.06,18643
22.95,-10.27,18655
18.30,-10.48,18667
18.64,-8.97,18678
24.44,-6.70,18690
17.12,-4.76,18701
22.18,-6.97,18712
24.57,-8.68,18723
13.40,-11.20,18736
19.87,-11.35,18747
22.30,-9.24,18758
16.07,-7.63,18769
20.98,-6.54,18781
21.69,-8.75,18792
17.35,-10.53,18804
19.42,-10.29,18816
18.97,-9.45,18827
18.85,-6.47,18838
19.83,-5.03,18849
21.48,-6.32,18861
24.51,-8.59,18872
18.94,-10.76,18884
15.82,-10.80,18895
23.30,-9.06,18907
17.36,-7.48,18918
20.78,-6.51,18929
25.31,-8.95,18940
16.55,-9.97,18953
17.29,-11.06,18964
26.50,-10.08,18975
18.00,-6.83,18987
18.09,-5.67,18998
22.04,-6.30,19009
20.20,-8.44,19020
22.43,-10.66,19033
20.37,-10.42,19044
16.87,-9.84,19055
18.94,-6.60,19066
19.59,-6.34,19078
24.13,-7.84,19089
21.35,-9.35,19101
17.20,-11.14,19112
18.93,-9.37,19124
23.67,-7.65,19135
19.78,-5.62,19146
21.25,-5.74,19158
22.07,-8.15,19170
19.71,-9.44,19181
24.11,-10.43,19192
21.50,-9.07,19204
15.95,-6.38,19215
19.53,-5.58,19226
21.42,-6.56,19237
24.12,-8.59,19250
19.98,-9.98,19261
17.88,-10.05,19272
19.27,-8.12,19283
22.90,-6.52,19295
19.79,-5.91,19306
21.31,-8.24,19318
20.13,-9.55,19330
17.21,-10.86,19341
22.52,-10.54,19352
20.95,-7.33,19363
15.36,-6.99,19375
18.70,-6.93,19386
21.39,-9.59,19398
20.97,-11.34,19409
20.11,-10.95,19421
18.46,-9.53,19432
17.81,-6.60,19443
20.16,-6.44,19454
23.73,-7.69,19467
20.73,-9.32,19478
16.94,-11.22,19489
19.04,-10.24,19501
21.12,-8.81,19512
20.11,-6.73,19523
20.76,-6.98,19535
18.57,-8.97,19547
17.82,-10.67,19558
22.39,-11.42,19569
21.68,-9.39,19580
18.47,-6.87,19592
19.42,-5.84,19603
22.01,-7.14,19615
25.23,-9.20,19627
22.09,-11.00,19638
15.85,-10.80,19649
18.36,-9.01,19660
19.82,-7.11,19672
18.63,-6.58,19684
23.13,-9.23,19695
21.14,-10.47,19706
13.95,-11.31,19718
24.19,-10.24,19729
20.23,-7.10,19740
17.27,-5.85,19751
24.14,-6.29,19764
22.01,-9.13,19775
20.46,-10.88,19786
21.95,-11.03,19798
17.01,-9.71,19809
18.18,-7.14,19820
18.95,-6.95,19832
21.16,-8.75,19844
21.13,-10.69,19855
16.59,-11.22,19866
17.22,-10.40,19877
22.38,-7.55,19889
17.25,-6.02,19901
22.15,-6.47,19912
25.31,-9.25,19923
16.87,-10.58,19935
19.24,-11.17,19946
24.50,-9.49,19957
13.78,-7.46,19969
20.45,-6.71,19981
23.10,-8.42,19992
18.10,-10.40,20003
19.73,-12.02,20015
19.97,-11.07,20026
20.55,-8.94,20037
20.11,-6.36,20049
17.89,-6.08,20061
23.21,-8.73,20072
18.57,-9.84,20083
16.98,-11.19,20094
23.46,-9.93,20106
19.15,-7.57,20118
15.12,-6.91,20129
24.02,-7.82,20141
21.96,-10.36,20152
15.82,-11.15,20163
19.78,-11.17,20174
18.03,-8.52,20186
15.90,-6.32,20198
23.13,-5.84,20209
21.28,-7.81,20220
19.71,-9.79,20232
20.25,-10.90,20243
21.78,-9.42,20254
18.49,-7.40,20267
18.88,-6.41,20278
20.61,-7.74,20289
21.91,-9.64,20300
20.01,-10.97,20312
20.54,-10.60,20323
19.70,-8.74,20334
17.05,-5.76,20346
22.27,-5.43,20358
22.23,-6.99,20369
18.82,-9.17,20380
19.74,-10.47,20391
19.41,-9.69,20403
18.34,-8.16,20415
21.87,-6.24,20426
17.64,-7.68,20438
17.31,-9.55,20449
21.99,-10.89,20460
21.42,-11.27,20471
18.30,-8.66,20484
17.08,-7.03,20495
19.09,-5.05,20506
22.25,-7.09,20517
22.57,-9.09,20529
19.96,-9.72,20540
17.47,-10.49,20551
16.89,-8.22,20563
20.92,-7.02,20575
23.65,-7.00,20586
18.15,-8.92,20597
19.55,-10.64,20609
15.87,-10.90,20620
18.62,-9.80,20632
22.38,-6.56,20643
19.92,-4.95,20655
18.66,-6.52,20666
22.59,-8.42,20677
21.53,-10.60,20688
19.85,-10.70,20701
18.21,-8.87,20712
16.22,-7.20,20723
19.51,-6.76,20734
22.29,-9.21,20746
19.06,-10.80,20757
17.28,-11.72,20768
17.23,-10.57,20781
19.12,-7.46,20792
19.98,-5.73,20803
21.20,-6.36,20814
20.30,-8.58,20826
21.58,-10.83,20837
18.31,-10.82,20849
21.38,-9.77,20860
18.17,-7.13,20872
16.03,-6.62,20883
20.91,-8.93,20894
24.35,-10.15,20905
19.14,-11.91,20918
16.62,-10.52,20929
18.25,-7.29,20940
19.82,-6.32,20952
22.83,-5.79,20963
24.82,-8.47,20974
20.36,-9.71,20985
18.04,-10.58,20998
21.84,-9.59,21009
21.96,-6.90,21020
20.15,-6.76,21031
19.61,-7.84,21043
21.25,-10.18,21054
22.76,-11.51,21066
22.87,-10.38,21078
20.91,-7.86,21089
19.46,-5.25,21100
19.80,-5.86,21111
24.21,-8.01,21123
23.73,-9.90,21134
19.50,-10.16,21146
17.85,-9.56,21157
22.61,-6.62,21169
21.30,-6.47,21180
20.05,-7.08,21191
21.96,-9.58,21202
17.25,-11.40,21215
17.64,-10.79,21226
23.56,-9.26,21237
19.87,-5.73,21249
17.82,-5.85,21260
21.26,-7.05,21271
21.42,-8.52,21283
19.87,-10.18,21295
22.55,-8.51,21306
20.03,-6.75,21317
20.62,-5.36,21328
20.77,-6.43,21340
22.80,-9.21,21351
20.99,-11.18,21363
16.08,-11.64,21374
18.42,-9.70,21386
20.36,-7.16,21397
20.05,-5.47,21408
22.33,-7.11,21420
22.45,-8.41,21432
20.20,-10.11,21443
22.60,-9.26,21454
22.80,-7.12,21466
19.28,-5.59,21477
21.82,-5.86,21488
24.40,-9.09,21499
21.63,-10.86,21512
18.94,-11.65,21523
18.91,-10.59,21534
17.19,-7.69,21545
18.65,-6.45,21557
22.94,-7.24,21568
22.05,-8.75,21580
18.99,-10.30,21592
17.55,-9.38,21603
21.70,-8.17,21614
20.26,-5.41,21625
19.63,-5.63,21637
19.97,-8.08,21649
22.25,-9.86,21660
18.12,-11.58,21671
21.25,-10.18,21683
18.27,-7.89,21694
17.54,-6.55,21705
21.82,-7.21,21716
23.02,-9.68,21729
20.09,-10.76,21740
18.95,-10.79,21751
18.54,-9.18,21763
20.71,-6.54,21774
21.10,-5.97,21785
19.43,-7.61,21797
20.98,-10.00,21809
20.02,-11.22,21820
19.54,-10.59,21831
22.17,-8.51,21842
17.36,-6.52,21854
18.47,-6.87,21866
24.81,-9.28,21877
20.15,-9.95,21889
18.27,-10.69,21900
19.77,-8.73,21911
17.07,-6.16,21922
22.80,-6.01,21934
23.94,-6.48,21946
18.99,-9.39,21957
18.20,-10.45,21968
18.31,-10.31,21980
21.85,-8.84,21991
22.40,-5.77,22002
17.02,-6.43,22014
20.02,-8.30,22026
21.51,-10.78,22037
20.08,-11.09,22048
21.74,-9.35,22060
20.05,-6.93,22071
14.67,-5.71,22083
24.18,-7.00,22094
23.03,-9.12,22106
19.91,-10.49,22117
17.58,-10.34,22128
18.93,-8.72,22139
22.21,-6.64,22151
22.07,-6.61,22163
20.95,-8.64,22174
21.41,-10.21,22185
17.49,-11.10,22197
21.93,-9.15,22208
25.61,-7.07,22219
18.43,-5.33,22232
17.92,-6.09,22243
24.98,-8.84,22254
19.24,-9.84,22265
19.88,-10.98,22277
20.50,-8.80,22288
16.27,-7.00,22299
19.43,-6.63,22311
24.31,-7.57,22323
21.95,-10.29,22334
19.03,-10.87,22345
15.90,-10.26,22356
20.20,-7.76,22368
22.45,-5.64,22380
18.23,-6.50,22391
22.14,-8.53,22403
22.65,-10.67,22414
16.75,-10.61,22425
23.88,-9.18,22436
20.05,-6.70,22449
14.76,-6.22,22460
24.59,-7.78,22471
25.58,-9.95,22482
17.58,-10.86,22494
21.58,-10.10,22505
18.70,-8.27,22516
15.67,-5.97,22529
24.88,-6.46,22540
22.98,-8.07,22551
15.67,-10.58,22562
20.11,-11.38,22574
19.52,-9.83,22585
20.67,-7.81,22597
22.16,-5.94,22608
14.92,-7.64,22620
20.96,-9.77,22631
23.23,-11.05,22642
20.16,-10.93,22653
20.64,-8.55,22666
18.11,-6.75,22677
15.54,-6.18,22688
25.94,-7.74,22700
23.00,-9.89,22711
15.91,-10.26,22722
19.19,-10.96,22733
20.36,-7.74,22746
21.36,-6.48,22757
21.55,-7.16,22768
17.25,-8.71,22779
21.02,-10.79,22791
20.83,-10.86,22802
19.53,-9.34,22814
18.99,-6.89,22825
16.24,-6.20,22837
20.58,-8.18,22848
24.65,-10.02,22859
18.98,-10.76,22871
17.31,-10.83,22882
16.82,-7.75,22894
18.34,-6.47,22905
21.33,-6.52,22917
21.99,-7.83,22928
16.73,-10.20,22939
18.26,-10.45,22950
20.54,-9.17,22963
19.36,-7.25,22974
19.32,-5.31,22985
18.78,-7.70,22996
21.33,-8.89,23008
22.29,-11.34,23019
19.69,-10.83,23031
19.90,-8.50,23043
17.77,-6.41,23054
19.59,-5.78,23065
26.54,-7.88,23076
21.64,-9.16,23088
15.07,-9.58,23099
19.94,-9.59,23111
22.46,-6.66,23122
21.28,-5.96,23134
20.28,-6.95,23145
19.02,-9.01,23156
19.14,-11.58,23168
21.82,-11.02,23180
21.85,-9.21,23191
17.06,-6.89,23202
17.28,-5.32,23214
18.10,-8.40,23225
26.32,-9.53,23236
21.28,-10.81,23247
19.42,-10.02,23260
17.56,-7.07,23271
21.18,-6.20,23282
20.12,-5.86,23293
24.72,-8.41,23305
20.57,-10.72,23316
16.58,-10.64,23328
20.55,-10.13,23340
22.24,-6.52,23351
17.61,-5.79,23362
19.01,-7.96,23373
21.22,-8.81,23385
21.81,-11.60,23397
19.72,-9.73,23408
18.01,-7.98,23419
19.80,-6.94,23431
21.27,-6.12,23443
23.76,-10.34,23454
18.45,-10.58,23465
16.99,-12.18,23477
20.85,-10.18,23488
21.77,-6.92,23499
18.79,-6.91,23511
21.19,-7.05,23523
19.82,-9.87,23534
19.33,-11.06,23545
22.97,-10.29,23557
18.77,-9.13,23568
16.39,-6.70,23579
20.81,-6.98,23590
24.47,-9.25,23602
17.79,-10.54,23614
18.30,-12.25,23625
18.29,-10.83,23636
18.95,-8.19,23648
21.67,-7.29,23659
22.62,-7.17,23670
16.97,-9.64,23682
17.80,-10.92,23694
21.45,-11.24,23705
21.35,-10.18,23716
15.95,-6.76,23728
19.32,-7.37,23739
21.74,-8.30,23750
21.18,-10.57,23762
21.06,-12.38,23774
20.12,-10.78,23785
16.29,-9.42,23796
19.36,-6.47,23808
23.98,-6.85,23819
20.41,-8.95,23830
17.16,-10.21,23842
20.10,-11.55,23854
21.29,-9.34,23865
22.52,-7.21,23876
21.07,-6.29,23887
18.50,-7.37,23899
19.75,-10.45,23911
21.22,-11.44,23922
21.95,-10.78,23933
19.10,-8.67,23945
17.58,-6.06,23956
19.54,-6.42,23967
23.49,-8.34,23980
21.53,-9.97,23991
16.60,-11.03,24002
18.94,-9.60,24013
19.02,-7.53,24025
21.89,-6.62,24036
25.14,-7.53,24047
18.09,-10.39,24059
16.90,-11.03,24071
20.97,-11.16,24082
20.96,-9.26,24093
20.24,-6.23,24104
20.03,-6.33,24116
21.09,-7.45,24128
22.80,-9.65,24139
22.89,-10.44,24151
19.72,-9.54,24162
18.03,-7.83,24173
18.10,-5.91,24184
24.74,-7.33,24197
22.67,-9.63,24208
16.17,-10.98,24219
20.13,-11.51,24230
19.93,-8.72,24242
20.65,-6.97,24253
24.82,-5.66,24264
20.31,-6.89,24276
18.73,-9.35,24288
21.60,-9.76,24299
23.50,-9.92,24310
17.52,-7.29,24322
19.47,-5.66,24333
21.17,-6.79,24345
21.27,-8.47,24356
21.26,-10.73,24368
19.84,-10.84,24379
18.20,-9.19,24390
18.88,-7.54,24401
23.10,-5.16,24414
23.60,-6.34,24425
18.33,-8.23,24436
19.61,-9.64,24448
22.26,-10.01,24459
21.37,-7.19,24470
21.66,-5.93,24481
20.18,-6.03,24494
20.64,-8.28,24505
17.48,-10.39,24516
22.06,-10.70,24527
21.00,-9.82,24539
15.71,-7.35,24550
18.76,-5.88,24562
23.84,-6.40,24573
22.13,-7.86,24585
17.89,-10.11,24596
20.44,-9.80,24607
18.30,-8.05,24619
20.04,-6.43,24631
21.84,-5.76,24642
21.37,-8.63,24653
18.90,-10.16,24665
18.82,-11.11,24676
20.41,-10.75,24687
19.41,-8.07,24698
17.21,-6.89,24711
20.60,-6.63,24722
20.87,-8.40,24733
18.17,-10.22,24744
20.64,-10.12,24756
19.49,-8.46,24767
16.11,-6.34,24779
21.46,-5.91,24791
20.94,-7.81,24802
18.35,-9.66,24813
21.22,-11.42,24824
18.35,-10.59,24836
15.53,-8.43,24848
22.83,-6.93,24859
21.64,-6.31,24870
18.60,-8.83,24882
20.77,-10.28,24893
18.09,-10.27,24904
19.52,-9.64,24915
21.45,-6.43,24928
19.72,-6.11,24939
20.26,-7.00,24950
19.27,-9.47,24962
19.40,-11.33,24973
21.15,-10.99,24984
16.36,-9.82,24996
18.22,-6.85,25008
21.82,-7.16,25019
20.50,-8.77,25030
20.49,-10.56,25041
20.31,-11.27,25053
17.72,-10.21,25065
19.50,-7.44,25076
22.16,-5.98,25088
19.87,-6.72,25099
22.79,-9.06,25110
19.12,-10.88,25121
18.46,-11.19,25133
22.29,-9.77,25145
18.98,-7.25,25156
17.40,-6.41,25167
22.79,-8.18,25179
18.55,-9.95,25190
16.48,-11.25,25201
23.70,-10.57,25213
16.52,-7.65,25225
16.92,-6.30,25236
25.06,-6.12,25247
22.14,-8.74,25259
17.60,-9.95,25270
21.99,-10.92,25282
17.65,-9.40,25293
18.24,-6.69,25305
22.03,-6.47,25316
20.50,-7.40,25327
20.28,-10.44,25338
20.06,-11.31,25350
18.76,-11.30,25362
19.90,-8.92,25373
18.61,-6.39,25384
18.45,-6.62,25396
23.65,-7.78,25407
21.44,-9.76,25418
18.99,-10.03,25431
19.29,-9.27,25442
18.67,-7.22,25453
20.46,-5.89,25464
22.79,-7.45,25476
18.88,-9.61,25487
18.77,-11.31,25498
18.24,-11.20,25510
19.36,-9.08,25522
21.70,-6.63,25533
20.20,-6.09,25544
20.43,-8.08,25555
24.88,-9.52,25567
20.44,-10.51,25579
21.95,-9.52,25590
19.98,-7.06,25602
18.07,-5.24,25613
22.20,-6.43,25624
25.36,-8.75,25635
17.75,-10.82,25647
17.05,-11.40,25659
21.45,-9.84,25670
19.60,-6.81,25681
19.66,-5.85,25693
21.51,-7.08,25704
19.82,-9.62,25715
18.43,-10.03,25728
25.00,-9.62,25739
19.64,-7.11,25750
16.17,-5.47,25761
20.85,-6.42,25773
23.66,-8.74,25784
18.29,-10.75,25796
19.74,-10.73,25807
18.25,-9.77,25819
17.13,-7.56,25830
20.24,-6.20,25841
23.37,-7.62,25852
18.72,-9.05,25864
18.30,-10.61,25876
18.51,-9.78,25887
18.96,-7.89,25899
21.37,-5.94,25910
18.83,-5.78,25921
19.53,-8.35,25932
19.62,-10.47,25945
16.99,-11.73,25956
21.17,-10.75,25967
16.50,-8.39,25978
16.86,-7.29,25990
19.71,-7.56,26001
22.51,-9.41,26013
19.45,-10.74,26024
19.24,-10.78,26036
17.52,-8.59,26047
18.93,-5.94,26058
22.47,-5.60,26070
21.24,-7.58,26081
20.75,-9.71,26093
20.47,-11.30,26104
20.33,-11.02,26116
20.09,-8.22,26127
19.22,-6.71,26138
19.10,-7.34,26149
22.28,-9.46,26162
22.00,-11.02,26173
20.77,-10.65,26184
18.12,-9.17,26195
18.24,-6.11,26207
22.76,-6.27,26218
22.47,-7.64,26229
19.12,-9.92,26242
17.33,-11.05,26253
22.09,-10.86,26264
20.29,-8.89,26275
21.91,-6.57,26287
21.77,-7.25,26298
18.77,-8.53,26310
22.16,-10.70,26321
20.65,-10.79,26333
21.05,-9.35,26344
20.74,-7.00,26355
18.34,-5.89,26366
21.20,-7.77,26379
26.22,-9.42,26390
20.66,-11.13,26401
17.87,-10.73,26413
22.16,-8.52,26424
21.06,-6.68,26435
20.28,-6.57,26446
24.12,-8.72,26459
19.94,-10.79,26470
17.15,-11.72,26481
20.59,-10.28,26492
22.28,-7.49,26504
17.77,-6.16,26515
20.10,-6.13,26527
22.13,-8.67,26539
22.22,-9.63,26550
19.24,-10.55,26561
18.78,-8.80,26572
19.38,-6.53,26584
18.38,-5.92,26595
22.45,-7.86,26607
24.08,-10.21,26618
15.89,-10.92,26630
20.15,-10.11,26641
23.56,-7.13,26652
17.98,-4.56,26663
23.10,-5.00,26676
23.93,-7.09,26687
16.22,-9.44,26698
19.02,-9.94,26710
23.61,-8.84,26721
17.30,-6.59,26732
20.06,-6.16,26744
22.09,-7.64,26756
20.76,-9.49,26767
20.58,-11.30,26778
19.48,-10.22,26789
18.59,-8.24,26801
18.46,-5.51,26812
20.16,-5.31,26824
23.38,-7.99,26835
18.84,-9.59,26847
17.28,-10.63,26858
21.98,-9.05,26869
17.60,-7.39,26881
19.92,-6.20,26893
22.97,-7.61,26904
18.66,-10.13,26915
20.20,-11.47,26927
19.17,-10.98,26938
18.30,-8.97,26949
19.87,-6.49,26961
19.61,-6.07,26973
20.51,-7.72,26984
22.44,-9.72,26995
16.31,-10.50,27006
20.38,-9.54,27018
20.33,-7.69,27029
18.26,-6.52,27041
22.14,-7.21,27053
21.27,-9.53,27064
15.88,-10.90,27075
20.68,-11.01,27086
22.39,-9.39,27098
15.08,-6.51,27110
19.28,-5.64,27121
22.17,-6.47,27132
22.50,-8.56,27144
20.80,-9.69,27155
18.73,-9.08,27166
18.67,-7.61,27177
20.89,-5.92,27190
20.90,-7.07,27201
23.32,-8.62,27212
17.88,-10.85,27224
16.60,-11.79,27235
23.99,-9.98,27246
18.48,-7.96,27258
18.64,-5.89,27270
23.55,-7.34,27281
19.80,-8.47,27292
19.50,-9.84,27303
24.54,-9.74,27315
16.96,-7.64,27327
18.96,-6.53,27338
23.07,-6.67,27350
22.39,-8.65,27361
20.94,-11.27,27372
18.89,-12.19,27383
16.84,-11.58,27395
19.81,-8.74,27407
18.08,-6.72,27418
20.27,-7.32,27429
22.90,-8.72,27441
18.85,-10.28,27452
20.25,-9.52,27463
25.58,-8.18,27475
18.77,-6.43,27487
19.71,-5.81,27498
25.11,-8.42,27509
19.08,-10.95,27521
19.18,-12.07,27532
22.06,-11.44,27543
16.21,-8.59,27555
19.81,-6.87,27567
23.36,-7.20,27578
20.39,-7.94,27589
22.18,-10.07,27600
18.63,-9.77,27612
20.60,-8.21,27624
22.88,-6.25,27635
19.02,-4.97,27646
21.03,-8.16,27658
21.61,-9.75,27669
16.98,-12.24,27680
22.14,-11.86,27693
20.89,-8.82,27704
15.20,-7.79,27715
20.65,-7.21,27726
23.03,-9.10,27738
18.51,-9.90,27749
19.78,-9.83,27760
20.94,-8.71,27772
18.71,-5.69,27784
22.77,-5.25,27795
22.37,-6.41,27806
19.99,-8.95,27817
19.36,-11.33,27829
18.62,-11.43,27841
19.61,-9.71,27852
18.33,-7.47,27864
17.77,-6.52,27875
21.31,-8.34,27886
21.21,-9.51,27897
19.91,-9.78,27909
21.62,-8.63,27921
19.94,-5.94,27932
19.48,-5.41,27943
25.51,-6.19,27955
21.15,-8.70,27966
17.03,-11.37,27977
17.61,-11.74,27990
19.10,-10.95,28001
19.01,-8.50,28012
20.72,-7.23,28023
18.26,-8.77,28035
17.09,-10.00,28046
20.30,-10.94,28057
23.43,-9.23,28069
19.27,-6.69,28081
17.55,-5.25,28092
20.98,-5.68,28103
22.63,-8.97,28114
22.36,-10.37,28126
19.19,-11.55,28138
14.88,-10.74,28149
17.08,-8.27,28161
19.59,-7.38,28172
20.27,-8.43,28183
19.99,-9.89,28194
19.47,-10.92,28207
18.26,-10.02,28218
23.86,-7.89,28229
20.13,-5.47,28240
18.19,-5.74,28252
21.71,-8.06,28263
22.07,-10.22,28274
19.40,-11.45,28286
22.17,-11.11,28298
18.33,-8.39,28309
-410.62,774.17,28320
20.29,-6.68,28376
17.70,-8.71,28438
23.00,-11.11,28449
19.32,-10.46,28461
16.28,-9.42,28472
22.77,-6.74,28483
21.67,-7.09,28494
18.44,-8.95,28506
20.05,-10.27,28518
18.22,-10.72,28529
19.31,-8.34,28540
18.44,773.28,28552
19.19,-10.36,28597
21.97,-11.01,28658
20.58,-9.47,28669
18.09,-7.51,28682
19.89,-4.77,28693
21.23,-5.11,28704
24.82,-7.23,28716
22.96,-8.79,28727
16.38,-10.87,28738
18.98,-9.44,28749
19.78,-7.91,28762
18.79,-6.85,28773
21.59,-8.46,28784
19.79,-10.94,28795
16.47,-11.57,28807
20.77,-11.18,28818
21.36,-7.78,28830
18.54,-5.42,28841
18.52,-4.94,28853
24.13,-6.50,28864
23.61,-8.88,28875
21.42,-10.11,28887
20.18,-9.48,28899
19.11,-7.33,28910
16.94,-6.51,28921
23.18,-8.01,28933
24.66,-10.00,28944
15.82,-11.40,28955
16.89,-11.25,28966
22.39,-9.24,28979
19.17,-5.80,28990
21.88,-5.40,29001
22.23,-6.37,29012
18.50,-8.95,29024
21.90,-10.30,29035
23.60,-9.82,29047
17.66,-8.30,29059
16.68,-6.64,29070
21.41,-8.09,29081
21.81,-10.27,29092
18.97,-12.17,29104
16.50,-12.17,29116
18.89,-10.20,29127
20.82,-7.32,29138
21.43,-5.38,29150
23.77,-6.71,29161
20.19,-8.54,29172
17.36,-9.49,29184
23.21,-9.90,29196
21.38,-7.31,29207
18.04,-6.83,29218
20.64,-7.27,29230
21.10,-9.89,29241
19.39,-11.90,29252
21.47,-11.98,29264
20.52,-11.11,29276
20.25,-7.08,29287
21.06,-5.63,29298
23.87,-5.68,29309
23.69,-7.33,29321
21.63,-9.01,29333
16.73,-9.09,29344
22.86,-7.81,29356
22.23,-5.99,29367
17.98,-6.63,29378
23.84,-9.33,29389
19.23,-10.96,29401
15.76,-12.01,29413
23.16,-11.04,29424
20.05,-7.73,29435
15.94,-6.14,29447
21.75,-5.89,29458
23.85,-7.74,29469
19.41,-9.23,29481
22.37,-9.01,29493
20.04,-7.58,29504
15.78,-5.77,29515
21.01,-5.87,29527
25.81,-8.12,29538
19.38,-10.40,29549
16.61,-12.08,29561
20.51,-11.16,29573
16.56,-8.78,29584
20.06,-6.41,29595
23.34,-6.37,29606
18.88,-8.11,29618
19.86,-9.25,29630
22.95,-9.35,29641
20.52,-7.58,29652
19.81,-5.73,29664
20.46,-5.55,29675
21.18,-7.27,29686
20.53,-9.98,29699
20.24,-11.79,29710
18.37,-11.62,29721
17.93,-9.51,29732
17.18,-7.40,29744
20.23,-7.21,29755
21.67,-8.13,29766
19.54,-9.25,29778
20.87,-9.66,29790
22.28,-8.49,29801
20.44,-5.84,29812
20.23,-4.87,29824
20.85,-6.87,29835
20.41,-9.68,29847
19.97,-11.49,29858
18.59,-11.64,29870
17.94,-9.93,29881
18.62,-7.65,29892
17.98,-6.90,29903
22.77,-8.57,29915
21.49,-9.48,29927
17.49,-10.52,29938
20.99,-8.45,29949
20.95,-6.57,29961
18.76,-4.81,29972
24.41,-5.97,29983
20.89,-8.71,29996
16.48,-10.91,30007
21.28,-11.75,30018
21.73,-10.30,30029
17.48,-7.67,30041
19.18,-6.66,30052
21.12,-7.48,30064
19.82,-9.13,30075
20.79,-9.86,30087
20.14,-9.07,30098
20.79,-5.98,30109
19.00,-4.37,30120
23.20,-4.83,30133
25.71,-7.29,30144
18.13,-10.31,30155
17.57,-11.03,30167
21.24,-10.90,30178
17.31,-8.44,30189
18.91,-7.55,30200
22.81,-8.01,30213
18.32,-9.62,30224
19.27,-10.59,30235
23.67,-9.22,30246
19.82,-7.30,30258
19.60,-4.97,30269
22.44,-5.10,30281
21.99,-7.21,30292
22.41,-9.42,30304
21.54,-10.97,30315
18.03,-10.08,30326
19.38,-8.07,30338
19.62,-6.80,30349
19.49,-7.73,30361
22.11,-9.85,30372
18.40,-11.01,30384
17.15,-10.16,30395
23.56,-7.96,30406
21.78,-4.74,30417
19.06,-4.38,30430
23.27,-6.27,30441
22.84,-8.57,30452
19.42,-10.47,30464
20.55,-9.97,30475
19.83,-8.25,30486
15.07,-6.95,30498
21.99,-7.30,30510
22.60,-9.60,30521
17.95,-10.46,30532
18.17,-10.88,30543
21.05,-8.99,30555
18.88,-5.83,30566
22.69,-5.31,30578
23.89,-6.28,30589
18.30,-8.37,30601
20.78,-10.23,30612
23.47,-9.81,30623
17.80,-8.53,30635
18.48,-6.30,30647
18.75,-7.16,30658
21.62,-9.05,30669
20.24,-10.69,30681
20.32,-10.51,30692
19.02,-8.71,30703
18.46,-6.00,30714
20.90,-4.81,30727
22.18,-5.93,30738
20.26,-8.48,30749
20.24,-9.71,30760
19.32,-10.10,30772
18.66,-8.56,30783
22.02,-6.67,30795
16.63,-7.11,30807
19.60,-8.94,30818
23.03,-11.24,30829
18.03,-11.80,30840
18.40,-10.55,30852
19.63,-7.47,30864
18.17,-5.82,30875
21.68,-5.91,30886
24.56,-7.97,30898
19.30,-9.43,30909
17.60,-9.85,30920
19.84,-8.49,30931
19.66,-6.16,30944
20.64,-7.09,30955
20.42,-8.93,30966
18.95,-11.26,30978
18.05,-12.01,30989
17.44,-10.98,31000
19.11,-7.79,31012
20.34,-5.07,31024
16.55,-5.67,31035
23.23,-7.74,31046
20.61,-10.20,31057
19.00,-10.32,31069
22.30,-9.35,31081
16.79,-6.86,31092
16.80,-7.07,31104
24.70,-8.72,31115
17.73,-10.78,31126
20.23,-12.27,31137
20.83,-11.31,31149
15.60,-8.90,31161
20.73,-6.49,31172
22.77,-5.80,31183
18.90,-7.58,31195
23.32,-9.15,31206
20.63,-10.04,31217
17.65,-8.17,31229
24.48,-6.66,31241
19.96,-5.73,31252
16.48,-7.30,31263
25.36,-10.51,31275
21.93,-11.80,31286
16.09,-11.78,31298
21.67,-8.74,31309
18.10,-6.60,31321
18.16,-5.88,31332
25.21,-7.64,31343
21.91,-9.25,31354
18.01,-9.57,31366
22.35,-8.97,31378
21.73,-6.35,31389
19.75,-5.60,31400
22.17,-6.70,31412
22.17,-9.74,31423
20.38,-11.86,31434
19.29,-11.59,31447
20.88,-10.02,31458
16.89,-7.50,31469
20.42,-6.40,31480
23.95,-7.73,31492
24.70,-8.15,31503
19.73,-9.66,31514
21.05,-8.19,31526
21.61,-6.98,31538
20.90,-5.16,31549
23.20,-6.23,31560
20.88,-8.57,31571
19.03,-10.74,31583
20.95,-11.95,31595
20.59,-10.32,31606
18.82,-7.88,31618
17.42,-6.38,31629
18.86,-7.64,31640
22.96,-9.05,31651
22.84,-9.95,31664
19.65,-9.39,31675
18.26,-7.11,31686
19.62,-5.36,31697
23.29,-5.53,31709
22.17,-8.42,31720
17.56,-10.49,31731
17.17,-11.75,31744
19.46,-11.22,31755
18.93,-8.18,31766
20.19,-7.48,31777
17.41,-7.88,31789
17.48,-9.92,31800
21.98,-11.30,31812
22.49,-10.15,31823
20.47,-8.31,31835
17.76,-5.04,31846
18.63,-5.28,31857
24.06,-6.77,31868
22.57,-9.24,31881
17.73,-11.14,31892
17.27,-10.85,31903
17.65,-9.00,31915
19.01,-7.74,31926
20.98,-8.23,31937
18.57,-9.88,31948
16.03,-11.02,31961
20.51,-10.60,31972
20.56,-9.03,31983
21.09,-5.85,31994
19.22,-5.03,32006
19.05,-6.28,32017
23.45,-8.30,32029
23.17,-10.27,32040
17.69,-10.36,32052
16.72,-8.92,32063
19.00,-7.55,32074
20.43,-7.71,32086
23.87,-9.54,32097
20.48,-10.81,32109
15.36,-11.66,32120
20.57,-9.70,32132
24.49,-6.54,32143
20.31,-5.34,32154
20.18,-5.60,32165
21.17,-8.44,32178
20.94,-10.20,32189
22.69,-10.99,32200
23.29,-9.34,32211
14.86,-6.89,32223
15.87,-7.68,32234
24.72,-8.93,32246
22.35,-11.19,32258
16.78,-11.81,32269
18.06,-10.49,32280
18.08,-7.46,32291
21.98,-5.06,32303
23.81,-5.71,32314
20.49,-7.26,32326
18.57,-9.55,32337
20.10,-10.33,32349
24.06,-8.92,32360
19.73,-6.84,32371
18.12,-6.30,32382
19.46,-8.94,32395
22.75,-10.75,32406
22.76,-11.89,32417
20.17,-10.42,32429
15.86,-7.63,32440
17.38,-5.55,32451
25.70,-5.25,32463
26.55,-7.67,32475
21.35,-9.04,32486
17.90,-9.85,32497
19.72,-8.83,32508
25.06,-6.70,32520
23.40,-6.52,32531
19.33,-7.86,32543
18.73,-10.70,32555
19.90,-11.58,32566
21.86,-10.84,32577
24.02,-7.54,32588
15.87,-5.00,32600
16.52,-4.99,32612
25.55,-7.32,32623
26.39,-9.55,32634
18.95,-10.02,32646
19.16,-9.28,32657
17.36,-7.06,32668
20.48,-6.86,32680
25.52,-7.77,32692
19.97,-10.19,32703
15.70,-11.36,32714
18.84,-10.95,32726
22.62,-8.75,32737
20.84,-5.71,32748
16.44,-5.80,32760
17.89,-7.13,32772
22.43,-9.34,32783
23.21,-10.11,32794
21.46,-8.78,32805
15.60,-7.06,32817
13.41,-5.74,32829
21.84,-7.48,32840
26.67,-9.50,32851
19.64,-11.21,32863
16.89,-11.48,32874
16.38,-9.56,32885
19.78,-7.28,32898
25.23,-5.74,32909
20.21,-7.40,32920
16.30,-8.93,32931
19.72,-10.04,32943
22.59,-9.59,32954
20.24,-7.44,32965
18.41,-6.21,32977
17.10,-6.87,32989
21.11,-9.51,33000
24.30,-11.51,33011
20.28,-11.56,33022
17.34,-10.10,33034
15.06,-7.33,33046
19.03,-6.29,33057
24.22,-7.46,33069
25.34,-9.10,33080
15.52,-10.10,33091
17.61,-9.98,33102
22.22,-8.35,33115
22.12,-6.42,33126
17.78,-6.96,33137
15.91,-8.88,33148
18.59,-11.24,33160
21.74,-11.45,33171
20.20,-10.17,33182
19.01,-7.15,33195
14.61,-5.72,33206
19.43,-6.69,33217
26.80,-8.47,33228
22.60,-10.14,33240
14.89,-9.71,33251
17.90,-8.61,33263
21.09,-6.19,33274
22.45,-6.06,33286
22.99,-8.06,33297
16.96,-9.31,33308
17.75,-10.89,33319
19.53,-9.95,33332
24.80,-7.30,33343
21.50,-5.81,33354
16.19,-5.85,33366
20.43,-7.96,33377
25.36,-9.29,33388
20.44,-9.66,33399
23.33,-8.34,33412
19.45,-5.62,33423
15.85,-6.08,33434
25.06,-8.05,33445
26.55,-10.52,33457
14.71,-11.52,33468
19.38,-10.81,33480
21.45,-8.49,33491
18.22,-6.34,33503
23.39,-6.25,33514
22.25,-8.08,33525
18.71,-9.82,33537
20.27,-9.92,33549
21.26,-8.88,33560
22.18,-6.46,33571
18.16,-6.52,33583
19.66,-7.41,33594
22.79,-10.13,33605
22.32,-11.35,33617
17.83,-10.39,33629
21.84,-8.41,33640
16.96,-5.43,33651
20.12,-5.36,33662
25.17,-7.20,33674
20.99,-8.86,33685
17.26,-10.27,33697
22.18,-8.62,33709
20.61,-7.28,33720
20.64,-6.01,33731
18.32,-6.74,33742
20.29,-9.60,33754
20.05,-10.56,33766
19.75,-11.47,33777
20.77,-8.68,33788
16.88,-6.63,33800
21.73,-6.49,33812
25.21,-7.84,33823
17.74,-10.05,33835
17.65,-10.53,33846
20.80,-9.93,33857
18.75,-8.08,33868
20.97,-6.22,33880
21.82,-7.31,33892
19.32,-9.64,33903
17.82,-11.81,33914
19.55,-11.59,33926
19.33,-9.93,33937
18.17,-7.25,33948
21.22,-6.27,33959
21.42,-7.25,33972
19.15,-9.32,33983
19.86,-10.41,33994
20.68,-9.96,34006
14.70,-7.93,34017
18.88,-6.30,34028
23.41,-7.20,34039
17.58,-8.98,34052
16.81,-11.49,34063
21.31,-11.56,34074
16.28,-10.12,34085
18.14,-7.64,34097
22.20,-5.81,34108
20.08,-7.22,34119
19.09,-9.06,34131
21.19,-10.48,34143
17.92,-10.51,34154
17.92,-8.66,34165
18.32,-7.38,34177
19.40,-7.08,34188
20.50,-8.65,34200
21.69,-10.85,34211
17.39,-11.09,34223
19.64,-10.42,34234
19.14,-7.46,34245
18.18,-6.28,34256
21.63,-6.86,34268
19.25,-8.74,34280
18.31,-10.38,34291
23.09,-10.74,34302
18.79,-9.80,34314
19.07,-6.76,34325
21.71,-6.57,34336
18.40,-8.28,34349
20.96,-9.88,34360
20.47,-10.70,34371
17.78,-9.82,34382
18.92,-7.23,34394
21.18,-5.71,34405
21.93,-5.83,34417
22.58,-7.33,34428
18.60,-9.52,34440
19.73,-9.82,34451
21.97,-9.29,34462
19.33,-6.38,34473
19.47,-5.55,34485
20.59,-7.22,34497
20.17,-9.24,34508
19.33,-11.12,34520
21.68,-10.77,34531
19.87,-8.30,34542
17.85,-5.99,34553
20.71,-5.52,34566
23.84,-8.20,34577
20.08,-9.07,34588
18.03,-9.72,34599
24.49,-8.81,34611
18.43,-6.00,34622
19.84,-5.59,34634
23.91,-6.44,34646
19.95,-9.35,34657
19.28,-10.90,34668
21.24,-10.91,34679
19.26,-9.05,34691
18.58,-6.17,34702
24.07,-6.40,34714
21.33,-7.12,34725
-414.19,774.17,34737
-398.54,379.09,34808
22.12,377.87,34821
21.27,-10.18,34893
20.31,-9.14,34910
18.17,-7.08,34922
21.90,-5.02,34933
24.76,-6.43,34945
23.82,-8.53,34956
19.95,-10.45,34967
17.23,-11.09,34978
22.41,-9.33,34990
20.41,-7.38,35002
19.55,-6.12,35013
19.87,-7.64,35024
-413.89,775.52,35036
19.25,378.85,35109
-412.69,774.46,35198
17.41,774.17,35272
20.32,380.10,35356
-413.51,774.48,35394
22.99,774.53,35468
20.41,-8.62,35548
15.83,-7.04,35607
17.27,-7.05,35618
22.65,-9.33,35630
19.36,-11.09,35641
23.46,774.37,35652
20.84,-5.77,35715
20.86,-8.05,35776
20.59,-9.99,35787
19.88,-11.47,35799
20.94,-10.47,35810
17.77,-7.98,35822
15.93,-5.90,35833
22.86,-5.26,35845
24.84,-8.02,35856
21.36,-9.09,35867
19.60,-9.51,35878
18.64,-8.88,35890
21.11,-6.50,35902
23.45,-6.39,35913
21.26,-7.07,35924
19.34,-9.90,35936
16.39,-11.24,35947
23.99,774.69,35958
-186.26,-6.35,36020
21.71,-8.72,36082
19.70,774.42,36150
20.08,774.58,36162
18.39,-6.38,36173
20.17,-7.49,36228
23.11,-10.36,36240
21.65,-11.27,36251
16.95,-10.59,36262
19.12,-7.92,36274
19.37,-5.86,36285
18.69,-6.80,36296
22.49,-8.14,36308
-414.11,774.47,36320
17.38,774.17,36381
21.07,-6.66,36433
21.27,-5.94,36445
23.13,-7.65,36456
21.32,-9.04,36467
19.32,-9.74,36478
22.84,-8.51,36490
20.99,-6.10,36502
20.71,-5.03,36513
23.99,-5.95,36525
20.16,-9.05,36536
18.28,-10.54,36547
-414.67,774.59,36558
23.20,-8.00,36630
22.27,-10.02,36691
16.10,-11.16,36703
17.06,-10.70,36715
23.17,-9.03,36726
18.01,-7.01,36738
19.51,-7.72,36749
23.16,-9.24,36760
18.54,-10.77,36771
21.10,-10.87,36784
22.14,-8.25,36795
16.10,-6.44,36806
20.56,-6.04,36817
20.94,-7.88,36829
19.61,-10.49,36840
21.50,-11.48,36851
15.77,-11.20,36864
18.04,-9.01,36875
20.71,-7.09,36886
18.77,-7.14,36897
20.81,-8.78,36909
19.25,-10.83,36920
16.94,-10.76,36932
22.86,-9.38,36943
19.83,-6.80,36955
16.39,-5.60,36966
20.89,-7.56,36977
21.89,-9.22,36988
19.70,-11.79,37001
20.94,-11.62,37012
17.80,-9.98,37023
17.70,-7.96,37035
19.90,-7.38,37046
21.91,-9.66,37057
21.74,-10.65,37068
17.70,-11.19,37081
16.76,-10.60,37092
22.02,-6.83,37103
22.11,-5.83,37114
18.06,-6.39,37126
22.78,-8.62,37137
21.92,-10.99,37149
18.10,-11.14,37160
19.92,-10.45,37172
18.07,-7.75,37183
14.98,-7.90,37194
20.21,-9.02,37206
23.06,-10.78,37217
18.69,-11.37,37229
17.07,-9.79,37240
20.12,-7.54,37252
19.15,-5.50,37263
19.87,-6.17,37274
24.38,-8.41,37285
21.18,-10.54,37298
17.05,-10.95,37309
20.37,-10.51,37320
20.18,-7.74,37331
16.54,-7.28,37343
20.98,-8.05,37354
20.52,-10.24,37366
19.27,-11.82,37378
19.26,-9.68,37389
20.46,-7.54,37400
18.27,-5.04,37411
20.15,-5.27,37423
23.25,-7.60,37434
21.60,-9.33,37446
20.96,-10.36,37457
19.19,-9.64,37469
19.36,-7.55,37480
18.29,-7.35,37491
20.87,-8.24,37502
19.76,-10.32,37515
19.10,-11.36,37526
17.07,-10.54,37537
22.01,-8.50,37549
19.47,-5.29,37561
20.01,-4.81,37572
22.47,-6.25,37583
22.54,-8.18,37595
20.76,-9.67,37606
20.93,774.65,37617
-413.81,774.80,37679
18.93,-7.62,37736
23.35,-5.14,37797
21.45,-6.49,37809
20.52,-8.21,37821
18.45,-10.76,37832
18.34,-11.81,37843
22.91,-10.51,37855
21.44,-7.58,37866
20.59,-4.86,37877
21.00,-5.45,37889
20.55,-7.51,37901
21.96,-8.74,37912
22.91,-9.42,37923
-188.78,-7.69,37935
18.86,-11.77,37996
17.87,-7.19,38057
25.16,-8.64,38069
23.30,-8.84,38081
19.85,-8.20,38092
22.78,-5.91,38104
18.73,-5.69,38115
19.84,-7.70,38126
23.06,-10.67,38137
15.81,-12.17,38149
16.23,-11.66,38161
23.69,-9.04,38172
25.15,-6.73,38183
19.63,-6.24,38195
19.31,-7.72,38206
17.57,-9.04,38217
20.34,-9.20,38228
23.61,-8.13,38241
23.98,-5.92,38252
17.94,-5.42,38263
17.13,-6.64,38275
21.44,-9.41,38286
20.85,-11.88,38297
17.71,-11.58,38308
17.46,-9.93,38321
20.56,-7.10,38332
23.65,-6.17,38343
21.36,-8.07,38354
17.80,-8.97,38366
17.76,-10.41,38377
18.83,-8.84,38388
19.88,-6.89,38401
22.16,-5.99,38412
15.96,-6.70,38423
15.70,-10.26,38434
21.56,-11.26,38446
19.39,-12.76,38457
17.38,-10.94,38468
21.19,-8.44,38480
19.19,-7.42,38492
20.42,-8.12,38503
19.80,-9.75,38514
19.81,-10.10,38525
18.59,-9.65,38537
19.54,-7.02,38548
23.06,-5.65,38560
20.82,-6.40,38572
13.78,-8.81,38583
16.69,-10.95,38594
20.85,-11.75,38605
18.65,-10.83,38617
24.14,-8.13,38628
25.64,774.69,38640
19.88,-11.79,38682
16.89,-10.63,38744
17.60,-9.06,38755
19.00,-6.70,38766
25.52,-7.34,38777
22.82,-9.13,38790
16.29,-10.42,38801
20.02,-10.48,38812
23.83,-8.12,38823
20.48,-5.56,38835
21.56,-5.06,38846
-413.68,774.57,38858
21.36,-8.61,38920
22.25,-6.70,38981
22.61,-4.94,38992
26.04,-5.53,39004
21.44,-8.66,39015
17.42,-10.34,39027
21.11,-11.69,39038
20.34,-10.00,39050
17.91,-7.61,39061
18.72,-7.00,39072
19.06,-7.36,39084
22.26,-9.94,39096
22.67,-9.92,39107
20.97,-9.82,39118
19.69,-7.34,39130
16.53,-4.93,39141
20.92,-5.88,39152
26.25,-7.94,39163
17.56,-10.90,39176
17.97,-12.07,39187
18.72,-11.53,39198
17.30,-9.26,39209
21.43,-7.71,39221
19.64,-8.43,39232
17.27,-9.87,39244
20.84,-10.64,39256
18.78,-9.98,39267
22.52,-8.01,39278
20.38,-5.61,39289
13.98,-5.45,39301
22.78,-7.51,39313
26.23,-9.96,39324
14.83,-11.66,39335
17.61,-10.91,39347
15.50,-8.96,39358
14.77,-7.64,39369
24.50,-8.15,39382
22.59,-10.09,39393
12.55,-10.67,39404
17.98,-10.15,39415
22.17,-8.01,39427
21.35,-5.73,39438
21.03,-4.69,39449
19.00,-6.30,39461
18.93,-9.07,39473
20.74,-10.51,39484
20.97,-11.22,39495
18.30,-9.03,39506
13.35,-7.38,39518
18.36,-7.42,39530
25.40,-9.18,39541
17.47,-10.90,39553
17.36,-10.35,39564
-413.22,774.08,39575
18.50,-8.58,39636
-188.88,774.17,39699
19.52,-4.82,39757
21.10,-9.55,39820
20.84,-7.68,39831
15.75,-7.22,39842
18.17,-8.76,39854
23.34,-10.43,39865
21.41,-11.94,39876
24.46,774.64,39887
24.88,-7.61,39931
13.08,-10.26,39993
17.17,-11.45,40005
23.31,-11.30,40016
18.31,-9.19,40028
-413.39,774.58,40039
6.56,-11.62,40113
20.92,-10.65,40174
28.02,-6.99,40185
13.55,-5.68,40197
24.51,-4.93,40208
24.55,-7.55,40219
12.13,-8.61,40231
26.80,-9.20,40243
24.80,-8.74,40254
12.19,-6.30,40265
19.03,-7.03,40276
24.61,-8.64,40288
18.83,-10.65,40299
20.65,-12.35,40311
15.92,-11.12,40323
16.81,-8.81,40334
23.01,-6.15,40345
23.25,-5.46,40356
23.18,-7.33,40368
17.18,-8.79,40380
18.73,-9.93,40391
27.44,-8.67,40402
19.84,-6.72,40414
16.21,-6.50,40425
20.91,-7.72,40436
18.49,-10.84,40449
21.51,-12.42,40460
22.34,-11.77,40471
12.60,-10.22,40482
15.00,-7.16,40494
25.91,-6.67,40505
24.16,-7.84,40517
19.80,-9.32,40528
18.54,-10.31,40540
15.32,-9.15,40551
20.21,-7.38,40562
27.30,-6.42,40573
18.33,-7.07,40585
14.89,-10.30,40597
20.62,-11.78,40608
20.29,-11.94,40620
16.81,-10.69,40631
20.88,-7.21,40642
16.15,-6.59,40653
19.22,-7.72,40666
29.91,-9.32,40677
18.30,-10.12,40688
17.63,-8.90,40699
21.47,-7.30,40711
17.63,-5.08,40722
23.25,-6.62,40734
24.59,-9.37,40745
14.59,-11.51,40757
17.79,-12.10,40768
23.35,-10.28,40779
19.90,-7.44,40791
17.47,-6.03,40802
21.83,-6.73,40814
19.78,-8.84,40825
21.33,-9.73,40837
23.45,-9.34,40848
20.63,-7.51,40859
16.77,-5.11,40870
22.19,-6.06,40883
25.33,-8.89,40894
19.93,-10.87,40905
16.93,-11.67,40916
21.59,-10.23,40928
15.29,-7.63,40939
21.51,-6.64,40951
24.89,-6.72,40963
17.18,-9.37,40974
18.53,-9.91,40985
25.07,-9.67,40996
21.25,-7.58,41008
19.26,-5.03,41019
21.86,-5.26,41031
22.16,-7.38,41042
22.73,-9.98,41054
23.41,-10.81,41065
20.67,-10.58,41076
17.63,-8.44,41088
19.30,-6.61,41100
22.27,-7.23,41111
22.10,-8.96,41122
18.73,-10.80,41134
19.18,-10.55,41145
19.79,-8.26,41156
22.12,-5.81,41168
21.47,-4.94,41180
20.13,-6.33,41191
20.42,-8.25,41202
23.10,-10.72,41213
21.40,-10.33,41225
20.61,-8.68,41237
17.06,-6.89,41248
20.88,-7.26,41260
21.45,-9.27,41271
23.08,-10.25,41282
18.19,-10.57,41293
15.16,-8.99,41305
18.64,-6.39,41317
24.14,-4.99,41328
22.38,-6.65,41339
19.97,-8.45,41351
19.35,-9.99,41362
19.45,-10.36,41373
20.87,-8.53,41385
22.11,-6.28,41397
14.65,-6.33,41408
17.06,-8.72,41419
24.56,-10.79,41431
20.51,-11.59,41442
16.25,-10.19,41454
18.04,-7.01,41465
14.62,-5.45,41477
22.13,-5.46,41488
29.97,-8.37,41499
16.02,-9.21,41510
13.31,-10.65,41522
23.50,-9.24,41534
20.17,-7.27,41545
20.15,-6.93,41556
21.21,-8.51,41568
12.85,-10.81,41579
17.97,-11.84,41590
25.54,-11.26,41603
18.53,-8.35,41614
13.59,-5.83,41625
19.78,-6.06,41636
21.69,-7.64,41648
24.82,-9.79,41659
21.78,-10.37,41671
14.97,-9.26,41682
15.05,-7.55,41694
21.98,-6.59,41705
24.68,-8.63,41716
17.32,-10.55,41728
17.22,-12.07,41739
20.82,-11.15,41751
17.92,-7.79,41762
22.72,-5.89,41774
22.32,-5.15,41785
15.86,-7.58,41796
23.13,-9.03,41807
23.43,-10.68,41820
17.42,-9.77,41831
17.73,-6.94,41842
19.67,-6.22,41853
19.50,-7.28,41865
23.83,-9.70,41876
20.10,-11.54,41888
14.06,-11.41,41900
17.70,-10.05,41911
21.09,-6.65,41922
19.67,-6.37,41933
19.57,-7.44,41945
22.88,-9.18,41956
19.22,-10.21,41968
21.23,-9.49,41979
25.03,-7.47,41991
17.14,-5.37,42002
19.19,-6.82,42013
26.68,-9.27,42024
20.01,-11.19,42037
14.89,-11.35,42048
24.67,-10.10,42059
16.89,-7.31,42071
20.64,-6.31,42082
24.75,-7.22,42093
18.49,-8.68,42105
17.78,-10.46,42117
22.70,-9.23,42128
19.57,-7.03,42139
23.19,-5.02,42150
19.16,-5.70,42162
19.30,-8.25,42173
25.24,-10.05,42185
19.41,-11.19,42196
16.56,-9.91,42208
-413.03,774.70,42219
-414.32,377.24,42292
16.46,-10.71,42354
19.82,-9.84,42427
20.37,-8.28,42438
17.53,-5.92,42449
21.32,-5.90,42462
22.24,-7.98,42473
16.74,-10.03,42484
-189.23,377.70,42496
