210.08,1292.52,1487
210.01,1292.66,1499
210.71,1292.51,1510
210.49,1292.00,1522
210.38,1291.85,1533
210.43,1292.05,1546
210.10,1292.31,1557
210.55,1292.74,1569
210.81,1292.83,1581
210.10,1292.92,1593
210.21,1292.68,1604
210.47,1292.37,1616
210.54,1292.47,1628
210.73,1292.49,1640
210.52,1292.79,1651
210.00,1293.16,1664
210.27,1293.22,1675
211.02,1293.12,1687
209.95,1292.74,1698
210.17,1292.14,1711
210.86,1291.60,1722
210.34,1291.66,1734
210.31,1292.01,1745
210.52,1292.71,1757
210.42,1293.16,1769
210.32,1293.31,1780
210.28,1293.00,1793
210.24,1292.58,1804
210.05,1292.73,1816
210.33,1292.69,1827
210.59,1292.90,1840
210.30,1293.36,1851
210.20,1293.26,1863
210.30,1293.19,1874
210.15,1293.31,1887
210.32,1293.13,1898
210.31,1293.02,1910
210.20,1292.51,1922
210.79,1291.94,1934
210.92,1292.04,1945
210.14,1292.07,1957
210.65,1292.71,1969
210.89,1292.90,1981
209.87,1292.80,1992
210.37,1292.99,2003
210.12,1293.09,2016
210.01,1293.21,2027
210.92,1293.08,2039
210.39,1292.73,2051
210.19,1292.82,2063
209.90,1292.79,2074
210.98,1293.04,2086
210.50,1293.00,2098
209.75,1292.88,2110
210.40,1292.83,2121
210.10,1292.44,2134
210.80,1291.89,2145
211.16,1291.60,2157
209.98,1291.76,2168
210.31,1292.20,2181
210.47,1292.41,2192
210.17,1292.74,2204
210.93,1292.79,2215
209.93,1292.64,2228
209.71,1292.28,2239
211.11,1292.16,2250
210.23,1292.31,2263
210.17,1292.43,2274
210.96,1292.80,2286
209.72,1293.14,2297
210.30,1293.38,2310
210.90,1293.16,2321
209.60,1292.67,2333
210.43,1292.55,2344
210.70,1292.22,2357
210.43,1292.28,2368
211.10,1292.71,2380
210.40,1292.98,2392
210.21,1292.84,2404
210.66,1292.65,2415
210.31,1292.75,2427
210.58,1292.68,2439
210.41,1292.94,2451
210.49,1293.25,2462
210.16,1293.08,2475
210.94,1292.74,2486
210.25,1292.94,2497
209.97,1293.32,2509
210.62,1292.92,2521
210.23,1293.06,2533
210.28,1292.98,2544
210.51,1292.69,2556
210.38,1292.57,2568
210.51,1292.23,2580
210.38,1292.38,2591
210.64,1292.70,2604
210.27,1292.39,2615
210.27,1292.56,2627
211.05,1292.88,2638
210.12,1293.08,2651
210.43,1293.27,2662
210.85,1292.99,2674
209.94,1293.03,2685
210.74,1292.49,2698
210.82,1292.32,2709
209.87,1292.86,2721
210.80,1292.86,2733
210.40,1292.95,2744
209.83,1292.95,2756
211.12,1292.63,2767
210.34,1292.27,2780
209.95,1292.26,2791
210.78,1292.40,2803
210.34,1292.42,2814
210.58,1292.89,2827
210.22,1292.73,2838
210.60,1292.22,2850
209.80,1291.99,2862
210.44,1292.21,2874
210.68,1292.21,2885
210.27,1292.27,2897
210.94,1292.84,2909
210.36,1293.15,2921
210.02,1293.28,2932
210.99,1293.36,2945
209.97,1293.17,2956
210.02,1292.15,2968
210.89,1292.51,2979
210.10,1291.90,2991
210.33,1292.98,3003
211.50,1292.69,3014
209.69,1292.63,3026
210.11,1292.75,3038
211.08,1292.35,3050
209.97,1292.24,3061
210.89,1292.70,3074
210.74,1292.80,3085
209.83,1293.14,3097
210.40,1293.43,3108
210.61,1293.52,3121
210.19,1293.36,3132
210.78,1293.28,3144
210.21,1293.12,3155
209.67,1293.03,3168
210.72,1292.97,3179
210.24,1293.14,3191
210.01,1293.24,3203
210.48,1293.10,3214
210.28,1293.02,3226
210.37,1292.25,3237
210.81,1291.83,3250
210.24,1291.79,3261
210.26,1292.31,3273
211.20,1292.85,3284
210.11,1293.28,3297
209.87,1293.17,3308
210.94,1293.03,3320
210.44,1292.79,3332
210.37,1292.55,3344
210.61,1292.45,3355
210.12,1292.73,3367
210.25,1293.03,3379
210.50,1292.78,3391
210.49,1292.55,3402
210.25,1292.28,3415
210.30,1292.18,3426
210.31,1291.94,3438
210.63,1292.03,3449
210.50,1292.20,3461
210.21,1292.17,3473
210.67,1292.40,3484
210.65,1292.36,3496
210.17,1292.30,3508
210.38,1292.24,3520
210.68,1291.96,3531
210.29,1291.77,3544
210.12,1292.32,3555
210.79,1293.27,3567
210.39,1292.83,3578
210.33,1292.84,3591
210.56,1292.67,3602
210.60,1292.57,3614
210.79,1292.76,3625
210.55,1292.92,3638
210.27,1292.82,3649
210.27,1292.80,3661
210.48,1292.80,3673
210.61,1292.94,3685
210.69,1292.58,3696
210.24,1292.68,3708
210.44,1293.12,3720
210.72,1293.32,3731
210.36,1293.36,3743
210.36,1292.97,3755
210.38,1292.67,3767
210.30,1292.59,3778
210.37,1292.93,3790
210.54,1293.24,3802
210.33,1293.42,3814
209.90,1293.18,3825
210.33,1292.98,3837
210.52,1292.78,3849
210.39,1292.25,3861
210.51,1292.09,3872
210.61,1292.19,3885
210.55,1292.46,3896
210.43,1292.97,3908
210.16,1293.15,3919
210.07,1293.45,3932
210.31,1293.49,3943
210.48,1293.12,3954
210.34,1292.69,3966
210.55,1292.27,3978
210.25,1292.45,3990
210.40,1292.58,4001
209.98,1292.70,4014
210.33,1292.67,4025
210.28,1292.54,4037
210.09,1292.69,4048
210.76,1292.38,4061
210.39,1291.95,4072
210.32,1291.84,4084
210.54,1291.97,4096
210.50,1292.26,4108
210.69,1292.36,4119
210.00,1292.95,4131
210.19,1293.27,4143
210.37,1293.20,4155
210.35,1292.68,4166
210.68,1292.25,4178
210.29,1291.90,4190
210.02,1292.22,4201
210.86,1292.75,4213
210.76,1293.43,4225
210.04,1293.25,4237
210.31,1293.15,4248
210.14,1292.96,4260
210.21,1292.81,4272
211.23,1292.78,4284
210.49,1292.52,4295
209.80,1292.68,4307
210.76,1292.81,4319
210.57,1293.26,4331
210.13,1293.34,4342
210.20,1293.22,4355
210.25,1293.40,4366
210.29,1293.19,4378
210.50,1293.00,4389
209.83,1293.03,4402
210.10,1293.01,4413
210.60,1293.23,4425
210.15,1293.05,4436
210.48,1292.71,4448
210.47,1292.49,4460
209.86,1292.34,4471
210.65,1292.71,4484
210.91,1292.70,4495
210.11,1292.52,4507
210.60,1292.41,4518
210.95,1292.35,4531
210.29,1292.35,4542
210.39,1292.45,4554
210.48,1292.38,4566
210.09,1292.41,4578
210.38,1292.57,4589
210.59,1292.56,4601
210.58,1292.51,4613
210.14,1292.37,4625
210.13,1292.06,4636
210.66,1292.43,4648
210.55,1292.46,4660
210.24,1292.61,4672
210.42,1292.84,4683
210.41,1292.98,4695
210.23,1293.13,4707
210.35,1292.67,4718
210.58,1292.32,4730
210.43,1292.09,4742
210.39,1291.81,4754
210.58,1291.98,4765
210.60,1292.62,4777
210.43,1292.97,4789
210.69,1293.10,4801
210.19,1293.16,4812
210.44,1293.06,4825
210.45,1292.86,4836
210.07,1292.37,4848
210.77,1292.24,4859
210.49,1292.14,4872
210.29,1292.34,4883
210.33,1293.24,4895
209.99,1293.70,4907
209.94,1293.87,4919
210.32,1293.71,4930
210.49,1293.10,4941
210.08,1292.68,4954
210.58,1292.31,4965
210.88,1292.12,4977
210.31,1292.56,4988
210.10,1293.25,5001
210.19,1293.97,5012
210.39,1293.67,5024
210.19,1293.25,5036
210.35,1292.71,5048
210.34,1292.11,5059
210.36,1291.91,5071
211.20,1292.27,5083
210.43,1292.89,5095
209.73,1293.21,5106
210.35,1293.56,5118
210.32,1293.59,5130
210.41,1292.89,5142
210.66,1292.35,5153
210.39,1292.09,5166
210.52,1292.27,5177
210.73,1292.57,5188
210.34,1292.62,5200
209.75,1292.76,5212
210.29,1293.00,5224
210.44,1292.65,5235
210.57,1292.31,5248
210.21,1291.85,5259
209.96,1291.71,5271
210.61,1292.04,5282
211.11,1292.46,5295
210.43,1292.56,5306
209.75,1292.81,5318
210.63,1292.93,5329
210.34,1292.70,5342
210.77,1292.69,5353
210.45,1292.58,5365
209.78,1292.58,5377
210.55,1292.73,5389
210.84,1292.83,5400
210.44,1292.77,5412
210.33,1292.81,5424
210.26,1292.87,5435
210.33,1293.07,5447
210.54,1292.88,5458
210.38,1292.41,5471
210.25,1292.47,5482
210.68,1292.50,5494
210.42,1292.33,5506
210.58,1292.52,5518
210.53,1292.89,5529
209.98,1293.25,5541
210.29,1293.36,5553
210.38,1293.18,5565
210.24,1292.80,5576
210.46,1292.55,5588
210.50,1292.52,5600
210.59,1292.79,5612
210.38,1293.03,5623
210.39,1293.36,5636
210.49,1293.40,5647
210.24,1292.82,5659
210.49,1292.82,5670
210.59,1292.67,5682
210.49,1292.77,5694
210.19,1292.80,5705
210.50,1292.67,5718
210.35,1292.71,5729
210.00,1292.77,5741
210.59,1292.68,5752
210.67,1292.83,5765

