212.76,1254.19,1001
213.85,1253.12,1002
219.73,1253.54,1010
220.89,1253.84,1022
216.47,1254.05,1034
213.03,1253.58,1045
215.13,1253.69,1056
219.48,1254.86,1068
219.86,1255.34,1079
215.54,1254.67,1090
212.82,1253.35,1101
216.48,1253.38,1114
220.39,1253.89,1125
218.60,1254.32,1136
214.54,1254.20,1147
213.86,1253.95,1159
217.49,1254.59,1170
219.74,1255.37,1181
217.97,1255.18,1193
214.41,1254.20,1205
213.95,1253.66,1216
218.78,1254.23,1228
219.83,1255.24,1240
216.05,1255.28,1252
214.46,1254.95,1263
215.35,1255.07,1275
218.19,1255.49,1287
219.16,1255.23,1298
216.15,1254.45,1310
214.57,1253.87,1321
216.48,1254.16,1334
218.77,1254.52,1345
218.05,1254.56,1357
215.08,1254.76,1369
215.26,1254.71,1381
217.39,1254.81,1392
217.71,1255.03,1404
216.99,1254.55,1416
216.10,1253.85,1428
215.82,1253.84,1439
217.46,1254.33,1452
218.13,1254.77,1463
216.33,1254.89,1475
215.60,1254.62,1486
216.71,1254.56,1499
217.22,1254.91,1510
216.91,1254.61,1522
216.30,1254.36,1533
216.18,1253.86,1545
216.89,1253.30,1557
217.23,1253.73,1568
216.82,1254.20,1581
216.87,1254.25,1592
217.39,1254.18,1604
216.68,1254.22,1615
216.14,1254.52,1628
216.44,1254.53,1639
217.35,1254.19,1651
217.02,1253.85,1662
216.33,1253.53,1675
216.52,1254.17,1686
216.73,1254.48,1698
217.85,1254.75,1710
217.17,1254.58,1722
215.20,1254.12,1733
216.25,1254.05,1745
217.79,1253.67,1757
217.77,1253.33,1769
217.14,1253.32,1780
215.44,1253.62,1792
216.00,1254.26,1804
218.09,1254.52,1815
217.92,1254.12,1827
215.96,1253.86,1839
215.15,1254.42,1851
216.72,1254.71,1862
218.62,1254.35,1874
217.64,1253.90,1886
215.26,1253.68,1898
215.21,1254.00,1909
217.05,1254.55,1922
218.36,1254.42,1933
217.59,1254.11,1945
214.82,1254.19,1956
215.19,1254.65,1969
218.39,1254.98,1980
217.02,1254.55,1992
214.43,1254.09,2003
215.47,1254.11,2015
218.76,1254.66,2027
218.35,1254.76,2038
215.92,1254.94,2051
214.67,1254.99,2062
216.17,1255.66,2074
218.72,1255.98,2085
217.82,1255.28,2098
215.35,1254.40,2109
215.18,1254.30,2121
216.73,1254.99,2132
218.77,1255.35,2145
217.95,1254.85,2156
214.67,1254.55,2168
215.22,1254.49,2180
218.31,1254.86,2192
218.36,1254.84,2203
216.69,1254.20,2215
215.48,1253.93,2227
215.68,1254.37,2239
217.59,1254.82,2250
218.28,1254.73,2262
216.70,1254.45,2274
215.02,1254.58,2285
215.85,1255.06,2297
218.45,1255.27,2309
217.89,1255.02,2321
215.50,1254.34,2332
215.92,1253.67,2344
217.37,1253.79,2356
217.01,1253.98,2368
216.33,1253.73,2379
215.86,1253.60,2392
216.86,1253.81,2403
218.21,1254.00,2415
217.29,1253.98,2426
215.82,1253.83,2439
216.67,1253.60,2450
218.15,1253.29,2462
217.31,1253.22,2473
216.29,1253.41,2486
216.67,1253.73,2497
216.78,1254.19,2508
217.04,1254.63,2521
217.09,1254.65,2532
216.18,1254.39,2544
216.28,1253.69,2555
217.48,1253.10,2568
217.29,1252.81,2579
216.64,1253.00,2591
216.68,1253.45,2603
216.72,1254.36,2615
217.36,1254.82,2626
216.95,1254.80,2638
215.94,1254.64,2650
216.56,1254.31,2662
217.14,1253.84,2673
217.23,1253.75,2685
216.99,1254.11,2697
216.08,1254.78,2709
216.49,1255.63,2720
217.37,1255.68,2733
216.76,1255.59,2744
216.35,1255.33,2755
217.02,1254.88,2767
217.48,1254.49,2779
217.11,1254.39,2791
215.89,1254.62,2802
216.28,1254.71,2814
217.56,1255.17,2826
217.24,1255.23,2838
215.83,1255.38,2849
215.50,1255.70,2862
216.86,1255.61,2873
217.62,1255.12,2885
216.76,1254.74,2896
215.98,1254.53,2909
216.08,1254.77,2920
217.35,1255.07,2932
217.76,1255.42,2944
216.14,1255.30,2956
215.66,1255.12,2967
216.54,1255.22,2979
217.36,1254.93,2991
217.83,1254.16,3002
216.45,1253.57,3014
215.44,1253.64,3025
216.97,1253.85,3038
217.90,1254.00,3049
217.28,1254.12,3061
215.78,1254.22,3073
215.81,1254.35,3085
217.34,1254.15,3096
217.86,1253.65,3108
217.16,1253.21,3120
215.90,1253.23,3132
217.58,1253.72,3143
217.52,1253.97,3155
216.36,1254.03,3167
215.81,1254.07,3179
217.18,1253.98,3190
217.74,1253.76,3203
217.11,1253.22,3214
216.32,1253.17,3226
215.93,1253.41,3237
217.23,1253.71,3249
217.63,1253.82,3261
217.26,1253.74,3272
216.33,1253.78,3284
216.00,1253.94,3296
217.64,1254.02,3308
217.30,1254.19,3319
216.08,1254.39,3332
216.50,1254.83,3343
216.77,1254.90,3355
217.44,1254.88,3366
217.17,1254.69,3379
215.96,1254.53,3390
216.00,1254.86,3402
216.97,1255.19,3414
217.73,1255.19,3426
216.68,1254.94,3437
215.72,1254.68,3449
216.39,1254.81,3461
216.98,1254.94,3473
217.44,1254.77,3484
216.69,1254.69,3495
215.64,1255.14,3508
216.42,1255.56,3519
3.39,1255.70,3531
371.64,1255.80,3543
215.80,1255.70,3555
216.48,1255.59,3566
217.26,1255.41,3578
217.04,1255.07,3590
215.81,1254.95,3602
216.11,1255.01,3613
217.00,1255.37,3625
217.03,1255.49,3637
216.71,1254.78,3649
216.06,1254.28,3660
216.32,1253.82,3673
217.27,1253.87,3684
217.43,1254.16,3696
216.53,1254.43,3707
215.79,1254.67,3719
216.51,1254.94,3731
217.52,1254.92,3742
217.09,1254.61,3755
216.25,1254.21,3766
216.43,1254.11,3778
216.79,1254.18,3789
217.39,1254.24,3802
216.94,1254.11,3813
216.13,1254.22,3825
216.57,1254.40,3836
217.27,1254.24,3849
217.45,1253.80,3860
216.58,1253.46,3872
216.37,1253.25,3884
216.91,1253.69,3896
217.29,1254.11,3907
217.18,1254.27,3919
216.28,1254.69,3931
216.70,1254.65,3943
217.37,1254.25,3954
216.92,1254.30,3965
216.10,1254.25,3978
216.58,1254.33,3989
217.07,1254.51,4001
216.79,1254.76,4013
216.67,1255.05,4025
216.25,1255.19,4036
216.38,1255.02,4048
216.94,1254.79,4060
216.99,1254.45,4072
216.82,1253.99,4083
216.50,1253.73,4096
216.76,1253.92,4107
217.43,1254.61,4119
216.56,1255.07,4130
216.39,1255.42,4143
216.63,1255.33,4154
216.54,1255.06,4166
216.98,1254.57,4177
216.71,1254.51,4190
216.43,1254.86,4201
216.67,1255.24,4212
216.61,1255.64,4225
216.67,1255.50,4236
216.25,1255.47,4248
216.00,1255.27,4259
216.67,1254.86,4272
217.02,1254.40,4283
216.75,1254.15,4295
216.56,1254.53,4306
216.67,1255.14,4319
216.95,1255.15,4330
216.59,1255.21,4342
216.13,1254.94,4354
216.94,1254.85,4366
217.29,1254.85,4377
217.05,1254.53,4389
216.64,1254.53,4401
216.34,1254.99,4413
216.75,1255.30,4424
216.74,1255.32,4436
216.54,1255.19,4448
216.60,1254.93,4459
216.82,1254.42,4471
217.02,1254.17,4483
217.13,1254.23,4495
216.74,1254.29,4506
216.57,1254.42,4518
216.59,1254.73,4530
216.98,1254.82,4542
217.02,1254.62,4553
216.57,1254.36,4566
216.73,1254.05,4577
216.75,1253.97,4589
216.78,1254.19,4600
216.73,1254.29,4613
216.29,1254.69,4624
216.54,1254.79,4636
217.07,1254.64,4647
217.14,1254.23,4660
216.59,1254.05,4671
216.53,1254.12,4683
216.98,1254.00,4695
216.68,1254.10,4706
216.41,1254.32,4718
216.54,1254.40,4729
217.12,1254.26,4742
217.10,1254.16,4753
216.53,1254.03,4765
216.61,1254.30,4776
217.13,1254.28,4789
217.07,1253.99,4800
216.60,1254.43,4812
216.52,1254.68,4824
216.62,1254.77,4836
216.69,1254.88,4847
217.12,1254.73,4859
216.82,1254.61,4871
215.74,1254.71,4883
216.31,1254.75,4894
217.11,1254.92,4907
216.96,1255.01,4918
216.51,1255.15,4929
216.43,1255.49,4941
216.46,1255.40,4953
216.81,1255.44,4965
217.03,1255.13,4976
216.04,1254.85,4988
216.29,1254.73,5000
217.31,1254.73,5012
216.84,1254.96,5023
216.57,1255.14,5036
216.05,1255.73,5047
216.06,1256.02,5059
217.05,1255.94,5070
216.92,1255.34,5083
216.08,1255.16,5094
216.64,1255.10,5106
217.30,1255.10,5117
216.79,1255.13,5130
216.14,1254.81,5141
215.87,1254.62,5153
216.79,1254.92,5165
217.74,1254.99,5176
216.61,1254.86,5188
215.87,1254.53,5199
216.43,1254.60,5212
217.18,1254.56,5223
217.55,1254.53,5235
216.43,1254.48,5246
215.66,1254.53,5259
216.51,1254.68,5270
217.35,1254.82,5282
217.25,1254.71,5294
216.17,1254.60,5306
215.97,1254.04,5317
217.01,1254.06,5329
217.71,1253.96,5341
216.78,1253.61,5353
216.29,1253.90,5364
216.72,1254.03,5377
217.03,1254.27,5388
217.65,1254.14,5400
217.07,1253.75,5411
215.79,1253.65,5423
216.78,1253.42,5435
217.76,1253.54,5446
217.05,1254.06,5458
216.49,1253.93,5470
216.12,1254.73,5482
217.40,1254.79,5493
217.03,1254.66,5506
216.66,1254.09,5517
216.35,1253.82,5529
216.36,1253.80,5540
217.87,1253.87,5553
216.79,1254.77,5564
215.84,1255.22,5576
216.51,1255.42,5587
216.10,1255.38,5600
217.06,1254.65,5611
217.51,1254.30,5623
215.46,1253.82,5635
216.40,1254.22,5647
217.31,1255.04,5658
216.38,1255.63,5669
217.34,1254.61,5682
216.38,1255.64,5693
215.48,1255.01,5705
217.12,1255.78,5716
217.08,1255.83,5729
217.11,1255.24,5740
215.33,1255.72,5752
216.03,1255.41,5764
217.39,1255.79,5776
217.19,1255.16,5787
217.08,1254.48,5799
215.91,1254.93,5811
214.58,1255.08,5823
218.83,1255.33,5834
217.53,1254.86,5847
214.89,1254.65,5858
217.62,1254.71,5870
216.88,1254.71,5881
219.05,1254.63,5894
214.93,1254.85,5905
215.39,1254.82,5916
217.66,1255.08,5928
217.13,1255.59,5940
216.77,1254.99,5952
216.00,1255.10,5963
215.22,1254.05,5976
217.32,1254.17,5987
218.42,1254.58,5999
216.49,1253.92,6010
214.98,1253.55,6023
216.85,1253.81,6034
218.26,1253.98,6046
216.84,1253.64,6057
217.00,1253.62,6070
216.17,1253.73,6081
215.71,1253.84,6093
218.63,1254.09,6105
217.25,1254.29,6117
215.79,1254.38,6128
216.49,1254.63,6140
216.76,1254.98,6152
217.51,1254.76,6163
217.73,1253.98,6175
215.95,1253.31,6187
216.27,1253.46,6199
217.48,1253.92,6210
217.12,1254.27,6222
216.66,1254.31,6234
215.59,1254.63,6246
216.05,1255.02,6257
217.59,1254.55,6269
216.31,1254.45,6281
215.71,1254.54,6293
216.72,1254.89,6304
217.50,1255.25,6317
216.76,1255.71,6328
215.66,1255.63,6340
215.90,1255.48,6351
216.78,1255.80,6364
217.22,1255.27,6375
216.84,1254.74,6387
216.17,1254.40,6398
216.11,1254.93,6410
217.25,1255.18,6422
217.32,1255.93,6433
215.61,1255.92,6446
215.69,1256.09,6457
216.97,1255.58,6469
217.31,1255.21,6480
217.32,1254.69,6493
216.14,1255.04,6504
215.60,1255.33,6516
217.32,1256.28,6528
216.84,1256.30,6540
216.85,1255.67,6551
215.89,1255.55,6563
215.54,1254.90,6575
217.54,1254.77,6587
218.48,1254.26,6598
216.02,1253.81,6610
215.78,1254.87,6622
216.88,1255.01,6634
216.42,1255.50,6645
216.41,1255.19,6657
215.08,1254.22,6669
217.50,1254.15,6680
218.08,1253.85,6692
216.58,1253.94,6704
216.40,1254.44,6716
216.39,1255.03,6727
216.51,1255.33,6739
218.05,1255.79,6751
216.52,1254.74,6763
214.99,1254.02,6774
216.53,1253.76,6787
217.68,1253.63,6798
216.79,1254.00,6810
216.52,1253.47,6821
216.96,1253.80,6834
215.72,1253.99,6845
217.55,1254.01,6857
218.34,1253.76,6868
215.34,1253.81,6880
216.46,1253.94,6892
217.43,1254.94,6903
216.55,1255.19,6916
217.20,1255.05,6927
216.78,1255.01,6939
215.04,1256.03,6950
216.55,1255.36,6963
218.31,1256.25,6974
216.58,1254.56,6986
215.48,1255.28,6998
216.47,1254.85,7010
217.38,1255.06,7021
217.03,1255.22,7033
215.36,1254.99,7045
215.46,1254.78,7057
218.69,1255.01,7068
218.49,1253.94,7080
214.32,1254.57,7092
216.52,1254.88,7104
217.51,1255.11,7115
216.42,1255.88,7127
218.04,1255.49,7139
215.06,1255.18,7150
215.33,1255.20,7162
218.74,1255.04,7174
216.91,1255.53,7186
215.74,1255.53,7197
216.06,1255.42,7209
216.61,1255.01,7221
217.32,1254.53,7233
216.63,1254.62,7244
215.97,1254.55,7257
216.54,1254.99,7268
217.34,1255.46,7280
217.11,1255.28,7291
215.83,1254.79,7304
216.12,1255.10,7315
217.10,1254.87,7327
217.03,1255.02,7339
217.00,1254.97,7351
216.61,1254.82,7362
215.60,1255.26,7373
217.19,1256.08,7386
217.37,1255.60,7397
215.60,1255.46,7409

