190.42,1416.21,1002
190.87,1415.65,1009
190.78,1415.50,1020
190.77,1415.06,1033
190.73,1415.64,1044
190.83,1416.07,1056
190.59,1416.78,1068
190.42,1417.46,1080
190.13,1417.37,1091
190.26,1417.25,1103
190.53,1416.69,1115
190.58,1416.17,1126
190.85,1415.59,1138
190.86,1415.73,1149
190.42,1416.04,1162
190.60,1415.84,1173
190.89,1416.28,1185
190.70,1416.80,1197
190.39,1417.14,1209
190.28,1417.60,1220
190.53,1417.34,1232
190.90,1416.87,1244
190.44,1416.53,1256
190.80,1416.34,1267
191.16,1416.15,1280
190.42,1415.69,1291
190.16,1416.04,1303
190.50,1416.67,1314
190.34,1417.04,1327
190.95,1417.26,1338
190.57,1417.16,1350
189.63,1416.92,1361
190.25,1416.41,1374
190.68,1416.19,1385
190.86,1416.12,1397
190.90,1416.05,1409
190.38,1416.28,1421
190.34,1416.58,1432
190.98,1416.87,1443
190.61,1416.67,1456
190.29,1416.74,1467
190.51,1416.78,1479
190.65,1416.32,1490
190.86,1416.41,1503
190.75,1415.83,1514
190.65,1415.78,1526
190.22,1416.15,1538
190.61,1416.14,1550
191.32,1416.79,1561
190.79,1416.78,1573
190.36,1416.90,1585
190.48,1416.95,1597
190.89,1416.51,1608
190.73,1416.20,1620
190.51,1415.98,1632
190.63,1416.00,1644
191.50,1415.89,1655
191.12,1415.67,1668
190.14,1415.88,1679
190.44,1416.34,1691
190.84,1416.98,1702
190.75,1416.80,1715
190.65,1416.56,1726
190.58,1416.13,1737
190.30,1416.15,1750
190.85,1416.24,1761
191.04,1415.91,1773
190.61,1416.31,1784
190.62,1416.43,1797
190.59,1416.34,1808
190.63,1416.77,1820
190.67,1416.92,1831
190.40,1416.92,1844
190.14,1416.76,1855
190.52,1416.42,1867
190.92,1416.20,1879
191.05,1415.86,1891
190.84,1416.05,1902
190.66,1416.09,1914
190.62,1416.38,1926
190.77,1416.61,1938
190.78,1416.70,1949
190.24,1417.21,1961
189.92,1417.15,1973
190.74,1417.11,1985
190.92,1416.87,1996
190.46,1416.14,2009
190.47,1415.98,2020
190.74,1415.83,2032
191.15,1416.04,2043
190.71,1416.16,2055
190.43,1416.52,2067
190.51,1416.95,2078
190.78,1417.09,2091
190.59,1417.26,2102
190.51,1417.04,2114
190.42,1416.60,2125
190.67,1415.83,2138
190.99,1415.27,2149
190.60,1415.74,2161
190.44,1415.90,2172
190.72,1416.61,2185
190.81,1417.13,2196
190.70,1417.25,2208
190.49,1417.07,2220
190.21,1416.60,2232
190.42,1416.51,2243
190.90,1416.10,2255
191.36,1415.66,2267
190.71,1415.61,2279
190.33,1415.85,2290
190.83,1416.42,2302
190.70,1416.99,2314
190.59,1417.46,2326
190.31,1417.45,2337
190.13,1417.15,2349
190.81,1417.00,2361
191.10,1416.21,2372
190.54,1415.98,2384
190.16,1416.17,2396
191.05,1416.64,2408
191.01,1416.83,2419
190.53,1416.57,2432
190.26,1416.91,2443
190.56,1417.15,2455
190.37,1416.96,2466
190.48,1416.88,2479
190.70,1416.26,2490
190.44,1415.90,2502
190.91,1415.69,2513
191.01,1416.22,2526
190.60,1416.61,2537
190.54,1416.61,2549
190.28,1416.88,2561
190.12,1417.08,2573
190.54,1417.28,2584
190.87,1416.93,2596
190.43,1416.32,2608
190.55,1416.05,2620
191.34,1415.75,2631
191.15,1415.77,2642
190.68,1416.06,2655
190.76,1416.42,2666
190.33,1416.72,2678
190.45,1416.86,2690
191.17,1416.95,2702
190.53,1416.33,2713
190.43,1416.08,2725
190.88,1416.04,2737
190.43,1415.77,2749
191.16,1415.82,2760
191.40,1415.78,2772
190.16,1416.14,2784
190.78,1416.44,2796
190.53,1416.72,2807
190.64,1417.09,2820
190.63,1416.49,2831
190.18,1416.42,2843
190.92,1416.09,2854
191.18,1415.88,2867
190.41,1415.90,2878
190.67,1415.68,2890
190.87,1416.36,2902
190.61,1416.54,2914
190.63,1417.04,2925
190.41,1417.33,2936
190.32,1417.51,2949
190.26,1417.53,2960
190.68,1417.04,2972
190.75,1416.45,2983
190.19,1415.79,2996
190.71,1415.53,3007
190.98,1416.10,3019
190.41,1416.38,3031
190.64,1416.72,3043
190.90,1417.14,3054
190.24,1417.45,3066
189.97,1417.61,3078
190.82,1417.21,3090
190.70,1416.71,3101
190.15,1416.16,3113
190.90,1415.84,3125
190.97,1415.50,3137
190.75,1415.50,3148
190.67,1416.49,3161
190.14,1417.16,3172
190.99,1417.71,3184
190.66,1417.78,3195
189.99,1417.47,3208
190.05,1416.84,3219
190.82,1415.92,3231
191.00,1415.73,3243
190.79,1415.49,3254
190.37,1415.70,3266
190.28,1416.55,3277
190.75,1417.08,3290
190.83,1417.39,3301
190.52,1416.98,3313
189.84,1416.59,3324
190.47,1416.00,3337
191.50,1415.96,3348
190.73,1415.80,3360
190.73,1415.27,3372
190.91,1415.81,3384
190.33,1416.53,3395
190.87,1416.80,3407
190.78,1417.29,3419
190.26,1417.14,3431
190.37,1417.09,3442
190.63,1416.67,3454
191.07,1416.03,3466
190.88,1415.73,3478
190.18,1415.42,3489
190.59,1415.79,3502
191.11,1416.20,3513
191.15,1416.75,3525
190.90,1416.90,3536
190.00,1416.92,3548
189.91,1417.11,3560
191.02,1416.98,3571
190.47,1416.57,3584
190.44,1415.91,3595
190.61,1415.76,3607
190.77,1415.63,3618
190.93,1415.71,3631
190.26,1416.38,3642
190.59,1416.62,3654
190.94,1417.13,3665
190.42,1417.59,3678
190.45,1417.48,3689
190.22,1417.14,3701
190.66,1416.45,3713
191.14,1416.14,3725
190.39,1416.23,3736
190.80,1415.80,3748
190.63,1415.81,3760
190.48,1416.16,3772
190.88,1416.99,3783
190.63,1417.26,3795
190.11,1417.16,3807
190.48,1417.26,3819
190.67,1416.75,3830
190.49,1416.08,3843
190.84,1415.87,3854
190.59,1415.74,3865
190.45,1416.06,3877
191.36,1416.60,3889
190.88,1416.73,3901
190.31,1416.71,3912
190.69,1416.90,3924
190.55,1416.88,3936
191.06,1416.39,3948
190.10,1416.39,3959
190.41,1415.93,3972
191.18,1415.98,3983
190.77,1416.04,3995
190.40,1416.30,4006
190.46,1416.50,4019
190.39,1416.14,4030
190.81,1416.75,4042
190.73,1416.82,4054
190.55,1416.73,4066
190.66,1416.54,4077
190.39,1416.43,4089
190.67,1416.54,4101
190.71,1416.29,4113
190.86,1416.41,4124
190.77,1416.53,4136
189.97,1416.57,4148
190.94,1417.03,4159
191.42,1416.88,4171
189.98,1416.93,4183
190.16,1416.66,4195
191.02,1416.53,4206
190.34,1416.52,4218
191.02,1416.49,4230
191.27,1416.44,4242
189.63,1416.48,4253
190.85,1416.94,4265
191.23,1417.28,4277
190.61,1416.99,4289
190.75,1416.72,4300
189.85,1416.42,4313
190.45,1416.77,4324
190.51,1416.59,4336
190.93,1416.00,4347
190.35,1416.07,4360
190.09,1416.09,4371
191.28,1416.41,4383
191.08,1416.21,4395
190.30,1416.34,4407
190.65,1416.78,4418
189.81,1416.69,4430
190.60,1417.11,4442
191.75,1416.84,4453
190.09,1416.17,4465
190.17,1415.70,4476
190.51,1415.55,4489
190.84,1415.83,4500
191.81,1415.95,4512
190.20,1416.38,4524
189.50,1416.89,4536
190.93,1417.07,4547
191.04,1417.11,4559
190.73,1416.70,4571
190.05,1416.27,4583
189.94,1415.59,4594
191.72,1415.36,4606
191.08,1415.51,4618
190.07,1415.63,4630
191.20,1416.49,4641
189.79,1417.24,4654
190.20,1417.86,4665
192.16,1417.57,4677
189.73,1417.05,4688
189.80,1416.62,4701
191.53,1416.15,4712
191.00,1415.87,4724
191.15,1415.59,4736
190.16,1415.78,4748
190.28,1416.58,4759
190.81,1417.31,4770
190.98,1418.08,4783
190.49,1418.29,4794
189.29,1417.84,4806
190.84,1417.01,4817
191.98,1416.23,4830
190.26,1415.62,4841
190.77,1415.41,4853
190.40,1415.90,4865
190.18,1416.72,4877
192.01,1417.35,4888
190.04,1417.77,4900
189.12,1417.72,4912
190.98,1417.69,4924
190.43,1416.79,4935
191.15,1416.05,4947
190.85,1415.46,4959
189.32,1414.94,4971
191.61,1415.68,4982
191.53,1416.36,4995
190.25,1417.07,5006
190.83,1417.57,5018
189.65,1417.35,5029
190.28,1417.70,5042
191.63,1417.07,5053
190.05,1416.37,5064
190.77,1415.85,5076
191.39,1415.44,5088
190.04,1415.76,5100
191.54,1415.97,5111
189.82,1416.57,5124
190.47,1417.00,5135
190.13,1417.19,5147
190.83,1417.49,5158
191.31,1417.18,5171
189.21,1416.45,5182
190.57,1415.71,5194
191.42,1415.40,5206
190.80,1415.45,5218
191.90,1415.58,5229
190.15,1415.81,5241
190.24,1416.30,5253
191.80,1417.37,5265
189.79,1417.55,5276
190.36,1417.23,5288
191.10,1416.96,5300
189.46,1416.21,5312
191.42,1415.85,5323
191.36,1415.66,5336
189.34,1415.76,5347
191.42,1416.06,5359
191.19,1416.34,5370
189.91,1417.38,5382
190.89,1417.51,5394
189.76,1417.79,5405
190.49,1417.93,5417
191.49,1416.86,5429
189.62,1416.18,5441
190.59,1415.81,5452
191.38,1415.48,5465
190.29,1415.56,5476
190.43,1415.93,5488
189.69,1416.76,5499
191.60,1417.53,5512
190.78,1417.81,5523
190.00,1417.59,5535
190.05,1417.19,5547
189.99,1417.13,5559
191.79,1416.41,5570
191.43,1415.77,5582
189.60,1415.45,5594
189.85,1415.79,5606
190.54,1416.73,5617
191.87,1417.20,5629
191.46,1417.39,5641
188.24,1417.24,5653
189.95,1417.30,5664
192.76,1416.91,5676
190.95,1415.93,5688
190.28,1415.28,5699
189.84,1415.02,5711
189.64,1415.64,5723
192.78,1416.30,5735
192.14,1416.66,5746
189.04,1417.01,5758
189.44,1417.23,5770
190.62,1417.91,5782
191.51,1417.47,5793
192.00,1416.38,5806
188.91,1415.71,5817
188.90,1415.52,5829
192.45,1415.70,5840
191.49,1415.82,5853
190.32,1416.29,5864
189.75,1416.89,5876
191.50,1417.67,5888
191.06,1417.89,5900
190.39,1417.06,5911
190.10,1416.71,5923
189.07,1416.48,5935
191.53,1416.27,5947
192.73,1416.01,5958
189.72,1415.64,5969
189.49,1415.78,5982
191.32,1416.37,5993
190.48,1417.40,6005
191.21,1417.90,6017
190.64,1417.62,6029
188.73,1417.23,6040
190.74,1416.84,6052
191.30,1416.64,6064
191.41,1415.94,6076
190.85,1415.33,6087
189.22,1415.71,6099
191.84,1416.00,6111
191.85,1416.55,6123
189.06,1417.03,6134
190.50,1417.32,6147
190.34,1417.31,6158
190.16,1416.94,6170
192.14,1416.56,6181
190.13,1415.78,6194
189.49,1415.61,6205
191.64,1415.52,6217
191.42,1415.59,6228
190.94,1416.15,6241
189.78,1416.74,6252
191.52,1417.29,6264
191.34,1417.20,6276
189.90,1416.71,6287
189.94,1416.55,6299
189.65,1416.34,6310
191.60,1416.33,6323
192.63,1415.94,6334
189.31,1415.32,6346
189.54,1415.67,6358
191.34,1416.24,6370
191.55,1417.10,6381
191.77,1417.30,6393
189.20,1417.20,6405
188.84,1417.57,6417
191.65,1417.38,6428
192.18,1416.93,6440
190.75,1415.83,6452
189.17,1415.46,6464
189.37,1415.77,6475
192.18,1416.42,6488
192.62,1417.09,6499
189.73,1417.14,6511
188.52,1417.60,6522
189.79,1418.06,6535
191.92,1417.55,6546
192.33,1416.35,6558
189.36,1415.32,6569
188.52,1415.98,6581
190.84,1416.26,6593
192.48,1416.36,6604
191.67,1416.31,6617
188.97,1416.46,6628
188.74,1417.34,6640
192.59,1417.51,6651
190.83,1417.24,6664
188.36,1416.61,6675
189.29,1416.04,6687
191.94,1416.02,6699
192.49,1415.81,6711
190.60,1415.84,6722
188.98,1415.96,6734
189.44,1416.69,6746
191.79,1417.59,6758
192.53,1417.35,6769
189.88,1416.63,6781
188.58,1415.86,6793
190.22,1415.94,6805
192.29,1415.97,6816
192.31,1415.66,6829
189.90,1415.37,6840
188.81,1415.48,6852
190.31,1416.70,6863
191.60,1417.68,6875
191.34,1417.41,6887
189.97,1416.97,6898
188.95,1416.25,6910
190.49,1416.41,6922
192.28,1416.33,6934
191.55,1415.79,6945
189.61,1415.78,6958
189.14,1416.13,6969
191.38,1416.97,6981
192.11,1417.30,6992
190.69,1417.15,7005
189.98,1416.98,7016
189.39,1417.15,7028
192.30,1417.47,7040
191.21,1416.52,7052
189.67,1416.02,7063
190.21,1415.86,7075
191.07,1416.26,7087
191.44,1416.80,7099
190.76,1417.03,7110
189.55,1417.16,7122
189.62,1416.98,7134
191.00,1416.88,7146
191.40,1416.79,7157
190.39,1416.45,7170
189.82,1416.33,7181
190.66,1416.23,7192
191.25,1416.63,7204
190.85,1416.76,7216
190.79,1416.51,7228
190.38,1416.77,7239
190.13,1416.80,7251
191.16,1416.79,7263
191.03,1417.13,7275
190.12,1417.20,7286
190.10,1416.99,7299
190.42,1416.68,7310
190.41,1416.69,7322
190.74,1416.47,7333
191.12,1416.02,7346
190.87,1416.09,7357
189.98,1416.20,7369
190.62,1416.64,7380
191.57,1416.80,7393
191.29,1416.73,7404
189.76,1416.95,7416
190.90,1416.83,7428
190.74,1416.86,7440
190.92,1416.39,7451
190.99,1415.64,7463
189.91,1415.65,7475
190.36,1416.20,7486
191.51,1416.67,7498
191.74,1416.68,7510
189.89,1416.66,7522
189.10,1416.58,7533
191.46,1416.75,7545
191.45,1417.20,7557
190.03,1416.55,7569
190.63,1416.34,7580
190.65,1416.20,7592
190.01,1415.90,7604
191.04,1415.72,7616
191.96,1415.64,7627
190.27,1416.15,7640
189.60,1416.51,7651
191.30,1416.97,7663
191.57,1417.49,7674
189.68,1417.24,7687
189.84,1416.85,7698
191.47,1416.44,7710
189.99,1416.33,7721
190.33,1416.05,7734
191.75,1415.86,7745
189.98,1416.08,7757
190.57,1416.56,7769
191.38,1416.99,7781
190.43,1417.32,7792
190.02,1417.45,7803
190.37,1417.03,7816
191.74,1416.77,7827
189.69,1416.54,7839
189.78,1416.05,7851
191.26,1416.12,7863
190.80,1415.87,7874
191.03,1416.15,7886
190.55,1416.30,7898
190.11,1416.71,7910
190.73,1417.66,7921
190.08,1417.68,7933
190.54,1417.45,7945
190.67,1417.16,7957
188.94,1416.38,7968
191.10,1416.03,7981
192.41,1415.39,7992
190.18,1415.13,8004
190.20,1415.70,8015
190.11,1416.43,8028
190.79,1417.95,8039
191.22,1418.08,8051
189.18,1417.79,8062
190.29,1416.96,8075
190.50,1416.23,8086
190.07,1415.94,8097
192.26,1414.91,8110
190.49,1415.12,8121
190.18,1415.93,8133
191.19,1416.48,8144
189.57,1417.87,8157
191.66,1418.52,8168
190.93,1417.97,8180
191.81,1417.20,8192
191.06,1416.23,8204
189.08,1415.77,8215
192.15,1415.76,8227
191.05,1415.09,8239
190.33,1415.39,8251
191.18,1416.65,8262
189.63,1417.29,8274
191.01,1418.10,8286
190.29,1418.43,8298
189.61,1417.48,8309
192.06,1416.80,8322
189.76,1416.14,8333
189.97,1415.68,8345
192.10,1415.42,8356
190.51,1414.89,8369
191.13,1415.43,8380
189.84,1416.21,8391
189.72,1417.80,8403
191.92,1418.92,8415
189.11,1418.15,8427
190.49,1417.51,8438
191.63,1416.47,8451
188.21,1415.75,8462
191.73,1415.41,8474
192.27,1414.66,8485
189.68,1415.44,8498
191.64,1416.48,8509
189.74,1417.48,8521
190.09,1418.50,8532
192.29,1418.20,8545
188.30,1417.13,8556
190.15,1416.24,8568
189.21,1415.80,8580
191.49,1415.48,8592
191.76,1415.22,8603
189.85,1415.00,8615
191.13,1415.96,8627
189.97,1416.73,8639
190.85,1417.51,8650
190.88,1418.38,8663
188.82,1417.63,8674
192.07,1417.10,8686
190.72,1416.51,8697
188.87,1415.28,8709
192.55,1415.30,8721
190.61,1415.04,8732
190.58,1415.42,8744
191.79,1416.45,8756
188.65,1417.29,8768
191.35,1418.24,8779
191.54,1417.92,8792
188.60,1417.36,8803
191.46,1416.98,8815
190.60,1415.87,8826
190.04,1415.85,8839
192.39,1415.12,8850
190.14,1415.12,8862
190.37,1416.31,8873
191.05,1417.05,8886
190.01,1418.26,8897
191.58,1418.43,8909
189.72,1417.74,8921
189.14,1417.17,8933
192.24,1416.73,8944
189.93,1416.18,8956
191.93,1415.57,8968
189.99,1415.38,8980
191.46,1415.82,8991
191.42,1416.78,9003
188.90,1417.61,9015
191.28,1417.99,9026
190.60,1418.38,9038
189.61,1417.72,9050
191.25,1417.33,9062
189.74,1416.49,9073
190.79,1415.49,9085
191.69,1415.39,9097
189.90,1414.99,9109
191.28,1415.75,9120
190.15,1416.74,9133
190.25,1417.78,9144
191.93,1418.46,9156
188.87,1417.70,9167
190.13,1417.50,9180
191.81,1416.42,9191
189.50,1415.39,9203
191.32,1415.17,9214
191.64,1414.70,9227
190.12,1415.47,9238
191.77,1416.27,9250
190.79,1417.22,9262
189.38,1418.16,9274
190.73,1418.34,9285
190.04,1417.78,9297
190.35,1416.94,9309
191.28,1416.16,9320
189.28,1415.52,9332
192.45,1415.20,9344
190.94,1415.18,9356
190.65,1415.66,9367
189.15,1416.76,9379
190.35,1417.89,9391
192.12,1418.67,9403
189.76,1418.11,9414
189.66,1417.47,9426
189.70,1417.10,9438
190.40,1416.01,9450
193.03,1415.52,9461
190.78,1414.61,9474
188.34,1414.50,9485
191.00,1416.16,9497
192.38,1417.35,9508
191.14,1418.31,9521
189.84,1418.29,9532
188.48,1418.18,9544
189.90,1417.73,9555
192.45,1416.27,9568
191.46,1415.01,9579
189.46,1414.08,9591
189.43,1414.58,9603
191.41,1415.85,9614
192.95,1416.95,9626
190.64,1418.01,9637
188.18,1418.69,9650
189.12,1418.93,9661
191.07,1418.14,9673
192.64,1416.72,9684
190.53,1415.41,9697
188.21,1414.94,9708
190.62,1415.12,9720
192.30,1415.48,9732
189.94,1415.71,9744
187.84,1416.86,9755
190.00,1418.14,9767
192.57,1418.73,9779
191.37,1418.12,9791
188.83,1417.03,9802
188.66,1416.25,9815
191.20,1415.76,9826
193.29,1415.52,9838
191.92,1414.87,9849
188.94,1414.57,9862
188.95,1415.74,9873
191.64,1417.45,9885
192.81,1418.59,9896
190.83,1418.36,9909
187.95,1417.76,9920
188.89,1417.14,9931
192.40,1416.53,9944
192.58,1415.32,9955
190.15,1414.11,9967
188.65,1414.93,9978
189.77,1416.28,9991
192.66,1417.51,10002
192.47,1417.80,10014
189.24,1417.86,10025
187.43,1418.60,10038
190.22,1418.14,10049
193.49,1417.16,10061
191.54,1415.69,10073
188.76,1414.75,10085
189.13,1415.36,10096
191.25,1416.17,10108
191.91,1416.60,10120
188.06,1417.08,10132
187.45,1418.14,10143
191.81,1419.13,10156
193.13,1419.03,10167
189.54,1417.73,10179
188.60,1415.62,10190
190.07,1414.81,10203
191.80,1415.12,10214
192.99,1415.06,10226
190.87,1415.45,10237
188.32,1416.43,10249
189.59,1418.09,10261
192.51,1419.17,10272
191.93,1418.73,10285
188.96,1417.47,10296
188.93,1416.15,10308
191.38,1415.32,10319
192.44,1414.92,10332
191.58,1414.89,10343
190.20,1415.27,10355
189.33,1416.42,10366
190.97,1418.10,10379
192.17,1418.75,10390
189.89,1418.54,10402
188.57,1417.60,10414
190.05,1416.54,10426
191.42,1415.74,10437
191.76,1414.68,10449
190.75,1414.42,10461
189.85,1415.02,10473
190.72,1416.00,10484
191.78,1417.34,10497
189.50,1417.91,10508
189.10,1417.90,10520
190.84,1417.73,10531
191.05,1417.42,10543
190.27,1416.63,10555
190.80,1415.38,10566
190.81,1415.04,10578
191.24,1415.23,10590
191.34,1415.78,10602
190.35,1416.63,10613
189.96,1417.38,10626
190.46,1418.18,10637
190.87,1418.46,10649
189.87,1418.10,10660
189.84,1417.12,10673
191.56,1416.05,10684
191.36,1415.36,10696
190.58,1414.79,10707
190.52,1415.63,10720
190.37,1416.56,10731
191.39,1417.34,10743
191.28,1417.92,10755
189.82,1418.16,10767
189.26,1418.44,10778
190.31,1417.63,10790
191.61,1416.85,10802
190.64,1416.03,10814
189.70,1415.52,10825
190.11,1415.96,10838
191.20,1416.11,10849
192.28,1416.46,10860
190.92,1416.84,10872
189.39,1417.47,10884
192.07,1418.31,10896
191.81,1417.69,10907
189.38,1416.98,10919
189.14,1416.18,10931
190.45,1415.89,10943
192.33,1415.70,10954
191.97,1415.29,10967
189.27,1415.08,10978
189.03,1415.77,10990
190.82,1417.43,11001
192.57,1418.30,11014
190.99,1417.94,11025
188.57,1417.49,11037
188.89,1417.01,11048
191.24,1416.86,11061
193.35,1415.99,11072
191.11,1415.06,11084
188.45,1415.17,11096
189.68,1415.83,11108
192.49,1416.69,11119
192.88,1416.95,11131
189.88,1417.01,11143
187.66,1417.61,11154
189.74,1417.66,11166
192.92,1417.61,11177
192.57,1416.35,11190
189.11,1415.53,11201
188.24,1415.64,11213
191.14,1416.09,11225
193.33,1416.17,11237
192.02,1416.17,11248
188.60,1416.90,11260
191.32,1418.20,11272
193.41,1418.79,11284
190.76,1417.87,11295
187.76,1416.21,11308
188.65,1415.87,11319
192.53,1416.24,11331
193.61,1415.95,11342
190.54,1415.31,11355
187.92,1415.52,11366
189.16,1417.14,11378
192.60,1418.06,11389
192.77,1417.96,11402
189.04,1417.24,11413
187.20,1416.70,11425
190.20,1417.07,11437
193.68,1416.74,11448
192.38,1415.87,11460
188.59,1415.16,11471
187.90,1415.70,11484
191.39,1416.93,11495
193.40,1417.32,11507
191.64,1417.36,11518
188.21,1416.63,11531
187.88,1417.19,11542
191.33,1417.70,11554
193.36,1416.55,11566
190.93,1415.62,11578
187.99,1415.21,11589
188.85,1415.50,11601
192.41,1416.32,11613
193.46,1416.43,11625
190.09,1416.53,11636
187.82,1417.27,11649
192.35,1418.19,11660
192.36,1417.82,11672
189.80,1416.52,11683
187.93,1415.76,11696
189.96,1415.50,11707
193.39,1415.89,11719
192.75,1416.15,11730
188.76,1416.06,11743
188.17,1416.38,11754
191.05,1417.35,11765
192.66,1417.80,11778
191.69,1417.22,11789
189.06,1416.78,11801
188.35,1416.71,11812
191.36,1416.92,11825
193.23,1416.96,11836
190.72,1415.78,11848
188.34,1415.41,11859
189.57,1415.93,11872
191.62,1416.65,11883
192.29,1417.48,11895
190.33,1417.29,11907
188.36,1417.62,11919
189.70,1417.63,11930
192.10,1417.02,11942
192.15,1416.08,11954
189.75,1415.06,11966
188.62,1415.33,11977
190.92,1416.09,11990
192.31,1416.76,12001
191.47,1416.97,12013
189.92,1417.33,12024
188.71,1417.88,12037
192.35,1417.88,12048
191.10,1417.41,12060
189.36,1416.60,12071
189.76,1415.93,12083
191.19,1415.99,12095
192.39,1415.86,12106
191.18,1416.09,12119
189.36,1416.12,12130
189.66,1416.71,12142
191.00,1417.54,12153
191.58,1417.76,12166
190.68,1417.48,12177
189.20,1416.72,12189
190.06,1416.34,12200
191.52,1416.16,12213
191.62,1415.56,12224
191.08,1415.30,12236
189.86,1415.64,12248
189.55,1416.75,12260
191.17,1417.57,12271
191.27,1418.14,12283
190.11,1417.91,12295
189.51,1417.14,12307
190.20,1416.94,12318
191.01,1416.43,12331
191.30,1415.48,12342
190.95,1415.27,12354
190.07,1415.56,12365
189.91,1416.66,12377
191.56,1417.34,12389
191.42,1417.56,12400
189.71,1417.39,12412
190.01,1417.41,12424
190.60,1417.58,12436
191.65,1417.23,12447
191.13,1416.33,12460
189.55,1415.56,12471
190.14,1415.48,12483
191.59,1416.18,12494
191.19,1416.50,12507
190.25,1416.81,12518
189.70,1417.27,12530
189.56,1418.13,12541
190.56,1418.62,12554
191.56,1417.82,12565
191.05,1416.90,12577
189.32,1415.85,12589
190.06,1415.55,12601
191.91,1415.77,12612
191.47,1415.78,12624
190.64,1416.36,12636
189.26,1417.02,12648
189.21,1418.23,12659
191.36,1418.40,12672
192.00,1417.26,12683
189.96,1416.19,12694
188.64,1415.61,12706
190.91,1416.07,12718
192.33,1416.18,12730
191.73,1415.84,12741
190.54,1415.72,12753
188.77,1416.39,12765
190.30,1417.51,12777
192.64,1417.45,12788
191.62,1416.96,12801
188.65,1416.69,12812
191.02,1416.88,12824
192.40,1417.23,12835
191.31,1416.12,12848
189.41,1415.47,12859
188.91,1415.73,12871
190.87,1416.57,12882
192.90,1417.21,12895
191.21,1417.20,12906
188.32,1417.43,12918
189.10,1417.42,12930
191.23,1417.45,12942
192.09,1417.05,12953
191.42,1415.97,12965
188.95,1415.64,12977
188.44,1415.93,12988
191.91,1416.58,13000
193.07,1417.09,13011
190.25,1416.91,13024
188.50,1417.02,13035
189.74,1417.39,13047
191.80,1418.05,13059
191.79,1417.52,13071
190.62,1416.55,13082
188.88,1416.44,13094
189.22,1416.53,13106
192.22,1416.92,13118
192.95,1416.45,13129
190.19,1416.17,13142
188.39,1416.58,13153
190.00,1417.70,13165
192.50,1418.32,13176
192.21,1417.53,13189
188.37,1417.09,13200
189.99,1416.30,13212
192.09,1417.61,13223
193.23,1415.31,13236
188.92,1415.63,13247
189.58,1415.42,13259
189.61,1416.69,13271
192.16,1418.17,13283
193.16,1417.98,13294
185.98,1417.32,13305
189.49,1416.48,13318
192.35,1417.32,13329
190.70,1415.76,13341
192.64,1416.11,13352
189.23,1414.40,13365
186.94,1415.67,13376
195.19,1417.08,13388
191.54,1416.29,13400
188.96,1418.22,13412
190.69,1417.33,13423
187.82,1417.47,13435
192.56,1416.72,13447
193.00,1416.00,13459
188.42,1416.01,13470
189.87,1415.28,13483
190.24,1416.11,13494
191.68,1415.66,13506
192.85,1417.09,13517
188.78,1416.32,13530
188.02,1417.80,13541
191.93,1418.52,13553
191.46,1416.82,13564
191.36,1417.70,13577
189.03,1415.23,13588
193.63,1416.35,13599
190.84,1416.04,13612
191.16,1415.20,13623
189.97,1416.31,13635
188.09,1416.46,13646
192.47,1417.97,13659
192.01,1418.37,13670
188.80,1417.41,13682
189.61,1417.48,13693
189.85,1416.46,13706
192.28,1416.44,13717
191.75,1415.60,13729
188.66,1415.21,13741
190.62,1415.70,13753
191.08,1416.72,13764
190.17,1417.39,13776
192.68,1417.99,13788
188.97,1417.60,13800
188.16,1417.30,13811
193.14,1417.07,13824
191.04,1415.98,13835
189.98,1415.91,13847
191.13,1415.92,13858
189.58,1415.55,13871
191.61,1416.95,13882
192.26,1416.93,13894
189.13,1417.13,13905
189.71,1417.99,13917
190.23,1417.30,13929
190.72,1417.41,13940
191.83,1416.34,13953
189.62,1415.84,13964
191.97,1415.92,13976
191.57,1415.62,13987
190.89,1415.79,14000
190.12,1416.14,14011
190.09,1416.84,14023
190.36,1417.51,14034
191.22,1417.51,14047
191.32,1417.24,14058
189.11,1416.79,14070
189.63,1416.57,14082
192.51,1416.37,14094
190.70,1416.20,14105
189.80,1415.56,14117
191.30,1415.73,14129
189.22,1416.24,14141
190.61,1419.00,14152
193.55,1415.58,14164
188.61,1419.94,14176
190.34,1416.23,14188
189.08,1418.36,14199
190.79,1417.67,14212
192.72,1415.75,14223
188.17,1416.59,14234
190.94,1415.76,14246
190.56,1416.32,14258
189.74,1417.57,14270
194.50,1416.24,14281
188.65,1417.93,14294
186.06,1417.56,14305
195.08,1419.23,14317
190.34,1417.85,14328
189.13,1416.68,14341
187.11,1416.01,14352
191.15,1415.17,14364
194.68,1415.58,14375
189.43,1415.76,14388
188.92,1416.26,14399
190.40,1416.95,14411
190.73,1418.40,14423
191.54,1418.91,14435
189.77,1418.69,14446
188.15,1417.41,14458
190.01,1416.17,14470
192.18,1415.68,14482
193.32,1414.82,14493
188.48,1414.50,14505
189.35,1415.99,14517
193.51,1416.45,14528
189.43,1418.25,14540
191.97,1418.25,14552
190.84,1417.80,14564
186.59,1418.09,14575
192.35,1416.38,14587
192.87,1416.36,14599
188.99,1414.91,14611
190.43,1415.04,14622
190.23,1415.77,14635
191.08,1416.25,14646
192.72,1417.24,14658
190.07,1417.52,14669
188.54,1418.42,14682
190.27,1418.71,14693
191.00,1418.07,14705
192.09,1416.80,14716
189.77,1415.32,14729
191.72,1415.57,14740
191.65,1414.91,14752
191.44,1415.75,14764
190.64,1415.82,14776
188.69,1416.89,14787
190.79,1418.12,14799
191.99,1418.30,14811
189.12,1418.76,14823
189.82,1417.48,14834
190.14,1416.80,14845
190.71,1416.49,14858
193.23,1415.33,14869

