192.37,1406.90,1055
192.89,1406.62,1056
193.14,1405.82,1062
193.08,1405.45,1075
192.99,1405.21,1086
192.59,1405.61,1098
192.65,1406.35,1110
192.99,1406.82,1122
193.06,1407.34,1133
192.47,1407.38,1145
192.35,1407.15,1157
192.84,1406.64,1169
192.87,1406.00,1180
193.11,1405.76,1192
193.34,1405.35,1204
192.97,1405.44,1216
193.00,1406.08,1227
193.36,1406.67,1240
192.69,1407.25,1251
192.23,1407.70,1263
192.74,1407.75,1274
192.82,1407.10,1286
192.73,1406.49,1298
192.68,1405.62,1309
193.28,1404.89,1321
193.30,1405.23,1333
193.00,1405.77,1345
192.67,1406.88,1356
192.22,1407.49,1369
192.57,1407.82,1380
192.63,1408.21,1392
192.34,1407.35,1403
192.72,1406.62,1416
193.05,1405.57,1427
193.12,1405.18,1439
193.28,1405.40,1451
192.87,1405.27,1463
192.79,1406.37,1474
193.01,1407.16,1486
192.57,1407.66,1498
192.55,1408.23,1510
192.86,1407.90,1521
192.73,1407.19,1532
193.06,1405.92,1545
193.08,1405.34,1556
192.89,1404.83,1568
193.11,1405.03,1580
193.27,1405.78,1592
193.00,1406.65,1603
192.84,1407.60,1615
192.60,1407.91,1627
192.43,1407.67,1639
192.63,1407.19,1650
193.03,1406.08,1662
193.01,1405.22,1674
192.73,1404.87,1686
193.38,1404.80,1697
193.18,1405.27,1710
192.96,1406.12,1721
192.39,1407.04,1733
192.51,1407.32,1744
192.98,1407.75,1756
192.74,1407.28,1768
192.27,1406.36,1779
192.63,1405.75,1792
193.07,1405.13,1803
193.55,1405.29,1815
193.28,1405.32,1826
192.28,1406.27,1839
192.69,1407.10,1850
193.16,1407.25,1862
192.74,1407.44,1873
192.36,1407.49,1886
192.51,1407.45,1897
193.11,1406.84,1909
193.34,1406.19,1921
193.13,1405.84,1933
192.64,1405.47,1944
192.71,1405.84,1956
193.20,1406.43,1968
193.14,1407.25,1980
192.65,1407.86,1991
192.35,1407.98,2003
192.52,1407.90,2015
192.79,1407.25,2026
193.11,1406.45,2038
193.14,1405.88,2050
192.45,1405.64,2062
192.87,1406.18,2073
193.50,1406.18,2085
192.65,1406.67,2097
192.47,1407.10,2109
192.56,1407.48,2120
192.89,1407.89,2132
193.09,1407.22,2144
192.42,1406.42,2156
192.19,1405.50,2167
193.02,1405.42,2180
193.59,1405.86,2191
193.25,1405.92,2203
192.46,1406.35,2214
192.39,1406.71,2227
192.91,1407.52,2238
193.14,1407.66,2249
193.07,1407.12,2262
192.41,1406.60,2273
192.29,1406.02,2285
193.28,1405.78,2296
193.57,1405.48,2309
193.01,1405.38,2320
192.84,1405.90,2332
192.64,1406.01,2343
192.62,1406.77,2356
192.99,1407.01,2367
192.74,1406.86,2379
192.35,1406.85,2391
192.66,1406.36,2403
193.32,1406.22,2414
193.57,1405.74,2426
192.89,1405.54,2438
192.55,1405.98,2450
193.21,1406.69,2461
193.23,1407.48,2473
192.48,1407.32,2485
192.35,1407.53,2496
192.83,1407.64,2508
193.13,1407.50,2520
193.20,1406.99,2532
192.66,1405.74,2543
192.42,1405.60,2555
193.04,1405.76,2567
193.30,1406.26,2579
193.08,1406.87,2590
192.47,1406.79,2603
192.31,1407.46,2614
192.78,1407.58,2626
193.28,1407.21,2637
193.04,1406.73,2650
192.27,1406.06,2661
192.47,1406.11,2673
193.21,1405.93,2684
193.42,1405.95,2697
192.91,1406.21,2708
192.42,1406.81,2720
192.54,1407.36,2732
193.23,1407.24,2743
193.16,1407.25,2755
192.38,1406.95,2766
192.43,1406.58,2779
193.05,1406.28,2790
193.38,1405.62,2802
193.35,1405.41,2813
192.52,1405.43,2826
192.63,1406.16,2837
193.17,1406.86,2849
193.28,1407.19,2861
192.20,1407.23,2873
192.20,1407.07,2884
193.30,1407.18,2896
193.34,1406.70,2908
192.78,1406.01,2920
192.92,1405.50,2931
192.98,1405.41,2944
192.98,1406.14,2955
193.24,1406.45,2967
192.49,1406.72,2978
192.17,1407.05,2990
192.87,1407.32,3002
193.02,1407.46,3013
192.70,1406.92,3025
192.75,1406.46,3037
192.88,1406.11,3049
192.83,1405.83,3060
193.15,1406.09,3073
192.91,1406.03,3084
192.52,1406.68,3096
192.53,1407.30,3107
192.64,1407.62,3120
192.72,1407.62,3131
192.56,1407.20,3143
192.25,1406.92,3154
192.72,1406.10,3167
193.43,1405.60,3178
193.53,1405.53,3190
192.92,1405.84,3202
192.40,1406.84,3214
192.77,1407.34,3225
193.06,1407.84,3236
192.78,1408.00,3249
192.28,1407.38,3260
192.80,1406.72,3272
193.63,1405.92,3283
193.17,1405.95,3296
192.75,1405.56,3307
192.98,1405.63,3319
193.36,1406.42,3331
192.82,1406.82,3343
192.44,1407.68,3354
192.51,1407.52,3366
192.35,1407.47,3378
192.86,1407.01,3390
193.10,1406.24,3401
192.41,1405.70,3414
192.76,1405.26,3425
193.52,1405.58,3437
193.42,1405.81,3448
192.84,1406.09,3461
192.45,1406.99,3472
192.24,1407.49,3483
192.75,1408.19,3495
193.06,1407.48,3507
192.86,1406.74,3519
192.29,1406.04,3530
192.61,1405.31,3543
193.38,1405.70,3554
193.54,1405.57,3566
193.34,1406.08,3577
192.45,1406.87,3590
192.55,1407.60,3601
193.06,1407.96,3613
192.87,1407.50,3624
192.41,1407.27,3637
193.04,1406.68,3648
193.26,1406.01,3660
193.18,1405.76,3672
192.94,1405.47,3684
192.88,1406.01,3695
193.15,1406.68,3707
192.92,1407.14,3719
193.03,1407.56,3730
192.23,1407.57,3742
192.11,1407.74,3753
193.42,1407.31,3766
193.30,1406.90,3777
192.60,1406.24,3789
192.53,1405.84,3801
193.10,1406.08,3813
193.07,1406.26,3824
192.71,1406.80,3836
192.78,1407.19,3848
192.17,1407.51,3860
192.24,1407.96,3871
193.01,1407.52,3884
192.84,1406.80,3895
192.37,1406.10,3907
192.60,1405.98,3918
193.29,1405.84,3931
193.43,1405.82,3942
193.05,1406.49,3954
192.69,1406.86,3965
192.46,1407.72,3977
192.65,1407.50,3989
192.92,1407.31,4000
192.71,1407.19,4013
192.42,1406.31,4024
193.34,1406.06,4036
193.19,1405.77,4047
192.69,1405.45,4060
192.78,1405.58,4071
192.92,1405.65,4083
192.98,1406.64,4094
192.80,1407.27,4107
192.53,1407.53,4118
192.68,1407.57,4130
192.81,1406.94,4142
192.91,1406.42,4154
193.16,1405.67,4165
192.86,1405.40,4177
192.64,1405.56,4189
192.98,1405.88,4201
193.12,1406.57,4212
192.83,1406.93,4224
192.62,1407.41,4236
192.72,1407.39,4247
192.77,1407.10,4259
192.73,1406.50,4271
192.70,1405.78,4283
193.05,1405.84,4294
192.83,1405.66,4306
193.16,1406.12,4318
193.48,1406.72,4330
192.55,1406.91,4341
192.26,1407.69,4354
192.85,1407.71,4365
192.79,1407.51,4377
192.61,1407.16,4388
192.78,1406.80,4401
192.75,1406.29,4412
192.94,1405.66,4424
192.77,1405.86,4435
192.82,1406.17,4448
192.32,1406.65,4459
192.57,1407.54,4470
192.84,1407.59,4483
192.51,1407.66,4494
192.77,1406.85,4506
192.67,1406.20,4517
192.97,1405.61,4530
193.38,1405.45,4541
193.21,1406.05,4553
193.30,1406.40,4564
192.73,1406.95,4577
192.71,1407.21,4588
192.79,1407.58,4600
192.75,1407.42,4612
192.65,1406.50,4624
192.63,1405.97,4635
192.66,1405.43,4647
193.07,1405.36,4659
193.47,1405.69,4671
192.79,1405.76,4682
192.59,1406.26,4695
192.76,1406.39,4706
192.59,1407.12,4717
192.86,1407.23,4729
192.50,1407.11,4741
192.29,1407.21,4753
192.74,1406.45,4764
192.97,1405.82,4776
192.77,1405.44,4788
192.82,1405.43,4800
192.93,1406.04,4811
193.26,1406.51,4824
192.74,1407.10,4835
192.26,1407.47,4847
192.80,1407.52,4858
192.88,1407.45,4871
193.05,1406.85,4882
193.21,1406.03,4894
193.27,1405.66,4905
192.98,1405.75,4918
192.85,1406.16,4929
193.19,1406.72,4941
193.02,1407.51,4953
192.64,1407.45,4964
192.51,1407.75,4976
192.71,1407.57,4987
192.74,1407.06,5000
192.70,1406.42,5011
192.82,1405.82,5023
192.70,1405.99,5035
192.92,1405.98,5047
193.22,1406.41,5058
192.91,1406.89,5070
192.82,1407.20,5082
192.60,1407.57,5094
192.71,1407.45,5105
192.76,1407.23,5117
192.76,1406.82,5129
193.07,1406.33,5141
193.15,1406.32,5152
192.86,1405.98,5165
192.99,1406.38,5176
192.88,1406.66,5188
192.96,1407.22,5199
192.26,1407.85,5211
192.69,1407.70,5223
192.87,1407.38,5234
192.69,1406.72,5246
192.91,1406.25,5258
193.24,1405.65,5270
193.24,1405.30,5281
193.04,1405.49,5294
193.08,1406.00,5305
192.64,1406.91,5317
192.77,1407.48,5328
192.72,1407.66,5341
192.89,1407.72,5352
192.63,1407.08,5364
192.21,1406.46,5376
193.07,1405.77,5388
193.39,1405.64,5399
192.93,1405.63,5411
192.78,1405.71,5423
192.81,1406.47,5435
192.56,1406.96,5446
192.65,1407.73,5457
192.83,1408.02,5470
192.39,1407.84,5481
192.45,1407.54,5493
192.94,1406.41,5505
193.18,1405.72,5517
193.08,1405.05,5528
193.15,1405.25,5540
193.08,1406.23,5552
192.74,1407.09,5564
192.77,1408.28,5575
192.62,1408.57,5587
192.53,1408.05,5599
192.77,1407.63,5611
193.12,1406.64,5622
192.96,1406.07,5635
193.37,1405.39,5646
192.84,1405.42,5658
192.53,1406.07,5669
193.04,1406.82,5682
192.87,1407.80,5693
192.71,1407.91,5704
192.33,1408.20,5716
192.46,1407.83,5728
193.22,1406.84,5740
192.91,1406.25,5751
192.53,1405.51,5764
193.10,1405.76,5775
193.16,1406.01,5787
192.88,1406.56,5798
193.09,1407.16,5811
192.42,1407.26,5822
192.06,1407.64,5834
192.91,1407.29,5846
192.94,1406.93,5858
192.74,1406.34,5869
192.82,1405.83,5881
193.07,1405.67,5893
193.43,1405.42,5905
193.37,1405.93,5916
192.61,1406.59,5927
192.40,1407.14,5940
192.61,1407.69,5951
192.87,1407.37,5963
192.65,1406.90,5975
192.39,1406.18,5987
193.09,1405.83,5998
193.56,1405.65,6010
193.34,1405.53,6022
192.32,1406.05,6034
192.73,1406.31,6045
193.31,1407.10,6057
192.60,1407.56,6069
192.49,1407.57,6081
192.77,1407.54,6092
192.57,1406.70,6105
193.17,1406.53,6116
193.41,1406.00,6128
192.51,1405.54,6139
192.71,1405.85,6152
193.36,1406.29,6163
193.18,1407.00,6174
192.72,1407.38,6187
192.56,1407.65,6198
192.70,1407.85,6210
193.03,1407.27,6221
192.75,1406.75,6234
192.43,1405.88,6245
193.00,1405.84,6257
192.91,1405.86,6268
192.95,1406.07,6281
193.00,1406.84,6292
192.30,1407.18,6304
192.69,1407.72,6316
193.12,1407.45,6328
192.74,1406.92,6339
192.61,1406.77,6351
192.86,1406.22,6363
192.86,1405.97,6375
193.18,1406.00,6386
192.66,1406.14,6398
192.38,1406.62,6410
193.05,1406.95,6421
192.76,1407.27,6433
192.69,1406.96,6445
192.78,1406.81,6457
192.50,1406.57,6468
192.73,1406.17,6480
193.17,1406.17,6492
193.38,1405.85,6504
192.78,1406.06,6515
192.81,1406.51,6528
193.00,1406.89,6539
192.78,1407.20,6551
192.66,1407.12,6562
192.66,1407.15,6575
192.69,1406.42,6586
192.97,1406.08,6598
193.41,1406.03,6609
192.81,1405.78,6622
192.47,1406.14,6633
193.32,1406.45,6645
193.11,1407.24,6657
192.46,1407.33,6669
192.69,1407.12,6680
192.66,1407.07,6692
192.80,1406.64,6704
192.72,1407.04,6715
192.68,1406.76,6727
192.95,1406.51,6738
192.62,1406.92,6751
192.96,1406.95,6762
192.59,1407.32,6774
192.55,1407.12,6786
192.78,1407.06,6798
192.76,1406.97,6809
192.82,1406.75,6821
192.53,1406.64,6833
192.71,1406.53,6845
193.00,1407.17,6856
192.85,1406.95,6868
192.74,1406.85,6880
192.61,1407.07,6892
192.51,1407.04,6903
192.70,1407.31,6916
193.08,1407.13,6927
192.84,1406.83,6939
192.66,1406.72,6950
193.06,1406.59,6963
193.04,1406.76,6974
192.80,1406.56,6986
192.25,1406.59,6998
192.81,1406.75,7009
193.10,1406.84,7021
192.81,1406.70,7032
192.91,1406.11,7045
192.70,1406.33,7056
192.77,1406.46,7068
193.15,1406.62,7079
192.93,1406.84,7092
192.60,1406.55,7103
192.89,1406.94,7115
192.87,1406.91,7127
192.94,1406.70,7139
192.74,1406.75,7150
192.95,1406.19,7162
192.97,1406.21,7174
193.23,1406.19,7186
193.21,1406.65,7197
192.33,1406.93,7209
192.39,1406.94,7221
193.30,1407.26,7233
193.45,1406.74,7244
192.68,1406.37,7257
192.44,1406.15,7268
193.16,1406.24,7280
193.51,1406.63,7291
192.82,1406.70,7303
192.57,1407.06,7315
192.58,1407.05,7326
192.64,1407.08,7339
193.49,1407.07,7350
193.06,1406.51,7362
192.28,1406.56,7373
192.80,1406.51,7386
193.11,1406.69,7397
193.05,1406.59,7409
192.90,1406.62,7420
192.72,1406.91,7433
192.70,1407.00,7444
193.34,1407.23,7456
193.22,1406.75,7468
192.63,1406.91,7480
192.46,1406.99,7491
192.76,1406.90,7503
193.29,1406.71,7515
192.92,1406.24,7527
192.75,1406.37,7538
192.82,1406.87,7550
193.13,1407.00,7562
192.67,1407.39,7573
192.31,1407.05,7585
192.75,1406.94,7597
193.01,1406.65,7609
193.13,1406.17,7620
193.20,1405.92,7632
192.58,1405.83,7644
192.58,1406.22,7656
193.41,1406.74,7667
192.86,1406.98,7680
192.41,1407.17,7691
192.84,1406.98,7703
192.98,1406.78,7714
192.82,1406.33,7727
192.57,1406.12,7738
192.83,1406.25,7750
192.78,1405.93,7761
193.05,1406.25,7774
193.52,1406.08,7785
192.84,1406.42,7797
192.29,1406.98,7809
192.92,1407.06,7821
193.12,1407.28,7832
192.74,1406.91,7844
192.99,1406.66,7856
192.69,1406.21,7868
192.88,1406.04,7879
193.33,1406.12,7890
192.68,1406.16,7903
192.82,1406.90,7914
192.61,1407.26,7926
193.17,1407.67,7938
192.57,1407.77,7950
192.44,1407.40,7961
192.87,1407.05,7973
192.83,1406.16,7985
192.88,1406.06,7997
193.47,1406.02,8008
192.88,1406.25,8020
192.67,1406.89,8032
192.96,1407.23,8044
192.60,1407.93,8055
192.74,1407.81,8068
192.62,1407.51,8079
192.70,1407.07,8091
193.32,1406.51,8102
192.52,1406.58,8115
192.50,1406.15,8126
193.04,1406.14,8138
192.81,1406.40,8150
193.23,1406.58,8161
192.77,1407.47,8173
192.39,1407.51,8184
193.21,1407.54,8197
193.10,1407.20,8208
192.62,1406.55,8220
192.95,1406.47,8231
192.69,1405.95,8244
193.03,1406.32,8255
193.31,1406.44,8267
192.30,1406.92,8279
192.41,1407.33,8291
192.62,1407.67,8302
192.66,1407.59,8314
192.97,1406.71,8326
192.60,1406.28,8338
192.62,1405.98,8349
193.21,1405.92,8361
193.26,1406.24,8373
192.83,1406.39,8385
192.54,1406.95,8396
193.32,1407.09,8409
192.73,1406.96,8420
192.25,1406.99,8432
193.40,1406.73,8443
192.65,1406.56,8455
192.49,1406.36,8467
193.44,1406.42,8478
192.46,1406.61,8491
192.56,1406.38,8502
193.38,1406.87,8514
192.67,1406.89,8525
193.12,1407.16,8538
193.16,1407.49,8549
192.12,1407.39,8561
192.62,1407.63,8572
193.17,1406.87,8585
193.02,1406.51,8596
193.15,1406.21,8608
192.90,1406.00,8620
192.74,1406.43,8632
192.69,1406.81,8643
192.92,1407.53,8655
193.10,1407.76,8667
192.58,1407.48,8679
193.16,1407.31,8690
192.85,1406.97,8702
192.89,1406.69,8714
193.17,1406.03,8726
192.90,1406.17,8737
193.06,1406.51,8749
192.89,1406.56,8761
192.42,1407.02,8772
192.81,1407.05,8784
192.56,1407.26,8796
192.89,1407.31,8808
193.10,1406.96,8819
192.20,1406.69,8832
192.64,1406.20,8843
193.04,1406.31,8855
192.88,1406.21,8866
192.98,1406.45,8879
192.68,1406.69,8890
192.85,1406.66,8902
192.88,1407.00,8913
192.43,1406.68,8926
192.82,1406.60,8937
192.68,1406.79,8949
192.44,1406.34,8961
193.54,1406.24,8973
193.02,1405.88,8984
192.33,1406.13,8996
193.19,1406.29,9008
193.15,1406.78,9020
192.69,1407.25,9031
192.92,1407.20,9042
192.51,1407.20,9055
192.47,1406.67,9066
192.99,1406.35,9078
192.86,1406.28,9090
192.92,1406.07,9102
192.98,1406.37,9113
193.24,1406.35,9125
192.76,1406.49,9137
192.67,1406.61,9149
192.70,1406.74,9160
192.33,1407.27,9172
193.27,1407.48,9184
192.98,1407.50,9196
192.01,1406.85,9207
192.83,1406.16,9220
193.13,1405.94,9231
193.03,1405.93,9243
193.32,1406.54,9254
192.53,1406.79,9267
192.47,1407.50,9278
193.21,1408.07,9290
192.44,1407.76,9302
192.39,1407.62,9314
192.78,1406.64,9325
192.70,1406.18,9336
193.32,1405.98,9349
193.16,1405.53,9360
192.78,1405.98,9372
193.00,1406.37,9383
193.00,1407.25,9396
192.94,1407.46,9407
192.90,1407.44,9419
192.59,1407.15,9431
192.48,1406.64,9443
192.52,1406.37,9454
192.87,1405.93,9466
192.87,1405.84,9478
192.87,1405.97,9490
192.84,1406.29,9501
192.93,1406.64,9513
193.12,1406.83,9525
192.92,1407.25,9537
192.74,1407.17,9548
192.95,1406.75,9561
193.03,1406.65,9572
192.80,1406.04,9584
193.23,1406.08,9595
193.23,1406.16,9608
192.72,1406.39,9619
192.76,1406.94,9630
192.86,1406.91,9643
192.88,1407.22,9654
192.91,1407.25,9666
192.96,1407.18,9677
192.88,1407.15,9690
192.82,1406.56,9701
193.02,1406.43,9713
192.94,1406.19,9724
192.73,1406.56,9737
192.66,1407.03,9748
193.24,1407.15,9760
192.88,1407.50,9772
192.02,1407.36,9784

