955583.00
-8133.00
-419.99,31.74,1134
-431.89,33.40,1135
-383.79,33.08,1147
-405.25,32.54,1160
-408.60,31.70,1171
-417.97,31.56,1183
-432.51,32.48,1195
-404.06,32.21,1207
-384.12,32.20,1218
-402.16,31.94,1230
-408.75,31.19,1242
-419.02,32.11,1253
-433.24,33.35,1265
-401.95,33.40,1276
-382.30,33.31,1289
-404.61,32.09,1300
-408.47,31.38,1312
-418.77,31.68,1324
-434.74,32.00,1336
-402.62,32.14,1347
-384.23,31.91,1359
-405.72,32.11,1371
-405.30,31.91,1383
-416.77,33.32,1394
-433.73,33.87,1405
-402.16,33.41,1418
-382.56,32.37,1429
-401.89,30.99,1441
-407.17,30.95,1453
-420.93,31.38,1465
-434.67,32.49,1476
-402.06,32.47,1488
-383.72,32.56,1500
-402.72,32.59,1512
-406.79,32.43,1523
-416.69,33.57,1536
-403.87,33.25,1547
-384.12,32.51,1558
-404.72,31.81,1570
-408.68,30.66,1582
-415.58,31.22,1594
-433.12,32.24,1605
-406.17,32.69,1617
-380.95,33.12,1629
-401.86,32.45,1641
-407.42,32.14,1652
-416.22,32.38,1665
-434.22,33.14,1676
-406.11,32.54,1688
-380.06,32.00,1699
-403.21,31.27,1711
-410.77,30.61,1723
-416.67,32.01,1734
-433.20,32.65,1746
-406.45,33.36,1758
-381.46,33.41,1770
-402.34,32.28,1781
-409.29,32.20,1794
-414.87,32.18,1805
-433.30,32.87,1817
-408.39,32.42,1828
-381.05,31.84,1841
-403.56,31.43,1852
-409.16,30.88,1863
-416.18,32.24,1875
-435.56,32.91,1887
-407.47,33.36,1899
-380.90,32.77,1910
-401.67,32.12,1923
-414.25,32.34,1934
-434.87,32.37,1946
-407.89,32.91,1957
-382.07,32.41,1970
-403.45,31.21,1981
-408.28,31.32,1993
-413.33,31.16,2004
-435.03,32.69,2016
-408.03,33.38,2028
-379.18,33.16,2039
-401.81,32.71,2052
-408.80,31.91,2063
-413.06,32.09,2075
-435.49,32.74,2086
-409.44,32.70,2099
-381.10,32.19,2110
-401.19,31.68,2122
-408.74,31.22,2134
-413.83,31.70,2146
-433.65,33.13,2157
-411.84,32.86,2168
-381.39,32.96,2181
-400.23,32.69,2192
-410.29,31.68,2204
-414.21,32.86,2215
-433.19,33.02,2228
-411.20,32.59,2239
-384.85,32.17,2251
-400.42,31.07,2263
-408.90,31.25,2275
-414.06,32.34,2286
-433.14,33.08,2298
-413.54,33.49,2310
-397.56,32.81,2321
-409.04,32.16,2333
-414.67,32.06,2344
-432.86,32.17,2357
-412.72,32.22,2368
-382.11,32.22,2380
-400.06,31.57,2392
-410.55,31.35,2404
-414.16,32.01,2415
-430.78,32.73,2427
-411.50,33.90,2439
-382.35,33.37,2451
-399.89,32.23,2462
-408.65,31.93,2473
-414.37,31.06,2486
-433.77,32.34,2497
-414.01,32.31,2509
-384.36,32.03,2521
-400.44,32.35,2533
-408.02,31.70,2544
-412.54,32.35,2556
-432.53,33.47,2568
-413.27,32.99,2580
-383.64,32.47,2591
-398.92,31.69,2604
-408.31,30.91,2615
-415.86,31.83,2626
-433.42,32.57,2638
-412.63,32.58,2650
-383.58,32.68,2662
-399.07,32.12,2673
-408.30,31.50,2685
-413.50,32.87,2697
-432.46,33.15,2709
-383.93,32.98,2720
-397.95,32.15,2733
-409.08,30.89,2744
-414.30,31.23,2756
-433.02,31.89,2767
-415.23,32.77,2779
-381.16,33.32,2791
-397.42,32.39,2802
-410.60,32.26,2814
-412.41,31.84,2826
-431.46,32.71,2838
-416.44,33.06,2849
-382.92,32.64,2862
-399.15,31.69,2873
-409.10,31.21,2885
-411.59,31.66,2896
-433.62,32.71,2909
-416.36,33.63,2920
-382.03,33.11,2931
-397.97,32.13,2944
-406.43,31.63,2955
-412.60,31.27,2967
-434.24,32.88,2978
-415.73,32.47,2991
-382.15,32.16,3002
-396.09,32.28,3014
-409.66,31.00,3025
-414.29,32.10,3038
-430.50,33.27,3049
-415.79,32.90,3061
-385.07,33.10,3073
-397.23,32.03,3084
-406.76,31.29,3096
-431.04,32.46,3107
-421.05,32.99,3120
-386.30,32.46,3131
-393.66,32.20,3143
-409.03,31.18,3154
-414.33,31.05,3167
-431.76,32.97,3178
-418.43,33.17,3190
-381.88,33.72,3202
-392.83,33.23,3214
-410.87,31.43,3225
-412.66,31.54,3236
-429.87,31.73,3249
-420.68,32.10,3260
-385.58,32.88,3272
-395.49,31.64,3283
-410.12,31.76,3296
-408.29,32.26,3307
-429.48,33.16,3319
-422.20,33.77,3331
-383.46,32.97,3343
-394.48,31.52,3354
-408.97,30.87,3366
-409.46,31.17,3378
-433.87,32.51,3389
-423.35,33.36,3401
-381.73,33.04,3412
-392.43,32.18,3425
-410.60,31.95,3436
-410.81,31.87,3448
-429.86,32.59,3460
-420.71,33.22,3472
-384.47,32.03,3483
-410.81,31.99,3495
-409.37,31.33,3507
-430.10,31.46,3519
-425.07,33.34,3530
-386.27,32.50,3542
-391.57,32.64,3554
-407.85,32.12,3565
-409.55,31.14,3577
-431.55,32.49,3589
-424.49,32.72,3601
-383.64,32.60,3612
-391.64,32.22,3624
-411.58,31.80,3636
-409.24,31.57,3648
-429.69,32.94,3659
-424.80,33.03,3672
-383.71,32.62,3683
-392.84,32.27,3694
-411.01,31.15,3706
-408.55,31.37,3718
-430.49,32.51,3730
-425.05,32.41,3741
-385.59,33.02,3753
-393.93,32.22,3765
-409.01,31.89,3777
-406.27,32.42,3788
-428.79,32.73,3801
-425.83,32.71,3812
-386.67,32.08,3824
-391.82,31.32,3835
-409.04,31.02,3847
-408.20,32.05,3859
-428.85,33.21,3870
-426.78,33.66,3883
-386.51,33.25,3894
-411.41,32.44,3906
-411.09,31.92,3917
-427.08,31.71,3930
-424.93,32.20,3941
-387.20,32.08,3953
-393.39,31.51,3964
-412.02,31.62,3977
-406.08,31.55,3988
-423.53,33.20,3999
-428.77,34.31,4012
-388.65,33.41,4023
-388.64,32.60,4035
-407.89,31.30,4046
-407.63,30.52,4059
-432.35,32.11,4070
-429.35,32.30,4082
-385.25,32.61,4093
-390.13,32.43,4106
-411.04,31.72,4117
-410.33,32.23,4128
-427.89,33.15,4141
-423.86,33.50,4152
-386.79,32.97,4164
-392.29,32.11,4175
-410.83,30.82,4188
-407.28,31.44,4199
-427.84,32.26,4211
-428.05,32.62,4222
-390.37,32.84,4235
-390.65,31.88,4246
-406.34,32.11,4258
-406.89,32.81,4270
-430.71,33.42,4281
-388.38,33.56,4293
-387.31,31.85,4304
-410.29,31.14,4317
-410.92,30.90,4328
-429.42,31.20,4340
-427.84,33.11,4352
-385.17,32.93,4364
-388.08,33.26,4375
-410.51,32.57,4387
-408.98,31.86,4399
-424.26,32.43,4411
-427.52,32.89,4422
-391.99,32.34,4433
-391.39,31.66,4446
-408.54,31.18,4457
-406.17,31.10,4469
-425.21,32.76,4481
-430.84,33.41,4493
-392.79,32.85,4504
-386.08,32.85,4516
-405.58,31.53,4528
-410.40,31.76,4540
-428.40,33.10,4551
-428.18,32.39,4563
-388.44,32.86,4575
-386.85,32.16,4586
-410.51,31.09,4598
-411.16,31.85,4610
-424.71,32.61,4622
-426.81,33.04,4633
-391.79,33.15,4645
-391.43,32.21,4657
-406.20,31.83,4669
-426.15,32.21,4680
-431.03,32.87,4692
-391.34,32.68,4704
-387.80,32.42,4716
-404.30,31.16,4727
-408.40,31.48,4739
-428.81,32.52,4751
-428.52,32.97,4762
-387.55,33.58,4774
-385.67,32.78,4786
-410.06,31.82,4798
-410.29,31.65,4809
-422.82,31.56,4822
-428.56,32.71,4833
-390.29,33.16,4845
-389.46,32.44,4856
-408.68,32.04,4869
-404.48,31.77,4880
-425.02,32.35,4891
-434.13,33.21,4903
-392.35,32.79,4915
-385.87,31.94,4927
-405.98,31.87,4938
-406.63,31.86,4951
-427.18,32.68,4962
-432.76,33.35,4974
-387.82,32.63,4985
-385.99,32.17,4998
-409.54,31.61,5009
-409.62,31.28,5021
-423.99,33.05,5032
-429.10,33.26,5044
-392.23,33.47,5056
-407.84,33.08,5067
-406.38,31.98,5080
-421.49,32.03,5091
-433.80,32.61,5103
-395.95,32.26,5114
-386.67,31.96,5127
-405.64,31.73,5138
-408.80,31.08,5150
-426.52,32.46,5161
-432.47,33.55,5174
-391.63,33.11,5185
-383.79,33.22,5196
-407.46,31.74,5209
-411.11,31.02,5220
-424.39,31.98,5232
-428.59,32.43,5243
-393.58,32.75,5256
-388.20,32.27,5267
-408.16,31.69,5279
-408.42,31.59,5291
-421.28,32.37,5303
-431.56,33.25,5314
-395.84,33.02,5326
-385.97,32.61,5338
-405.58,31.97,5349
-405.33,31.69,5361
-424.07,32.27,5372
-432.74,32.25,5385
-395.14,32.13,5396
-383.30,31.64,5408
-406.13,31.61,5420
-409.89,32.22,5432
-422.93,33.25,5443
-393.03,33.52,5455
-386.04,33.34,5467
-409.31,32.07,5479
-407.92,30.90,5490
-421.05,31.33,5501
-432.84,31.98,5514
-399.41,32.62,5525
-384.03,32.78,5537
-403.98,32.28,5549
-408.97,32.22,5561
-421.67,32.42,5572
-433.70,32.90,5584
-396.30,32.65,5596
-380.62,32.03,5608
-406.22,31.90,5619
-412.47,31.21,5632
-422.19,31.58,5643
-429.46,32.64,5654
-398.32,32.34,5666
-385.30,32.63,5678
-405.07,32.04,5690
-407.86,32.34,5701
-418.32,33.29,5713
-429.23,33.32,5725
-398.81,33.03,5737
-385.94,31.63,5748
-403.78,31.00,5761
-408.36,31.02,5772
-423.39,31.96,5784
-432.62,32.91,5795
-397.41,33.09,5807
-382.49,32.99,5819
-404.15,32.83,5830
-421.62,32.33,5842
-429.59,32.86,5854
-399.37,32.08,5866
-385.07,31.86,5877
-408.65,31.51,5890
-410.27,30.86,5901
-418.16,32.06,5913
-432.39,32.99,5924
-401.15,33.40,5937
-383.48,33.11,5948
-404.34,32.23,5959
-406.22,32.10,5971
-421.29,32.29,5983
-434.60,33.01,5995
-400.14,32.39,6006
-380.04,31.99,6019
-406.42,31.53,6030
-410.37,31.10,6042
-420.90,32.61,6053
-432.46,32.88,6066
-396.42,33.28,6077
-382.92,33.20,6089
-409.06,31.97,6100
-407.18,32.45,6112
-416.68,32.10,6124
-433.07,32.45,6135
-402.63,32.23,6148
-386.16,31.34,6159
-405.02,31.46,6171
-406.87,31.70,6182
-420.27,32.94,6195
-435.57,33.42,6206
-399.19,33.47,6218
-380.81,32.55,6230
-409.64,32.10,6242
-421.86,31.96,6253
-432.26,32.10,6264
-398.91,32.48,6277
-384.69,31.88,6288
-407.80,31.69,6300
-407.73,31.97,6311
-415.26,32.07,6324
-433.11,33.45,6335
-402.25,33.45,6347
-383.15,32.79,6359
-404.16,32.15,6371
-405.38,31.63,6382
-419.83,32.18,6394
-436.53,32.91,6406
-398.43,32.60,6417
-380.19,32.12,6429
-404.58,32.05,6440
-409.00,31.49,6453
-418.93,32.63,6464
-432.10,33.32,6476
-397.53,32.83,6488
-384.02,32.96,6500
-407.46,31.97,6511
-406.17,31.43,6523
-417.70,32.20,6535
-432.85,32.38,6547
-403.68,32.45,6558
-386.29,32.01,6569
-401.47,31.81,6582
-404.25,32.51,6593
-420.18,33.38,6605
-435.20,33.62,6617
-380.87,32.76,6629
-401.73,31.69,6640
-411.48,31.19,6652
-423.48,30.92,6664
-430.55,32.11,6676
-400.53,32.42,6687
-383.95,32.93,6700
-405.77,32.49,6711
-409.61,32.33,6722
-415.69,32.68,6734
-431.79,33.01,6746
-404.63,33.06,6758
-385.70,31.99,6769
-404.21,31.27,6781
-407.14,30.86,6793
-418.24,31.47,6805
-436.84,32.87,6816
-403.92,32.79,6829
-379.94,32.59,6840
-403.86,32.57,6852
-409.67,32.34,6863
-419.95,32.97,6875
-433.60,33.32,6887
-400.69,32.66,6898
-383.93,31.59,6910
-407.74,30.84,6922
-410.60,30.65,6934
-416.56,31.63,6945
-434.11,33.17,6958
-405.16,33.31,6969
-383.66,33.14,6981
-403.26,32.45,6992
-404.95,31.83,7005
-435.40,32.99,7016
-404.64,32.42,7027
-383.49,32.12,7040
-404.02,31.34,7051
-409.47,30.46,7063
-419.79,31.60,7074
-433.48,32.77,7087
-404.21,33.53,7098
-380.81,33.62,7110
-404.45,32.35,7121
-407.56,32.64,7134
-416.30,31.50,7145
-434.62,33.27,7156
-408.86,31.99,7169
-382.72,32.09,7180
-403.43,31.73,7192
-409.77,30.33,7203
-414.57,33.01,7216
-436.10,32.58,7227
-406.72,33.65,7239
-378.97,32.90,7250
-400.99,32.23,7263
-410.83,32.34,7274
-413.21,32.34,7286
-435.67,32.74,7298
-405.22,31.80,7310
-379.82,31.51,7321
-408.62,30.74,7332
-408.61,31.53,7345
-415.69,32.82,7356
-435.83,33.21,7368
-405.27,34.15,7379
-380.73,32.70,7392
-403.61,32.96,7403
-415.17,32.27,7415
-434.20,31.91,7427
-407.63,32.34,7439
-383.93,31.20,7450
-402.16,30.80,7462
-409.42,30.97,7474
-419.20,32.04,7485
-429.47,33.65,7497
-408.77,33.95,7508
-382.24,33.67,7521
-397.03,32.55,7532
-411.15,31.98,7544
-418.16,31.26,7556
-431.39,32.03,7568
-408.84,31.38,7579
-383.08,31.40,7591
-401.95,31.81,7603
-409.96,32.01,7614
-415.10,33.45,7626
-432.83,34.06,7638
-405.37,34.05,7650
-383.11,32.79,7661
-403.47,32.19,7673
-406.53,31.06,7685
-417.08,31.35,7697
-436.87,31.84,7708
-406.18,31.57,7720
-385.71,31.65,7732
-403.07,31.70,7744
-404.57,32.53,7755
-418.05,33.90,7767
-432.25,34.56,7779
-402.41,33.55,7790
-403.63,32.43,7802
-409.43,30.85,7814
-418.58,30.19,7826
-433.78,31.33,7837
-409.15,31.59,7849
-383.33,32.67,7861
-401.16,32.62,7873
-409.10,32.52,7884
-411.50,33.36,7897
-433.97,33.69,7908
-411.36,33.34,7919
-379.95,32.25,7931
-402.99,31.08,7943
-411.05,30.42,7955
-414.87,30.86,7966
-436.18,32.41,7979
-411.26,32.66,7990
-378.50,32.97,8002
-400.99,32.75,8013
-409.71,32.30,8026
-411.99,33.22,8037
-433.33,33.09,8049
-409.39,32.84,8060
-382.97,31.66,8072
-403.43,30.50,8084
-409.30,30.47,8095
-414.78,31.39,8108
-433.62,33.05,8119
-411.11,33.57,8131
-381.81,33.07,8142
-399.14,32.90,8155
-407.69,31.91,8166
-413.11,32.62,8178
-412.05,32.87,8189
-381.11,32.03,8202
-401.84,31.45,8213
-411.22,30.72,8224
-412.21,31.05,8237
-434.24,32.38,8248
-412.38,33.59,8260
-381.12,33.41,8271
-399.34,32.82,8284
-409.87,32.60,8295
-412.08,31.86,8307
-434.79,32.80,8318
-414.59,32.33,8331
-380.04,31.79,8342
-398.74,31.36,8354
-412.25,31.07,8366
-413.08,31.56,8377
-432.33,33.41,8389
-415.16,32.91,8400
-379.91,33.52,8413
-396.89,32.56,8424
-413.13,31.63,8436
-410.83,32.69,8448
-431.65,31.92,8460
-417.02,32.35,8471
-378.70,31.64,8483
-397.88,31.01,8495
-413.57,31.47,8507
-412.56,32.19,8518
-432.41,33.23,8529
-413.78,33.65,8542
-380.90,33.14,8553
-398.23,32.26,8565
-413.97,31.76,8577
-435.67,31.89,8589
-414.12,31.83,8600
-385.60,32.30,8612
-399.29,31.15,8624
-405.73,31.93,8636
-417.88,31.93,8647
-432.87,32.88,8659
-409.31,34.23,8671
-384.77,32.97,8682
-397.31,32.85,8694
-409.12,31.58,8706
-416.57,31.11,8718
-429.29,32.14,8729
-415.49,31.75,8741
-386.09,32.22,8753
-396.58,31.57,8765
-408.16,31.75,8776
-412.10,32.37,8788
-429.82,33.51,8800
-418.49,33.92,8812
-381.18,33.09,8823
-395.57,32.15,8835
-412.84,30.53,8847
-412.69,31.28,8858
-434.93,31.99,8870
-416.61,32.09,8882
-379.40,32.64,8894
-401.30,32.28,8905
-410.10,32.33,8918
-408.40,33.05,8929
-432.55,33.56,8941
-415.84,33.08,8952
-382.67,32.05,8965
-405.72,30.89,8976
-411.48,30.51,8987
-435.47,31.87,8999
-417.71,32.38,9011
-382.68,32.97,9023
-393.80,32.67,9034
-406.28,32.33,9047
-413.76,32.86,9058
-432.23,32.97,9070
-413.85,33.29,9081
-382.82,32.33,9094
-399.88,31.21,9105
-410.80,30.59,9117
-413.33,30.53,9128
-430.94,32.00,9140
-415.69,32.99,9152
-382.93,33.52,9163
-397.03,33.12,9176
-405.40,32.55,9187
-406.34,32.46,9199
-433.89,32.87,9210
-419.75,32.46,9223
-384.61,31.31,9234
-396.19,30.69,9246
-406.22,30.62,9257
-414.92,31.73,9270
-436.29,33.38,9281
-415.00,33.38,9292
-379.77,33.69,9305
-395.04,33.13,9316
-410.31,32.03,9328
-414.31,32.29,9339
-429.55,32.07,9352
-387.95,31.62,9363
-398.88,31.64,9375
-408.79,30.80,9387
-408.73,31.36,9399
-429.22,33.32,9410
-422.32,33.57,9422
-385.38,34.15,9434
-388.50,32.97,9445
-408.81,31.74,9457
-412.07,31.85,9468
-432.12,31.98,9481
-421.97,32.15,9492
-379.67,31.97,9504
-393.32,31.44,9516
-413.35,31.33,9528
-411.92,32.09,9539
-427.33,33.37,9551
-416.15,33.77,9563
-383.70,34.01,9575
-397.28,32.32,9586
-408.68,31.59,9597
-407.83,31.40,9610
-430.11,31.73,9621
-424.37,32.19,9633
-386.94,31.66,9645
-392.31,31.64,9657
-405.16,32.00,9668
-411.26,33.14,9680
-432.63,33.76,9692
-420.30,33.99,9704
-380.51,32.49,9715
-390.98,31.81,9728
-412.32,31.49,9739
-428.29,31.14,9750
-419.71,32.62,9762
-384.14,32.42,9774
-397.27,31.87,9786
-409.75,32.51,9797
-406.93,31.66,9809
-427.27,33.09,9821
-422.26,34.05,9833
-386.00,33.04,9844
-392.25,32.47,9857
-407.33,31.22,9868
-411.01,30.51,9880
-435.11,32.08,9891
-422.81,32.04,9903
-380.55,32.65,9915
-392.19,32.69,9926
-409.97,32.39,9938
-413.78,33.24,9950
-427.85,33.32,9962
-416.76,33.37,9973
-386.34,32.51,9986
-396.47,31.24,9997
-409.76,30.65,10009
-408.79,30.77,10020
-428.78,32.54,10033
-423.71,33.35,10044
-386.70,33.61,10055
-391.06,32.71,10067
-404.26,32.59,10079
-409.49,32.08,10091
-435.73,32.82,10102
-422.25,32.63,10115
-380.26,31.49,10126
-392.10,31.87,10138
-412.95,31.07,10149
-431.33,31.88,10162
-416.90,33.48,10173
-385.10,32.95,10185
-396.98,33.41,10196
-408.81,32.47,10208
-407.29,31.32,10220
-429.60,32.42,10231
-426.54,32.55,10244
-387.74,32.60,10255
-390.51,31.66,10267
-406.52,31.45,10278
-410.18,31.30,10291
-432.83,33.04,10302
-427.23,33.12,10314
-379.51,33.12,10326
-388.09,32.88,10338
-415.82,31.86,10349
-411.04,31.25,10360
-429.72,32.41,10373
-425.03,31.46,10384
-381.78,32.99,10396
-396.59,31.61,10407
-413.63,31.35,10420
-402.95,32.29,10431
-430.29,32.22,10443
-426.71,33.56,10455
-386.13,32.80,10467
-393.37,31.94,10478
-406.89,32.06,10490
-408.21,31.34,10502
-433.31,32.66,10513
-425.36,32.34,10525
-388.17,32.13,10536
-408.86,31.81,10549
-415.43,31.79,10560
-427.71,32.62,10572
-420.98,33.31,10584
-388.43,33.54,10596
-389.38,32.47,10607
-412.32,32.50,10619
-410.46,31.20,10631
-420.72,31.75,10643
-428.43,32.85,10654
-391.17,32.07,10665
-387.97,32.23,10678
-409.69,32.05,10689
-408.35,31.51,10701
-426.93,33.17,10713
-427.52,33.54,10725
-383.37,33.10,10736
-388.35,32.89,10748
-409.68,31.44,10760
-411.31,31.12,10772
-430.46,32.12,10783
-425.01,31.73,10796
-384.27,32.35,10807
-394.63,32.72,10818
-410.02,32.04,10830
-405.17,32.99,10842
-428.08,33.61,10854
-424.43,32.93,10865
-388.15,32.86,10877
-393.94,31.43,10889
-404.84,30.76,10901
-411.35,31.72,10912
-432.98,32.16,10925
-385.45,32.86,10936
-387.75,33.10,10948
-407.99,32.67,10959
-412.16,32.75,10971
-427.68,32.96,10983
-423.36,32.59,10994
-384.36,32.54,11006
-395.16,31.55,11018
-413.99,30.86,11030
-406.41,31.22,11041
-424.77,31.73,11054
-430.05,33.21,11065
-389.68,33.29,11077
-387.68,33.02,11088
-411.25,32.50,11101
-404.28,32.50,11112
-429.39,32.00,11123
-433.83,32.66,11136
-383.48,31.33,11147
-387.57,31.15,11159
-414.80,31.53,11170
-410.87,31.67,11183
-429.55,33.43,11194
-423.75,33.21,11206
-381.53,33.74,11217
-394.57,32.48,11230
-411.36,32.00,11241
-407.16,31.60,11252
-426.21,32.10,11265
-424.64,32.68,11276
-392.11,31.76,11288
-391.99,32.05,11299
-404.92,31.43,11312
-430.67,32.22,11323
-425.72,33.38,11335
-387.85,33.01,11346
-386.31,33.14,11359
-408.65,31.83,11370
-415.63,32.93,11382
-424.27,31.43,11394
-426.04,33.31,11405
-391.21,31.65,11417
-388.10,31.42,11428
-415.01,31.78,11441
-407.93,30.83,11452
-420.00,33.68,11464
-432.44,33.33,11475
-387.26,33.93,11488
-388.20,32.79,11499
-410.19,31.13,11511
-405.09,31.53,11523
-428.59,31.15,11535
-433.68,32.61,11546
-385.57,31.67,11557
-387.31,32.26,11570
-413.00,31.83,11581
-405.95,32.65,11593
-428.69,33.66,11604
-428.04,33.36,11617
-384.77,33.37,11628
-391.02,31.76,11640
-410.69,31.47,11652
-410.29,31.27,11664
-425.70,31.96,11675
-428.18,32.26,11687
-390.72,32.36,11699
-409.06,32.09,11710
-406.99,32.10,11722
-423.84,33.11,11734
-427.15,33.46,11746
-393.38,33.95,11757
-383.39,32.33,11769
-409.09,31.17,11781
-413.19,31.01,11793
-426.77,30.74,11804
-429.85,32.38,11816
-389.01,32.39,11828
-387.12,32.62,11840
-410.81,33.01,11851
-409.35,32.25,11863
-422.85,33.37,11875
-427.03,33.72,11886
-391.75,32.70,11898
-388.25,31.84,11910
-410.13,30.86,11922
-408.89,30.48,11933
-428.43,31.79,11945
-431.03,32.66,11957
-389.49,32.83,11969
-386.83,33.04,11980
-407.28,32.29,11993
-409.78,32.46,12004
-428.46,33.17,12015
-427.26,32.74,12027
-388.50,32.57,12039
-389.27,31.22,12051
-410.92,30.45,12062
-410.45,30.99,12075
-426.06,31.77,12086
-429.73,33.13,12098
-388.85,33.21,12109
-406.56,32.87,12122
-407.32,32.61,12133
-426.54,32.68,12145
-429.49,33.33,12156
-391.29,32.36,12168
-386.21,31.83,12180
-408.81,30.69,12191
-412.13,30.62,12204
-426.96,30.80,12215
-426.08,34.28,12227
-391.05,32.78,12238
-385.21,34.77,12251
-409.20,33.20,12262
-405.48,31.91,12274
-422.58,32.89,12285
-432.41,31.89,12298
-390.33,32.17,12309
-391.55,30.99,12320
-407.57,30.76,12333
-405.30,30.85,12344
-427.24,33.22,12356
-432.87,33.56,12367
-387.96,33.90,12380
-385.92,33.93,12391
-406.32,31.98,12403
-407.58,32.51,12414
-428.90,31.48,12427
-427.83,31.43,12438
-390.87,31.78,12450
-386.90,30.80,12462
-412.42,31.58,12473
-410.17,31.94,12485
-428.68,33.66,12496
-391.66,34.53,12509
-387.54,33.89,12520
-407.47,33.00,12532
-405.60,31.46,12544
-422.42,31.65,12556
-437.92,31.60,12567
-394.28,31.83,12579
-381.03,31.33,12591
-411.00,31.29,12603
-407.81,32.14,12614
-425.67,32.75,12625
-431.90,34.13,12638
-388.09,33.88,12649
-386.50,32.76,12661
-410.22,32.46,12673
-410.18,31.09,12685
-422.40,31.40,12696
-431.86,31.80,12708
-397.58,31.29,12720
-387.93,31.73,12732
-405.41,31.99,12743
-409.78,32.42,12755
-422.86,33.77,12767
-430.04,33.93,12778
-396.12,33.31,12790
-381.10,32.57,12802
-405.96,31.30,12814
-415.60,30.89,12825
-419.70,31.73,12837
-429.91,31.55,12849
-398.21,31.93,12861
-384.53,32.24,12872
-409.21,32.11,12884
-417.06,33.04,12896
-432.42,33.66,12908
-397.29,33.50,12919
-384.20,32.47,12931
-407.95,31.59,12943
-408.28,30.67,12954
-424.07,31.19,12966
-435.75,32.40,12978
-391.95,31.92,12990
-383.48,32.44,13001
-407.93,32.14,13014
-410.05,32.39,13025
-423.44,33.40,13037
-427.17,33.40,13048
-391.07,33.07,13061
-389.72,32.20,13072
-408.66,31.00,13083
-407.09,30.97,13095
-424.33,31.62,13107
-430.16,32.35,13119
-395.85,32.91,13130
-386.40,32.19,13143
-404.14,32.65,13154
-408.19,33.16,13166
-422.73,33.65,13177
-429.29,33.96,13190
-392.90,32.36,13201
-383.83,31.26,13213
-407.87,30.46,13224
-410.12,30.64,13236
-422.21,32.13,13248
-431.94,32.71,13259
-391.73,33.09,13272
-407.99,32.75,13283
-408.56,33.00,13295
-420.51,32.86,13306
-428.65,33.40,13319
-394.61,32.73,13330
-386.54,31.51,13342
-407.43,31.01,13353
-409.30,30.35,13366
-425.26,31.68,13377
-431.14,32.77,13388
-392.21,32.85,13401
-384.77,33.25,13412
-405.03,33.17,13424
-410.24,33.02,13435
-422.35,33.25,13448
-427.31,33.10,13459
-395.14,31.93,13471
-387.88,30.77,13483
-409.65,30.30,13495
-408.87,30.28,13506
-422.23,32.34,13518
-432.55,33.50,13530
-394.48,33.53,13541
-383.92,33.90,13553
-405.07,33.02,13564
-406.07,32.81,13577
-424.43,32.82,13588
-432.35,31.03,13600
-392.48,31.48,13612
-386.40,29.65,13624
-409.44,31.09,13635
-411.92,32.03,13647
-423.22,33.56,13659
-426.80,34.39,13671
-385.21,33.99,13682
-410.83,32.76,13693
-406.98,31.58,13706
-419.17,32.00,13717
-433.42,31.32,13729
-400.02,32.23,13741
-382.22,31.10,13753
-404.98,30.87,13764
-413.22,32.02,13776
-423.77,32.93,13788
-430.93,34.25,13800
-391.51,34.07,13811
-382.77,32.90,13822
-408.63,32.37,13835
-413.82,31.51,13846
-422.57,31.12,13858
-426.41,31.98,13870
-398.95,31.39,13882
-388.51,31.15,13893
-408.40,32.23,13905
-407.86,32.10,13917
-421.27,34.22,13929
-429.08,34.74,13940
-397.45,32.98,13953
-385.63,32.31,13964
-402.18,30.88,13975
-412.46,30.44,13987
-426.90,32.17,13999
-430.93,31.99,14011
-395.05,32.31,14022
-383.30,32.80,14034
-406.99,32.01,14046
-412.17,33.36,14058
-426.51,33.63,14069
-393.71,32.74,14082
-389.44,32.83,14093
-409.43,30.93,14105
-406.97,30.72,14116
-421.74,31.60,14128
-432.45,32.04,14140
-396.26,32.65,14151
-382.81,32.57,14163
-405.13,32.38,14175
-408.99,32.69,14187
-423.45,33.58,14198
-430.41,33.46,14211
-392.45,33.41,14222
-383.70,32.10,14234
-408.61,30.96,14245
-410.49,31.01,14258
-422.99,31.06,14269
-431.24,32.14,14280
-394.57,32.91,14292
-384.28,32.43,14304
-408.18,33.10,14316
-407.32,32.96,14327
-419.60,33.03,14340
-432.17,33.45,14351
-394.83,32.39,14363
-384.67,31.37,14374
-408.51,31.05,14387
-408.66,30.71,14398
-423.98,32.09,14410
-432.95,32.85,14422
-393.59,32.63,14433
-385.44,32.87,14445
-405.75,32.76,14456
-423.00,32.40,14469
-430.85,33.62,14480
-393.59,32.70,14492
-387.95,31.80,14503
-407.82,31.61,14516
-407.84,30.14,14527
-423.97,31.62,14539
-430.60,32.81,14551
-394.14,32.88,14563
-386.18,33.56,14574
-405.78,32.68,14585
-407.37,32.31,14598
-424.04,32.52,14609
-429.81,32.53,14621
-395.27,32.16,14632
-387.17,31.48,14645
-405.95,31.08,14656
-410.35,31.06,14668
-423.60,32.40,14680
-430.21,32.91,14692
-395.07,33.08,14703
-383.97,33.38,14715
-406.77,32.14,14727
-410.28,32.34,14738
-422.08,32.41,14750
-430.11,31.92,14761
-398.08,32.28,14774
-383.21,31.00,14785
-407.72,31.43,14797
-410.47,32.02,14809
-420.96,33.05,14821
-431.85,33.81,14832
-394.60,33.30,14844
-406.38,32.51,14856
-407.74,31.58,14868
-421.39,31.32,14879
-431.80,32.06,14891
-396.61,32.05,14903
-386.67,32.11,14914
-406.60,31.72,14926
-406.81,32.17,14938
-424.88,32.34,14950
-431.50,33.66,14961
-394.71,33.53,14973
-384.50,32.92,14985
-406.16,32.86,14997
-407.98,30.92,15008
-424.80,32.03,15021
-432.66,31.69,15032
-392.79,31.81,15043
-387.16,32.24,15055
-409.28,31.89,15067
-405.32,32.64,15079
-422.21,33.23,15090
-431.99,33.84,15102
-393.52,33.62,15114
-386.35,32.39,15126
-406.93,31.50,15137
-404.44,30.85,15150
-423.50,31.54,15161
-433.16,32.22,15173
-397.88,32.16,15184
-384.63,32.38,15196
-405.96,32.38,15208
-408.51,32.88,15219
-420.01,33.73,15232
-395.99,33.61,15243
-383.04,32.96,15255
-408.98,31.95,15266
-410.25,30.75,15279
-419.33,30.56,15290
-434.40,31.35,15302
-400.05,32.09,15313
-382.49,32.56,15326
-407.61,32.84,15337
-407.89,32.88,15348
-417.08,33.57,15361
-433.83,33.77,15372
-398.05,32.82,15384
-383.10,32.00,15395
-407.86,30.33,15408
-409.09,30.34,15419
-423.12,31.01,15431
-433.38,32.37,15442
-397.17,33.33,15455
-383.85,32.85,15466
-406.44,33.38,15478
-408.00,32.70,15490
-420.03,32.88,15501
-431.77,33.13,15513
-399.33,31.76,15524
-386.99,31.22,15537
-405.98,30.90,15548
-408.64,30.70,15560
-422.35,32.41,15571
-431.62,33.09,15584
-399.15,33.19,15595
-384.89,33.31,15607
-403.84,32.91,15619
-407.30,32.85,15631
-431.60,33.06,15642
-397.39,32.36,15653
-385.23,31.56,15666
-408.95,31.11,15677
-410.32,30.52,15689
-421.71,31.25,15700
-432.76,33.18,15713
-396.25,33.37,15724
-385.21,34.12,15736
-406.68,33.61,15748
-404.73,32.79,15760
-418.96,32.69,15771
-434.16,32.30,15783
-398.13,31.34,15795
-385.48,30.90,15806
-407.68,30.71,15818
-408.09,31.25,15830
-420.54,33.03,15842
-433.95,33.99,15853
-395.98,34.14,15865
-382.14,33.56,15877
-406.08,32.56,15889
-407.45,31.97,15900
-421.05,32.36,15912
-435.39,31.66,15924
-398.91,31.66,15936
-384.31,30.86,15947
-407.76,30.66,15959
-409.58,32.19,15971
-420.09,33.07,15982
-432.86,34.86,15994
-398.55,34.43,16006
-383.00,33.05,16018
-408.08,32.08,16029
-423.27,30.73,16041
-434.71,31.21,16053
-400.31,31.10,16065
-387.47,31.10,16076
-405.81,31.62,16089
-407.80,32.17,16100
-418.92,33.23,16111
-432.49,34.66,16123
-398.29,34.19,16135
-383.62,32.82,16147
-405.90,32.00,16158
-409.66,30.45,16171
-422.37,30.58,16182
-433.36,31.60,16194
-400.86,31.54,16205
-386.44,32.05,16218
-405.13,32.45,16229
-406.60,32.17,16240
-418.97,33.83,16252
-432.55,34.04,16264
-399.67,33.32,16276
-385.13,32.55,16287
-404.34,31.06,16300
-408.33,30.40,16311
-421.59,31.39,16323
-434.20,31.87,16334
-401.92,32.33,16347
-383.64,32.76,16358
-406.13,32.25,16370
-409.19,32.85,16381
-419.76,33.74,16393
-432.68,33.23,16405
-399.71,32.92,16416
-408.11,31.56,16429
-411.70,30.28,16440
-419.24,30.73,16452
-434.15,31.11,16463
-403.60,32.20,16476
-383.72,32.82,16487
-404.85,32.68,16499
-406.62,33.10,16510
-415.64,33.55,16523
-435.84,33.71,16534
-401.75,33.19,16545
-381.08,31.79,16558
-408.27,30.63,16569
-410.61,30.11,16581
-419.41,30.88,16592
-434.71,31.98,16605
-401.46,33.13,16616
-380.03,33.38,16628
-406.19,33.38,16640
-409.22,33.27,16652
-414.39,33.19,16663
-430.44,33.42,16675
-404.49,32.11,16687
-386.61,30.71,16698
-405.70,30.26,16710
-406.97,30.57,16721
-418.36,32.25,16734
-434.43,33.44,16745
-402.79,33.70,16757
-380.16,33.31,16769
-400.04,32.90,16781
-409.25,32.42,16792
-421.08,32.56,16804
-400.79,32.40,16816
-384.93,31.49,16828
-407.27,30.84,16839
-412.56,30.60,16850
-416.43,31.39,16863
-429.13,33.39,16874
-405.68,34.16,16886
-385.33,33.90,16898
-400.57,33.24,16910
-405.96,31.89,16921
-418.48,32.02,16933
-437.02,32.48,16945
-406.49,31.66,16957
-381.09,31.57,16968
-400.30,30.89,16980
-412.94,31.04,16992
-421.63,32.67,17003
-431.24,33.47,17015
-399.28,33.82,17027
-381.10,33.64,17039
-408.72,32.12,17050
-410.26,31.60,17062
-412.20,31.97,17074
-432.61,32.10,17086
-407.56,32.27,17097
-385.20,31.00,17110
-403.43,30.68,17121
-404.70,31.51,17133
-419.13,32.76,17144
-439.07,34.27,17156
-404.53,33.67,17168
-377.62,32.91,17179
-401.35,32.41,17191
-409.79,31.38,17203
-434.17,32.02,17215
-399.71,31.56,17226
-384.15,31.39,17239
-408.09,31.26,17250
-409.93,31.21,17262
-415.48,32.41,17273
-428.20,33.96,17286
-403.38,34.69,17297
-387.43,34.14,17308
-401.59,32.48,17320
-403.74,30.83,17332
-419.60,30.81,17344
-437.02,31.72,17355
-408.40,31.52,17368
-382.12,32.00,17379
-398.40,31.69,17391
-409.63,32.33,17402
-420.87,33.76,17415
-429.30,34.09,17426
-400.23,34.04,17438
-379.86,32.77,17449
-403.93,31.18,17461
-411.50,30.40,17473
-417.77,30.83,17484
-432.33,31.77,17497
-406.48,32.45,17508
-384.27,32.59,17520
-402.66,32.93,17531
-405.14,33.03,17544
-414.14,34.10,17555
-433.85,33.99,17567
-406.75,32.96,17579
-380.39,31.46,17591
-409.28,30.24,17602
-420.25,30.01,17613
-436.85,31.21,17626
-404.17,32.36,17637
-380.44,33.00,17649
-403.64,33.27,17660
-408.41,33.26,17673
-412.92,33.05,17684
-430.27,33.77,17696
-407.80,32.64,17708
-386.13,31.71,17720
-403.91,30.38,17731
-407.70,29.74,17743
-416.06,31.05,17755
-435.60,32.34,17766
-409.97,33.46,17778
-377.79,33.74,17789
-398.53,33.47,17802
-410.26,33.06,17813
-415.27,32.93,17825
-433.99,32.75,17837
-406.64,31.95,17849
-380.98,30.91,17860
-404.74,30.29,17872
-412.83,30.58,17884
-413.44,31.88,17896
-430.88,33.51,17907
-408.16,34.00,17918
-382.19,33.46,17931
-399.89,33.00,17942
-406.59,32.37,17954
-414.09,32.25,17966
-435.91,32.25,17978
-383.03,31.33,17989
-399.17,30.71,18001
-409.53,30.83,18013
-418.18,31.53,18025
-432.98,32.98,18036
-406.93,33.80,18049
-379.83,33.61,18060
-399.78,33.04,18071
-411.57,32.20,18083
-414.72,31.77,18095
-430.82,32.20,18107
-409.91,31.89,18118
-385.86,31.45,18130
-399.60,31.17,18142
-407.63,31.34,18154
-415.29,32.01,18165
-432.81,33.95,18178
-407.38,33.83,18189
-381.40,33.37,18201
-398.56,32.88,18212
-406.93,31.39,18224
-418.03,32.00,18236
-433.53,31.94,18247
-406.96,31.57,18259
-384.26,31.72,18271
-399.78,31.29,18283
-408.93,32.02,18294
-414.72,33.00,18307
-430.92,33.77,18318
-408.65,33.36,18330
-381.20,32.70,18341
-398.29,31.79,18354
-409.88,31.24,18365
-414.90,32.19,18376
-412.33,31.96,18388
-381.65,32.37,18400
-400.01,31.74,18412
-411.17,31.46,18423
-412.18,32.58,18436
-434.00,32.85,18447
-410.66,33.72,18459
-378.24,33.23,18470
-401.89,32.15,18483
-409.70,31.89,18494
-414.15,31.18,18506
-435.36,31.77,18518
-410.08,32.29,18529
-380.49,32.13,18541
-402.19,32.26,18552
-408.43,32.56,18565
-414.35,32.77,18576
-433.16,33.32,18588
-408.94,32.88,18599
-383.14,32.23,18612
-401.78,31.64,18623
-408.70,31.14,18635
-415.48,31.85,18647
-432.95,32.96,18659
-410.29,32.82,18670
-383.73,32.46,18681
-397.98,32.27,18694
-409.59,31.38,18705
-416.62,32.51,18717
-435.30,32.94,18728
-411.62,32.64,18741
-380.74,32.74,18752
-399.77,31.99,18764
-412.50,31.61,18776
-433.26,32.19,18788
-411.96,32.22,18799
-382.73,31.82,18810
-402.43,31.60,18823
-410.02,31.48,18834
-411.44,31.82,18846
-436.14,33.35,18857
-411.76,33.65,18870
-380.35,33.52,18881
-401.87,32.47,18893
-407.79,31.40,18905
-413.95,31.24,18917
-438.43,31.70,18928
-412.03,31.90,18940
-381.97,31.94,18952
-402.34,32.02,18963
-408.22,32.19,18975
-411.68,32.86,18987
-433.82,33.81,18999
-411.64,33.41,19010
-381.80,33.10,19022
-399.28,31.84,19034
-409.40,30.64,19046
-416.33,31.15,19057
-433.19,31.35,19069
-412.77,31.74,19081
-382.75,32.28,19093
-400.14,32.33,19104
-411.88,32.87,19116
-410.89,33.59,19128
-429.75,34.11,19139
-414.55,33.59,19151
-381.56,31.92,19163
-409.68,30.75,19175
-414.09,30.13,19186
-435.73,30.97,19198
-415.24,32.16,19210
-379.88,32.47,19222
-397.83,33.06,19233
-408.60,33.16,19246
-410.79,33.05,19257
-431.61,33.76,19268
-412.20,33.24,19280
-382.84,32.36,19292
-401.43,31.27,19304
-410.11,30.23,19315
-413.87,30.56,19328
-433.66,31.89,19339
-414.41,32.77,19351
-383.25,33.39,19362
-398.21,33.40,19375
-405.67,32.78,19386
-411.37,33.24,19398
-433.62,33.45,19409
-413.80,32.35,19421
-381.48,31.75,19433
-399.75,30.62,19444
-409.07,30.07,19457
-415.55,31.53,19468
-435.17,32.84,19480
-412.70,33.44,19491
-380.95,34.13,19504
-399.67,32.90,19515
-407.92,32.48,19527
-409.40,32.68,19538
-430.35,32.06,19551
-385.18,32.19,19562
-399.45,31.08,19573
-409.92,30.39,19586
-410.55,31.45,19597
-433.36,32.03,19609
-417.68,33.44,19620
-381.30,33.93,19633
-394.71,32.87,19644
-407.93,32.97,19656
-413.88,32.31,19667
-434.23,32.61,19680
-416.23,32.40,19691
-381.17,31.38,19703
-400.34,30.70,19715
-413.01,30.22,19726
-410.82,31.24,19738
-432.41,32.81,19749
-415.80,34.20,19762
-382.70,34.32,19773
-398.93,33.10,19785
-406.04,32.74,19796
-408.95,31.35,19809
-434.95,32.18,19820
-419.96,31.68,19832
-383.89,30.46,19844
-396.96,31.53,19856
-409.24,31.12,19867
-413.83,32.83,19878
-433.88,34.34,19891
-414.72,33.49,19902
-378.64,33.48,19914
-397.19,32.07,19926
-410.77,31.28,19938
-430.34,31.82,19949
-416.80,31.78,19961
-384.66,31.66,19973
-399.56,31.33,19985
-408.07,31.24,19996
-407.29,31.40,20008
-432.84,33.41,20020
-420.52,34.25,20031
-381.60,33.80,20043
-392.97,33.41,20055
-406.44,31.64,20067
-413.75,31.58,20078
-436.38,31.45,20090
-416.37,31.03,20102
-381.03,31.65,20114
-397.67,31.57,20125
-412.62,32.47,20137
-412.54,33.08,20149
-427.25,33.84,20161
-414.00,33.93,20172
-386.90,32.97,20184
-399.36,31.95,20196
-407.10,31.22,20207
-408.38,31.63,20219
-431.37,32.37,20231
-422.19,32.35,20243
-386.19,32.01,20254
-392.29,31.57,20267
-406.34,32.15,20278
-412.39,32.87,20290
-436.24,33.79,20301
-416.74,33.79,20314
-376.81,32.94,20325
-396.04,32.29,20336
-412.54,31.11,20348
-429.67,30.97,20360
-417.45,31.56,20372
-386.34,31.34,20383
-402.25,32.13,20396
-407.81,32.19,20407
-405.25,32.66,20419
-430.78,34.19,20430
-420.00,34.07,20443
-384.41,33.23,20454
-394.95,31.89,20466
-405.07,30.37,20477
-414.23,30.43,20489
-438.52,31.35,20501
-419.80,31.73,20512
-381.74,32.47,20525
-397.04,32.48,20536
-410.33,32.82,20548
-411.41,33.31,20559
-428.83,33.67,20572
-415.75,33.88,20583
-386.45,32.85,20595
-400.90,31.13,20606
-407.03,30.26,20619
-407.56,30.12,20630
-434.67,31.24,20641
-424.27,32.13,20654
-385.14,32.55,20665
-392.38,33.26,20677
-404.46,33.64,20688
-411.06,33.92,20701
-433.01,33.91,20712
-419.29,32.57,20724
-395.18,30.95,20736
-413.41,30.03,20748
-415.20,29.96,20759
-428.79,31.16,20771
-417.51,33.48,20783
-385.65,34.02,20794
-395.84,34.00,20806
-405.43,33.55,20817
-406.12,31.87,20830
-429.45,32.63,20841
-426.39,32.34,20853
-387.71,31.19,20865
-390.17,31.11,20877
-409.24,30.49,20888
-411.56,31.45,20900
-432.45,33.29,20912
-422.64,33.56,20924
-377.97,34.20,20935
-391.07,33.39,20946
-415.32,32.26,20959
-411.00,32.00,20970
-425.13,31.56,20982
-422.05,31.58,20994
-389.00,31.57,21006
-396.28,30.57,21017
-409.77,31.09,21029
-404.73,32.09,21041
-427.62,33.88,21053
-427.47,34.29,21064
-385.73,33.57,21076
-387.35,32.50,21088
-405.93,31.32,21099
-411.49,31.32,21111
-434.48,31.67,21123
-378.98,32.07,21135
-390.24,31.87,21146
-415.15,32.37,21158
-410.99,31.83,21170
-424.11,32.42,21182
-421.31,33.68,21193
-387.96,32.91,21206
-396.70,32.99,21217
-407.63,31.84,21229
-402.92,31.21,21240
-428.27,31.98,21252
-430.23,32.12,21264
-389.42,32.01,21275
-388.37,31.31,21287
-403.93,31.45,21299
-411.09,31.97,21311
-433.76,33.12,21322
-422.84,34.02,21335
-380.68,33.42,21346
-390.74,32.87,21358
-413.94,31.69,21369
-410.30,30.86,21382
-424.83,31.61,21393
-422.04,31.80,21404
-390.62,32.20,21416
-397.46,32.18,21428
-407.77,31.80,21440
-400.86,32.69,21451
-427.18,33.92,21464
-433.05,33.31,21475
-388.34,32.79,21487
-384.58,32.06,21498
-406.48,31.10,21511
-433.54,31.91,21522
-425.99,31.77,21534
-381.47,32.06,21545
-389.87,32.37,21557
-414.17,31.94,21569
-411.63,32.69,21580
-422.00,33.18,21593
-420.21,33.66,21604
-390.57,34.14,21616
-396.09,32.60,21627
-407.78,31.05,21640
-405.61,30.26,21651
-425.94,30.49,21663
-432.43,32.32,21675
-393.82,32.71,21686
-384.89,32.93,21698
-403.02,33.44,21709
-409.95,32.98,21722
-430.58,33.74,21733
-426.35,33.10,21745
-383.96,31.82,21756
-388.52,31.41,21769
-411.00,30.55,21780
-414.13,30.88,21792
-427.07,32.06,21804
-422.48,32.67,21816
-388.75,33.04,21827
-395.37,33.13,21838
-408.13,32.43,21851
-401.76,33.00,21862
-427.25,33.48,21874
-430.09,32.70,21885
-390.97,32.06,21898
-404.02,30.44,21909
-408.15,30.22,21921
-434.01,31.61,21933
-429.99,32.39,21945
-381.33,33.30,21956
-387.97,33.40,21968
-410.75,33.03,21980
-409.07,32.99,21991
-425.63,32.48,22003
-426.03,32.63,22014
-388.05,31.85,22027
-393.59,31.04,22038
-411.70,30.95,22050
-406.08,30.96,22062
-423.22,32.39,22074
-431.47,33.76,22085
-390.84,33.51,22097
-387.00,32.80,22109
-405.59,32.72,22121
-408.12,32.00,22132
-428.60,32.45,22144
-429.82,32.66,22156
-387.72,31.31,22167
-387.54,31.68,22179
-411.22,31.06,22191
-412.46,30.93,22203
-425.38,33.32,22214
-424.64,32.89,22226
-391.69,33.62,22238
-391.24,33.26,22250
-407.10,31.50,22261
-408.14,32.32,22274
-423.42,32.24,22285
-430.37,31.88,22296
-386.56,31.64,22308
-405.20,30.85,22320
-410.55,31.17,22332
-427.96,32.63,22343
-429.33,33.73,22355
-388.12,33.34,22367
-384.17,33.32,22379
-409.53,31.75,22390
-412.97,31.41,22403
-425.55,32.12,22414
-425.97,31.83,22426
-390.97,32.57,22437
-390.58,32.02,22449
-411.30,31.32,22461
-407.56,32.19,22472
-423.27,32.39,22484
-429.43,33.67,22496
-393.32,33.88,22508
-387.04,32.11,22519
-406.81,31.89,22532
-408.65,31.39,22543
-426.83,31.86,22555
-430.98,32.64,22566
-391.10,32.15,22579
-383.87,31.57,22590
-407.64,31.90,22601
-410.80,32.10,22614
-424.59,33.30,22625
-427.20,33.67,22637
-391.36,32.71,22648
-388.44,31.91,22661
-408.05,31.37,22672
-408.05,31.24,22684
-428.92,33.06,22695
-393.24,32.78,22708
-388.85,32.52,22719
-406.55,32.11,22731
-406.41,31.23,22743
-426.28,32.22,22754
-429.46,33.61,22766
-390.91,33.31,22777
-386.45,32.91,22790
-406.26,32.06,22801
-407.53,30.94,22813
-427.29,32.02,22824
-430.06,32.43,22837
-390.71,31.96,22848
-385.94,32.06,22860
-409.58,31.49,22872
-410.17,31.89,22884
-423.52,33.12,22895
-426.78,33.35,22906
-393.15,33.56,22919
-387.69,32.52,22930
-409.00,31.25,22942
-407.06,31.57,22953
-422.01,31.80,22966
-433.13,32.75,22977
-395.28,32.56,22989
-384.34,31.69,23001
-406.73,32.13,23013
-407.58,32.25,23024
-426.62,33.37,23036
-433.29,33.48,23048
-390.79,32.77,23059
-384.36,32.21,23071
-410.83,31.27,23083
-422.74,31.37,23095
-430.69,32.14,23106
-392.32,32.14,23118
-388.25,32.09,23130
-410.44,32.10,23142
-406.17,32.10,23153
-423.19,32.82,23165
-430.19,33.66,23177
-395.18,33.16,23189
-385.41,32.60,23200
-404.98,31.66,23212
-410.39,30.51,23224
-427.56,31.40,23235
-431.94,31.92,23247
-393.16,31.78,23259
-385.17,32.26,23271
-408.73,31.86,23282
-408.20,32.24,23294
-423.12,33.30,23306
-429.19,33.32,23318
-395.25,33.06,23329
-387.11,31.99,23342
-407.58,31.31,23353
-409.95,31.15,23364
-425.49,31.96,23376
-431.38,32.08,23388
-394.68,32.44,23400
-386.93,32.14,23411
-405.74,32.25,23424
-408.86,32.99,23435
-424.07,33.34,23447
-427.76,33.41,23458
-394.69,32.37,23471
-406.95,30.89,23482
-408.33,31.02,23493
-423.80,31.16,23505
-430.60,32.47,23517
-394.12,33.11,23529
-386.26,32.64,23540
-405.10,32.43,23553
-407.08,32.36,23564
-423.45,32.54,23576
-429.51,33.07,23587
-394.76,32.52,23600
-385.78,31.75,23611
-406.66,31.28,23623
-408.32,31.10,23634
-423.63,31.81,23646
-431.33,32.93,23658
-391.67,33.09,23669
-385.36,32.85,23682
-407.13,32.89,23693
-404.70,32.16,23705
-420.79,32.83,23716
-432.31,32.68,23729
-394.39,31.72,23740
-387.79,31.15,23752
-408.60,30.80,23763
-407.16,31.58,23776
-422.65,32.99,23787
-432.77,33.97,23798
-394.21,33.48,23811
-384.67,32.84,23822
-405.86,32.19,23834
-408.52,31.41,23845
-424.86,32.35,23858
-394.86,31.54,23869
-386.61,31.69,23881
-408.42,31.98,23892
-408.35,31.66,23905
-420.01,33.09,23916
-431.32,33.82,23928
-395.24,33.36,23940
-385.51,32.45,23951
-407.78,31.40,23963
-409.64,30.93,23974
-423.47,31.60,23987
-432.64,32.61,23998
-396.99,32.32,24010
-384.16,32.27,24022
-406.14,31.73,24034
-409.22,31.15,24045
-422.73,32.64,24057
-431.72,32.89,24069
-393.93,33.01,24081
-385.91,32.72,24092
-408.52,31.28,24103
-407.91,31.77,24116
-420.45,32.13,24127
-432.11,32.60,24139
-399.30,32.88,24151
-386.40,31.45,24163
-405.74,31.64,24174
-406.20,31.91,24186
-422.50,32.58,24198
-432.30,33.59,24210
-397.27,32.74,24221
-383.71,31.58,24233
-404.29,31.59,24245
-410.01,31.41,24256
-430.55,32.41,24268
-397.18,33.06,24280
-384.27,32.49,24292
-406.42,32.10,24303
-409.69,32.11,24315
-419.36,31.73,24327
-430.73,33.06,24339
-399.42,32.99,24350
-385.78,32.25,24363
-405.80,32.09,24374
-407.10,31.02,24386
-421.02,31.79,24397
-434.54,33.29,24409
-398.74,32.38,24421
-381.61,32.78,24432
-404.24,32.47,24444
-408.50,31.62,24456
-421.94,32.79,24468
-431.55,32.99,24479
-394.99,32.18,24492
-384.11,32.14,24503
-407.88,31.28,24515
-410.16,31.32,24526
-419.54,32.95,24539
-431.12,33.01,24550
-400.34,33.12,24561
-384.00,32.44,24573
-404.30,31.33,24585
-407.24,31.83,24597
-418.81,32.41,24608
-436.39,32.28,24621
-400.64,32.68,24632
-380.01,31.66,24644
-411.90,31.68,24655
-420.39,32.48,24668
-432.76,32.73,24679
-397.74,33.11,24691
-382.16,32.94,24702
-407.87,31.80,24714
-410.47,31.65,24726
-418.02,31.83,24737
-430.75,32.21,24750
-403.37,32.85,24761
-386.67,32.20,24773
-403.48,31.88,24784
-405.92,32.44,24797
-419.71,32.68,24808
-433.23,33.66,24820
-401.57,33.26,24832
-382.33,31.72,24843
-402.43,31.54,24855
-411.99,30.94,24866
-423.63,31.75,24879
-431.45,33.07,24890
-399.00,32.70,24902
-382.73,32.81,24913
-406.55,32.64,24926
-409.32,32.04,24937
-415.26,32.87,24949
-431.12,32.81,24961
-404.57,32.09,24973
-386.77,31.72,24984
-402.19,31.27,24995
-406.62,31.65,25008
-421.69,33.11,25019
-435.16,33.31,25031
-399.33,33.06,25042
-402.92,32.59,25055
-410.11,31.78,25066
-422.81,32.42,25078
-432.16,32.56,25090
-396.13,32.24,25102
-384.91,32.34,25113
-409.04,31.59,25125
-407.24,31.58,25137
-417.73,32.13,25148
-432.47,33.04,25160
-399.75,33.40,25171
-385.26,32.78,25184
-406.36,32.20,25195
-405.80,31.99,25207
-417.40,32.22,25219
-434.71,33.26,25231
-401.69,32.41,25242
-383.16,31.57,25254
-404.59,31.41,25266
-408.19,31.42,25278
-421.26,32.64,25289
-433.50,33.17,25300
-399.11,32.96,25313
-382.84,32.57,25324
-406.37,32.07,25336
-409.22,31.78,25348
-419.63,32.52,25360
-431.93,32.87,25371
-401.21,32.27,25383
-385.54,31.62,25395
-406.70,31.11,25407
-408.13,31.40,25418
-418.69,33.00,25431
-403.43,33.11,25442
-381.85,32.96,25453
-403.32,32.29,25465
-409.30,31.75,25477
-419.60,31.84,25489
-432.63,32.53,25500
-402.30,32.18,25512
-382.85,31.97,25524
-407.59,31.74,25536
-409.06,31.28,25547
-418.25,32.71,25560
-432.54,33.15,25571
-403.14,33.16,25583
-383.80,32.92,25594
-405.33,31.75,25606
-408.31,31.70,25618
-418.78,31.98,25629
-434.08,32.72,25641
-402.48,32.54,25653
-383.34,31.90,25665
-403.16,31.57,25676
-409.47,31.28,25689
-420.14,32.48,25700
-432.90,33.25,25712
-401.48,32.98,25723
-382.77,32.76,25736
-403.90,31.98,25747
-409.06,31.49,25758
-417.84,32.31,25771
-432.47,32.38,25782
-405.33,32.08,25794
-385.00,31.72,25805
-403.93,31.43,25818
-417.66,32.45,25829
-432.48,33.05,25841
-405.60,33.66,25852
-382.10,33.04,25865
-403.11,31.99,25876
-410.17,31.49,25888
-418.60,31.71,25900
-434.33,32.38,25911
-404.99,32.48,25923
-380.29,32.50,25934
-405.15,31.83,25947
-410.26,32.00,25958
-415.66,32.68,25970
-434.90,33.20,25981
-404.37,33.60,25994
-380.22,32.66,26005
-405.10,32.11,26017
-409.51,31.34,26029
-415.13,31.59,26041
-435.15,32.52,26052
-406.94,32.03,26063
-380.27,32.33,26076
-404.99,32.05,26087
-407.53,31.93,26099
-413.79,32.81,26110
-433.16,33.43,26123
-406.18,32.73,26134
-382.29,32.25,26146
-403.30,31.50,26158
-407.93,30.53,26170
-417.49,31.80,26181
-434.23,32.12,26193
-407.53,32.33,26205
-382.12,32.74,26216
-407.58,32.25,26228
-416.83,32.91,26240
-432.43,33.49,26252
-405.23,32.90,26263
-383.18,32.45,26275
-404.34,31.16,26287
-409.83,30.50,26299
-418.67,31.11,26310
-433.32,32.27,26322
-406.75,33.16,26334
-381.49,33.45,26346
-401.61,32.80,26357
-408.20,32.49,26369
-416.44,32.62,26381
-432.63,32.79,26392
-405.74,32.57,26404
-383.56,32.22,26416
-404.27,30.64,26428
-407.69,30.76,26439
-415.78,31.53,26451
-435.07,32.60,26463
-407.71,33.68,26475
-381.50,33.08,26486
-401.85,32.91,26499
-405.38,32.59,26510
-416.02,32.37,26521
-436.15,32.88,26533
-406.52,31.85,26545
-382.49,31.27,26557
-405.09,31.18,26568
-406.23,31.12,26580
-417.40,32.78,26592
-434.22,33.26,26604
-383.44,33.41,26615
-401.81,32.93,26628
-407.70,32.00,26639
-416.13,31.97,26651
-432.54,32.06,26662
-409.52,32.30,26674
-385.21,32.14,26686
-402.09,31.54,26697
-407.04,31.61,26710
-414.16,32.03,26721
-433.35,33.42,26733
-410.71,33.52,26744
-380.85,33.33,26757
-400.10,32.61,26768
-407.54,31.92,26780
-415.90,31.99,26791
-435.83,31.96,26803
-407.25,32.04,26815
-380.86,31.57,26826
-405.75,31.48,26839
-410.12,31.85,26850
-412.40,32.59,26862
-432.54,34.11,26873
-407.36,33.98,26886
-382.37,33.10,26897
-402.14,32.31,26909
-405.59,30.94,26920
-413.10,31.55,26933
-437.72,32.04,26944
-411.16,31.86,26955
-382.40,31.88,26968
-400.01,32.07,26979
-408.56,32.33,26991
-414.54,33.57,27002
-409.38,33.81,27015
-381.86,33.07,27026
-401.82,32.60,27038
-410.56,31.06,27049
-413.62,31.06,27062
-433.41,32.09,27073
-413.40,31.71,27085
-383.99,32.45,27097
-399.85,31.97,27108
-408.11,31.75,27120
-413.75,32.91,27131
-435.33,33.37,27144
-411.73,33.81,27155
-379.67,33.16,27167
-400.57,31.53,27179
-410.31,30.92,27191
-415.13,30.86,27202
-434.47,31.67,27214
-411.89,32.31,27226
-384.00,32.22,27238
-401.71,32.01,27249
-406.75,32.33,27260
-411.59,32.74,27273
-433.46,33.98,27284
-412.93,33.44,27296
-381.78,32.18,27308
-398.35,31.33,27320
-409.26,30.06,27331
-415.80,30.96,27343
-436.67,31.90,27355
-415.49,32.41,27367
-379.64,32.88,27378
-397.95,32.84,27390
-412.91,32.86,27402
-431.11,33.55,27413
-413.88,33.51,27425
-380.67,32.72,27437
-401.32,31.50,27449
-412.15,30.18,27460
-412.22,30.08,27472
-433.18,31.46,27484
-416.48,32.69,27496
-382.08,33.67,27507
-397.34,33.70,27520
-405.47,33.33,27531
-411.42,32.86,27543
-435.81,33.05,27554
-415.81,32.17,27566
-380.53,31.46,27578
-398.96,30.93,27589
-411.17,30.74,27601
-412.74,31.47,27613
-433.33,32.51,27625
-413.41,33.45,27636
-381.33,33.42,27649
-401.43,33.10,27660
-408.08,32.29,27672
-408.07,32.32,27683
-431.84,32.95,27696
-416.41,32.21,27707
-384.91,31.47,27718
-397.81,30.87,27730
-406.29,30.52,27742
-412.81,32.11,27754
-435.39,33.33,27765
-415.58,34.09,27778
-394.97,33.83,27789
-409.70,33.07,27801
-413.46,32.21,27812
-432.27,31.81,27825
-415.39,32.21,27836
-383.31,31.47,27848
-399.64,31.14,27859
-411.68,31.46,27872
-409.47,31.31,27883
-428.28,33.34,27894
-418.61,34.20,27907
-384.13,33.94,27918
-394.59,33.30,27930
-406.11,31.63,27941
-411.94,31.67,27954
-435.64,32.16,27965
-419.41,31.87,27977
-381.54,31.88,27988
-394.10,31.22,28001
-411.49,31.22,28012
-414.17,32.08,28023
-430.16,33.53,28036
-413.50,33.72,28047
-382.85,34.07,28059
-397.84,32.86,28070
-408.82,31.37,28083
-408.72,31.77,28094
-430.21,31.60,28106
-420.23,31.79,28118
-387.28,31.78,28130
-395.73,31.25,28141
-406.11,31.77,28153
-410.07,32.97,28165
-419.87,33.93,28177
-381.42,34.04,28188
-392.88,32.85,28199
-409.05,31.87,28212
-415.49,31.44,28223
-433.36,31.30,28235
-416.44,32.04,28247
-382.39,31.97,28259
-399.42,31.55,28270
-410.94,31.57,28282
-409.19,31.57,28294
-429.99,33.08,28306
-418.18,34.58,28317
-384.73,34.36,28329
-396.04,33.46,28341
-405.81,31.97,28352
-407.80,30.69,28364
-435.67,31.34,28376
-424.76,31.18,28388
-382.57,31.24,28399
-392.89,31.97,28411
-410.34,31.88,28423
-413.66,33.12,28435
-430.12,34.07,28446
-417.55,34.13,28459
-380.61,33.67,28470
-395.60,32.22,28482
-412.78,30.84,28493
-409.55,30.48,28505
-427.72,31.21,28517
-424.87,31.57,28528
-387.86,32.31,28540
-393.28,32.30,28552
-406.81,32.59,28564
-431.07,33.72,28575
-425.07,34.53,28588
-381.00,34.00,28599
-389.99,32.82,28611
-410.59,31.30,28622
-413.23,29.94,28634
-432.69,30.31,28646
-422.24,30.86,28657
-382.62,31.96,28669
-394.87,32.87,28681
-410.90,33.65,28693
-405.00,33.93,28704
-425.60,34.57,28717
-423.75,33.66,28728
-387.57,32.34,28740
-393.71,30.58,28751
-407.86,29.51,28764
-410.31,30.38,28775
-432.94,31.45,28786
-425.36,32.91,28798
-383.61,33.40,28810
-389.01,33.41,28822
-408.77,33.38,28833
-410.43,33.32,28846
-429.57,33.56,28857
-421.71,32.57,28869
-383.90,31.78,28880
-396.26,30.75,28893
-412.61,30.04,28904
-411.14,30.92,28916
-427.63,32.08,28928
-423.55,32.92,28940
-387.16,33.74,28951
-406.65,33.36,28962
-405.00,33.30,28975
-429.39,33.17,28986
-425.94,32.89,28998
-386.71,32.00,29009
-390.60,30.45,29022
-408.49,30.43,29033
-413.58,30.67,29045
-428.27,32.13,29057
-421.29,33.55,29069
-386.40,33.79,29080
-391.65,33.36,29092
-409.65,32.90,29104
-409.58,32.08,29115
-425.47,32.37,29127
-424.21,32.70,29138
-390.94,31.79,29151
-391.20,31.25,29162
-406.80,30.97,29174
-409.30,30.75,29186
-428.97,32.97,29198
-426.45,33.34,29209
-385.65,33.50,29221
-388.19,33.81,29233
-408.79,32.28,29245
-410.41,32.69,29256
-426.02,32.69,29267
-423.43,31.64,29280
-388.16,31.18,29291
-393.47,30.40,29303
-411.80,30.69,29315
-408.45,32.16,29327
-425.90,33.90,29338
-388.34,34.21,29350
-389.19,33.87,29362
-407.06,32.53,29374
-407.87,31.50,29385
-430.73,32.21,29398
-428.35,31.61,29409
-385.76,31.73,29420
-388.64,31.15,29432
-413.71,30.63,29444
-411.70,31.69,29456
-427.19,32.77,29467
-422.46,34.02,29479
-385.44,34.45,29491
-392.02,33.50,29503
-409.26,32.56,29514
-406.70,31.67,29527
-426.03,31.95,29538
-429.21,31.61,29550
-392.72,31.42,29561
-390.21,30.46,29573
-407.24,30.86,29585
-408.96,32.51,29596
-430.31,33.93,29608
-426.24,34.56,29620
-384.31,34.10,29632
-386.07,32.49,29643
-409.65,31.38,29656
-411.23,30.70,29667
-428.92,30.83,29679
-424.60,31.49,29690
-389.28,31.57,29703
-394.05,31.98,29714
-408.95,32.16,29725
-406.62,33.14,29737
-424.83,34.20,29749
-391.70,34.07,29761
-388.77,32.99,29772
-405.81,31.60,29785
-409.59,30.89,29796
-431.51,31.09,29808
-430.18,31.84,29819
-388.24,31.59,29832
-387.01,31.44,29843
-409.17,32.28,29855
-410.70,32.54,29867
-426.13,33.69,29878
-420.72,34.57,29890
-386.73,33.60,29901
-391.93,32.66,29914
-410.07,31.06,29925
-406.09,30.15,29937
-427.80,31.29,29948
-430.87,31.73,29961
-390.53,32.37,29972
-389.81,32.57,29984
-406.13,32.43,29996
-403.81,33.23,30008
-429.09,33.89,30019
-427.18,33.29,30030
-386.62,32.62,30043
-388.34,31.21,30054
-409.69,30.21,30066
-411.73,30.96,30077
-429.62,31.75,30090
-424.87,32.46,30101
-388.19,33.25,30113
-393.56,32.62,30125
-406.33,32.94,30137
-424.10,33.32,30148
-426.85,33.63,30160
-394.17,33.45,30172
-388.08,31.63,30183
-403.83,30.67,30195
-412.07,30.10,30206
-429.99,30.95,30219
-428.41,32.38,30230
-390.21,32.98,30242
-386.12,33.30,30254
-407.81,33.28,30266
-408.53,32.96,30277
-422.88,33.30,30289
-427.41,33.27,30301
-391.49,32.05,30313
-390.37,30.88,30324
-410.99,30.10,30336
-409.46,30.27,30348
-424.35,31.96,30359
-431.78,33.50,30371
-391.66,33.87,30383
-385.48,33.84,30395
-407.28,32.90,30406
-407.19,32.11,30418
-425.12,32.75,30430
-431.65,32.02,30442
-391.94,31.59,30453
-389.19,30.78,30466
-409.45,30.37,30477
-409.19,31.48,30488
-424.44,32.91,30500
-429.74,33.98,30512
-386.40,33.85,30524
-407.54,33.16,30535
-406.55,32.11,30547
-426.22,32.05,30559
-433.15,31.94,30571
-391.18,31.40,30582
-387.46,30.98,30595
-409.52,30.64,30606
-408.91,31.44,30618
-424.38,32.60,30629
-428.93,34.08,30641
-388.97,34.45,30653
-387.54,32.97,30664
-409.21,32.36,30676
-408.30,31.12,30688
-423.78,31.47,30700
-432.37,32.33,30711
-394.44,31.70,30724
-386.75,31.43,30735
-407.49,31.66,30747
-409.70,31.53,30758
-423.84,33.28,30771
-428.91,34.13,30782
-391.56,33.47,30793
-385.67,32.91,30806
-406.48,31.74,30817
-409.93,31.21,30829
-423.56,32.32,30840
-430.68,31.87,30853
-394.44,31.86,30864
-386.79,31.79,30876
-407.72,31.36,30887
-409.63,32.57,30900
-421.90,34.32,30911
-395.21,33.89,30923
-384.25,33.74,30935
-406.42,32.25,30946
-410.71,30.66,30958
-422.99,31.58,30969
-430.66,31.73,30982
-395.42,32.05,30993
-384.54,32.28,31005
-408.83,31.55,31016
-408.19,31.93,31029
-421.18,32.94,31040
-430.40,33.52,31052
-393.20,33.67,31064
-385.77,32.66,31076
-406.97,31.11,31087
-408.46,31.51,31098
-424.52,31.20,31111
-431.52,32.36,31122
-395.24,32.65,31134
-385.83,31.29,31145
-407.74,32.36,31158
-408.48,31.83,31169
-423.91,33.16,31181
-431.20,34.43,31193
-391.99,33.17,31205
-385.05,32.28,31216
-406.75,31.14,31228
-410.07,30.45,31240
-425.93,31.35,31251
-432.00,32.20,31263
-395.68,32.29,31275
-384.57,32.46,31287
-407.34,32.41,31298
-421.29,32.50,31310
-430.05,34.07,31322
-396.21,33.44,31334
-386.33,32.46,31345
-405.78,31.90,31357
-408.88,29.66,31369
-425.15,31.09,31381
-431.83,32.41,31392
-396.49,32.26,31404
-384.49,33.55,31416
-403.95,32.12,31427
-408.05,32.11,31439
-423.23,33.15,31451
-429.54,33.16,31463
-394.17,33.27,31474
-384.28,32.63,31486
-405.92,30.90,31498
-409.20,30.38,31510
-423.99,30.98,31521
-430.72,31.66,31534
-396.66,33.04,31545
-385.03,32.98,31556
-404.08,32.82,31568
-407.53,33.46,31580
-420.70,33.39,31592
-429.99,33.33,31603
-398.49,32.65,31616
-385.61,30.63,31627
-405.71,30.22,31639
-407.54,30.62,31650
-424.29,31.74,31663
-435.26,33.76,31674
-393.84,33.65,31686
-379.92,33.34,31697
-407.96,33.23,31709
-421.75,32.17,31721
-433.05,32.67,31732
-394.54,32.47,31745
-386.25,31.24,31756
-409.94,31.42,31768
-405.58,31.03,31779
-419.96,31.31,31792
-433.80,33.63,31803
-395.34,33.37,31815
-383.60,33.33,31826
-403.64,33.46,31839
-407.53,32.02,31850
-420.24,32.40,31861
-432.01,33.03,31874
-397.45,31.48,31885
-383.94,31.32,31897
-405.61,30.97,31908
-412.36,30.38,31921
-421.04,33.10,31932
-428.54,33.56,31944
-398.95,33.93,31955
-383.10,34.24,31968
-401.84,32.07,31979
-409.61,31.74,31991
-417.55,32.04,32003
-433.56,31.52,32014
-403.85,31.66,32026
-382.43,31.40,32037
-404.59,30.92,32050
-411.97,32.27,32061
-420.40,33.82,32073
-431.62,33.75,32084
-381.01,34.41,32097
-406.96,32.62,32108
-411.06,31.45,32120
-420.05,31.66,32132
-432.44,30.91,32144
-402.29,32.17,32155
-387.36,32.00,32166
-404.84,31.56,32179
-406.83,32.38,32190
-420.51,32.72,32202
-432.60,33.83,32214
-398.49,33.95,32226
-382.64,33.15,32237
-404.49,31.59,32249
-409.58,31.04,32261
-425.10,31.04,32273
-433.25,31.66,32284
-399.76,32.32,32296
-384.05,31.62,32308
-407.53,32.64,32319
-408.93,32.37,32331
-418.05,33.04,32343
-431.95,34.03,32355
-399.93,32.75,32366
-384.73,32.33,32378
-406.36,31.30,32390
-406.80,30.70,32402
-420.04,31.95,32413
-434.90,32.06,32425
-401.49,32.32,32437
-383.37,31.93,32449
-403.44,32.19,32460
-408.48,32.77,32472
-432.20,33.59,32484
-398.98,33.65,32495
-381.63,32.58,32507
-406.68,31.67,32519
-411.89,30.49,32531
-419.17,30.77,32542
-432.72,32.25,32555
-403.08,32.71,32566
-382.96,33.31,32578
-405.21,33.04,32589
-406.30,32.33,32602
-416.47,32.83,32613
-435.10,33.20,32624
-402.33,32.38,32636
-381.93,31.86,32648
-406.13,30.88,32660
-409.07,30.25,32671
-421.62,31.86,32684
-435.14,32.67,32695
-396.24,33.23,32707
-380.98,33.35,32718
-407.69,32.21,32731
-406.85,31.99,32742
-418.71,32.54,32754
-431.81,32.54,32765
-401.79,32.93,32777
-385.46,31.79,32789
-403.95,31.07,32800
-406.85,31.10,32813
-419.39,31.95,32824
-433.99,33.13,32836
-402.82,33.38,32847
-381.57,32.57,32860
-401.19,32.37,32871
-420.07,32.09,32883
-434.04,32.46,32894
-401.33,32.56,32907
-380.92,32.07,32918
-407.61,31.64,32929
-409.99,31.26,32942
-414.40,31.65,32953
-433.09,32.75,32965
-403.94,33.49,32976
-382.32,33.10,32989
-404.37,32.69,33000
-406.32,32.04,33012
-415.12,32.01,33024
-438.47,33.02,33036
-406.65,32.20,33047
-379.69,31.94,33059
-403.72,31.56,33071
-409.82,31.18,33082
-419.59,32.57,33094
-435.37,32.92,33105
-398.99,33.10,33118
-379.22,32.84,33129
-406.95,31.98,33141
-411.93,31.86,33153
-415.40,32.11,33165
-432.47,32.77,33176
-405.95,32.68,33188
-382.95,32.24,33200
-405.59,31.65,33212
-406.56,31.69,33223
-415.14,32.47,33234
-437.34,32.68,33247
-406.94,32.78,33258
-401.89,32.06,33270
-408.98,31.85,33282
-418.80,32.45,33294
-433.97,32.71,33305
-400.27,33.16,33317
-379.14,32.49,33329
-405.75,31.55,33341
-410.20,31.45,33352
-417.59,31.25,33364
-432.19,32.44,33376
-405.00,32.77,33387
-383.84,32.65,33399
-405.18,32.74,33411
-405.78,32.48,33423
-415.07,32.67,33434
-433.83,33.14,33446
-405.29,32.60,33458
-382.94,31.16,33470
-402.39,30.93,33481
-408.63,31.08,33494
-422.06,31.98,33505
-435.53,33.48,33517
-399.40,33.20,33528
-380.35,32.91,33540
-405.49,32.80,33552
-409.73,31.70,33563
-418.15,32.27,33575
-431.06,32.66,33587
-404.36,31.64,33599
-386.66,31.57,33610
-405.40,31.04,33623
-408.21,31.22,33634
-418.46,33.23,33646
23.62,33.43,33657
-398.54,33.31,33669
-402.57,33.08,33681
-406.71,31.80,33692
-418.63,31.73,33704
-436.33,32.50,33716
-404.51,31.43,33728
-383.68,31.68,33739
-404.55,31.21,33752
-408.94,31.44,33763
-418.29,33.19,33775
-431.62,33.75,33786
-398.79,34.04,33799
-381.61,33.46,33810
-406.25,31.82,33822
-407.92,30.91,33833
-418.75,30.98,33845
-435.68,31.29,33857
-404.03,31.80,33868
-384.26,32.00,33881
-404.92,32.16,33892
-406.88,32.44,33904
-417.95,33.37,33915
-432.55,33.63,33928
-402.06,33.36,33939
-383.41,32.16,33951
-404.02,31.11,33963
-410.28,30.81,33975
-420.63,30.86,33986
-431.86,32.15,33997
-405.07,32.34,34010
-384.78,32.39,34021
-402.21,33.13,34033
-407.66,32.37,34044
-431.97,33.21,34057
-407.22,33.17,34068
-381.61,32.13,34080
-403.14,32.14,34092
-411.80,31.06,34104
-416.67,31.06,34115
-434.59,32.13,34127
-407.07,32.18,34139
-379.27,32.85,34150
-402.36,33.22,34162
-409.54,33.04,34173
-414.48,32.87,34186
-431.41,33.20,34197
-406.20,32.06,34209
-382.12,31.81,34221
-404.98,31.17,34233
-408.73,30.60,34244
-415.28,31.90,34256
-434.43,32.70,34268
-403.83,33.19,34280
-382.02,33.42,34291
-402.07,32.64,34302
-406.56,32.39,34315
-415.85,32.54,34326
-434.28,32.63,34338
-406.19,32.22,34350
-383.66,31.59,34362
-402.65,31.52,34373
-406.68,31.06,34385
-417.52,32.14,34397
-436.03,32.57,34409
-405.70,32.52,34420
-381.71,32.88,34433
-409.59,32.63,34444
-415.60,33.20,34455
-432.33,33.06,34467
-405.75,32.80,34479
-381.68,31.91,34491
-405.31,30.93,34502
-410.89,31.02,34514
-413.68,31.25,34526
-432.86,32.82,34538
-408.09,33.07,34549
-380.99,33.24,34562
-403.80,32.89,34573
-409.22,32.06,34585
-413.47,32.64,34596
-436.44,32.88,34608
-407.59,32.51,34620
-381.08,31.76,34631
-403.93,30.95,34643
-409.95,30.81,34655
-418.26,31.63,34667
-433.02,32.85,34678
-404.01,33.20,34691
-381.24,33.26,34702
-404.14,32.63,34714
-409.78,31.87,34725
-414.78,32.58,34738
-431.87,32.40,34749
-408.09,31.87,34760
-386.95,31.33,34772
-402.28,30.55,34784
-407.25,31.64,34796
-419.66,32.66,34807
-434.01,33.79,34820
-406.77,33.55,34831
-398.85,32.48,34843
-410.29,31.96,34854
-419.43,31.60,34867
-432.71,32.21,34878
-405.20,32.17,34890
-381.99,31.80,34902
-404.22,31.47,34913
-410.07,31.44,34925
-414.28,32.08,34936
-431.61,33.31,34949
-407.12,33.71,34960
-381.46,33.10,34972
-402.60,32.42,34983
-405.34,31.83,34996
-416.58,31.89,35007
-436.80,32.59,35019
-406.63,31.83,35031
-380.77,31.45,35043
-402.28,31.41,35054
-409.49,31.43,35065
-417.98,33.30,35078
-433.25,33.93,35089
-401.79,33.44,35101
-381.89,32.77,35112
-404.54,31.60,35125
-408.12,31.22,35136
-415.15,31.80,35148
-433.41,32.29,35160
-408.02,32.13,35172
-385.89,31.73,35183
-402.21,31.89,35195
-405.73,31.93,35207
-416.98,33.58,35218
-405.27,33.92,35230
-381.34,32.94,35241
-400.90,32.33,35254
-409.71,31.14,35265
-418.10,31.34,35277
-433.31,32.21,35289
-404.88,32.23,35301
-381.97,32.60,35312
-403.45,31.93,35324
-407.91,31.94,35336
-412.88,33.02,35348
-433.63,33.54,35359
-407.83,33.79,35371
-382.89,32.32,35383
-399.90,31.70,35394
-408.94,30.31,35406
-415.29,31.36,35418
-436.85,32.24,35430
-408.85,32.37,35441
-379.22,32.77,35453
-402.06,32.25,35465
-410.40,32.57,35477
-415.66,33.18,35488
-433.50,33.41,35501
-406.52,32.72,35512
-379.97,31.78,35523
-405.58,31.04,35535
-410.34,30.51,35547
-414.63,31.75,35559
-434.71,32.54,35570
-408.64,32.61,35582
-382.74,32.88,35594
-400.40,32.27,35606
-416.62,32.51,35617
-434.54,33.17,35630
-407.96,32.73,35641
-380.51,32.54,35653
-401.34,31.17,35664
-411.62,30.55,35676
-418.54,31.09,35688
-433.38,31.87,35699
-408.93,32.81,35712
-381.24,32.77,35723
-400.05,32.79,35735
-410.33,32.47,35746
-413.80,32.61,35759
-432.59,33.05,35770
-410.52,32.80,35782
-381.14,32.15,35793
-403.47,30.98,35806
-408.74,30.89,35817
-416.39,31.13,35828
-436.72,32.58,35841
-408.64,32.97,35852
-381.56,32.94,35864
-401.25,33.10,35875
-406.18,32.76,35888
-416.45,32.90,35899
-434.48,33.43,35911
-407.06,31.54,35922
-380.72,31.82,35935
-402.45,30.27,35946
-409.55,30.69,35958
-419.27,32.00,35970
-435.29,32.31,35981
-405.93,33.66,35993
-384.19,33.44,36004
-406.34,33.19,36017
-415.52,32.98,36028
-431.81,32.63,36040
-409.23,32.23,36051
-385.05,31.48,36064
-400.98,31.07,36075
-408.65,30.73,36087
-416.60,31.66,36099
-432.28,33.12,36111
-410.45,33.14,36122
-379.86,33.80,36133
-399.25,32.85,36146
-408.67,32.85,36157
-413.63,32.43,36169
-433.74,32.22,36180
-410.63,31.94,36193
-381.42,31.26,36204
-404.61,31.01,36216
-408.05,31.17,36228
-411.88,32.38,36240
-433.76,33.76,36251
-407.49,33.77,36263
-379.70,33.34,36275
-400.98,32.31,36286
-406.87,31.80,36298
-415.37,31.56,36310
-435.43,32.07,36322
-409.98,31.80,36333
-383.32,31.40,36345
-402.17,32.04,36357
-408.47,31.87,36369
-413.73,33.30,36380
-433.47,33.83,36392
-380.67,33.57,36404
-401.78,32.92,36416
-409.89,31.74,36427
-415.36,31.40,36439
-433.72,31.48,36451
-410.66,32.03,36462
-382.56,31.65,36474
-402.82,31.77,36486
-409.11,31.99,36498
-413.13,32.61,36509
-434.38,33.93,36521
-408.92,33.43,36533
-380.72,33.08,36545
-401.57,32.22,36556
-408.11,31.02,36569
-415.22,31.31,36580
-434.76,32.13,36591
-410.53,31.67,36603
-383.34,32.25,36615
-399.48,31.98,36627
-406.52,31.91,36638
-416.51,33.72,36651
-433.07,33.46,36662
-407.47,33.16,36674
-383.39,32.58,36685
-400.49,30.75,36698
-411.01,31.24,36709
-417.56,31.42,36721
-433.13,32.16,36732
-409.65,32.87,36744
-383.01,32.33,36756
-402.62,32.55,36767
-408.44,32.67,36780
-410.67,32.95,36791
-411.74,33.25,36803
-381.63,32.61,36814
-400.99,31.25,36827
-406.54,30.93,36838
-415.41,31.17,36850
-437.29,31.89,36861
-409.39,33.27,36874
-380.55,32.38,36885
-400.15,32.32,36896
-408.29,32.39,36909
-415.91,32.06,36920
-431.25,33.12,36932
-408.40,32.54,36943
-384.33,32.14,36956
-402.23,31.42,36967
-408.69,31.39,36979
-414.37,31.99,36990
-429.99,33.38,37003
-412.02,33.24,37014
-381.62,32.73,37025
-396.97,32.69,37038
-409.69,31.45,37049
-415.60,32.44,37061
-432.87,32.77,37072
-411.62,32.26,37085
-380.38,32.52,37096
-399.27,31.62,37108
-410.42,31.95,37120
-412.95,33.03,37132
-429.08,33.18,37143
-411.40,33.28,37155
-381.38,32.19,37167
-401.11,31.47,37179
-412.44,31.46,37190
-434.19,32.11,37201
-411.80,32.92,37214
-380.66,32.93,37225
-397.84,32.48,37237
-405.65,32.42,37249
-416.07,32.47,37261
-435.07,32.69,37272
-410.08,32.60,37284
-381.11,32.37,37296
-400.87,31.32,37308
-409.47,31.66,37319
-415.36,31.54,37331
-433.09,32.66,37343
-409.35,33.21,37354
-381.75,32.71,37366
-400.95,32.82,37378
-406.34,32.04,37390
-413.03,31.75,37401
-434.87,32.91,37413
-410.64,32.00,37425
-383.18,32.07,37437
-400.31,32.12,37448
-405.58,31.28,37460
-416.33,32.57,37472
-436.42,33.07,37483
-409.60,32.42,37495
-382.11,32.67,37507
-401.28,32.12,37519
-409.12,31.41,37530
-414.76,32.65,37542
-433.39,32.32,37554
-410.59,31.99,37566
-402.97,32.31,37577
-409.08,31.24,37590
-411.65,31.87,37601
-433.01,33.26,37613
-414.60,32.54,37624
-381.06,33.68,37636
-399.20,31.87,37648
-409.24,31.73,37659
-414.95,32.01,37671
-434.18,32.11,37683
-412.60,32.71,37695
-382.29,32.24,37706
-398.97,31.74,37719
-409.62,31.37,37730
-412.04,32.42,37742
-432.22,32.56,37753
-411.72,33.17,37766
-383.28,32.58,37777
-398.62,31.63,37789
-410.74,32.36,37800
-414.00,31.90,37812
-432.08,32.81,37824
-413.01,32.82,37835
-380.99,31.57,37848
-399.32,32.04,37859
-410.06,31.41,37871
-414.36,32.46,37882
-432.71,33.89,37895
-410.58,33.05,37906
-382.97,32.50,37918
-399.31,32.13,37929
-407.77,31.37,37942
-413.37,32.59,37953
-434.39,32.56,37964
-383.01,31.92,37977
