30.50,⸮948822.00
13967.00
-437.18,35.30,1134
-418.52,36.09,1136
-414.07,31.70,1147
-376.06,29.79,1160
-435.21,33.57,1171
-428.27,36.95,1183
-409.93,35.90,1195
-405.73,32.07,1207
-371.96,28.90,1218
-404.60,32.41,1230
-439.73,37.07,1242
-413.87,37.46,1253
-410.95,34.35,1265
-387.15,29.64,1276
-380.03,30.56,1289
-431.51,35.20,1300
-427.02,37.00,1312
-412.61,35.03,1324
-404.30,30.75,1336
-370.56,29.69,1347
-406.41,34.36,1359
-438.81,38.16,1371
-413.08,36.98,1383
-409.87,32.63,1394
-383.02,29.19,1405
-378.93,32.00,1418
-434.67,36.63,1429
-428.91,36.70,1441
-410.11,33.61,1453
-400.70,29.69,1465
-371.88,30.70,1476
-408.68,36.20,1488
-438.95,38.02,1500
-414.64,35.77,1512
-408.06,31.51,1523
-382.50,29.57,1536
-435.84,33.63,1547
-426.86,36.85,1559
-410.86,35.97,1570
-401.59,31.90,1582
-370.70,29.37,1594
-411.37,32.79,1605
-438.98,37.17,1617
-412.82,37.64,1629
-411.15,34.07,1641
-383.77,30.24,1652
-382.28,30.85,1665
-434.68,35.14,1676
-426.28,36.96,1688
-412.82,34.61,1699
-401.04,30.65,1711
-371.86,30.27,1723
-412.15,34.56,1734
-438.20,37.77,1746
-414.84,36.46,1758
-410.67,31.86,1770
-378.76,29.79,1781
-385.20,32.92,1794
-436.28,37.09,1805
-424.40,37.35,1817
-410.84,32.99,1828
-398.21,29.16,1841
-371.32,30.85,1852
-415.71,35.53,1863
-437.83,37.32,1875
-413.11,35.03,1887
-409.99,30.56,1899
-379.54,30.34,1910
-387.23,34.97,1923
-436.78,37.35,1934
-412.02,36.33,1946
-397.04,31.17,1957
-373.21,28.37,1970
-417.14,32.44,1981
-434.63,36.67,1993
-415.64,37.55,2004
-410.47,33.67,2016
-374.32,29.75,2028
-389.69,31.60,2039
-436.93,36.17,2052
-421.14,37.55,2063
-413.35,34.83,2075
-393.38,30.26,2086
-372.47,29.19,2099
-422.30,34.14,2110
-433.79,36.87,2122
-413.35,35.59,2134
-409.87,31.88,2146
-374.41,29.06,2157
-393.32,34.11,2168
-436.02,38.28,2181
-417.98,37.59,2192
-413.59,33.92,2204
-392.72,28.51,2215
-373.25,30.21,2228
-423.31,35.01,2239
-433.18,36.86,2251
-415.18,35.33,2263
-408.32,31.27,2275
-370.60,31.10,2286
-393.23,35.53,2298
-437.93,38.12,2310
-417.33,36.04,2321
-392.26,31.09,2333
-369.26,28.18,2344
-427.33,31.87,2357
-434.54,36.65,2368
-409.87,36.56,2380
-408.91,33.67,2392
-370.57,30.46,2404
-393.18,32.35,2415
-440.65,37.22,2427
-418.34,37.46,2439
-409.60,34.21,2451
-390.56,30.06,2462
-375.38,29.56,2473
-426.44,34.24,2486
-432.64,36.88,2497
-413.72,35.18,2509
-406.25,31.60,2521
-373.81,30.15,2533
-397.93,34.40,2544
-434.72,38.24,2556
-416.83,37.50,2568
-415.65,32.68,2580
-387.86,28.62,2591
-376.03,30.89,2604
-429.30,35.39,2615
-429.40,36.76,2626
-416.52,34.14,2638
-409.18,29.98,2650
-368.60,30.69,2662
-399.87,35.65,2673
-438.78,38.46,2685
-417.14,36.47,2697
-412.86,31.13,2709
-384.96,28.52,2720
-433.70,32.54,2733
-430.10,36.24,2744
-413.12,36.04,2756
-404.11,32.74,2767
-369.78,29.16,2779
-407.53,32.12,2791
-439.71,36.98,2802
-412.18,37.69,2814
-414.45,35.45,2826
-385.81,30.37,2838
-376.82,30.01,2849
-434.16,34.41,2862
-427.58,36.02,2873
-413.74,34.94,2885
-411.61,30.80,2896
-368.23,29.07,2909
-400.65,33.97,2920
-440.39,38.08,2931
-416.75,37.82,2944
-414.76,33.60,2955
-382.84,29.91,2967
-371.52,31.88,2978
-433.89,35.88,2991
-433.62,36.37,3002
-412.09,33.14,3014
-399.71,29.66,3025
-368.79,30.56,3038
-407.59,35.80,3049
-440.46,38.36,3061
-411.77,36.53,3073
-408.09,32.16,3084
-383.36,30.10,3096
-380.27,33.78,3107
-424.08,36.65,3120
-410.64,35.52,3131
-407.80,31.57,3143
-370.51,28.58,3154
-405.17,32.21,3167
-436.57,37.17,3178
-412.65,38.26,3190
-414.89,35.04,3202
-381.59,30.70,3214
-372.82,30.98,3225
-434.25,35.20,3236
-430.07,37.21,3249
-411.87,34.57,3260
-401.76,29.94,3272
-368.81,28.76,3283
-407.87,33.65,3296
-442.36,38.11,3307
-413.85,37.37,3319
-405.48,32.93,3331
-380.21,30.00,3343
-382.97,32.48,3354
-436.48,36.64,3366
-427.62,36.94,3378
-409.77,32.94,3389
-400.04,29.39,3401
-372.93,30.20,3412
-411.80,35.32,3425
-436.39,38.17,3436
-412.83,36.21,3448
-410.52,31.75,3460
-381.18,30.06,3472
-382.42,33.91,3483
-433.28,36.99,3495
-414.40,36.34,3507
-401.62,31.89,3519
-367.75,28.96,3530
-408.99,32.41,3542
-438.63,36.31,3554
-415.36,37.51,3565
-410.47,33.87,3577
-378.07,30.02,3589
-382.83,31.64,3601
-437.77,36.01,3612
-426.99,37.87,3624
-409.26,35.24,3636
-395.10,30.54,3648
-372.84,29.15,3659
-417.60,33.51,3672
-434.84,36.75,3683
-411.96,36.02,3694
-409.42,32.47,3706
-380.94,29.36,3718
-387.67,33.33,3730
-431.50,37.71,3741
-420.70,37.55,3753
-413.64,34.22,3765
-398.99,29.04,3777
-371.75,30.11,3788
-415.05,35.04,3801
-434.05,36.71,3812
-417.06,35.28,3824
-413.62,30.84,3835
-374.25,30.00,3847
-384.54,35.02,3859
-438.59,38.19,3870
-424.73,36.90,3883
-411.16,31.94,3894
-371.22,28.40,3906
-423.13,31.72,3917
-436.04,36.28,3930
-411.39,36.35,3941
-407.67,33.44,3953
-375.99,30.04,3964
-392.94,31.25,3977
-436.42,36.70,3988
-416.54,37.92,3999
-411.74,35.75,4012
-395.64,31.50,4023
-372.34,29.12,4035
-418.82,33.66,4046
-432.47,36.46,4059
-417.46,35.48,4070
-412.38,32.02,4082
-372.24,29.35,4093
-388.52,33.22,4106
-438.02,37.90,4117
-423.34,37.55,4129
-415.53,33.74,4141
-390.87,29.54,4152
-368.43,30.28,4164
-424.22,35.26,4175
-438.67,36.67,4188
-416.72,33.87,4199
-405.84,30.86,4211
-370.67,30.32,4222
-396.96,35.24,4235
-439.03,38.49,4246
-417.64,35.98,4258
-412.41,31.66,4270
-390.47,29.13,4282
-427.88,32.06,4293
-426.53,36.60,4304
-411.60,36.63,4317
-415.47,32.62,4328
-375.85,29.51,4340
-394.84,30.96,4352
-436.09,36.28,4364
-416.16,38.30,4375
-418.40,35.12,4387
-394.38,30.66,4399
-367.25,29.74,4411
-424.54,34.48,4422
-436.75,37.78,4434
-414.58,36.05,4446
-406.34,31.10,4457
-370.89,28.48,4469
-398.74,32.29,4481
-443.09,37.32,4493
-419.41,37.83,4504
-408.54,33.76,4516
-387.34,30.38,4528
-375.13,31.59,4540
-429.12,35.52,4551
-432.70,37.13,4563
-410.43,33.60,4575
-405.82,29.71,4587
-374.36,29.78,4598
-401.82,34.22,4610
-436.68,38.09,4622
-416.15,36.77,4633
-415.86,32.63,4645
-388.08,29.80,4657
-372.87,33.14,4669
-429.88,36.95,4680
-416.10,36.56,4692
-409.47,32.57,4704
-369.38,28.81,4716
-399.04,31.37,4727
-439.78,35.90,4740
-418.68,37.66,4751
-414.33,34.99,4762
-385.02,30.69,4774
-372.21,30.77,4786
-431.12,35.04,4798
-430.81,37.62,4809
-412.30,35.67,4822
-405.47,30.49,4833
-372.05,28.44,4845
-404.21,32.88,4856
-438.40,37.27,4869
-415.59,37.61,4880
-413.24,33.80,4892
-384.01,29.94,4903
-376.49,32.20,4915
-431.43,36.35,4927
-426.76,37.03,4938
-414.15,34.13,4951
-408.64,29.40,4962
-367.61,29.64,4974
-406.95,35.00,4985
-441.13,37.90,4998
-413.03,37.04,5009
-412.44,32.19,5021
-383.95,29.28,5032
-375.07,33.66,5045
-432.58,36.90,5056
-428.19,36.67,5067
-405.33,32.73,5080
-368.04,28.59,5091
-406.06,31.73,5103
-441.22,36.33,5114
-412.73,37.49,5127
-412.86,35.12,5138
-384.36,30.83,5150
-376.23,30.44,5161
-433.76,35.06,5174
-428.06,36.98,5185
-412.46,35.08,5197
-404.73,30.90,5209
-369.80,28.54,5220
-407.07,33.42,5232
-439.28,37.66,5243
-415.53,37.35,5256
-411.40,33.92,5267
-380.45,29.53,5279
-382.19,31.57,5291
-435.41,36.12,5303
-425.82,36.33,5314
-414.40,33.77,5326
-403.26,29.69,5338
-368.49,29.87,5350
-414.44,35.18,5361
-436.62,37.59,5372
-410.83,36.22,5385
-416.61,31.79,5396
-381.95,29.57,5408
-378.87,33.39,5420
-435.19,37.27,5432
-425.26,36.93,5443
-412.35,32.76,5455
-369.10,29.12,5467
-408.05,31.04,5479
-439.54,36.07,5490
-415.40,36.98,5502
-410.13,34.13,5514
-379.01,30.77,5525
-381.35,30.59,5537
-434.48,35.82,5549
-426.17,37.89,5561
-410.42,35.30,5572
-399.53,31.23,5584
-371.82,28.84,5596
-413.32,33.02,5608
-437.59,37.07,5619
-414.10,36.47,5632
-410.62,32.79,5643
-381.64,30.11,5655
-384.16,32.71,5666
-431.74,37.10,5678
-424.83,37.64,5690
-414.65,33.67,5701
-398.05,29.63,5713
-371.72,29.75,5725
-412.87,34.35,5737
-436.79,37.76,5748
-418.21,35.51,5761
-409.71,31.34,5772
-377.09,30.21,5784
-384.47,33.95,5795
-433.78,38.45,5808
-424.07,37.23,5819
-413.31,31.89,5830
-393.26,28.77,5842
-418.43,31.07,5854
-436.34,35.76,5866
-415.25,37.24,5877
-410.11,34.04,5890
-374.71,30.48,5901
-388.05,31.53,5913
-435.39,35.83,5924
-422.68,37.91,5937
-415.40,35.54,5948
-393.72,30.26,5960
-372.63,28.85,5971
-422.23,33.15,5983
-430.45,36.91,5995
-414.12,37.13,6006
-412.23,33.00,6019
-371.61,29.99,6030
-388.78,32.91,6042
-436.61,36.44,6053
-419.44,37.21,6066
-417.64,33.52,6077
-397.13,29.35,6089
-367.47,30.50,6100
-421.12,35.30,6113
-435.44,37.86,6124
-412.54,35.94,6135
-410.88,31.46,6148
-374.07,29.67,6159
-389.30,33.98,6171
-437.97,37.18,6182
-420.00,36.23,6195
-414.70,32.10,6206
-394.77,28.53,6218
-371.29,32.12,6230
-422.29,36.64,6242
-412.03,37.38,6253
-409.71,34.19,6265
-375.28,29.77,6277
-389.89,31.11,6288
-439.77,35.64,6300
-420.48,37.42,6311
-411.64,35.32,6324
-396.66,30.44,6335
-372.81,29.12,6347
-421.01,33.44,6359
-434.55,36.85,6371
-413.35,36.50,6382
-408.45,32.55,6394
-376.52,29.72,6406
-394.18,32.80,6418
-435.15,37.35,6429
-421.81,37.58,6440
-415.48,33.71,6453
-392.96,29.37,6464
-372.80,29.83,6476
-420.97,35.02,6488
-432.26,37.46,6500
-415.11,35.13,6511
-408.98,31.13,6523
-370.78,29.49,6535
-393.02,34.26,6547
-440.26,37.86,6558
-423.15,36.69,6571
-411.29,32.35,6582
-387.41,29.09,6593
-374.49,32.02,6605
-428.15,36.32,6617
-432.58,36.67,6629
-406.57,32.98,6640
-374.17,29.66,6652
-399.52,31.21,6664
-437.37,36.05,6676
-414.74,38.66,6687
-412.82,35.78,6700
-391.77,31.20,6711
-373.95,29.58,6723
-425.44,33.07,6734
-430.60,36.51,6746
-414.22,35.27,6758
-411.07,31.34,6769
-372.20,29.44,6781
-393.17,33.24,6793
-437.88,38.04,6805
-419.79,38.26,6816
-412.57,34.32,6829
-387.53,29.95,6840
-373.05,30.93,6852
-428.73,35.14,6863
-432.40,36.54,6876
-411.77,34.19,6887
-407.26,29.42,6898
-371.79,29.68,6910
-401.80,34.77,6922
-440.37,38.58,6934
-413.69,37.91,6945
-409.36,32.92,6958
-389.58,29.64,6969
-376.58,32.59,6981
-427.62,35.69,6992
-429.44,35.72,7005
-414.23,32.16,7016
-372.77,28.25,7028
-399.16,30.91,7040
-439.30,36.53,7051
-417.59,38.68,7063
-412.40,36.32,7074
-385.16,31.60,7087
-372.21,29.81,7098
-429.51,34.13,7110
-434.60,36.37,7121
-413.23,34.71,7134
-404.62,30.82,7145
-371.80,28.08,7157
-402.68,33.01,7169
-440.03,37.97,7181
-418.04,38.41,7192
-407.83,34.94,7203
-381.98,30.23,7216
-379.31,31.52,7227
-431.25,35.67,7239
-427.43,36.22,7250
-412.77,33.66,7263
-403.84,29.41,7274
-371.66,28.91,7286
-407.50,34.10,7298
-436.21,38.11,7310
-413.63,37.33,7321
-414.25,33.27,7333
-384.20,30.81,7345
-376.34,33.10,7356
-429.97,37.08,7368
-426.73,36.28,7379
-414.42,31.80,7392
-405.89,28.49,7403
-370.80,30.05,7415
-438.85,35.65,7427
-417.00,38.02,7439
-412.92,35.54,7450
-381.66,31.81,7462
-377.96,30.84,7474
-434.09,34.87,7486
-428.68,37.85,7497
-412.65,35.29,7508
-402.92,30.56,7521
-370.73,27.82,7532
-412.55,31.59,7544
-438.95,36.29,7556
-412.18,37.52,7568
-413.06,34.03,7579
-382.76,31.07,7591
-379.72,32.97,7603
-431.95,36.73,7615
-423.25,37.82,7626
-413.85,33.92,7639
-405.22,28.96,7650
-368.16,28.56,7661
-409.59,33.34,7673
-440.30,37.37,7685
-415.67,36.37,7697
-411.17,32.49,7708
-378.53,30.34,7720
-380.75,34.20,7732
-435.59,37.75,7744
-427.17,37.01,7755
-411.67,32.78,7768
-398.10,28.61,7779
-371.33,30.84,7791
-414.56,35.41,7802
-413.33,36.84,7814
-411.15,34.49,7826
-382.97,30.46,7837
-383.26,30.98,7849
-430.87,35.75,7861
-423.55,38.59,7873
-413.98,36.86,7884
-399.30,31.29,7897
-372.99,28.53,7908
-415.40,31.52,7920
-434.15,35.70,7931
-416.91,36.31,7943
-414.41,32.87,7955
-375.74,30.03,7966
-385.12,32.60,7979
-435.31,37.55,7990
-422.42,38.83,8002
-415.64,34.85,8013
-397.59,29.83,8026
-369.06,28.85,8037
-419.55,32.94,8049
-436.92,36.19,8060
-414.35,35.18,8073
-413.63,31.58,8084
-376.02,30.21,8095
-384.72,34.72,8108
-435.49,38.27,8119
-419.55,37.80,8131
-414.78,33.14,8142
-397.53,28.74,8155
-368.88,30.62,8166
-420.04,34.84,8178
-433.49,36.32,8189
23.42,33.89,8202
-385.17,30.35,8213
-436.90,30.85,8236
-418.66,36.25,8248
-413.81,38.97,8259
-396.86,37.14,8270
-367.62,32.09,8282
-418.90,28.50,8293
-438.48,32.02,8304
-414.96,35.62,8315
-410.36,35.06,8327
-375.83,32.01,8339
-388.88,29.25,8350
-436.16,32.59,8361
-417.70,38.49,8373
-412.60,39.39,8384
-395.21,36.29,8395
-369.45,30.85,8407
-423.00,29.27,8418
-434.55,33.39,8430
-413.19,35.59,8441
-414.44,34.11,8453
-372.59,30.74,8464
-387.06,29.42,8475
-439.12,34.53,8486
-418.26,39.04,8498
-411.77,38.26,8509
-393.83,33.83,8521
-367.36,29.70,8532
-421.83,31.26,8544
-438.72,35.37,8555
-413.03,35.87,8566
-410.17,32.79,8578
-374.62,29.81,8589
-392.33,30.37,8601
-439.95,35.83,8612
-417.78,38.77,8624
-410.72,36.50,8636
-393.78,32.45,8647
-371.18,29.94,8659
-423.48,33.28,8671
-432.43,36.78,8683
-410.74,35.13,8694
-413.09,31.29,8706
-377.49,28.30,8718
-392.29,31.47,8729
-437.30,37.17,8741
-417.71,38.84,8753
-414.26,35.76,8765
-392.14,31.30,8776
-368.86,30.99,8788
-423.70,34.67,8800
-433.37,36.61,8812
-415.38,34.34,8823
-410.97,29.31,8836
-372.63,28.54,8847
-395.71,33.22,8858
-440.40,38.27,8870
-416.51,38.46,8882
-411.15,33.58,8894
-390.59,30.53,8905
-370.08,32.08,8918
-426.93,35.97,8929
-434.20,36.38,8941
-409.69,32.72,8952
-410.67,28.76,8965
-375.69,29.64,8976
-438.85,35.03,8988
-418.45,38.13,8999
-412.12,37.16,9011
-390.71,32.75,9023
-371.65,30.79,9034
-424.82,34.47,9047
-432.29,36.86,9058
-413.29,36.06,9070
-411.39,31.23,9081
-372.56,27.74,9094
-396.51,31.45,9105
-441.27,35.97,9117
-419.09,38.12,9128
-411.77,35.23,9141
-388.61,31.20,9152
-370.68,32.12,9163
-424.91,36.11,9176
-433.72,37.50,9187
-409.85,34.73,9199
-404.92,29.76,9210
-375.33,27.86,9223
-399.58,32.60,9234
-439.44,36.64,9246
-418.63,36.87,9257
-410.38,33.79,9270
-387.62,30.75,9281
-373.63,33.96,9293
-423.81,37.92,9305
-431.14,37.45,9316
-412.39,33.22,9328
-405.01,28.12,9339
-377.59,28.69,9352
-399.22,34.18,9363
-437.04,37.03,9375
-410.24,36.22,9387
-386.69,32.68,9399
-376.41,30.73,9410
-424.98,35.20,9422
-429.24,38.26,9434
-414.66,36.83,9446
-404.40,31.86,9457
-372.16,27.75,9468
-402.99,30.50,9481
-438.79,35.66,9492
-417.52,36.82,9504
-413.03,34.12,9516
-385.30,30.91,9528
-374.08,31.72,9539
-427.68,36.61,9551
-429.32,38.83,9563
-410.45,35.85,9575
-405.92,30.99,9586
-371.77,28.23,9598
-402.00,32.15,9610
-442.21,36.04,9621
-419.76,35.53,9633
-410.67,32.64,9645
-384.85,29.77,9657
-377.75,33.64,9668
-429.14,38.29,9680
-427.73,38.23,9692
-411.54,34.80,9704
-403.52,29.67,9715
-373.02,29.54,9728
-403.71,33.66,9739
-439.45,35.79,9751
-417.45,34.25,9762
-386.41,30.67,9774
-375.90,30.44,9786
-429.15,35.09,9797
-429.74,39.26,9809
-411.98,37.73,9821
-400.80,32.98,9833
-370.56,29.44,9844
-407.16,30.91,9857
-437.44,35.56,9868
-419.23,35.42,9880
-413.56,32.35,9891
-379.69,29.71,9904
-381.69,30.79,9915
-433.18,36.86,9926
-422.14,39.02,9938
-411.61,36.50,9950
-403.51,32.11,9962
-367.64,30.07,9973
-408.54,33.40,9986
-440.24,35.84,9997
-414.34,34.19,10009
-417.08,30.02,10020
-386.88,28.25,10033
-379.01,32.70,10044
-433.71,38.49,10056
-425.44,39.74,10067
-410.11,35.72,10079
-401.26,30.86,10091
-370.26,30.62,10102
-412.75,34.01,10115
-439.20,35.32,10126
-414.51,32.66,10138
-415.62,28.99,10149
-382.80,29.11,10162
-433.54,34.83,10173
-420.49,39.52,10185
-411.97,38.85,10196
-402.54,33.77,10209
-366.48,29.69,10220
-409.71,31.69,10231
-441.45,35.19,10244
-416.97,35.40,10255
-414.99,31.79,10267
-379.43,28.20,10278
-381.25,30.38,10291
-438.88,36.11,10302
-425.08,38.96,10314
-410.00,37.43,10326
-397.02,32.52,10338
-365.91,30.57,10349
-415.57,33.96,10360
-438.67,35.94,10373
-411.98,34.27,10384
-414.04,29.95,10396
-382.75,27.81,10407
-383.84,32.44,10420
-437.25,37.81,10431
-423.73,38.88,10443
-409.58,35.61,10455
-399.56,31.53,10467
-369.14,31.55,10478
-412.26,35.24,10490
-435.27,35.82,10502
-416.49,33.07,10513
-416.16,29.23,10525
-378.75,28.26,10536
-385.80,34.43,10549
-421.31,38.38,10560
-413.58,37.18,10572
-397.80,33.90,10584
-364.66,30.31,10596
-416.53,33.67,10607
-439.29,37.12,10619
-412.17,36.16,10631
-411.27,31.99,10643
-381.00,27.96,10654
-385.90,29.62,10665
-437.48,34.90,10678
-424.85,37.97,10689
-409.53,36.10,10701
-394.04,32.58,10713
-371.76,31.98,10725
-416.16,35.28,10736
-435.19,37.88,10748
-416.98,34.86,10760
-410.67,29.74,10772
-376.61,27.70,10783
-394.24,31.23,10796
-438.21,36.56,10807
-419.72,37.69,10818
-414.36,34.29,10830
-394.65,30.88,10842
-366.50,32.84,10854
-420.90,36.69,10865
-434.94,37.66,10877
-412.29,34.02,10889
-412.82,28.56,10901
-376.51,28.00,10912
-391.15,32.85,10925
-441.94,36.81,10936
-411.20,36.69,10948
-395.08,32.89,10959
-368.95,31.16,10971
-419.23,34.61,10983
-435.12,37.87,10994
-412.14,37.47,11006
-410.73,31.84,11018
-378.57,27.68,11030
-393.04,29.52,11041
-439.33,34.22,11054
-422.64,37.22,11065
-412.05,35.29,11077
-391.70,31.86,11088
-370.61,31.88,11101
-421.40,35.90,11112
-431.80,38.30,11123
-411.93,35.81,11136
-411.68,30.80,11147
-374.19,27.70,11159
-393.73,31.57,11170
-440.71,35.94,11183
-418.87,36.67,11194
-413.58,33.46,11206
-390.95,30.23,11217
-367.51,33.04,11230
-422.03,37.47,11241
-434.36,38.39,11253
-409.63,35.21,11265
-407.47,29.47,11276
-373.67,29.04,11288
-395.60,33.11,11299
-442.43,35.80,11312
-420.29,35.49,11323
-411.02,31.52,11335
-373.10,30.43,11346
-424.14,35.05,11359
-427.94,38.86,11370
-409.08,38.31,11382
-410.11,33.03,11394
-374.62,28.30,11406
-395.08,29.63,11417
-439.55,34.04,11428
-418.49,36.25,11441
-415.07,34.40,11452
-391.30,30.73,11464
-369.11,31.06,11475
-420.69,36.42,11488
-433.20,39.00,11499
-413.10,37.45,11511
-403.14,31.66,11523
-370.27,28.50,11535
-399.17,32.35,11546
-441.78,35.54,11558
-420.95,35.79,11570
-413.27,32.02,11581
-387.84,28.83,11593
-374.75,32.57,11604
-428.85,37.46,11617
-430.91,39.13,11628
-408.05,35.99,11640
-406.27,30.66,11652
-374.50,29.78,11664
-398.26,33.33,11675
-441.48,35.69,11687
-421.18,34.28,11699
-413.13,30.41,11711
-388.96,29.23,11722
-424.34,34.08,11734
-429.60,38.84,11746
-413.61,38.43,11757
-402.98,33.98,11769
-369.55,29.53,11781
-403.51,30.89,11793
-442.11,35.22,11804
-418.52,35.92,11816
-413.11,33.23,11828
-386.89,29.36,11840
-373.97,30.11,11851
-431.92,35.43,11864
-430.29,38.75,11875
-406.65,37.36,11886
-405.37,32.65,11898
-372.39,30.09,11910
-400.71,33.04,11922
-439.64,36.41,11933
-417.44,35.24,11945
-413.23,31.16,11957
-390.82,28.54,11969
-377.01,31.18,11980
-427.48,37.25,11993
-429.47,38.89,12004
-412.81,35.77,12016
-403.02,31.64,12027
-368.88,30.51,12039
-403.49,34.52,12051
-440.21,36.50,12062
-419.51,34.21,12075
-412.03,30.05,12086
-386.06,28.26,12098
-380.43,33.31,12109
23.23,38.04,12122
-401.61,37.89,12133
-372.25,34.16,12155
-407.55,30.24,12168
-435.32,32.11,12179
-415.91,36.14,12190
-417.40,37.01,12201
-386.56,33.17,12213
-379.61,28.96,12224
-431.17,29.23,12235
-426.11,34.11,12247
-415.48,38.26,12259
-401.96,37.14,12270
-364.77,32.77,12281
-404.86,30.79,12293
-441.32,33.91,12304
-417.66,37.29,12315
-414.22,36.23,12326
-381.85,31.34,12339
-379.23,28.29,12350
-437.60,30.71,12361
-429.54,35.82,12372
-409.89,37.59,12384
-400.11,34.90,12395
-370.07,31.64,12406
-410.00,31.67,12418
-438.10,35.72,12430
-412.58,37.70,12441
-411.95,35.15,12452
-387.46,30.11,12464
-383.76,28.27,12475
-433.07,32.10,12486
-425.23,36.16,12497
-413.44,36.92,12509
-405.65,33.33,12521
-369.63,30.82,12532
-403.26,33.70,12544
-435.08,37.63,12556
-419.06,38.01,12567
-416.36,33.39,12579
-379.06,28.28,12591
-381.08,28.59,12603
-437.54,33.63,12614
-429.62,37.33,12626
-414.55,35.83,12638
-395.63,32.02,12649
-366.42,30.65,12661
-415.44,34.61,12673
-438.66,38.02,12685
-411.01,36.83,12696
-410.15,32.26,12708
-381.65,28.40,12720
-389.00,30.78,12732
-436.56,35.03,12743
-419.63,36.19,12755
-413.76,34.21,12767
-405.94,30.48,12779
-370.43,31.60,12790
-408.56,36.57,12802
-431.86,38.53,12814
-414.45,35.97,12825
-419.02,30.45,12837
-379.74,27.88,12849
-378.61,32.14,12861
-436.18,36.20,12872
-428.15,36.07,12884
-414.84,32.73,12896
-364.59,29.87,12908
-413.73,33.21,12919
-439.98,38.11,12931
-414.12,38.21,12943
-407.28,34.20,12954
-378.65,29.47,12966
-390.34,29.35,12978
-439.28,34.59,12990
-422.11,36.89,13001
-411.39,34.91,13014
-395.89,31.19,13025
-373.31,29.57,13037
-418.88,34.59,13048
-430.53,38.25,13061
-410.84,37.68,13072
-414.62,33.69,13084
-377.00,29.02,13095
-387.12,31.12,13107
-436.63,35.21,13119
-422.01,35.76,13130
-417.93,33.51,13143
-398.25,29.69,13154
-364.84,31.02,13166
-416.58,36.23,13177
-435.40,38.55,13190
-414.24,36.55,13201
-410.58,31.66,13213
-373.39,29.21,13224
-388.02,32.78,13236
-440.82,36.27,13248
-423.31,35.50,13259
-414.06,32.09,13272
-394.08,29.61,13283
-369.12,32.58,13295
-432.74,37.74,13306
-410.39,37.94,13319
-412.32,34.57,13330
-375.24,30.52,13342
-390.97,30.61,13353
-437.08,34.98,13366
-418.59,36.80,13377
-416.48,34.52,13388
-397.99,30.42,13401
-368.49,29.29,13412
-419.58,33.98,13424
-431.63,38.07,13435
-411.66,37.69,13448
-413.97,32.89,13459
-374.04,29.70,13471
-386.52,31.92,13483
-439.58,36.02,13495
-421.74,36.72,13506
-413.48,32.95,13518
-396.66,29.29,13530
-369.56,30.51,13541
-420.14,35.43,13553
-436.62,38.55,13564
-411.72,35.92,13577
-407.75,31.58,13588
-374.91,29.80,13600
-392.51,33.66,13612
-439.33,36.96,13624
-422.48,35.78,13635
-413.74,31.65,13647
-392.94,28.73,13659
-374.00,32.04,13671
-422.81,36.61,13682
-415.34,37.74,13693
-411.15,34.55,13706
-371.86,30.40,13717
-393.97,31.41,13729
-437.95,35.45,13741
-418.82,37.24,13753
-415.92,34.81,13764
-392.72,29.99,13776
-369.92,28.85,13788
-424.44,33.26,13800
-435.17,37.25,13811
-413.91,36.86,13824
-408.78,32.74,13835
-370.23,29.98,13846
-393.76,33.20,13858
-440.12,37.31,13870
-420.02,37.09,13882
-413.80,32.96,13893
-390.01,28.82,13905
-373.26,29.88,13917
-428.40,34.93,13929
-433.23,37.14,13940
-410.01,35.50,13953
-407.27,31.67,13964
-373.01,30.56,13976
-396.49,35.22,13987
-436.40,38.25,13999
-415.68,36.78,14011
-414.67,31.72,14022
-392.92,28.36,14034
-373.20,31.52,14046
-425.16,35.91,14058
-431.37,37.11,14069
-413.40,33.88,14082
-371.07,30.29,14093
-395.75,31.56,14105
-438.53,35.74,14116
-417.67,37.87,14129
-416.53,35.09,14140
-390.02,30.43,14151
-371.00,29.47,14163
-426.83,33.47,14175
-432.64,37.24,14187
-414.64,36.00,14198
-406.79,31.66,14211
-370.52,29.13,14222
-398.77,32.79,14234
-438.62,37.48,14245
-417.07,37.83,14258
-413.36,34.05,14269
-386.91,29.52,14281
-375.08,30.63,14292
-428.32,35.40,14304
-428.77,36.95,14316
-414.03,34.88,14327
-406.17,30.46,14340
-371.70,29.53,14351
-400.24,34.66,14363
-435.29,38.20,14374
-416.99,37.23,14387
-415.44,32.22,14398
-386.88,29.08,14410
-374.42,31.93,14422
-427.72,36.55,14434
-431.00,36.94,14445
-414.42,33.31,14456
-403.29,29.34,14469
-404.45,30.39,14480
-437.53,35.86,14492
-418.02,37.92,14503
-413.07,35.59,14516
-380.51,31.37,14527
-379.18,29.85,14539
-434.56,34.22,14551
-425.88,36.80,14563
-412.10,35.64,14574
-408.03,31.48,14586
-372.33,28.51,14598
-405.02,31.93,14609
-437.69,36.58,14621
-414.67,37.63,14632
-415.39,34.83,14645
-386.19,30.58,14656
-375.40,31.71,14668
-427.13,35.66,14680
-428.36,36.73,14692
-418.73,33.75,14703
-406.88,29.24,14715
-368.27,29.16,14727
-404.20,33.89,14739
-438.54,38.18,14750
-416.16,37.63,14761
-414.02,33.04,14774
-383.00,30.36,14785
-375.55,32.93,14797
-433.24,36.83,14809
-429.64,36.36,14821
-411.66,31.98,14832
-405.78,28.51,14844
-372.70,30.12,14856
-407.27,35.60,14868
-413.61,38.24,14879
-411.92,36.07,14892
-385.24,32.05,14903
-377.47,30.64,14914
-428.29,34.68,14926
-426.43,37.30,14938
-415.11,35.76,14950
-404.16,31.01,14961
-370.91,27.94,14973
-407.93,32.08,14985
-437.09,36.64,14997
-415.60,37.58,15008
-413.29,34.54,15021
-380.12,30.36,15032
-378.34,32.25,15044
-432.11,36.52,15055
-427.00,37.49,15067
-414.03,34.42,15079
-403.33,29.34,15090
-370.84,28.40,15102
-409.17,33.46,15114
-439.66,37.22,15126
-416.73,36.39,15137
-409.46,33.02,15150
-380.00,30.59,15161
-381.03,33.95,15173
-432.08,38.06,15184
-425.11,36.94,15197
-413.93,32.96,15208
-400.85,28.57,15219
-373.42,29.78,15232
-410.59,34.95,15243
-436.02,37.16,15255
-412.86,35.10,15266
-379.27,31.28,15279
-381.20,31.10,15290
-432.18,35.46,15302
-425.13,38.53,15313
-415.77,36.30,15326
-402.29,31.05,15337
-368.95,28.42,15349
-410.90,31.20,15361
-439.50,36.17,15372
-417.36,36.66,15384
-411.74,32.92,15395
-380.04,30.52,15408
-381.30,32.24,15419
-432.32,37.14,15431
-425.61,38.95,15442
-414.01,34.86,15455
-399.79,29.96,15466
-372.64,28.79,15478
-413.30,33.09,15490
-437.03,36.82,15502
-415.83,35.93,15513
-412.63,31.70,15524
-379.73,29.75,15537
-383.73,33.76,15548
-433.25,38.13,15560
-423.06,38.46,15571
-412.87,33.69,15584
-400.11,28.99,15595
-368.94,30.16,15607
-414.16,34.32,15619
-439.39,36.61,15631
-414.71,34.48,15642
-379.77,30.53,15654
-379.75,30.97,15666
-435.44,35.67,15677
-426.23,39.14,15689
-408.21,37.44,15700
-398.76,31.97,15713
-373.14,28.82,15724
-412.62,31.71,15736
-440.13,35.56,15748
-416.85,35.77,15760
-409.64,32.46,15771
-380.00,29.46,15783
-386.27,32.26,15795
-432.55,37.37,15807
-423.40,38.60,15818
-411.84,35.97,15830
-395.93,30.58,15842
-372.47,29.28,15853
-417.71,33.54,15865
-437.43,35.90,15877
-415.43,35.13,15889
-411.42,31.19,15900
-377.89,29.26,15912
-387.42,34.32,15924
-433.96,38.47,15936
-421.08,38.68,15947
-411.53,34.30,15960
-397.31,29.06,15971
-371.41,30.37,15982
-417.26,34.40,15994
-436.73,35.99,16006
-415.10,34.28,16018
-411.26,30.48,16029
-376.27,30.53,16041
-436.20,36.00,16053
-420.91,38.49,16065
-414.27,36.79,16076
-395.05,31.90,16089
-369.06,28.37,16100
-418.92,32.32,16112
-438.78,36.31,16123
-415.07,35.94,16135
-408.81,32.92,16147
-374.38,29.37,16158
-389.31,31.89,16171
-436.80,37.45,16182
-421.24,38.16,16194
-411.92,35.58,16205
-393.63,30.62,16218
-371.80,29.08,16229
-421.91,33.87,16241
-435.02,36.15,16252
-413.71,34.75,16265
-412.64,30.91,16276
-377.51,29.11,16287
-388.91,33.68,16300
-435.57,38.58,16311
-419.83,38.43,16323
-412.93,33.83,16334
-393.27,29.86,16347
-370.64,30.65,16358
-420.17,35.12,16370
-436.29,36.45,16381
-416.58,33.54,16394
-408.46,30.06,16405
-372.51,29.92,16417
-393.48,35.28,16429
-419.36,38.40,16440
-414.48,36.91,16452
-389.39,32.25,16463
-371.24,29.50,16476
-425.62,32.99,16487
-431.65,36.54,16499
-413.28,36.51,16510
-412.29,32.33,16523
-372.90,28.88,16534
-391.82,31.59,16546
-439.67,36.41,16558
-419.86,38.39,16570
-414.42,35.13,16581
-390.99,30.65,16592
-369.76,30.42,16605
-423.29,34.60,16616
-435.86,37.40,16628
-416.29,35.34,16640
-404.79,31.03,16652
-373.86,28.79,16663
-400.01,32.90,16675
-436.58,37.22,16687
-416.26,37.32,16699
-415.51,33.78,16710
-390.24,29.99,16722
-372.99,32.28,16734
-426.91,36.53,16745
-427.53,37.12,16757
-412.71,34.22,16769
-414.74,29.31,16781
-370.51,29.14,16792
-394.74,34.65,16804
-439.34,37.17,16816
-419.51,36.36,16828
-390.12,32.22,16839
-367.39,29.58,16851
-426.51,34.17,16863
-435.28,37.74,16875
-412.44,36.83,16886
-406.06,32.33,16898
-371.99,28.54,16910
-399.81,30.87,16921
-441.24,35.98,16933
-417.35,37.34,16945
-412.67,34.41,16957
-388.91,30.93,16968
-374.54,30.83,16980
-426.80,35.62,16992
-429.98,38.22,17004
-412.11,35.81,17015
-406.18,31.15,17028
-373.31,28.35,17039
-402.16,32.39,17050
-436.81,36.72,17062
-416.45,36.61,17074
-417.44,32.99,17086
-387.11,29.83,17097
-373.56,32.27,17110
-429.22,37.11,17121
-428.87,38.40,17133
-412.55,34.64,17144
-407.39,29.75,17157
-368.71,29.38,17168
-401.55,33.22,17180
-442.47,36.58,17191
-418.25,35.48,17203
-410.97,31.54,17215
-374.58,30.81,17226
-427.17,34.23,17239
-427.44,38.17,17250
-413.07,37.44,17262
-404.96,32.23,17273
-369.84,29.15,17286
-403.72,30.91,17297
-437.83,35.06,17309
-414.50,36.85,17320
-416.40,33.93,17333
-384.79,30.53,17344
-373.79,31.37,17355
-428.86,35.97,17368
-427.12,38.42,17379
-413.54,36.57,17391
-406.25,31.12,17402
-367.25,29.27,17415
-403.02,33.10,17426
-441.43,36.04,17438
-417.12,35.66,17449
-413.81,31.37,17462
-386.09,29.01,17473
-376.75,33.13,17485
-431.80,37.54,17497
-427.87,39.11,17508
-409.17,35.15,17520
-401.82,30.12,17531
-372.30,30.25,17544
-407.35,33.80,17555
-437.30,36.27,17567
-414.79,34.47,17579
-413.30,29.96,17591
-386.03,29.28,17602
-379.51,34.60,17614
-424.72,38.54,17626
-414.16,38.26,17638
-403.00,33.69,17649
-367.15,28.99,17660
-407.08,31.72,17673
-438.31,35.52,17684
-416.79,36.05,17696
-413.72,33.37,17708
-380.22,28.67,17720
-379.45,29.94,17731
-437.22,35.75,17743
-425.10,38.43,17755
-408.57,37.52,17767
-401.71,32.65,17778
-368.06,29.84,17790
-407.86,33.99,17802
-440.27,36.30,17813
-415.03,35.61,17825
-411.10,31.62,17837
-384.72,28.00,17849
-382.08,31.72,17860
-432.20,36.99,17872
-427.27,38.17,17884
-414.34,35.62,17896
-398.48,31.24,17907
-367.94,30.83,17920
-410.14,35.30,17931
-436.37,36.62,17943
-417.89,34.26,17954
-416.92,30.06,17966
-379.76,28.02,17978
-381.31,33.43,17989
-436.81,37.71,18001
-413.18,37.03,18013
-400.49,33.61,18025
-366.31,29.98,18036
-410.57,32.85,18049
-440.99,37.21,18060
-414.61,36.55,18072
-410.74,32.78,18083
-381.11,28.67,18096
-383.81,29.56,18107
-437.91,35.02,18118
-425.86,37.65,18130
-408.62,35.77,18142
-398.79,32.11,18154
-372.56,30.62,18165
-414.01,34.39,18178
-435.31,38.11,18189
-411.31,36.01,18201
-411.84,31.52,18212
-384.07,28.35,18225
-386.23,30.58,18236
-433.56,35.88,18248
-423.62,36.94,18259
-414.23,34.17,18271
-400.65,30.78,18283
-368.12,31.54,18294
-412.72,36.58,18307
-434.47,38.72,18318
-415.71,35.79,18330
-413.90,30.19,18341
-375.85,28.02,18354
-386.26,32.24,18365
-439.71,36.17,18377
-424.53,36.49,18388
-413.51,32.53,18401
-365.81,30.35,18412
-417.74,33.91,18423
-439.12,37.93,18436
-408.85,38.50,18447
-408.47,33.71,18459
-380.58,28.91,18470
-388.66,29.29,18483
-440.41,33.33,18494
-424.72,36.18,18506
-410.14,34.85,18518
-397.76,31.67,18530
-373.96,31.03,18541
-413.28,35.57,18553
-431.18,38.63,18565
-414.56,37.40,18576
-411.46,32.66,18588
-377.86,28.35,18599
-387.36,31.08,18612
-436.96,35.12,18623
-424.38,35.74,18635
-416.68,33.40,18647
-396.31,29.82,18659
-366.16,31.75,18670
-417.35,37.45,18682
-435.69,38.85,18694
-413.37,36.38,18706
-410.10,31.06,18717
-373.56,28.59,18728
-390.57,33.10,18741
-441.37,35.64,18752
-423.04,34.74,18764
-412.23,31.67,18776
-395.49,29.64,18788
-418.91,33.87,18799
-435.45,38.82,18811
-408.76,38.48,18823
-409.21,34.16,18835
-381.33,29.89,18846
-390.02,29.30,18859
-437.75,34.41,18870
-423.78,36.15,18881
-414.19,33.76,18893
-394.57,31.01,18905
-372.76,30.12,18917
-418.61,35.15,18928
-431.62,39.09,18940
-413.72,36.98,18952
-409.17,32.58,18964
-371.68,28.86,18975
-393.55,31.39,18988
-441.17,35.89,18999
-421.79,35.54,19011
-413.86,31.97,19022
-393.88,29.44,19034
-371.37,31.62,19046
-423.72,37.05,19057
-432.64,39.70,19069
-409.06,36.21,19081
-407.47,31.08,19093
-376.06,29.27,19104
-395.09,32.32,19117
-440.46,36.19,19128
-419.91,35.01,19140
-414.55,30.79,19151
-393.89,29.36,19164
-372.10,33.38,19175
-431.17,38.37,19186
-412.40,39.10,19198
-407.28,34.29,19210
-368.74,29.60,19222
-395.48,30.32,19233
-441.13,34.35,19246
-420.08,36.20,19257
-415.73,34.08,19269
-388.98,29.67,19280
-369.14,29.64,19293
-429.38,34.84,19304
-432.23,38.41,19316
-408.89,38.03,19328
-408.05,32.88,19340
-370.12,29.84,19351
-396.73,32.87,19362
-443.29,35.93,19375
-416.03,35.91,19386
-412.90,31.84,19398
-392.33,28.30,19409
-373.00,31.00,19422
-426.58,36.35,19433
-430.41,38.80,19445
-409.95,36.77,19457
-406.62,31.97,19469
-370.22,30.60,19480
-397.11,34.35,19492
-439.43,36.38,19504
-418.05,34.70,19515
-415.22,30.81,19527
-390.68,28.09,19538
-373.21,32.74,19551
-427.97,37.76,19562
-409.54,37.81,19574
-406.37,35.01,19586
-370.19,30.87,19598
-397.94,32.03,19609
-440.72,36.48,19621
-418.03,36.54,19633
-410.64,33.46,19645
-390.08,29.02,19656
-379.09,28.44,19668
-428.69,33.85,19680
-430.00,37.73,19691
-412.06,37.07,19703
-402.18,33.40,19715
-370.77,31.28,19727
-401.88,33.93,19738
-435.90,37.66,19750
-417.31,36.22,19762
-416.21,30.98,19774
-388.19,27.89,19785
-376.68,29.39,19798
-431.08,35.49,19809
-427.58,38.53,19821
-412.18,35.73,19832
-404.42,32.46,19845
-365.90,31.53,19856
-402.34,35.15,19867
-441.50,37.82,19879
-416.54,35.02,19891
-412.59,29.97,19903
-385.90,27.99,19914
-380.39,31.80,19927
-433.29,36.48,19938
-429.26,37.49,19950
-402.88,33.62,19961
-370.68,30.93,19974
-404.12,33.02,19985
-436.90,36.67,19997
-416.34,37.82,20008
-415.30,33.68,20021
-384.16,28.42,20032
-378.03,28.64,20043
-435.59,33.14,20056
-429.02,36.89,20067
-413.07,36.15,20079
-404.27,32.05,20090
-366.68,30.85,20103
-403.75,35.06,20114
-439.07,38.62,20126
-414.76,37.74,20137
-409.74,32.56,20150
-384.98,27.90,20161
-381.77,30.03,20173
-433.12,34.77,20185
-429.82,36.56,20196
-413.32,34.57,20208
-400.32,30.70,20219
-371.91,31.40,20232
-407.06,36.29,20243
-433.82,38.75,20255
-415.79,37.13,20267
-412.43,30.98,20279
-379.70,28.10,20290
-383.37,31.84,20302
-433.58,35.39,20314
-425.36,36.43,20326
-416.12,32.69,20337
-401.12,29.59,20349
-410.74,32.89,20361
-439.07,37.37,20372
-412.03,38.54,20384
-410.69,35.14,20396
-382.02,29.89,20408
-381.58,29.23,20419
-436.10,33.85,20431
-424.50,36.01,20443
-412.35,35.36,20455
-401.85,31.46,20466
-371.80,29.33,20478
-410.29,34.61,20490
-432.60,38.43,20502
-414.15,38.25,20513
-414.41,34.48,20526
-379.16,29.42,20537
-381.05,31.15,20548
-434.03,35.12,20560
-426.55,35.47,20572
-417.46,33.13,20584
-401.88,29.10,20595
-366.51,30.02,20608
-413.25,36.48,20619
-437.01,39.42,20631
-413.62,37.75,20642
-408.91,33.18,20655
-375.08,29.38,20666
-384.67,32.68,20678
-439.94,35.66,20689
-423.80,34.30,20701
-414.60,31.14,20713
-401.90,28.75,20724
-370.31,31.89,20737
-433.84,38.22,20748
-409.59,39.11,20760
-413.27,35.65,20771
-378.08,31.50,20784
-383.40,29.88,20795
-436.62,34.11,20807
-425.04,35.93,20818
-417.75,33.46,20831
-400.14,29.91,20842
-368.62,28.50,20854
-415.17,34.26,20866
-434.42,39.47,20877
-413.49,38.74,20889
-412.07,34.55,20900
-372.04,30.40,20913
-385.96,31.67,20924
-440.48,35.61,20936
-423.41,35.99,20947
-415.11,31.82,20960
-399.83,28.81,20971
-368.66,30.05,20983
-419.35,35.37,20995
-437.95,39.68,21007
-407.70,37.11,21018
-410.46,32.44,21030
-380.24,29.99,21042
-387.93,32.44,21053
-437.25,36.43,21065
-422.43,35.22,21076
-417.40,31.17,21089
-399.18,28.52,21100
-370.65,31.37,21112
-419.46,37.00,21124
-412.79,38.55,21136
-412.80,35.41,21147
-373.25,30.83,21159
-386.70,30.94,21171
-439.55,34.80,21183
-422.34,37.12,21194
-415.67,35.17,21206
-399.36,30.01,21218
-366.38,28.80,21229
-417.42,33.23,21241
-439.57,37.17,21253
-414.22,37.52,21265
-408.30,32.76,21276
-374.23,30.21,21288
-388.40,33.12,21300
-438.47,36.87,21312
-420.85,37.47,21323
-413.47,33.34,21336
-394.05,28.97,21347
-371.62,29.54,21359
-424.35,34.53,21370
-432.43,37.35,21382
-411.87,35.98,21394
-412.92,31.93,21405
-373.93,30.47,21417
-387.20,34.91,21429
-439.06,37.74,21441
-418.07,36.78,21452
-412.30,31.96,21465
-397.98,27.94,21476
-370.46,31.02,21488
-418.10,35.56,21499
-438.05,36.87,21512
-408.27,34.61,21523
-375.20,30.58,21535
-389.49,31.69,21547
-437.10,36.82,21558
-422.52,38.06,21570
-412.77,35.69,21581
-391.90,30.34,21594
-374.42,27.96,21605
-425.54,32.57,21617
-432.36,36.04,21628
-414.48,36.15,21641
-410.14,33.01,21652
-372.82,30.30,21664
-392.42,33.69,21676
-437.08,37.75,21688
-419.23,37.57,21699
-412.67,33.80,21710
-394.89,29.06,21723
-374.26,29.25,21734
-423.00,34.54,21746
-434.50,36.46,21757
-415.69,34.71,21770
-408.59,31.32,21781
-372.55,29.97,21793
-393.65,35.59,21805
-437.32,38.73,21817
-418.18,37.35,21828
-413.54,32.35,21840
-391.11,27.97,21852
-374.11,30.80,21864
-427.49,35.31,21875
-432.72,36.58,21886
-413.76,33.61,21899
-372.66,30.49,21910
-395.87,31.72,21922
-437.22,36.90,21934
-418.92,38.71,21946
-413.20,35.49,21957
-390.98,30.65,21969
-375.28,28.30,21981
-425.28,32.40,21993
-432.94,36.41,22004
-415.57,35.60,22017
-407.94,32.56,22028
-370.48,29.72,22039
-395.63,33.21,22051
-440.14,37.93,22063
-418.70,37.93,22075
-413.24,34.18,22086
-388.55,29.63,22098
-371.25,30.27,22110
-428.78,34.77,22122
-434.14,36.43,22133
-411.64,34.32,22146
-407.79,30.53,22157
-373.57,29.93,22169
-398.86,34.89,22180
-435.64,38.56,22192
-416.66,37.71,22204
-414.24,32.60,22215
-389.81,29.27,22227
-375.20,31.54,22239
-426.11,35.90,22251
-430.36,36.50,22262
-414.48,32.70,22275
-408.61,29.24,22286
-397.60,30.80,22298
-435.90,36.42,22309
-418.89,39.04,22322
-414.91,36.43,22333
-383.76,31.49,22344
-372.35,29.22,22356
-432.31,33.33,22368
-431.45,36.56,22380
-413.98,35.24,22391
-406.12,31.36,22404
-367.14,28.63,22415
-403.81,32.93,22427
-441.97,37.61,22438
-412.31,38.49,22451
-409.99,35.34,22462
-388.80,30.62,22474
-376.01,30.99,22486
-429.00,34.76,22497
-429.32,36.14,22509
-413.99,33.89,22520
-409.75,29.91,22533
-373.40,29.23,22544
-400.80,34.61,22556
-434.87,38.58,22567
-415.70,37.91,22580
-416.31,33.62,22591
-385.41,29.69,22603
-371.67,31.86,22615
-430.36,35.94,22627
-432.12,35.60,22638
-416.46,32.04,22649
-406.62,28.71,22662
-366.95,30.04,22673
-403.42,36.51,22685
-413.16,38.98,22696
-408.51,36.88,22709
-385.65,32.27,22720
-377.70,29.64,22732
-429.91,33.59,22744
-429.22,35.96,22756
-413.39,34.80,22767
-406.30,31.03,22779
-374.47,28.75,22791
-401.69,32.71,22802
-433.79,37.72,22814
-417.72,38.78,22825
-414.33,34.80,22838
-383.20,30.74,22849
-376.32,30.90,22861
-429.48,34.97,22873
-428.08,36.97,22885
-418.23,33.98,22896
-404.73,29.72,22908
-365.43,28.82,22920
-406.93,33.68,22932
-441.63,38.24,22943
-414.72,37.33,22955
-413.00,33.39,22967
-379.66,30.63,22978
-376.26,33.30,22990
-437.88,36.85,23002
-426.72,36.21,23014
-408.49,32.17,23025
-407.25,28.24,23037
-372.36,30.02,23049
-407.41,35.43,23061
-438.17,38.28,23072
-412.08,36.61,23085
-385.98,31.81,23096
-378.76,30.76,23107
-427.87,34.45,23119
-426.10,37.30,23131
-418.06,36.07,23143
-405.36,31.01,23154
-367.41,27.98,23166
-408.76,31.33,23178
-438.31,36.30,23190
-417.62,37.66,23201
-417.60,34.43,23214
-376.29,30.68,23225
-372.79,31.96,23237
-439.55,36.71,23248
-428.79,37.91,23260
-408.78,34.61,23272
-402.09,29.79,23283
-369.45,28.27,23296
-412.60,33.00,23307
-442.91,36.34,23319
-412.74,36.16,23330
-409.24,33.04,23343
-385.79,30.48,23354
-382.01,34.26,23366
-431.03,37.78,23377
-422.49,37.43,23389
-413.56,33.27,23401
-405.52,28.41,23412
-372.94,29.61,23425
-408.15,34.18,23436
-436.69,36.34,23448
-417.80,34.64,23459
-417.87,30.99,23472
-375.92,30.96,23483
-433.20,35.99,23495
-428.72,39.05,23506
-412.72,36.99,23519
-397.75,31.33,23530
-369.88,27.60,23542
-415.44,30.75,23554
-442.27,35.49,23565
-415.97,35.88,23577
-407.72,33.38,23588
-379.39,30.35,23601
-387.50,32.42,23612
-434.68,37.52,23624
-417.00,38.60,23635
-410.83,35.82,23648
-405.43,30.24,23659
-372.95,28.20,23671
-412.82,32.34,23683
-435.49,35.65,23694
-415.53,35.68,23706
-417.74,31.99,23717
-380.22,30.13,23730
-377.36,34.19,23741
-430.66,38.45,23753
-426.29,38.42,23764
-417.03,33.49,23777
-396.53,28.56,23788
-366.15,29.30,23800
-417.71,34.15,23812
-440.87,36.38,23824
-417.13,34.36,23835
-411.06,30.98,23846
-371.70,30.80,23859
-440.26,36.04,23870
-420.34,38.86,23882
-408.35,37.07,23894
-398.90,32.17,23906
-373.16,28.53,23917
-418.82,31.40,23929
-434.82,35.40,23941
-409.52,35.86,23953
-413.89,33.43,23964
-382.38,30.35,23976
-383.20,32.08,23988
-431.58,37.13,23999
-419.58,38.88,24011
-416.03,35.59,24023
-401.97,30.27,24035
-367.16,28.68,24046
-413.41,32.77,24058
-436.53,36.61,24070
-418.44,35.96,24082
-413.30,31.72,24093
-371.76,29.82,24105
-383.09,33.57,24117
-438.76,38.05,24129
-424.07,38.24,24140
-411.56,33.53,24152
-391.54,29.84,24164
-368.87,30.69,24175
-423.01,34.96,24187
-438.46,36.69,24199
-407.32,34.03,24211
-407.81,30.20,24222
-380.72,29.61,24235
-392.16,34.66,24246
-416.87,38.05,24258
-412.29,37.33,24269
-399.79,32.78,24282
-373.31,29.51,24293
-413.76,32.73,24304
-430.89,36.01,24316
-419.60,36.38,24328
-416.67,33.00,24340
-371.39,29.09,24351
-384.97,31.18,24364
-439.67,36.01,24375
-424.06,38.18,24387
-418.39,35.44,24398
-391.34,30.96,24411
-363.44,30.48,24422
-424.53,34.48,24434
-439.87,37.36,24445
-411.45,35.03,24457
-409.62,30.44,24469
-376.71,28.45,24480
-393.96,32.27,24493
-441.77,37.26,24504
-416.31,37.48,24516
-409.06,34.19,24527
-399.62,30.88,24540
-373.47,31.94,24551
-417.51,36.16,24563
-431.16,37.06,24574
-415.70,33.52,24587
-415.46,28.99,24598
-375.43,28.83,24609
-389.13,34.39,24622
-435.59,38.73,24633
-420.55,37.90,24645
-389.89,32.88,24656
-364.00,29.93,24669
-425.03,33.00,24680
-438.84,36.54,24692
-412.92,36.27,24704
-408.91,32.00,24716
-373.11,28.45,24727
-395.41,30.93,24739
-443.91,36.58,24751
-415.56,38.61,24762
-407.12,36.05,24774
-393.83,31.44,24785
-374.39,29.91,24798
-423.84,34.16,24809
-430.11,36.87,24821
-410.00,35.22,24833
-415.26,31.36,24845
-376.67,28.17,24856
-388.56,32.03,24868
-435.76,37.22,24880
-420.85,37.74,24892
-416.51,34.45,24903
-392.82,30.50,24914
-366.07,31.84,24927
-419.93,36.16,24938
-438.83,36.94,24950
-417.20,33.68,24962
-406.59,29.15,24974
-369.82,29.13,24985
-396.04,34.00,24997
-442.94,37.99,25009
-420.42,37.01,25021
-407.52,32.84,25032
-375.36,30.67,25044
-426.46,33.18,25056
-428.82,37.05,25067
-410.83,36.34,25079
-412.93,32.13,25091
-378.12,28.97,25103
-396.46,30.83,25114
-432.09,35.71,25126
-417.10,38.07,25138
-416.79,35.27,25150
-392.74,31.19,25161
-372.19,30.38,25174
-419.22,34.59,25185
-431.64,38.02,25197
-417.98,36.36,25208
-407.74,31.30,25220
-369.85,28.65,25232
-395.52,32.26,25243
-440.25,36.40,25255
-420.36,37.24,25267
-413.59,33.31,25279
-385.60,29.73,25290
-374.90,31.93,25303
-429.71,36.02,25314
-429.64,38.29,25326
-411.76,35.22,25337
-406.39,30.03,25350
-371.03,29.70,25361
-402.92,33.13,25372
-440.14,36.46,25384
-415.95,35.66,25396
-415.98,31.43,25408
-393.28,29.93,25419
-372.62,33.62,25432
-427.55,38.14,25443
-415.25,38.32,25455
-411.75,33.89,25466
-367.88,29.17,25479
-394.77,30.24,25490
-441.97,34.47,25502
-420.42,36.11,25513
-417.65,33.91,25525
-387.24,30.35,25537
-369.02,30.81,25548
-428.36,35.94,25561
-433.08,38.74,25572
-410.98,37.10,25584
-403.25,31.81,25595
-370.33,28.77,25608
-402.15,32.29,25619
-441.88,35.96,25631
-416.06,35.86,25643
-411.93,32.32,25655
-390.14,29.45,25666
-376.33,32.01,25677
-427.22,37.29,25690
-424.86,38.98,25701
-409.56,35.83,25713
-408.24,31.03,25724
-373.14,29.54,25737
-397.41,33.25,25748
-437.37,36.42,25760
-420.62,34.58,25772
-416.28,30.77,25784
-388.62,28.96,25795
-371.67,33.55,25807
-426.01,38.98,25819
-412.26,39.13,25830
-400.40,34.28,25842
-370.36,29.77,25853
-404.46,30.72,25866
-439.66,34.51,25877
-419.33,36.15,25889
-412.03,33.58,25901
-386.47,29.81,25913
-379.14,30.44,25924
-426.93,35.06,25936
-424.45,39.05,25948
-413.27,37.66,25960
-406.54,32.25,25971
-370.13,29.57,25982
-402.04,32.04,25995
-436.60,35.75,26006
-420.49,36.18,26018
-418.47,31.63,26030
-385.68,28.85,26042
-373.07,31.41,26053
-427.01,36.72,26065
-431.66,39.23,26077
-416.10,35.99,26089
-400.83,30.86,26100
-369.39,29.98,26113
-405.16,33.76,26124
-439.62,36.20,26135
-417.43,34.84,26147
-414.25,30.28,26159
-383.76,28.62,26171
-379.78,33.64,26182
-432.03,38.02,26194
-423.72,38.64,26206
-411.17,34.34,26218
-370.29,29.46,26229
-404.79,30.88,26242
-439.09,34.69,26253
-413.85,36.68,26265
-415.96,34.46,26276
-388.95,29.93,26288
-376.60,29.82,26300
-428.14,34.67,26311
-428.76,37.95,26323
-414.07,37.26,26335
-405.57,32.49,26347
-368.05,29.31,26358
-403.26,32.97,26371
-441.29,36.60,26382
-419.30,36.20,26394
-413.80,32.54,26405
-382.96,28.54,26418
-376.74,30.87,26429
-434.47,36.37,26440
-429.85,38.11,26452
-410.75,36.36,26464
-399.85,31.34,26476
-370.58,30.42,26487
-408.55,34.30,26500
-437.59,36.09,26511
-415.45,35.08,26523
-414.73,30.81,26534
-385.94,28.91,26547
-380.61,33.40,26558
-429.79,37.63,26570
-424.78,37.96,26582
-415.86,33.86,26593
-406.16,29.80,26605
-403.20,31.34,26616
-440.69,35.74,26629
-419.89,36.96,26640
-417.94,33.94,26652
-381.42,29.79,26663
-374.57,29.34,26676
-434.95,34.88,26687
-429.84,38.04,26699
-411.18,36.66,26711
-399.66,32.30,26723
-370.32,29.48,26734
-409.76,33.28,26745
-439.02,36.82,26758
-414.12,36.29,26769
-410.33,32.50,26781
-384.73,28.79,26792
-383.80,31.31,26805
-431.17,36.51,26816
-421.14,38.36,26828
-414.42,35.75,26840
-403.29,30.44,26852
-370.18,29.68,26863
-407.04,33.81,26875
-434.96,37.00,26887
-416.39,36.26,26898
-417.05,31.46,26910
-378.73,29.16,26921
-376.87,32.68,26934
-434.52,37.25,26945
-427.58,37.47,26957
-414.38,33.56,26969
-401.05,29.73,26981
-365.40,31.32,26992
-441.04,36.11,27004
-413.54,37.26,27016
-411.72,34.54,27028
-380.32,29.78,27039
-383.50,29.23,27051
-435.98,34.28,27063
-423.62,37.25,27074
-414.45,36.68,27086
-402.52,32.37,27098
-368.18,29.82,27110
-411.54,33.41,27121
-437.08,36.79,27133
-414.18,36.57,27145
-418.16,32.51,27157
-381.78,28.71,27168
-379.53,31.01,27181
-436.04,36.17,27192
-425.54,37.75,27203
-413.88,35.08,27215
-403.12,30.87,27227
-366.55,30.22,27239
-410.15,35.00,27250
-439.87,37.87,27262
-415.17,35.99,27274
-411.54,31.43,27286
-379.28,28.29,27297
-385.12,32.22,27310
-437.47,36.47,27321
-425.25,36.66,27333
-413.11,33.65,27344
-398.97,30.42,27356
-369.34,32.47,27368
-412.93,37.12,27379
-434.65,37.27,27392
-415.55,34.06,27403
-382.17,29.30,27415
-384.06,28.40,27426
-436.12,33.61,27439
-426.17,37.31,27450
-413.02,36.28,27462
-399.18,32.75,27473
-368.54,30.38,27486
-411.30,33.85,27497
-435.71,37.93,27508
-414.51,36.52,27521
-412.79,32.35,27532
-379.23,28.69,27544
-385.62,30.16,27555
-437.92,35.78,27568
-421.52,37.59,27579
-413.46,35.07,27591
-398.11,31.71,27602
-367.30,31.07,27615
-414.98,35.26,27626
-436.35,38.25,27638
-411.63,35.50,27650
-414.02,30.65,27661
-380.08,28.25,27673
-384.55,31.69,27684
-436.21,37.16,27697
-425.25,37.56,27708
-411.64,34.03,27720
-396.47,31.07,27731
-368.41,32.36,27744
-415.53,36.49,27755
-435.02,37.59,27767
-413.86,33.48,27779
-377.23,29.33,27790
-386.97,29.52,27802
-438.01,33.93,27813
-420.73,38.29,27826
-415.33,36.73,27837
-398.78,32.04,27849
-367.30,30.11,27860
-415.40,32.96,27873
-436.41,37.38,27884
-415.01,36.78,27896
-411.69,32.24,27908
-375.02,29.20,27920
-388.03,30.98,27931
-438.63,35.87,27942
-423.57,37.70,27955
-412.54,34.82,27966
-395.13,30.62,27978
-371.00,30.83,27990
-418.74,34.97,28002
-434.96,37.61,28013
-412.89,36.10,28025
-412.63,30.44,28037
-377.86,28.50,28049
-390.28,32.82,28060
-439.36,36.30,28072
-418.83,37.80,28084
-411.47,33.77,28095
-397.28,30.09,28107
-370.51,32.67,28119
-416.56,35.67,28131
-435.19,37.04,28142
-414.83,34.23,28154
-413.18,29.32,28166
-376.45,30.25,28178
-437.81,35.02,28189
-422.24,37.47,28201
-413.63,36.21,28213
-394.65,31.40,28225
-369.97,29.04,28236
-422.26,33.31,28248
-437.28,36.85,28260
-412.39,36.51,28271
-409.36,33.13,28283
-377.85,29.03,28295
-390.47,31.63,28307
-437.14,36.48,28318
-420.12,37.02,28331
-413.58,34.77,28342
-395.55,30.00,28354
-372.80,29.53,28365
-421.07,34.84,28378
-432.06,37.46,28389
-415.41,36.22,28400
-412.78,32.11,28412
-371.97,29.29,28424
-390.62,33.25,28436
-437.05,37.47,28447
-419.89,36.46,28460
-416.45,32.69,28471
-392.06,28.79,28483
-369.07,30.87,28494
-425.17,36.59,28507
-435.79,37.23,28518
-411.34,34.64,28530
-407.40,30.62,28541
-371.74,29.96,28553
-393.27,35.44,28565
-419.38,37.45,28576
-411.48,35.57,28589
-394.53,30.79,28600
-374.43,28.49,28612
-424.07,32.24,28623
-430.78,37.08,28636
-411.63,37.47,28647
-410.62,33.81,28659
-373.95,30.54,28670
-391.85,31.75,28683
-436.20,36.33,28694
-420.85,37.20,28705
-417.37,33.83,28718
-391.40,29.58,28729
-369.95,29.50,28741
-423.98,34.59,28752
-433.18,38.04,28765
-416.12,36.29,28776
-407.00,32.04,28788
-368.38,30.25,28800
-396.17,33.54,28812
-441.13,37.05,28823
-419.22,36.39,28835
-411.09,31.82,28847
-392.97,28.64,28858
-373.88,31.21,28870
-426.72,36.06,28881
-431.88,37.65,28894
-410.09,34.81,28905
-408.71,30.99,28917
-375.79,30.97,28929
-394.49,35.24,28941
-437.90,37.58,28952
-418.51,35.49,28964
-394.55,30.56,28976
-375.81,28.50,28988
-419.89,32.69,28999
-432.82,37.01,29010
-416.77,37.72,29023
-404.30,33.44,29034
-373.51,29.87,29046
-397.89,32.12,29058
-436.20,36.41,29070
-421.94,37.55,29081
-413.82,34.20,29093
-386.49,29.75,29105
-374.31,29.78,29117
-428.10,34.44,29128
-432.74,37.21,29140
-413.35,35.68,29152
-406.11,31.61,29163
-372.67,29.73,29175
-398.30,34.00,29187
-438.33,37.92,29199
-418.81,37.15,29210
-411.73,32.82,29222
-389.59,28.58,29234
-377.75,30.74,29246
-426.58,35.06,29257
-429.59,36.61,29270
-415.90,34.58,29281
-406.67,30.80,29293
-370.68,31.21,29304
-400.07,35.92,29316
-434.69,38.30,29328
-415.68,36.25,29339
-416.58,30.83,29351
-373.07,28.38,29363
-430.70,31.92,29375
-431.63,36.35,29386
-412.49,36.57,29399
-408.47,32.73,29410
-369.95,29.66,29422
-397.02,32.02,29433
-438.32,37.64,29446
-416.77,38.62,29457
-411.52,35.13,29468
-387.58,30.11,29480
-377.07,28.61,29492
-426.96,33.42,29504
-431.65,35.91,29515
-413.12,35.32,29528
-405.82,31.93,29539
-370.58,29.73,29551
-400.09,34.82,29562
-436.04,38.52,29575
-416.30,37.84,29586
-413.50,33.45,29598
-387.03,28.39,29609
-376.48,30.35,29621
-429.65,34.48,29633
-431.77,35.99,29644
-416.76,34.14,29657
-406.75,30.81,29668
-369.50,31.09,29680
-399.56,36.47,29691
-436.31,38.86,29704
-416.82,36.26,29715
-414.46,31.84,29727
-386.68,28.25,29739
-430.39,31.88,29751
-431.01,36.10,29762
-413.64,35.20,29773
-404.80,32.60,29786
-370.56,29.99,29797
-400.70,32.69,29809
-437.82,38.34,29820
-415.09,38.79,29833
-410.87,35.21,29844
-387.14,29.90,29856
-378.59,28.76,29868
-429.64,33.41,29880
-427.99,36.19,29891
-415.85,35.00,29903
-407.62,31.49,29915
-370.46,29.69,29926
-401.18,33.99,29938
-436.24,38.76,29949
-413.98,38.19,29962
-415.83,33.45,29973
-385.48,29.54,29985
-375.29,30.67,29997
-431.37,34.92,30009
-430.62,36.56,30020
-414.40,33.40,30032
-403.68,29.86,30044
-371.02,30.13,30056
-403.68,35.08,30067
-437.47,38.66,30078
-418.58,36.94,30091
-411.76,32.24,30102
-381.52,29.63,30114
-380.18,32.71,30126
-432.80,36.50,30138
-415.97,35.63,30149
-407.21,31.83,30161
-366.34,29.26,30173
-407.84,31.89,30185
-437.60,37.08,30196
-414.40,38.47,30208
-417.42,35.35,30220
-384.19,30.66,30231
-372.47,30.35,30243
-433.28,34.51,30255
-432.30,37.24,30267
-411.62,35.14,30278
-403.95,30.07,30290
-373.64,28.75,30302
-404.93,32.53,30314
-438.92,37.62,30325
-416.73,37.49,30338
-412.14,33.66,30349
-381.95,30.52,30360
-380.19,31.94,30372
-431.74,36.20,30384
-424.30,36.98,30396
-415.57,33.39,30407
-406.02,29.00,30419
-369.41,29.48,30431
-408.38,34.37,30443
-434.65,38.14,30454
-414.49,37.19,30467
-416.19,32.54,30478
-381.91,29.93,30490
-374.72,33.58,30501
-431.88,36.88,30513
-428.28,36.71,30525
-405.89,31.97,30536
-367.02,28.02,30548
-407.26,30.60,30560
-441.35,35.89,30572
-414.35,37.90,30583
-409.20,35.33,30596
-382.65,31.51,30607
-378.85,31.19,30619
-432.77,35.37,30630
-428.23,37.66,30643
-409.58,35.53,30654
-403.03,30.90,30665
-373.70,28.30,30678
-405.85,31.81,30689
-439.56,36.53,30701
-416.42,36.85,30712
-409.72,33.61,30725
-386.51,30.58,30736
-379.44,32.39,30748
-427.74,37.16,30759
-426.20,37.54,30772
-415.84,34.25,30783
-403.86,29.39,30795
-371.56,28.76,30807
-406.97,33.72,30818
-439.03,36.96,30830
-418.06,36.20,30841
-413.42,31.92,30854
-380.47,30.50,30865
-378.04,33.98,30877
-432.02,38.10,30888
-429.61,37.16,30901
-413.87,31.84,30912
-399.48,28.85,30924
-411.14,30.25,30936
-437.95,35.57,30948
-417.53,36.87,30959
-410.55,33.68,30970
-381.20,30.38,30983
-384.37,30.77,30994
-431.54,35.56,31006
-422.22,39.03,31017
-414.05,36.72,31030
-401.79,31.72,31041
-370.83,28.73,31053
