998456.00
-253874.00
-253241.00,-2.36,1134
-254742.00,-2.60,1136
-255059.00,-2.88,1147
-253270.00,-3.14,1160
-253104.00,-3.58,1171
-253623.00,-3.80,1183
-254973.00,-3.59,1195
-254597.00,-3.31,1207
-252570.00,-2.90,1218
-253257.00,-2.57,1230
-255317.00,-2.48,1242
-255348.00,-2.35,1254
-254416.00,-2.39,1265
-253667.00,-2.63,1276
-253472.00,-2.90,1289
-254667.00,-3.23,1300
-254709.00,-3.44,1312
-253856.00,-3.55,1324
-252906.00,-3.56,1336
-253175.00,-3.45,1347
-254644.00,-3.27,1359
-254282.00,-2.89,1371
-253387.00,-2.39,1383
-254325.00,-2.18,1394
-254641.00,-2.29,1406
-254682.00,-2.45,1418
-254415.00,-2.56,1430
-253418.00,-2.84,1441
-253494.00,-3.28,1453
-253822.00,-3.45,1465
-254216.00,-3.51,1476
-253785.00,-3.50,1488
-252961.00,-3.23,1500
-253861.00,-2.94,1512
-254733.00,-2.76,1523
-254556.00,-2.51,1536
-253758.00,-2.44,1547
-253741.00,-2.52,1559
-254703.00,-2.56,1570
-254601.00,-2.78,1583
-253219.00,-2.99,1594
-253273.00,-3.17,1605
-254091.00,-3.36,1617
-254489.00,-3.35,1629
-254341.00,-3.33,1641
-253448.00,-3.21,1652
-253758.00,-2.88,1665
-254676.00,-2.59,1676
-254533.00,-2.44,1688
-253593.00,-2.38,1699
-253681.00,-2.45,1712
-254060.00,-2.72,1723
-253790.00,-2.98,1735
-254532.00,-3.15,1746
-254228.00,-3.40,1758
-252801.00,-3.46,1770
-253816.00,-3.51,1781
-255111.00,-3.46,1794
-254326.00,-3.04,1805
-253850.00,-2.77,1817
-253635.00,-2.60,1828
-253962.00,-2.48,1841
-254923.00,-2.57,1852
-254279.00,-2.53,1864
-253324.00,-2.56,1875
-253986.00,-2.82,1888
-254480.00,-3.00,1899
-254177.00,-3.13,1910
-253257.00,-3.30,1923
-252908.00,-3.45,1934
-254265.00,-3.52,1946
-253723.00,-3.30,1957
-253945.00,-2.96,1970
-254109.00,-2.75,1981
-254278.00,-2.48,1993
-254610.00,-2.32,2004
-254478.00,-2.43,2017
-253707.00,-2.66,2028
-254048.00,-2.82,2040
-254425.00,-2.91,2052
-253589.00,-3.18,2063
-253022.00,-3.47,2075
-253368.00,-3.52,2086
-253979.00,-3.60,2099
-254136.00,-3.46,2110
-253950.00,-3.08,2122
-253819.00,-2.71,2134
-253711.00,-2.34,2146
-254561.00,-2.08,2157
-254845.00,-2.07,2169
-254135.00,-2.30,2181
-253972.00,-2.59,2193
-254063.00,-2.98,2204
-253907.00,-3.34,2215
-253734.00,-3.46,2228
-253571.00,-3.70,2239
-253532.00,-3.65,2251
-253634.00,-3.46,2263
-254154.00,-3.15,2275
-253901.00,-2.75,2286
-253527.00,-2.37,2298
-254437.00,-2.17,2310
-254906.00,-2.21,2322
-253917.00,-2.42,2333
-254792.00,-2.69,2345
-254303.00,-2.92,2357
-253932.00,-3.27,2368
-253902.00,-3.37,2380
-252882.00,-3.49,2392
-253271.00,-3.65,2404
-254717.00,-3.51,2415
-254636.00,-3.00,2427
-253707.00,-2.60,2439
-253818.00,-2.46,2451
-254727.00,-2.37,2462
-254541.00,-2.42,2475
-254126.00,-2.51,2486
-254187.00,-2.69,2498
-253838.00,-2.98,2509
-253708.00,-3.24,2521
-254557.00,-3.43,2533
-253762.00,-3.39,2544
-252948.00,-3.28,2556
-253629.00,-3.18,2568
-254455.00,-3.12,2580
-254700.00,-2.77,2591
-253880.00,-2.38,2604
-253230.00,-2.30,2615
-253470.00,-2.39,2627
-255049.00,-2.58,2638
-255068.00,-2.84,2651
-253633.00,-3.02,2662
-253207.00,-3.25,2673
-254169.00,-3.51,2685
-254284.00,-3.51,2697
-254366.00,-3.28,2709
-252705.00,-2.99,2720
-253802.00,-2.79,2733
-255652.00,-2.72,2744
-254031.00,-2.54,2756
-252548.00,-2.48,2767
-253801.00,-2.60,2780
-254793.00,-2.82,2791
-254602.00,-3.05,2803
-254095.00,-3.08,2814
-253087.00,-3.25,2826
-253173.00,-3.41,2838
-254417.00,-3.42,2849
-254661.00,-3.19,2862
-253883.00,-2.91,2873
-252795.00,-2.71,2885
-253142.00,-2.67,2896
-255232.00,-2.65,2909
-254927.00,-2.63,2920
-253539.00,-2.62,2932
-253370.00,-2.79,2944
-254195.00,-3.06,2956
-255086.00,-3.30,2967
-254310.00,-3.13,2978
-253020.00,-3.08,2991
-252982.00,-3.24,3002
-254263.00,-3.23,3014
-255052.00,-3.10,3025
-254208.00,-2.74,3038
-253208.00,-2.66,3049
-253411.00,-2.67,3061
-254770.00,-2.66,3073
-255585.00,-2.61,3085
-253802.00,-2.65,3096
-252605.00,-2.91,3108
-254352.00,-3.20,3120
-254240.00,-3.39,3131
-253689.00,-3.44,3143
-253257.00,-3.26,3154
-253097.00,-3.02,3167
-254510.00,-2.87,3178
-255110.00,-2.68,3190
-253740.00,-2.56,3202
-253306.00,-2.52,3214
-254378.00,-2.73,3225
-254967.00,-3.05,3237
-253955.00,-3.04,3249
-253036.00,-3.03,3261
-253271.00,-3.11,3272
-253833.00,-3.18,3283
-254832.00,-3.31,3296
-253942.00,-3.27,3307
-252746.00,-3.05,3319
-253303.00,-2.87,3331
-254806.00,-2.84,3343
-255340.00,-2.60,3354
-253949.00,-2.43,3366
-253837.00,-2.43,3378
-254029.00,-2.61,3390
-254745.00,-2.82,3401
-254927.00,-3.02,3414
-253494.00,-3.20,3425
-253005.00,-3.47,3436
-254275.00,-3.64,3448
-254379.00,-3.52,3460
-253373.00,-3.25,3472
-253456.00,-3.01,3483
-253578.00,-2.83,3495
-255024.00,-2.57,3507
-254097.00,-2.40,3519
-253318.00,-2.33,3530
-254121.00,-2.42,3543
-254602.00,-2.77,3554
-254283.00,-2.94,3566
-253737.00,-3.19,3577
-253279.00,-3.43,3589
-253761.00,-3.55,3601
-254021.00,-3.38,3612
-253879.00,-3.29,3624
-253951.00,-2.96,3636
-253792.00,-2.70,3648
-254185.00,-2.56,3659
-254349.00,-2.44,3672
-254300.00,-2.47,3683
-254252.00,-2.56,3695
-254293.00,-2.75,3706
-254320.00,-3.00,3719
-254019.00,-3.16,3730
-253640.00,-3.30,3741
-253297.00,-3.32,3753
-253303.00,-3.29,3765
-253642.00,-3.21,3777
-254133.00,-3.00,3788
-253916.00,-2.73,3801
-253653.00,-2.52,3812
-254347.00,-2.48,3824
-254675.00,-2.41,3835
-254017.00,-2.52,3848
-253865.00,-2.74,3859
-253977.00,-2.84,3871
-254091.00,-3.19,3883
-254435.00,-3.46,3894
-253490.00,-3.52,3906
-254079.00,-3.46,3917
-254085.00,-3.27,3930
-253702.00,-2.95,3941
-253979.00,-2.55,3953
-253827.00,-2.41,3964
-254170.00,-2.39,3977
-254593.00,-2.46,3988
-254195.00,-2.48,4000
-254008.00,-2.70,4012
-253640.00,-2.93,4024
-254097.00,-3.24,4035
-254122.00,-3.31,4046
-253401.00,-3.36,4059
-253297.00,-3.37,4070
-253757.00,-3.25,4082
-254638.00,-2.93,4093
-254535.00,-2.58,4106
-253684.00,-2.36,4117
-253774.00,-2.35,4129
-254746.00,-2.49,4141
-254700.00,-2.67,4153
-253964.00,-2.93,4164
-253762.00,-3.17,4176
-253771.00,-3.42,4188
-253998.00,-3.49,4199
-254279.00,-3.39,4211
-253615.00,-3.31,4222
-253264.00,-3.10,4235
-254173.00,-2.82,4246
-254592.00,-2.48,4258
-253950.00,-2.30,4270
-253690.00,-2.39,4282
-254136.00,-2.51,4293
-254204.00,-2.71,4305
-254298.00,-2.94,4317
-254090.00,-3.19,4329
-253366.00,-3.48,4340
-253518.00,-3.54,4352
-254389.00,-3.58,4364
-253927.00,-3.51,4375
-253609.00,-3.18,4387
-253859.00,-2.84,4399
-254476.00,-2.47,4411
-254595.00,-2.20,4422
-254198.00,-2.19,4434
-253842.00,-2.29,4446
-254018.00,-2.61,4458
-254652.00,-3.13,4469
-254423.00,-3.58,4482
-253623.00,-3.72,4493
-253801.00,-3.68,4504
-253777.00,-3.55,4516
-253700.00,-3.26,4528
-254101.00,-2.97,4540
-254351.00,-2.61,4551
-254047.00,-2.41,4563
-254791.00,-2.22,4575
-254943.00,-2.25,4587
-253649.00,-2.50,4598
-253421.00,-2.72,4611
-254199.00,-3.18,4622
-254360.00,-3.60,4634
-253888.00,-3.61,4645
-253464.00,-3.57,4658
-253141.00,-3.36,4669
-254491.00,-3.08,4680
-254729.00,-2.72,4692
-253951.00,-2.34,4704
-253971.00,-2.14,4716
-254422.00,-2.16,4727
-255308.00,-2.40,4740
-255093.00,-2.71,4751
-253511.00,-2.96,4763
-253046.00,-3.25,4774
-254181.00,-3.54,4787
-254743.00,-3.62,4798
-253619.00,-3.48,4810
-253052.00,-3.24,4822
-253875.00,-3.05,4833
-254742.00,-2.91,4845
-254248.00,-2.59,4856
-253945.00,-2.30,4869
-253772.00,-2.21,4880
-253824.00,-2.39,4892
-255391.00,-2.64,4903
-254794.00,-2.86,4916
-252777.00,-3.28,4927
-252992.00,-3.67,4939
-254200.00,-3.77,4951
-254308.00,-3.69,4963
-254220.00,-3.23,4974
-253624.00,-2.80,4985
-253094.00,-2.45,4998
-254487.00,-2.19,5009
-255198.00,-2.11,5021
-254491.00,-2.21,5032
-253380.00,-2.43,5045
-253494.00,-2.78,5056
-254917.00,-3.19,5068
-252694.00,-3.52,5080
-252918.00,-3.73,5092
-253588.00,-3.83,5103
-254385.00,-3.79,5115
-254696.00,-3.44,5127
-253469.00,-2.86,5138
-253429.00,-2.33,5150
-254831.00,-2.14,5161
-255295.00,-2.08,5174
-254773.00,-2.12,5185
-253766.00,-2.38,5197
-253518.00,-2.98,5209
-254264.00,-3.46,5221
-254638.00,-3.76,5232
-253206.00,-3.92,5244
-252626.00,-3.73,5256
-253767.00,-3.45,5268
-254218.00,-3.05,5279
-254132.00,-2.62,5291
-253725.00,-2.31,5303
-254277.00,-2.22,5314
-254699.00,-2.26,5326
-254655.00,-2.31,5338
-254693.00,-2.47,5350
-253703.00,-2.81,5361
-253338.00,-3.26,5373
-254061.00,-3.62,5385
-254108.00,-3.84,5397
-253718.00,-3.65,5408
-253079.00,-3.41,5421
-253234.00,-3.09,5432
-254462.00,-2.67,5443
-254887.00,-2.25,5455
-253741.00,-2.05,5467
-254258.00,-2.07,5479
-254818.00,-2.25,5490
-254324.00,-2.65,5502
-253415.00,-3.13,5514
-253310.00,-3.59,5526
-254076.00,-3.85,5537
-254126.00,-3.82,5550
-253489.00,-3.71,5561
-252882.00,-3.44,5573
-253514.00,-3.10,5584
-255475.00,-2.72,5596
-255418.00,-2.41,5608
-254106.00,-2.03,5619
-253951.00,-1.98,5632
-254674.00,-2.14,5643
-254594.00,-2.52,5655
-253782.00,-3.18,5666
-253129.00,-3.66,5679
-252876.00,-3.92,5690
-253777.00,-3.92,5702
-254600.00,-3.65,5713
-253875.00,-3.12,5726
-253166.00,-2.70,5737
-253798.00,-2.31,5748
-254876.00,-1.95,5761
-255372.00,-1.95,5772
-254256.00,-2.03,5784
-253824.00,-2.36,5795
-254412.00,-2.90,5808
-254146.00,-3.31,5819
-253597.00,-3.66,5831
-253626.00,-3.89,5842
-253558.00,-3.95,5855
-255040.00,-3.75,5866
-253886.00,-3.36,5878
-253334.00,-2.77,5890
-253820.00,-2.18,5901
-254755.00,-1.86,5913
-255301.00,-1.89,5924
-254386.00,-2.05,5937
-253388.00,-2.52,5948
-254078.00,-3.05,5960
-254569.00,-3.65,5971
-253877.00,-3.99,5984
-253351.00,-3.88,5995
-253075.00,-3.67,6007
-253362.00,-3.51,6019
-254316.00,-2.96,6031
-254450.00,-2.44,6042
-253477.00,-2.05,6054
-254016.00,-1.84,6066
-255318.00,-1.93,6077
-254884.00,-2.33,6089
-253950.00,-2.79,6100
-254111.00,-3.20,6113
-253968.00,-3.55,6124
-253252.00,-3.80,6136
-254237.00,-3.84,6148
-253744.00,-3.63,6160
-252964.00,-3.30,6171
-254262.00,-2.87,6183
-255335.00,-2.27,6195
-254344.00,-1.98,6207
-254198.00,-1.94,6218
-254345.00,-2.19,6231
-254785.00,-2.58,6242
-253793.00,-2.96,6254
-253419.00,-3.37,6265
-254135.00,-3.73,6277
-253893.00,-3.75,6289
-253837.00,-3.71,6300
-253466.00,-3.49,6312
-253571.00,-3.05,6324
-254215.00,-2.69,6336
-254663.00,-2.41,6347
-254530.00,-2.06,6360
-253891.00,-2.05,6371
-254202.00,-2.16,6383
-255163.00,-2.56,6394
-254347.00,-2.97,6407
-253782.00,-3.37,6418
-253768.00,-3.87,6429
-253402.00,-3.97,6441
-253912.00,-3.81,6453
-254271.00,-3.44,6465
-252729.00,-2.85,6476
-253354.00,-2.51,6489
-254852.00,-2.26,6500
-254228.00,-2.16,6512
-255078.00,-2.21,6523
-254967.00,-2.36,6536
-253987.00,-2.73,6547
-253926.00,-3.13,6559
-254072.00,-3.53,6571
-254087.00,-3.90,6582
-253161.00,-4.03,6594
-253083.00,-3.84,6605
-254483.00,-3.42,6618
-254189.00,-2.77,6629
-254207.00,-2.19,6641
-253795.00,-1.97,6652
-254611.00,-2.04,6665
-254980.00,-2.33,6676
-253816.00,-2.62,6688
-253576.00,-2.90,6700
-254125.00,-3.23,6712
-253615.00,-3.52,6723
-253871.00,-3.76,6735
-253455.00,-3.85,6747
-252900.00,-3.69,6758
-254495.00,-3.31,6770
-254537.00,-2.78,6781
-254033.00,-2.41,6794
-253674.00,-2.23,6805
-254202.00,-2.13,6817
-255408.00,-2.27,6829
-254384.00,-2.52,6841
-253280.00,-2.91,6852
-253930.00,-3.36,6864
-253975.00,-3.63,6876
-253917.00,-3.84,6888
-254124.00,-3.83,6899
-253307.00,-3.57,6912
-253445.00,-3.10,6923
-254248.00,-2.71,6934
-254223.00,-2.37,6946
-254378.00,-2.03,6958
-253910.00,-1.98,6970
-254248.00,-2.23,6981
-255301.00,-2.52,6993
-254242.00,-2.96,7005
-253349.00,-3.38,7017
-254170.00,-3.69,7028
-254267.00,-3.77,7041
-253679.00,-3.58,7052
-253271.00,-3.30,7064
-253530.00,-3.07,7075
-253910.00,-2.76,7087
-254721.00,-2.46,7099
-254521.00,-2.14,7110
-253976.00,-2.20,7122
-254704.00,-2.35,7134
-254741.00,-2.55,7146
-253655.00,-2.81,7157
-252903.00,-3.27,7170
-253301.00,-3.64,7181
-254030.00,-3.82,7193
-254311.00,-3.68,7204
-253751.00,-3.31,7217
-253448.00,-2.96,7228
-253546.00,-2.81,7240
-254103.00,-2.57,7251
-254826.00,-2.33,7263
-254258.00,-2.17,7275
-253849.00,-2.43,7286
-254231.00,-2.67,7299
-254503.00,-3.00,7310
-254172.00,-3.43,7322
-253322.00,-3.63,7333
-253820.00,-3.65,7346
-253735.00,-3.55,7357
-253143.00,-3.32,7369
-254226.00,-3.06,7380
-254020.00,-2.73,7393
-254022.00,-2.43,7404
-254860.00,-2.17,7416
-253683.00,-2.13,7428
-253445.00,-2.34,7439
-254341.00,-2.76,7451
-254983.00,-3.15,7462
-253703.00,-3.47,7475
-252782.00,-3.53,7486
-253828.00,-3.56,7498
-253957.00,-3.55,7510
-253978.00,-3.26,7522
-254053.00,-2.82,7533
-253362.00,-2.56,7545
-253890.00,-2.33,7557
-255011.00,-2.27,7569
-254650.00,-2.28,7580
-253992.00,-2.32,7592
-253350.00,-2.62,7604
-253699.00,-3.10,7615
-254629.00,-3.50,7627
-254087.00,-3.70,7639
-253222.00,-3.80,7651
-253265.00,-3.70,7662
-254051.00,-3.40,7674
-254090.00,-2.95,7686
-254296.00,-2.35,7698
-254517.00,-2.02,7709
-253970.00,-2.01,7721
-253922.00,-2.14,7733
-255121.00,-2.49,7745
-254684.00,-3.00,7756
-252973.00,-3.55,7768
-253549.00,-3.76,7780
-254537.00,-3.64,7791
-253219.00,-3.30,7803
-254031.00,-3.10,7815
-253378.00,-2.97,7827
-254318.00,-2.79,7838
-255298.00,-2.46,7851
-254238.00,-2.31,7862
-253728.00,-2.24,7874
-255000.00,-2.32,7885
-254682.00,-2.57,7898
-253826.00,-2.98,7909
-253537.00,-3.36,7921
-253295.00,-3.71,7932
-253769.00,-3.75,7944
-254152.00,-3.66,7956
-253541.00,-3.46,7967
-253210.00,-3.09,7980
-254026.00,-2.61,7991
-254688.00,-2.48,8003
-254598.00,-2.29,8014
-254686.00,-2.24,8027
-254050.00,-2.44,8038
-253924.00,-2.87,8050
-254943.00,-3.23,8061
-254636.00,-3.52,8074
-252447.00,-3.58,8085
-253549.00,-3.52,8097
-254685.00,-3.44,8109
-253265.00,-3.39,8120
-253907.00,-2.94,8132
-254748.00,-2.53,8143
-253588.00,-2.27,8156
-254047.00,-2.12,8167
-255705.00,-2.14,8179
-253109.00,-2.43,8190
-254345.00,-2.80,8203
-254462.00,-3.22,8214
-253354.00,-3.58,8226
-254243.00,-3.71,8238
-254115.00,-3.55,8250
-253223.00,-3.27,8261
-254027.00,-3.02,8272
-254847.00,-2.78,8285
-253968.00,-2.57,8296
-254154.00,-2.39,8308
-254840.00,-2.39,8320
-254341.00,-2.50,8332
-254437.00,-2.57,8343
-254067.00,-2.85,8355
-253164.00,-3.10,8367
-254021.00,-3.34,8379
-254518.00,-3.54,8390
-253423.00,-3.55,8402
-253421.00,-3.48,8414
-253924.00,-3.24,8426
-254566.00,-2.85,8437
-254116.00,-2.40,8449
-253945.00,-2.26,8461
-254291.00,-2.29,8472
-253927.00,-2.47,8484
-254634.00,-2.72,8496
-255005.00,-3.02,8508
-253048.00,-3.31,8519
-253073.00,-3.55,8531
-254492.00,-3.56,8543
-254209.00,-3.51,8555
-253169.00,-3.43,8566
-253752.00,-3.22,8579
-253993.00,-3.07,8590
-254897.00,-2.66,8602
-254601.00,-2.27,8613
-253640.00,-2.20,8625
-253751.00,-2.25,8637
-254529.00,-2.54,8648
-254771.00,-2.95,8660
-253145.00,-3.35,8672
-252585.00,-3.55,8684
-254415.00,-3.69,8695
-254461.00,-3.54,8708
-253703.00,-3.22,8719
-253208.00,-2.99,8731
-253589.00,-2.78,8742
-254847.00,-2.57,8755
-255056.00,-2.29,8766
-254331.00,-2.17,8778
-253392.00,-2.46,8790
-253488.00,-2.81,8801
-255183.00,-3.14,8813
-255092.00,-3.46,8824
-252836.00,-3.58,8837
-252502.00,-3.72,8848
-254091.00,-3.68,8860
-254592.00,-3.26,8871
-254279.00,-2.97,8884
-253615.00,-2.66,8895
-254050.00,-2.30,8907
-255113.00,-2.24,8919
-254703.00,-2.24,8931
-254335.00,-2.51,8942
-253870.00,-2.84,8954
-254363.00,-3.23,8966
-254441.00,-3.57,8977
-252928.00,-3.66,8989
-253099.00,-3.60,9000
-253877.00,-3.48,9013
-254729.00,-3.24,9024
-254200.00,-2.96,9036
-253124.00,-2.61,9048
-253775.00,-2.30,9060
-255034.00,-2.20,9071
-254736.00,-2.22,9083
-254275.00,-2.40,9095
-254020.00,-2.79,9107
-253371.00,-3.25,9118
-254045.00,-3.63,9129
-254930.00,-3.76,9142
-253072.00,-3.77,9153
-252858.00,-3.50,9165
-254489.00,-3.03,9177
-254461.00,-2.67,9189
-253893.00,-2.24,9200
-254294.00,-2.00,9212
-254484.00,-2.18,9224
-254469.00,-2.41,9236
-254726.00,-2.88,9247
-254421.00,-3.13,9260
-253666.00,-3.37,9271
-253075.00,-3.50,9283
-254325.00,-3.51,9294
-254084.00,-3.52,9306
-253228.00,-3.40,9318
-253835.00,-3.18,9329
-254399.00,-2.79,9341
-254162.00,-2.42,9353
-253780.00,-2.13,9365
-253777.00,-2.16,9376
-254833.00,-2.30,9389
-254865.00,-2.54,9400
-253595.00,-2.91,9412
-253458.00,-3.26,9423
-253535.00,-3.59,9436
-254046.00,-3.78,9447
-254328.00,-3.65,9459
-253448.00,-3.26,9470
-252832.00,-2.96,9482
-253707.00,-2.67,9494
-254830.00,-2.41,9505
-254320.00,-2.26,9518
-254532.00,-2.19,9529
-254904.00,-2.41,9541
-254227.00,-2.77,9552
-254285.00,-3.01,9565
-253963.00,-3.27,9576
-253229.00,-3.47,9588
-253516.00,-3.55,9600
-254321.00,-3.52,9612
-253875.00,-3.46,9623
-253385.00,-3.22,9635
-253872.00,-2.92,9647
-254329.00,-2.38,9658
-254318.00,-2.23,9670
-254184.00,-2.14,9681
-254376.00,-2.45,9694
-254300.00,-2.81,9705
-253715.00,-3.19,9717
-254208.00,-3.52,9729
-253078.00,-3.65,9741
-253910.00,-3.58,9752
-254579.00,-3.40,9764
-254250.00,-3.10,9776
-253876.00,-2.84,9788
-254023.00,-2.60,9799
-254052.00,-2.46,9810
-254753.00,-2.44,9823
-254795.00,-2.45,9834
-253562.00,-2.56,9846
-253752.00,-2.81,9858
-254994.00,-3.10,9870
-254305.00,-3.34,9881
-253059.00,-3.53,9893
-253578.00,-3.50,9905
-253337.00,-3.53,9917
-253631.00,-3.26,9928
-255451.00,-2.77,9940
-253882.00,-2.47,9952
-252840.00,-2.29,9963
-255040.00,-2.18,9975
-255310.00,-2.31,9987
-253700.00,-2.50,9999
-253789.00,-2.89,10010
-254328.00,-3.24,10022
-254046.00,-3.49,10034
-254026.00,-3.57,10046
-253811.00,-3.55,10057
-252853.00,-3.30,10070
-253161.00,-3.13,10081
-254961.00,-2.83,10093
-254633.00,-2.57,10104
-252894.00,-2.29,10117
-254871.00,-2.24,10128
-254172.00,-2.33,10139
-254509.00,-2.46,10151
-253817.00,-2.80,10163
-253631.00,-3.10,10175
-254559.00,-3.46,10186
-254112.00,-3.71,10199
-253502.00,-3.73,10210
-253348.00,-3.44,10222
-253551.00,-3.17,10233
-254512.00,-2.92,10246
-254618.00,-2.59,10257
-253549.00,-2.19,10269
-253697.00,-2.11,10280
-254573.00,-2.26,10292
-254898.00,-2.62,10304
-254102.00,-2.98,10315
-253216.00,-3.25,10328
-254160.00,-3.53,10339
-253964.00,-3.62,10351
-253704.00,-3.64,10362
-253981.00,-3.40,10375
-253051.00,-3.17,10386
-253310.00,-2.83,10398
-255215.00,-2.38,10409
-254948.00,-2.13,10422
-253976.00,-2.12,10433
-254141.00,-2.25,10444
-254826.00,-2.61,10457
-254304.00,-3.07,10468
-253515.00,-3.38,10480
-253479.00,-3.74,10491
-253842.00,-3.90,10504
-253375.00,-3.76,10515
-254690.00,-3.36,10527
-252592.00,-2.90,10539
-253382.00,-2.61,10551
-255623.00,-2.30,10562
-255029.00,-2.04,10574
-254071.00,-2.07,10586
-253196.00,-2.23,10597
-254067.00,-2.73,10609
-255106.00,-3.41,10620
-253743.00,-3.66,10633
-252953.00,-3.60,10644
-253062.00,-3.55,10656
-253272.00,-3.51,10668
-254305.00,-3.32,10680
-254058.00,-2.93,10691
-253804.00,-2.56,10703
-254335.00,-2.33,10715
-254647.00,-2.26,10727
-255595.00,-2.26,10738
-254649.00,-2.41,10749
-252738.00,-2.64,10762
-253992.00,-3.17,10773
-255121.00,-3.51,10785
-253715.00,-3.55,10797
-253343.00,-3.63,10809
-253235.00,-3.61,10820
-253378.00,-3.46,10832
-255082.00,-2.92,10844
-255116.00,-2.44,10856
-253761.00,-2.25,10867
-252827.00,-2.14,10880
-254043.00,-2.30,10891
-256149.00,-2.49,10902
-252471.00,-2.71,10914
-253554.00,-3.07,10926
-254255.00,-3.38,10938
-254195.00,-3.62,10949
-254180.00,-3.74,10961
-252653.00,-3.45,10973
-253448.00,-3.05,10985
-255426.00,-2.83,10996
-254581.00,-2.38,11009
-253769.00,-2.01,11020
-254090.00,-2.04,11032
-254785.00,-2.21,11043
-255370.00,-2.57,11055
-254405.00,-2.93,11067
-252793.00,-3.23,11078
-252882.00,-3.63,11090
-254238.00,-3.90,11102
-254651.00,-3.87,11114
-253920.00,-3.56,11125
-252808.00,-3.17,11138
-253481.00,-2.95,11149
-255255.00,-2.58,11161
-255328.00,-2.23,11172
-253568.00,-2.06,11185
-252461.00,-2.32,11196
-254245.00,-2.69,11207
-255851.00,-3.13,11219
-254068.00,-3.30,11231
-252591.00,-3.39,11243
-253087.00,-3.53,11254
-254019.00,-3.58,11267
-255105.00,-3.26,11278
-253853.00,-2.85,11290
-252173.00,-2.61,11301
-255401.00,-2.58,11314
-255132.00,-2.46,11325
-254077.00,-2.32,11337
-252454.00,-2.41,11348
-253722.00,-2.68,11360
-256041.00,-3.02,11372
-254997.00,-3.22,11383
-252776.00,-3.34,11396
-252564.00,-3.51,11407
-254224.00,-3.61,11419
-254953.00,-3.55,11430
-253835.00,-2.98,11443
-252971.00,-2.46,11454
-252993.00,-2.32,11466
-254931.00,-2.26,11478
-256747.00,-2.34,11490
-254317.00,-2.39,11501
-251590.00,-2.76,11512
-253537.00,-3.20,11525
-255411.00,-3.42,11536
-254328.00,-3.54,11548
-252948.00,-3.50,11559
-252066.00,-3.42,11572
-253209.00,-3.15,11583
-256078.00,-2.74,11595
-255175.00,-2.47,11607
-252147.00,-2.20,11619
-252922.00,-2.24,11630
-255290.00,-2.53,11642
-255951.00,-2.69,11654
-254420.00,-2.87,11665
-252741.00,-3.11,11677
-252928.00,-3.55,11688
-255747.00,-3.67,11701
-253091.00,-3.50,11712
-252131.00,-3.30,11724
-254524.00,-3.02,11736
-255148.00,-2.76,11748
-254422.00,-2.44,11759
-253754.00,-2.20,11771
-252517.00,-2.31,11783
-254124.00,-2.59,11795
-256783.00,-2.73,11806
-254192.00,-2.84,11817
-251495.00,-3.08,11830
-252790.00,-3.33,11841
-255176.00,-3.58,11853
-255122.00,-3.64,11865
-253194.00,-3.38,11877
-252534.00,-3.00,11888
-253329.00,-2.61,11900
-254489.00,-2.40,11912
-255975.00,-2.28,11924
-254207.00,-2.20,11935
-252355.00,-2.32,11948
-254701.00,-2.62,11959
-255737.00,-2.86,11970
-253509.00,-3.18,11982
-252580.00,-3.46,11994
-252872.00,-3.76,12006
-253829.00,-3.67,12017
-255360.00,-3.36,12029
-254216.00,-2.95,12041
-252254.00,-2.58,12053
-253545.00,-2.34,12064
-255540.00,-2.30,12077
-255472.00,-2.30,12088
-253186.00,-2.33,12100
-254042.00,-2.58,12111
-255508.00,-3.01,12123
-255330.00,-3.33,12135
-252822.00,-3.33,12146
-252303.00,-3.45,12158
-254235.00,-3.72,12170
-255176.00,-3.60,12182
-254189.00,-3.19,12193
-253529.00,-2.65,12206
-253577.00,-2.19,12217
-253795.00,-2.03,12229
-255606.00,-2.18,12240
-254763.00,-2.43,12253
-252703.00,-2.82,12264
-253507.00,-3.16,12275
-254865.00,-3.44,12288
-253982.00,-3.57,12299
-252412.00,-3.55,12311
-253047.00,-3.46,12322
-253621.00,-3.23,12335
-253994.00,-2.84,12346
-254134.00,-2.66,12358
-253902.00,-2.40,12369
-253363.00,-2.24,12382
-254467.00,-2.33,12393
-255657.00,-2.52,12405
-254388.00,-2.73,12417
-253510.00,-3.00,12429
-253885.00,-3.36,12440
-254248.00,-3.61,12451
-254765.00,-3.54,12464
-254051.00,-3.24,12475
-252891.00,-2.97,12487
-255493.00,-2.82,12498
-255389.00,-2.65,12511
-254273.00,-2.38,12522
-254159.00,-2.35,12534
-253591.00,-2.54,12546
-254103.00,-2.65,12558
-255330.00,-2.92,12569
-253953.00,-3.16,12581
-252462.00,-3.26,12593
-254378.00,-3.52,12604
-254621.00,-3.46,12616
-252987.00,-3.27,12627
-253463.00,-3.02,12640
-254149.00,-2.77,12651
-254318.00,-2.67,12663
-254924.00,-2.43,12675
-254789.00,-2.30,12687
-253222.00,-2.32,12698
-254233.00,-2.53,12710
-255314.00,-2.89,12722
-254460.00,-3.18,12734
-252883.00,-3.35,12745
-253395.00,-3.52,12756
-254295.00,-3.54,12769
-253756.00,-3.36,12780
-254438.00,-3.03,12792
-254046.00,-2.64,12804
-252782.00,-2.50,12816
-254356.00,-2.39,12827
-255245.00,-2.41,12839
-253651.00,-2.46,12851
-253504.00,-2.61,12863
-253829.00,-2.91,12874
-254005.00,-3.23,12887
-253607.00,-3.41,12898
-253082.00,-3.68,12909
-253751.00,-3.71,12921
-254304.00,-3.53,12933
-254642.00,-3.20,12945
-253877.00,-2.73,12956
-252907.00,-2.21,12968
-254659.00,-2.02,12980
-255646.00,-2.02,12992
-254445.00,-2.21,13003
-254131.00,-2.59,13016
-253593.00,-3.05,13027
-253311.00,-3.50,13039
-254002.00,-3.83,13050
-253752.00,-3.91,13062
-253352.00,-3.70,13074
-253779.00,-3.36,13085
-254299.00,-2.99,13097
-254785.00,-2.61,13109
-254419.00,-2.15,13121
-254506.00,-2.04,13132
-254153.00,-2.12,13145
-253908.00,-2.46,13156
-254730.00,-2.84,13168
-254008.00,-3.22,13179
-252916.00,-3.61,13192
-253533.00,-3.91,13203
-253503.00,-3.73,13214
-253135.00,-3.49,13227
-253886.00,-3.03,13238
-253499.00,-2.63,13250
-253418.00,-2.21,13261
-255051.00,-1.95,13274
-253726.00,-1.97,13285
-254110.00,-2.15,13297
-254115.00,-2.51,13308
-254602.00,-3.06,13321
-254085.00,-3.41,13332
-252927.00,-3.60,13344
-253276.00,-3.82,13356
-254062.00,-3.89,13367
-254287.00,-3.60,13379
-253879.00,-3.10,13390
-253410.00,-2.60,13403
-253453.00,-2.12,13414
-254824.00,-1.99,13426
-254956.00,-1.97,13437
-254456.00,-2.15,13450
-254180.00,-2.48,13461
-253860.00,-3.04,13473
-254283.00,-3.36,13485
-253769.00,-3.60,13497
-252964.00,-3.78,13508
-253173.00,-3.64,13519
-253586.00,-3.40,13532
-254579.00,-3.08,13543
-254515.00,-2.66,13555
-253989.00,-2.15,13566
-254182.00,-1.94,13579
-254910.00,-2.19,13590
-255254.00,-2.43,13602
-254321.00,-2.76,13614
-253522.00,-3.00,13626
-253653.00,-3.40,13637
-253638.00,-3.70,13649
-253482.00,-3.86,13661
-253702.00,-3.77,13672
-253971.00,-3.47,13684
-254697.00,-3.03,13696
-254260.00,-2.49,13708
-253842.00,-2.11,13719
-254345.00,-1.99,13731
-254551.00,-2.10,13743
-254686.00,-2.31,13755
-254102.00,-2.69,13766
-253652.00,-3.14,13778
-253796.00,-3.55,13790
-253425.00,-3.85,13802
-253622.00,-3.82,13813
-254406.00,-3.55,13825
-253660.00,-3.29,13837
-253292.00,-3.01,13848
-254422.00,-2.72,13860
-254668.00,-2.30,13872
-254168.00,-2.05,13884
-254635.00,-1.98,13895
-254412.00,-2.19,13907
-253951.00,-2.79,13919
-254283.00,-3.25,13931
-254433.00,-3.62,13942
-252880.00,-3.82,13955
-252794.00,-3.86,13966
-254036.00,-3.72,13977
-254120.00,-3.29,13989
-253868.00,-2.72,14001
-254342.00,-2.16,14013
-254314.00,-2.06,14024
-254262.00,-2.12,14036
-254907.00,-2.36,14048
-253989.00,-2.65,14060
-254177.00,-3.01,14071
-254303.00,-3.28,14084
-254297.00,-3.45,14095
-253636.00,-3.66,14107
-253056.00,-3.78,14118
-253888.00,-3.67,14130
-254259.00,-3.52,14142
-254501.00,-2.99,14153
-254108.00,-2.56,14166
-253797.00,-2.15,14177
-254396.00,-1.96,14189
-254690.00,-2.14,14200
-254453.00,-2.32,14213
-254331.00,-2.64,14224
-253714.00,-3.17,14236
-253271.00,-3.55,14247
-254010.00,-3.97,14260
-253870.00,-4.08,14271
-253253.00,-3.91,14282
-253872.00,-3.44,14295
-254548.00,-2.82,14306
-254602.00,-2.26,14318
-254268.00,-1.81,14329
-254301.00,-1.79,14342
-254265.00,-2.18,14353
-254244.00,-2.47,14365
-254428.00,-2.82,14376
-254434.00,-3.37,14389
-253030.00,-3.70,14400
-253050.00,-3.96,14412
-254203.00,-4.00,14424
-253161.00,-3.64,14435
-253715.00,-3.15,14447
-254320.00,-2.68,14458
-255250.00,-2.24,14471
-255395.00,-1.93,14482
-254455.00,-2.00,14494
-254347.00,-2.30,14505
-254307.00,-2.78,14518
-253955.00,-3.16,14529
-253309.00,-3.48,14541
-252880.00,-3.72,14553
-253228.00,-3.74,14565
-253838.00,-3.72,14576
-254188.00,-3.43,14587
-253809.00,-3.06,14600
-253681.00,-2.70,14611
-254560.00,-2.27,14623
-254889.00,-2.11,14635
-254682.00,-2.06,14647
-254370.00,-2.25,14658
-253836.00,-2.65,14670
-253062.00,-3.11,14682
-254276.00,-3.57,14694
-253993.00,-3.76,14705
-252232.00,-3.89,14717
-253134.00,-3.72,14729
-254289.00,-3.37,14740
-254038.00,-2.85,14752
-254354.00,-2.36,14764
-253865.00,-2.00,14776
-253705.00,-1.96,14787
-255170.00,-2.09,14799
-255205.00,-2.34,14811
-253767.00,-2.76,14823
-253477.00,-3.29,14834
-253885.00,-3.59,14846
-254011.00,-3.90,14858
-253166.00,-3.91,14870
-252910.00,-3.67,14881
-253784.00,-3.35,14894
-254920.00,-2.82,14905
-254151.00,-2.39,14916
-253834.00,-1.95,14928
-254228.00,-1.75,14940
-254756.00,-2.01,14952
-254582.00,-2.38,14963
-254066.00,-2.97,14976
-253572.00,-3.42,14987
-253020.00,-3.70,14999
-253790.00,-3.93,15010
-254455.00,-3.84,15023
-252754.00,-3.49,15034
-252987.00,-3.16,15046
-254723.00,-2.86,15057
-254610.00,-2.44,15069
-254625.00,-2.09,15081
-254385.00,-2.03,15092
-253719.00,-2.19,15105
-254209.00,-2.56,15116
-254882.00,-2.97,15128
-253985.00,-3.37,15139
-252964.00,-3.63,15152
-253124.00,-3.76,15163
-254169.00,-3.87,15175
-253787.00,-3.59,15186
-253224.00,-3.05,15199
-253771.00,-2.66,15210
-253950.00,-2.37,15221
-255404.00,-2.26,15234
-254283.00,-2.26,15245
-254040.00,-2.39,15257
-254366.00,-2.66,15268
-254357.00,-3.08,15281
-254320.00,-3.39,15292
-253696.00,-3.60,15304
-253119.00,-3.72,15315
-253774.00,-3.66,15328
-254428.00,-3.41,15339
-253746.00,-3.02,15351
-253747.00,-2.61,15363
-253737.00,-2.29,15374
-254628.00,-2.30,15386
-255263.00,-2.21,15397
-254486.00,-2.30,15410
-253797.00,-2.66,15421
-253649.00,-3.22,15433
-254615.00,-3.54,15444
-254626.00,-3.68,15457
-252999.00,-3.62,15468
-252325.00,-3.46,15480
-254318.00,-3.35,15492
-254579.00,-3.05,15504
-253746.00,-2.65,15515
-254050.00,-2.47,15526
-253641.00,-2.38,15539
-254314.00,-2.46,15550
-255373.00,-2.50,15562
-254324.00,-2.65,15574
-253106.00,-2.94,15586
-253588.00,-3.33,15597
-254760.00,-3.54,15609
-254448.00,-3.44,15621
-253341.00,-3.36,15633
-254231.00,-3.12,15644
-254698.00,-2.88,15656
-254185.00,-2.55,15668
-253813.00,-2.31,15679
-253815.00,-2.25,15691
-254591.00,-2.36,15703
-255267.00,-2.49,15715
-254112.00,-2.70,15726
-252806.00,-2.96,15738
-253332.00,-3.25,15750
-254452.00,-3.53,15762
-254164.00,-3.58,15773
-253459.00,-3.43,15785
-253332.00,-3.14,15797
-254317.00,-2.96,15809
-255301.00,-2.59,15820
-254323.00,-2.24,15832
-253545.00,-2.14,15844
-253801.00,-2.32,15855
-254266.00,-2.70,15867
-254781.00,-2.99,15879
-254346.00,-3.22,15891
-252568.00,-3.38,15902
-252927.00,-3.49,15915
-254608.00,-3.54,15926
-254199.00,-3.45,15938
-253182.00,-3.23,15949
-253395.00,-3.01,15962
-253957.00,-2.67,15973
-254320.00,-2.43,15984
-254729.00,-2.20,15996
-254272.00,-2.22,16008
-253925.00,-2.44,16020
-254798.00,-2.82,16031
-253883.00,-3.20,16044
-253199.00,-3.55,16055
-253615.00,-3.68,16067
-253949.00,-3.70,16078
-254197.00,-3.53,16091
-253775.00,-3.14,16102
-253557.00,-2.80,16114
-254290.00,-2.53,16125
-254547.00,-2.27,16137
-254653.00,-2.14,16149
-254897.00,-2.23,16160
-254080.00,-2.48,16173
-253514.00,-2.87,16184
-254593.00,-3.17,16196
-254575.00,-3.51,16207
-253000.00,-3.56,16220
-252745.00,-3.57,16231
-253932.00,-3.63,16243
-254592.00,-3.32,16254
-253824.00,-2.82,16267
-254114.00,-2.32,16278
-254270.00,-2.17,16289
-253947.00,-2.15,16302
-255055.00,-2.30,16313
-254923.00,-2.67,16325
-253230.00,-3.07,16336
-253563.00,-3.41,16349
-254792.00,-3.70,16360
-254561.00,-3.78,16372
-253486.00,-3.47,16384
-253200.00,-3.22,16396
-253799.00,-2.92,16407
-254715.00,-2.53,16419
-254352.00,-2.28,16431
-253638.00,-2.22,16442
-254158.00,-2.26,16454
-254352.00,-2.51,16465
-254490.00,-2.83,16478
-254130.00,-3.11,16489
-253046.00,-3.38,16501
-253971.00,-3.66,16513
-254669.00,-3.68,16525
-253568.00,-3.46,16536
-253506.00,-3.04,16548
-254209.00,-2.82,16560
-254297.00,-2.67,16572
-254137.00,-2.52,16583
-254430.00,-2.37,16595
-253835.00,-2.34,16607
-253888.00,-2.65,16618
-254775.00,-2.93,16630
-254215.00,-3.18,16642
-253607.00,-3.42,16654
-253459.00,-3.36,16665
-253503.00,-3.49,16677
-253913.00,-3.39,16689
-253761.00,-3.13,16701
-253309.00,-2.87,16712
-253568.00,-2.54,16724
-254478.00,-2.39,16736
-255017.00,-2.36,16748
-254845.00,-2.32,16759
-254178.00,-2.56,16771
-253799.00,-2.87,16783
-253995.00,-3.30,16794
-254026.00,-3.47,16806
-252608.00,-3.56,16818
-253632.00,-3.55,16830
-254834.00,-3.26,16841
-253826.00,-3.01,16854
-253565.00,-2.67,16865
-253803.00,-2.52,16877
-253988.00,-2.42,16888
-254855.00,-2.50,16901
-254465.00,-2.53,16912
-253215.00,-2.63,16923
-253488.00,-2.87,16935
-254242.00,-3.16,16947
-254544.00,-3.38,16959
-253732.00,-3.54,16970
-253035.00,-3.42,16983
-254079.00,-3.33,16994
-253841.00,-3.06,17006
-253961.00,-2.68,17017
-254185.00,-2.43,17030
-252950.00,-2.35,17041
-254307.00,-2.39,17053
-255681.00,-2.57,17064
-253854.00,-2.67,17076
-253710.00,-2.92,17088
-253797.00,-3.27,17099
-253652.00,-3.49,17112
-254742.00,-3.51,17123
-254332.00,-3.48,17135
-252676.00,-3.34,17146
-253041.00,-3.11,17159
-254460.00,-2.93,17170
-254353.00,-2.49,17182
-253707.00,-2.37,17193
-254008.00,-2.35,17206
-254502.00,-2.46,17217
-254579.00,-2.64,17228
-253321.00,-2.90,17241
-253013.00,-3.29,17252
-253796.00,-3.69,17264
-254121.00,-3.70,17275
-253748.00,-3.52,17288
-253794.00,-3.06,17299
-253889.00,-2.79,17311
-254413.00,-2.63,17323
-255411.00,-2.49,17335
-254788.00,-2.38,17346
-253049.00,-2.25,17358
-253629.00,-2.54,17370
-254702.00,-3.00,17381
-254343.00,-3.22,17393
-253816.00,-3.47,17404
-252588.00,-3.49,17417
-253096.00,-3.48,17428
-254789.00,-3.22,17440
-254202.00,-2.85,17452
-253191.00,-2.62,17464
-253539.00,-2.53,17475
-254662.00,-2.44,17487
-255085.00,-2.40,17499
-254903.00,-2.51,17511
-253497.00,-2.75,17522
-252720.00,-3.21,17533
-254651.00,-3.50,17546
-254538.00,-3.55,17557
-253227.00,-3.44,17569
-253008.00,-3.26,17581
-254820.00,-3.16,17593
-254567.00,-2.98,17604
-254508.00,-2.67,17616
-253742.00,-2.49,17628
-253393.00,-2.45,17640
-254854.00,-2.52,17651
-254712.00,-2.65,17664
-253214.00,-2.77,17675
-253124.00,-3.01,17686
-254229.00,-3.29,17698
-254617.00,-3.41,17710
-253922.00,-3.47,17722
-253419.00,-3.23,17733
-253496.00,-3.03,17745
-254746.00,-2.89,17757
-254672.00,-2.75,17769
-253958.00,-2.49,17780
-254244.00,-2.37,17793
-253386.00,-2.54,17804
-254422.00,-2.86,17816
-254968.00,-3.11,17827
-253252.00,-3.17,17839
-253486.00,-3.32,17851
-253868.00,-3.39,17862
-254065.00,-3.42,17874
-254007.00,-3.28,17886
-253358.00,-3.08,17898
-253442.00,-2.84,17909
-254133.00,-2.59,17922
-254698.00,-2.48,17933
-254939.00,-2.44,17945
-254256.00,-2.52,17956
-253301.00,-2.77,17969
-254092.00,-3.06,17980
-253486.00,-3.32,17991
-253556.00,-3.37,18003
-253717.00,-3.40,18015
-253842.00,-3.42,18027
-253988.00,-3.34,18038
-253853.00,-3.07,18051
-253949.00,-2.91,18062
-254154.00,-2.69,18074
-254335.00,-2.54,18085
-254439.00,-2.53,18098
-253551.00,-2.52,18109
-253986.00,-2.69,18121
-254235.00,-3.07,18132
-253430.00,-3.30,18144
-253808.00,-3.39,18156
-253871.00,-3.53,18167
-253660.00,-3.44,18180
-254483.00,-3.18,18191
-254245.00,-2.90,18203
-253748.00,-2.70,18214
-254223.00,-2.54,18227
-254339.00,-2.45,18238
-253932.00,-2.46,18250
-254289.00,-2.70,18262
-253895.00,-2.91,18274
-253950.00,-2.97,18285
-254512.00,-3.16,18297
-254030.00,-3.39,18309
-253997.00,-3.39,18320
-253734.00,-3.41,18332
-254252.00,-3.12,18343
-254206.00,-2.90,18356
-253513.00,-2.81,18367
-254321.00,-2.72,18379
-254444.00,-2.62,18391
-254704.00,-2.62,18403
-254868.00,-2.65,18414
-253553.00,-2.67,18426
-253252.00,-2.95,18438
-254478.00,-3.17,18450
-254276.00,-3.33,18461
-253863.00,-3.39,18472
-253478.00,-3.39,18485
-253528.00,-3.32,18496
-253956.00,-3.01,18508
-254387.00,-2.71,18520
-253980.00,-2.49,18532
-253938.00,-2.30,18543
-254124.00,-2.42,18555
-254055.00,-2.67,18567
-254223.00,-3.01,18579
-254105.00,-3.21,18590
-252874.00,-3.32,18603
-253768.00,-3.31,18614
-254376.00,-3.22,18625
-253518.00,-3.05,18637
-253526.00,-2.88,18649
-254148.00,-2.75,18661
-254076.00,-2.75,18672
-254170.00,-2.69,18684
-254053.00,-2.59,18696
-253750.00,-2.63,18708
-253742.00,-2.80,18719
-254378.00,-2.89,18732
-254819.00,-3.08,18743
-253919.00,-3.23,18755
-253663.00,-3.24,18766
-254169.00,-3.28,18778
-254332.00,-3.23,18790
-253445.00,-3.10,18801
-253711.00,-2.87,18813
-254216.00,-2.62,18825
-254043.00,-2.54,18837
-254701.00,-2.49,18848
-254078.00,-2.58,18861
-252937.00,-2.74,18872
-253892.00,-2.86,18884
-254644.00,-3.14,18895
-253867.00,-3.32,18908
-253575.00,-3.41,18919
-253889.00,-3.36,18930
-253455.00,-3.31,18942
-254030.00,-3.06,18954
-254522.00,-2.74,18966
-254087.00,-2.63,18977
-253917.00,-2.66,18990
-254309.00,-2.51,19001
-254515.00,-2.48,19013
-253980.00,-2.72,19024
-253486.00,-2.93,19037
-253964.00,-3.08,19048
-253989.00,-3.24,19060
-253949.00,-3.21,19072
-254101.00,-3.17,19083
-253628.00,-3.11,19095
-253791.00,-2.82,19106
-254184.00,-2.69,19119
-254049.00,-2.67,19130
-254058.00,-2.67,19142
-253912.00,-2.65,19153
-254521.00,-2.78,19166
-254326.00,-2.85,19177
-253539.00,-2.99,19189
-253862.00,-3.11,19201
-254291.00,-3.24,19213
-253633.00,-3.28,19224
-253891.00,-3.26,19235
-253156.00,-3.21,19248
-253269.00,-2.93,19259
-254315.00,-2.67,19271
-254342.00,-2.46,19282
-254327.00,-2.40,19295
-253798.00,-2.60,19306
-253530.00,-2.53,19318
-255169.00,-2.78,19330
-254258.00,-3.11,19342
-253204.00,-3.30,19353
-254400.00,-3.36,19365
-254060.00,-3.21,19377
-254020.00,-3.09,19388
-254343.00,-2.96,19400
-253872.00,-2.81,19411
-254084.00,-2.78,19424
-254099.00,-2.72,19435
-254355.00,-2.73,19447
-254179.00,-2.65,19459
-253547.00,-2.48,19471
-254464.00,-2.55,19482
-254698.00,-2.86,19494
-253231.00,-3.14,19506
-253859.00,-3.28,19518
-254497.00,-3.38,19529
-253577.00,-3.27,19540
-253740.00,-3.07,19553
-253518.00,-2.98,19564
-254248.00,-2.93,19576
-254376.00,-2.78,19588
-253854.00,-2.66,19600
-254572.00,-2.49,19611
-253782.00,-2.47,19623
-253822.00,-2.72,19635
-254558.00,-2.95,19647
-253709.00,-3.08,19658
-253848.00,-3.13,19671
-254249.00,-3.21,19682
-253942.00,-3.24,19693
-253976.00,-3.11,19705
-253965.00,-2.91,19717
-253595.00,-2.78,19729
-254217.00,-2.71,19740
-254428.00,-2.65,19752
-254683.00,-2.49,19764
-254283.00,-2.60,19776
-253181.00,-2.80,19787
-253540.00,-3.07,19800
-254455.00,-3.23,19811
-253762.00,-3.32,19823
-253505.00,-3.33,19834
-254085.00,-3.20,19846
-253654.00,-3.11,19858
-253925.00,-2.88,19869
-254392.00,-2.70,19881
-253854.00,-2.76,19893
-253855.00,-2.69,19905
-254275.00,-2.57,19916
-255220.00,-2.68,19929
-254097.00,-2.94,19940
-254402.00,-3.13,19952
-254360.00,-3.33,19963
-252912.00,-3.40,19976
-253794.00,-3.33,19987
-253776.00,-3.17,19998
-253804.00,-3.03,20011
-254502.00,-2.86,20022
-253972.00,-2.63,20034
-253284.00,-2.57,20045
-254025.00,-2.69,20058
-254437.00,-2.80,20069
-254010.00,-2.94,20081
-254162.00,-3.07,20092
-254067.00,-3.03,20105
-253896.00,-3.22,20116
-254053.00,-3.25,20128
-254010.00,-3.20,20140
-254193.00,-3.00,20151
-253706.00,-2.85,20163
-253652.00,-2.75,20174
-254403.00,-2.70,20187
-254342.00,-2.64,20198
-254520.00,-2.68,20210
-253957.00,-2.81,20221
-254177.00,-2.98,20234
-254110.00,-3.14,20245
-253225.00,-3.30,20257
-253385.00,-3.24,20269
-253784.00,-3.22,20281
-253534.00,-3.21,20292
-253737.00,-3.00,20303
-254209.00,-2.83,20316
-253801.00,-2.74,20327
-253773.00,-2.67,20339
-254524.00,-2.68,20350
-253537.00,-2.65,20363
-253515.00,-2.68,20374
-254296.00,-2.83,20386
-253668.00,-3.05,20398
-253779.00,-3.26,20410
-253875.00,-3.33,20421
-253484.00,-3.29,20433
-254362.00,-3.34,20445
-254429.00,-3.13,20456
-253769.00,-2.89,20468
-253801.00,-2.68,20480
-253836.00,-2.56,20492
-254136.00,-2.64,20503
-254260.00,-2.78,20515
-253804.00,-2.96,20527
-253792.00,-2.99,20539
-254163.00,-3.10,20550
-254485.00,-3.15,20562
-254226.00,-3.31,20574
-253177.00,-3.13,20586
-253606.00,-2.95,20597
-254572.00,-2.98,20610
-254037.00,-2.88,20621
-253984.00,-2.71,20632
-254142.00,-2.69,20644
-253707.00,-2.72,20656
-253983.00,-2.87,20668
-254025.00,-2.89,20679
-253938.00,-2.99,20691
-254060.00,-3.05,20703
-253442.00,-3.14,20715
-254327.00,-3.23,20726
-253612.00,-3.22,20739
-253504.00,-3.10,20750
-254217.00,-2.97,20762
-254455.00,-2.79,20773
-254591.00,-2.57,20785
-254248.00,-2.47,20797
-253519.00,-2.58,20808
-253991.00,-2.77,20820
-254409.00,-2.93,20832
-254233.00,-3.11,20844
-253604.00,-3.31,20855
-253112.00,-3.32,20868
-254419.00,-3.33,20879
-254711.00,-3.11,20891
-253483.00,-2.96,20902
-253649.00,-2.91,20915
-253726.00,-2.81,20926
-254285.00,-2.72,20937
-255495.00,-2.70,20950
-254033.00,-2.68,20961
-252828.00,-2.72,20973
-254103.00,-2.89,20984
-254167.00,-3.09,20997
-253843.00,-3.27,21008
-253485.00,-3.29,21020
-252614.00,-3.15,21031
-254130.00,-2.98,21044
-255082.00,-2.77,21055
-253797.00,-2.64,21067
-253491.00,-2.67,21079
-253877.00,-2.73,21090
-254147.00,-2.79,21102
-254550.00,-2.83,21113
-254221.00,-2.91,21126
-253253.00,-2.99,21137
-254503.00,-3.16,21149
-254550.00,-3.15,21160
-252823.00,-3.12,21173
-253083.00,-3.16,21184
-254472.00,-3.19,21196
-254936.00,-3.07,21208
-254203.00,-2.82,21220
-253130.00,-2.50,21231
-253108.00,-2.44,21242
-254696.00,-2.63,21255
-255368.00,-2.81,21266
-254013.00,-2.94,21278
-253251.00,-3.29,21289
-254076.00,-3.41,21302
-254569.00,-3.38,21313
-254471.00,-3.28,21325
-253795.00,-3.04,21337
-252869.00,-2.72,21349
-254197.00,-2.72,21360
-255901.00,-2.68,21372
-254807.00,-2.60,21384
-253219.00,-2.70,21395
-253671.00,-2.80,21407
-254482.00,-2.95,21419
-254502.00,-3.13,21431
-254371.00,-3.26,21442
-253187.00,-3.36,21454
-253101.00,-3.36,21466
-254662.00,-3.18,21478
-254903.00,-3.00,21489
-253122.00,-2.75,21501
-252491.00,-2.72,21513
-255324.00,-2.76,21525
-254508.00,-2.53,21536
-252998.00,-2.38,21548
-252887.00,-2.52,21560
-254159.00,-2.84,21571
-254875.00,-3.19,21583
-254355.00,-3.42,21595
-253575.00,-3.35,21607
-253198.00,-3.33,21618
-253992.00,-3.29,21630
-255197.00,-3.06,21642
-254388.00,-2.68,21654
-252158.00,-2.59,21665
-253346.00,-2.69,21678
-255839.00,-2.72,21689
-254845.00,-2.72,21700
-253171.00,-2.66,21712
-253285.00,-2.75,21724
-253907.00,-2.94,21736
-254600.00,-3.24,21747
-254242.00,-3.40,21760
-253272.00,-3.24,21771
-253187.00,-3.12,21783
-253768.00,-3.09,21794
-255291.00,-2.85,21807
-254539.00,-2.67,21818
-252526.00,-2.56,21830
-253607.00,-2.62,21841
-254968.00,-2.78,21853
-254470.00,-2.78,21865
-253903.00,-2.90,21876
-253163.00,-3.02,21889
-253367.00,-3.18,21900
-254851.00,-3.40,21912
-253199.00,-3.51,21923
-252201.00,-3.35,21936
-253988.00,-3.07,21947
-255593.00,-2.84,21959
-254779.00,-2.70,21970
-253130.00,-2.55,21983
-253531.00,-2.52,21994
-254854.00,-2.57,22005
-254901.00,-2.71,22018
-254333.00,-2.87,22029
-253420.00,-3.01,22041
-253371.00,-3.31,22052
-254889.00,-3.48,22065
-254600.00,-3.33,22076
-252821.00,-3.13,22088
-253132.00,-2.98,22099
-254953.00,-2.82,22112
-255677.00,-2.71,22123
-255085.00,-2.48,22135
-253420.00,-2.53,22147
-253334.00,-2.73,22158
-255326.00,-2.86,22170
-255038.00,-2.87,22181
-253143.00,-3.06,22194
-252823.00,-3.25,22205
-253545.00,-3.37,22217
-254113.00,-3.33,22228
-254496.00,-2.99,22241
-253644.00,-2.78,22252
-252921.00,-2.84,22264
-254002.00,-2.85,22276
-255413.00,-2.72,22288
-254881.00,-2.81,22299
-253180.00,-2.78,22310
-254627.00,-2.94,22323
-254782.00,-3.14,22334
-253490.00,-3.22,22346
-253129.00,-3.14,22358
-253969.00,-3.14,22370
-254632.00,-3.14,22381
-254548.00,-2.96,22393
-254253.00,-2.67,22405
-253153.00,-2.65,22417
-254031.00,-2.65,22428
-255562.00,-2.59,22440
-254698.00,-2.66,22452
-253644.00,-2.83,22463
-253227.00,-3.01,22475
-254125.00,-3.17,22487
-254988.00,-3.30,22499
-253606.00,-3.32,22510
-251980.00,-3.24,22522
-252962.00,-3.24,22534
-254668.00,-3.19,22546
-254978.00,-2.96,22557
-254042.00,-2.57,22569
-253432.00,-2.39,22581
-253913.00,-2.41,22593
-254172.00,-2.50,22604
-254576.00,-2.79,22616
-254173.00,-3.07,22628
-252865.00,-3.24,22639
-253948.00,-3.47,22651
-254899.00,-3.42,22663
-253370.00,-3.20,22675
-253086.00,-3.04,22686
-254092.00,-2.86,22699
-254717.00,-2.64,22710
-254222.00,-2.52,22722
-253223.00,-2.51,22733
-254011.00,-2.62,22746
-254582.00,-2.80,22757
-254481.00,-3.01,22768
-253978.00,-3.22,22780
-253184.00,-3.39,22792
-254002.00,-3.38,22804
-254283.00,-3.37,22815
-253368.00,-3.23,22828
-253650.00,-2.91,22839
-253420.00,-2.69,22851
-254346.00,-2.68,22862
-255402.00,-2.70,22875
-253794.00,-2.56,22886
-253096.00,-2.55,22898
-253720.00,-2.68,22909
-254262.00,-2.92,22921
-254634.00,-3.15,22933
-253909.00,-3.31,22944
-252822.00,-3.40,22957
-253602.00,-3.44,22968
-254611.00,-3.31,22980
-253929.00,-3.06,22991
-253580.00,-2.86,23004
-253552.00,-2.59,23015
-254390.00,-2.47,23027
-254730.00,-2.45,23038
-253951.00,-2.53,23051
-254069.00,-2.69,23062
-254147.00,-2.87,23073
-254364.00,-3.16,23086
-253348.00,-3.30,23097
-253237.00,-3.35,23109
-254195.00,-3.40,23120
-254358.00,-3.21,23133
-253784.00,-3.00,23144
-253493.00,-2.67,23156
-253845.00,-2.54,23168
-254409.00,-2.48,23180
-254659.00,-2.48,23191
-254209.00,-2.59,23203
-254104.00,-2.79,23215
-253791.00,-2.97,23227
-254359.00,-3.20,23238
-254203.00,-3.35,23249
-253269.00,-3.37,23262
-253556.00,-3.37,23273
-253878.00,-3.22,23285
-253999.00,-3.13,23297
-254335.00,-2.81,23309
-253879.00,-2.58,23320
-254101.00,-2.46,23332
-254756.00,-2.46,23344
-254618.00,-2.53,23356
-253816.00,-2.74,23367
-254311.00,-3.05,23379
-254623.00,-3.28,23391
-254065.00,-3.39,23402
-253780.00,-3.37,23414
-253214.00,-3.40,23426
-253346.00,-3.29,23438
-254249.00,-3.01,23449
-254334.00,-2.83,23461
-253619.00,-2.61,23473
-253643.00,-2.55,23485
-254186.00,-2.52,23496
-254752.00,-2.52,23508
-254021.00,-2.66,23520
-253534.00,-2.86,23532
-254084.00,-3.21,23543
-254099.00,-3.49,23555
-254176.00,-3.48,23567
-253430.00,-3.39,23578
-253064.00,-3.20,23590
-254591.00,-3.09,23602
-255149.00,-2.84,23614
-254152.00,-2.60,23625
-253725.00,-2.51,23638
-253867.00,-2.54,23649
-254981.00,-2.64,23661
-254791.00,-2.79,23672
-253507.00,-3.13,23685
-253560.00,-3.35,23696
-254266.00,-3.44,23707
-254818.00,-3.26,23719
-254089.00,-3.07,23731
-252983.00,-2.97,23743
-253455.00,-2.83,23754
-254429.00,-2.82,23767
-254440.00,-2.67,23778
-253879.00,-2.56,23790
-254100.00,-2.66,23801
-254395.00,-2.79,23814
-254681.00,-2.89,23825
-254240.00,-2.89,23837
-253307.00,-3.16,23848
-253221.00,-3.39,23860
-253487.00,-3.42,23872
-253955.00,-3.37,23883
-253083.00,-3.12,23896
-254101.00,-2.95,23907
-254593.00,-2.89,23919
-254325.00,-2.68,23930
-254006.00,-2.52,23943
-253274.00,-2.60,23954
-253695.00,-2.83,23966
-254672.00,-3.04,23977
-255095.00,-3.17,23990
-253588.00,-3.28,24001
-252285.00,-3.27,24012
-253971.00,-3.24,24025
-255615.00,-3.12,24036
-254301.00,-2.96,24048
-253202.00,-2.82,24059
-253870.00,-2.70,24072
-254722.00,-2.66,24083
-255316.00,-2.69,24095
-254520.00,-2.65,24107
-252606.00,-2.79,24119
-253213.00,-3.06,24130
-255251.00,-3.37,24142
-254869.00,-3.50,24154
-253578.00,-3.50,24165
-252880.00,-3.35,24177
-253584.00,-3.11,24188
-254989.00,-2.95,24201
-255090.00,-2.69,24212
-253577.00,-2.62,24224
-253579.00,-2.58,24236
-254739.00,-2.62,24248
-255009.00,-2.70,24259
-252898.00,-2.80,24271
-253263.00,-2.98,24283
-254472.00,-3.23,24295
-254686.00,-3.43,24306
-253795.00,-3.48,24317
-253317.00,-3.28,24330
-253197.00,-3.12,24341
-254573.00,-2.92,24353
-254837.00,-2.61,24365
-253560.00,-2.36,24377
-253710.00,-2.31,24388
-254617.00,-2.49,24400
-255136.00,-2.70,24412
-254379.00,-3.09,24424
-253409.00,-3.37,24435
-253208.00,-3.36,24448
-254223.00,-3.42,24459
-254723.00,-3.32,24470
-254057.00,-3.06,24482
-253110.00,-2.89,24494
-253507.00,-2.68,24506
-255155.00,-2.61,24517
-254747.00,-2.59,24529
-253656.00,-2.56,24541
-253353.00,-2.52,24553
-253352.00,-2.85,24564
-254413.00,-3.14,24577
-254709.00,-3.18,24588
-253950.00,-3.13,24600
-253006.00,-3.23,24611
-252748.00,-3.30,24623
-254720.00,-3.16,24635
-255239.00,-3.08,24646
-253305.00,-2.70,24658
-255178.00,-2.47,24670
-254181.00,-2.42,24682
-252817.00,-2.43,24693
-255241.00,-2.60,24706
-254327.00,-2.84,24717
-253062.00,-3.03,24729
-254481.00,-3.19,24740
-253719.00,-3.45,24753
-252437.00,-3.46,24764
-253936.00,-3.51,24775
-254654.00,-3.44,24787
-253066.00,-3.13,24799
-253785.00,-2.81,24811
-254896.00,-2.60,24822
-254169.00,-2.38,24835
-254335.00,-2.41,24846
-254425.00,-2.55,24858
-254006.00,-2.89,24869
-254021.00,-3.20,24882
-254504.00,-3.27,24893
-253912.00,-3.35,24905
-252532.00,-3.43,24916
-254247.00,-3.42,24928
-254916.00,-3.15,24940
-253625.00,-2.79,24951
-254990.00,-2.69,24964
-254077.00,-2.54,24975
-253406.00,-2.56,24987
-255111.00,-2.61,24998
-254301.00,-2.75,25011
-253248.00,-3.05,25022
-253897.00,-3.20,25034
-254429.00,-3.35,25046
-253877.00,-3.48,25058
-253620.00,-3.40,25069
-253153.00,-3.30,25081
-253825.00,-3.21,25093
-254814.00,-2.88,25104
-254257.00,-2.61,25116
-253142.00,-2.47,25127
-254496.00,-2.43,25140
-255529.00,-2.55,25151
-254460.00,-2.62,25163
-253778.00,-2.81,25175
-253400.00,-3.06,25187
-253607.00,-3.32,25198
-255013.00,-3.55,25210
-254362.00,-3.59,25222
-253387.00,-3.36,25234
-253627.00,-2.93,25245
-253954.00,-2.62,25256
-254589.00,-2.50,25269
-254282.00,-2.38,25280
-253736.00,-2.37,25292
-254226.00,-2.57,25304
-254615.00,-2.84,25316
-254808.00,-3.04,25327
-254705.00,-3.09,25339
-252815.00,-3.31,25351
-252805.00,-3.61,25363
-254633.00,-3.62,25374
-254269.00,-3.36,25387
-253400.00,-3.11,25398
-254506.00,-2.81,25409
-254124.00,-2.49,25421
-254275.00,-2.28,25433
-255529.00,-2.25,25445
-252755.00,-2.35,25456
-254242.00,-2.69,25468
-255187.00,-3.13,25480
-253749.00,-3.41,25492
-253076.00,-3.51,25503
-253981.00,-3.49,25516
-253859.00,-3.32,25527
-254401.00,-3.14,25539
-254923.00,-2.95,25550
-253532.00,-2.61,25562
-253588.00,-2.41,25574
-254861.00,-2.38,25585
-254762.00,-2.45,25597
-253792.00,-2.65,25609
-254126.00,-2.87,25621
-253922.00,-3.15,25632
-254233.00,-3.36,25645
-255015.00,-3.35,25656
-253548.00,-3.31,25668
-252608.00,-3.38,25679
-253670.00,-3.25,25692
-254790.00,-3.00,25703
-254146.00,-2.82,25714
-253568.00,-2.56,25726
-254081.00,-2.31,25738
-254164.00,-2.37,25750
-255007.00,-2.55,25761
-254744.00,-2.83,25774
-253141.00,-3.11,25785
-253163.00,-3.36,25797
-254726.00,-3.41,25808
-254414.00,-3.35,25821
-252898.00,-3.32,25832
-253867.00,-3.27,25844
-254447.00,-3.04,25856
-254910.00,-2.76,25867
-253289.00,-2.57,25879
-253269.00,-2.52,25890
-255169.00,-2.61,25903
-255120.00,-2.79,25914
-254201.00,-2.94,25926
-253836.00,-3.06,25937
-253383.00,-3.24,25950
-253982.00,-3.43,25961
-254248.00,-3.39,25973
-253565.00,-3.35,25985
-253677.00,-3.10,25997
-254224.00,-2.77,26008
-254588.00,-2.61,26019
-254708.00,-2.45,26032
-253192.00,-2.47,26043
-253038.00,-2.64,26055
-254649.00,-2.83,26066
-254758.00,-2.85,26079
-253925.00,-2.93,26090
-252990.00,-3.15,26102
-253354.00,-3.38,26114
-255003.00,-3.52,26126
-254751.00,-3.42,26137
-253211.00,-3.15,26149
-253181.00,-2.91,26161
-253499.00,-2.72,26172
-254477.00,-2.56,26184
-255226.00,-2.62,26195
-253962.00,-2.59,26208
-253411.00,-2.62,26219
-254172.00,-3.01,26231
-254159.00,-3.25,26243
-253276.00,-3.40,26255
-253039.00,-3.44,26266
-253846.00,-3.46,26278
-254477.00,-3.30,26290
-253837.00,-2.98,26302
-253421.00,-2.66,26313
-253000.00,-2.55,26324
-254472.00,-2.51,26337
-255496.00,-2.48,26348
-253472.00,-2.56,26360
-252887.00,-2.74,26372
-254427.00,-2.98,26384
-254921.00,-3.17,26395
-254317.00,-3.19,26407
-253282.00,-3.32,26419
-252695.00,-3.39,26431
-254091.00,-3.36,26442
-255164.00,-3.07,26455
-254165.00,-2.66,26466
-252783.00,-2.52,26477
-253725.00,-2.54,26489
-255034.00,-2.60,26501
-254557.00,-2.69,26513
-254130.00,-2.69,26524
-253573.00,-2.98,26536
-253338.00,-3.27,26548
-254492.00,-3.45,26560
-255025.00,-3.47,26571
-252333.00,-3.28,26584
-252595.00,-3.14,26595
-254654.00,-2.99,26607
-254050.00,-2.81,26618
-254243.00,-2.53,26630
-253132.00,-2.35,26642
-254484.00,-2.51,26653
-255583.00,-2.75,26665
-254140.00,-2.88,26677
-252724.00,-3.17,26689
-253670.00,-3.36,26700
-254798.00,-3.46,26713
-254813.00,-3.44,26724
-253603.00,-3.10,26736
-252803.00,-2.81,26747
-253567.00,-2.78,26760
-255088.00,-2.60,26771
-255177.00,-2.53,26783
-253913.00,-2.56,26795
-253394.00,-2.61,26806
-254011.00,-2.88,26818
-255098.00,-3.02,26829
-254853.00,-3.08,26842
-252928.00,-3.15,26853
-252613.00,-3.29,26865
-254781.00,-3.45,26876
-254875.00,-3.41,26889
-253710.00,-3.14,26900
-252992.00,-2.89,26912
-253260.00,-2.76,26924
-254615.00,-2.61,26936
-255001.00,-2.49,26947
-253279.00,-2.50,26958
-252868.00,-2.77,26971
-254030.00,-3.03,26982
-254970.00,-3.20,26994
-254597.00,-3.34,27005
-252844.00,-3.42,27018
-254207.00,-3.32,27029
-255366.00,-3.36,27041
-254138.00,-3.06,27053
-252680.00,-2.69,27065
-253273.00,-2.58,27076
-255235.00,-2.63,27088
-255518.00,-2.64,27100
-254041.00,-2.69,27111
-252985.00,-2.77,27123
-253040.00,-3.06,27134
-254682.00,-3.25,27147
-254792.00,-3.45,27158
-253089.00,-3.37,27170
-252312.00,-3.22,27182
-253793.00,-3.16,27194
-255368.00,-2.90,27205
-254655.00,-2.57,27217
-252890.00,-2.49,27229
-253286.00,-2.55,27241
-254993.00,-2.68,27252
-255367.00,-2.84,27264
-254617.00,-2.99,27276
-253127.00,-3.12,27287
-253252.00,-3.28,27299
-254497.00,-3.29,27311
-254714.00,-3.33,27323
-253340.00,-3.14,27334
-252891.00,-3.01,27346
-253958.00,-2.93,27358
-254908.00,-2.71,27370
-254765.00,-2.48,27381
-253299.00,-2.44,27394
-253257.00,-2.54,27405
-254452.00,-2.77,27416
-254442.00,-3.09,27428
-253368.00,-3.26,27440
-253221.00,-3.34,27452
-254145.00,-3.39,27463
-254238.00,-3.26,27475
-254216.00,-3.05,27487
-253817.00,-2.82,27499
-253561.00,-2.73,27510
-254849.00,-2.67,27523
-254843.00,-2.55,27534
-253567.00,-2.66,27546
-253867.00,-2.78,27557
-254183.00,-2.92,27569
-254045.00,-3.08,27581
-253920.00,-3.13,27592
-253173.00,-3.11,27604
-253177.00,-3.23,27616
-254466.00,-3.25,27628
-254695.00,-3.16,27639
-254020.00,-2.96,27652
-253668.00,-2.61,27663
-253797.00,-2.36,27675
-254537.00,-2.33,27686
-254186.00,-2.39,27699
-253922.00,-2.72,27710
-254127.00,-2.91,27721
-253910.00,-3.23,27734
-253979.00,-3.54,27745
-253596.00,-3.52,27757
-253372.00,-3.22,27768
-253853.00,-3.36,27781
-254502.00,-2.77,27792
-255020.00,-2.77,27804
-253145.00,-2.77,27815
-253605.00,-2.54,27828
-254443.00,-2.51,27839
-255674.00,-2.82,27851
-253235.00,-2.94,27863
-252745.00,-2.79,27874
-254843.00,-3.23,27886
-253289.00,-3.42,27897
-253845.00,-3.45,27910
-254570.00,-3.59,27921
-252422.00,-3.25,27933
-254537.00,-3.05,27944
-254872.00,-2.66,27957
-252714.00,-2.36,27968
-254700.00,-2.47,27980
-255028.00,-2.44,27992
-254167.00,-2.54,28004
-254991.00,-2.99,28015
-253838.00,-3.08,28026
-252876.00,-3.23,28039
-254856.00,-3.54,28050
-254326.00,-3.39,28062
-252192.00,-3.35,28073
-253520.00,-3.27,28086
-254042.00,-3.05,28097
-253686.00,-2.87,28109
-254965.00,-2.74,28121
-254190.00,-2.70,28133
-252464.00,-2.79,28144
-254576.00,-2.72,28156
-255436.00,-2.84,28168
-253169.00,-2.91,28179
-253770.00,-3.00,28191
-252887.00,-3.33,28203
-254744.00,-3.35,28215
-254156.00,-3.32,28226
-252398.00,-3.15,28238
-254096.00,-2.96,28250
-254578.00,-2.81,28262
-254164.00,-2.71,28273
-254037.00,-2.66,28285
-253743.00,-2.60,28297
-254028.00,-2.55,28309
-254278.00,-2.78,28320
-253900.00,-3.08,28332
-253368.00,-3.07,28344
-253623.00,-3.16,28355
-254469.00,-3.35,28367
-253949.00,-3.31,28379
-253331.00,-3.14,28391
-253517.00,-3.00,28402
-253815.00,-2.96,28414
-255116.00,-2.71,28426
-255124.00,-2.59,28438
-253407.00,-2.52,28449
-253479.00,-2.57,28462
-254963.00,-2.88,28473
-253823.00,-3.04,28484
-253464.00,-3.15,28496
-254470.00,-3.24,28508
-253090.00,-3.07,28520
-253693.00,-3.13,28531
-255351.00,-3.06,28544
-253969.00,-2.90,28555
-253320.00,-2.90,28567
-254467.00,-2.81,28578
-254799.00,-2.69,28591
-254040.00,-2.72,28602
-254624.00,-2.65,28614
-253947.00,-2.95,28625
-254683.00,-3.04,28637
-254299.00,-3.12,28649
-253424.00,-3.37,28660
-253758.00,-3.39,28673
-254485.00,-3.22,28684
-254311.00,-2.89,28696
-253264.00,-3.10,28707
-253958.00,-2.37,28720
-254330.00,-2.83,28731
-255232.00,-2.60,28743
-254572.00,-2.49,28754
-252980.00,-2.92,28767
-254236.00,-2.92,28778
-253501.00,-3.27,28789
-254021.00,-3.52,28802
-254750.00,-3.39,28813
-251662.00,-3.46,28825
-254332.00,-3.15,28836
-255250.00,-3.04,28849
-252118.00,-2.72,28860
-255460.00,-2.75,28872
-253799.00,-2.64,28883
-252338.00,-2.40,28896
-256949.00,-2.64,28907
-254101.00,-2.67,28919
-252097.00,-2.92,28931
-255666.00,-3.26,28942
-253906.00,-3.33,28954
-252691.00,-3.40,28965
-254877.00,-3.33,28978
-253008.00,-3.10,28989
-254965.00,-3.11,29001
-253783.00,-3.01,29012
-253082.00,-2.54,29025
-254324.00,-2.58,29036
-254163.00,-2.54,29048
-254344.00,-2.47,29060
-254972.00,-2.64,29072
-253915.00,-2.69,29083
-253039.00,-3.01,29094
-254551.00,-3.13,29107
-255106.00,-3.27,29118
-252689.00,-3.43,29130
-253747.00,-3.17,29142
-254313.00,-3.22,29154
-253595.00,-3.06,29165
-254748.00,-2.83,29177
-254152.00,-2.74,29189
-253256.00,-2.46,29201
-254925.00,-2.27,29212
-255047.00,-2.44,29224
-253809.00,-2.60,29236
-253646.00,-2.95,29247
-253560.00,-3.29,29259
-253894.00,-3.52,29271
-254717.00,-3.42,29283
-253827.00,-3.16,29294
-253046.00,-2.97,29306
-253854.00,-2.92,29318
-254135.00,-2.61,29330
-253987.00,-2.57,29341
-254326.00,-2.60,29353
-253655.00,-2.46,29365
-254708.00,-2.63,29377
-254168.00,-2.69,29388
-252793.00,-2.87,29401
-253619.00,-3.31,29412
-254381.00,-3.58,29423
-253600.00,-3.84,29435
-254456.00,-3.57,29447
-254686.00,-3.11,29459
-253226.00,-2.75,29470
-254406.00,-2.46,29483
-255071.00,-2.33,29494
-253924.00,-2.29,29506
-254121.00,-2.35,29517
-254992.00,-2.64,29530
-254164.00,-2.98,29541
-253648.00,-2.88,29552
-253557.00,-3.41,29564
-253516.00,-3.49,29576
-253074.00,-3.43,29588
-253762.00,-3.70,29599
-255087.00,-3.13,29612
-253192.00,-2.77,29623
-253955.00,-2.60,29635
-255115.00,-2.31,29646
-253002.00,-2.41,29659
-255379.00,-2.42,29670
-255219.00,-2.64,29682
-252019.00,-2.96,29693
-255268.00,-3.21,29705
-254268.00,-3.32,29717
-251840.00,-3.49,29728
-255440.00,-3.52,29741
-253166.00,-3.32,29752
-252807.00,-3.13,29764
-253226.00,-2.80,29775
-253851.00,-2.64,29788
-254810.00,-2.40,29799
-253335.00,-2.57,29811
-255416.00,-2.70,29822
-254471.00,-2.83,29835
-252781.00,-2.98,29846
-254407.00,-3.14,29858
-253910.00,-3.43,29870
-253245.00,-3.35,29881
-254368.00,-3.34,29893
-253677.00,-3.27,29904
-254857.00,-2.81,29917
-254534.00,-2.51,29928
-253613.00,-2.62,29940
-254897.00,-2.24,29952
-253632.00,-2.87,29964
-254341.00,-2.77,29975
-254759.00,-2.95,29987
-252380.00,-3.35,29999
-254559.00,-3.14,30010
-254103.00,-3.27,30022
-252925.00,-3.50,30033
-254674.00,-3.22,30046
-252542.00,-3.15,30057
-254862.00,-2.73,30069
-255755.00,-2.47,30081
-251884.00,-2.48,30093
-254807.00,-2.48,30104
-254075.00,-2.62,30116
-253487.00,-2.94,30128
-257134.00,-2.81,30140
-252358.00,-3.17,30151
-255867.00,-3.10,30163
-253103.00,-3.43,30175
-253858.00,-3.41,30186
-254288.00,-3.11,30198
-251842.00,-3.10,30210
-255554.00,-2.81,30222
-256146.00,-2.56,30233
-252962.00,-2.45,30245
-252914.00,-2.34,30257
-253201.00,-2.94,30269
-255877.00,-3.20,30280
-255511.00,-3.18,30292
-252508.00,-3.10,30304
-253134.00,-3.06,30316
-252595.00,-3.24,30327
-254844.00,-3.30,30339
-256343.00,-3.23,30351
-251322.00,-3.20,30362
-252901.00,-2.94,30374
-255838.00,-2.52,30386
-254105.00,-2.39,30398
-254458.00,-2.17,30409
-252809.00,-2.39,30422
-252662.00,-2.92,30433
-256376.00,-3.33,30445
-254984.00,-3.54,30456
-252918.00,-3.48,30469
-252635.00,-3.31,30480
-253790.00,-3.25,30491
-256246.00,-2.98,30503
-254266.00,-2.71,30515
-251913.00,-2.60,30527
-253444.00,-2.77,30538
-254771.00,-2.85,30551
-254953.00,-2.65,30562
-251914.00,-2.58,30574
-253026.00,-2.63,30585
-255294.00,-2.98,30598
-254431.00,-3.34,30609
-253698.00,-3.50,30621
-252694.00,-3.44,30632
-252817.00,-3.40,30644
-254903.00,-3.21,30656
-255134.00,-2.88,30667
-253324.00,-2.65,30680
-252547.00,-2.47,30691
-254334.00,-2.58,30703
-255593.00,-2.69,30714
-254123.00,-2.58,30727
-253321.00,-2.74,30738
-253144.00,-2.92,30750
-253773.00,-3.38,30761
-255279.00,-3.64,30774
-253993.00,-3.21,30785
-251509.00,-3.20,30796
-253163.00,-3.06,30809
-254370.00,-2.87,30820
-255217.00,-2.77,30832
-255068.00,-2.27,30843
-251937.00,-2.24,30856
-253071.00,-2.54,30867
-256155.00,-2.73,30879
-254897.00,-2.96,30891
-254013.00,-3.16,30903
-252661.00,-3.33,30914
-252547.00,-3.41,30926
-255952.00,-3.28,30938
-251952.00,-3.14,30949
-253036.00,-3.05,30961
-254159.00,-2.89,30972
-256484.00,-2.72,30985
-256040.00,-2.40,30996
-251841.00,-2.33,31008
-252592.00,-2.59,31020
-255699.00,-2.90,31032
-255122.00,-3.38,31043
-254214.00,-3.49,31055
-252532.00,-3.28,31067
-253170.00,-3.14,31079
-255228.00,-3.08,31090
-254437.00,-2.97,31101
-253281.00,-2.90,31114
-252212.00,-2.77,31125
-254370.00,-2.69,31137
-256995.00,-2.56,31149
-253339.00,-2.38,31161
-251114.00,-2.54,31172
-253879.00,-2.89,31184
-253935.00,-3.23,31196
-255055.00,-3.48,31208
-254985.00,-3.27,31219
-251022.00,-3.43,31232
-252802.00,-2.96,31243
-256897.00,-2.87,31254
-254275.00,-2.72,31266
-253947.00,-2.67,31278
-252538.00,-2.67,31290
-253739.00,-2.98,31301
-257077.00,-2.68,31313
-253439.00,-2.82,31325
-253355.00,-3.16,31337
-252904.00,-2.94,31348
-257691.00,-3.43,31361
-253436.00,-3.16,31372
-249819.00,-2.69,31384
-256346.00,-3.09,31395
-254280.00,-2.37,31407
-253897.00,-2.57,31419
-256655.00,-2.58,31430
-249766.00,-2.47,31442
-253789.00,-2.91,31454
-258551.00,-3.17,31466
-251028.00,-3.30,31477
-252390.00,-3.21,31490
-255632.00,-3.40,31501
-252012.00,-3.27,31513
-255756.00,-3.10,31524
-255771.00,-2.91,31537
-250560.00,-2.48,31548
-253577.00,-2.68,31559
-256659.00,-2.44,31571
-254286.00,-2.67,31583
-253151.00,-2.54,31595
-254345.00,-2.67,31606
-253827.00,-3.14,31619
-253771.00,-3.15,31630
-255888.00,-3.48,31642
-253185.00,-3.41,31653
-250710.00,-3.63,31666
-255435.00,-3.65,31677
-255661.00,-3.06,31689
-252153.00,-2.88,31700
-254150.00,-2.56,31712
-253995.00,-2.54,31724
-256628.00,-2.63,31735
-254597.00,-2.59,31748
-251804.00,-2.71,31759
-254679.00,-2.82,31771
-255312.00,-2.98,31782
-254070.00,-3.16,31795
-253766.00,-3.23,31806
-252887.00,-3.14,31818
-254030.00,-3.33,31830
-255620.00,-3.30,31842
-253928.00,-2.87,31853
-252486.00,-2.88,31864
-253669.00,-2.42,31877
-255776.00,-2.52,31888
-255531.00,-2.67,31900
-253041.00,-2.57,31911
-253110.00,-2.97,31924
-254035.00,-3.09,31935
-253887.00,-3.38,31947
-255340.00,-3.32,31959
-253363.00,-3.14,31971
-251873.00,-3.12,31982
-255087.00,-2.94,31994
-255423.00,-2.88,32006
-253098.00,-2.60,32017
-253614.00,-2.44,32029
-253829.00,-2.57,32040
-254770.00,-2.61,32053
-255792.00,-2.65,32064
-253123.00