	9⸮8726.00
-267153.00
-266438.00,-1.97,1134
-265796.00,-2.25,1136
-265921.00,-2.77,1137
-266315.00,-3.09,1148
-265910.00,-3.29,1161
-265819.00,-3.35,1172
-265529.00,-3.24,1184
-265332.00,-2.94,1196
-266767.00,-2.65,1208
-266398.00,-2.35,1219
-265560.00,-2.03,1231
-266720.00,-1.95,1243
-266399.00,-1.97,1255
-266412.00,-2.10,1266
-266511.00,-2.21,1278
-265301.00,-2.42,1290
-265448.00,-2.64,1301
-266745.00,-3.03,1313
-265992.00,-3.14,1325
-264812.00,-3.02,1337
-265567.00,-2.91,1348
-265633.00,-2.75,1360
-265933.00,-2.45,1372
-266788.00,-1.98,1384
-266096.00,-1.78,1395
-265885.00,-1.81,1408
-266410.00,-1.91,1419
-266869.00,-2.22,1431
-265901.00,-2.48,1442
-265917.00,-2.71,1455
-266480.00,-2.97,1466
-265844.00,-3.10,1478
-265612.00,-2.99,1489
-265596.00,-2.90,1501
-265721.00,-2.68,1513
-267364.00,-2.28,1524
-266289.00,-1.93,1537
-265237.00,-1.75,1548
-266327.00,-1.89,1560
-266628.00,-2.25,1571
-266789.00,-2.47,1584
-266206.00,-2.63,1595
-265497.00,-2.69,1607
-265563.00,-2.92,1618
-265946.00,-3.11,1631
-266879.00,-3.01,1642
-266332.00,-2.69,1654
-265555.00,-2.31,1666
-266676.00,-2.13,1678
-266926.00,-2.04,1689
-265969.00,-1.88,1700
-266228.00,-1.92,1713
-266511.00,-2.01,1724
-266237.00,-2.37,1736
-266943.00,-2.75,1747
-266501.00,-2.90,1760
-265148.00,-2.88,1771
-265633.00,-2.92,1783
-266582.00,-2.88,1795
-266184.00,-2.63,1807
-265627.00,-2.46,1818
-265715.00,-2.39,1830
-266132.00,-2.24,1842
-265978.00,-2.09,1854
-266266.00,-2.02,1865
-265893.00,-2.01,1878
-265245.00,-2.31,1889
-266333.00,-2.60,1901
-265497.00,-2.75,1912
-265148.00,-2.94,1924
-266057.00,-3.02,1936
-266279.00,-2.86,1947
-266195.00,-2.72,1959
-266441.00,-2.53,1971
-265831.00,-2.33,1983
-265939.00,-2.12,1994
-267574.00,-2.08,2007
-266677.00,-2.15,2018
-265023.00,-2.40,2030
-265439.00,-2.66,2041
-266398.00,-3.08,2054
-266018.00,-3.27,2065
-265507.00,-3.09,2077
-264993.00,-2.94,2088
-264815.00,-2.81,2101
-266590.00,-2.54,2112
-267476.00,-2.34,2123
-265263.00,-1.99,2136
-265135.00,-2.06,2147
-266935.00,-2.24,2159
-266792.00,-2.31,2170
-266152.00,-2.60,2183
-265293.00,-2.87,2194
-265056.00,-3.14,2206
-265833.00,-3.32,2217
-266632.00,-3.06,2230
-265990.00,-2.75,2241
-265259.00,-2.51,2253
-265818.00,-2.24,2265
-266297.00,-2.17,2277
-266433.00,-2.09,2288
-266033.00,-2.13,2300
-265678.00,-2.35,2312
-266521.00,-2.35,2323
-266860.00,-2.46,2335
-265438.00,-2.58,2347
-264967.00,-2.67,2359
-265887.00,-2.64,2370
-266386.00,-2.78,2382
-266213.00,-2.79,2394
-265954.00,-2.57,2406
-265633.00,-2.30,2417
-265843.00,-2.22,2429
-267012.00,-2.08,2441
-266738.00,-2.13,2453
-265207.00,-2.18,2464
-265778.00,-2.29,2477
-266387.00,-2.60,2488
-265770.00,-2.75,2500
-266129.00,-2.79,2511
-266283.00,-2.80,2523
-265650.00,-2.73,2535
-266181.00,-2.73,2546
-266217.00,-2.57,2558
-265733.00,-2.35,2570
-266366.00,-2.16,2582
-266221.00,-2.09,2593
-266124.00,-2.10,2606
-266235.00,-2.18,2617
-266151.00,-2.43,2629
-265984.00,-2.64,2640
-266173.00,-2.72,2653
-265935.00,-2.80,2664
-265534.00,-2.81,2676
-265869.00,-2.65,2688
-266259.00,-2.49,2700
-266574.00,-2.19,2711
-265619.00,-2.10,2722
-266057.00,-2.14,2735
-266892.00,-2.09,2746
-266316.00,-2.32,2758
-266141.00,-2.53,2769
-266268.00,-2.62,2782
-265709.00,-2.60,2793
-266148.00,-2.67,2805
-265900.00,-2.77,2817
-265118.00,-2.81,2829
-266394.00,-2.70,2840
-266719.00,-2.59,2852
-265730.00,-2.33,2864
-265817.00,-2.12,2876
-266371.00,-2.11,2887
-266146.00,-2.16,2899
-266802.00,-2.31,2911
-267074.00,-2.44,2922
-265499.00,-2.56,2934
-266000.00,-2.74,2946
-266492.00,-2.87,2958
-265317.00,-2.86,2969
-265575.00,-2.88,2981
-266313.00,-2.75,2993
-266038.00,-2.67,3005
-266142.00,-2.45,3016
-266636.00,-2.19,3028
-266325.00,-2.17,3040
-265852.00,-2.18,3052
-265923.00,-2.37,3063
-265825.00,-2.69,3076
-265708.00,-2.83,3087
-266724.00,-2.98,3099
-265973.00,-2.87,3110
-265064.00,-2.62,3123
-265951.00,-2.60,3134
-266074.00,-2.58,3145
-265857.00,-2.47,3158
-266345.00,-2.26,3169
-265979.00,-2.15,3181
-265552.00,-2.22,3192
-266532.00,-2.25,3205
-266665.00,-2.44,3216
-265602.00,-2.64,3228
-265491.00,-2.71,3239
-265923.00,-2.93,3252
-265719.00,-3.05,3263
-266034.00,-3.01,3275
-266469.00,-2.81,3287
-265702.00,-2.53,3299
-266091.00,-2.38,3310
-266779.00,-2.25,3322
-265862.00,-2.19,3334
-265683.00,-2.21,3345
-266843.00,-2.32,3357
-266138.00,-2.47,3368
-265545.00,-2.50,3381
-266704.00,-2.62,3392
-265563.00,-2.72,3404
-264976.00,-2.72,3416
-266564.00,-2.71,3428
-265984.00,-2.73,3439
-265483.00,-2.59,3451
-265974.00,-2.46,3463
-265683.00,-2.37,3475
-266324.00,-2.25,3486
-265908.00,-2.21,3499
-265818.00,-2.30,3510
-266331.00,-2.40,3522
-266582.00,-2.50,3533
-266272.00,-2.47,3545
-265425.00,-2.49,3557
-265175.00,-2.58,3568
-265927.00,-2.71,3580
-265942.00,-2.70,3592
-266694.00,-2.57,3604
-266209.00,-2.50,3615
-265238.00,-2.25,3628
-266804.00,-2.15,3639
-266727.00,-2.30,3651
-265904.00,-2.40,3662
-266854.00,-2.32,3675
-265390.00,-2.43,3686
-265194.00,-2.61,3698
-266711.00,-2.75,3709
-265770.00,-2.75,3722
-265797.00,-2.59,3733
-266031.00,-2.46,3744
-265407.00,-2.46,3757
-266166.00,-2.41,3768
-266356.00,-2.31,3780
-266188.00,-2.26,3791
-265864.00,-2.24,3804
-265354.00,-2.31,3815
-266471.00,-2.49,3827
-266254.00,-2.52,3838
-266156.00,-2.69,3851
-266510.00,-2.68,3862
-266189.00,-2.63,3874
-266499.00,-2.50,3886
-265757.00,-2.37,3898
-265474.00,-2.31,3909
-265901.00,-2.26,3921
-265510.00,-2.32,3933
-266792.00,-2.41,3944
-265813.00,-2.43,3956
-264967.00,-2.45,3968
-267484.00,-2.60,3980
-266142.00,-2.67,3991
-264934.00,-2.60,4003
-266573.00,-2.46,4015
-265351.00,-2.43,4027
-265807.00,-2.54,4038
-267604.00,-2.50,4050
-265228.00,-2.40,4062
-264750.00,-2.49,4074
-266134.00,-2.43,4085
-265964.00,-2.53,4098
-266219.00,-2.66,4109
-265697.00,-2.63,4121
-265528.00,-2.69,4132
-266309.00,-2.72,4144
-265773.00,-2.66,4156
-266429.00,-2.54,4167
-266799.00,-2.46,4179
-265114.00,-2.56,4191
-266123.00,-2.77,4203
-266379.00,-2.77,4214
-266068.00,-2.63,4227
-265481.00,-2.47,4238
-265642.00,-2.49,4250
-266542.00,-2.65,4261
-266189.00,-2.79,4274
-266312.00,-2.65,4285
-265563.00,-2.53,4297
-265535.00,-2.41,4308
-266151.00,-2.54,4321
-265873.00,-2.59,4332
-266540.00,-2.53,4344
-266521.00,-2.52,4356
-265092.00,-2.49,4367
-266233.00,-2.52,4379
-266695.00,-2.62,4390
-264998.00,-2.62,4403
-266320.00,-2.55,4414
-266431.00,-2.38,4426
-266043.00,-2.37,4438
-267135.00,-2.43,4450
-264760.00,-2.40,4461
-264848.00,-2.55,4473
-267259.00,-2.52,4485
-265755.00,-2.36,4497
-265562.00,-2.54,4508
-265884.00,-2.68,4520
-265751.00,-2.70,4532
-266970.00,-2.66,4544
-265890.00,-2.54,4555
-265473.00,-2.41,4567
-266537.00,-2.36,4579
-266001.00,-2.39,4590
-266188.00,-2.46,4602
-266819.00,-2.46,4614
-266540.00,-2.54,4626
-266545.00,-2.50,4637
-265230.00,-2.42,4649
-266331.00,-2.53,4661
-265499.00,-2.55,4673
-265232.00,-2.63,4684
-266745.00,-2.60,4697
-265504.00,-2.41,4708
-265736.00,-2.25,4720
-266793.00,-2.32,4731
-265586.00,-2.38,4744
-266370.00,-2.47,4755
-266869.00,-2.53,4766
-265672.00,-2.50,4779
-265946.00,-2.39,4790
-266245.00,-2.40,4802
-266135.00,-2.59,4813
-265092.00,-2.58,4826
-265283.00,-2.55,4837
-267325.00,-2.52,4849
-266658.00,-2.27,4860
-265425.00,-2.14,4873
-266045.00,-2.27,4884
-265448.00,-2.43,4896
-266065.00,-2.43,4908
-267153.00,-2.39,4920
-264827.00,-2.43,4931
-265117.00,-2.72,4943
-266864.00,-2.93,4955
-265028.00,-2.87,4966
-266035.00,-2.73,4978
-266656.00,-2.49,4989
-264520.00,-2.31,5002
-266566.00,-2.22,5013
-265128.00,-2.16,5025
-265793.00,-2.36,5037
-266442.00,-2.53,5049
-266525.00,-2.61,5060
-266236.00,-2.63,5072
-265128.00,-2.56,5084
-265352.00,-2.56,5096
-265935.00,-2.58,5107
-266187.00,-2.70,5120
-266038.00,-2.76,5131
-264384.00,-2.72,5143
-265501.00,-2.67,5154
-267576.00,-2.44,5166
-266062.00,-2.18,5178
-265474.00,-2.06,5189
-265608.00,-2.16,5201
-265882.00,-2.32,5213
-266959.00,-2.50,5225
-265989.00,-2.73,5236
-265326.00,-2.93,5249
-265629.00,-2.85,5260
-265496.00,-2.80,5272
-266298.00,-2.67,5283
-266855.00,-2.63,5296
-265630.00,-2.45,5307
-265892.00,-2.39,5319
-266343.00,-2.25,5330
-265751.00,-2.29,5343
-266415.00,-2.35,5354
-265268.00,-2.57,5365
-265636.00,-2.82,5378
-266996.00,-2.92,5389
-265137.00,-2.86,5401
-265840.00,-2.79,5412
-264816.00,-2.79,5425
-266878.00,-2.68,5436
-266752.00,-2.52,5448
-264532.00,-2.24,5459
-266074.00,-2.13,5472
-266666.00,-1.96,5483
-266315.00,-1.95,5495
-266700.00,-2.21,5507
-264968.00,-2.46,5519
-265287.00,-2.71,5530
-267022.00,-2.90,5542
-265716.00,-3.09,5554
-265521.00,-3.07,5565
-265374.00,-2.81,5577
-265242.00,-2.56,5588
-267205.00,-2.29,5601
-266492.00,-2.10,5612
-265210.00,-2.09,5624
-266348.00,-2.11,5636
-266678.00,-2.16,5648
-266872.00,-2.09,5659
-266354.00,-2.31,5671
-264464.00,-2.70,5683
-265905.00,-3.04,5695
-267080.00,-3.24,5706
-266032.00,-3.11,5719
-265674.00,-2.77,5730
-265311.00,-2.27,5742
-265954.00,-2.10,5753
-267432.00,-2.02,5765
-267117.00,-1.85,5777
-265875.00,-1.89,5788
-266847.00,-2.10,5800
-267562.00,-2.37,5812
-265656.00,-2.69,5824
-264082.00,-2.89,5835
-265878.00,-3.11,5848
-266258.00,-3.11,5859
-266176.00,-3.00,5871
-266008.00,-2.70,5882
-264727.00,-2.40,5895
-265919.00,-2.25,5906
-267399.00,-1.97,5918
-266547.00,-1.89,5929
-265914.00,-1.90,5942
-266230.00,-2.02,5953
-266130.00,-2.34,5964
-266436.00,-2.61,5977
-265643.00,-2.83,5988
-264324.00,-3.06,6000
-265630.00,-3.22,6011
-266683.00,-3.05,6024
-266223.00,-2.80,6035
-265629.00,-2.47,6047
-265557.00,-2.18,6059
-266358.00,-2.15,6071
-266901.00,-2.05,6082
-266762.00,-1.90,6094
-265798.00,-2.02,6106
-265728.00,-2.44,6118
-266460.00,-2.78,6129
-266769.00,-3.09,6141
-265543.00,-3.31,6153
-264974.00,-3.18,6165
-265922.00,-2.98,6176
-265213.00,-2.71,6188
-265556.00,-2.44,6200
-265493.00,-2.22,6211
-266382.00,-2.15,6223
-267556.00,-2.23,6235
-266707.00,-2.24,6247
-265289.00,-2.25,6258
-265840.00,-2.52,6270
-266530.00,-2.78,6282
-266221.00,-2.93,6294
-265412.00,-2.97,6305
-264512.00,-3.17,6318
-265412.00,-3.20,6329
-266864.00,-2.92,6341
-266383.00,-2.43,6352
-265350.00,-2.06,6365
-265205.00,-1.81,6376
-266838.00,-1.77,6387
-267088.00,-1.94,6400
-265825.00,-2.27,6411
-265406.00,-2.60,6423
-265213.00,-3.06,6434
-266059.00,-3.31,6447
-266476.00,-3.26,6458
-265658.00,-3.08,6470
-265123.00,-2.78,6481
-266010.00,-2.56,6494
-266531.00,-2.29,6505
-265925.00,-2.15,6517
-266020.00,-2.01,6529
-266396.00,-1.92,6541
-266578.00,-1.97,6552
-266434.00,-2.15,6564
-265492.00,-2.48,6576
-265207.00,-2.95,6587
-267093.00,-3.19,6599
-266723.00,-3.28,6610
-264568.00,-3.01,6623
-265366.00,-2.79,6634
-266850.00,-2.47,6646
-266724.00,-2.05,6658
-266824.00,-1.89,6670
-266379.00,-1.67,6681
-265560.00,-1.63,6693
-266866.00,-1.98,6705
-267228.00,-2.39,6717
-265728.00,-2.72,6728
-265112.00,-3.06,6740
-265606.00,-3.25,6752
-265963.00,-3.37,6764
-266719.00,-3.10,6775
-266201.00,-2.70,6787
-265363.00,-2.39,6799
-266408.00,-2.05,6810
-267164.00,-1.91,6822
-266490.00,-1.92,6834
-265621.00,-1.89,6846
-266571.00,-2.19,6857
-266598.00,-2.49,6870
-266042.00,-2.76,6881
-265979.00,-3.09,6893
-265391.00,-3.19,6904
-265533.00,-3.14,6917
-266651.00,-2.85,6928
-265259.00,-2.48,6940
-265371.00,-2.24,6951
-267252.00,-1.96,6964
-267040.00,-1.77,6975
-266416.00,-1.78,6986
-266150.00,-1.96,6999
-265691.00,-2.15,7010
-266172.00,-2.61,7022
-267236.00,-3.11,7033
-265568.00,-3.22,7046
-264527.00,-3.25,7057
-265923.00,-3.10,7069
-266433.00,-2.84,7080
-266140.00,-2.57,7093
-265792.00,-2.12,7104
-265834.00,-1.87,7116
-266705.00,-1.70,7128
-266697.00,-1.75,7140
-265782.00,-2.02,7151
-265271.00,-2.44,7163
-266057.00,-2.85,7175
-266090.00,-3.21,7186
-265765.00,-3.42,7198
-265559.00,-3.39,7209
-265054.00,-3.10,7222
-265497.00,-2.76,7233
-266566.00,-2.41,7245
-266391.00,-1.99,7257
-265450.00,-1.67,7269
-266429.00,-1.83,7280
-266930.00,-2.03,7292
-266265.00,-2.33,7304
-266465.00,-2.70,7316
-265367.00,-3.13,7327
-266499.00,-3.35,7340
-266163.00,-3.26,7351
-265548.00,-3.11,7363
-265467.00,-2.79,7374
-265480.00,-2.40,7386
-266749.00,-2.21,7398
-266651.00,-2.11,7409
-265073.00,-1.92,7421
-265723.00,-1.92,7433
-267114.00,-2.08,7445
-266438.00,-2.25,7456
-265336.00,-2.54,7469
-265476.00,-3.11,7480
-265524.00,-3.34,7492
-266048.00,-3.31,7503
-266209.00,-3.12,7516
-265699.00,-2.68,7527
-265185.00,-2.34,7539
-265966.00,-2.05,7550
-267323.00,-1.79,7563
-266098.00,-1.87,7574
-265111.00,-2.08,7585
-266341.00,-2.36,7598
-266982.00,-2.63,7609
-266019.00,-2.91,7621
-265540.00,-3.03,7632
-265493.00,-2.93,7645
-265428.00,-2.94,7656
-266058.00,-2.88,7668
-266965.00,-2.64,7680
-265381.00,-2.36,7692
-265292.00,-2.00,7703
-266667.00,-1.79,7715
-265880.00,-1.92,7727
-266124.00,-1.94,7739
-265690.00,-2.13,7750
-265814.00,-2.34,7762
-266504.00,-2.66,7774
-266110.00,-3.00,7785
-264820.00,-3.09,7797
-265547.00,-3.04,7809
-266235.00,-3.00,7821
-266262.00,-2.62,7832
-265703.00,-2.34,7844
-265891.00,-2.00,7856
-266583.00,-1.84,7868
-266898.00,-1.87,7879
-266469.00,-2.01,7891
-265614.00,-2.11,7903
-265662.00,-2.43,7915
-266642.00,-2.86,7926
-265932.00,-3.15,7939
-265308.00,-3.17,7950
-266032.00,-3.19,7962
-266102.00,-3.02,7973
-266217.00,-2.60,7985
-266372.00,-2.10,7997
-266033.00,-1.76,8008
-265881.00,-1.75,8020
-266196.00,-1.87,8032
-266872.00,-2.26,8044
-266037.00,-2.54,8055
-265251.00,-2.84,8068
-265865.00,-3.06,8079
-265853.00,-3.09,8091
-265526.00,-3.16,8102
-265417.00,-3.09,8115
-266229.00,-2.93,8126
-266994.00,-2.43,8138
-266483.00,-1.96,8150
-265892.00,-1.81,8162
-266524.00,-1.76,8173
-266894.00,-2.05,8185
-266418.00,-2.27,8197
-265648.00,-2.69,8208
-265269.00,-3.05,8220
-266230.00,-3.32,8231
-266649.00,-3.36,8244
-265481.00,-3.17,8255
-264659.00,-2.85,8267
-265999.00,-2.58,8279
-266626.00,-2.23,8291
-266225.00,-1.95,8302
-266384.00,-1.88,8314
-265618.00,-2.00,8326
-265901.00,-2.20,8338
-266839.00,-2.35,8349
-266042.00,-2.62,8361
-265233.00,-3.00,8373
-265379.00,-3.27,8385
-266199.00,-3.35,8396
-266617.00,-3.10,8408
-265267.00,-2.75,8420
-264864.00,-2.52,8431
-266314.00,-2.17,8443
-266751.00,-1.82,8455
-266519.00,-1.68,8467
-266147.00,-1.79,8478
-265955.00,-2.09,8491
-267491.00,-2.54,8502
-265787.00,-3.00,8514
-265033.00,-3.33,8525
-265757.00,-3.38,8538
-265393.00,-3.18,8549
-265754.00,-3.05,8561
-266190.00,-2.57,8572
-265641.00,-2.23,8585
-266299.00,-2.13,8596
-267467.00,-1.94,8607
-266457.00,-1.84,8620
-265080.00,-1.95,8631
-265967.00,-2.23,8643
-266491.00,-2.64,8654
-265943.00,-3.03,8667
-266075.00,-3.23,8678
-265455.00,-3.30,8690
-264898.00,-3.18,8701
-266576.00,-2.85,8714
-266660.00,-2.54,8725
-264938.00,-2.27,8737
-266025.00,-1.98,8749
-267869.00,-1.77,8761
-266955.00,-1.74,8772
-266050.00,-1.87,8784
-265677.00,-2.24,8796
-266014.00,-2.72,8807
-266662.00,-3.05,8819
-265900.00,-3.24,8830
-265120.00,-3.36,8843
-264828.00,-3.18,8854
-265635.00,-2.96,8866
-265859.00,-2.55,8878
-265076.00,-2.05,8890
-266542.00,-1.69,8901
-266915.00,-1.60,8913
-267233.00,-1.66,8925
-267126.00,-1.88,8937
-265076.00,-2.33,8948
-265228.00,-2.73,8961
-266962.00,-3.22,8972
-265938.00,-3.30,8984
-264694.00,-3.19,8995
-264718.00,-2.98,9007
-266468.00,-2.86,9019
-267948.00,-2.47,9030
-266470.00,-2.07,9042
-265204.00,-1.75,9054
-265600.00,-1.66,9066
-266827.00,-1.76,9077
-267747.00,-1.95,9090
-266274.00,-2.26,9101
-264376.00,-2.73,9113
-265924.00,-3.32,9124
-266919.00,-3.55,9137
-266276.00,-3.49,9148
-265146.00,-3.17,9160
-264263.00,-2.79,9171
-266184.00,-2.47,9184
-268168.00,-2.00,9195
-266405.00,-1.61,9206
-265615.00,-1.61,9219
-266046.00,-1.82,9230
-266618.00,-2.16,9242
-267548.00,-2.46,9253
-264105.00,-2.92,9266
-265759.00,-3.42,9277
-266624.00,-3.56,9289
-266395.00,-3.50,9300
-264586.00,-3.21,9313
-263603.00,-2.78,9324
-266687.00,-2.51,9336
-267962.00,-2.09,9348
-266209.00,-1.64,9360
-265363.00,-1.52,9371
-265770.00,-1.77,9383
-266943.00,-2.31,9395
-268008.00,-2.82,9406
-265881.00,-3.21,9418
-263806.00,-3.44,9430
-265131.00,-3.58,9442
-266770.00,-3.44,9453
-266976.00,-2.93,9465
-265003.00,-2.41,9477
-264470.00,-2.12,9489
-267556.00,-1.96,9500
-268017.00,-1.75,9512
-266414.00,-1.60,9524
-265913.00,-1.80,9536
-265407.00,-2.36,9547
-266664.00,-2.93,9560
-267522.00,-3.26,9571
-265359.00,-3.47,9583
-263624.00,-3.65,9594
-265083.00,-3.37,9606
-267150.00,-2.88,9618
-267009.00,-2.21,9629
-265348.00,-1.91,9641
-266744.00,-1.81,9653
-268469.00,-1.60,9665
-266707.00,-1.60,9676
-264021.00,-1.87,9689
-265314.00,-2.40,9700
-267299.00,-2.93,9712
-266856.00,-3.33,9723
-265798.00,-3.39,9736
-264332.00,-3.35,9747
-264215.00,-3.21,9759
-267637.00,-2.87,9771
-267754.00,-2.38,9783
-264936.00,-1.75,9794
-264967.00,-1.45,9805
-266863.00,-1.54,9818
-268341.00,-1.69,9829
-267320.00,-1.88,9841
-264691.00,-2.43,9852
-264507.00,-3.09,9865
-266368.00,-3.49,9876
-266404.00,-3.47,9888
-265332.00,-3.31,9900
-264153.00,-3.01,9912
-264823.00,-2.67,9923
-267458.00,-2.27,9935
-267733.00,-1.79,9947
-265759.00,-1.61,9959
-265125.00,-1.69,9970
-265908.00,-2.04,9982
-268277.00,-2.45,9994
-267577.00,-2.64,10006
-264201.00,-3.00,10017
-266174.00,-3.32,10029
-267459.00,-3.46,10041
-266809.00,-3.32,10052
-264233.00,-2.83,10064
-264785.00,-2.39,10076
-267579.00,-2.10,10088
-268014.00,-1.74,10099
-266726.00,-1.47,10112
-264736.00,-1.47,10123
-265404.00,-1.94,10135
-268021.00,-2.52,10146
-267072.00,-2.87,10159
-264659.00,-3.03,10170
-264501.00,-3.34,10182
-265134.00,-3.42,10193
-267738.00,-3.25,10206
-267171.00,-2.84,10217
-263666.00,-2.41,10228
-265001.00,-2.03,10241
-267595.00,-1.84,10252
-267796.00,-1.74,10264
-266400.00,-1.86,10275
-263821.00,-2.15,10288
-265095.00,-2.63,10299
-267741.00,-3.03,10311
-266584.00,-3.30,10322
-264927.00,-3.37,10335
-263997.00,-3.36,10346
-264996.00,-3.08,10358
-267710.00,-2.68,10370
-266351.00,-2.22,10382
-264039.00,-1.92,10393
-265571.00,-1.93,10405
-267427.00,-1.89,10417
-267317.00,-2.01,10428
-264264.00,-2.31,10440
-264949.00,-2.65,10451
-267312.00,-3.08,10464
-266747.00,-3.26,10475
-264949.00,-3.29,10487
-263961.00,-3.33,10499
-265526.00,-3.16,10511
-266919.00,-2.81,10522
-266676.00,-2.32,10534
-265526.00,-1.87,10546
-264599.00,-1.60,10558
-266870.00,-1.67,10569
-268048.00,-2.04,10582
-265838.00,-2.37,10593
-264846.00,-2.74,10605
-265596.00,-3.10,10616
-265821.00,-3.37,10628
-266627.00,-3.36,10640
-265345.00,-3.06,10651
-263973.00,-2.75,10663
-266233.00,-2.56,10675
-267878.00,-2.28,10687
-267037.00,-1.97,10698
-265700.00,-1.71,10711
-264707.00,-1.78,10722
-266551.00,-2.23,10734
-267889.00,-2.56,10745
-266322.00,-2.69,10758
-264952.00,-2.91,10769
-264993.00,-3.16,10781
-266250.00,-3.24,10792
-265462.00,-3.15,10805
-264731.00,-2.88,10816
-265112.00,-2.53,10827
-267644.00,-2.21,10840
-267774.00,-1.89,10851
-264890.00,-1.61,10863
-264679.00,-1.72,10874
-266556.00,-2.09,10887
-267653.00,-2.46,10898
-266843.00,-2.90,10910
-264325.00,-3.20,10921
-263979.00,-3.43,10934
-266620.00,-3.47,10945
-267372.00,-3.03,10957
-265312.00,-2.44,10969
-264479.00,-2.07,10981
-265983.00,-1.87,10992
-267940.00,-1.78,11004
-267893.00,-1.77,11016
-265628.00,-1.94,11027
-264335.00,-2.25,11039
-265658.00,-2.70,11051
-267347.00,-3.04,11063
-266667.00,-3.21,11074
-263879.00,-3.11,11086
-264405.00,-2.99,11098
-266821.00,-2.77,11110
-266776.00,-2.38,11121
-266110.00,-1.99,11133
-265474.00,-1.85,11145
-265634.00,-1.85,11157
-267909.00,-1.99,11168
-268015.00,-2.12,11181
-264562.00,-2.30,11192
-265669.00,-2.80,11204
-266963.00,-3.13,11215
-267435.00,-3.30,11227
-265165.00,-3.29,11239
-264239.00,-3.06,11250
-266735.00,-2.90,11262
-267601.00,-2.49,11274
-265870.00,-1.95,11286
-264663.00,-1.77,11297
-264921.00,-1.87,11310
-267111.00,-2.18,11321
-268150.00,-2.31,11333
-266180.00,-2.41,11344
-264126.00,-2.67,11357
-265064.00,-3.08,11368
-267122.00,-3.36,11380
-266836.00,-3.23,11392
-264858.00,-2.98,11404
-264353.00,-2.73,11415
-266153.00,-2.48,11426
-267898.00,-2.32,11439
-267087.00,-2.04,11450
-264786.00,-1.81,11462
-264990.00,-2.02,11473
-267031.00,-2.44,11486
-267062.00,-2.72,11497
-266316.00,-2.94,11509
-265305.00,-3.10,11521
-264496.00,-3.21,11533
-266106.00,-3.29,11544
-266981.00,-3.01,11556
-265398.00,-2.69,11568
-265995.00,-2.38,11580
-267642.00,-2.18,11591
-267195.00,-2.06,11603
-265013.00,-1.98,11615
-265370.00,-2.14,11626
-267320.00,-2.42,11638
-267162.00,-2.79,11650
-266102.00,-3.03,11662
-264996.00,-3.05,11673
-264540.00,-3.10,11685
-266387.00,-3.02,11697
-267129.00,-2.72,11709
-265568.00,-2.45,11720
-264977.00,-2.20,11732
-265759.00,-2.13,11744
-267557.00,-2.15,11756
-267082.00,-2.12,11767
-265473.00,-2.18,11780
-265173.00,-2.49,11791
-265794.00,-2.80,11803
-266816.00,-2.91,11814
-266331.00,-2.96,11826
-264539.00,-2.97,11838
-264578.00,-3.00,11849
-266682.00,-2.80,11862
-266947.00,-2.42,11873
-265391.00,-2.01,11885
-265346.00,-1.86,11896
-266261.00,-1.84,11909
-267338.00,-1.94,11920
-267220.00,-2.09,11932
-265345.00,-2.50,11943
-264679.00,-2.85,11956
-267080.00,-3.06,11967
-265684.00,-3.07,11979
-264388.00,-2.92,11991
-265447.00,-2.80,12003
-267142.00,-2.66,12014
-267170.00,-2.28,12025
-265756.00,-1.94,12038
-264980.00,-1.74,12049
-265711.00,-1.70,12061
-267011.00,-1.85,12072
-266991.00,-2.12,12085
-265707.00,-2.38,12096
-264976.00,-2.74,12108
-265628.00,-3.15,12120
-266939.00,-3.34,12132
-266143.00,-3.31,12143
-264344.00,-3.01,12155
-264847.00,-2.72,12167
-266564.00,-2.42,12179
-267079.00,-2.14,12190
-266400.00,-1.77,12203
-265397.00,-1.71,12214
-265689.00,-1.97,12225
-266930.00,-2.36,12237
-267161.00,-2.66,12249
-265192.00,-2.89,12261
-264447.00,-3.10,12272
-265944.00,-3.18,12284
-267143.00,-3.03,12296
-266218.00,-2.72,12308
-265143.00,-2.40,12319
-265071.00,-2.30,12332
-266153.00,-2.22,12343
-266803.00,-1.96,12355
-265077.00,-1.90,12366
-265689.00,-2.03,12379
-266838.00,-2.29,12390
-267036.00,-2.80,12402
-265766.00,-3.00,12413
-264613.00,-3.03,12425
-266046.00,-3.19,12437
-266754.00,-3.19,12448
-266157.00,-2.84,12461
-265832.00,-2.51,12472
-265455.00,-2.30,12484
-266435.00,-2.21,12495
-267669.00,-2.15,12508
-266267.00,-2.17,12519
-265115.00,-2.27,12531
-265853.00,-2.58,12542
-266024.00,-2.90,12555
-266833.00,-3.10,12566
-266232.00,-3.17,12578
-264479.00,-3.05,12590
-264958.00,-2.87,12602
-266705.00,-2.66,12613
-266288.00,-2.42,12624
-265201.00,-2.22,12637
-265742.00,-2.13,12648
-266621.00,-2.03,12660
-266600.00,-2.13,12672
-266019.00,-2.36,12684
-265622.00,-2.77,12695
-265057.00,-3.01,12707
-266308.00,-3.02,12719
-267201.00,-2.86,12731
-264212.00,-2.85,12742
-265794.00,-2.77,12754
-266656.00,-2.64,12766
-266404.00,-2.43,12778
-266088.00,-2.03,12789
-265306.00,-1.85,12802
-265760.00,-2.09,12813
-267211.00,-2.26,12824
-266767.00,-2.47,12836
-265144.00,-2.60,12848
-265091.00,-2.75,12860
-266272.00,-3.02,12871
-266774.00,-3.02,12883
-265881.00,-2.80,12895
-265565.00,-2.66,12907
-265970.00,-2.64,12918
-266308.00,-2.39,12931
-266930.00,-2.09,12942
-266466.00,-1.89,12954
-265208.00,-2.00,12965
-266474.00,-2.23,12978
-267657.00,-2.48,12989
-266248.00,-2.64,13001
-265495.00,-2.78,13012
-265398.00,-2.98,13024
-265722.00,-3.03,13036
-266544.00,-2.94,13047
-266000.00,-2.72,13060
-264971.00,-2.45,13071
-265553.00,-2.20,13083
-267040.00,-2.10,13094
-267115.00,-2.16,13107
-265849.00,-2.13,13118
-266598.00,-2.27,13130
-266323.00,-2.59,13142
-266268.00,-2.77,13154
-265684.00,-2.92,13165
-264455.00,-2.99,13177
-266058.00,-2.98,13189
-267014.00,-2.83,13201
-265683.00,-2.65,13212
-265601.00,-2.36,13223
-266496.00,-2.19,13236
-266460.00,-2.00,13247
-266506.00,-2.03,13259
-266702.00,-2.08,13271
-265412.00,-2.34,13283
-265628.00,-2.75,13294
-267192.00,-2.85,13306
-266394.00,-2.88,13318
-264974.00,-2.90,13330
-265431.00,-2.85,13341
-266076.00,-2.83,13353
-266032.00,-2.80,13365
-265687.00,-2.41,13377
-265729.00,-2.13,13388
-265763.00,-2.02,13401
-266080.00,-1.95,13412
-266861.00,-2.10,13423
-266394.00,-2.39,13435
-265108.00,-2.84,13447
-266320.00,-3.09,13459
-266862.00,-3.17,13470
-265503.00,-3.15,13483
-265164.00,-3.04,13494
-265977.00,-2.93,13506
-265522.00,-2.59,13517
-266484.00,-2.18,13530
-265895.00,-2.03,13541
-265362.00,-1.90,13553
-266492.00,-1.92,13564
-266953.00,-2.28,13577
-265859.00,-2.57,13588
-265065.00,-2.84,13600
-265811.00,-3.21,13612
-266154.00,-3.32,13623
-265783.00,-3.20,13635
-265672.00,-2.95,13646
-265777.00,-2.64,13659
-265970.00,-2.37,13670
-266186.00,-2.18,13682
-266651.00,-2.13,13693
-266112.00,-2.20,13706
-266023.00,-2.28,13717
-266398.00,-2.42,13729
-266058.00,-2.62,13741
-266137.00,-2.87,13753
-265945.00,-3.02,13764
-265685.00,-3.01,13776
-265980.00,-2.87,13788
-265746.00,-2.69,13800
-265972.00,-2.62,13811
-266196.00,-2.44,13822
-265926.00,-2.31,13835
-266361.00,-2.16,13846
-266892.00,-2.14,13858
-266725.00,-2.21,13870
-265920.00,-2.28,13882
-266409.00,-2.40,13893
-266541.00,-2.62,13905
-265580.00,-2.93,13917
-266033.00,-3.05,13929
-266090.00,-2.98,13940
-265422.00,-2.86,13953
-266083.00,-2.57,13964
-266453.00,-2.32,13976
-265542.00,-2.09,13987
-265729.00,-2.02,14000
-266830.00,-2.10,14011
-266660.00,-2.28,14022
-266076.00,-2.48,14034
-265668.00,-2.65,14046
-265841.00,-2.76,14058
-266365.00,-2.86,14069
-266075.00,-2.94,14082
-265130.00,-2.84,14093
-265768.00,-2.71,14105
-266042.00,-2.63,14116
-266339.00,-2.42,14129
-266683.00,-2.19,14140
-265815.00,-2.06,14152
-265993.00,-2.14,14163
-266394.00,-2.20,14176
-266666.00,-2.34,14187
-266339.00,-2.52,14199
-265302.00,-2.78,14211
-265792.00,-2.87,14222
-266033.00,-2.92,14234
-265068.00,-2.83,14245
-266069.00,-2.59,14258
-266570.00,-2.41,14269
-266052.00,-2.38,14281
-266861.00,-2.24,14292
-265584.00,-2.11,14305
-265680.00,-2.12,14316
-266742.00,-2.31,14328
-266378.00,-2.52,14340
-265597.00,-2.65,14352
-265653.00,-2.88,14363
-266196.00,-2.92,14375
-266404.00,-2.88,14387
-265483.00,-2.78,14399
-265840.00,-2.68,14410
-266397.00,-2.51,14422
-265604.00,-2.48,14434
-266295.00,-2.31,14445
-266701.00,-2.18,14457
-265410.00,-2.31,14469
-265467.00,-2.51,14481
-266337.00,-2.57,14492
-265682.00,-2.73,14504
-265361.00,-2.88,14516
-265644.00,-2.86,14528
-265777.00,-2.87,14539
-265732.00,-2.78,14552
-266161.00,-2.62,14563
-266145.00,-2.49,14575
-265235.00,-2.37,14586
-265562.00,-2.38,14598
-266730.00,-2.39,14610
-266465.00,-2.43,14621
-265778.00,-2.46,14633
-265908.00,-2.53,14645
-266264.00,-2.73,14657
-265534.00,-2.99,14668
-265312.00,-3.02,14681
-265689.00,-2.82,14692
-266038.00,-2.69,14704
-266450.00,-2.48,14715
-265926.00,-2.29,14728
-265626.00,-2.13,14739
-266475.00,-2.14,14751
-266324.00,-2.21,14763
-266126.00,-2.25,14775
-266011.00,-2.49,14786
-265987.00,-2.77,14797
-265668.00,-2.88,14810
-265515.00,-2.95,14821
-266397.00,-2.90,14833
-265859.00,-2.85,14844
-265348.00,-2.67,14857
-266665.00,-2.44,14868
-266590.00,-2.40,14880
-265769.00,-2.24,14892
-266512.00,-2.10,14904
-266992.00,-2.13,14915
-266158.00,-2.19,14927
-266109.00,-2.39,14939
-266239.00,-2.58,14951
-266118.00,-2.80,14962
-265702.00,-2.89,14974
-265693.00,-2.88,14986
-265833.00,-2.81,14997
-265702.00,-2.72,15009
-265774.00,-2.54,15021
-266311.00,-2.35,15033
-266043.00,-2.13,15044
-266352.00,-1.96,15056
-266227.00,-1.98,15068
-266641.00,-2.15,15080
-266236.00,-2.34,15091
-265387.00,-2.69,15104
-265210.00,-2.95,15115
-266241.00,-3.04,15127
-265661.00,-2.99,15138
-265811.00,-2.75,15151
-266216.00,-2.49,15162
-265544.00,-2.38,15174
-266448.00,-2.28,15185
-266715.00,-2.12,15197
-266074.00,-2.21,15209
-266195.00,-2.21,15220
-266439.00,-2.31,15233
-266229.00,-2.49,15244
-265675.00,-2.61,15256
-265569.00,-2.71,15267
-265481.00,-2.92,15280
-265577.00,-3.03,15291
-266057.00,-2.97,15303
-266187.00,-2.84,15314
-266055.00,-2.71,15327
-265577.00,-2.43,15338
-266382.00,-2.15,15350
-266455.00,-1.99,15362
-266401.00,-1.99,15374
-266270.00,-2.06,15385
-266041.00,-2.37,15396
-266450.00,-2.61,15409
-266019.00,-2.77,15420
-265404.00,-3.04,15432
-265917.00,-3.14,15443
-265902.00,-3.07,15456
-265399.00,-3.02,15467
-265730.00,-2.68,15479
-265806.00,-2.40,15491
-265818.00,-2.21,15503
-266356.00,-2.05,15514
-266765.00,-2.21,15526
-266155.00,-2.32,15538
-265387.00,-2.48,15550
-265946.00,-2.66,15561
-266105.00,-2.75,15574
-265736.00,-2.96,15585
-265939.00,-3.04,15596
-265355.00,-3.01,15608
-265877.00,-2.82,15620
-266596.00,-2.52,15632
-266057.00,-2.37,15643
-266018.00,-2.43,15655
-266442.00,-2.45,15667
-266427.00,-2.50,15679
-266075.00,-2.47,15690
-266179.00,-2.49,15703
-265853.00,-2.62,15714
-266141.00,-2.71,15726
-266320.00,-2.75,15737
-265774.00,-2.90,15750
-265476.00,-2.91,15761
-265698.00,-2.79,15773
-265884.00,-2.52,15784
-265932.00,-2.38,15796
-265585.00,-2.31,15808
-266020.00,-2.29,15819
-266166.00,-2.26,15832
-266260.00,-2.18,15843
-266306.00,-2.29,15855
-265497.00,-2.50,15866
-266145.00,-2.67,15879
-266617.00,-2.86,15890
-265383.00,-2.95,15902
-265234.00,-2.87,15913
-266049.00,-2.86,15926
-266136.00,-2.71,15937
-266424.00,-2.52,15949
-266715.00,-2.32,15961
-266060.00,-2.12,15973
-265881.00,-2.07,15984
-266424.00,-2.10,15995
-266462.00,-2.25,16008
-265736.00,-2.43,16019
-265410.00,-2.65,16031
-266099.00,-2.93,16043
-265934.00,-2.98,16055
-266256.00,-2.88,16066
-266492.00,-2.59,16078
-265920.00,-2.35,16090
-266104.00,-2.29,16102
-266160.00,-2.25,16113
-266113.00,-2.14,16125
-266579.00,-2.16,16137
-266570.00,-2.41,16149
-266060.00,-2.41,16160
-266057.00,-2.59,16172
-265815.00,-2.83,16184
-265892.00,-2.90,16195
-265904.00,-2.87,16207
-266213.00,-2.82,16219
-265915.00,-2.70,16231
-266018.00,-2.63,16242
-266741.00,-2.38,16254
-265604.00,-2.18,16266
-265600.00,-2.06,16278
-266696.00,-2.16,16289
-265803.00,-2.49,16302
-265392.00,-2.57,16313
-266357.00,-2.63,16325
-265842.00,-2.87,16336
-265223.00,-2.95,16349
-265763.00,-2.98,16360
-266191.00,-2.78,16372
-265679.00,-2.66,16384
-265962.00,-2.47,16395
-266166.00,-2.28,16407
-265842.00,-2.14,16418
-265829.00,-2.01,16431
-266564.00,-2.04,16442
-266137.00,-2.41,16454
-265877.00,-2.60,16465
-266352.00,-2.80,16478
-265723.00,-3.09,16489
-265476.00,-3.10,16501
-265741.00,-3.08,16513
-265771.00,-2.94,16525
-266169.00,-2.69,16536
-266577.00,-2.44,16548
-265668.00,-2.12,16560
-265275.00,-2.04,16571
-266486.00,-2.05,16583
-267426.00,-2.16,16594
-265568.00,-2.40,16607
-265790.00,-2.57,16618
-265999.00,-2.82,16630
-265648.00,-3.03,16642
-265887.00,-3.15,16654
-265551.00,-3.28,16665
-265279.00,-3.11,16677
-266617.00,-2.73,16689
-266171.00,-2.40,16701
-265581.00,-2.12,16712
-266349.00,-1.86,16724
-266521.00,-2.04,16736
-266401.00,-2.23,16748
-266215.00,-2.52,16759
-266005.00,-2.71,16771
-265441.00,-2.94,16783
-265499.00,-3.16,16794
-265881.00,-3.13,16806
-265749.00,-2.92,16818
-265540.00,-2.80,16830
-265885.00,-2.54,16841
-266568.00,-2.22,16854
-266262.00,-1.97,16865
-265782.00,-1.92,16877
-265956.00,-2.15,16888
-266081.00,-2.32,16901
-266769.00,-2.44,16912
-266253.00,-2.60,16924
-265296.00,-2.92,16935
-265236.00,-3.20,16948
-265927.00,-3.16,16959
-266346.00,-2.90,16970
-265822.00,-2.69,16983
-265543.00,-2.45,16994
-266593.00,-2.15,17006
-267340.00,-2.06,17017
-265584.00,-2.11,17030
-265474.00,-2.18,17041
-266558.00,-2.24,17053
-266031.00,-2.31,17064
-265972.00,-2.36,17077
-266147.00,-2.45,17088
-265447.00,-2.79,17100
-265690.00,-3.03,17112
-266497.00,-2.99,17124
-265860.00,-2.87,17135
-265198.00,-2.66,17147
-265598.00,-2.40,17159
-266476.00,-2.15,17170
-266511.00,-2.03,17182
-266564.00,-2.07,17193
-265790.00,-2.25,17206
-265676.00,-2.52,17217
-267371.00,-2.78,17229
-266378.00,-2.92,17241
-264488.00,-3.06,17253
-265761.00,-3.00,17264
-266585.00,-2.81,17276
-265673.00,-2.53,17288
-265889.00,-2.34,17300
-266130.00,-2.26,17311
-265704.00,-2.31,17324
-266247.00,-2.32,17335
-266878.00,-2.30,17347
-266042.00,-2.27,17358
-265244.00,-2.49,17370
-266556.00,-2.68,17382
-265382.00,-2.69,17393
-265549.00,-2.87,17405
-265494.00,-3.04,17417
-265309.00,-3.01,17429
-266722.00,-2.74,17440
-266636.00,-2.45,17453
-264618.00,-2.19,17464
-265771.00,-2.07,17476
-267218.00,-2.21,17487
-266041.00,-2.33,17500
-265335.00,-2.46,17511
-266449.00,-2.73,17523
-265989.00,-2.88,17534
-265877.00,-2.87,17547
-266790.00,-2.92,17558
-265355.00,-2.86,17569
-264840.00,-2.77,17582
-266235.00,-2.75,17593
-267018.00,-2.56,17605
-265819.00,-2.24,17616
-265475.00,-2.18,17629
-265161.00,-2.14,17640
-265884.00,-2.31,17652
-267470.00,-2.41,17664
-266159.00,-2.64,17676
-264748.00,-2.85,17687
-265546.00,-2.95,17699
-266617.00,-2.95,17711
-266315.00,-2.85,17723
-265650.00,-2.67,17734
-264967.00,-2.52,17746
-265665.00,-2.43,17758
-266899.00,-2.35,17769
-265453.00,-2.27,17781
-264691.00,-2.20,17793
-266137.00,-2.31,17805
-267375.00,-2.60,17816
-266180.00,-2.71,17828
-265366.00,-2.77,17840
-265479.00,-2.94,17852
-265987.00,-3.05,17863
-266327.00,-3.03,17875
-265666.00,-2.71,17887
-265252.00,-2.46,17899
-266302.00,-2.29,17910
-266887.00,-2.20,17923
-266443.00,-2.19,17934
-265966.00,-2.11,17946
-265866.00,-2.22,17957
-266017.00,-2.53,17969
-266543.00,-2.74,17981
-266537.00,-2.95,17992
-265444.00,-2.99,18004
-265127.00,-2.90,18016
-266203.00,-2.73,18028
-266777.00,-2.58,18039
-266090.00,-2.35,18052
-265963.00,-2.20,18063
-266629.00,-1.95,18075
-267106.00,-2.04,18086
-266646.00,-2.20,18099
-265856.00,-2.35,18110
-265682.00,-2.62,18122
-266072.00,-2.81,18134
-265774.00,-3.08,18146
-265348.00,-3.08,18157
-265189.00,-2.79,18168
-265870.00,-2.56,18181
-266491.00,-2.46,18192
-265989.00,-2.30,18204
-265806.00,-2.10,18215
-265929.00,-2.11,18228
-266623.00,-2.22,18239
-266558.00,-2.35,18251
-265141.00,-2.58,18263
-265342.00,-2.77,18275
-265958.00,-2.94,18286
-265505.00,-3.01,18298
-265788.00,-2.89,18310
-265458.00,-2.73,18322
-265438.00,-2.63,18333
-266644.00,-2.41,18344
-267105.00,-2.16,18357
-265995.00,-1.98,18368
-265304.00,-1.97,18380
-266604.00,-2.18,18392
-267230.00,-2.50,18404
-266123.00,-2.75,18415
-265548.00,-3.00,18427
-265699.00,-3.17,18439
-265738.00,-3.23,18451
-266681.00,-3.22,18462
-266301.00,-2.88,18475
-264817.00,-2.58,18486
-266354.00,-2.22,18498
-267606.00,-2.03,18509
-266224.00,-1.99,18522
-266568.00,-2.03,18533
-266177.00,-2.32,18545
-266243.00,-2.72,18556
-265636.00,-2.89,18568
-265582.00,-3.00,18580
-265311.00,-3.24,18591
-265485.00,-3.24,18604
-266647.00,-3.17,18615
-266071.00,-2.90,18627
-265344.00,-2.48,18638
-265746.00,-2.12,18651
-265957.00,-1.99,18662
-267228.00,-2.08,18674
-267457.00,-2.10,18685
-265085.00,-2.30,18698
-265501.00,-2.75,18709
-266895.00,-2.98,18721
-265528.00,-3.17,18733
-265161.00,-3.16,18744
-266151.00,-2.93,18756
-265866.00,-2.89,18767
-265526.00,-2.77,18780
-266047.00,-2.39,18791
-266070.00,-2.11,18803
-265587.00,-1.90,18814
-266130.00,-1.99,18827
-267042.00,-2.16,18838
-266042.00,-2.34,18850
-265540.00,-2.75,18862
-266471.00,-3.01,18874
-265823.00,-3.19,18885
-266053.00,-3.14,18897
-266477.00,-3.00,18909
-266136.00,-2.62,18921
-266918.00,-2.24,18932
-266049.00,-2.06,18944
-266037.00,-1.91,18956
-266330.00,-1.81,18967
-266916.00,-2.05,18979
-266171.00,-2.23,18991
-265210.00,-2.56,19003
-266695.00,-2.94,19014
-266190.00,-3.14,19026
-265323.00,-3.21,19038
-266121.00,-3.13,19050
-265579.00,-2.94,19061
-265718.00,-2.66,19074
-266667.00,-2.27,19085
-266024.00,-2.06,19097
-265662.00,-1.83,19108
-267208.00,-1.75,19121
-266725.00,-1.96,19132
-265798.00,-2.30,19143
-266471.00,-2.45,19155
-266397.00,-2.91,19167
-265286.00,-3.15,19179
-265821.00,-3.10,19190
-266751.00,-2.91,19203
-265858.00,-2.71,19214
-265663.00,-2.55,19226
-266277.00,-2.33,19237
-266287.00,-2.21,19250
-266456.00,-2.10,19261
-266584.00,-2.14,19273
-265312.00,-2.39,19284
-265536.00,-2.64,19297
-266230.00,-2.77,19308
-265045.00,-2.96,19320
-265124.00,-3.05,19332
-265763.00,-3.09,19343
-266114.00,-2.99,19355
-265530.00,-2.54,19366
-265758.00,-2.26,19379
-265769.00,-2.02,19390
-266360.00,-1.98,19402
-267352.00,-2.09,19414
-265802.00,-2.15,19426
-265414.00,-2.20,19437
-266637.00,-2.54,19449
-265800.00,-2.86,19461
-265593.00,-2.99,19473
-266572.00,-2.87,19484
-265209.00,-2.78,19496
-264526.00,-2.83,19508
-266596.00,-2.63,19520
-267104.00,-2.50,19531
-265784.00,-2.39,19543
-265249.00,-2.17,19555
-265917.00,-2.30,19566
-266188.00,-2.31,19578
-265825.00,-2.43,19590
-265916.00,-2.61,19602
-265494.00,-2.81,19613
-265896.00,-3.06,19625
-266899.00,-2.98,19637
-265864.00,-2.74,19649
-265737.00,-2.70,19660
-266441.00,-2.66,19673
-266050.00,-2.41,19684
-266622.00,-2.27,19696
-265677.00,-2.23,19707
-265480.00,-2.42,19720
-266482.00,-2.61,19731
-266143.00,-2.78,19742
-265792.00,-2.98,19755
-265240.00,-3.06,19766
-265648.00,-3.06,19778
-265857.00,-3.03,19789
-265818.00,-2.71,19802
-266126.00,-2.48,19813
-265548.00,-2.28,19825
-266304.00,-2.18,19836
-266967.00,-2.19,19849
-265432.00,-2.21,19860
-265842.00,-2.35,19872
-266914.00,-2.59,19884
-265715.00,-2.71,19896
-265577.00,-2.83,19907
-265920.00,-2.87,19919
-265653.00,-2.95,19931
-265720.00,-2.97,19942
-266242.00,-2.84,19954
-265768.00,-2.58,19965
-265367.00,-2.37,19978
-266362.00,-2.37,19989
-266771.00,-2.18,20001
-266049.00,-2.13,20013
-265801.00,-2.26,20025
-266242.00,-2.45,20036
-266114.00,-2.66,20048
-266248.00,-2.78,20060
-266340.00,-2.87,20072
-265724.00,-2.95,20083
-266720.00,-2.89,20096
-265859.00,-2.66,20107
-266085.00,-2.45,20119
-266391.00,-2.26,20130
-265772.00,-2.06,20142
-265810.00,-2.15,20154
-265842.00,-2.29,20165
-266017.00,-2.46,20177
-266086.00,-2.74,20189
-266158.00,-2.90,20201
-266089.00,-2.92,20212
-265298.00,-2.87,20225
-265492.00,-2.71,20236
-266566.00,-2.49,20248
-266016.00,-2.34,20259
-265287.00,-2.18,20272
-266216.00,-2.22,20283
-266451.00,-2.28,20295
-265944.00,-2.35,20306
-266469.00,-2.41,20319
-266132.00,-2.44,20330
-265642.00,-2.66,20341
-266353.00,-2.77,20354
-265771.00,-2.79,20365
-265631.00,-2.78,20377
-266110.00,-2.74,20388
-265769.00,-2.64,20401
-265587.00,-2.57,20412
-266276.00,-2.36,20424
-266284.00,-2.24,20435
-265365.00,-2.22,20448
-265597.00,-2.33,20459
-266335.00,-2.47,20471
-265570.00,-2.61,20483
-265469.00,-2.67,20495
-265457.00,-2.93,20506
-265992.00,-2.98,20518
-266165.00,-2.82,20530
-265332.00,-2.79,20541
-265425.00,-2.66,20553
-267026.00,-2.51,20564
-266532.00,-2.39,20577
-265584.00,-2.30,20588
-266106.00,-2.32,20600
-265944.00,-2.40,20612
-266449.00,-2.58,20624
-266640.00,-2.77,20635
-265790.00,-2.94,20647
-265215.00,-2.88,20659
-265898.00,-2.70,20671
-266433.00,-2.64,20682
-265525.00,-2.55,20695
-265579.00,-2.48,20706
-266481.00,-2.53,20718
-266147.00,-2.39,20729
-266345.00,-2.29,20741
-266346.00,-2.32,20753
-265139.00,-2.45,20764
-265322.00,-2.64,20776
-266833.00,-2.75,20788
-266699.00,-2.77,20800
-265501.00,-2.85,20811
-265554.00,-2.85,20824
-266068.00,-2.87,20835
-266797.00,-2.69,20847
-265277.00,-2.49,20858
-265936.00,-2.46,20871
-266905.00,-2.30,20882
-266489.00,-2.20,20894
-266054.00,-2.24,20905
-265802.00,-2.24,20917
-265637.00,-2.43,20929
-266491.00,-2.69,20940
-266443.00,-2.95,20953
-265829.00,-3.02,20964
-265536.00,-2.96,20976
-265601.00,-2.87,20987
-265840.00,-2.73,21000
-266050.00,-2.36,21011
-266113.00,-2.16,21023
-265422.00,-2.16,21035
-266318.00,-2.18,21047
-267364.00,-2.34,21058
-265923.00,-2.36,21070
-264862.00,-2.53,21082
-265774.00,-2.85,21094
-266300.00,-2.87,21105
-266020.00,-2.94,21116
-265678.00,-2.80,21129
-265256.00,-2.69,21140
-265788.00,-2.49,21152
-266837.00,-2.33,21164
-265971.00,-2.34,21176
-265236.00,-2.26,21187
-266215.00,-2.14,21199
-266658.00,-2.33,21211
-266443.00,-2.44,21223
-266405.00,-2.51,21234
-265443.00,-2.66,21246
-266049.00,-2.79,21258
-267086.00,-2.78,21270
-266115.00,-2.75,21281
-264803.00,-2.72,21294
-265806.00,-2.50,21305
-267508.00,-2.39,21316
-265986.00,-2.28,21328
-265447.00,-2.28,21340
-266688.00,-2.41,21352
-265532.00,-2.65,21363
-265950.00,-2.77,21376
-266863.00,-2.88,21387
-264685.00,-2.94,21399
-265163.00,-2.79,21410
-267076.00,-2.84,21423
-266446.00,-2.67,21434
-265813.00,-2.44,21446
-265956.00,-2.38,21457
-265776.00,-2.33,21470
-266006.00,-2.29,21481
-266694.00,-2.34,21493
-266580.00,-2.54,21505
-265491.00,-2.72,21516
-265532.00,-2.96,21528
-266073.00,-2.96,21539
-265266.00,-2.91,21552
-265033.00,-2.89,21563
-266088.00,-2.71,21575
-266118.00,-2.53,21586
-265983.00,-2.38,21599
-266640.00,-2.26,21610
-265671.00,-2.36,21622
-266784.00,-2.53,21634
-266412.00,-2.48,21646
-265547.00,-2.51,21657
-265319.00,-2.66,21669
-266223.00,-2.79,21681
-266381.00,-2.97,21693
-266089.00,-2.96,21704
-266143.00,-2.86,21715
-264911.00,-2.83,21728
-265672.00,-2.79,21739
-267581.00,-2.74,21751
-266381.00,-2.49,21763
-265215.00,-2.28,21775
-266191.00,-2.10,21786
-266419.00,-2.19,21798
-266193.00,-2.44,21810
-266420.00,-2.60,21822
-265629.00,-2.79,21833
-265061.00,-2.95,21846
-266104.00,-2.94,21857
-266294.00,-2.88,21869
-265757.00,-2.69,21880
-265877.00,-2.56,21893
-265834.00,-2.41,21904
-265745.00,-2.37,21915
-266476.00,-2.35,21927
-266285.00,-2.24,21939
-265528.00,-2.29,21951
-266031.00,-2.36,21962
-266877.00,-2.53,21975
-265711.00,-2.71,21986
-264849.00,-2.81,21998
-266131.00,-2.99,22009
-265796.00,-2.91,22022
-265622.00,-2.68,22033
-265363.00,-2.52,22045
-265653.00,-2.44,22056
-266556.00,-2.44,22069
-266801.00,-2.32,22080
-265436.00,-2.26,22092
-265577.00,-2.31,22104
-266946.00,-2.39,22115
-266206.00,-2.51,22127
-265883.00,-2.53,22138
-266124.00,-2.55,22151
-265226.00,-2.65,22162
-265500.00,-2.78,22174
-266704.00,-2.82,22185
-265973.00,-2.65,22198
-265167.00,-2.48,22209
-266416.00,-2.27,22221
-266573.00,-2.15,22233
-265875.00,-2.18,22245
-266045.00,-2.22,22256
-265976.00,-2.41,22268
-266010.00,-2.58,22280
-266198.00,-2.78,22292
-266331.00,-2.65,22303
-265579.00,-2.61,22315
-265462.00,-2.61,22327
-265828.00,-2.62,22338
-265947.00,-2.55,22350
-266090.00,-2.57,22362
-265334.00,-2.48,22374
-265194.00,-2.50,22385
-266109.00,-2.43,22397
-265937.00,-2.41,22409
-265609.00,-2.38,22421
-266328.00,-2.29,22432
-266636.00,-2.43,22445
-265958.00,-2.58,22456
-265751.00,-2.68,22468
-266221.00,-2.82,22479
-265998.00,-2.67,22492
-265993.00,-2.70,22503
-266304.00,-2.67,22514
-265673.00,-2.44,22526
-265279.00,-2.41,22538
-266250.00,-2.47,22550
-266522.00,-2.52,22561
-265691.00,-2.53,22574
-265531.00,-2.63,22585
-265470.00,-2.77,22597
-265708.00,-2.82,22608
-266284.00,-2.77,22621
-265912.00,-2.81,22632
-265666.00,-2.73,22644
-266480.00,-2.64,22656
-266497.00,-2.51,22668
-265326.00,-2.42,22679
-265676.00,-2.37,22691
-266686.00,-2.44,22703
-266139.00,-2.44,22714
-265602.00,-2.49,22726
-265503.00,-2.66,22737
-265610.00,-2.77,22750
-265596.00,-2.82,22761
-265779.00,-2.92,22773
-265742.00,-2.87,22785
-265331.00,-2.60,22797
-266507.00,-2.49,22808
-266093.00,-2.32,22820
-265759.00,-2.13,22832
-266636.00,-2.18,22844
-266115.00,-2.36,22855
-266034.00,-2.43,22867
-266715.00,-2.56,22879
-265969.00,-2.67,22891
-265210.00,-2.86,22902
-266268.00,-3.03,22914
-265873.00,-2.96,22926
-265344.00,-2.79,22937
-266126.00,-2.66,22949
-265587.00,-2.45,22961
-265437.00,-2.18,22973
-266847.00,-2.06,22984
-266299.00,-2.12,22996
-265676.00,-2.26,23008
-266331.00,-2.49,23020
-266349.00,-2.63,23031
-265821.00,-2.86,23044
-265678.00,-2.90,23055
-265693.00,-2.90,23067
-265644.00,-2.85,23078
-265805.00,-2.77,23091
-266132.00,-2.61,23102
-265626.00,-2.46,23113
-265577.00,-2.35,23126
-266661.00,-2.22,23137
-266096.00,-2.02,23149
-265699.00,-2.02,23160
-266095.00,-2.20,23173
-266355.00,-2.48,23184
-266295.00,-2.78,23196
-265756.00,-2.92,23207
-265852.00,-3.09,23220
-265416.00,-3.11,23231
-265953.00,-2.94,23243
-266366.00,-2.69,23255
-265045.00,-2.22,23267
-266288.00,-1.93,23278
-267448.00,-1.91,23289
-266391.00,-1.95,23302
-265989.00,-2.08,23313
-265837.00,-2.49,23325
-265618.00,-2.68,23336
-266421.00,-3.10,23349
-265465.00,-3.22,23360
-264551.00,-3.17,23372
-265975.00,-3.07,23384
-266074.00,-2.80,23396
-266279.00,-2.55,23407
-265893.00,-2.24,23419
-264931.00,-1.99,23431
-266659.00,-1.97,23443
-267095.00,-1.94,23454
-265718.00,-2.06,23467
-265817.00,-2.38,23478
-265640.00,-2.78,23490
-266098.00,-3.12,23501
-266812.00,-3.21,23513
-265984.00,-3.15,23525
-264997.00,-2.99,23536
-265118.00,-2.73,23548
-266380.00,-2.49,23560
-266073.00,-2.35,23572
-265957.00,-2.08,23583
-266129.00,-1.91,23596
-266698.00,-2.01,23607
-266736.00,-2.24,23619
-265527.00,-2.45,23630
-265224.00,-2.73,23643
-265968.00,-3.05,23654
-265716.00,-3.25,23666
-265852.00,-3.14,23677
-265661.00,-2.99,23689
-265294.00,-2.80,23701
-266208.00,-2.57,23712
-266448.00,-2.22,23725
-265876.00,-2.07,23736
-266175.00,-2.09,23748
-265996.00,-2.20,23759
-266364.00,-2.41,23772
-266452.00,-2.70,23783
-265476.00,-2.99,23795
-265841.00,-3.24,23806
-265894.00,-3.19,23819
-265651.00,-3.05,23830
-265782.00,-2.82,23842
-265809.00,-2.52,23854
-265925.00,-2.30,23866
-266192.00,-2.15,23877
-266836.00,-2.12,23888
-266720.00,-2.05,23901
-265691.00,-2.24,23912
-266308.00,-2.50,23924
-266268.00,-2.71,23936
-266237.00,-2.88,23948
-265006.00,-3.12,23959
-265644.00,-3.10,23971
-266716.00,-3.05,23983
-265631.00,-2.82,23995
-265535.00,-2.41,24006
-266511.00,-2.11,24018
-266728.00,-1.87,24030
-266309.00,-1.95,24042
-266469.00,-2.12,24053
-266274.00,-2.28,24066
-265749.00,-2.65,24077
-266207.00,-2.90,24088
-266239.00,-3.17,24100
-265195.00,-3.36,24112
-265664.00,-3.18,24124
-266679.00,-2.89,24135
-266308.00,-2.50,24147
-265844.00,-2.24,24159
-266146.00,-1.95,24171
-266437.00,-1.82,24182
-266807.00,-1.97,24195
-266747.00,-2.03,24206
-266085.00,-2.18,24218
-265300.00,-2.59,24229
-265505.00,-2.88,24242
-266356.00,-3.10,24253
-265668.00,-3.11,24265
-265009.00,-3.03,24276
-266176.00,-2.86,24288
-266297.00,-2.60,24300
-266286.00,-2.20,24311
-266934.00,-1.88,24324
-265944.00,-1.78,24335
-267237.00,-1.87,24347
-266464.00,-2.04,24358
-265420.00,-2.24,24371
-265623.00,-2.62,24382
-265783.00,-3.10,24394
-266259.00,-3.36,24406
-266296.00,-3.28,24418
-265048.00,-3.05,24429
-265829.00,-2.76,24441
-266769.00,-2.56,24453
-266321.00,-2.28,24465
-266924.00,-2.01,24476
-266352.00,-1.87,24487
-266044.00,-1.84,24500
-266952.00,-2.30,24511
-266088.00,-2.66,24523
-265273.00,-2.84,24535
-265371.00,-3.13,24547
-265204.00,-3.30,24558
-266283.00,-3.29,24570
-266189.00,-3.03,24582
-265437.00,-2.69,24594
-265727.00,-2.47,24605
-265761.00,-2.21,24617
-266533.00,-2.00,24629
-266777.00,-1.88,24641
-265646.00,-2.01,24652
-266142.00,-2.23,24665
-266710.00,-2.55,24676
-265820.00,-2.85,24687
-266103.00,-3.08,24699
-265559.00,-3.24,24711
-266134.00,-3.23,24723
-265413.00,-3.14,24734
-265623.00,-2.64,24747
-266176.00,-2.40,24758
-266351.00,-2.19,24770
-267090.00,-2.03,24781
-265963.00,-2.01,24794
-265842.00,-2.06,24805
-266595.00,-2.38,24817
-265929.00,-2.63,24828
-266111.00,-2.76,24841
-265705.00,-3.03,24852
-265073.00,-3.12,24864
-265947.00,-3.15,24876
-266658.00,-3.09,24887
-265681.00,-2.79,24899
-265739.00,-2.42,24910
-266196.00,-2.08,24923
-266062.00,-1.89,24934
-266325.00,-1.88,24946
-266303.00,-2.09,24957
-266156.00,-2.39,24970
-265753.00,-2.79,24981
-265673.00,-3.10,24993
-266426.00,-3.26,25005
-265697.00,-3.18,25017
-264984.00,-3.02,25028
-265856.00,-2.81,25040
-266161.00,-2.54,25052
-266500.00,-2.29,25064
-266543.00,-2.13,25075
-266269.00,-2.06,25086
-266396.00,-2.07,25099
-266361.00,-2.19,25110
-265267.00,-2.47,25122
-266029.00,-2.88,25134
-265901.00,-3.13,25146
-265345.00,-3.22,25157
-265957.00,-3.11,25169
-265739.00,-2.92,25181
-265643.00,-2.64,25193
-266417.00,-2.36,25204
-266877.00,-2.16,25217
-266163.00,-1.98,25228
-265776.00,-1.97,25240
-266373.00,-2.05,25251
-266307.00,-2.34,25264
-266002.00,-2.63,25275
-265614.00,-2.80,25286
-265750.00,-3.01,25298
-265649.00,-3.10,25310
-265740.00,-3.08,25322
-265305.00,-2.93,25333
-265596.00,-2.79,25346
-266469.00,-2.46,25357
-266160.00,-2.22,25369
-265999.00,-2.16,25380
-266340.00,-2.04,25393
-266506.00,-2.07,25404
-266586.00,-2.31,25416
-265872.00,-2.60,25427
-266300.00,-2.86,25440
-266202.00,-3.13,25451
-265573.00,-3.17,25462
-265930.00,-3.05,25475
-266335.00,-2.89,25486
-265568.00,-2.67,25498
-266464.00,-2.44,25509
-266516.00,-2.19,25522
-266507.00,-2.10,25533
-266551.00,-2.12,25545
-265982.00,-2.16,25556
-265714.00,-2.37,25569
-266382.00,-2.78,25580
-265981.00,-3.10,25592
-265396.00,-3.21,25604
-266446.00,-3.20,25616
-265413.00,-3.10,25627
-265330.00,-2.82,25639
-266527.00,-2.46,25651
-265829.00,-2.22,25662
-266016.00,-2.08,25674
-266903.00,-2.13,25686
-266070.00,-2.22,25698
-265492.00,-2.32,25709
-266147.00,-2.50,25721
-265979.00,-2.80,25733
-265677.00,-3.04,25745
-265848.00,-3.17,25756
-265603.00,-3.24,25768
-265912.00,-3.08,25780
-265975.00,-2.75,25792
-266053.00,-2.41,25803
-266084.00,-2.26,25816
-266010.00,-2.10,25827
-266659.00,-2.21,25839
-266437.00,-2.30,25850
-265960.00,-2.38,25862
-266489.00,-2.58,25874
-265040.00,-2.77,25885
-265896.00,-3.00,25897
-266593.00,-3.09,25909
-265364.00,-3.09,25921
-265130.00,-2.86,25932
-267059.00,-2.59,25945
-266161.00,-2.32,25956
-265421.00,-2.14,25968
-266759.00,-2.02,25979
-266377.00,-2.13,25992
-265676.00,-2.27,26003
-266238.00,-2.54,26015
-266018.00,-2.72,26027
-265540.00,-2.90,26039
-265821.00,-2.98,26050
-265835.00,-3.03,26061
-265115.00,-2.96,26074
-265778.00,-2.76,26085
-266875.00,-2.39,26097
-266295.00,-2.11,26108
-266007.00,-1.97,26121
-266333.00,-1.98,26132
-266183.00,-2.14,26144
-266247.00,-2.36,26156
-266778.00,-2.56,26168
-265841.00,-2.66,26179
-265090.00,-2.96,26191
-265853.00,-3.08,26203
-266243.00,-3.03,26215
-266046.00,-2.93,26226
-265885.00,-2.65,26238
-266152.00,-2.41,26250
-266273.00,-2.22,26261
-266360.00,-2.15,26273
-266046.00,-2.07,26285
-265949.00,-2.08,26297
-266548.00,-2.28,26308
-265630.00,-2.55,26320
-265615.00,-2.88,26332
-266184.00,-3.16,26344
-265770.00,-3.25,26355
-265955.00,-3.25,26368
-266527.00,-3.13,26379
-265621.00,-2.78,26391
-265506.00,-2.42,26402
-266516.00,-2.16,26415
-266650.00,-2.02,26426
-266307.00,-1.85,26438
-265966.00,-2.05,26449
-265804.00,-2.38,26461
-265994.00,-2.76,26473
-265997.00,-3.07,26484
-265911.00,-3.16,26497
-265887.00,-3.08,26508
-265508.00,-2.81,26520
-265964.00,-2.70,26531
-266359.00,-2.43,26544
-266178.00,-2.25,26555
-266155.00,-2.06,26567
-266367.00,-1.89,26578
-266533.00,-2.13,26591
-266635.00,-2.48,26602
-266278.00,-2.67,26614
-265786.00,-2.79,26626
-265666.00,-2.91,26638
-265731.00,-3.07,26649
-265413.00,-3.03,26660
-266179.00,-2.93,26673
-265926.00,-2.86,26684
-265658.00,-2.58,26696
-266594.00,-2.29,26707
-266648.00,-2.05,26720
-265474.00,-2.02,26731
-266391.00,-2.20,26743
-267106.00,-2.43,26755
-265609.00,-2.60,26767
-265976.00,-2.84,26778
-265989.00,-3.03,26790
-264904.00,-3.08,26802
-266110.00,-3.06,26814
-265966.00,-2.93,26825
-265314.00,-2.72,26838
-265856.00,-2.37,26849
-265987.00,-2.12,26860
-266395.00,-2.04,26872
-266086.00,-2.04,26884
-266457.00,-2.20,26896
-266423.00,-2.54,26907
-265911.00,-2.85,26919
-265869.00,-3.02,26931
-266650.00,-3.06,26943
-265870.00,-2.98,26954
-265357.00,-2.81,26967
-266200.00,-2.65,26978
-266104.00,-2.51,26990
-265988.00,-2.31,27001
-266145.00,-2.12,27014
-265899.00,-2.18,27025
-266037.00,-2.28,27037
-265675.00,-2.32,27048
-266168.00,-2.38,27060
-266182.00,-2.63,27072
-266150.00,-2.82,27083
-265560.00,-3.08,27096
-265613.00,-3.10,27107
-266161.00,-2.95,27119
-265612.00,-2.71,27130
-265468.00,-2.48,27143
-266380.00,-2.32,27154
-266454.00,-2.20,27166
-266084.00,-2.16,27177
-266233.00,-2.11,27190
-266260.00,-2.27,27201
-266449.00,-2.47,27213
-265728.00,-2.62,27225
-265583.00,-2.78,27237
-265893.00,-2.95,27248
-265441.00,-2.99,27259
-266067.00,-2.87,27272
-266074.00,-2.67,27283
-265736.00,-2.49,27295
-266136.00,-2.27,27307
-266030.00,-2.04,27319
-266405.00,-2.06,27330
-266438.00,-2.17,27342
-265966.00,-2.38,27354
-265397.00,-2.65,27366
-266424.00,-2.87,27377
-266798.00,-2.87,27389
-265680.00,-2.93,27401
-265559.00,-2.79,27413
-265893.00,-2.69,27424
-265998.00,-2.65,27437
-266712.00,-2.46,27448
-265943.00,-2.31,27459
-265191.00,-2.29,27471
-266511.00,-2.28,27483
-266397.00,-2.31,27495
-265726.00,-2.51,27506
-265712.00,-2.42,27518
-265746.00,-2.48,27530
-265725.00,-2.70,27542
-265887.00,-2.86,27553
-265551.00,-2.84,27566
-265747.00,-2.71,27577
-266077.00,-2.73,27589
-265954.00,-2.63,27600
-266487.00,-2.36,27613
-266456.00,-2.22,27624
-265865.00,-2.18,27635
-266553.00,-2.26,27648
-266330.00,-2.50,27659
-265927.00,-2.72,27671
-266492.00,-2.84,27682
-265657.00,-2.97,27695
-265859.00,-2.97,27706
-266566.00,-2.96,27718
-265813.00,-2.79,27729
-265187.00,-2.56,27742
-266054.00,-2.36,27753
-266640.00,-2.20,27765
-266200.00,-2.20,27777
-265853.00,-2.26,27789
-265643.00,-2.35,27800
-266228.00,-2.56,27812
-265833.00,-2.74,27824
-266293.00,-2.83,27835
-265518.00,-2.81,27847
-266202.00,-2.90,27858
-266144.00,-2.85,27871
-265712.00,-2.78,27882
-266030.00,-2.57,27894
-266228.00,-2.47,27906
-266516.00,-2.40,27918
-266334.00,-2.37,27929
-265774.00,-2.38,27941
-265846.00,-2.43,27953
-266246.00,-2.57,27965
-266186.00,-2.79,27976
-265843.00,-2.98,27988
-264948.00,-2.86,28000
-265743.00,-2.74,28012
-266132.00,-2.82,28023
-265525.00,-2.67,28035
-266277.00,-2.54,28047
-266610.00,-2.30,28058
-265643.00,-2.17,28070
-266182.00,-2.17,28082
-266152.00,-2.24,28094
-265426.00,-2.37,28105
-266012.00,-2.60,28118
-266232.00,-2.81,28129
-266057.00,-3.01,28141
-265846.00,-2.95,28152
-265288.00,-2.81,28165
-265593.00,-2.78,28176
-266041.00,-2.60,28188
-266102.00,-2.43,28199
-266819.00,-2.34,28212
-266272.00,-2.21,28223
-266184.00,-2.19,28234
-266085.00,-2.21,28247
-265901.00,-2.40,28258
-266006.00,-2.61,28270
-265641.00,-2.65,28281
-265735.00,-2.74,28294
-266286.00,-2.74,28305
-265667.00,-2.64,28317
-265619.00,-2.55,28328
-266591.00,-2.34,28341
-265312.00,-2.27,28352
-265454.00,-2.32,28364
-266877.00,-2.39,28376
-266021.00,-2.46,28388
-265841.00,-2.46,28399
-266253.00,-2.51,28411
-265943.00,-2.58,28423
-265947.00,-2.50,28434
-265960.00,-2.57,28446
-265671.00,-2.66,28457
-265684.00,-2.64,28470
-266035.00,-2.73,28481
-266345.00,-2.63,28493
-266119.00,-2.44,28505
-265434.00,-2.43,28517
-265588.00,-2.54,28528
-266400.00,-2.52,28540
-266515.00,-2.57,28552
-266329.00,-2.61,28564
-265231.00,-2.60,28575
-266763.00,-2.75,28588
-266019.00,-2.88,28599
-265679.00,-2.76,28611
-265631.00,-2.68,28622
-265735.00,-2.60,28634
-266666.00,-2.54,28646
-266337.00,-2.51,28657
-265788.00,-2.36,28669
-265461.00,-2.35,28681
-265912.00,-2.37,28693
-267454.00,-2.44,28704
-266472.00,-2.48,28717
-265063.00,-2.56,28728
-266251.00,-2.88,28740
-266536.00,-3.08,28751
-265997.00,-2.98,28764
-266661.00,-2.87,28775
-265435.00,-2.67,28787
-264556.00,-2.56,28798
-266652.00,-2.37,28810
-266727.00,-2.15,28822
-265288.00,-2.27,28833
-265782.00,-2.44,28846
-266535.00,-2.61,28857
-266650.00,-2.57,28869
-266760.00,-2.57,28880
-265282.00,-2.68,28893
-264526.00,-2.85,28904
-266276.00,-3.03,28916
-266734.00,-2.97,28928
-265875.00,-2.75,28940
-265154.00,-2.65,28951
-265519.00,-2.53,28963
-266777.00,-2.39,28975
-266504.00,-2.28,28987
-265502.00,-2.32,28998
-265780.00,-2.39,29009
-267005.00,-2.65,29022
-266350.00,-2.87,29033
-265241.00,-2.86,29045
-265472.00,-2.84,29057
-266108.00,-2.78,29069
-265947.00,-2.66,29080
-266784.00,-2.57,29092
-265896.00,-2.36,29104
-265153.00,-2.27,29116
-266426.00,-2.30,29127
-266546.00,-2.43,29139
-266485.00,-2.45,29151
-265554.00,-2.38,29163
-264957.00,-2.58,29174
-266240.00,-2.81,29187
-266751.00,-2.91,29198
-265538.00,-2.87,29209
-264776.00,-2.85,29221
-265909.00,-2.75,29233
-266808.00,-2.61,29245
-266380.00,-2.42,29256
-265839.00,-2.16,29268
-265774.00,-2.23,29280
-265679.00,-2.37,29292
-266484.00,-2.44,29303
-267150.00,-2.54,29316
-265644.00,-2.73,29327
-264987.00,-2.81,29339
-266346.00,-2.77,29350
-266181.00,-2.81,29363
-264821.00,-2.73,29374
-265395.00,-2.58,29386
-266756.00,-2.48,29398
-266492.00,-2.27,29409
-265775.00,-2.20,29421
-265140.00,-2.13,29432
-265836.00,-2.11,29445
-266712.00,-2.43,29456
-266572.00,-2.68,29468
-265976.00,-2.71,29479
-265431.00,-2.82,29492
-266362.00,-2.79,29503
-267444.00,-2.83,29515
-266076.00,-2.57,29527
-264970.00,-2.41,29539
-265851.00,-2.24,29550
-266688.00,-2.21,29562
-266756.00,-2.28,29574
-265715.00,-2.38,29586
-265487.00,-2.54,29597
-266107.00,-2.72,29608
-266029.00,-2.76,29621
-266327.00,-2.68,29632
-265786.00,-2.72,29644
-264531.00,-2.86,29656
-265987.00,-2.70,29668
-267622.00,-2.42,29679
-265926.00,-2.34,29691
-264586.00,-2.41,29703
-266008.00,-2.41,29715
-266822.00,-2.46,29726
-266771.00,-2.56,29739
-264875.00,-2.59,29750
-266159.00,-2.77,29762
-266733.00,-2.91,29773
-266004.00,-2.92,29785
-265290.00,-2.94,29797
-265523.00,-2.72,29808
-266058.00,-2.52,29820
-267124.00,-2.38,29832
-266110.00,-2.27,29844
-265125.00,-2.34,29855
-265887.00,-2.51,29868
-266634.00,-2.72,29879
-266738.00,-2.63,29891
-265513.00,-2.52,29902
-265331.00,-2.62,29915
-266301.00,-2.73,29926
-266174.00,-2.88,29938
-266302.00,-2.90,29949
-265786.00,-2.69,29962
-265526.00,-2.50,29973
-266620.00,-2.41,29984
-267030.00,-2.38,29997
-266022.00,-2.36,30008
-265159.00,-2.46,30020
-265672.00,-2.43,30031
-267274.00,-2.60,30044
-266422.00,-2.68,30055
-264660.00,-2.82,30067
-266038.00,-2.83,30078
-266078.00,-2.82,30091
-264989.00,-2.80,30102
-266407.00,-2.54,30114
-265666.00,-2.46,30126
-266007.00,-2.54,30138
-266783.00,-2.38,30149
-265693.00,-2.32,30161
-265076.00,-2.27,30173
-265821.00,-2.36,30184
-266517.00,-2.44,30196
-266520.00,-2.63,30208
-265362.00,-2.83,30220
-265237.00,-2.89,30231
-266591.00,-3.00,30243
-266719.00,-2.96,30255
-266029.00,-2.67,30267
-265377.00,-2.46,30278
-266139.00,-2.38,30290
-266462.00,-2.23,30302
-266577.00,-2.11,30314
-266690.00,-2.15,30325
-265464.00,-2.41,30338
-265135.00,-2.70,30349
-266750.00,-2.91,30361
-265886.00,-3.01,30372
-264294.00,-2.88,30384
-265356.00,-2.76,30396
-266206.00,-2.79,30407
-266172.00,-2.65,30419
-266314.00,-2.41,30431
-265959.00,-2.34,30443
-265711.00,-2.31,30454
-266184.00,-2.20,30467
-266984.00,-2.27,30478
-266832.00,-2.43,30490
-265263.00,-2.73,30501
-265213.00,-3.00,30514
-266194.00,-3.10,30525
-265502.00,-2.93,30537
-265052.00,-2.80,30548
-265591.00,-2.72,30561
-266677.00,-2.46,30572
-266945.00,-2.23,30583
-265311.00,-2.13,30596
-265280.00,-2.23,30607
-266797.00,-2.52,30619
-266890.00,-2.71,30630
-266124.00,-2.65,30643
-265792.00,-2.63,30654
-265331.00,-2.59,30666
-265548.00,-2.71,30678
-267133.00,-2.87,30690
-266299.00,-2.77,30701
-264780.00,-2.66,30713
-265823.00,-2.55,30725
-266819.00,-2.33,30737
-266313.00,-2.27,30748
-265490.00,-2.20,30759
-265776.00,-2.34,30772
-265740.00,-2.63,30783
-265803.00,-2.79,30795
-266427.00,-2.82,30807
-265745.00,-2.82,30819
-265202.00,-2.84,30830
-265919.00,-2.80,30842
-266217.00,-2.72,30854
-266003.00,-2.54,30866
-266255.00,-2.33,30877
-265562.00,-2.21,30889
-265621.00,-2.26,30901
-266462.00,-2.38,30913
-265697.00,-2.56,30924
-265452.00,-2.69,30937
-266039.00,-2.88,30948
-266730.00,-2.96,30959
-265911.00,-2.95,30971
-264986.00,-2.95,30983
-266107.00,-2.90,30995
-267126.00,-2.64,31006
-266194.00,-2.41,31019
-265388.00,-2.17,31030
-265449.00,-2.19,31042
-265853.00,-2.36,31053
-266524.00,-2.53,31066
-266736.00,-2.77,31077
-265285.00,-2.65,31089
-265175.00,-2.60,31100
-266518.00,-2.66,31113
-266181.00,-2.58,31124
-265434.00,-2.62,31136
-265617.00,-2.63,31148
-265946.00,-2.58,31159
-266045.00,-2.57,31171
-266748.00,-2.61,31182
-266134.00,-2.54,31195
-264808.00,-2.50,31206
-266128.00,-2.57,31218
-266794.00,-2.58,31229
-265620.00,-2.59,31242
-265921.00,-2.51,31253
-265875.00,-2.65,31265
-265643.00,-2.66,31277
-266034.00,-2.73,31289
-265122.00,-2.83,31300
-265283.00,-2.83,31312
-266950.00,-2.64,31324
-266563.00,-2.54,31336
-264907.00,-2.54,31347
-265594.00,-2.53,31358
-267416.00,-2.54,31371
-266530.00,-2.60,31382
-265891.00,-2.50,31394
-266378.00,-2.43,31406
-264915.00,-2.47,31418
-266212.00,-2.56,31429
-267120.00,-2.56,31441
-265010.00,-2.68,31453
-265241.00,-2.75,31465
-266168.00,-2.77,31476
-266238.00,-2.71,31489
-266160.00,-2.41,31500
-266081.00,-2.26,31512
-265068.00,-2.32,31523
-265669.00,-2.47,31535
-266995.00,-2.55,31547
-266398.00,-2.55,31558
-264938.00,-2.54,31570
-265422.00,-2.60,31582
-266656.00,-2.66,31594
-265872.00,-2.70,31605
-265933.00,-2.70,31618
-266451.00,-2.60,31629
-265525.00,-2.56,31641
-266667.00,-2.54,31652
-267185.00,-2.48,31665
-4148.00,-2.39,31676
-266845.00,-2.40,31688
-266413.00,-2.55,31711
-265600.00,-2.51,31722
-265460.00,-2.57,31733
-265983.00,-2.66,31745
-266146.00,-2.71,31756
-266040.00,-2.70,31768
-265639.00,-2.74,31779
-265430.00,-2.70,31791
-266335.00,-2.62,31802
-266576.00,-2.54,31813
-265778.00,-2.45,31824
-265521.00,-2.46,31836
-265705.00,-2.47,31848
-266347.00,-2.62,31859
-266784.00,-2.70,31870
-265491.00,-2.79,31882
-265070.00,-2.78,31893
-266823.00,-2.59,31904
-266723.00,-2.59,31916
-266336.00,-2.58,31927
-266360.00,-2.55,31939
-265629.00,-2.51,31950
-266241.00,-2.57,31962
-266491.00,-2.65,31973
-265949.00,-2.64,31984
-265543.00,-2.62,31995
-265722.00,-2.70,32007
-266426.00,-2.73,32018
-266820.00,-2.63,32030
-265976.00,-2.56,32041
-265139.00,-2.47,32053
-265963.00,-2.42,32064
-266627.00,-2.46,32075
-266271.00,-2.68,32088
-265928.00,-2.63,32099
-265776.00,-2.64,32111
-265645.00,-2.66,32122
-265851.00,-2.57,32134
-266498.00,-2.60,32146
-265877.00,-2.62,32157
-265158.00,-2.66,32169
-266211.00,-2.69,32181
-266280.00,-2.71,32193
-265666.00,-2.66,32204
-265595.00,-2.51,32217
-265730.00,-2.61,32228
-265766.00,-2.71,32240
-266331.00,-2.71,32251
-266054.00,-2.58,32264
-265466.00,-2.58,32275
-265366.00,-2.64,32287
-266049.00,-2.71,32299
-266580.00,-2.65,32310
-265685.00,-2.66,32322
-265281.00,-2.61,32333
-265846.00,-2.45,32346
-266482.00,-2.34,32357
-266466.00,-2.27,32369
-266176.00,-2.30,32380
-265282.00,-2.44,32393
-265645.00,-2.72,32404
-266668.00,-2.84,32416
-266384.00,-2.83,32428
-266355.00,-2.73,32440
-265401.00,-2.64,32451
-267442.00,-2.56,32463
-266166.00,-2.56,32475
-265441.00,-2.43,32487
-265731.00,-2.38,32498
-265520.00,-2.42,32509
-266321.00,-2.57,32522
-266468.00,-2.64,32533
-265767.00,-2.58,32545
-265401.00,-2.69,32557
-265656.00,-2.79,32569
-266084.00,-2.88,32580
-266143.00,-2.74,32592
-265027.00,-2.55,32604
-265801.00,-2.53,32616
-267135.00,-2.48,32627
-266397.00,-2.42,32640
-265619.00,-2.39,32651
-265460.00,-2.35,32663
-266423.00,-2.43,32674
-267192.00,-2.63,32687
-266115.00,-2.72,32698
-265298.00,-2.75,32709
-265094.00,-2.86,32721
-266196.00,-2.89,32733
-266673.00,-2.64,32745
-265941.00,-2.47,32756
-265622.00,-2.44,32769
-265439.00,-2.33,32780
-265944.00,-2.44,32792
-266728.00,-2.44,32803
-265920.00,-2.36,32816
-265299.00,-2.42,32827
-266188.00,-2.53,32839
-265566.00,-2.63,32850
-265796.00,-2.83,32863
-265521.00,-2.86,32874
-265683.00,-2.83,32886
-266735.00,-2.82,32898
-266216.00,-2.76,32909
-264899.00,-2.57,32921
-265956.00,-2.33,32932
-266596.00,-2.25,32945
-266265.00,-2.35,32956
-266293.00,-2.40,32968
-265656.00,-2.34,32979
-265228.00,-2.50,32992
-266256.00,-2.66,33003
-266171.00,-2.81,33015
-265336.00,-2.83,33027
-265851.00,-2.84,33039
-266129.00,-2.89,33050
-266447.00,-2.79,33062
-266757.00,-2.59,33074
-265174.00,-2.43,33086
-265397.00,-2.40,33097
-267153.00,-2.25,33108
-266859.00,-2.15,33121
-265973.00,-2.23,33132
-265811.00,-2.27,33144
-266033.00,-2.62,33156
-266257.00,-2.81,33168
-266055.00,-2.88,33179
-265651.00,-2.89,33191
-265501.00,-2.79,33203
-265276.00,-2.82,33215
-266589.00,-2.65,33226
-265494.00,-2.46,33239
-265419.00,-2.37,33250
-266451.00,-2.46,33262
-266346.00,-2.42,33273
-266264.00,-2.45,33285
-265900.00,-2.37,33297
-265574.00,-2.42,33308
-266224.00,-2.68,33320
-266586.00,-2.90,33332
-265845.00,-3.00,33344
-265028.00,-2.99,33355
-265433.00,-2.74,33368
-267124.00,-2.57,33379
-266570.00,-2.35,33391
-265128.00,-2.26,33402
-265749.00,-2.28,33415
-266585.00,-2.26,33426
-266309.00,-2.46,33438
-265892.00,-2.63,33449
-265867.00,-2.80,33462
-265716.00,-2.90,33473
-265762.00,-2.96,33484
-266064.00,-2.97,33497
-265745.00,-2.89,33508
-265082.00,-2.65,33520
-265314.00,-2.58,33531
-266708.00,-2.44,33544
-266214.00,-2.33,33555
-265365.00,-2.24,33567
-266081.00,-2.20,33579
-266057.00,-2.29,33591
-265681.00,-2.48,33602
-266111.00,-2.73,33614
-265974.00,-2.94,33626
-265924.00,-3.11,33638
-265998.00,-2.85,33649
-265786.00,-2.76,33661
-265278.00,-2.73,33673
-265911.00,-2.60,33684
-267160.00,-2.39,33696
-265693.00,-2.10,33708
-265596.00,-2.11,33720
-266562.00,-2.22,33731
-265792.00,-2.48,33743
-265940.00,-2.64,33755
-266478.00,-2.65,33767
-265798.00,-2.79,33778
-265731.00,-2.90,33790
-266188.00,-2.73,33802
-266278.00,-2.69,33814
-266609.00,-2.57,33825
-265527.00,-2.33,33838
-265728.00,-2.34,33849
-267152.00,-2.20,33861
-265494.00,-2.18,33872
-265084.00,-2.43,33884
-266316.00,-2.60,33896
-266259.00,-2.76,33907
-265818.00,-2.87,33920
-265780.00,-2.86,33931
-265961.00,-2.80,33943
-265718.00,-2.66,33954
-265391.00,-2.47,33967
-265763.00,-2.42,33978
-266292.00,-2.38,33990
-266887.00,-2.35,34001
-266333.00,-2.33,34014
-264968.00,-2.40,34025
-266041.00,-2.50,34037
-266204.00,-2.63,34049
-265880.00,-2.75,34060
-266318.00,-2.77,34072
-265347.00,-2.81,34083
-266008.00,-2.75,34096
-266827.00,-2.67,34107
-265628.00,-2.59,34119
-266144.00,-2.43,34130
-266791.00,-2.32,34143
-266211.00,-2.28,34154
-266338.00,-2.23,34166
-266483.00,-2.35,34178
-266008.00,-2.47,34190
-266014.00,-2.56,34201
-266468.00,-2.66,34213
-266157.00,-2.75,34225
-265546.00,-2.85,34237
-265752.00,-2.84,34248
-266852.00,-2.79,34259
-265962.00,-2.72,34272
-265396.00,-2.53,34283
-266010.00,-2.49,34295
-266063.00,-2.39,34307
-265845.00,-2.22,34319
-266136.00,-2.28,34330
-266413.00,-2.41,34342
-265913.00,-2.63,34354
-266147.00,-2.93,34366
-265741.00,-3.08,34377
-265692.00,-3.18,34390
-265112.00,-3.09,34401
-265841.00,-2.75,34413
-266437.00,-2.51,34424
-266047.00,-2.40,34437
-265992.00,-2.31,34448
-266358.00,-2.33,34459
-266011.00,-2.37,34471
-265662.00,-2.39,34483
-265820.00,-2.40,34495
-265953.00,-2.47,34506
-265969.00,-2.67,34519
-265949.00,-2.76,34530
-266249.00,-2.77,34542
-265074.00,-2.92,34553
-265004.00,-3.02,34566
-266626.00,-2.79,34577
-266165.00,-2.62,34589
-265155.00,-2.47,34600
-266275.00,-2.32,34613
-266455.00,-2.18,34624
-266657.00,-2.09,34636
-266600.00,-2.13,34648
-265412.00,-2.36,34659
-265378.00,-2.66,34671
-266041.00,-2.87,34682
-266303.00,-2.99,34695
-266379.00,-2.99,34706
-265297.00,-2.84,34718
-265278.00,-2.78,34729
-266656.00,-2.56,34742
-266362.00,-2.36,34753
-265513.00,-2.23,34765
-266178.00,-2.19,34777
-266601.00,-2.21,34789
-266265.00,-2.31,34800
-265460.00,-2.58,34812
-265512.00,-2.93,34824
-266003.00,-3.19,34836
-266112.00,-3.22,34847
-266540.00,-3.19,34859
-265624.00,-2.83,34871
-265324.00,-2.34,34882
-266538.00,-2.10,34894
-266627.00,-1.93,34906
-266208.00,-1.88,34918
-266160.00,-2.12,34929
-266500.00,-2.51,34941
-266660.00,-2.79,34953
-265800.00,-2.80,34965
-265389.00,-2.87,34976
-265717.00,-2.89,34989
-266016.00,-2.95,35000
-266220.00,-2.90,35012
-266368.00,-2.61,35023
-265268.00,-2.45,35036
-265591.00,-2.28,35047
-267354.00,-2.15,35058
-266321.00,-2.13,35070
-265228.00,-2.38,35082
-266412.00,-2.61,35094
-266224.00,-2.73,35105
-265559.00,-2.85,35118
-265820.00,-2.91,35129
-265565.00,-2.98,35141
-265608.00,-2.91,35152
-266637.00,-2.68,35165
-265794.00,-2.51,35176
-266203.00,-2.27,35188
-266367.00,-2.08,35200
-266166.00,-2.16,35212
-265620.00,-2.39,35223
-266054.00,-2.69,35234
-266344.00,-2.76,35247
-265606.00,-2.79,35258
-265997.00,-2.83,35270
-265770.00,-2.86,35281
-265593.00,-2.69,35294
-266656.00,-2.58,35305
-266077.00,-2.51,35317
-265315.00,-2.26,35329
-266073.00,-2.19,35341
-265698.00,-2.26,35352
-265952.00,-2.33,35364
-267470.00,-2.40,35376
-265732.00,-2.56,35388
-264625.00,-2.72,35399
-266247.00,-2.88,35411
-266610.00,-2.96,35423
-265603.00,-2.94,35434
-265054.00,-2.78,35446
-265383.00,-2.68,35458
-266187.00,-2.54,35470
-266182.00,-2.31,35481
-266242.00,-2.27,35493
-266065.00,-2.38,35505
-265349.00,-2.50,35517
-267361.00,-2.52,35528
-267335.00,-2.58,35540
-264976.00,-2.72,35552
-266598.00,-2.85,35564
-266627.00,-2.87,35575
-265935.00,-2.83,35588
-265573.00,-2.73,35599
-265293.00,-2.56,35611
-266535.00,-2.46,35622
-266868.00,-2.25,35634
-265819.00,-2.12,35646
-265370.00,-2.12,35657
-265494.00,-2.27,35670
-267197.00,-2.58,35681
-266657.00,-2.83,35693
-265443.00,-2.93,35704
-265338.00,-2.98,35717
-265248.00,-3.04,35728
-267066.00,-3.05,35740
-266193.00,-2.76,35751
-264444.00,-2.46,35764
-266244.00,-2.37,35775
-266699.00,-2.39,35787
-266178.00,-2.27,35799
-266761.00,-2.30,35811
-265892.00,-2.35,35822
-264641.00,-2.47,35833
-266382.00,-2.53,35846
-266610.00,-2.61,35857
-265511.00,-2.88,35869
-265273.00,-3.06,35880
-265630.00,-3.05,35893
-267335.00,-2.88,35904
-266842.00,-2.63,35916
-265100.00,-2.39,35928
-266726.00,-2.36,35940
-267036.00,-2.29,35951
-267127.00,-2.36,35963
-264749.00,-2.44,35975
-265237.00,-2.47,35987
-267298.00,-2.70,35998
-266449.00,-2.84,36011
-265534.00,-2.97,36022
-264857.00,-2.86,36033
-265577.00,-2.84,36045
-267077.00,-2.76,36057
-265518.00,-2.54,36069
-265037.00,-2.30,36080
-266641.00,-2.18,36092
-265754.00,-2.24,36104
-265926.00,-2.37,36116
-267233.00,-2.37,36127
-265354.00,-2.63,36140
-264395.00,-2.91,36151
-266665.00,-3.11,36163
-266759.00,-3.07,36174
-265720.00,-2.97,36187
-264844.00,-2.78,36198
-265530.00,-2.66,36209
-267092.00,-2.52,36221
-266780.00,-2.30,36233
-266159.00,-2.25,36245
-265333.00,-2.31,36256
-265518.00,-2.48,36269
-267312.00,-2.71,36280
-266094.00,-2.68,36292
-265233.00,-2.78,36303
-265373.00,-2.90,36316
-266841.00,-2.85,36327
-266225.00,-2.68,36339
-265539.00,-2.44,36350
-266121.00,-2.41,36363
-266840.00,-2.33,36374
-266394.00,-2.25,36386
-266092.00,-2.25,36398
-265574.00,-2.33,36409
-265971.00,-2.50,36421
-266846.00,-2.62,36432
-266109.00,-2.72,36445
-264745.00,-2.87,36456
-264897.00,-2.94,36468
-265858.00,-3.00,36480
-266723.00,-2.85,36492
-266000.00,-2.55,36503
-265110.00,-2.33,36515
-266090.00,-2.24,36527
-266704.00,-2.13,36539
-266881.00,-2.09,36550
-266054.00,-2.21,36562
-265017.00,-2.46,36574
-265556.00,-2.67,36586
-266691.00,-2.92,36597
-266492.00,-3.04,36609
-264943.00,-2.99,36621
-265355.00,-2.91,36632
-266216.00,-2.72,36644
-266041.00,-2.51,36656
-266314.00,-2.20,36668
-266374.00,-2.08,36679
-266095.00,-2.17,36691
-266883.00,-2.42,36703
-265741.00,-2.44,36715
-265132.00,-2.65,36726
-265998.00,-2.85,36739
-266101.00,-2.92,36750
-265941.00,-3.01,36762
-265710.00,-2.97,36773
-265552.00,-2.85,36786
-266321.00,-2.72,36797
-267015.00,-2.42,36808
-266174.00,-2.18,36820
-265293.00,-2.11,36832
-265970.00,-2.21,36844
-267044.00,-2.30,36855
-266624.00,-2.48,36868
-265840.00,-2.57,36879
-265487.00,-2.83,36891
-265793.00,-3.14,36902
-266313.00,-3.16,36915
-266310.00,-3.08,36926
-265298.00,-2.91,36938
-265552.00,-2.66,36950
-266922.00,-2.30,36962
-267447.00,-2.06,36973
-266576.00,-1.96,36984
-265739.00,-2.05,36997
-265714.00,-2.25,37008
-266828.00,-2.56,37020
-267012.00,-2.88,37031
-265479.00,-3.04,37044
-264694.00,-3.18,37055
-266029.00,-3.20,37067
-266370.00,-3.00,37079
-264987.00,-2.58,37091
-265204.00,-2.28,37102
-266364.00,-2.12,37114
-267057.00,-1.96,37126
-266351.00,-1.90,37138
-265490.00,-2.01,37149
-265693.00,-2.26,37161
-266386.00,-2.74,37173
-266872.00,-3.09,37184
-265763.00,-3.10,37196
-264895.00,-3.03,37208
-265324.00,-3.06,37220
-266193.00,-2.97,37231
-266440.00,-2.75,37243
-265838.00,-2.33,37255
-265415.00,-1.99,37267
-266369.00,-1.96,37278
-267311.00,-2.06,37291
-266775.00,-2.14,37302
-265974.00,-2.23,37314
-265615.00,-2.41,37325
-266480.00,-2.81,37338
-266858.00,-3.10,37349
-265958.00,-3.13,37361
-264833.00,-3.16,37372
-265228.00,-3.21,37384
-266453.00,-2.94,37396
-266291.00,-2.52,37407
-265555.00,-2.10,37420
-265287.00,-1.96,37431
-266152.00,-1.94,37443
-266764.00,-2.10,37454
-266885.00,-2.29,37467
-264612.00,-2.62,37478
-265917.00,-2.79,37490
-267333.00,-3.06,37501
-265532.00,-3.14,37514
-264972.00,-3.09,37525
-265725.00,-3.02,37537
-265996.00,-2.85,37549
-266330.00,-2.54,37561
-266373.00,-2.26,37572
-265472.00,-2.07,37583
-265578.00,-2.14,37596
-267240.00,-2.28,37607
-267004.00,-2.36,37619
-265355.00,-2.47,37630
-265126.00,-2.64,37643
-266328.00,-2.92,37654
-266234.00,-3.19,37666
-265512.00,-3.16,37678
-265430.00,-3.00,37690
-264858.00,-2.80,37701
-265999.00,-2.58,37713
-267078.00,-2.36,37725
-265740.00,-2.29,37737
-265444.00,-2.17,37748
-266508.00,-2.17,37760
-266063.00,-2.31,37772
-265922.00,-2.53,37783
-265883.00,-2.70,37795
-265057.00,-2.90,37807
-265308.00,-2.99,37819
-266779.00,-3.04,37830
-265831.00,-2.98,37842
-264517.00,-2.67,37854
-266929.00,-2.48,37866
-265917.00,-2.30,37877
-266457.00,-2.24,37890
-265933.00,-2.19,37901
-265463.00,-2.25,37913
-266704.00,-2.42,37924
-266985.00,-2.65,37937
-265651.00,-2.68,37948
-265392.00,-2.76,37959
-266423.00,-2.84,37971
-266136.00,-2.94,37983
-265504.00,-2.82,37995
-266161.00,-2.70,38006
-265977.00,-2.70,38019
-265514.00,-2.62,38030
-266406.00,-2.45,38042
-266079.00,-2.29,38053
-264735.00,-2.30,38066
-266130.00,-2.34,38077
-267228.00,-2.48,38089
-266522.00,-2.58,38100
-265839.00,-2.66,38113
-265864.00,-2.83,38124
-265459.00,-2.94,38136
-265797.00,-2.87,38148
-266106.00,-2.72,38159
-265330.00,-2.46,38171
-265044.00,-2.34,38182
-266739.00,-2.38,38195
-266913.00,-2.43,38206
-265160.00,-2.51,38218
-265540.00,-2.73,38230
-266417.00,-2.91,38242
-266239.00,-2.89,38253
-265760.00,-2.76,38265
-264917.00,-2.74,38277
-266245.00,-2.71,38289
-267312.00,-2.67,38300
-266051.00,-2.58,38312
-265326.00,-2.53,38324
-266050.00,-2.54,38336
-266393.00,-2.65,38347
-266147.00,-2.58,38359
-265890.00,-2.50,38371
-265835.00,-2.52,38382
-265650.00,-2.49,38394
-266485.00,-2.40,38406
-266758.00,-2.38,38418
-265537.00,-2.32,38429
-265533.00,-2.31,38441
-266385.00,-2.47,38453
-265944.00,-2.58,38465
-265614.00,-2.72,38476
-266100.00,-2.60,38489
-265683.00,-2.66,38500
-265942.00,-2.73,38512
-266099.00,-2.63,38523
-265381.00,-2.55,38536
-265652.00,-2.43,38547
-266476.00,-2.43,38558
-266276.00,-2.37,38571
-266120.00,-2.38,38582
-266296.00,-2.66,38594
-266165.00,-2.86,38605
-265902.00,-2.95,38618
-266401.00,-2.93,38629
-265161.00,-2.78,38641
-266165.00,-2.62,38652
-266681.00,-2.61,38665
-265793.00,-2.53,38676
-265908.00,-2.44,38688
-266107.00,-2.37,38700
-265672.00,-2.37,38712
-266214.00,-2.30,38723
-266609.00,-2.25,38734
-265524.00,-2.37,38747
-265824.00,-2.62,38758
-266492.00,-2.86,38770
-265900.00,-3.00,38781
-265707.00,-3.01,38794
-265755.00,-3.01,38805
-266398.00,-2.83,38817
-266235.00,-2.53,38829
-266444.00,-2.20,38841
-266450.00,-2.07,38852
-265800.00,-2.18,38864
-266240.00,-2.39,38876
-266647.00,-2.62,38888
-266089.00,-2.84,38899
-265305.00,-2.91,38912
-265554.00,-2.95,38923
-266397.00,-2.89,38934
-266018.00,-2.78,38946
-265861.00,-2.65,38958
-265715.00,-2.44,38970
-266066.00,-2.37,38981
-266692.00,-2.23,38993
-266229.00,-2.18,39005
-265985.00,-2.34,39017
-266300.00,-2.52,39028
-266423.00,-2.63,39041
-265530.00,-2.87,39052
-265146.00,-3.03,39064
-265792.00,-2.99,39075
-266322.00,-2.87,39088
-266381.00,-2.75,39099
-265436.00,-2.57,39111
-265873.00,-2.35,39122
-266359.00,-2.16,39134
-266386.00,-2.16,39146
-266274.00,-2.28,39157
-265783.00,-2.37,39170
-265846.00,-2.53,39181
-266058.00,-2.77,39193
-266178.00,-2.86,39204
-265475.00,-2.92,39217
-265091.00,-3.02,39228
-265495.00,-2.87,39240
-266184.00,-2.99,39251
-266535.00,-2.17,39264
-265246.00,-2.56,39275
-266069.00,-1.97,39287
-266761.00,-1.94,39299
-265871.00,-2.42,39310
-267500.00,-2.07,39322
-265126.00,-3.00,39333
-264710.00,-3.23,39346
-267469.00,-3.29,39357
-264680.00,-3.73,39369
-266172.00,-2.93,39380
-266659.00,-2.87,39393
-263288.00,-2.46,39404
-266346.00,-1.82,39416
-264665.00,-1.85,39428
-268609.00,-1.88,39440
-263916.00,-2.22,39451
-266755.00,-2.65,39463
-268588.00,-2.90,39475
-262791.00,-3.17,39487
-266459.00,-3.28,39498
-266563.00,-3.16,39510
-264413.00,-3.15,39522
-267786.00,-2.81,39533
-265028.00,-2.31,39545
-264305.00,-2.06,39557
-267873.00,-1.77,39569
-265901.00,-1.87,39580
-265880.00,-1.76,39592
-266376.00,-2.04,39604
-265017.00,-2.53,39616
-267611.00,-2.66,39627
-265833.00,-2.93,39640
-265001.00,-3.05,39651
-265979.00,-3.14,39663
-264591.00,-3.21,39674
-267021.00,-2.86,39687
-266210.00,-2.71,39698
-263930.00,-2.31,39709
-266791.00,-2.13,39721
-266266.00,-2.00,39733
-266256.00,-1.98,39745
-267782.00,-2.19,39756
-265526.00,-2.38,39769
-265912.00,-2.68,39780
-267308.00,-2.91,39792
-265351.00,-3.11,39803
-264848.00,-3.28,39816
-265637.00,-3.21,39827
-266127.00,-3.11,39839
-265844.00,-2.64,39851
-266082.00,-2.19,39863
-265360.00,-1.85,39874
-266559.00,-1.79,39886
-267834.00,-1.85,39898
-266216.00,-2.03,39909
-265683.00,-2.26,39921
-265487.00,-2.64,39932
-266181.00,-3.37,39945
-267388.00,-3.03,39956
-265359.00,-3.59,39968
-265075.00,-3.00,39980
-266092.00,-2.79,39992
-265572.00,-2.79,40003
-267773.00,-2.03,40015
-265668.00,-1.99,40027
-264424.00,-1.82,40039
-267447.00,-1.86,40050
-266238.00,-2.22,40062
-266940.00,-2.11,40074
-266430.00,-2.63,40086
-262946.00,-2.93,40097
-267866.00,-3.31,40109
-266284.00,-3.44,40121
-264051.00,-3.20,40132
-267261.00,-3.01,40144
-264183.00,-2.56,40156
-265806.00,-2.29,40168
-264644.00,-2.04,40179
-265460.00,-1.78,40192
-266867.00,-1.88,40203
-265850.00,-2.28,40215
-266807.00,-2.69,40226
-265700.00,-3.04,40239
-264597.00,-3.17,40250
-266053.00,-3.26,40262
-266638.00,-3.28,40273
-266026.00,-2.90,40286
-265646.00,-2.72,40297
-265351.00,-2.33,40308
-266713.00,-2.03,40321
-266720.00,-2.00,40332
-266190.00,-1.88,40344
-265960.00,-2.14,40355
-265571.00,-2.56,40368
-266958.00,-2.79,40379
-266810.00,-3.14,40391
-264429.00,-3.17,40402
-264885.00,-3.23,40415
-265699.00,-3.16,40426
-266245.00,-2.81,40438
-266899.00,-2.53,40450
-266045.00,-2.13,40462
-265342.00,-2.01,40473
-266857.00,-2.00,40484
-267822.00,-1.96,40497
-266050.00,-2.17,40508
-265072.00,-2.58,40520
-266014.00,-2.88,40531
-266073.00,-3.20,40544
-266604.00,-3.46,40555
-264154.00,-3.52,40567
-266225.00,-3.34,40579
-266818.00,-2.89,40591
-265590.00,-2.42,40602
-266009.00,-1.92,40614
-265554.00,-1.59,40626
-266219.00,-1.59,40638
-267385.00,-1.96,40649
-266888.00,-2.22,40662
-264844.00,-2.69,40673
-265118.00,-3.04,40684
-266142.00,-3.33,40696
-266160.00,-3.40,40708
-265720.00,-2.93,40720
-264900.00,-2.75,40731
-265515.00,-2.56,40743
-266871.00,-2.29,40755
-266029.00,-2.26,40767
-265891.00,-1.99,40778
-265617.00,-1.92,40791
-265983.00,-2.31,40802
-267898.00,-2.36,40814
-265339.00,-2.60,40825
-265267.00,-3.08,40838
-266100.00,-2.96,40849
-264483.00,-3.44,40861
-267132.00,-3.29,40872
-266148.00,-2.87,40884
-263895.00,-2.72,40896
-267513.00,-2.04,40907
-266146.00,-1.98,40920
-265290.00,-1.93,40931
-267536.00,-1.81,40943
-265997.00,-2.21,40954
-267469.00,-2.41,40967
-264601.00,-2.88,40978
-265931.00,-2.93,40990
-265957.00,-3.22,41001
-265808.00,-3.17,41014
-266454.00,-3.03,41025
-265220.00,-2.96,41037
-264949.00,-2.57,41049
-265986.00,-2.46,41061
-267027.00,-1.98,41072
-266929.00,-1.79,41083
-265651.00,-1.90,41096
-266644.00,-2.02,41107
-265878.00,-2.41,41119
-265839.00,-2.66,41131
-267123.00,-3.20,41143
-264279.00,-3.42,41154
-265274.00,-2.98,41166
-266932.00,-3.22,41178
-265495.00,-2.57,41190
-266413.00,-2.37,41201
-266157.00,-2.21,41213
-266436.00,-1.70,41225
-266784.00,-2.19,41237
-266162.00,-2.09,41248
-266105.00,-2.31,41260
-265342.00,-2.74,41272
-266348.00,-2.59,41283
-266639.00,-3.08,41295
-264536.00,-3.24,41307
-266060.00,-3.25,41319
-266063.00,-3.21,41330
-266689.00,-2.74,41342
-265867.00,-2.35,41354
-265096.00,-2.02,41366
-267533.00,-1.82,41377
-266891.00,-1.84,41390
-265896.00,-1.88,41401
-266979.00,-2.22,41413
-265827.00,-2.76,41424
-265384.00,-2.98,41437
-265964.00,-3.36,41448
-264958.00,-3.50,41459
-265421.00,-3.04,41472
-265497.00,-3.11,41483
-265563.00,-2.51,41495
-265876.00,-2.17,41506
-265879.00,-2.27,41519
-266786.00,-1.93,41530
-265826.00,-2.10,41542
-266359.00,-2.00,41553
-266500.00,-2.07,41566
-264630.00,-2.75,41577
-267289.00,-2.31,41589
-265661.00,-3.28,41601
-264914.00,-3.29,41613
-266240.00,-3.00,41624
-265205.00,-3.56,41636
-266477.00,-2.51,41648
-265435.00,-2.50,41659
-265798.00,-2.42,41671
-266470.00,-1.65,41682
-264940.00,-2.36,41695
-268175.00,-1.93,41706
-266442.00,-2.25,41718
-268231.00,-2.86,41730
-265390.00,-2.87,41742
-264711.00,-2.94,41753
-267358.00,-3.10,41765
-264312.00,-3.02,41777
-264698.00,-2.76,41789
-267735.00,-2.77,41800
-266035.00,-2.32,41812
-264778.00,-2.06,41824
-267134.00,-2.12,41836
-265735.00,-1.83,41847
-265416.00,-2.34,41859
-268652.00,-2.45,41871
-264419.00,-2.88,41882
-264643.00,-3.33,41894
-268968.00,-3.31,41906
-264523.00,-3.58,41918
-264467.00,-2.86,41929
-267854.00,-2.58,41942
-264308.00,-2.35,41953
-265695.00,-1.99,41965
-267961.00,-2.11,41976
-264644.00,-1.81,41989
-265272.00,-2.13,42000
-267574.00,-2.40,42012
-265854.00,-2.43,42023
-265148.00,-3.02,42036
-265825.00,-3.06,42047
-265995.00,-3.22,42058
-265386.00,-3.25,42071
-266107.00,-2.99,42082
-266177.00,-2.85,42094
-264525.00,-2.61,42105
-267609.00,-2.12,42118
-264996.00,-1.94,42129
-266385.00,-1.77,42141
-266991.00,-1.73,42152
-264871.00,-2.24,42165
-267557.00,-2.36,42176
-266153.00,-2.99,42188
-263586.00,-3.27,42200
-266919.00,-3.29,42212
-266705.00,-3.33,42223
-265127.00,-2.86,42234
-266381.00,-2.56,42247
-266262.00,-2.48,42258
-265931.00,-2.24,42270
-266740.00,-2.35,42281
-266526.00,-2.02,42294
-265599.00,-2.37,42305
-266275.00,-2.60,42317
