1000001.00
-285825.00
-285049.00,-3.03,1134
-283858.00,-2.75,1136
-284235.00,-2.86,1147
-284349.00,-3.00,1160
-284867.00,-3.18,1171
-284435.00,-3.29,1183
-283946.00,-3.26,1195
-284451.00,-3.15,1207
-284935.00,-3.12,1218
-284840.00,-3.14,1230
-284167.00,-3.12,1242
-284983.00,-3.06,1254
-285524.00,-3.11,1265
-284320.00,-3.00,1276
-284730.00,-2.90,1289
-284535.00,-2.97,1300
-283312.00,-3.09,1312
-285166.00,-3.21,1324
-285243.00,-3.11,1336
-283696.00,-3.08,1347
-284231.00,-3.08,1359
-284793.00,-3.12,1371
-284644.00,-3.08,1383
-285306.00,-3.00,1394
-284841.00,-2.85,1406
-284314.00,-2.93,1418
-284606.00,-3.11,1429
-284378.00,-3.08,1441
-284445.00,-3.13,1453
-284166.00,-3.10,1465
-284382.00,-3.04,1476
-284890.00,-3.03,1488
-284193.00,-3.07,1500
-284450.00,-3.05,1512
-284445.00,-2.95,1523
-284413.00,-3.07,1536
-284435.00,-3.19,1547
-283394.00,-3.15,1559
-284831.00,-3.09,1570
-285044.00,-3.02,1582
-284591.00,-3.02,1594
-285143.00,-2.99,1605
-284612.00,-2.90,1617
-284356.00,-2.95,1629
-285348.00,-3.03,1641
-284527.00,-2.94,1652
-284074.00,-2.89,1665
-284662.00,-2.94,1676
-284739.00,-3.00,1688
-284402.00,-3.09,1699
-284109.00,-3.15,1712
-285142.00,-3.15,1723
-284129.00,-3.22,1734
-283917.00,-3.08,1746
-285641.00,-2.95,1758
-284903.00,-2.94,1770
-283975.00,-2.92,1781
-284724.00,-2.95,1794
-284679.00,-3.07,1805
-284391.00,-3.11,1817
-285298.00,-3.11,1828
-284510.00,-3.19,1841
-284270.00,-3.21,1852
-285148.00,-2.96,1863
-284660.00,-2.91,1875
-284821.00,-2.87,1887
-284988.00,-2.91,1899
-284560.00,-2.96,1910
-284282.00,-3.01,1923
-284171.00,-3.07,1934
-284252.00,-3.13,1946
-284328.00,-3.10,1957
-284648.00,-3.04,1970
-284690.00,-3.05,1981
-284410.00,-3.10,1993
-284680.00,-3.07,2004
-285356.00,-3.01,2016
-284461.00,-3.03,2028
-284577.00,-3.02,2039
-285259.00,-2.98,2052
-284517.00,-2.94,2063
-284349.00,-3.02,2075
-284745.00,-3.06,2086
-284594.00,-3.10,2099
-284181.00,-3.11,2110
-284721.00,-3.20,2122
-285148.00,-3.22,2134
-284468.00,-3.24,2146
-284552.00,-3.09,2157
-284157.00,-2.97,2168
-284992.00,-2.95,2181
-285048.00,-2.84,2192
-284224.00,-2.73,2204
-284810.00,-2.83,2215
-284348.00,-2.96,2228
-284475.00,-3.00,2239
-285501.00,-3.18,2251
-284185.00,-3.31,2263
-283402.00,-3.42,2275
-284008.00,-3.43,2286
-284829.00,-3.25,2298
-284556.00,-3.11,2310
-284024.00,-2.82,2321
-284648.00,-2.80,2333
-284670.00,-2.85,2344
-285481.00,-2.75,2357
-284921.00,-2.82,2368
-283412.00,-2.88,2380
-285054.00,-3.09,2392
-286102.00,-3.22,2404
-284470.00,-3.15,2415
-284209.00,-3.17,2427
-284610.00,-3.19,2439
-284721.00,-3.16,2451
-285192.00,-3.05,2462
-284769.00,-3.01,2473
-284159.00,-3.08,2486
-284181.00,-3.06,2497
-284502.00,-3.03,2509
-285377.00,-3.00,2521
-284120.00,-2.95,2533
-284118.00,-3.07,2544
-285909.00,-3.23,2556
-285084.00,-3.25,2568
-284026.00,-3.21,2580
-284596.00,-3.19,2591
-283935.00,-3.16,2604
-284714.00,-3.18,2615
-285431.00,-3.17,2626
-284151.00,-2.93,2638
-284053.00,-2.80,2650
-284686.00,-2.83,2662
-284882.00,-2.91,2673
-284805.00,-2.89,2685
-284378.00,-3.08,2697
-284139.00,-3.32,2709
-284156.00,-3.26,2720
-284877.00,-3.31,2733
-283659.00,-3.25,2744
-284080.00,-3.17,2756
-284669.00,-3.15,2767
-284979.00,-3.01,2779
-285040.00,-2.86,2791
-284239.00,-2.79,2802
-284096.00,-2.76,2814
-284884.00,-2.85,2826
-285229.00,-2.95,2838
-284331.00,-3.05,2849
-283866.00,-3.06,2862
-284561.00,-3.23,2873
-285214.00,-3.44,2885
-284893.00,-3.40,2896
-283750.00,-3.25,2909
-284146.00,-3.12,2920
-284317.00,-3.12,2931
-285192.00,-3.00,2944
-285283.00,-2.83,2955
-283982.00,-2.83,2967
-284591.00,-2.77,2978
-284711.00,-2.88,2991
-285155.00,-2.98,3002
-285249.00,-2.98,3014
-283986.00,-3.25,3025
-284231.00,-3.37,3038
-284828.00,-3.39,3049
-285076.00,-3.40,3061
-284332.00,-3.25,3073
-283878.00,-3.10,3084
-284447.00,-2.96,3096
-284878.00,-2.77,3107
-284520.00,-2.71,3120
-283913.00,-2.65,3131
-284290.00,-2.79,3143
-285659.00,-3.10,3154
-285249.00,-3.26,3167
-283674.00,-3.40,3178
-283801.00,-3.49,3190
-284737.00,-3.50,3202
-284968.00,-3.42,3214
-284383.00,-3.24,3225
-283854.00,-3.01,3236
-284566.00,-2.84,3249
-284911.00,-2.70,3260
-284908.00,-2.58,3272
-285135.00,-2.68,3283
-284015.00,-2.78,3296
-284098.00,-2.99,3307
-285679.00,-3.11,3319
-284958.00,-3.21,3331
-283641.00,-3.47,3343
-284414.00,-3.48,3354
-284701.00,-3.52,3366
-284397.00,-3.42,3378
-285002.00,-3.26,3389
-284652.00,-2.95,3401
-283792.00,-2.77,3412
-284601.00,-2.79,3425
-285670.00,-2.84,3436
-285027.00,-2.88,3448
-284341.00,-2.86,3460
-284700.00,-2.94,3472
-284885.00,-3.20,3483
-284540.00,-3.39,3495
-284597.00,-3.46,3507
-284288.00,-3.43,3519
-285102.00,-3.37,3530
-284860.00,-3.18,3542
-284185.00,-3.02,3554
-284153.00,-2.95,3565
-284627.00,-2.71,3577
-285381.00,-2.69,3589
-284892.00,-2.72,3601
-284478.00,-2.72,3612
-284327.00,-2.95,3624
-284543.00,-3.17,3636
-284703.00,-3.41,3648
-284527.00,-3.50,3659
-284242.00,-3.47,3672
-284039.00,-3.38,3683
-284834.00,-3.17,3694
-284910.00,-2.91,3706
-284518.00,-2.77,3718
-284339.00,-2.73,3730
-284781.00,-2.78,3741
-285618.00,-2.89,3753
-285058.00,-2.97,3765
-284578.00,-2.96,3777
-284582.00,-3.11,3788
-284176.00,-3.34,3801
-284836.00,-3.38,3812
-285203.00,-3.34,3824
-283326.00,-3.21,3835
-283391.00,-3.18,3847
-285407.00,-3.09,3859
-284648.00,-3.05,3870
-284788.00,-2.89,3883
-284813.00,-2.80,3894
-284766.00,-2.84,3906
-285414.00,-2.89,3917
-284601.00,-2.96,3930
-284025.00,-3.13,3941
-284547.00,-3.28,3953
-285358.00,-3.34,3964
-284658.00,-3.41,3977
-283823.00,-3.44,3988
-284502.00,-3.34,3999
-284321.00,-3.19,4012
-284562.00,-3.12,4023
-285556.00,-2.94,4035
-284376.00,-2.88,4046
-283477.00,-2.72,4059
-285402.00,-2.69,4070
-285663.00,-2.76,4082
-284176.00,-2.86,4093
-283669.00,-2.95,4106
-284022.00,-3.14,4117
-284631.00,-3.46,4129
-284948.00,-3.50,4141
-285030.00,-3.35,4152
-284443.00,-3.17,4164
-283849.00,-3.11,4175
-284980.00,-2.90,4188
-285286.00,-2.78,4199
-284271.00,-2.66,4211
-284540.00,-2.71,4222
-284932.00,-2.90,4235
-284871.00,-3.10,4246
-285084.00,-3.34,4258
-284267.00,-3.38,4270
-283913.00,-3.39,4282
-284899.00,-3.34,4293
-284487.00,-3.22,4304
-284305.00,-3.03,4317
-283942.00,-2.99,4328
-284849.00,-3.03,4340
-285681.00,-2.97,4352
-284545.00,-2.88,4364
-284138.00,-2.83,4375
-284706.00,-2.92,4387
-285016.00,-2.98,4399
-284857.00,-3.04,4411
-284512.00,-3.23,4422
-284793.00,-3.37,4433
-284338.00,-3.43,4446
-284519.00,-3.34,4457
-284955.00,-3.15,4469
-284001.00,-3.02,4481
-284356.00,-2.92,4493
-284954.00,-2.91,4504
-284607.00,-2.92,4516
-284639.00,-2.92,4528
-284774.00,-2.82,4540
-284389.00,-2.91,4551
-284940.00,-2.99,4563
-284973.00,-3.01,4575
-284468.00,-3.13,4587
-283916.00,-3.19,4598
-284108.00,-3.35,4610
-285439.00,-3.40,4622
-284688.00,-3.26,4633
-283772.00,-3.16,4645
-284541.00,-3.12,4657
-284792.00,-2.98,4669
-285154.00,-2.87,4680
-284204.00,-2.79,4692
-284198.00,-2.87,4704
-285583.00,-2.94,4716
-285333.00,-2.87,4727
-284289.00,-2.92,4740
-283646.00,-3.03,4751
-284494.00,-3.17,4762
-285298.00,-3.16,4774
-284309.00,-3.23,4786
-284132.00,-3.23,4798
-284550.00,-3.20,4809
-284591.00,-3.03,4822
-285694.00,-2.90,4833
-285116.00,-2.76,4845
-283669.00,-2.76,4856
-284924.00,-2.90,4869
-285314.00,-2.98,4880
-284596.00,-3.23,4892
-284226.00,-3.29,4903
-283782.00,-3.16,4915
-283929.00,-3.25,4927
-284601.00,-3.22,4938
-285093.00,-3.05,4951
-284616.00,-2.94,4962
-283537.00,-2.84,4974
-284200.00,-2.80,4985
-285380.00,-2.85,4998
-285183.00,-2.94,5009
-284422.00,-3.06,5021
-284384.00,-3.23,5032
-284602.00,-3.35,5045
-285887.00,-3.34,5056
-284689.00,-3.28,5067
-284801.00,-3.25,5080
-284866.00,-3.25,5091
-284976.00,-3.16,5103
-285677.00,-2.97,5114
-284234.00,-2.92,5127
-284376.00,-2.95,5138
-285570.00,-2.97,5150
-285103.00,-2.90,5161
-284234.00,-2.87,5174
-283923.00,-3.01,5185
-284681.00,-3.16,5197
-285847.00,-3.19,5209
-285185.00,-3.28,5220
-283764.00,-3.20,5232
-283590.00,-3.23,5243
-284228.00,-3.14,5256
-285855.00,-3.10,5267
-285231.00,-2.94,5279
-283513.00,-2.85,5291
-284412.00,-2.90,5303
-285910.00,-2.86,5314
-285502.00,-2.90,5326
-283891.00,-3.02,5338
-283282.00,-3.20,5349
-284468.00,-3.35,5361
-285358.00,-3.41,5372
-285496.00,-3.26,5385
-284444.00,-2.97,5396
-283505.00,-2.94,5408
-284739.00,-2.99,5420
-286182.00,-2.99,5432
-284569.00,-2.78,5443
-283995.00,-2.84,5455
-285015.00,-2.92,5467
-285909.00,-3.03,5479
-284501.00,-3.06,5490
-282890.00,-3.05,5501
-284657.00,-3.31,5514
-285834.00,-3.35,5525
-285101.00,-3.05,5537
-284215.00,-2.90,5549
-283844.00,-2.93,5561
-284626.00,-2.93,5572
-285878.00,-2.98,5584
-285503.00,-3.04,5596
-284007.00,-3.03,5608
-282871.00,-3.11,5619
-284788.00,-3.25,5632
-286009.00,-3.29,5643
-284779.00,-3.21,5655
-284176.00,-3.11,5666
-284024.00,-3.06,5678
-284862.00,-3.10,5690
-285482.00,-3.18,5701
-283840.00,-3.14,5713
-283250.00,-3.06,5725
-284436.00,-2.99,5737
-285545.00,-2.91,5748
-285273.00,-2.95,5761
-284208.00,-3.03,5772
-284033.00,-2.93,5784
-284852.00,-3.04,5795
-284969.00,-3.12,5808
-284346.00,-3.05,5819
-284028.00,-3.21,5830
-284055.00,-3.42,5842
-285271.00,-3.40,5854
-283824.00,-3.21,5866
-284042.00,-3.00,5877
-284167.00,-2.86,5890
-284897.00,-2.79,5901
-285273.00,-2.88,5913
-283939.00,-2.91,5924
-284013.00,-3.03,5937
-284702.00,-3.24,5948
-284605.00,-3.30,5960
-284567.00,-3.29,5971
-283918.00,-3.17,5983
-283693.00,-3.10,5995
-284483.00,-3.10,6006
-284965.00,-3.01,6019
-284414.00,-2.93,6030
-284857.00,-3.02,6042
-284482.00,-3.05,6053
-284374.00,-3.01,6066
-285161.00,-2.88,6077
-284325.00,-2.93,6089
-284289.00,-3.06,6100
-284861.00,-3.15,6113
-284629.00,-3.26,6124
-284680.00,-3.31,6135
-284362.00,-3.35,6148
-284962.00,-3.22,6159
-284742.00,-3.03,6171
-284498.00,-2.84,6182
-285272.00,-2.71,6195
-284523.00,-2.65,6206
-284257.00,-2.78,6218
-284695.00,-2.79,6230
-284391.00,-2.92,6242
-284577.00,-3.17,6253
-283902.00,-3.23,6265
-284484.00,-3.24,6277
-285405.00,-3.26,6288
-284519.00,-3.35,6300
-284972.00,-3.28,6311
-284839.00,-3.07,6324
-284229.00,-2.96,6335
-285191.00,-2.87,6347
-284816.00,-2.88,6359
-284214.00,-3.01,6371
-284036.00,-3.17,6382
-284658.00,-3.05,6394
-285332.00,-2.98,6406
-283867.00,-2.89,6418
-283843.00,-2.96,6429
-285215.00,-3.02,6440
-284997.00,-3.13,6453
-284604.00,-3.13,6464
-284780.00,-3.11,6476
-283964.00,-3.15,6488
-284163.00,-3.25,6500
-285497.00,-3.20,6511
-284565.00,-3.07,6523
-284206.00,-3.00,6535
-284592.00,-3.05,6547
-284595.00,-3.17,6558
-285281.00,-3.18,6571
-285018.00,-3.05,6582
-284280.00,-2.95,6593
-284578.00,-3.05,6605
-284607.00,-3.08,6617
-285194.00,-3.16,6629
-284429.00,-3.06,6640
-284708.00,-3.00,6652
-284404.00,-3.00,6664
-284750.00,-3.13,6676
-284906.00,-3.03,6687
-284430.00,-3.04,6700
-284334.00,-3.11,6711
-284889.00,-3.14,6722
-284777.00,-3.12,6734
-284552.00,-3.05,6746
-284650.00,-3.05,6758
-284669.00,-3.14,6769
-284852.00,-3.08,6781
-284499.00,-2.98,6793
-284498.00,-3.10,6805
-284907.00,-3.10,6816
-283951.00,-3.09,6829
-284620.00,-3.17,6840
-285216.00,-3.08,6852
-284278.00,-3.02,6863
-284825.00,-2.89,6875
-284328.00,-2.84,6887
-283919.00,-3.04,6898
-285176.00,-3.19,6910
-284998.00,-3.22,6922
-284233.00,-3.16,6934
-284422.00,-3.03,6945
-284469.00,-3.12,6958
-284383.00,-3.18,6969
-284463.00,-3.09,6981
-284389.00,-3.02,6992
-284219.00,-3.07,7005
-284389.00,-3.10,7016
-285178.00,-2.96,7027
-284348.00,-2.80,7040
-283957.00,-2.84,7051
-284105.00,-2.99,7063
-284859.00,-3.07,7074
-285572.00,-3.17,7087
-284157.00,-3.15,7098
-283700.00,-3.10,7110
-284785.00,-3.28,7121
-284744.00,-3.23,7134
-284664.00,-3.25,7145
-284597.00,-3.12,7157
-284268.00,-3.03,7169
-284492.00,-2.94,7180
-284916.00,-3.02,7192
-284700.00,-3.00,7203
-284174.00,-2.85,7216
-283821.00,-2.70,7227
-285154.00,-2.69,7239
-285752.00,-2.87,7250
-283817.00,-2.97,7263
-284110.00,-3.07,7274
-284913.00,-3.26,7286
-284215.00,-3.41,7298
-284940.00,-3.34,7310
-284508.00,-3.17,7321
-283642.00,-3.11,7332
-285006.00,-2.93,7345
-285387.00,-2.87,7356
-284205.00,-2.88,7368
-284071.00,-2.92,7379
-284251.00,-3.14,7392
-284804.00,-3.24,7403
-285079.00,-3.19,7415
-284181.00,-3.09,7427
-284759.00,-3.03,7439
-284498.00,-3.00,7450
-285097.00,-3.08,7462
-284567.00,-3.10,7474
-283979.00,-3.15,7485
-285031.00,-3.15,7497
-284931.00,-2.92,7508
-284969.00,-2.83,7521
-283958.00,-2.92,7532
-283971.00,-2.98,7544
-284780.00,-3.07,7556
-284932.00,-3.27,7568
-284917.00,-3.27,7579
-284334.00,-3.23,7591
-283904.00,-3.27,7603
-284319.00,-3.13,7615
-285285.00,-2.96,7626
-284752.00,-2.87,7638
-283675.00,-2.82,7650
-284532.00,-2.98,7661
-285072.00,-3.19,7673
-284974.00,-3.20,7685
-284422.00,-3.14,7697
-284107.00,-3.12,7708
-284428.00,-3.13,7720
-284552.00,-3.17,7732
-284298.00,-3.33,7744
-284624.00,-3.39,7755
-284187.00,-3.28,7768
-284520.00,-3.06,7779
-285131.00,-2.96,7790
-284628.00,-2.86,7802
-284099.00,-2.84,7814
-284452.00,-2.83,7826
-284908.00,-2.93,7837
-284677.00,-3.04,7849
-283684.00,-3.21,7861
-284451.00,-3.35,7873
-285051.00,-3.44,7884
-284335.00,-3.26,7897
-284081.00,-3.08,7908
-284109.00,-2.96,7920
-283968.00,-3.09,7931
-284833.00,-3.19,7943
-285372.00,-3.12,7955
-284006.00,-2.97,7966
-283363.00,-2.87,7979
-285025.00,-2.83,7990
-285285.00,-2.82,8002
-284350.00,-2.94,8013
-284357.00,-3.15,8026
-284539.00,-3.24,8037
-284740.00,-3.27,8049
-285007.00,-3.22,8060
-284641.00,-3.19,8073
-283457.00,-3.10,8084
-284214.00,-3.07,8095
-285414.00,-3.03,8108
-284643.00,-2.92,8119
-284299.00,-2.85,8131
-284773.00,-2.83,8142
-284552.00,-2.87,8155
-284725.00,-2.97,8166
-285368.00,-2.82,8178
-284393.00,-2.99,8189
-283812.00,-3.22,8202
-285292.00,-3.42,8213
-284643.00,-3.43,8225
-285016.00,-3.24,8237
-284265.00,-3.20,8248
-284086.00,-3.07,8260
-285540.00,-2.83,8271
-285044.00,-2.79,8284
-283901.00,-2.78,8295
-284368.00,-2.79,8307
-284950.00,-2.95,8318
-284529.00,-3.18,8331
-284729.00,-3.38,8342
-284626.00,-3.27,8354
-283708.00,-3.27,8366
-284321.00,-3.21,8378
-285232.00,-3.17,8389
-284415.00,-3.20,8400
-283779.00,-3.15,8413
-285113.00,-3.06,8424
-285561.00,-2.87,8436
-284659.00,-2.72,8448
-284775.00,-2.69,8460
-284206.00,-2.85,8471
-284176.00,-2.99,8483
-285103.00,-3.20,8495
-284921.00,-3.21,8507
-283951.00,-3.15,8518
-283568.00,-3.22,8530
-284560.00,-3.15,8542
-285301.00,-3.11,8553
-284832.00,-3.14,8565
-284106.00,-3.09,8577
-284399.00,-3.07,8589
-285367.00,-3.07,8600
-285082.00,-3.10,8612
-283896.00,-3.01,8624
-284358.00,-3.02,8636
-285770.00,-3.07,8647
-284832.00,-3.08,8659
-284066.00,-3.13,8671
-284319.00,-3.08,8683
-284380.00,-3.12,8694
-285196.00,-3.01,8706
-285065.00,-2.90,8718
-283976.00,-2.98,8729
-283948.00,-3.03,8741
-285219.00,-3.30,8753
-285214.00,-3.38,8765
-284549.00,-3.19,8776
-283942.00,-2.95,8788
-283892.00,-2.93,8800
-285410.00,-3.04,8812
-284795.00,-2.96,8823
-284789.00,-2.91,8836
-284686.00,-2.98,8847
-283712.00,-3.05,8858
-284801.00,-3.27,8870
-285041.00,-3.26,8882
-284363.00,-3.16,8894
-284099.00,-3.01,8905
-284554.00,-2.87,8918
-284574.00,-2.91,8929
-284860.00,-2.92,8941
-284647.00,-3.01,8952
-284500.00,-3.11,8965
-285633.00,-3.14,8976
-285643.00,-3.08,8988
-284054.00,-3.04,8999
-284722.00,-3.07,9011
-285023.00,-3.18,9023
-284991.00,-3.17,9034
-285834.00,-3.20,9047
-284470.00,-3.15,9058
-284232.00,-2.95,9070
-285732.00,-3.05,9081
-284872.00,-3.16,9094
-284219.00,-3.08,9105
-284820.00,-3.01,9117
-284517.00,-3.07,9128
-284363.00,-3.11,9141
-284560.00,-3.11,9152
-284691.00,-3.19,9163
-284383.00,-3.07,9176
-284502.00,-2.86,9187
-284684.00,-2.80,9199
-284458.00,-2.85,9210
-284251.00,-2.91,9223
-284730.00,-3.05,9234
-285372.00,-3.06,9246
-284586.00,-3.09,9257
-284440.00,-3.07,9270
-284525.00,-3.04,9281
-284634.00,-3.08,9293
-285285.00,-3.13,9305
-284331.00,-3.13,9316
-284067.00,-3.09,9328
-284738.00,-3.06,9339
-284980.00,-3.08,9352
-284907.00,-2.96,9363
-284518.00,-2.84,9375
-284472.00,-2.93,9387
-284455.00,-3.00,9399
-284507.00,-3.10,9410
-284891.00,-3.17,9422
-284359.00,-3.24,9434
-284364.00,-3.15,9446
-284491.00,-3.11,9457
-284536.00,-3.10,9468
-284704.00,-2.93,9481
-284731.00,-2.94,9492
-284934.00,-3.04,9504
-285153.00,-2.97,9516
-284697.00,-2.95,9528
-284490.00,-2.85,9539
-284926.00,-2.95,9551
-284467.00,-3.01,9563
-284612.00,-3.13,9575
-284563.00,-3.12,9586
-284181.00,-3.10,9598
-284917.00,-3.19,9610
-284561.00,-3.17,9621
-284251.00,-3.12,9633
-284667.00,-3.07,9645
-284474.00,-2.94,9657
-284179.00,-2.86,9668
-285062.00,-2.83,9680
-284776.00,-2.79,9692
-284303.00,-2.87,9704
-285113.00,-3.07,9715
-285087.00,-3.12,9728
-284851.00,-3.19,9739
-284929.00,-3.20,9751
-283966.00,-3.22,9762
-284088.00,-3.12,9774
-284418.00,-3.07,9786
-283723.00,-3.02,9797
-284725.00,-2.97,9809
-284575.00,-2.90,9821
-284788.00,-2.92,9833
-284949.00,-2.93,9844
-284100.00,-2.86,9857
-284379.00,-2.97,9868
-285216.00,-3.09,9880
-285011.00,-3.12,9891
-284342.00,-3.17,9904
-284034.00,-3.18,9915
-284481.00,-3.19,9926
-284882.00,-3.13,9938
-284561.00,-2.95,9950
-284402.00,-2.78,9962
-284158.00,-2.73,9973
-284410.00,-2.88,9986
-285218.00,-2.97,9997
-284711.00,-2.95,10009
-283936.00,-2.98,10020
-284364.00,-3.18,10033
-284641.00,-3.25,10044
-284641.00,-3.27,10056
-284513.00,-3.21,10067
-284471.00,-2.99,10079
-284764.00,-2.94,10091
-284644.00,-2.90,10102
-284865.00,-2.87,10115
-284846.00,-3.03,10126
-283810.00,-2.99,10138
-284750.00,-3.06,10149
-285394.00,-3.17,10162
-284353.00,-3.19,10173
-284416.00,-3.22,10185
-284132.00,-3.11,10196
-284965.00,-3.05,10209
-284730.00,-2.95,10220
-284097.00,-2.90,10231
-284673.00,-2.94,10244
-284737.00,-3.00,10255
-284317.00,-3.12,10267
-284476.00,-3.14,10278
-284232.00,-3.07,10291
-284457.00,-3.06,10302
-284855.00,-2.92,10314
-284685.00,-2.88,10326
-284893.00,-2.92,10338
-283943.00,-3.05,10349
-284142.00,-3.15,10361
-285547.00,-3.28,10373
-284524.00,-3.32,10384
-284378.00,-3.31,10396
-285172.00,-3.18,10407
-284431.00,-2.97,10420
-284642.00,-3.00,10431
-285128.00,-2.91,10443
-284109.00,-2.86,10455
-283696.00,-2.94,10467
-285065.00,-3.04,10478
-285149.00,-3.11,10490
-284237.00,-3.02,10502
-284488.00,-3.05,10514
-284211.00,-3.11,10525
-284897.00,-3.19,10536
-285068.00,-3.23,10549
-284089.00,-3.08,10560
-284466.00,-2.98,10572
-285508.00,-2.84,10584
-284498.00,-2.84,10596
-283675.00,-2.90,10607
-284270.00,-3.02,10619
-284873.00,-3.19,10631
-285380.00,-3.27,10643
-285061.00,-3.14,10654
-283776.00,-2.98,10667
-284283.00,-2.95,10678
-284950.00,-3.10,10689
-284449.00,-3.08,10701
-284270.00,-3.21,10713
-283987.00,-3.26,10725
-284286.00,-3.37,10736
-285179.00,-3.24,10748
-285045.00,-3.00,10760
-284081.00,-2.80,10772
-284391.00,-2.87,10783
-284865.00,-2.88,10796
-285469.00,-3.01,10807
-284811.00,-3.11,10819
-283955.00,-3.18,10830
-284496.00,-3.20,10842
-285091.00,-3.09,10854
-285398.00,-2.99,10865
-284883.00,-2.85,10877
-283473.00,-2.97,10889
-283987.00,-3.15,10901
-285310.00,-3.24,10912
-285306.00,-3.19,10925
-284561.00,-3.08,10936
-283880.00,-2.91,10948
-285146.00,-3.00,10959
-284948.00,-3.01,10972
-283932.00,-2.98,10983
-284036.00,-3.09,10994
-284638.00,-3.14,11006
-284880.00,-3.11,11018
-284777.00,-3.00,11030
-284119.00,-2.74,11041
-284021.00,-2.81,11054
-285110.00,-2.92,11065
-285560.00,-2.86,11077
-284700.00,-3.04,11088
-283498.00,-3.13,11101
-284271.00,-3.24,11112
-285605.00,-3.39,11124
-284826.00,-3.25,11136
-284045.00,-3.03,11147
-283928.00,-2.96,11159
-284742.00,-3.06,11170
-285359.00,-3.04,11183
-285282.00,-2.96,11194
-284235.00,-2.90,11206
-283257.00,-2.91,11217
-284469.00,-2.94,11230
-285802.00,-2.99,11241
-284764.00,-3.00,11253
-283737.00,-3.13,11265
-284196.00,-3.30,11277
-284462.00,-3.28,11288
-285022.00,-3.15,11299
-284967.00,-3.09,11312
-283949.00,-2.82,11323
-284489.00,-2.78,11335
-285050.00,-2.80,11346
-284162.00,-2.89,11359
-283877.00,-3.04,11370
-284751.00,-3.20,11382
-285413.00,-3.29,11394
-284922.00,-3.13,11406
-284051.00,-2.95,11417
-283855.00,-3.00,11429
-285354.00,-2.99,11441
-286170.00,-3.12,11452
-284681.00,-3.17,11464
-283671.00,-3.01,11475
-284397.00,-3.04,11488
-285267.00,-3.12,11499
-285412.00,-2.98,11511
-284671.00,-2.82,11523
-283691.00,-2.92,11535
-284226.00,-3.16,11546
-285375.00,-3.25,11558
-285499.00,-3.20,11570
-284393.00,-3.24,11582
-283287.00,-3.14,11593
-284397.00,-3.17,11604
-285710.00,-3.02,11617
-285164.00,-2.87,11628
-284428.00,-2.83,11640
-283483.00,-2.90,11652
-284052.00,-3.02,11664
-286227.00,-2.99,11675
-285290.00,-2.97,11687
-283258.00,-3.00,11699
-284378.00,-3.02,11711
-285047.00,-3.06,11722
-284640.00,-3.03,11735
-283941.00,-3.10,11746
-283239.00,-3.16,11757
-285712.00,-3.20,11769
-285961.00,-3.20,11781
-283923.00,-3.08,11793
-283670.00,-2.93,11804
-284675.00,-2.87,11816
-285195.00,-2.99,11828
-285116.00,-3.04,11840
-284715.00,-2.89,11851
-283927.00,-2.91,11864
-284354.00,-3.07,11875
-286026.00,-3.05,11887
-285025.00,-3.08,11898
-283106.00,-3.12,11910
-284047.00,-3.18,11922
-285275.00,-3.38,11933
-285426.00,-3.35,11945
-284673.00,-2.90,11957
-283542.00,-2.72,11969
-284089.00,-2.83,11980
-285436.00,-2.85,11993
-285981.00,-2.87,12004
-283949.00,-3.03,12016
-283122.00,-3.14,12027
-284982.00,-3.37,12040
-285481.00,-3.29,12051
-284898.00,-3.04,12062
-284634.00,-2.97,12075
-283726.00,-3.00,12086
-284241.00,-3.14,12098
-285916.00,-2.97,12109
-284721.00,-2.81,12122
-284535.00,-2.86,12133
-284965.00,-2.93,12145
-285093.00,-3.00,12156
-284748.00,-3.01,12169
-283864.00,-2.94,12180
-283944.00,-3.12,12192
-285266.00,-3.26,12204
-285264.00,-3.21,12215
-283543.00,-3.20,12227
-283727.00,-3.11,12238
-284993.00,-3.10,12251
-285218.00,-3.03,12262
-285812.00,-2.88,12274
-284486.00,-2.87,12285
-283283.00,-2.95,12298
-285277.00,-3.16,12309
-286141.00,-3.20,12321
-284616.00,-3.10,12333
-283913.00,-2.99,12345
-284070.00,-3.13,12356
-284786.00,-3.27,12367
-285287.00,-3.26,12380
-284507.00,-3.07,12391
-283471.00,-2.90,12403
-283652.00,-2.86,12414
-285470.00,-2.92,12427
-285639.00,-2.86,12438
-284663.00,-2.90,12450
-284299.00,-3.01,12462
-284054.00,-3.01,12474
-284728.00,-3.01,12485
-285480.00,-3.09,12497
-284198.00,-3.12,12509
-284140.00,-3.24,12520
-285417.00,-3.29,12532
-283928.00,-3.17,12544
-283966.00,-2.94,12556
-284171.00,-2.80,12567
-284345.00,-2.88,12579
-285304.00,-2.92,12591
-285184.00,-2.91,12603
-283625.00,-2.90,12614
-283854.00,-3.14,12626
-285615.00,-3.31,12638
-285344.00,-3.27,12650
-283860.00,-3.18,12661
-283764.00,-3.22,12673
-284279.00,-3.22,12685
-285035.00,-3.14,12696
-285814.00,-3.00,12708
-284317.00,-2.88,12720
-283542.00,-2.84,12732
-284765.00,-2.93,12743
-285777.00,-3.00,12755
-284960.00,-3.01,12767
-284392.00,-3.01,12779
-284062.00,-3.20,12790
-284563.00,-3.18,12803
-285741.00,-3.13,12814
-285050.00,-3.16,12825
-283548.00,-3.10,12837
-284315.00,-3.07,12849
-285351.00,-3.11,12861
-284995.00,-3.10,12872
-284448.00,-3.05,12884
-284513.00,-3.04,12896
-284461.00,-3.05,12908
-285300.00,-3.13,12919
-284121.00,-3.24,12932
-283802.00,-3.23,12943
-284946.00,-3.14,12954
-285283.00,-3.11,12966
-284125.00,-3.15,12978
-283866.00,-3.07,12990
-284173.00,-2.99,13001
-284713.00,-3.11,13014
-285383.00,-3.13,13025
-284875.00,-3.04,13037
-283725.00,-3.04,13048
-284512.00,-3.09,13061
-285376.00,-3.05,13072
-284323.00,-2.92,13084
-283980.00,-2.91,13095
-284180.00,-3.02,13108
-284112.00,-3.16,13119
-285170.00,-3.25,13130
-285447.00,-3.06,13143
-283741.00,-2.97,13154
-283648.00,-3.00,13166
-284823.00,-3.05,13177
-285132.00,-3.10,13190
-285080.00,-2.99,13201
-284064.00,-2.97,13213
-283413.00,-3.11,13224
-284677.00,-3.10,13237
-285568.00,-3.16,13248
-284752.00,-3.17,13260
-283941.00,-3.13,13272
-284265.00,-3.05,13283
-285118.00,-2.93,13295
-284495.00,-2.93,13306
-284079.00,-2.89,13319
-284451.00,-2.94,13330
-284928.00,-3.13,13342
-285465.00,-3.14,13353
-284361.00,-3.18,13366
-282995.00,-3.24,13377
-284497.00,-3.26,13389
-285710.00,-3.16,13401
-284949.00,-3.01,13412
-283900.00,-2.88,13424
-283991.00,-2.88,13435
-284860.00,-3.12,13448
-285559.00,-3.19,13459
-285055.00,-3.08,13471
-283190.00,-2.90,13483
-283515.00,-3.00,13495
-285957.00,-3.02,13506
-285915.00,-2.94,13518
-283942.00,-2.95,13530
-283748.00,-2.96,13542
-284249.00,-3.11,13553
-284813.00,-3.18,13564
-285576.00,-3.16,13577
-284190.00,-3.12,13588
-283628.00,-3.08,13600
-285366.00,-3.10,13612
-285464.00,-3.11,13624
-284467.00,-3.02,13635
-284399.00,-2.95,13647
-284140.00,-2.93,13659
-284356.00,-3.05,13671
-285045.00,-3.07,13682
-285071.00,-3.00,13694
-284117.00,-3.03,13706
-285523.00,-3.14,13717
-285222.00,-3.19,13729
-284090.00,-3.03,13741
-283680.00,-2.96,13753
-283981.00,-3.07,13764
-284869.00,-3.12,13776
-285725.00,-3.12,13788
-284774.00,-2.99,13800
-283440.00,-2.88,13811
-284155.00,-3.00,13824
-285565.00,-3.09,13835
-285206.00,-3.18,13847
-283717.00,-3.06,13858
-283956.00,-2.94,13870
-284818.00,-3.15,13882
-284731.00,-3.30,13893
-284828.00,-3.25,13905
-284094.00,-3.20,13917
-283823.00,-3.16,13929
-285209.00,-3.03,13940
-285392.00,-2.86,13953
-283914.00,-2.71,13964
-283598.00,-2.77,13976
-284528.00,-2.96,13987
-285529.00,-3.16,14000
-285027.00,-3.18,14011
-284251.00,-3.04,14022
-283896.00,-3.03,14034
-284407.00,-3.22,14046
-285201.00,-3.24,14058
-285274.00,-3.17,14069
-284362.00,-3.05,14082
-284877.00,-2.97,14093
-285474.00,-3.13,14105
-284534.00,-3.17,14116
-284243.00,-3.08,14129
-283994.00,-3.13,14140
-284841.00,-3.19,14152
-285606.00,-3.15,14163
-284791.00,-3.05,14175
-284118.00,-3.02,14187
-284380.00,-3.12,14198
-284797.00,-3.24,14211
-284765.00,-3.30,14222
-284047.00,-3.13,14234
-283613.00,-2.99,14245
-284667.00,-3.04,14258
-285586.00,-3.05,14269
-284919.00,-2.96,14281
-284177.00,-3.06,14292
-284271.00,-3.20,14305
-284289.00,-3.17,14316
-284713.00,-3.05,14327
-284668.00,-3.04,14340
-283832.00,-2.93,14351
-284083.00,-2.92,14363
-285151.00,-3.15,14374
-285348.00,-3.22,14387
-284437.00,-3.12,14398
-284067.00,-3.14,14410
-284238.00,-3.13,14422
-284374.00,-3.10,14434
-285045.00,-3.01,14445
-285243.00,-2.99,14457
-284524.00,-3.05,14469
-284895.00,-2.95,14480
-284321.00,-2.86,14492
-284465.00,-2.87,14503
-284266.00,-2.90,14516
-284312.00,-3.12,14527
-285009.00,-3.15,14539
-285532.00,-3.23,14551
-284244.00,-3.29,14563
-283639.00,-3.23,14574
-284789.00,-3.24,14586
-284934.00,-3.26,14598
-284723.00,-3.19,14610
-284536.00,-3.09,14621
-284483.00,-2.96,14632
-284740.00,-2.85,14645
-284705.00,-2.89,14656
-284995.00,-2.93,14668
-284188.00,-3.08,14680
-283817.00,-3.19,14692
-285018.00,-3.15,14703
-284932.00,-3.14,14715
-283961.00,-3.12,14727
-284362.00,-3.19,14739
-284693.00,-3.26,14750
-284384.00,-3.20,14763
-284749.00,-2.99,14774
-284527.00,-2.83,14785
-284320.00,-2.72,14797
-285144.00,-2.86,14809
-284905.00,-3.08,14821
-283907.00,-3.26,14832
-284452.00,-3.29,14844
-285129.00,-3.29,14856
-285044.00,-3.19,14868
-283915.00,-3.12,14879
-284211.00,-3.10,14892
-284613.00,-3.11,14903
-284827.00,-3.12,14915
-285003.00,-3.02,14926
-284041.00,-2.86,14938
-284519.00,-2.81,14950
-285253.00,-2.86,14961
-284206.00,-3.02,14973
-284254.00,-3.13,14985
-284869.00,-3.25,14997
-284195.00,-3.25,15008
-284673.00,-3.16,15021
-284781.00,-3.10,15032
-283688.00,-3.10,15044
-284552.00,-3.08,15055
-285515.00,-3.00,15068
-284799.00,-2.79,15079
-284047.00,-2.72,15090
-283971.00,-2.88,15102
-284026.00,-3.12,15114
-284740.00,-3.17,15126
-285321.00,-3.16,15137
-284246.00,-3.21,15150
-283667.00,-3.04,15161
-284669.00,-3.15,15173
-284412.00,-3.30,15184
-284168.00,-3.31,15197
-285290.00,-3.23,15208
-284649.00,-3.10,15220
-283562.00,-2.99,15232
-285177.00,-2.89,15243
-285300.00,-2.91,15255
-284866.00,-2.91,15266
-285030.00,-2.92,15279
-284100.00,-3.15,15290
-284542.00,-3.29,15302
-284583.00,-3.37,15313
-284017.00,-3.34,15326
-284421.00,-3.20,15337
-284782.00,-2.97,15349
-284485.00,-3.02,15361
-284129.00,-3.04,15373
-284387.00,-3.05,15384
-285006.00,-3.14,15395
-284598.00,-3.17,15408
-284285.00,-3.10,15419
-285091.00,-2.91,15431
-284593.00,-2.79,15442
-284437.00,-2.88,15455
-284822.00,-3.04,15466
-284129.00,-3.30,15478
-284541.00,-3.39,15490
-285589.00,-3.32,15502
-284669.00,-3.25,15513
-284439.00,-3.11,15525
-284881.00,-2.92,15537
-284863.00,-2.74,15548
-284857.00,-2.77,15560
-284439.00,-2.91,15571
-284141.00,-2.92,15584
-284354.00,-3.17,15595
-284457.00,-3.23,15607
-284831.00,-3.26,15619
-284356.00,-3.21,15631
-284412.00,-3.14,15642
-284746.00,-3.19,15654
-284655.00,-3.09,15666
-285205.00,-2.93,15678
-284295.00,-2.86,15689
-284289.00,-2.92,15700
-284830.00,-3.02,15713
-284968.00,-3.03,15724
-284944.00,-3.03,15736
-284160.00,-3.12,15748
-284452.00,-3.22,15760
-285315.00,-3.30,15771
-284836.00,-3.15,15783
-284408.00,-3.07,15795
-284548.00,-2.99,15807
-284566.00,-2.98,15818
-285191.00,-3.04,15831
-284897.00,-3.06,15842
-283981.00,-3.06,15854
-285124.00,-2.98,15865
-284769.00,-2.89,15877
-284112.00,-2.93,15889
-284910.00,-3.04,15900
-284163.00,-3.19,15912
-284154.00,-3.28,15924
-285249.00,-3.30,15936
-284810.00,-3.25,15947
-283686.00,-3.12,15960
-284088.00,-2.95,15971
-285114.00,-2.89,15983
-285358.00,-2.93,15994
-285282.00,-2.88,16006
-284888.00,-2.85,16018
-284148.00,-2.92,16029
-284900.00,-2.95,16041
-284446.00,-3.08,16053
-283787.00,-3.30,16065
-284314.00,-3.49,16076
-284558.00,-3.32,16089
-284741.00,-3.12,16100
-283862.00,-2.97,16112
-283689.00,-2.76,16123
-284834.00,-2.75,16136
-285437.00,-2.82,16147
-284593.00,-2.97,16158
-284386.00,-2.94,16171
-284939.00,-2.89,16182
-284732.00,-3.01,16194
-284608.00,-3.03,16205
-284659.00,-3.15,16218
-284321.00,-3.22,16229
-284082.00,-3.25,16241
-284794.00,-3.23,16252
-285335.00,-3.02,16265
-284187.00,-2.89,16276
-283521.00,-2.91,16288
-284468.00,-2.80,16300
-285082.00,-2.80,16312
-285030.00,-2.76,16323
-284345.00,-2.89,16334
-283328.00,-3.12,16347
-283923.00,-3.34,16358
-285530.00,-3.39,16370
-284848.00,-3.41,16381
-283263.00,-3.36,16394
-283747.00,-3.22,16405
-284810.00,-3.00,16417
-285515.00,-2.89,16429
-283834.00,-2.92,16441
-284188.00,-2.90,16452
-285416.00,-3.08,16463
-284989.00,-3.19,16476
-284464.00,-3.11,16487
-284416.00,-3.06,16499
-284315.00,-3.09,16510
-285084.00,-3.13,16523
-284879.00,-3.09,16534
-283683.00,-3.15,16546
-283800.00,-3.28,16558
-284780.00,-3.32,16570
-285106.00,-3.15,16581
-284708.00,-3.03,16593
-284270.00,-2.75,16605
-284070.00,-2.66,16616
-285222.00,-2.73,16628
-285406.00,-2.82,16640
-284515.00,-3.09,16652
-284134.00,-3.27,16663
-283740.00,-3.49,16675
-284794.00,-3.49,16687
-285933.00,-3.27,16699
-284558.00,-3.05,16710
-283112.00,-2.88,16722
-284140.00,-2.99,16734
-285204.00,-3.13,16746
-285392.00,-3.15,16757
-285238.00,-2.94,16770
-283859.00,-2.85,16781
-283772.00,-2.92,16792
-285465.00,-2.94,16804
-285121.00,-3.04,16816
-283813.00,-3.24,16828
-285067.00,-3.32,16839
-284467.00,-3.34,16851
-284124.00,-3.23,16863
-284555.00,-3.02,16875
-284055.00,-3.05,16886
-285508.00,-2.95,16899
-286268.00,-2.89,16910
-284558.00,-2.71,16922
-283677.00,-2.69,16933
-284170.00,-2.78,16945
-285243.00,-3.03,16957
-285372.00,-3.33,16968
-284616.00,-3.37,16980
-283954.00,-3.34,16992
-284392.00,-3.26,17004
-284985.00,-3.15,17015
-284707.00,-3.00,17028
-284437.00,-2.86,17039
-284111.00,-3.03,17051
-284471.00,-3.17,17062
-285221.00,-3.16,17075
-285039.00,-3.02,17086
-284296.00,-2.89,17097
-283872.00,-2.89,17110
-284273.00,-2.92,17121
-285029.00,-2.94,17133
-284560.00,-3.10,17144
-283888.00,-3.40,17157
-284167.00,-3.45,17168
-284745.00,-3.20,17180
-285084.00,-2.92,17191
-284516.00,-2.67,17204
-283923.00,-2.69,17215
-285839.00,-2.80,17227
-285111.00,-2.90,17239
-283747.00,-2.94,17250
-284250.00,-2.99,17262
-285123.00,-3.20,17273
-285107.00,-3.20,17286
-284924.00,-3.19,17297
-284153.00,-3.20,17309
-284367.00,-3.15,17320
-284719.00,-3.10,17333
-284464.00,-3.05,17344
-284645.00,-3.06,17356
-284857.00,-2.95,17368
-284357.00,-2.94,17380
-284606.00,-2.82,17391
-285092.00,-2.88,17402
-284518.00,-3.02,17415
-284204.00,-3.20,17426
-285016.00,-3.32,17438
-284849.00,-3.38,17449
-284598.00,-3.37,17462
-284299.00,-3.28,17473
-284286.00,-3.27,17485
-285050.00,-3.09,17497
-284373.00,-2.90,17509
-284014.00,-2.76,17520
-284916.00,-2.69,17532
-284611.00,-2.78,17544
-284575.00,-3.05,17555
-285212.00,-3.24,17567
-285181.00,-3.32,17579
-284482.00,-3.21,17591
-284456.00,-2.98,17602
-284614.00,-2.94,17614
-284905.00,-3.06,17626
-284586.00,-3.06,17638
-284782.00,-3.02,17649
-284771.00,-2.92,17661
-283705.00,-2.97,17673
-284247.00,-2.92,17685
-285611.00,-2.89,17696
-285077.00,-2.95,17708
-284118.00,-3.03,17720
-284532.00,-3.19,17731
-284832.00,-3.22,17743
-284780.00,-3.32,17755
-284979.00,-3.28,17767
-284389.00,-3.18,17778
-283443.00,-3.14,17790
-284975.00,-3.04,17802
-286072.00,-2.96,17814
-284792.00,-2.93,17825
-283963.00,-3.03,17838
-284567.00,-2.97,17849
-285521.00,-3.06,17860
-285336.00,-2.94,17872
-284036.00,-3.01,17884
-283648.00,-3.21,17896
-284518.00,-3.38,17907
-285147.00,-3.38,17920
-285159.00,-3.30,17931
-284251.00,-3.20,17943
-283637.00,-3.25,17954
-284468.00,-3.06,17967
-285537.00,-2.84,17978
-285224.00,-2.75,17990
-283632.00,-2.90,18001
-285628.00,-2.98,18013
-285634.00,-3.04,18025
-283621.00,-3.14,18036
-283745.00,-3.18,18049
-284675.00,-3.17,18060
-284679.00,-3.17,18072
-285257.00,-3.08,18083
-284659.00,-2.89,18096
-283241.00,-2.84,18107
-284295.00,-2.95,18119
-286126.00,-3.02,18130
-285018.00,-2.93,18142
-283422.00,-2.80,18154
-284036.00,-2.88,18165
-284872.00,-3.01,18178
-285638.00,-3.11,18189
-284929.00,-3.26,18201
-283680.00,-3.16,18212
-283450.00,-3.06,18225
-284772.00,-3.12,18236
-285462.00,-3.12,18248
-284336.00,-3.08,18259
-283896.00,-3.13,18272
-284588.00,-3.03,18283
-285340.00,-2.97,18295
-285061.00,-2.90,18307
-283814.00,-2.92,18318
-283525.00,-3.06,18330
-285052.00,-3.12,18341
-285778.00,-3.16,18354
-284853.00,-3.20,18365
-283408.00,-3.23,18377
-283294.00,-3.22,18388
-285835.00,-3.33,18401
-284616.00,-3.12,18412
-283746.00,-2.86,18424
-283967.00,-2.91,18436
-284991.00,-2.81,18448
-286085.00,-2.83,18459
-284448.00,-2.90,18470
-282924.00,-3.01,18483
-284444.00,-3.18,18494
-285418.00,-3.31,18506
-284985.00,-3.27,18518
-284103.00,-3.05,18530
-283425.00,-3.01,18541
-284330.00,-3.08,18553
-285376.00,-3.07,18565
-284534.00,-3.02,18577
-283576.00,-3.05,18588
-283793.00,-3.02,18600
-285193.00,-3.01,18612
-285922.00,-3.02,18623
-284256.00,-2.98,18635
-283546.00,-3.11,18647
-284475.00,-3.30,18659
-285651.00,-3.37,18670
-285959.00,-3.22,18682
-284212.00,-3.12,18694
-282794.00,-2.99,18706
-284706.00,-3.04,18717
-286056.00,-3.08,18729
-285571.00,-2.95,18741
-284462.00,-2.97,18753
-283036.00,-3.03,18764
-284459.00,-3.01,18776
-285972.00,-2.85,18788
-283357.00,-2.88,18799
-283435.00,-3.11,18811
-285206.00,-3.28,18823
-285841.00,-3.32,18835
-284029.00,-3.26,18846
-283313.00,-3.12,18859
-284520.00,-3.14,18870
-285366.00,-3.12,18882
-285637.00,-2.91,18893
-284241.00,-2.82,18906
-283118.00,-2.88,18917
-285125.00,-3.00,18928
-285697.00,-3.01,18940
-284470.00,-3.10,18952
-284150.00,-3.13,18964
-283649.00,-3.19,18975
-285065.00,-3.25,18988
-286145.00,-3.13,18999
-284312.00,-3.03,19011
-283251.00,-3.07,19022
-284482.00,-3.15,19035
-284895.00,-3.25,19046
-285848.00,-3.16,19058
-284881.00,-2.89,19069
-283221.00,-2.72,19081
-284814.00,-2.79,19093
-285500.00,-2.84,19104
-284676.00,-3.03,19117
-284318.00,-3.05,19128
-283803.00,-3.25,19140
-284382.00,-3.27,19151
-285171.00,-3.23,19164
-284215.00,-3.23,19175
-284132.00,-3.26,19187
-284489.00,-3.21,19198
-285634.00,-3.09,19211
-284752.00,-2.95,19222
-283498.00,-2.81,19233
-284525.00,-2.70,19246
-285191.00,-2.69,19257
-284743.00,-2.94,19269
-283997.00,-3.06,19280
-283923.00,-3.18,19293
-284371.00,-3.39,19304
-284415.00,-3.35,19316
-284505.00,-3.29,19328
-284222.00,-3.22,19340
-283389.00,-3.02,19351
-285069.00,-2.92,19363
-285946.00,-2.87,19375
-284097.00,-2.79,19386
-284422.00,-2.85,19398
-285079.00,-2.92,19409
-284087.00,-3.09,19422
-285347.00,-3.41,19433
-285318.00,-3.45,19445
-283962.00,-3.41,19457
-284437.00,-3.40,19469
-284347.00,-3.20,19480
-284938.00,-3.11,19492
-284812.00,-3.01,19504
-283738.00,-2.97,19516
-284742.00,-2.99,19527
-284698.00,-2.87,19538
-284243.00,-2.83,19551
-284998.00,-2.89,19562
-283971.00,-2.95,19574
-285617.00,-3.10,19586
-284825.00,-3.13,19598
-284064.00,-3.13,19609
-284152.00,-3.20,19621
-283942.00,-3.24,19633
-285080.00,-3.29,19645
-284448.00,-3.25,19656
-283635.00,-3.09,19668
-285150.00,-3.01,19680
-285024.00,-2.85,19691
-284594.00,-2.86,19703
-284695.00,-2.98,19715
-284441.00,-3.02,19727
-284528.00,-3.19,19738
-284398.00,-3.30,19750
-285135.00,-3.37,19762
-284683.00,-3.36,19774
-283870.00,-3.27,19785
-285211.00,-3.21,19798
-285397.00,-3.12,19809
-284113.00,-3.03,19821
-284640.00,-2.86,19832
-284817.00,-2.88,19844
-284198.00,-2.90,19856
-284989.00,-2.89,19867
-284477.00,-3.02,19879
-283998.00,-3.21,19891
-284903.00,-3.19,19903
-284751.00,-3.13,19914
-284344.00,-3.14,19927
-284420.00,-3.09,19938
-284105.00,-2.92,19950
-284894.00,-2.83,19961
-283992.00,-2.94,19974
-284545.00,-3.16,19985
-284058.00,-3.27,19996
-284352.00,-3.26,20008
-285299.00,-3.17,20020
-284212.00,-2.96,20032
-284233.00,-2.90,20043
-284293.00,-3.09,20056
-284709.00,-3.11,20067
-285284.00,-3.17,20079
-283896.00,-3.17,20090
-283918.00,-3.11,20103
-285239.00,-3.00,20114
-284597.00,-2.96,20126
-284741.00,-3.04,20137
-285072.00,-2.99,20149
-284427.00,-2.98,20161
-284828.00,-3.03,20172
-284744.00,-2.97,20185
-284093.00,-3.10,20196
-284362.00,-3.13,20208
-284601.00,-3.03,20219
-285669.00,-2.97,20232
-285244.00,-2.92,20243
-283279.00,-2.96,20255
-284765.00,-3.07,20267
-285299.00,-3.11,20279
-284478.00,-3.17,20290
-285097.00,-3.23,20301
-283138.00,-3.26,20314
-283890.00,-3.33,20325
-286105.00,-3.11,20337
-284946.00,-2.87,20348
-284711.00,-2.77,20361
-284062.00,-2.87,20372
-284962.00,-3.06,20384
-285317.00,-3.12,20396
-284170.00,-3.18,20408
-284153.00,-3.19,20419
-284306.00,-2.97,20431
-284716.00,-2.91,20443
-285094.00,-2.91,20454
-284103.00,-2.88,20466
-284766.00,-3.01,20477
-285216.00,-3.08,20490
-284296.00,-3.12,20501
-284748.00,-3.24,20513
-284459.00,-3.37,20525
-284273.00,-3.29,20537
-285178.00,-3.08,20548
-284284.00,-2.85,20560
-284167.00,-2.72,20572
-284864.00,-2.70,20584
-284058.00,-2.85,20595
-285436.00,-2.96,20606
-285465.00,-2.89,20619
-283481.00,-3.00,20630
-283874.00,-3.22,20642
-284394.00,-3.40,20654
-284859.00,-3.42,20666
-285218.00,-3.40,20677
-284510.00,-3.33,20689
-284170.00,-3.07,20701
-284620.00,-2.79,20713
-284781.00,-2.78,20724
-285639.00,-2.84,20737
-284096.00,-2.80,20748
-285400.00,-2.95,20759
-284505.00,-3.16,20771
-284556.00,-3.18,20783
-284677.00,-3.14,20795
-283508.00,-3.19,20806
-284708.00,-3.28,20818
-285144.00,-3.28,20830
-284134.00,-3.33,20842
-284334.00,-3.27,20853
-284480.00,-3.01,20866
-285260.00,-2.98,20877
-285499.00,-2.89,20889
-283744.00,-2.69,20900
-284067.00,-2.81,20912
-285206.00,-2.94,20924
-284822.00,-3.02,20935
-284993.00,-3.09,20947
-284873.00,-3.15,20959
-283694.00,-3.26,20971
-285001.00,-3.33,20982
-285660.00,-3.20,20995
-284762.00,-3.12,21006
-283778.00,-2.98,21018
-283930.00,-2.97,21029
-285694.00,-2.95,21042
-285354.00,-2.97,21053
-284348.00,-2.92,21064
-284347.00,-2.90,21076
-284151.00,-2.94,21088
-284807.00,-3.09,21100
-285058.00,-3.13,21111
-284473.00,-3.22,21124
-284324.00,-3.31,21135
-286040.00,-3.16,21147
-284927.00,-3.17,21158
-283496.00,-3.09,21171
-284418.00,-3.01,21182
-285474.00,-2.99,21194
-284576.00,-2.99,21206
-284512.00,-3.03,21217
-284235.00,-3.00,21229
-283847.00,-3.19,21240
-285482.00,-3.24,21253
-285508.00,-3.07,21264
-283637.00,-2.94,21276
-283660.00,-3.02,21287
-284969.00,-3.15,21300
-285639.00,-3.18,21311
-284555.00,-2.99,21323
-283814.00,-2.78,21335
-283933.00,-2.81,21347
-284602.00,-2.96,21358
-285922.00,-3.07,21369
-285200.00,-3.11,21382
-283203.00,-3.02,21393
-283905.00,-3.11,21405
-285198.00,-3.30,21416
-285050.00,-3.21,21429
-284655.00,-3.10,21440
-283860.00,-2.99,21452
-284446.00,-2.97,21464
-285666.00,-2.94,21476
-285058.00,-2.82,21487
-284556.00,-2.89,21499
-283902.00,-3.08,21511
-284179.00,-3.15,21522
-284676.00,-3.25,21534
-283326.00,-3.27,21545
-284412.00,-3.31,21558
-284824.00,-3.33,21569
-285300.00,-3.37,21581
-285237.00,-3.24,21593
-283580.00,-3.00,21605
-284498.00,-2.91,21616
-285574.00,-2.84,21628
-285170.00,-2.77,21640
-285068.00,-2.88,21652
-283644.00,-2.98,21663
-283812.00,-3.13,21675
-285810.00,-3.28,21687
-284483.00,-3.34,21698
-283786.00,-3.37,21710
-284824.00,-3.39,21722
-284441.00,-3.35,21734
-285068.00,-3.30,21745
-285494.00,-3.07,21757
-283671.00,-2.85,21769
-283534.00,-2.79,21781
-285091.00,-2.78,21792
-285757.00,-2.86,21805
-284521.00,-2.91,21816
-283484.00,-3.03,21827
-284942.00,-3.22,21839
-284793.00,-3.40,21851
-284231.00,-3.45,21863
-284803.00,-3.37,21874
-283361.00,-3.26,21886
-283609.00,-3.21,21898
-285825.00,-3.06,21910
-283891.00,-2.78,21921
-284162.00,-2.77,21934
-284731.00,-2.82,21945
-285392.00,-2.91,21957
-284853.00,-2.92,21968
-284021.00,-2.90,21980
-284431.00,-3.12,21992
-284700.00,-3.39,22003
-285332.00,-3.46,22016
-285127.00,-3.46,22027
-283200.00,-3.29,22039
-284395.00,-3.08,22050
-285667.00,-3.02,22063
-284142.00,-2.89,22074
-283821.00,-2.98,22086
-284316.00,-3.07,22097
-284595.00,-3.10,22110
-285012.00,-3.16,22121
-284564.00,-2.98,22132
-283642.00,-2.93,22145
-283918.00,-3.04,22156
-285106.00,-3.24,22168
-285386.00,-3.29,22179
-284364.00,-3.20,22192
-283714.00,-3.17,22203
-284426.00,-3.12,22215
-285065.00,-3.09,22226
-284900.00,-3.02,22239
-284562.00,-2.90,22250
-283801.00,-2.91,22262
-284119.00,-3.05,22274
-284321.00,-3.17,22285
-284701.00,-3.17,22297
-284529.00,-3.12,22308
-284384.00,-3.25,22321
-284884.00,-3.34,22332
-284423.00,-3.27,22344
-284399.00,-3.14,22355
-284066.00,-3.01,22368
-284896.00,-2.87,22379
-285284.00,-2.79,22391
-284716.00,-2.68,22403
-284508.00,-2.80,22415
-284377.00,-2.99,22426
-284784.00,-3.02,22437
-285205.00,-3.08,22450
-283963.00,-3.15,22461
-283242.00,-3.23,22473
-284865.00,-3.34,22484
-284998.00,-3.43,22497
-284200.00,-3.28,22508
-284396.00,-3.15,22520
-284361.00,-3.08,22532
-284794.00,-2.98,22544
-285134.00,-2.91,22555
-284579.00,-2.85,22567
-284509.00,-2.96,22579
-284223.00,-3.08,22590
-284942.00,-3.17,22602
-285012.00,-3.14,22614
-284421.00,-3.28,22626
-284219.00,-3.39,22637
-284534.00,-3.31,22649
-285171.00,-3.24,22661
-284990.00,-3.16,22673
-283908.00,-2.95,22684
-284093.00,-2.90,22696
-285440.00,-2.85,22708
-285457.00,-2.77,22720
-283947.00,-2.77,22731
-283985.00,-2.89,22743
-285692.00,-3.06,22755
-285280.00,-3.29,22766
-284479.00,-3.40,22778
-284207.00,-3.20,22790
-283532.00,-3.15,22802
-285053.00,-3.20,22813
-285813.00,-3.09,22825
-284260.00,-2.99,22837
-283281.00,-2.93,22849
-284307.00,-3.00,22860
-285609.00,-2.95,22873
-285235.00,-2.88,22884
-284129.00,-2.90,22895
-283939.00,-2.98,22907
-284700.00,-3.13,22919
-284928.00,-3.32,22931
-284942.00,-3.27,22942
-284182.00,-3.16,22955
-283693.00,-3.22,22966
-284772.00,-3.17,22978
-284875.00,-3.13,22989
-284940.00,-3.00,23002
-284224.00,-2.89,23013
-283746.00,-2.86,23025
-285267.00,-2.97,23036
-285417.00,-3.00,23048
-283965.00,-2.97,23060
-283806.00,-3.12,23071
-284631.00,-3.20,23084
-284981.00,-3.22,23095
-283859.00,-3.18,23107
-284171.00,-3.17,23118
-284203.00,-3.11,23131
-284202.00,-2.99,23142
-285268.00,-2.97,23154
-283472.00,-2.87,23165
-283502.00,-2.89,23178
-285865.00,-3.03,23189
-284849.00,-2.92,23200
-284534.00,-2.87,23213
-284609.00,-2.99,23224
-283974.00,-3.13,23236
-284897.00,-3.24,23247
-285246.00,-3.29,23260
-283914.00,-3.23,23271
-284384.00,-3.20,23283
-284971.00,-2.98,23294
-284869.00,-2.83,23307
-284929.00,-2.82,23318
-284079.00,-2.79,23330
-283913.00,-2.87,23342
-284728.00,-3.08,23353
-284806.00,-3.19,23365
-285026.00,-3.28,23376
-284231.00,-3.13,23389
-284051.00,-3.18,23400
-285309.00,-3.20,23412
-284733.00,-3.10,23424
-284596.00,-3.08,23436
-285099.00,-3.06,23447
-284090.00,-3.18,23459
-284981.00,-3.19,23471
-285417.00,-3.08,23483
-284283.00,-2.99,23494
-284345.00,-2.91,23505
-284893.00,-3.07,23518
-285669.00,-3.22,23529
-284153.00,-3.15,23541
-283975.00,-3.01,23553
-285060.00,-2.99,23565
-284577.00,-3.08,23576
-285349.00,-3.10,23588
-284635.00,-2.99,23600
-283899.00,-2.95,23612
-285153.00,-3.00,23623
-284557.00,-3.11,23635
-284332.00,-3.16,23647
-284950.00,-3.18,23658
-283598.00,-3.22,23670
-284702.00,-3.18,23682
-285789.00,-3.23,23694
-284485.00,-3.09,23705
-284480.00,-2.90,23717
-284351.00,-2.87,23729
-284070.00,-3.08,23741
-284812.00,-3.13,23752
-284533.00,-3.13,23764
-284262.00,-3.15,23776
-284689.00,-3.16,23788
-284425.00,-3.26,23799
-284545.00,-3.36,23811
-284189.00,-3.25,23823
-283965.00,-3.01,23834
-285072.00,-2.86,23846
-284700.00,-2.86,23858
-284546.00,-2.92,23870
-283876.00,-2.89,23881
-284267.00,-2.98,23894
-285366.00,-3.03,23905
-284563.00,-3.06,23917
-284216.00,-3.15,23928
-284217.00,-3.17,23941
-283888.00,-3.18,23952
-284679.00,-3.18,23963
-284339.00,-3.06,23975
-283956.00,-3.02,23987
-284548.00,-3.03,23999
-284888.00,-3.03,24010
-285223.00,-2.92,24023
-284820.00,-2.86,24034
-284558.00,-2.83,24046
-285124.00,-2.97,24057
-284634.00,-3.02,24070
-284616.00,-3.07,24081
-284977.00,-3.08,24093
-283729.00,-3.00,24104
-284368.00,-3.14,24116
-285591.00,-3.28,24128
-284129.00,-3.23,24139
-284521.00,-3.12,24152
-285221.00,-3.11,24163
-283885.00,-2.99,24175
-284554.00,-2.86,24186
-285750.00,-2.82,24199
-284043.00,-2.84,24210
-284226.00,-2.94,24222
-285343.00,-3.02,24233
-284875.00,-3.12,24246
-284363.00,-3.02,24257
-284031.00,-3.12,24268
-284541.00,-3.33,24281
-284154.00,-3.35,24292
-284630.00,-3.32,24304
-284413.00,-3.22,24315
-284970.00,-3.01,24328
-285452.00,-2.93,24339
-284906.00,-2.91,24351
-284215.00,-2.93,24363
-285199.00,-2.84,24375
-285269.00,-2.74,24386
-284674.00,-2.81,24398
-284616.00,-3.01,24410
-284495.00,-3.33,24421
-285102.00,-3.33,24433
-284553.00,-3.23,24444
-283519.00,-3.25,24457
-284091.00,-3.14,24468
-284710.00,-3.11,24480
-284503.00,-3.11,24492
-284674.00,-2.94,24504
-284492.00,-2.87,24515
-285025.00,-2.92,24527
-284839.00,-2.85,24539
-284787.00,-2.92,24551
-284906.00,-3.01,24562
-283814.00,-3.15,24573
-284042.00,-3.26,24586
-285346.00,-3.28,24597
-284738.00,-3.24,24609
-284473.00,-3.34,24621
-284506.00,-3.33,24633
-284146.00,-3.08,24644
-284799.00,-2.99,24656
-283937.00,-2.97,24668
-284260.00,-2.94,24680
-285220.00,-2.94,24691
-284921.00,-3.00,24704
-284562.00,-3.01,24715
-284011.00,-3.10,24726
-284581.00,-3.17,24738
-286187.00,-3.20,24750
-285122.00,-3.08,24762
-283640.00,-2.96,24773
-284441.00,-3.03,24785
-284663.00,-3.19,24797
-284653.00,-3.19,24809
-285072.00,-3.04,24820
-284316.00,-2.94,24833
-284184.00,-3.05,24844
-285419.00,-3.13,24856
-285577.00,-3.08,24867
-285079.00,-3.07,24879
-284636.00,-2.99,24891
-284028.00,-3.03,24902
-284595.00,-3.15,24914
-284849.00,-3.12,24926
-284526.00,-3.17,24938
-284360.00,-3.23,24949
-284147.00,-3.07,24962
-284868.00,-3.02,24973
-285226.00,-2.95,24985
-284359.00,-2.95,24996
-284045.00,-3.00,25009
-284365.00,-3.06,25020
-284732.00,-3.05,25031
-284782.00,-3.04,25043
-283739.00,-3.13,25055
-284575.00,-3.25,25067
-285090.00,-3.18,25078
-285331.00,-3.02,25091
-284044.00,-2.86,25102
-283763.00,-2.82,25114
-285513.00,-3.02,25125
-285073.00,-3.09,25138
-284574.00,-3.01,25149
-284891.00,-3.01,25161
-283735.00,-3.05,25172
-284493.00,-3.09,25184
-285647.00,-3.02,25196
-283965.00,-2.95,25207
-283698.00,-3.02,25220
-284710.00,-3.11,25231
-284295.00,-3.14,25243
-284358.00,-3.10,25254
-284268.00,-3.00,25267
-284595.00,-2.89,25278
-285124.00,-2.94,25290
-284219.00,-3.01,25302
-284107.00,-3.09,25314
-284097.00,-3.19,25325
-284229.00,-3.13,25336
-285377.00,-2.97,25349
-285054.00,-2.93,25360
-283560.00,-3.08,25372
-284288.00,-3.33,25383
-284927.00,-3.38,25396
-284784.00,-3.26,25407
-284945.00,-3.10,25419
-284159.00,-2.96,25431
-284136.00,-2.93,25443
-285675.00,-2.85,25454
-284004.00,-2.93,25466
-283992.00,-3.02,25478
-284755.00,-3.05,25489
-284627.00,-3.17,25501
-284726.00,-3.12,25512
-284384.00,-3.13,25525
-284015.00,-3.18,25536
-284820.00,-3.22,25548
-286045.00,-3.15,25560
-284586.00,-3.06,25572
-282958.00,-3.04,25583
-284679.00,-3.08,25595
-285622.00,-3.06,25607
-284702.00,-2.92,25619
-284917.00,-2.87,25630
-284071.00,-2.87,25643
-284079.00,-3.03,25654
-285533.00,-3.19,25665
-285436.00,-3.20,25677
-284331.00,-3.27,25689
-283732.00,-3.27,25701
-284748.00,-3.25,25712
-285098.00,-3.16,25724
-283966.00,-2.97,25736
-284236.00,-2.87,25748
-284288.00,-2.88,25759
-284153.00,-2.88,25772
-285134.00,-3.09,25783
-285310.00,-3.06,25794
-284387.00,-3.11,25806
-284303.00,-3.16,25818
-285261.00,-3.17,25830
-284388.00,-3.33,25841
-284422.00,-3.23,25853
-284072.00,-3.16,25865
-284877.00,-3.09,25877
-284670.00,-2.93,25888
-283946.00,-2.97,25901
-284564.00,-3.08,25912
-285201.00,-3.06,25924
-284977.00,-2.99,25935
-284337.00,-2.97,25948
-284503.00,-2.98,25959
-284094.00,-3.15,25970
-284227.00,-3.27,25982
-285261.00,-3.28,25994
-284314.00,-3.21,26006
-283987.00,-3.13,26017
-284775.00,-3.13,26030
-285005.00,-3.11,26041
-284783.00,-3.03,26053
-284696.00,-2.82,26064
-285070.00,-2.80,26077
-284533.00,-2.99,26088
-284181.00,-3.08,26100
-284690.00,-3.09,26112
-284806.00,-3.19,26123
-284603.00,-3.22,26135
-284524.00,-3.22,26146
-284408.00,-3.32,26159
-283968.00,-3.27,26170
-284503.00,-3.11,26182
-285100.00,-3.06,26193
-284922.00,-2.92,26206
-284472.00,-2.87,26217
-284455.00,-2.95,26229
-284428.00,-3.01,26241
-284813.00,-3.04,26253
-284564.00,-3.18,26264
-283931.00,-3.17,26275
-285001.00,-3.23,26288
-285214.00,-3.26,26299
-284463.00,-3.15,26311
-284798.00,-3.06,26322
-284449.00,-3.09,26335
-284180.00,-3.00,26346
-285464.00,-2.97,26358
-284785.00,-3.08,26370
-284027.00,-3.25,26382
-284794.00,-3.16,26393
-284943.00,-3.08,26405
-283827.00,-3.16,26417
-284022.00,-3.03,26428
-284792.00,-2.93,26440
-284471.00,-2.97,26451
-284345.00,-3.16,26464
-284663.00,-3.17,26475
-285032.00,-3.13,26487
-284427.00,-3.03,26499
-284654.00,-2.93,26511
-285258.00,-2.80,26522
-283687.00,-2.89,26534
-284601.00,-2.96,26546
-285538.00,-3.01,26558
-284211.00,-3.07,26569
-284044.00,-3.21,26580
-284664.00,-3.25,26593
-284713.00,-3.26,26604
-284784.00,-3.07,26616
-284186.00,-2.98,26628
-284613.00,-3.05,26640
-285279.00,-3.09,26651
-285112.00,-3.03,26663
-283957.00,-2.96,26675
-283713.00,-2.97,26687
-284417.00,-3.16,26698
-284711.00,-3.07,26711
-284872.00,-3.10,26722
-284445.00,-3.15,26733
-284270.00,-3.14,26745
-285134.00,-3.21,26757
-285344.00,-3.11,26769
-284409.00,-3.06,26780
-283784.00,-3.05,26792
-284405.00,-3.11,26804
-285050.00,-3.29,26816
-284971.00,-3.14,26827
-284430.00,-3.12,26840
-284438.00,-2.98,26851
-284505.00,-2.88,26863
-285020.00,-2.91,26874
-285651.00,-2.94,26886
-284382.00,-3.04,26898
-283857.00,-3.20,26909
-285146.00,-3.29,26921
-285064.00,-3.40,26933
-284481.00,-3.24,26945
-284266.00,-3.16,26956
-283436.00,-3.19,26969
-284729.00,-3.15,26980
-285479.00,-2.99,26992
-283802.00,-2.88,27003
-284861.00,-2.82,27016
-284473.00,-2.99,27027
-285012.00,-3.00,27038
-284909.00,-3.05,27051
-283110.00,-3.24,27062
-284082.00,-3.26,27074
-285669.00,-3.27,27085
-284324.00,-3.35,27098
-283787.00,-3.27,27109
-284417.00,-3.08,27121
-284529.00,-2.96,27132
-284900.00,-2.84,27145
-284542.00,-2.76,27156
-284221.00,-2.70,27168
-284232.00,-2.88,27180
-284799.00,-3.04,27191
-285402.00,-3.10,27203
-284506.00,-3.10,27214
-283768.00,-3.23,27227
-283990.00,-3.45,27238
-284332.00,-3.45,27250
-284619.00,-3.37,27261
-284984.00,-3.21,27274
-284363.00,-3.14,27285
-283959.00,-2.89,27297
-285072.00,-2.80,27309
-284957.00,-2.78,27321
-284145.00,-2.83,27332
-284543.00,-2.82,27343
-285086.00,-2.90,27356
-285352.00,-3.13,27367
-285369.00,-3.42,27379
-284512.00,-3.51,27390
-284235.00,-3.43,27403
-285197.00,-3.30,27414
-284618.00,-3.19,27426
-283901.00,-2.94,27438
-284779.00,-2.82,27450
-285192.00,-2.85,27461
-284869.00,-2.81,27473
-284462.00,-2.80,27485
-284129.00,-2.99,27496
-284613.00,-3.12,27508
-285376.00,-3.21,27520
-284975.00,-3.35,27532
-283931.00,-3.39,27543
-284133.00,-3.39,27555
-284707.00,-3.41,27567
-284858.00,-3.31,27579
-284673.00,-3.30,27590
-283748.00,-3.13,27602
-284463.00,-2.93,27614
-285054.00,-2.81,27626
-284750.00,-2.64,27637
-284430.00,-2.56,27649
-283839.00,-2.76,27661
-284427.00,-3.05,27672
-285261.00,-3.30,27684
-285227.00,-3.31,27696
-283894.00,-3.31,27708
-284388.00,-3.31,27719
-284658.00,-3.23,27731
-284577.00,-3.07,27743
-284565.00,-3.02,27755
-283577.00,-2.96,27766
-283979.00,-2.91,27779
-285571.00,-2.78,27790
-284320.00,-2.74,27801
-284137.00,-2.82,27813
-284388.00,-3.04,27825
-284966.00,-3.17,27837
-285262.00,-3.29,27848
-283758.00,-3.29,27860
-283161.00,-3.42,27872
-284596.00,-3.56,27884
-285163.00,-3.40,27895
-284575.00,-3.23,27908
-284234.00,-2.96,27919
-284311.00,-2.76,27931
-285015.00,-2.67,27942
-285529.00,-2.58,27954
-284946.00,-2.59,27966
-284165.00,-2.72,27977
-284159.00,-3.02,27990
-285207.00,-3.33,28001
-285173.00,-3.51,28013
-283875.00,-3.53,28024
-283172.00,-3.43,28037
-284599.00,-3.47,28048
-285281.00,-3.27,28060
-285135.00,-2.88,28071
-284224.00,-2.65,28084
-283611.00,-2.72,28095
-285221.00,-2.89,28106
-286353.00,-2.85,28119
-285353.00,-2.90,28130
-283850.00,-2.99,28142
-283416.00,-3.23,28153
-284867.00,-3.54,28166
-285723.00,-3.55,28177
-283379.00,-3.47,28189
-284021.00,-3.32,28200
-284411.00,-3.02,28213
-285266.00,-2.86,28224
-285243.00,-2.82,28236
-284621.00,-2.64,28248
-284477.00,-2.62,28259
-285007.00,-2.80,28271
-285490.00,-2.91,28282
-283926.00,-3.08,28295
-283086.00,-3.26,28306
-285267.00,-3.45,28318
-285747.00,-3.49,28329
-284469.00,-3.24,28342
-283717.00,-3.07,28353
-283691.00,-3.26,28365
-284781.00,-3.36,28377
-286765.00,-3.24,28389
-285040.00,-2.93,28400
-283551.00,-2.62,28411
-284617.00,-2.62,28424
-284853.00,-2.82,28435
-285346.00,-3.02,28447
-285086.00,-3.13,28459
-283353.00,-3.26,28471
-283390.00,-3.53,28482
-285266.00,-3.50,28494
-285516.00,-3.33,28506
-284479.00,-3.13,28518
-283624.00,-3.06,28529
-284125.00,-3.01,28541
-285327.00,-2.92,28553
-285584.00,-2.81,28564
-284667.00,-2.83,28576
-284545.00,-2.84,28588
-286084.00,-2.85,28600
-285089.00,-2.99,28611
-283193.00,-3.17,28623
-284476.00,-3.32,28635
-285212.00,-3.39,28647
-284873.00,-3.28,28658
-284530.00,-3.21,28670
-284103.00,-3.12,28682
-283932.00,-3.08,28694
-284851.00,-3.06,28705
-285558.00,-2.78,28717
-284525.00,-2.73,28729
-284146.00,-2.67,28740
-285125.00,-2.86,28752
-285406.00,-3.17,28764
-284779.00,-3.26,28776
-283913.00,-3.34,28787
-284045.00,-3.33,28800
-284196.00,-3.33,28811
-284942.00,-3.19,28823
-285134.00,-3.03,28834
-283666.00,-2.96,28847
-284064.00,-2.95,28858
-284981.00,-2.97,28869
-285548.00,-2.82,28881
-285470.00,-2.80,28893
-284050.00,-2.83,28905
-284403.00,-2.97,28916
-285530.00,-3.15,28929
-285007.00,-3.26,28940
-284560.00,-3.35,28952
-284201.00,-3.39,28963
-284922.00,-3.28,28976
-284818.00,-3.22,28987
-284045.00,-3.06,28999
-283743.00,-2.99,29010
-284538.00,-2.86,29022
-285332.00,-2.94,29034
-285440.00,-2.93,29045
-283951.00,-2.81,29058
-283929.00,-2.92,29069
-285370.00,-3.13,29081
-285082.00,-3.26,29092
-284518.00,-3.39,29105
-284189.00,-3.45,29116
-283692.00,-3.40,29128
-284386.00,-3.32,29139
-285065.00,-3.03,29152
-284202.00,-2.84,29163
-283882.00,-2.84,29174
-284739.00,-2.96,29187
-285324.00,-3.00,29198
-285166.00,-2.93,29210
-284349.00,-3.06,29221
-284007.00,-3.22,29234
-284471.00,-3.27,29245
-285371.00,-3.38,29257
-284875.00,-3.31,29268
-283705.00,-3.17,29281
-283803.00,-3.11,29292
-284996.00,-3.06,29304
-285222.00,-2.95,29316
-284648.00,-2.77,29327
-284079.00,-2.72,29339
-283682.00,-2.86,29350
-284951.00,-3.01,29363
-284172.00,-3.10,29374
-284527.00,-3.25,29386
-284479.00,-3.28,29398
-284879.00,-3.33,29410
-285277.00,-3.39,29421
-284146.00,-3.19,29433
-284171.00,-3.06,29445
-284946.00,-2.97,29457
-284703.00,-2.85,29468
-284545.00,-2.84,29479
-284764.00,-2.84,29492
-284211.00,-2.93,29503
-284729.00,-3.10,29515
-285118.00,-3.10,29527
-283863.00,-3.11,29539
-283824.00,-3.30,29550
-284456.00,-3.27,29562
-284734.00,-3.21,29574
-285119.00,-3.10,29586
-284084.00,-3.12,29597
-283951.00,-3.08,29609
-284895.00,-3.06,29621
-284821.00,-2.99,29632
-284913.00,-2.91,29644
-284312.00,-2.84,29656
-283888.00,-2.99,29668
-284970.00,-3.16,29679
-284817.00,-3.29,29691
-284463.00,-3.34,29703
-283996.00,-3.25,29715
-283754.00,-3.19,29726
-284905.00,-3.07,29739
-285402.00,-2.91,29750
-284246.00,-2.90,29762
-284290.00,-2.94,29773
-285086.00,-3.07,29785
-285697.00,-3.16,29797
-284015.00,-3.16,29808
-283858.00,-3.09,29820
-284918.00,-3.16,29832
-284913.00,-3.16,29844
-284884.00,-3.10,29855
-284243.00,-2.88,29868
-283859.00,-2.90,29879
-284599.00,-3.02,29891
-284828.00,-2.97,29902
-285008.00,-2.95,29915
-284705.00,-2.89,29926
-284031.00,-2.96,29937
-284824.00,-3.10,29949
-284778.00,-3.14,29961
-284420.00,-3.21,29973
-284154.00,-3.16,29984
-283969.00,-3.09,29997
-285083.00,-3.08,30008
-285365.00,-2.90,30020
-284455.00,-2.73,30031
-283947.00,-2.92,30044
-284328.00,-3.14,30055
-285428.00,-3.07,30067
-285399.00,-3.02,30078
-284195.00,-2.93,30090
-283581.00,-2.96,30102
-284513.00,-3.02,30113
-285123.00,-3.13,30126
-284623.00,-3.26,30137
-284192.00,-3.17,30149
-284554.00,-3.25,30160
-284828.00,-3.17,30173
-284960.00,-2.98,30184
-283889.00,-2.88,30196
-284009.00,-2.84,30208
-285266.00,-2.92,30220
-284942.00,-3.15,30231
-284515.00,-3.13,30242
-284635.00,-3.16,30255
-284391.00,-3.22,30266
-284405.00,-3.27,30278
-284960.00,-3.20,30289
-284861.00,-3.07,30302
-284425.00,-2.98,30313
-284343.00,-2.90,30325
-284662.00,-3.03,30337
-284919.00,-3.23,30349
-284220.00,-3.20,30360
-284524.00,-2.98,30372
-284791.00,-2.89,30384
-284674.00,-2.93,30395
-284407.00,-2.87,30407
-284363.00,-3.12,30418
-284667.00,-3.17,30431
-284562.00,-3.06,30442
-284556.00,-3.16,30454
-284498.00,-3.28,30466
-284662.00,-3.20,30478
-284709.00,-3.12,30489
-284182.00,-3.01,30501
-284787.00,-3.09,30513
-285150.00,-3.09,30525
-284178.00,-3.01,30536
-284732.00,-3.04,30547
-283897.00,-3.00,30560
-284714.00,-2.95,30571
-284795.00,-3.07,30583
-284057.00,-3.06,30595
-284175.00,-3.02,30607
-284409.00,-3.12,30618
-284189.00,-3.30,30630
-284861.00,-3.29,30642
-285334.00,-3.12,30654
-284289.00,-2.99,30665
-283899.00,-2.80,30678
-284727.00,-2.76,30689
-284761.00,-2.93,30700
-284529.00,-2.97,30712
-285243.00,-2.99,30724
-284697.00,-3.03,30736
-284230.00,-3.13,30747
-285096.00,-3.14,30759
-284729.00,-3.24,30771
-283823.00,-3.28,30783
-284529.00,-3.17,30794
-285003.00,-3.14,30807
-284700.00,-3.01,30818
-284697.00,-2.81,30830
-283892.00,-2.77,30841
-284221.00,-2.80,30853
-285571.00,-2.89,30865
-284873.00,-2.91,30876
-284662.00,-3.12,30888
-284594.00,-3.15,30900
-284334.00,-3.13,30912
-284719.00,-3.15,30923
-284188.00,-2.97,30936
-283618.00,-3.02,30947
-284366.00,-3.14,30959
-285068.00,-3.14,30970
-285053.00,-3.20,30983
-284087.00,-3.14,30994
-284218.00,-3.01,31005
-284569.00,-2.89,31017
-285188.00,-2.86,31029
-285181.00,-2.88,31041
-283989.00,-2.87,31052
-283530.00,-2.99,31065
-285047.00,-3.30,31076
-284719.00,-3.37,31088
-284134.00,-3.35,31099
-284413.00,-3.26,31112
-283923.00,-3.24,31123
-284661.00,-3.22,31135
-285780.00,-3.03,31147
-284360.00,-2.93,31158
-283256.00,-2.94,31170
-284878.00,-3.10,31181
-285530.00,-2.97,31194
-284466.00,-3.01,31205
-283951.00,-2.94,31217
-283960.00,-2.85,31228
-284430.00,-3.05,31241
-285891.00,-3.15,31252
-285268.00,-3.01,31264
-282967.00,-2.98,31276
-284336.00,-3.09,31288
-285769.00,-3.13,31299
-284838.00,-3.07,31310
-285160.00,-3.16,31323
-283418.00,-3.00,31334
-285730.00,-3.03,31346
-284853.00,-3.08,31357
-284337.00,-3.04,31370
-284068.00,-3.15,31381
-283653.00,-3.19,31393
-285238.00,-3.22,31405
-285157.00,-3.12,31417
-283642.00,-3.09,31428
-284134.00,-3.01,31440
-285221.00,-3.01,31452
-284651.00,-3.06,31463
-284516.00,-3.09,31475
-284303.00,-3.12,31486
-283493.00,-3.13,31499
-285092.00,-3.19,31510
-286245.00,-3.10,31522
-284361.00,-3.03,31534
-283414.00,-3.03,31546
-285034.00,-3.05,31557
-285334.00,-3.12,31569
-284154.00,-3.04,31581
-284823.00,-2.98,31593
-283857.00,-3.13,31604
-283172.00,-3.11,31616
-285574.00,-3.07,31628
-285740.00,-3.00,31639
-284013.00,-2.88,31651
-283824.00,-2.90,31663
-284281.00,-3.01,31675
-284763.00,-3.04,31686
-285200.00,-3.10,31698
-284464.00,-3.18,31710
-284797.00,-3.30,31722
-285924.00,-3.37,31733
-284696.00,-3.33,31746
-283733.00,-3.08,31757
-284262.00,-2.88,31768
-284845.00,-2.77,31780
-284983.00,-2.76,31792
-285264.00,-2.85,31804
-284361.00,-2.95,31815
-283854.00,-3.10,31827
-285413.00,-3.09,31839
-285602.00,-3.16,31851
-283814.00,-3.24,31862
-284005.00,-3.16,31875
-284576.00,-3.27,31886
-285120.00,-2.92,31898
-284846.00,-3.28,31909
-284343.00,-2.92,31921
-284148.00,-2.80,31933
-284731.00,-3.17,31944
-286081.00,-2.92,31956
-284651.00,-3.14,31968
-284925.00,-3.05,31980
-284612.00,-2.83,31991
-283410.00,-3.15,32004
-286519.00,-3.07,32015
-284943.00,-3.10,32027
-282026.00,-3.27,32038
-285787.00,-3.22,32051
-284905.00,-3.19,32062
-284003.00,-3.14,32073
-285695.00,-2.92,32086
-282364.00,-3.01,32097
-286792.00,-3.17,32109
-284355.00,-3.00,32120
-283840.00,-2.95,32133
-283943.00,-3.01,32144
-283537.00,-3.27,32156
-286155.00,-3.43,32167
-285234.00,-3.42,32180
-282873.00,-3.26,32191
-284927.00,-3.00,32203
-284625.00,-2.87,32215
-284850.00,-2.90,32226
-285359.00,-2.88,32238
-283487.00,-2.90,32249
-284699.00,-2.93,32262
-284899.00,-3.05,32273
-285059.00,-3.16,32285
-284953.00,-3.18,32296
-283265.00,-3.22,32309
-284863.00,-3.30,32320
-285432.00,-3.23,32332
-284073.00,-3.16,32344
-284513.00,-3.01,32356
-284790.00,-2.97,32367
-284746.00,-2.98,32378
-285310.00,-3.00,32391
-284794.00,-2.97,32402
-284076.00,-3.13,32414
-284560.00,-3.25,32425
-285003.00,-3.16,32438
-285052.00,-3.07,32449
-284887.00,-3.03,32461
-283228.00,-3.13,32473
-284298.00,-3.00,32485
-285566.00,-3.01,32496
-283988.00,-3.20,32508
-283906.00,-3.16,32520
-284887.00,-3.26,32531
-285326.00,-3.32,32543
-284681.00,-3.20,32555
-284850.00,-3.01,32567
-284321.00,-2.92,32578
-284612.00,-2.91,32590
-285949.00,-2.80,32602
-284515.00,-2.67,32614
-283605.00,-3.49,32625
-285738.00,-2.37,32637
-284276.00,-3.58,32649
-285400.00,-3.19,32661
-283723.00,-3.00,32672
-283839.00,-3.67,32684
-286499.00,-2.83,32696
-283163.00,-3.35,32707
-284716.00,-3.12,32719
-285081.00,-2.76,32731
-282810.00,-3.36,32743
-287045.00,-2.84,32754
-284963.00,-2.95,32766
-282424.00,-2.89,32778
-286206.00,-2.73,32790
-282925.00,-3.27,32801
-284508.00,-3.06,32814
-288189.00,-3.26,32825
-281924.00,-3.23,32836
-284243.00,-3.18,32848
-286656.00,-3.39,32860
-282921.00,-3.32,32872
-285725.00,-3.11,32883
-282452.00,-3.08,32896
-285273.00,-2.97,32907
-285706.00,-2.74,32919
-284140.00,-2.86,32930
-283673.00,-2.67,32943
-285129.00,-2.92,32954
-285248.00,-3.22,32966
-283733.00,-3.06,32977
-285591.00,-3.30,32989
-284883.00,-3.25,33001
-281986.00,-3.09,33012
-285531.00,-3.20,33025
-286406.00,-3.12,33036
-281844.00,-2.95,33048
-284673.00,-2.87,33059
-286333.00,-3.07,33072
-283009.00,-2.97,33083
-286113.00,-3.04,33095
-286087.00,-2.94,33106
-281499.00,-2.99,33119
-285719.00,-3.29,33130
-286686.00,-3.05,33141
-282493.00,-3.33,33154
-285106.00,-3.15,33165
-284934.00,-3.25,33177
-282725.00,-3.28,33188
-286747.00,-3.03,33201
-285092.00,-3.04,33212
-282810.00,-2.77,33224
-285309.00,-2.88,33235
-285070.00,-2.80,33248
-284775.00,-2.70,33259
-284693.00,-3.57,33271
-283996.00,-2.46,33283
-284764.00,-3.65,33294
-286030.00,-3.35,33306
-283595.00,-3.12,33317
-283902.00,-3.74,33330
-286453.00,-2.89,33341
-283671.00,-3.41,33353
-285324.00,-3.17,33364
-285760.00,-2.70,33377
-282727.00,-3.26,33388
-286275.00,-2.53,33400
-284609.00,-2.79,33412
-283706.00,-2.81,33424
-285751.00,-2.80,33435
-283257.00,-3.22,33446
-284405.00,-3.12,33459
-285904.00,-3.36,33470
-282833.00,-3.42,33482
-284790.00,-3.23,33494
-284627.00,-3.19,33506
-283327.00,-3.13,33517
-285773.00,-2.94,33529
-284339.00,-2.95,33541
-283172.00,-2.83,33553
-285196.00,-2.71,33564
-283830.00,-3.13,33576
-284314.00,-2.89,33588
-285166.00,-3.17,33599
-284478.00,-3.29,33611
-284693.00,-3.12,33623
-284351.00,-3.64,33635
-285010.00,-3.26,33646
-284737.00,-3.19,33658
-283857.00,-3.06,33670
-285217.00,-2.68,33682
-283721.00,-2.88,33693
-285583.00,-2.68,33705
-284770.00,-2.86,33717
-284318.00,-3.07,33729
-285194.00,-3.01,33740
-284128.00,-3.20,33752
-284218.00,-3.18,33764
-284884.00,-3.24,33775
-284499.00,-3.33,33787
-285039.00,-3.38,33799
-284899.00,-3.07,33811
-283552.00,-3.12,33822
-285029.00,-2.82,33835
-285019.00,-2.61,33846
-284508.00,-2.88,33858
-284988.00,-2.77,33869
-283903.00,-3.09,33882
-284627.00,-3.19,33893
-285161.00,-3.25,33904
-284012.00,-3.32,33916
-284910.00,-3.09,33928
-284468.00,-3.27,33940
-284334.00,-3.30,33951
-285351.00,-3.20,33964
-284147.00,-3.27,33975
-284329.00,-2.98,33987
-285130.00,-2.94,33998
-284391.00,-2.89,34011
-284928.00,-2.78,34022
-284707.00,-2.75,34034
-284235.00,-2.80,34045
-285473.00,-2.98,34057
-283691.00,-3.11,34069
-284538.00,-3.37,34080
-284103.00,-3.34,34093
-284091.00,-3.50,34104
-285259.00,-3.33,34116
-284088.00,-3.08,34127
-283980.00,-2.96,34140
-285267.00,-2.78,34151
-284869.00,-2.81,34163
-284761.00,-2.70,34174
-284471.00,-2.85,34187
-284201.00,-3.09,34198
-285018.00,-3.28,34209
-284941.00,-3.49,34222
-284143.00,-3.27,34233
-284980.00,-3.42,34245
