1000092.00
-246722.00
-247878.00,1000577.00,1134
-246902.00,1000592.00,1136
-247083.00,1000945.00,1137
-247711.00,1001225.00,1148
-246280.00,1001478.00,1160
-246542.00,1001616.00,1172
-248289.00,1001555.00,1183
-246347.00,1001224.00,1195
-247011.00,1000739.00,1207
-248499.00,1000444.00,1218
-246969.00,1000297.00,1230
-247542.00,1000308.00,1242
-247843.00,1000401.00,1254
-246965.00,1000760.00,1265
-247088.00,1001049.00,1277
-247240.00,1001303.00,1289
-246995.00,1001477.00,1301
-246676.00,1001498.00,1312
-247175.00,1001680.00,1325
-247343.00,1001556.00,1336
-247028.00,1001128.00,1347
-247180.00,1000561.00,1359
-247661.00,1000153.00,1371
-247424.00,1000018.00,1383
-247817.00,999948.00,1394
-247804.00,1000279.00,1406
-246551.00,1000736.00,1418
-247006.00,1001121.00,1430
-247191.00,1001515.00,1441
-246661.00,1001662.00,1454
-247114.00,1001729.00,1465
-247177.00,1001619.00,1477
-247205.00,1001250.00,1488
-247207.00,1000801.00,1500
-246968.00,1000508.00,1512
-247700.00,1000441.00,1523
-247284.00,1000288.00,1536
-248158.00,1000316.00,1547
-246884.00,1000527.00,1559
-247118.00,1000909.00,1570
-247549.00,1001185.00,1583
-246649.00,1001401.00,1594
-246647.00,1001594.00,1606
-247406.00,1001509.00,1617
-247018.00,1001442.00,1630
-247466.00,1001031.00,1641
-247832.00,1000577.00,1653
-247209.00,1000277.00,1665
-247669.00,1000119.00,1676
-247402.00,1000242.00,1688
-247422.00,1000489.00,1699
-247435.00,1000863.00,1712
-247028.00,1001311.00,1723
-247499.00,1001614.00,1735
-247016.00,1001842.00,1746
-246781.00,1001720.00,1759
-247058.00,1001355.00,1770
-246640.00,1001002.00,1782
-247128.00,1000578.00,1794
-247587.00,1000200.00,1806
-247432.00,1000061.00,1817
-247939.00,999998.00,1828
-247566.00,1000193.00,1841
-247108.00,1000735.00,1852
-247814.00,1000947.00,1864
-247281.00,1001391.00,1875
-246761.00,1001704.00,1888
-247306.00,1001920.00,1899
-246750.00,1001853.00,1911
-246654.00,1001572.00,1923
-247353.00,1001103.00,1935
-247951.00,1000593.00,1946
-247535.00,1000142.00,1958
-247233.00,999988.00,1970
-248106.00,1000056.00,1982
-247142.00,1000225.00,1993
-247137.00,1000429.00,2004
-247488.00,1000895.00,2017
-246440.00,1001386.00,2028
-247017.00,1001750.00,2040
-247640.00,1001778.00,2052
-247038.00,1001529.00,2064
-246814.00,1001181.00,2075
-246883.00,1000865.00,2087
-247382.00,1000574.00,2099
-247915.00,1000258.00,2111
-247742.00,1000110.00,2122
-247329.00,1000197.00,2135
-247139.00,1000514.00,2146
-247151.00,1001057.00,2157
-247339.00,1001317.00,2169
-246768.00,1001691.00,2181
-246574.00,1001837.00,2193
-246912.00,1001778.00,2204
-246643.00,1001373.00,2216
-246635.00,1000817.00,2228
-247514.00,1000512.00,2240
-247236.00,1000367.00,2251
-247080.00,1000238.00,2264
-247907.00,1000274.00,2275
-247601.00,1000426.00,2287
-247006.00,1000869.00,2298
-246871.00,1001270.00,2310
-247410.00,1001508.00,2322
-246827.00,1001598.00,2333
-247437.00,1001671.00,2345
-246568.00,1001565.00,2357
-247046.00,1001405.00,2369
-247550.00,1000922.00,2380
-247497.00,1000625.00,2393
-247451.00,1000291.00,2404
-247241.00,1000120.00,2416
-247486.00,1000305.00,2427
-247745.00,1000509.00,2440
-247860.00,1000812.00,2451
-247080.00,1001108.00,2462
-246263.00,1001408.00,2475
-246685.00,1001629.00,2486
-247203.00,1001738.00,2498
-246858.00,1001645.00,2509
-246698.00,1001400.00,2522
-247287.00,1001018.00,2533
-247427.00,1000664.00,2545
-247426.00,1000353.00,2556
-247134.00,1000266.00,2569
-247319.00,1000160.00,2580
-247782.00,1000638.00,2592
-247303.00,1000942.00,2604
-247015.00,1001271.00,2616
-247038.00,1001472.00,2627
-246294.00,1001602.00,2638
-247252.00,1001616.00,2651
-248032.00,1001313.00,2662
-246999.00,1000997.00,2674
-246855.00,1000710.00,2685
-247319.00,1000398.00,2698
-247487.00,1000277.00,2709
-247545.00,1000209.00,2721
-247247.00,1000281.00,2733
-247419.00,1000736.00,2745
-247364.00,1001030.00,2756
-246940.00,1001264.00,2768
-246521.00,1001605.00,2780
-246828.00,1001657.00,2791
-247679.00,1001606.00,2803
-247541.00,1001498.00,2814
-246887.00,1001090.00,2827
-246952.00,1000703.00,2838
-247906.00,1000347.00,2850
-247928.00,1000157.00,2862
-247555.00,1000166.00,2874
-247320.00,1000442.00,2885
-247284.00,1000875.00,2897
-247532.00,1001128.00,2909
-247096.00,1001327.00,2921
-247230.00,1001640.00,2932
-246894.00,1001850.00,2944
-246436.00,1001760.00,2956
-247538.00,1001316.00,2967
-247756.00,1000841.00,2979
-246937.00,1000463.00,2991
-247165.00,1000132.00,3003
-247641.00,1000135.00,3014
-247517.00,1000350.00,3026
-247373.00,1000675.00,3038
-247037.00,1000891.00,3050
-247282.00,1001150.00,3061
-247530.00,1001397.00,3074
-247176.00,1001651.00,3085
-247267.00,1001637.00,3097
-246992.00,1001385.00,3108
-247452.00,1001130.00,3120
-247097.00,1000764.00,3132
-247279.00,1000360.00,3143
-247695.00,1000129.00,3155
-247703.00,1000294.00,3167
-247448.00,1000531.00,3179
-247310.00,1000897.00,3190
-247007.00,1001115.00,3203
-247086.00,1001322.00,3214
-247011.00,1001574.00,3226
-246662.00,1001600.00,3237
-247490.00,1001392.00,3250
-247240.00,1001147.00,3261
-246936.00,1000828.00,3272
-247593.00,1000506.00,3284
-247385.00,1000233.00,3296
-247168.00,1000094.00,3308
-247468.00,1000168.00,3319
-247141.00,1000538.00,3332
-246765.00,1001014.00,3343
-247307.00,1001449.00,3355
-247171.00,1001692.00,3366
-246618.00,1001824.00,3379
-247131.00,1001699.00,3390
-247212.00,1001316.00,3402
-246783.00,1000928.00,3414
-247433.00,1000474.00,3426
-247869.00,1000233.00,3437
-247438.00,1000179.00,3448
-247348.00,1000234.00,3461
-247984.00,1000473.00,3472
-247441.00,1000687.00,3484
-246731.00,1000965.00,3495
-247116.00,1001401.00,3508
-246905.00,1001642.00,3519
-247834.00,1001623.00,3531
-246944.00,1001419.00,3543
-246551.00,1001079.00,3555
-247500.00,1000692.00,3566
-247755.00,1000464.00,3578
-247390.00,1000175.00,3590
-247239.00,1000136.00,3601
-247443.00,1000298.00,3613
-247144.00,1000536.00,3624
-247162.00,1001048.00,3637
-247289.00,1001397.00,3648
-246755.00,1001686.00,3660
-246786.00,1001872.00,3672
-247557.00,1001762.00,3684
-247260.00,1001458.00,3695
-246567.00,1001088.00,3707
-247230.00,1000730.00,3719
-248017.00,1000342.00,3731
-247491.00,1000128.00,3742
-247753.00,1000002.00,3753
-247959.00,1000163.00,3766
-247342.00,1000528.00,3777
-247347.00,1001105.00,3789
-247398.00,1001473.00,3801
-246525.00,1001717.00,3813
-245861.00,1001950.00,3824
-247210.00,1001935.00,3836
-247448.00,1001632.00,3848
-246196.00,1001154.00,3860
-246859.00,1000558.00,3871
-247818.00,1000180.00,3884
-247182.00,999864.00,3895
-247804.00,999879.00,3907
-246674.00,1000411.00,3918
-247023.00,1000877.00,3930
-247748.00,1001399.00,3942
-246978.00,1001649.00,3953
-246502.00,1001740.00,3965
-246903.00,1001710.00,3977
-247384.00,1001512.00,3989
-247413.00,1001285.00,4000
-246840.00,1000955.00,4013
-247164.00,1000598.00,4024
-247400.00,1000288.00,4036
-247881.00,1000153.00,4047
-248108.00,1000148.00,4060
-246787.00,1000461.00,4071
-246785.00,1000863.00,4082
-247263.00,1001324.00,4094
-247363.00,1001631.00,4106
-247294.00,1001726.00,4118
-246504.00,1001669.00,4129
-246407.00,1001408.00,4142
-247222.00,1000949.00,4153
-247591.00,1000563.00,4165
-247830.00,1000143.00,4176
-247367.00,1000094.00,4189
-246882.00,1000304.00,4200
-248016.00,1000561.00,4212
-247609.00,1000737.00,4224
-246820.00,1001002.00,4235
-247531.00,1001333.00,4247
-246966.00,1001615.00,4258
-246709.00,1001710.00,4271
-247366.00,1001617.00,4282
-246703.00,1001465.00,4294
-247802.00,1000895.00,4305
-247550.00,1000434.00,4318
-247032.00,1000016.00,4329
-247472.00,999867.00,4341
-247413.00,1000267.00,4353
-247439.00,1000526.00,4365
-247370.00,1000853.00,4376
-246868.00,1001200.00,4387
-245994.00,1001624.00,4400
-246796.00,1001898.00,4411
-248074.00,1001910.00,4423
-247481.00,1001499.00,4434
-246315.00,1001041.00,4447
-246681.00,1000686.00,4458
-247532.00,1000510.00,4470
-248018.00,1000245.00,4482
-247898.00,1000137.00,4494
-246518.00,1000288.00,4505
-246851.00,1000678.00,4517
-247999.00,1001094.00,4529
-247740.00,1001401.00,4541
-246963.00,1001560.00,4552
-246238.00,1001793.00,4563
-246303.00,1001780.00,4576
-247890.00,1001422.00,4587
-247955.00,1000940.00,4599
-246333.00,1000447.00,4611
-246516.00,1000224.00,4623
-247688.00,1000220.00,4634
-248201.00,1000344.00,4646
-248014.00,1000540.00,4658
-246752.00,1000880.00,4670
-246369.00,1001349.00,4681
-247382.00,1001665.00,4694
-246515.00,1001722.00,4705
-246219.00,1001582.00,4716
-246410.00,1001411.00,4728
-247402.00,1001105.00,4740
-248154.00,1000694.00,4752
-247012.00,1000210.00,4763
-246508.00,999992.00,4775
-247905.00,999891.00,4787
-248331.00,1000110.00,4799
-247432.00,1000375.00,4810
-246693.00,1000862.00,4823
-246456.00,1001470.00,4834
-246900.00,1001989.00,4846
-247672.00,1002049.00,4857
-247275.00,1001730.00,4869
-245995.00,1001411.00,4881
-246427.00,1001196.00,4892
-248075.00,1000809.00,4904
-248065.00,1000467.00,4916
-247257.00,1000104.00,4928
-247121.00,1000197.00,4939
-247409.00,1000496.00,4952
-248019.00,1000756.00,4963
-247760.00,1000929.00,4975
-246562.00,1001195.00,4986
-246359.00,1001680.00,4999
-247365.00,1001910.00,5010
-247462.00,1001624.00,5022
-246603.00,1001298.00,5033
-246708.00,1000805.00,5045
-246881.00,1000501.00,5057
-247471.00,1000162.00,5068
-246988.00,999748.00,5081
-246790.00,1000003.00,5092
-247363.00,1000481.00,5104
-247684.00,1000867.00,5115
-247635.00,1001366.00,5128
-247035.00,1001609.00,5139
-246716.00,1001715.00,5151
-246634.00,1001590.00,5163
-247771.00,1001564.00,5175
-247443.00,1001278.00,5186
-246362.00,1000734.00,5197
-246763.00,1000340.00,5210
-248031.00,1000217.00,5221
-247843.00,1000077.00,5233
-246926.00,1000165.00,5244
-247177.00,1000486.00,5257
-247094.00,1000929.00,5268
-246483.00,1001575.00,5280
-247330.00,1001891.00,5292
-246917.00,1001775.00,5304
-245576.00,1001690.00,5315
-247259.00,1001361.00,5327
-247640.00,1000933.00,5339
-246491.00,1000521.00,5350
-247489.00,1000243.00,5362
-247555.00,1000030.00,5373
-247042.00,1000140.00,5386
-247876.00,1000439.00,5397
-247479.00,1000780.00,5409
-246727.00,1001205.00,5421
-247339.00,1001641.00,5433
-247526.00,1001750.00,5444
-246946.00,1001740.00,5456
-246785.00,1001775.00,5468
-246986.00,1001356.00,5480
-247774.00,1000874.00,5491
-247631.00,1000312.00,5504
-247321.00,999895.00,5515
-247285.00,999831.00,5526
-247666.00,999997.00,5538
-247365.00,1000451.00,5550
-247041.00,1000825.00,5562
-247164.00,1001375.00,5573
-246671.00,1001754.00,5585
-246921.00,1001844.00,5597
-247431.00,1001716.00,5609
-246696.00,1001574.00,5620
-246580.00,1001074.00,5633
-247499.00,1000567.00,5644
-247853.00,1000199.00,5656
-247479.00,999968.00,5667
-247561.00,999899.00,5679
-247315.00,1000387.00,5691
-247457.00,1000864.00,5702
-247800.00,1001091.00,5714
-247355.00,1001303.00,5726
-246622.00,1001531.00,5738
-246928.00,1001737.00,5749
-247311.00,1001764.00,5762
-246806.00,1001493.00,5773
-246980.00,1001049.00,5785
-247185.00,1000571.00,5796
-247293.00,1000268.00,5809
-247644.00,1000065.00,5820
-247495.00,1000146.00,5831
-247169.00,1000337.00,5843
-247332.00,1000699.00,5855
-247302.00,1001097.00,5867
-246865.00,1001455.00,5878
-246234.00,1001698.00,5891
-246966.00,1001877.00,5902
-247791.00,1001832.00,5914
-247221.00,1001403.00,5925
-247030.00,1000828.00,5938
-247167.00,1000449.00,5949
-247464.00,1000176.00,5961
-247906.00,1000045.00,5972
-247424.00,1000105.00,5985
-246824.00,1000391.00,5996
-246901.00,1000803.00,6007
-247340.00,1001133.00,6020
-247637.00,1001426.00,6031
-247242.00,1001638.00,6043
-246768.00,1001583.00,6054
-246745.00,1001387.00,6067
-247111.00,1001125.00,6078
-247659.00,1000709.00,6090
-247825.00,1000401.00,6102
-246955.00,1000157.00,6114
-247743.00,1000163.00,6125
-248193.00,1000378.00,6137
-247356.00,1000607.00,6149
-247296.00,1000985.00,6160
-246867.00,1001394.00,6172
-246463.00,1001683.00,6183
-247557.00,1001753.00,6196
-247460.00,1001571.00,6207
-245855.00,1001348.00,6219
-247048.00,1001072.00,6231
-248175.00,1000668.00,6243
-247466.00,1000334.00,6254
-247515.00,1000082.00,6266
-247382.00,1000041.00,6278
-247705.00,1000405.00,6290
-247699.00,1000827.00,6301
-246633.00,1001219.00,6313
-246366.00,1001529.00,6325
-246946.00,1001770.00,6336
-247037.00,1001729.00,6348
-246869.00,1001594.00,6360
-246597.00,1001240.00,6372
-247435.00,1000815.00,6383
-247571.00,1000420.00,6395
-248088.00,999946.00,6407
-247870.00,999861.00,6419
-246465.00,1000171.00,6430
-247280.00,1000634.00,6443
-248398.00,1001219.00,6454
-247648.00,1001807.00,6466
-246720.00,1001801.00,6477
-246590.00,1001818.00,6489
-246803.00,1001681.00,6501
-247232.00,1001357.00,6512
-247532.00,1000952.00,6524
-246696.00,1000644.00,6536
-247104.00,1000241.00,6548
-247864.00,999961.00,6559
-248129.00,1000118.00,6572
-247576.00,1000398.00,6583
-246890.00,1000770.00,6595
-247684.00,1001185.00,6606
-247385.00,1001559.00,6619
-247005.00,1001738.00,6630
-247552.00,1001845.00,6641
-246876.00,1001664.00,6653
-248328.00,1001273.00,6665
-247162.00,1000776.00,6677
-246484.00,1000341.00,6688
-247757.00,1000105.00,6701
-248081.00,1000127.00,6712
-247271.00,1000296.00,6724
-247343.00,1000443.00,6735
-246489.00,1000754.00,6748
-246861.00,1001364.00,6759
-247733.00,1001637.00,6771
-247199.00,1001693.00,6782
-246613.00,1001747.00,6795
-246555.00,1001565.00,6806
-247585.00,1001151.00,6817
-247605.00,1000830.00,6830
-247461.00,1000300.00,6841
-247626.00,1000077.00,6853
-247160.00,1000149.00,6864
-247723.00,1000197.00,6877
-248370.00,1000444.00,6888
-247174.00,1000903.00,6900
-246641.00,1001406.00,6912
-247518.00,1001693.00,6924
-247238.00,1001725.00,6935
-247168.00,1001551.00,6947
-247404.00,1001213.00,6959
-246686.00,1000956.00,6970
-246836.00,1000607.00,6982
-247645.00,1000364.00,6993
-247633.00,1000133.00,7006
-247069.00,1000269.00,7017
-247059.00,1000475.00,7029
-247513.00,1000681.00,7041
-247067.00,1000947.00,7053
-246692.00,1001304.00,7064
-246547.00,1001604.00,7076
-246823.00,1001730.00,7088
-247626.00,1001592.00,7100
-247364.00,1001236.00,7111
-246833.00,1000732.00,7122
-247032.00,1000403.00,7135
-247332.00,1000262.00,7146
-247376.00,1000150.00,7158
-247929.00,1000284.00,7170
-247793.00,1000582.00,7182
-247019.00,1000964.00,7193
-247205.00,1001405.00,7205
-246930.00,1001590.00,7217
-246719.00,1001611.00,7229
-246938.00,1001489.00,7240
-247172.00,1001353.00,7252
-247277.00,1001200.00,7264
-247091.00,1000707.00,7276
-247257.00,1000425.00,7287
-247624.00,1000369.00,7299
-247414.00,1000341.00,7311
-247454.00,1000462.00,7322
-247400.00,1000690.00,7334
-246631.00,1001037.00,7346
-247343.00,1001419.00,7358
-247825.00,1001798.00,7369
-246855.00,1001724.00,7382
-246899.00,1001471.00,7393
-247247.00,1001152.00,7405
-246758.00,1000814.00,7416
-247581.00,1000435.00,7429
-247441.00,1000269.00,7440
-247664.00,1000267.00,7451
-247544.00,1000513.00,7463
-247533.00,1000746.00,7475
-246733.00,1001148.00,7487
-246855.00,1001348.00,7498
-247412.00,1001500.00,7511
-246799.00,1001556.00,7522
-246845.00,1001506.00,7534
-247060.00,1001329.00,7545
-246644.00,1000893.00,7558
-247199.00,1000504.00,7569
-247895.00,1000267.00,7581
-246697.00,1000158.00,7592
-247094.00,1000262.00,7605
-248148.00,1000522.00,7616
-246793.00,1000906.00,7627
-247424.00,1001225.00,7640
-247919.00,1001528.00,7651
-246149.00,1001789.00,7663
-246730.00,1001801.00,7674
-247832.00,1001406.00,7687
-247138.00,1001142.00,7698
-246652.00,1000829.00,7710
-247781.00,1000309.00,7721
-247821.00,1000202.00,7734
-247165.00,1000076.00,7745
-247954.00,1000179.00,7757
-247843.00,1000532.00,7769
-246706.00,1001061.00,7781
-247381.00,1001432.00,7792
-247773.00,1001676.00,7804
-246654.00,1002069.00,7816
-247831.00,1001977.00,7827
-246425.00,1001567.00,7839
-247170.00,1001037.00,7851
-247639.00,1000438.00,7863
-246584.00,1000049.00,7874
-248077.00,1000057.00,7886
-248028.00,1000136.00,7898
-246799.00,1000291.00,7910
-247157.00,1000693.00,7921
-247109.00,1001161.00,7933
-247322.00,1001624.00,7945
-247088.00,1001811.00,7957
-246982.00,1001737.00,7968
-246700.00,1001510.00,7981
-246579.00,1001136.00,7992
-247524.00,1000691.00,8003
-247677.00,1000448.00,8015
-246792.00,1000227.00,8027
-247631.00,1000230.00,8039
-247850.00,1000399.00,8050
-247275.00,1000599.00,8062
-247321.00,1000882.00,8074
-247388.00,1001183.00,8086
-246894.00,1001550.00,8097
-247137.00,1001680.00,8110
-247176.00,1001593.00,8121
-246556.00,1001369.00,8133
-246517.00,1000913.00,8144
-246885.00,1000612.00,8157
-247976.00,1000455.00,8168
-247457.00,1000289.00,8179
-247144.00,1000381.00,8192
-246916.00,1000512.00,8203
-246683.00,1000763.00,8215
-247484.00,1001044.00,8226
-246716.00,1001253.00,8239
-246514.00,1001525.00,8250
-247147.00,1001605.00,8262
-246903.00,1001578.00,8273
-246422.00,1001373.00,8286
-247770.00,1000981.00,8297
-248187.00,1000757.00,8309
-247111.00,1000412.00,8321
-247317.00,1000376.00,8333
-247824.00,1000248.00,8344
-247707.00,1000515.00,8355
-247630.00,1000695.00,8368
-246976.00,1000906.00,8379
-246671.00,1001489.00,8391
-247351.00,1001826.00,8402
-247217.00,1001920.00,8415
-246706.00,1001690.00,8426
-246488.00,1001227.00,8438
-246972.00,1000786.00,8450
-247550.00,1000337.00,8462
-247417.00,1000118.00,8473
-247165.00,1000110.00,8485
-247497.00,1000237.00,8497
-247830.00,1000596.00,8509
-247454.00,1001038.00,8520
-246789.00,1001503.00,8531
-246309.00,1001763.00,8544
-246282.00,1001860.00,8555
-247167.00,1001749.00,8567
-246984.00,1001368.00,8579
-246879.00,1000889.00,8591
-247335.00,1000545.00,8602
-247789.00,1000315.00,8614
-247433.00,1000203.00,8626
-247281.00,1000194.00,8638
-247587.00,1000450.00,8649
-247348.00,1000717.00,8662
-247078.00,1001255.00,8673
-247009.00,1001599.00,8685
-247205.00,1001764.00,8696
-246961.00,1001854.00,8708
-246865.00,1001605.00,8720
-247216.00,1001261.00,8731
-247254.00,1000774.00,8743
-247171.00,1000319.00,8755
-247347.00,1000066.00,8767
-247725.00,1000059.00,8778
-247980.00,1000223.00,8791
-247653.00,1000473.00,8802
-247080.00,1000980.00,8814
-246431.00,1001409.00,8825
-247456.00,1001775.00,8838
-247714.00,1001810.00,8849
-246418.00,1001806.00,8861
-246236.00,1001607.00,8872
-246699.00,1001160.00,8884
-247103.00,1000831.00,8896
-247663.00,1000410.00,8907
-247775.00,1000175.00,8920
-247249.00,1000118.00,8931
-247330.00,1000325.00,8943
-248365.00,1000797.00,8954
-247619.00,1001345.00,8967
-246988.00,1001752.00,8978
-247341.00,1001823.00,8990
-247087.00,1001662.00,9001
-247112.00,1001262.00,9014
-246821.00,1001034.00,9025
-246629.00,1000903.00,9037
-247868.00,1000765.00,9049
-248180.00,1000616.00,9060
-247162.00,1000378.00,9072
-247001.00,1000276.00,9083
-247385.00,1000453.00,9096
-247427.00,1000861.00,9107
-247312.00,1001258.00,9119
-247037.00,1001458.00,9131
-246601.00,1001599.00,9143
-247089.00,1001674.00,9154
-247200.00,1001560.00,9166
-247057.00,1001250.00,9178
-247152.00,1000698.00,9190
-247279.00,1000444.00,9201
-247618.00,1000247.00,9213
-247362.00,1000190.00,9225
-247031.00,1000529.00,9236
-247446.00,1000864.00,9248
-247538.00,1001112.00,9260
-246703.00,1001367.00,9272
-247030.00,1001511.00,9283
-247143.00,1001491.00,9295
-246471.00,1001488.00,9307
-247612.00,1001287.00,9319
-247268.00,1000803.00,9330
-246703.00,1000491.00,9342
-247115.00,1000318.00,9354
-248213.00,1000177.00,9366
-247258.00,1000137.00,9377
-246583.00,1000369.00,9390
-247295.00,1000677.00,9401
-247110.00,1001121.00,9412
-247330.00,1001412.00,9424
-247274.00,1001553.00,9436
-246345.00,1001633.00,9448
-246822.00,1001626.00,9459
-247823.00,1001200.00,9472
-247231.00,1000732.00,9483
-247329.00,1000318.00,9495
-247459.00,1000090.00,9506
-246973.00,1000098.00,9519
-248100.00,1000303.00,9530
-248558.00,1000610.00,9542
-246837.00,1001087.00,9553
-246271.00,1001500.00,9566
-247553.00,1001718.00,9577
-247410.00,1001872.00,9588
-246695.00,1001754.00,9601
-246993.00,1001319.00,9612
-247110.00,1000950.00,9624
-246891.00,1000513.00,9635
-248000.00,1000070.00,9648
-248168.00,999851.00,9659
-246560.00,999866.00,9671
-247310.00,1000492.00,9682
-248199.00,1001094.00,9695
-247050.00,1001533.00,9706
-246913.00,1001899.00,9718
-246911.00,1002037.00,9730
-246461.00,1001732.00,9742
-247206.00,1001257.00,9753
-246425.00,1000837.00,9764
-247411.00,1000516.00,9777
-248065.00,1000219.00,9788
-247293.00,1000128.00,9800
-247481.00,1000159.00,9811
-247488.00,1000312.00,9824
-247014.00,1000632.00,9835
-247442.00,1001110.00,9847
-247462.00,1001489.00,9859
-246926.00,1001670.00,9871
-246373.00,1001658.00,9882
-247017.00,1001563.00,9894
-247775.00,1001361.00,9906
-247207.00,1000960.00,9918
-246798.00,1000536.00,9929
-247184.00,1000187.00,9940
-247608.00,1000011.00,9953
-247705.00,1000138.00,9964
-247518.00,1000309.00,9976
-246578.00,1000734.00,9988
-246383.00,1001199.00,10000
-247403.00,1001447.00,10011
-247099.00,1001613.00,10023
-246700.00,1001725.00,10035
-246639.00,1001597.00,10047
-246870.00,1001398.00,10058
-247227.00,1001047.00,10071
-247294.00,1000642.00,10082
-246777.00,1000301.00,10094
-247241.00,1000106.00,10105
-248268.00,1000200.00,10117
-248024.00,1000516.00,10129
-246634.00,1000926.00,10140
-246805.00,1001390.00,10152
-247195.00,1001800.00,10164
-247232.00,1001901.00,10176
-246784.00,1001741.00,10187
-246134.00,1001385.00,10200
-247152.00,1001111.00,10211
-248258.00,1000841.00,10223
-247438.00,1000423.00,10234
-246990.00,1000097.00,10247
-247444.00,999946.00,10258
-247769.00,1000064.00,10270
-247296.00,1000409.00,10281
-247395.00,1000835.00,10293
-246707.00,1001344.00,10305
-246655.00,1001848.00,10316
-247612.00,1002226.00,10329
-247262.00,1002170.00,10340
-246548.00,1001653.00,10352
-246952.00,1001116.00,10363
-246777.00,1000664.00,10376
-247471.00,1000290.00,10387
-248875.00,999936.00,10399
-247770.00,999924.00,10411
-246178.00,1000234.00,10423
-247119.00,1000854.00,10434
-247650.00,1001344.00,10445
-247903.00,1001450.00,10458
-247178.00,1001473.00,10469
-245664.00,1001421.00,10481
-245973.00,1001379.00,10492
-247602.00,1001104.00,10505
-248286.00,1000600.00,10516
-246689.00,1000339.00,10528
-247396.00,1000261.00,10540
-248166.00,1000383.00,10552
-248208.00,1000438.00,10563
-247194.00,1000442.00,10575
-246142.00,1000934.00,10587
-246559.00,1001386.00,10599
-248166.00,1001896.00,10610
-247964.00,1001990.00,10621
-245852.00,1001688.00,10634
-246598.00,1001249.00,10645
-247432.00,1000888.00,10657
-247569.00,1000464.00,10669
-247633.00,1000069.00,10681
-246702.00,999971.00,10692
-246593.00,1000223.00,10704
-248057.00,1000644.00,10716
-248061.00,1000913.00,10728
-246804.00,1001084.00,10739
-246595.00,1001368.00,10752
-246748.00,1001738.00,10763
-247083.00,1001920.00,10774
-247118.00,1001746.00,10786
-246920.00,1001337.00,10798
-246772.00,1000948.00,10810
-247112.00,1000538.00,10821
-248382.00,1000165.00,10833
-248154.00,999915.00,10845
-246924.00,999936.00,10857
-247314.00,1000261.00,10868
-247750.00,1000909.00,10881
-247433.00,1001435.00,10892
-247366.00,1001757.00,10904
-246324.00,1001799.00,10915
-248128.00,1001707.00,10927
-247002.00,1001365.00,10939
-246540.00,1000953.00,10950
-247344.00,1000724.00,10962
-247435.00,1000511.00,10974
-248152.00,1000253.00,10986
-247922.00,1000142.00,10997
-246309.00,1000287.00,11010
-246811.00,1000750.00,11021
-247873.00,1001191.00,11033
-247386.00,1001486.00,11044
-246262.00,1001635.00,11057
-246179.00,1001617.00,11068
-247090.00,1001347.00,11079
-247752.00,1001174.00,11091
-247184.00,1000945.00,11103
-246923.00,1000690.00,11115
-247002.00,1000534.00,11126
-247617.00,1000181.00,11139
-248181.00,1000188.00,11150
-247126.00,1000326.00,11162
-246669.00,1000657.00,11173
-247659.00,1001126.00,11186
-247695.00,1001377.00,11197
-247589.00,1001518.00,11209
-246451.00,1001483.00,11220
-246032.00,1001571.00,11233
-247047.00,1001472.00,11244
-247428.00,1001176.00,11255
-247091.00,1000707.00,11268
-246431.00,1000407.00,11279
-246914.00,1000258.00,11291
-247983.00,1000251.00,11302
-247039.00,1000404.00,11315
-246849.00,1000734.00,11326
-247501.00,1001191.00,11338
-247420.00,1001265.00,11350
-247307.00,1001429.00,11362
-246301.00,1001627.00,11373
-246377.00,1001644.00,11385
-247022.00,1001261.00,11397
-247287.00,1000783.00,11408
-247576.00,1000296.00,11420
-246874.00,1000129.00,11431
-247260.00,1000227.00,11444
-248039.00,1000468.00,11455
-247484.00,1000796.00,11467
-247114.00,1001128.00,11479
-246848.00,1001366.00,11491
-246885.00,1001666.00,11502
-247255.00,1001790.00,11514
-247588.00,1001626.00,11526
-246830.00,1001241.00,11538
-246343.00,1000856.00,11549
-247595.00,1000571.00,11560
-248105.00,1000249.00,11573
-247632.00,1000070.00,11584
-247377.00,1000221.00,11596
-246842.00,1000590.00,11608
-246913.00,1000867.00,11620
-247559.00,1001191.00,11631
-247395.00,1001602.00,11643
-246267.00,1001724.00,11655
-246649.00,1001810.00,11667
-247518.00,1001754.00,11678
-247131.00,1001589.00,11691
-247103.00,1001195.00,11702
-247197.00,1000608.00,11713
-248117.00,1000258.00,11725
-248229.00,1000147.00,11737
-247591.00,1000176.00,11749
-246914.00,1000363.00,11760
-247463.00,1000663.00,11772
-247407.00,1001086.00,11784
-247438.00,1001566.00,11796
-247376.00,1001744.00,11807
-246210.00,1001711.00,11820
-246748.00,1001543.00,11831
-247683.00,1001034.00,11843
-247175.00,1000506.00,11854
-247190.00,1000250.00,11867
-247713.00,1000158.00,11878
-247612.00,1000215.00,11889
-248243.00,1000415.00,11901
-247592.00,1000618.00,11913
-246625.00,1001047.00,11925
-246612.00,1001348.00,11936
-246983.00,1001788.00,11949
-247137.00,1001827.00,11960
-246662.00,1001674.00,11972
-246551.00,1001489.00,11983
-247422.00,1001164.00,11996
-247678.00,1000676.00,12007
-247303.00,1000037.00,12019
-247500.00,999889.00,12030
-247126.00,1000153.00,12042
-247345.00,1000542.00,12054
-247898.00,1001032.00,12065
-247266.00,1001421.00,12078
-246804.00,1001591.00,12089
-246594.00,1001779.00,12101
-247171.00,1001884.00,12112
-246941.00,1001639.00,12125
-246608.00,1001203.00,12136
-247283.00,1000724.00,12148
-247945.00,1000366.00,12160
-248015.00,1000037.00,12172
-247741.00,999836.00,12183
-247195.00,1000064.00,12194
-247581.00,1000479.00,12207
-247916.00,1001103.00,12218
-247072.00,1001605.00,12230
-246964.00,1001751.00,12241
-246899.00,1001798.00,12254
-246375.00,1001615.00,12265
-247048.00,1001493.00,12277
-247481.00,1001153.00,12289
-247361.00,1000656.00,12301
-247405.00,1000365.00,12312
-247861.00,1000194.00,12324
-247692.00,1000108.00,12336
-247413.00,1000285.00,12347
-247547.00,1000729.00,12359
-246975.00,1001220.00,12370
-247035.00,1001589.00,12383
-247068.00,1001854.00,12394
-246872.00,1001826.00,12406
-246876.00,1001669.00,12418
-246846.00,1001287.00,12430
-247248.00,1000811.00,12441
-247274.00,1000409.00,12453
-247627.00,1000074.00,12465
-247845.00,1000096.00,12477
-247545.00,1000389.00,12488
-247269.00,1000660.00,12500
-247319.00,1001160.00,12512
-247087.00,1001609.00,12523
-247147.00,1001835.00,12535
-246710.00,1001760.00,12547
-246276.00,1001399.00,12559
-247125.00,1001046.00,12570
-247335.00,1000811.00,12582
-247239.00,1000528.00,12594
-247174.00,1000158.00,12606
-247439.00,999946.00,12617
-247183.00,1000093.00,12630
-247122.00,1000612.00,12641
-247760.00,1000998.00,12653
-247224.00,1001403.00,12664
-247222.00,1001747.00,12676
-247023.00,1001989.00,12688
-246625.00,1001869.00,12699
-247012.00,1001525.00,12711
-247091.00,1001094.00,12723
-247019.00,1000617.00,12735
-247447.00,1000146.00,12746
-247793.00,1000043.00,12759
-247265.00,1000015.00,12770
-247390.00,1000259.00,12782
-247456.00,1000594.00,12793
-247370.00,1001064.00,12806
-247203.00,1001459.00,12817
-247069.00,1001774.00,12828
-246275.00,1001871.00,12840
-246611.00,1001768.00,12852
-247569.00,1001542.00,12864
-246946.00,1000922.00,12875
-247625.00,1000245.00,12888
-247547.00,1000015.00,12899
-247731.00,1000015.00,12911
-248023.00,1000122.00,12922
-246981.00,1000632.00,12935
-246729.00,1001104.00,12946
-247597.00,1001542.00,12958
-246969.00,1001980.00,12969
-246737.00,1002078.00,12982
-247062.00,1001720.00,12993
-247094.00,1001326.00,13004
-247265.00,1000817.00,13017
-247297.00,1000371.00,13028
-247431.00,1000109.00,13040
-247216.00,1000172.00,13051
-247039.00,1000402.00,13064
-247377.00,1000586.00,13075
-247039.00,1000842.00,13087
-246876.00,1001331.00,13099
-247390.00,1001711.00,13111
-246841.00,1001697.00,13122
-247113.00,1001641.00,13134
-247500.00,1001428.00,13146
-246655.00,1000919.00,13157
-246572.00,1000524.00,13169
-247226.00,1000479.00,13180
-247233.00,1000480.00,13193
-247566.00,1000503.00,13204
-247663.00,1000537.00,13216
-246973.00,1000615.00,13228
-247140.00,1000771.00,13240
-247995.00,1001050.00,13251
-247294.00,1001405.00,13263
-247212.00,1001498.00,13275
-247359.00,1001519.00,13287
-246952.00,1001281.00,13298
-247262.00,1000868.00,13309
-247235.00,1000673.00,13322
-246873.00,1000462.00,13333
-247783.00,1000417.00,13345
-247949.00,1000433.00,13357
-246979.00,1000526.00,13369
-246897.00,1000751.00,13380
-247207.00,1001141.00,13392
-246656.00,1001583.00,13404
-246755.00,1001839.00,13416
-246811.00,1001746.00,13427
-246825.00,1001391.00,13440
-247388.00,1000849.00,13451
-247534.00,1000345.00,13463
-247335.00,1000114.00,13474
-247307.00,1000126.00,13486
-247542.00,1000337.00,13498
-247717.00,1000613.00,13509
-247511.00,1000875.00,13521
-246750.00,1001163.00,13533
-246942.00,1001458.00,13545
-247030.00,1001491.00,13556
-246543.00,1001538.00,13569
-246874.00,1001528.00,13580
-247142.00,1001231.00,13592
-246927.00,1000969.00,13603
-247507.00,1000651.00,13616
-247203.00,1000459.00,13627
-246665.00,1000429.00,13638
-247250.00,1000583.00,13650
-247760.00,1000663.00,13662
-246777.00,1000749.00,13674
-246478.00,1001044.00,13685
-246772.00,1001488.00,13698
-246893.00,1001620.00,13709
-247277.00,1001570.00,13721
-247047.00,1001308.00,13732
-246836.00,1001047.00,13745
-247750.00,1000872.00,13756
-248323.00,1000644.00,13768
-247390.00,1000355.00,13779
-246900.00,1000333.00,13791
-247595.00,1000332.00,13803
-247459.00,1000545.00,13814
-247188.00,1000982.00,13827
-246852.00,1001333.00,13838
-246475.00,1001604.00,13850
-246570.00,1001658.00,13861
-246556.00,1001419.00,13874
-246642.00,1001344.00,13885
-246902.00,1001048.00,13897
-246977.00,1000723.00,13908
-247296.00,1000572.00,13921
-247797.00,1000313.00,13932
-247361.00,1000257.00,13944
-247026.00,1000699.00,13956
-247090.00,1001136.00,13967
-247354.00,1001487.00,13979
-247430.00,1001470.00,13990
-247061.00,1001595.00,14003
-246814.00,1001510.00,14014
-246400.00,1001273.00,14026
-247147.00,1001096.00,14038
-247782.00,1000844.00,14050
-246939.00,1000699.00,14061
-247426.00,1000582.00,14073
-247625.00,1000413.00,14085
-247207.00,1000421.00,14097
-247096.00,1000707.00,14108
-246865.00,1000922.00,14119
-247363.00,1001014.00,14132
-247913.00,1001069.00,14143
-247161.00,1001270.00,14155
-246918.00,1001367.00,14167
-247156.00,1001355.00,14179
-247293.00,1001226.00,14190
-247441.00,1000976.00,14202
-247000.00,1000658.00,14214
-246774.00,1000552.00,14226
-246986.00,1000597.00,14237
-247852.00,1000769.00,14249
-247631.00,1000876.00,14261
-246720.00,1000926.00,14272
-247219.00,1000981.00,14284
-247365.00,1001135.00,14296
-247471.00,1001197.00,14308
-247446.00,1001102.00,14319
-246833.00,1000944.00,14331
-246630.00,1000943.00,14343
-247476.00,1001007.00,14355
-247487.00,1000867.00,14366
-246848.00,1000660.00,14379
-247128.00,1000621.00,14390
-247222.00,1000715.00,14402
-247587.00,1001003.00,14413
-247450.00,1001257.00,14426
-246650.00,1001375.00,14437
-247088.00,1001510.00,14448
-247056.00,1001269.00,14460
-246700.00,1000945.00,14472
-247027.00,1000714.00,14484
-246866.00,1000710.00,14495
-247950.00,1000863.00,14508
-248348.00,1000803.00,14519
-247067.00,1000647.00,14531
-246486.00,1000571.00,14542
-247507.00,1000587.00,14555
-247459.00,1000787.00,14566
-247288.00,1000925.00,14578
-246875.00,1001093.00,14589
-246559.00,1001145.00,14601
-247194.00,1001144.00,14613
-247242.00,1001216.00,14624
-247029.00,1001186.00,14637
-247001.00,1000982.00,14648
-246889.00,1000837.00,14660
-247767.00,1000606.00,14671
-247836.00,1000468.00,14684
-247034.00,1000653.00,14695
-247193.00,1000945.00,14707
-247259.00,1001179.00,14718
-247329.00,1001320.00,14731
-246998.00,1001346.00,14742
-246499.00,1001224.00,14753
-246844.00,1001041.00,14766
-247811.00,1000916.00,14777
-247870.00,1000706.00,14789
-247397.00,1000446.00,14800
-247140.00,1000442.00,14813
-246793.00,1000626.00,14824
-247559.00,1000814.00,14836
-247020.00,1001065.00,14848
-246631.00,1001168.00,14860
-246929.00,1001109.00,14871
-247481.00,1001144.00,14883
-247491.00,1001108.00,14895
-246853.00,1001006.00,14907
-246722.00,1000857.00,14918
-246891.00,1000715.00,14929
-247398.00,1000680.00,14942
-248005.00,1000576.00,14953
-246976.00,1000477.00,14965
-246936.00,1000592.00,14977
-247897.00,1000951.00,14989
-247065.00,1001239.00,15000
-246618.00,1001341.00,15012
-246885.00,1001331.00,15024
-246692.00,1001304.00,15036
-247187.00,1001143.00,15047
-247356.00,1000845.00,15059
-246868.00,1000645.00,15071
-246700.00,1000651.00,15082
-247382.00,1000681.00,15094
-247526.00,1000772.00,15106
-247607.00,1000822.00,15118
-247439.00,1000974.00,15129
-246734.00,1001084.00,15141
-246789.00,1001047.00,15153
-247176.00,1001222.00,15165
-247295.00,1001328.00,15176
-246664.00,1001263.00,15188
-246895.00,1001117.00,15200
-247713.00,1000973.00,15212
-247081.00,1000727.00,15223
-247802.00,1000652.00,15235
-247119.00,1000817.00,15247
-247291.00,1000952.00,15258
-247953.00,1001024.00,15270
-246630.00,1001098.00,15282
-246421.00,1001253.00,15294
-247625.00,1001243.00,15305
-247484.00,1001170.00,15318
-246705.00,1001033.00,15329
-246813.00,1000934.00,15341
-247155.00,1000930.00,15352
-247291.00,1000871.00,15365
-247597.00,1000662.00,15376
-247151.00,1000656.00,15388
-246908.00,1000741.00,15399
-247455.00,1000828.00,15411
-247394.00,1000899.00,15423
-247150.00,1001028.00,15434
-246521.00,1001183.00,15447
-246920.00,1001331.00,15458
-247146.00,1001299.00,15470
-247277.00,1001155.00,15481
-247419.00,1000912.00,15494
-247059.00,1000739.00,15505
-246977.00,1000641.00,15517
-247278.00,1000808.00,15528
-247558.00,1000963.00,15541
-247465.00,1001022.00,15552
-247162.00,1000916.00,15563
-247584.00,1000827.00,15576
-247261.00,1000843.00,15587
-246722.00,1000931.00,15599
-246687.00,1001052.00,15610
-246925.00,1001093.00,15623
-247459.00,1001030.00,15634
-247036.00,1000788.00,15646
-246857.00,1000731.00,15657
-246993.00,1000608.00,15670
-247275.00,1000619.00,15681
-247267.00,1000846.00,15693
-246960.00,1000993.00,15705
-247026.00,1000981.00,15716
-247410.00,1001204.00,15728
-247169.00,1001417.00,15739
-247430.00,1001298.00,15752
-247450.00,1000945.00,15763
-246928.00,1000778.00,15775
-247102.00,1000720.00,15787
-247516.00,1000697.00,15799
-247267.00,1000611.00,15810
-246978.00,1000632.00,15822
-247130.00,1000691.00,15834
-247157.00,1000839.00,15846
-247403.00,1001066.00,15857
-247274.00,1001318.00,15868
-246370.00,1001339.00,15881
-246878.00,1001279.00,15892
-247540.00,1001223.00,15904
-247253.00,1001037.00,15916
-247047.00,1000812.00,15928
-247308.00,1000635.00,15939
-246883.00,1000619.00,15951
-247290.00,1000593.00,15963
-248066.00,1000680.00,15975
-247175.00,1000796.00,15986
-246582.00,1000893.00,15998
-247073.00,1001293.00,16010
-246957.00,1001256.00,16022
-246617.00,1001160.00,16033
-246659.00,1001304.00,16045
-247208.00,1001283.00,16057
-247793.00,1001165.00,16068
-247697.00,1001000.00,16080
-247081.00,1000748.00,16092
-247002.00,1000494.00,16104
-247715.00,1000424.00,16115
-247216.00,1000453.00,16128
-247082.00,1000620.00,16139
-247120.00,1000873.00,16151
-246357.00,1001081.00,16162
-246934.00,1001418.00,16175
-247178.00,1001496.00,16186
-246660.00,1001388.00,16197
-246357.00,1001191.00,16209
-247041.00,1001162.00,16221
-247814.00,1000803.00,16233
-247437.00,1000456.00,16244
-246877.00,1000446.00,16257
-246938.00,1000704.00,16268
-247772.00,1000950.00,16280
-247622.00,1001016.00,16291
-247320.00,1001121.00,16304
-246794.00,1001153.00,16315
-246728.00,1001247.00,16327
-247175.00,1001108.00,16338
-247424.00,1001050.00,16350
-247032.00,1000769.00,16362
-246680.00,1000702.00,16373
-246991.00,1000878.00,16386
-247418.00,1000862.00,16397
-247133.00,1000821.00,16409
-247159.00,1000815.00,16420
-247193.00,1000849.00,16433
-247469.00,1000941.00,16444
-247388.00,1001028.00,16456
-246385.00,1001216.00,16467
-247213.00,1001306.00,16480
-247704.00,1001370.00,16491
-247141.00,1001226.00,16503
-246994.00,1000858.00,16515
-247254.00,1000621.00,16526
-246830.00,1000589.00,16538
-247481.00,1000686.00,16549
-247994.00,1000601.00,16562
-246745.00,1000612.00,16573
-246993.00,1000760.00,16585
-247544.00,1001010.00,16596
-246994.00,1001302.00,16609
-246821.00,1001649.00,16620
-246703.00,1001625.00,16632
-246645.00,1001481.00,16644
-247207.00,1001179.00,16656
-247685.00,1000828.00,16667
-246818.00,1000653.00,16678
-246773.00,1000433.00,16691
-247832.00,1000346.00,16702
-247492.00,1000421.00,16714
-247201.00,1000622.00,16726
-247204.00,1000823.00,16738
-246669.00,1000876.00,16749
-246790.00,1001203.00,16761
-247725.00,1001458.00,16773
-247648.00,1001391.00,16785
-246501.00,1001267.00,16796
-247176.00,1001159.00,16808
-246831.00,1000928.00,16820
-247069.00,1000871.00,16831
-247062.00,1000595.00,16843
-247617.00,1000566.00,16855
-247219.00,1000750.00,16867
-246933.00,1000728.00,16878
-247049.00,1000835.00,16890
-246705.00,1001113.00,16902
-246842.00,1001135.00,16914
-247226.00,1001210.00,16925
-247134.00,1001050.00,16937
-246952.00,1001007.00,16949
-247117.00,1001034.00,16961
-247371.00,1000535.00,16972
-246925.00,1000735.00,16985
-247537.00,1000519.00,16996
-247244.00,1000483.00,17007
-246844.00,1000744.00,17019
-247390.00,1000714.00,17031
-246653.00,1000904.00,17043
-247089.00,1000919.00,17054
-247375.00,1001074.00,17067
-246095.00,1001401.00,17078
-247212.00,1001293.00,17090
-247026.00,1001159.00,17101
-246771.00,1000993.00,17114
-248067.00,1000822.00,17125
-246388.00,1000855.00,17137
-247181.00,1000686.00,17148
-247823.00,1000647.00,17160
-245955.00,1000890.00,17172
-247887.00,1000956.00,17183
-246537.00,1001079.00,17196
-248132.00,1001197.00,17207
-246180.00,1001041.00,17219
-246732.00,1001000.00,17230
-248226.00,1001058.00,17243
-247151.00,1000924.00,17254
-247111.00,1000871.00,17266
-247115.00,1000833.00,17277
-247124.00,1000771.00,17290
-247722.00,1000884.00,17301
-247301.00,1000905.00,17312
-247527.00,1000781.00,17325
-246578.00,1000887.00,17336
-245805.00,1001028.00,17348
-248010.00,1001290.00,17359
-247149.00,1001282.00,17372
-246479.00,1001084.00,17383
-247519.00,1001005.00,17395
-246833.00,1000810.00,17406
-247567.00,1000783.00,17419
-248055.00,1000690.00,17430
-246546.00,1000534.00,17442
-247529.00,1000766.00,17454
-247497.00,1001004.00,17466
-247089.00,1001104.00,17477
-247803.00,1001222.00,17488
-246817.00,1001000.00,17501
-247074.00,1001074.00,17512
-247148.00,1001091.00,17524
-246736.00,1001073.00,17536
-247337.00,1001106.00,17548
-246573.00,1000881.00,17559
-246898.00,1000797.00,17571
-247806.00,1000683.00,17583
-247366.00,1000566.00,17595
-247675.00,1000474.00,17606
-246549.00,1000624.00,17618
-247062.00,1000865.00,17630
-247179.00,1001187.00,17641
-246392.00,1001399.00,17653
-247130.00,1001398.00,17665
-247718.00,1001355.00,17677
-247047.00,1001211.00,17688
-247040.00,1001001.00,17700
-246709.00,1000662.00,17712
-247263.00,1000536.00,17724
-248154.00,1000543.00,17735
-247240.00,1000514.00,17747
-247182.00,1000688.00,17759
-246860.00,1000982.00,17771
-247150.00,1001141.00,17782
-247650.00,1001154.00,17794
-246672.00,1001206.00,17806
-246443.00,1001269.00,17817
-247135.00,1001147.00,17829
-247587.00,1000884.00,17841
-247687.00,1000619.00,17853
-247053.00,1000526.00,17864
-246547.00,1000657.00,17876
-247791.00,1000650.00,17888
-248064.00,1000655.00,17900
-247149.00,1000811.00,17911
-246810.00,1001053.00,17924
-246664.00,1001273.00,17935
-247467.00,1001415.00,17947
-247990.00,1001284.00,17958
-246124.00,1001129.00,17970
-247597.00,1001047.00,17982
-247333.00,1000963.00,17993
-247875.00,1000730.00,18006
-246912.00,1000568.00,18017
-246654.00,1000468.00,18029
-247684.00,1000611.00,18040
-247733.00,1000821.00,18053
-247497.00,1000928.00,18064
-246686.00,1001074.00,18076
-246084.00,1001236.00,18087
-247312.00,1001388.00,18100
-248265.00,1001281.00,18111
-247124.00,1001043.00,18122
-246342.00,1001016.00,18135
-246742.00,1001082.00,18146
-248412.00,1000911.00,18158
-248489.00,1000719.00,18169
-246579.00,1000584.00,18182
-246716.00,1000688.00,18193
-247482.00,1000961.00,18205
-247279.00,1001058.00,18216
-247787.00,1000993.00,18229
-246615.00,1001018.00,18240
-245648.00,1001094.00,18252
-247327.00,1001115.00,18264
-248050.00,1001114.00,18275
-246782.00,1000913.00,18287
-246652.00,1000839.00,18298
-247215.00,1000664.00,18311
-247680.00,1000499.00,18322
-248603.00,1000562.00,18334
-247256.00,1000680.00,18345
-245747.00,1001117.00,18358
-247231.00,1001352.00,18369
-247666.00,1001446.00,18381
-246396.00,1001380.00,18393
-245888.00,1001152.00,18405
-246989.00,1000925.00,18416
-247778.00,1000784.00,18428
-247311.00,1000568.00,18440
-246381.00,1000428.00,18451
-246489.00,1000609.00,18463
-247461.00,1000885.00,18475
-248402.00,1000958.00,18487
-246735.00,1001070.00,18498
-245746.00,1001166.00,18510
-246840.00,1001502.00,18522
-247563.00,1001505.00,18534
-248096.00,1001175.00,18545
-247436.00,1000825.00,18557
-245937.00,1000697.00,18569
-246463.00,1000673.00,18581
-248579.00,1000606.00,18592
-248732.00,1000542.00,18604
-246592.00,1000468.00,18616
-245826.00,1000716.00,18627
-247748.00,1001158.00,18639
-248424.00,1001416.00,18651
-247342.00,1001239.00,18663
-246532.00,1001402.00,18674
-246224.00,1001496.00,18686
-247389.00,1001205.00,18698
-248551.00,1000804.00,18710
-247150.00,1000384.00,18721
-245632.00,1000485.00,18734
-247026.00,1000653.00,18745
-248330.00,1000749.00,18756
-246526.00,1000613.00,18768
-245006.00,1000644.00,18780
-246443.00,1001057.00,18792
-248453.00,1001359.00,18803
-247516.00,1001240.00,18816
-245901.00,1001281.00,18827
-245960.00,1000977.00,18839
-247168.00,1001011.00,18850
-249781.00,1001002.00,18863
-247624.00,1000390.00,18874
-245049.00,1000434.00,18886
-246791.00,1000411.00,18897
-247647.00,1000705.00,18910
-248992.00,1001126.00,18921
-247786.00,1000963.00,18932
-243795.00,1001268.00,18945
-246904.00,1001478.00,18956
-248342.00,1001529.00,18968
-246700.00,1001484.00,18979
-247378.00,1000912.00,18992
-245434.00,1000772.00,19003
-247154.00,1000917.00,19015
-249816.00,1000552.00,19026
-246815.00,1000312.00,19039
-246039.00,1000449.00,19050
-246879.00,1000580.00,19062
-247435.00,1001136.00,19074
-249112.00,1001335.00,19085
-246880.00,1001489.00,19097
-244795.00,1001591.00,19108
-247074.00,1001626.00,19121
-247804.00,1001490.00,19132
-247777.00,1001173.00,19144
-244522.00,1000571.00,19155
-248147.00,1000652.00,19168
-249751.00,1000563.00,19179
-246465.00,1000256.00,19191
-247197.00,1000459.00,19203
-246035.00,1000708.00,19215
-246602.00,1001161.00,19226
-249691.00,1001359.00,19237
-246459.00,1001210.00,19250
-245496.00,1001370.00,19261
-246704.00,1001396.00,19273
-247863.00,1001309.00,19284
-248986.00,1001128.00,19297
-246515.00,1000750.00,19308
-245971.00,1000582.00,19320
-247608.00,1000641.00,19332
-247961.00,1000525.00,19344
-248123.00,1000520.00,19355
-246371.00,1000680.00,19367
-245385.00,1000908.00,19379
-248152.00,1001299.00,19391
-248464.00,1001521.00,19402
-246102.00,1001416.00,19414
-246068.00,1001302.00,19426
-246447.00,1001063.00,19437
-247899.00,1000978.00,19449
-248625.00,1000505.00,19461
-246222.00,1000261.00,19473
-246521.00,1000487.00,19484
-247398.00,1000539.00,19496
-248093.00,1000780.00,19508
-248576.00,1001118.00,19520
-245517.00,1001264.00,19531
-245935.00,1001430.00,19544
-247412.00,1001515.00,19555
-247100.00,1001537.00,19566
-246057.00,1001157.00,19578
-245757.00,1000782.00,19590
-248523.00,1000592.00,19602
-248567.00,1000338.00,19613
-246070.00,1000102.00,19625
-246603.00,1000263.00,19637
-247587.00,1000583.00,19649
-248305.00,1000989.00,19660
-247762.00,1001311.00,19673
-245880.00,1001401.00,19684
-246228.00,1001549.00,19696
-247464.00,1001604.00,19707
-248489.00,1001448.00,19719
-247737.00,1001033.00,19731
-245855.00,1000652.00,19742
-246810.00,1000626.00,19755
-248231.00,1000756.00,19766
-247888.00,1000635.00,19778
-247715.00,1000605.00,19789
-246610.00,1000749.00,19802
-246696.00,1001051.00,19813
-249053.00,1001287.00,19825
-247608.00,1001248.00,19836
-246436.00,1001347.00,19849
-246867.00,1001444.00,19860
-246625.00,1001305.00,19872
-248276.00,1001137.00,19884
-247688.00,1000791.00,19895
-245914.00,1000401.00,19907
-246663.00,1000507.00,19918
-247350.00,1000625.00,19931
-247961.00,1000765.00,19942
-246765.00,1000753.00,19954
-246703.00,1000733.00,19965
-247191.00,1001119.00,19978
-247333.00,1001398.00,19989
-247141.00,1001458.00,20001
-246491.00,1001479.00,20013
-246919.00,1001328.00,20025
-248060.00,1001233.00,20036
-247784.00,1000923.00,20047
-246771.00,1000622.00,20060
-246999.00,1000425.00,20071
-247497.00,1000491.00,20083
-248144.00,1000539.00,20094
-247514.00,1000647.00,20107
-246447.00,1000736.00,20118
-246732.00,1001097.00,20130
-247232.00,1001392.00,20142
-247492.00,1001491.00,20154
-247047.00,1001288.00,20165
-245852.00,1001084.00,20177
-246745.00,1001156.00,20189
-247751.00,1000930.00,20200
-247964.00,1000748.00,20212
-247032.00,1000631.00,20224
-246390.00,1000453.00,20236
-247521.00,1000468.00,20247
-248228.00,1000741.00,20259
-247674.00,1001016.00,20271
-246489.00,1001217.00,20283
-246519.00,1001400.00,20294
-246983.00,1001579.00,20306
-247373.00,1001453.00,20318
-247878.00,1001084.00,20330
-246226.00,1000732.00,20341
-247934.00,1000552.00,20353
-247541.00,1000516.00,20365
-247062.00,1000467.00,20376
-246527.00,1000524.00,20388
-246816.00,1000882.00,20400
-248070.00,1001166.00,20412
-247423.00,1001229.00,20423
-246712.00,1001195.00,20435
-246651.00,1001079.00,20447
-246886.00,1001106.00,20459
-247200.00,1001174.00,20470
-247467.00,1001099.00,20483
-247208.00,1000862.00,20494
-246702.00,1000747.00,20506
-247301.00,1000663.00,20517
-247715.00,1000723.00,20529
-247530.00,1000648.00,20541
-247166.00,1000684.00,20552
-247054.00,1000966.00,20564
-247020.00,1001162.00,20576
-247129.00,1001367.00,20588
-247356.00,1001497.00,20599
-246390.00,1001379.00,20612
-247001.00,1001121.00,20623
-247981.00,1000860.00,20635
-247137.00,1000607.00,20646
-246947.00,1000419.00,20659
-247005.00,1000615.00,20670
-247546.00,1000813.00,20681
-247956.00,1000882.00,20694
-247557.00,1000872.00,20705
-246461.00,1000875.00,20717
-247304.00,1001024.00,20728
-247397.00,1001164.00,20741
-246439.00,1001294.00,20752
-246954.00,1001222.00,20764
-247309.00,1001326.00,20775
-246945.00,1001126.00,20788
-247417.00,1001018.00,20799
-247285.00,1000809.00,20811
-246451.00,1000693.00,20823
-247776.00,1000713.00,20834
-248236.00,1000805.00,20846
-247059.00,1000850.00,20857
-246631.00,1001162.00,20870
-246816.00,1001374.00,20881
-247629.00,1001425.00,20893
-247337.00,1001218.00,20904
-247246.00,1000921.00,20917
-246838.00,1000829.00,20928
-246732.00,1000742.00,20940
-248140.00,1000662.00,20952
-248145.00,1000352.00,20964
-246857.00,1000473.00,20975
-246524.00,1000738.00,20987
-247423.00,1001109.00,20999
-247557.00,1001340.00,21010
-247205.00,1001366.00,21022
-246943.00,1001425.00,21033
-245966.00,1001412.00,21046
-246879.00,1001223.00,21057
-248024.00,1000907.00,21069
-246879.00,1000555.00,21081
-245987.00,1000474.00,21093
-247745.00,1000554.00,21104
-246927.00,1000572.00,21116
-247267.00,1000523.00,21128
-247357.00,1000798.00,21140
-246679.00,1001092.00,21151
-248199.00,1001463.00,21163
-247821.00,1001366.00,21175
-246163.00,1001218.00,21186
-246519.00,1001130.00,21198
-247670.00,1001161.00,21210
-247863.00,1001040.00,21222
-247315.00,1000697.00,21233
-247075.00,1000496.00,21245
-246984.00,1000274.00,21257
-247431.00,1000457.00,21269
-247824.00,1000661.00,21280
-247143.00,1000876.00,21293
-246537.00,1001187.00,21304
-247007.00,1001314.00,21315
-246805.00,1001500.00,21327
-246608.00,1001498.00,21339
-247137.00,1001363.00,21351
-246848.00,1001195.00,21362
-246758.00,1001025.00,21374
-247575.00,1000696.00,21386
-247586.00,1000365.00,21398
-247229.00,1000279.00,21409
-247486.00,1000388.00,21422
-247097.00,1000567.00,21433
-246989.00,1000903.00,21445
-247454.00,1001200.00,21456
-246994.00,1001484.00,21469
-246750.00,1001616.00,21480
-247251.00,1001504.00,21491
-247073.00,1001223.00,21504
-246717.00,1000799.00,21515
-247527.00,1000617.00,21527
-247363.00,1000474.00,21538
-247108.00,1000393.00,21551
-247472.00,1000437.00,21562
-247198.00,1000604.00,21574
-247172.00,1000943.00,21585
-247507.00,1001253.00,21598
-247097.00,1001315.00,21609
-246306.00,1001348.00,21621
-247157.00,1001400.00,21633
-247897.00,1001208.00,21644
-246875.00,1001013.00,21656
-247509.00,1000757.00,21667
-247649.00,1000561.00,21680
-246960.00,1000312.00,21691
-247255.00,1000399.00,21703
-247548.00,1000597.00,21714
-246837.00,1000756.00,21727
-247278.00,1000867.00,21738
-247903.00,1000988.00,21750
-247019.00,1001082.00,21762
-246429.00,1001276.00,21774
-247178.00,1001416.00,21785
-247330.00,1001454.00,21796
-247564.00,1001250.00,21809
-247528.00,1000897.00,21820
-247263.00,1000553.00,21832
-247075.00,1000475.00,21843
-247412.00,1000550.00,21856
-247893.00,1000692.00,21867
-247172.00,1000851.00,21879
-247144.00,1001210.00,21891
-247187.00,1001292.00,21903
-246960.00,1001380.00,21914
-246813.00,1001429.00,21926
-246351.00,1001367.00,21938
-247488.00,1001303.00,21950
-247734.00,1001080.00,21961
-246684.00,1000857.00,21972
-246996.00,1000675.00,21985
-247809.00,1000537.00,21996
-247692.00,1000574.00,22008
-247272.00,1000645.00,22020
-247019.00,1000873.00,22032
-247075.00,1001254.00,22043
-247439.00,1001489.00,22055
-247772.00,1001401.00,22067
-247015.00,1001439.00,22079
-246184.00,1001354.00,22090
-246700.00,1001135.00,22103
-247893.00,1000985.00,22114
-247319.00,1000633.00,22125
-247248.00,1000525.00,22137
-247178.00,1000533.00,22149
-246636.00,1000596.00,22161
-247872.00,1000889.00,22172
-247725.00,1000925.00,22184
-246484.00,1000947.00,22196
-247215.00,1001087.00,22208
-247580.00,1001190.00,22219
-247210.00,1001234.00,22232
-247034.00,1001213.00,22243
-246934.00,1001146.00,22255
-247357.00,1001146.00,22266
-247293.00,1001035.00,22278
-246842.00,1000824.00,22290
-247673.00,1000661.00,22301
-246816.00,1000541.00,22313
-247528.00,1000577.00,22325
-247696.00,1000692.00,22337
-246350.00,1000947.00,22348
-247228.00,1001099.00,22361
-247474.00,1001142.00,22372
-246669.00,1001192.00,22384
-246998.00,1001278.00,22395
-246866.00,1001098.00,22408
-247363.00,1000867.00,22419
-247602.00,1000684.00,22431
-246999.00,1000693.00,22443
-246478.00,1000830.00,22454
-247172.00,1000774.00,22466
-247920.00,1000982.00,22477
-246839.00,1001067.00,22490
-246481.00,1001016.00,22501
-247192.00,1001086.00,22513
-247293.00,1001203.00,22524
-247551.00,1001148.00,22537
-247185.00,1001077.00,22548
-246424.00,1000918.00,22560
-246627.00,1000798.00,22572
-248157.00,1000724.00,22584
-247502.00,1000571.00,22595
-246336.00,1000574.00,22606
-247891.00,1000930.00,22619
-247607.00,1000951.00,22630
-246769.00,1001033.00,22642
-247785.00,1001049.00,22653
-247020.00,1001069.00,22666
-246603.00,1001200.00,22677
-247541.00,1001144.00,22689
-247254.00,1001015.00,22701
-246834.00,1000965.00,22713
-247371.00,1000800.00,22724
-247255.00,1000647.00,22736
-247732.00,1000700.00,22748
-247716.00,1000766.00,22759
-246916.00,1000764.00,22771
-247202.00,1000828.00,22782
-248022.00,1000866.00,22795
-246681.00,1001073.00,22806
-246118.00,1001084.00,22818
-247577.00,1001221.00,22830
-246900.00,1001204.00,22842
-246636.00,1001071.00,22853
-247603.00,1000925.00,22865
-246924.00,1000755.00,22877
-247386.00,1000624.00,22889
-247436.00,1000612.00,22900
-247314.00,1000564.00,22912
-247982.00,1000655.00,22924
-247070.00,1000822.00,22935
-246813.00,1000934.00,22947
-246773.00,1001156.00,22959
-246773.00,1001206.00,22971
-247196.00,1001422.00,22982
-246815.00,1001481.00,22994
-246411.00,1001345.00,23006
-247343.00,1001243.00,23018
-247375.00,1001005.00,23029
-247354.00,1000458.00,23042
-247220.00,1000269.00,23053
-246830.00,1000337.00,23065
-247396.00,1000591.00,23076
-247176.00,1000782.00,23088
-246777.00,1000997.00,23100
-246337.00,1001338.00,23111
-247093.00,1001511.00,23123
-247899.00,1001483.00,23135
-246881.00,1001431.00,23147
-246700.00,1001097.00,23158
-246798.00,1000926.00,23171
-247165.00,1000727.00,23182
-248446.00,1000448.00,23194
-247688.00,1000467.00,23205
-246368.00,1000422.00,23218
-247531.00,1000589.00,23229
-248144.00,1000796.00,23240
-246913.00,1001039.00,23252
-246599.00,1001192.00,23264
-247220.00,1001393.00,23276
-246967.00,1001325.00,23287
-247373.00,1001341.00,23300
-247037.00,1001120.00,23311
-246312.00,1000752.00,23323
-246704.00,1000627.00,23334
-247657.00,1000684.00,23347
-247708.00,1000693.00,23358
-247091.00,1000697.00,23370
-246935.00,1000791.00,23382
-246950.00,1001039.00,23393
-246978.00,1001184.00,23405
-247347.00,1001324.00,23416
-246835.00,1001329.00,23429
-245955.00,1001221.00,23440
-247005.00,1001221.00,23452
-248079.00,1001102.00,23463
-246689.00,1000973.00,23476
-246718.00,1000626.00,23487
-246621.00,1000527.00,23499
-247848.00,1000468.00,23511
-247593.00,1000520.00,23523
-246764.00,1000562.00,23534
-247372.00,1000826.00,23546
-247072.00,1001234.00,23558
-247069.00,1001422.00,23569
-246886.00,1001392.00,23581
-246349.00,1001236.00,23592
-247366.00,1001221.00,23605
-247850.00,1000946.00,23616
-247422.00,1000692.00,23628
-247212.00,1000565.00,23640
-247060.00,1000448.00,23652
-246954.00,1000442.00,23663
-247384.00,1000885.00,23675
-247496.00,1001086.00,23687
-247352.00,1001207.00,23699
-247247.00,1001204.00,23710
-246855.00,1001316.00,23721
-247112.00,1001303.00,23734
-247098.00,1001174.00,23745
-247064.00,1000971.00,23757
-247217.00,1000946.00,23769
-247224.00,1000853.00,23781
-247455.00,1000677.00,23792
-246867.00,1000697.00,23804
-246883.00,1000793.00,23816
-247479.00,1000955.00,23828
-247181.00,1000982.00,23839
-247199.00,1001081.00,23852
-246781.00,1001161.00,23863
-247126.00,1001154.00,23875
-247569.00,1001053.00,23886
-246702.00,1000957.00,23898
-246700.00,1000887.00,23910
-247382.00,1000882.00,23921
-247313.00,1000771.00,23933
-246942.00,1000589.00,23945
-247467.00,1000588.00,23957
-246909.00,1000752.00,23968
-246679.00,1000744.00,23981
-247260.00,1001045.00,23992
-247004.00,1001231.00,24004
-247201.00,1001332.00,24015
-246675.00,1001336.00,24028
-246642.00,1001047.00,24039
-247491.00,1000960.00,24050
-247510.00,1000727.00,24062
-247813.00,1000585.00,24074
-247273.00,1000668.00,24086
-247308.00,1000582.00,24097
-247539.00,1000933.00,24110
-247232.00,1001116.00,24121
-246657.00,1001152.00,24133
-246715.00,1001129.00,24144
-247216.00,1001070.00,24157
-247330.00,1001029.00,24168
-247318.00,1000964.00,24180
-246748.00,1001015.00,24192
-246820.00,1001131.00,24203
-247280.00,1001009.00,24215
-247119.00,1000818.00,24226
-247283.00,1000783.00,24239
-247073.00,1000875.00,24250
-247943.00,1000749.00,24262
-247256.00,1000704.00,24273
-246807.00,1000741.00,24286
-247347.00,1001021.00,24297
-247333.00,1001147.00,24309
-247421.00,1001094.00,24321
-247163.00,1000912.00,24333
-246884.00,1000886.00,24344
-246819.00,1000938.00,24355
-247848.00,1000904.00,24368
-247741.00,1000807.00,24379
-246911.00,1000853.00,24391
-247325.00,1000791.00,24402
-247376.00,1000859.00,24415
-247186.00,1000823.00,24426
-247361.00,1000759.00,24438
-246884.00,1001027.00,24450
-247165.00,1001185.00,24462
-247859.00,1001234.00,24473
-247384.00,1001146.00,24485
-247063.00,1001071.00,24497
-246676.00,1001088.00,24509
-247422.00,1000993.00,24520
-247393.00,1000868.00,24531
-247229.00,1000688.00,24544
-247659.00,1000440.00,24555
-246824.00,1000541.00,24567
-246924.00,1000757.00,24579
-247636.00,1000957.00,24591
-247006.00,1001174.00,24602
-247094.00,1001217.00,24614
-247201.00,1001184.00,24626
-246952.00,1001086.00,24638
-247411.00,1001055.00,24649
-246808.00,1001131.00,24662
-247227.00,1001185.00,24673
-247436.00,1000925.00,24684
-247707.00,1000601.00,24696
-247539.00,1000474.00,24708
-247121.00,1000480.00,24720
-247010.00,1000753.00,24731
-246880.00,1001004.00,24743
-247244.00,1001202.00,24755
-247142.00,1001377.00,24767
-246191.00,1001518.00,24778
-247186.00,1001428.00,24791
-247311.00,1001045.00,24802
-246063.00,1000694.00,24814
-247100.00,1000770.00,24825
-247484.00,1000712.00,24837
-247462.00,1000602.00,24849
-248156.00,1000508.00,24860
-246948.00,1000544.00,24872
-246701.00,1000897.00,24884
-247167.00,1001194.00,24896
-247385.00,1001481.00,24907
-247340.00,1001598.00,24920
-246304.00,1001485.00,24931
-246868.00,1001408.00,24943
-247783.00,1001085.00,24954
-247527.00,1000607.00,24967
-247151.00,1000346.00,24978
-247139.00,1000202.00,24990
-247260.00,1000350.00,25001
-248165.00,1000632.00,25013
-247924.00,1000904.00,25025
-246312.00,1001200.00,25036
-247458.00,1001389.00,25049
-246973.00,1001480.00,25060
-247408.00,1001491.00,25072
-246605.00,1001244.00,25083
-246407.00,1001035.00,25096
-247297.00,1001022.00,25107
-247411.00,1000753.00,25119
-246932.00,1000488.00,25131
-247121.00,1000388.00,25143
-247089.00,1000535.00,25154
-247621.00,1000653.00,25165
-247517.00,1000931.00,25178
-246839.00,1001117.00,25189
-247093.00,1001377.00,25201
-247021.00,1001669.00,25212
-246815.00,1001427.00,25225
-247767.00,1001219.00,25236
-246776.00,1000711.00,25248
-246722.00,1000405.00,25260
-248332.00,1000302.00,25272
-247476.00,1000233.00,25283
-247231.00,1000453.00,25295
-247294.00,1000787.00,25307
-246524.00,1001089.00,25318
-247208.00,1001423.00,25330
-247185.00,1001583.00,25341
-246527.00,1001679.00,25354
-247020.00,1001778.00,25365
-246768.00,1001547.00,25377
-246965.00,1001036.00,25389
-247483.00,1000489.00,25401
-246710.00,1000113.00,25412
-247303.00,1000186.00,25424
-247124.00,1000270.00,25436
-247967.00,1000519.00,25448
-246808.00,1000962.00,25459
-246471.00,1001210.00,25472
-247876.00,1001430.00,25483
-246636.00,1001483.00,25494
-246602.00,1001342.00,25506
-247486.00,1001238.00,25518
-246495.00,1001072.00,25530
-246884.00,1000784.00,25541
-247540.00,1000718.00,25553
-247134.00,1000679.00,25565
-247027.00,1000691.00,25577
-247228.00,1000596.00,25588
-247295.00,1000758.00,25601
-247001.00,1001062.00,25612
-246503.00,1001208.00,25624
-247464.00,1001414.00,25635
-247664.00,1001555.00,25647
-246639.00,1001369.00,25659
-247354.00,1001226.00,25670
-246917.00,1000933.00,25682
-246871.00,1000795.00,25694
-247895.00,1000751.00,25706
-247634.00,1000578.00,25717
-247474.00,1000529.00,25730
-247535.00,1000523.00,25741
-246832.00,1000590.00,25753
-247737.00,1000798.00,25764
-247751.00,1000982.00,25777
-246344.00,1001240.00,25788
-246702.00,1001538.00,25799
-247229.00,1001696.00,25811
-247626.00,1001403.00,25823
-247064.00,1001033.00,25835
-246505.00,1000664.00,25846
-247633.00,1000556.00,25859
-247849.00,1000460.00,25870
-246944.00,1000520.00,25882
-247059.00,1000665.00,25893
-246735.00,1000739.00,25906
-247121.00,1001098.00,25917
-247453.00,1001539.00,25929
-246427.00,1001558.00,25940
-246413.00,1001512.00,25953
-247419.00,1001230.00,25964
-247164.00,1001038.00,25975
-247504.00,1000242.00,25988
-247180.00,1000398.00,25999
-246565.00,1000252.00,26011
-248196.00,1000623.00,26022
-248118.00,1000664.00,26035
-247047.00,1000679.00,26046
-246349.00,1001029.00,26058
-247099.00,1001360.00,26070
-247194.00,1001721.00,26082
-246139.00,1001596.00,26093
-247223.00,1001355.00,26105
-247129.00,1001432.00,26117
-246438.00,1000697.00,26128
-248132.00,1000824.00,26140
-247608.00,1000308.00,26151
-246962.00,1000262.00,26164
-248036.00,1000375.00,26175
-247187.00,1000384.00,26187
-247589.00,1000819.00,26199
-248068.00,1001093.00,26211
-246654.00,1001267.00,26222
-247062.00,1001463.00,26234
-246598.00,1001622.00,26246
-246561.00,1001285.00,26258
-247363.00,1001139.00,26269
-246826.00,1000969.00,26280
-246457.00,1000801.00,26293
-248318.00,1000778.00,26304
-248025.00,1000346.00,26316
-246224.00,1000439.00,26328
-247621.00,1000477.00,26340
-247936.00,1000717.00,26351
-246164.00,1001166.00,26363
-247913.00,1001072.00,26375
-246991.00,1001492.00,26387
-245288.00,1001741.00,26398
-248143.00,1001551.00,26411
-248067.00,1001355.00,26422
-246289.00,1000662.00,26434
-247336.00,1000479.00,26445
-246923.00,1000252.00,26457
-247397.00,1000278.00,26469
-248052.00,1000655.00,26480
-246951.00,1000823.00,26492
-246246.00,1001136.00,26504
-246965.00,1001404.00,26516
-248063.00,1001447.00,26527
-247828.00,1001340.00,26540
-246729.00,1001229.00,26551
-246124.00,1001104.00,26563
-246365.00,1001046.00,26574
-247871.00,1000745.00,26587
-248414.00,1000412.00,26598
-246172.00,1000496.00,26609
-248351.00,1000550.00,26621
-247923.00,1000778.00,26633
-246204.00,1000888.00,26645
-246546.00,1000888.00,26656
-246516.00,1001311.00,26669
-247310.00,1001473.00,26680
-247827.00,1001429.00,26692
-246514.00,1001189.00,26703
-245831.00,1000832.00,26716
-246981.00,1000773.00,26727
-248439.00,1000657.00,26739
-247299.00,1000577.00,26750
-245725.00,1000627.00,26762
-246724.00,1000685.00,26774
-248017.00,1000684.00,26785
-248296.00,1000811.00,26798
-247859.00,1001028.00,26809
-245853.00,1001352.00,26821
-245078.00,1001751.00,26832
-248859.00,1001610.00,26845
-248486.00,1001380.00,26856
-245693.00,1000969.00,26868
-246863.00,1000694.00,26880
-246931.00,1000796.00,26892
-247858.00,1000515.00,26903
-248757.00,1000423.00,26915
-246501.00,1000183.00,26927
-245928.00,1000912.00,26938
-247837.00,1001102.00,26950
-247676.00,1001458.00,26961
-246796.00,1001650.00,26974
-246701.00,1001335.00,26985
-246998.00,1001405.00,26997
-247452.00,1001037.00,27009
-247211.00,1000792.00,27021
-247080.00,1000596.00,27032
-246053.00,1000417.00,27044
-247876.00,1000533.00,27056
-248287.00,1000813.00,27068
-244834.00,1000763.00,27079
-247088.00,1000852.00,27090
-248666.00,1001242.00,27103
-245904.00,1001280.00,27114
-247065.00,1001364.00,27126
-247214.00,1001293.00,27138
-245663.00,1001493.00,27150
-247374.00,1001171.00,27161
-248838.00,1000780.00,27173
-247348.00,1000579.00,27185
-245866.00,1000459.00,27197
-247456.00,1000473.00,27208
-248463.00,1000673.00,27220
-246709.00,1000904.00,27232
-247185.00,1001150.00,27243
-247235.00,1001273.00,27255
-245773.00,1001263.00,27267
-248664.00,1001315.00,27279
-248942.00,1000983.00,27290
-244921.00,1000893.00,27302
-247048.00,1000943.00,27314
-248569.00,1000648.00,27326
-246715.00,1000557.00,27337
-247702.00,1000483.00,27350
-246687.00,1000750.00,27361
-246173.00,1000941.00,27373
-248445.00,1001201.00,27384
-246345.00,1001244.00,27396
-245898.00,1001432.00,27408
-247317.00,1001531.00,27419
-248358.00,1001372.00,27431
-247175.00,1001333.00,27443
-246742.00,1000717.00,27455
-246250.00,1000615.00,27466
-246815.00,1000654.00,27479
-249150.00,1000550.00,27490
-247452.00,1000794.00,27502
-245722.00,1000551.00,27513
-247598.00,1000812.00,27526
-247640.00,1001044.00,27537
-247616.00,1001185.00,27549
-247918.00,1001387.00,27560
-246190.00,1001488.00,27572
-246923.00,1001579.00,27584
-248191.00,1001269.00,27595
-247539.00,1000969.00,27608
-246664.00,1000554.00,27619
-246371.00,1000433.00,27631
-247735.00,1000448.00,27642
-247941.00,1000599.00,27655
-246879.00,1000539.00,27666
-247041.00,1000599.00,27678
-247168.00,1001095.00,27689
-247611.00,1001086.00,27702
-247247.00,1001836.00,27713
-247281.00,1001610.00,27724
-246466.00,1001662.00,27737
-246126.00,1001565.00,27748
-247370.00,1000899.00,27760
-247132.00,1000695.00,27771
-246535.00,1000406.00,27784
-247020.00,1000117.00,27795
-247829.00,1000316.00,27807
-246830.00,1000432.00,27819
-247353.00,1000815.00,27831
-246822.00,1001438.00,27842
-246338.00,1001436.00,27854
-248197.00,1001505.00,27866
-246091.00,1001283.00,27878
-245287.00,1001048.00,27889
-247964.00,1000962.00,27900
-247679.00,1000633.00,27913
-246566.00,1000573.00,27924
-247683.00,1000285.00,27936
-247351.00,1000317.00,27948
-246379.00,1000472.00,27960
-247760.00,1000615.00,27971
-248321.00,1000923.00,27983
-245740.00,1001128.00,27995
-246853.00,1001571.00,28007
-248736.00,1001752.00,28018
-245549.00,1001703.00,28030
-246794.00,1001358.00,28042
-248636.00,1001268.00,28053
-245793.00,1000959.00,28065
-247773.00,1000473.00,28077
-249130.00,1000371.00,28089
-245785.00,1000094.00,28100
-247407.00,1000486.00,28112
-248757.00,1000760.00,28124
-246316.00,1000708.00,28136
-247149.00,1001137.00,28147
-246819.00,1001404.00,28160
-246381.00,1001554.00,28171
-246753.00,1001597.00,28183
-246961.00,1001230.00,28194
-247034.00,1001013.00,28206
-247468.00,1000644.00,28218
-248213.00,1000261.00,28229
-246505.00,1000195.00,28241
-247301.00,1000231.00,28253
-248427.00,1000517.00,28265
-246959.00,1000923.00,28276
-247613.00,1001085.00,28289
-246573.00,1001264.00,28300
-245442.00,1001326.00,28312
-247824.00,1001388.00,28323
-246742.00,1001440.00,28336
-246298.00,1001319.00,28347
-247867.00,1001008.00,28358
-246985.00,1000579.00,28370
-247526.00,1000207.00,28382
-247084.00,1000371.00,28394
-246952.00,1000386.00,28405
