952922.00
-260139.00
-259200.00,953212.00,1134
-259883.00,952974.00,1136
-261522.00,952616.00,1137
-260183.00,952403.00,1148
-259938.00,952072.00,1160
-260546.00,952039.00,1171
-260297.00,952285.00,1183
-260614.00,952613.00,1195
-260316.00,952870.00,1207
-259984.00,953036.00,1218
-259626.00,953174.00,1230
-259873.00,953187.00,1242
-261054.00,952785.00,1254
-260576.00,952409.00,1265
-259462.00,952091.00,1277
-260156.00,951991.00,1289
-261301.00,952141.00,1301
-260482.00,952467.00,1312
-260232.00,952774.00,1325
-260597.00,952928.00,1336
-260098.00,953022.00,1347
-260309.00,952959.00,1359
-260307.00,952551.00,1371
-259977.00,952392.00,1383
-260200.00,952172.00,1394
-260556.00,952180.00,1406
-260953.00,952159.00,1418
-260831.00,952417.00,1430
-259635.00,952707.00,1441
-260094.00,953005.00,1454
-260779.00,953111.00,1465
-259701.00,952953.00,1477
-260026.00,952721.00,1488
-260609.00,952452.00,1501
-260248.00,952263.00,1512
-260599.00,952098.00,1523
-261028.00,952080.00,1536
-259903.00,952225.00,1547
-260737.00,952580.00,1559
-260885.00,952835.00,1570
-259601.00,952930.00,1583
-259653.00,953209.00,1594
-260123.00,953198.00,1606
-260288.00,952964.00,1617
-260018.00,952756.00,1630
-260088.00,952410.00,1641
-260382.00,952309.00,1653
-260377.00,952373.00,1665
-261059.00,952511.00,1677
-260587.00,952627.00,1688
-259414.00,952733.00,1699
-259738.00,952846.00,1712
-260228.00,952880.00,1723
-260460.00,952925.00,1735
-260042.00,952798.00,1746
-259850.00,952571.00,1759
-259883.00,952471.00,1770
-260188.00,952461.00,1782
-260934.00,952488.00,1794
-260135.00,952548.00,1806
-259742.00,952639.00,1817
-260398.00,952757.00,1829
-260570.00,952815.00,1841
-260619.00,952783.00,1853
-259708.00,952770.00,1864
-260017.00,952706.00,1875
-260457.00,952779.00,1888
-260132.00,952830.00,1899
-260367.00,952702.00,1911
-260351.00,952426.00,1923
-260797.00,952392.00,1935
-260448.00,952501.00,1946
-260291.00,952538.00,1958
-260514.00,952501.00,1970
-259500.00,952591.00,1982
-260088.00,952774.00,1993
-260866.00,953030.00,2006
-259493.00,953106.00,2017
-259637.00,952911.00,2029
-260778.00,952671.00,2040
-260222.00,952329.00,2052
-260620.00,952146.00,2064
-261199.00,952104.00,2075
-259904.00,952306.00,2087
-260330.00,952526.00,2099
-260964.00,952704.00,2111
-260589.00,952907.00,2122
-259774.00,952998.00,2135
-259766.00,953081.00,2146
-261076.00,952880.00,2158
-260535.00,952397.00,2169
-259673.00,952072.00,2182
-260820.00,952049.00,2193
-260879.00,952212.00,2204
-260585.00,952391.00,2216
-260853.00,952639.00,2228
-260385.00,952831.00,2240
-259372.00,953048.00,2251
-260562.00,952973.00,2264
-260951.00,952872.00,2275
-259897.00,952669.00,2287
-259847.00,952389.00,2298
-260400.00,952175.00,2311
-260530.00,952230.00,2322
-260697.00,952421.00,2334
-260024.00,952421.00,2345
-259735.00,952654.00,2357
-260357.00,952874.00,2369
-260086.00,952924.00,2380
-259658.00,952970.00,2393
-259727.00,952940.00,2404
-260128.00,952708.00,2416
-260743.00,952353.00,2427
-260324.00,952161.00,2440
-260321.00,952112.00,2451
-260532.00,952206.00,2463
-260676.00,952526.00,2475
-260847.00,952940.00,2487
-260105.00,953039.00,2498
-259857.00,953059.00,2510
-260157.00,953014.00,2522
-260536.00,952767.00,2533
-260317.00,952530.00,2545
-259782.00,952440.00,2556
-260265.00,952373.00,2569
-260483.00,952304.00,2580
-260469.00,952368.00,2592
-259963.00,952670.00,2604
-259700.00,952810.00,2616
-260098.00,952845.00,2627
-260279.00,952990.00,2639
-260645.00,952841.00,2651
-260133.00,952683.00,2663
-259896.00,952745.00,2674
-260525.00,952614.00,2685
-260838.00,952570.00,2698
-260805.00,952536.00,2709
-259443.00,952529.00,2721
-260623.00,952555.00,2733
-260662.00,952728.00,2745
-260106.00,952962.00,2756
-259853.00,952939.00,2768
-259478.00,952926.00,2780
-260316.00,952958.00,2792
-260629.00,952841.00,2803
-260254.00,952487.00,2816
-259826.00,952343.00,2827
-260203.00,952315.00,2838
-261491.00,952355.00,2850
-260540.00,952678.00,2862
-259526.00,952836.00,2874
-260166.00,953157.00,2885
-259946.00,953169.00,2897
-259745.00,953087.00,2909
-260359.00,952779.00,2921
-260071.00,952422.00,2932
-259786.00,952163.00,2945
-260461.00,952157.00,2956
-261485.00,952146.00,2968
-260622.00,952215.00,2979
-259754.00,952305.00,2991
-259866.00,952553.00,3003
-260521.00,952702.00,3014
-260599.00,952812.00,3026
-260061.00,952741.00,3038
-259991.00,952706.00,3050
-259790.00,952651.00,3061
-260602.00,952568.00,3074
-261057.00,952387.00,3085
-259675.00,952229.00,3097
-259457.00,952222.00,3108
-261335.00,952380.00,3121
-259931.00,952439.00,3132
-259386.00,952547.00,3143
-259920.00,952920.00,3155
-260741.00,953080.00,3167
-260821.00,953186.00,3179
-260482.00,952922.00,3190
-259476.00,952550.00,3203
-259165.00,952439.00,3214
-260779.00,952331.00,3226
-261494.00,952305.00,3237
-260221.00,952389.00,3250
-259654.00,952586.00,3261
-260556.00,952924.00,3273
-260862.00,953252.00,3284
-260082.00,953200.00,3297
-259820.00,952863.00,3308
-259624.00,952582.00,3319
-260486.00,952341.00,3332
-261327.00,952229.00,3343
-260480.00,952507.00,3355
-259488.00,952808.00,3366
-259699.00,952928.00,3379
-260776.00,953025.00,3390
-260958.00,952932.00,3402
-259712.00,952788.00,3414
-259541.00,952708.00,3426
-260230.00,952760.00,3437
-260904.00,952690.00,3449
-261057.00,952516.00,3461
-260014.00,952306.00,3472
-259438.00,952482.00,3484
-260314.00,952850.00,3495
-260562.00,952930.00,3508
-259922.00,953025.00,3519
-259337.00,952934.00,3531
-260288.00,952923.00,3543
-261442.00,952830.00,3555
-260258.00,952523.00,3566
-259630.00,952439.00,3578
-260709.00,952527.00,3590
-261190.00,952501.00,3602
-260930.00,952506.00,3613
-260175.00,952534.00,3624
-259241.00,952748.00,3637
-259880.00,952956.00,3648
-261051.00,952852.00,3660
-260455.00,952873.00,3672
-259412.00,952672.00,3684
-259941.00,952506.00,3695
-260685.00,952534.00,3707
-260608.00,952494.00,3719
-260526.00,952476.00,3731
-259924.00,952362.00,3742
-259920.00,952507.00,3755
-260651.00,952651.00,3766
-260565.00,952792.00,3777
-259664.00,952865.00,3789
-259479.00,952853.00,3801
-259972.00,952743.00,3813
-261102.00,952590.00,3824
-260994.00,952210.00,3836
-259724.00,952081.00,3848
-259788.00,952246.00,3860
-260665.00,952404.00,3871
-260855.00,952555.00,3884
-260516.00,952715.00,3895
-259789.00,952810.00,3907
-261106.00,952912.00,3918
-260989.00,952913.00,3930
-259826.00,952758.00,3942
-259284.00,952411.00,3953
-260542.00,952357.00,3965
-261770.00,952450.00,3977
-260892.00,952357.00,3989
-260380.00,952306.00,4000
-259508.00,952532.00,4013
-259830.00,952796.00,4024
-261321.00,952949.00,4036
-260574.00,952924.00,4047
-259384.00,952923.00,4060
-259041.00,952861.00,4071
-260236.00,952643.00,4083
-261217.00,952121.00,4094
-260772.00,951835.00,4106
-259474.00,951967.00,4118
-260174.00,952220.00,4129
-261431.00,952778.00,4142
-260399.00,953241.00,4153
-259752.00,953456.00,4165
-259354.00,953432.00,4176
-259591.00,953153.00,4189
-261053.00,952554.00,4200
-260941.00,951992.00,4212
-259530.00,951902.00,4224
-259419.00,952223.00,4236
-261267.00,952717.00,4247
-261809.00,953053.00,4258
-259803.00,953195.00,4271
-259213.00,953174.00,4282
-259613.00,953190.00,4294
-260858.00,953054.00,4305
-260534.00,952782.00,4318
-259102.00,952373.00,4329
-260232.00,952064.00,4341
-261538.00,952087.00,4353
-260865.00,952306.00,4365
-259415.00,952476.00,4376
-259509.00,952871.00,4388
-260813.00,953229.00,4400
-261208.00,953453.00,4411
-259907.00,953296.00,4423
-259495.00,952851.00,4434
-259854.00,952608.00,4447
-260483.00,952397.00,4458
-261260.00,952022.00,4470
-260532.00,952036.00,4482
-259400.00,952279.00,4494
-260270.00,952771.00,4505
-261199.00,953288.00,4517
-260196.00,953466.00,4529
-258828.00,953357.00,4541
-259409.00,952908.00,4552
-260476.00,952425.00,4563
-260869.00,952124.00,4576
-260634.00,952017.00,4587
-260082.00,952088.00,4599
-260010.00,952351.00,4611
-260983.00,952504.00,4623
-260728.00,952691.00,4634
-259419.00,952880.00,4646
-259290.00,952942.00,4658
-260238.00,953038.00,4670
-260831.00,952902.00,4681
-259934.00,952640.00,4694
-260249.00,952358.00,4705
-260370.00,952283.00,4716
-261075.00,952421.00,4728
-260706.00,952339.00,4740
-259609.00,952363.00,4752
-259905.00,952629.00,4763
-261068.00,952835.00,4775
-260918.00,953000.00,4787
-259757.00,953137.00,4799
-259312.00,953056.00,4810
-260515.00,952791.00,4823
-261078.00,952482.00,4834
-260538.00,952232.00,4846
-260521.00,951970.00,4857
-260482.00,952076.00,4870
-260542.00,952419.00,4881
-260930.00,952573.00,4892
-260360.00,952956.00,4904
-259384.00,953084.00,4916
-259923.00,953029.00,4928
-260984.00,952955.00,4939
-260583.00,952675.00,4952
-259824.00,952406.00,4963
-260439.00,952246.00,4975
-261129.00,952237.00,4986
-261016.00,952293.00,4999
-260376.00,952376.00,5010
-260032.00,952615.00,5022
-259733.00,953058.00,5033
-260388.00,953341.00,5045
-260565.00,953230.00,5057
-259686.00,953049.00,5068
-259872.00,952763.00,5081
-260604.00,952566.00,5092
-261002.00,952358.00,5104
-260090.00,952184.00,5115
-259931.00,952168.00,5128
-260739.00,952494.00,5139
-260607.00,952826.00,5151
-259847.00,953012.00,5163
-259667.00,953148.00,5175
-259671.00,953308.00,5186
-260365.00,953327.00,5197
-261106.00,952942.00,5210
-260170.00,952329.00,5221
-259493.00,951777.00,5233
-260122.00,951794.00,5244
-261063.00,952194.00,5257
-261035.00,952703.00,5268
-260153.00,953183.00,5280
-259997.00,953483.00,5292
-259524.00,953544.00,5304
-259836.00,953295.00,5315
-260526.00,952793.00,5327
-260146.00,952275.00,5339
-260032.00,952022.00,5350
-260679.00,952143.00,5362
-260635.00,952250.00,5373
-260134.00,952438.00,5386
-260567.00,952626.00,5397
-259948.00,952902.00,5409
-259669.00,953095.00,5421
-260113.00,953303.00,5433
-260388.00,953249.00,5444
-259669.00,952937.00,5456
-259444.00,952414.00,5468
-261150.00,952117.00,5480
-259774.00,951847.00,5491
-260382.00,951658.00,5504
-261376.00,952024.00,5515
-259474.00,952702.00,5526
-259956.00,953330.00,5538
-261090.00,953680.00,5550
-259389.00,953595.00,5562
-259843.00,953148.00,5573
-260947.00,952448.00,5585
-260430.00,951927.00,5597
-260259.00,951751.00,5609
-261246.00,951844.00,5620
-261094.00,952279.00,5633
-260081.00,952656.00,5644
-260082.00,952849.00,5656
-260527.00,952916.00,5667
-260280.00,952908.00,5679
-259994.00,952898.00,5691
-260800.00,952912.00,5702
-260273.00,952724.00,5714
-259562.00,952421.00,5726
-260740.00,952179.00,5738
-260657.00,952091.00,5749
-260320.00,952127.00,5762
-260618.00,952247.00,5773
-260597.00,952539.00,5785
-260602.00,952709.00,5796
-259674.00,952944.00,5809
-259628.00,953122.00,5820
-259696.00,953257.00,5831
-259739.00,953236.00,5843
-260763.00,952716.00,5855
-260282.00,952078.00,5867
-260413.00,951763.00,5878
-260505.00,951826.00,5891
-260845.00,952369.00,5902
-261002.00,953117.00,5914
-259687.00,953621.00,5925
-259833.00,953784.00,5938
-261366.00,953442.00,5949
-260210.00,952808.00,5961
-259779.00,952337.00,5972
-260485.00,952179.00,5984
-260188.00,952416.00,5996
-260785.00,952385.00,6007
-260845.00,952417.00,6020
-259191.00,952543.00,6031
-259231.00,952848.00,6043
-260807.00,953166.00,6054
-260373.00,953297.00,6067
-259785.00,953194.00,6078
-260016.00,953013.00,6090
-259642.00,952938.00,6102
-260249.00,952644.00,6114
-261000.00,952404.00,6125
-260459.00,952176.00,6136
-259618.00,952210.00,6149
-260311.00,952506.00,6160
-261205.00,952700.00,6172
-259774.00,952940.00,6183
-259184.00,953135.00,6196
-259796.00,953236.00,6207
-260167.00,953106.00,6219
-260737.00,952541.00,6231
-260933.00,952118.00,6243
-259946.00,952130.00,6254
-260932.00,952234.00,6266
-260929.00,952410.00,6278
-260525.00,952533.00,6290
-259985.00,952604.00,6301
-259997.00,952729.00,6312
-260483.00,952983.00,6325
-260287.00,953125.00,6336
-260311.00,953096.00,6348
-260311.00,952781.00,6360
-260279.00,952347.00,6372
-260990.00,951957.00,6383
-261047.00,951903.00,6395
-259687.00,952151.00,6407
-259633.00,952674.00,6419
-261137.00,953100.00,6430
-260765.00,953215.00,6443
-260313.00,952952.00,6454
-260139.00,952614.00,6465
-259360.00,952457.00,6477
-260270.00,952615.00,6489
-261226.00,952442.00,6501
-261001.00,952328.00,6512
-260035.00,952300.00,6524
-259989.00,952307.00,6536
-260870.00,952620.00,6548
-260001.00,953001.00,6559
-259764.00,953175.00,6572
-260030.00,953140.00,6583
-259752.00,953011.00,6595
-260065.00,952670.00,6606
-260280.00,952369.00,6618
-260322.00,952382.00,6630
-260218.00,952420.00,6641
-261407.00,952395.00,6653
-260647.00,952307.00,6665
-259530.00,952404.00,6677
-259383.00,952772.00,6688
-260498.00,953307.00,6701
-260662.00,953470.00,6712
-259822.00,953199.00,6724
-259729.00,952786.00,6735
-259784.00,952450.00,6748
-260068.00,952336.00,6759
-260957.00,952330.00,6771
-260745.00,952389.00,6782
-259566.00,952534.00,6794
-259773.00,952719.00,6806
-260552.00,952918.00,6817
-260313.00,953130.00,6830
-260111.00,953171.00,6841
-260077.00,953083.00,6853
-259768.00,952856.00,6864
-260395.00,952686.00,6877
-260817.00,952383.00,6888
-260435.00,952309.00,6900
-259821.00,952398.00,6912
-260301.00,952603.00,6924
-261145.00,952583.00,6935
-260606.00,952749.00,6946
-259828.00,952926.00,6959
-260013.00,953003.00,6970
-260843.00,953029.00,6982
-260185.00,952795.00,6993
-260179.00,952508.00,7006
-260110.00,952331.00,7017
-259552.00,952303.00,7029
-4081.00,952316.00,7041
-259816.00,952438.00,7053
-259896.00,952619.00,7075
-260304.00,952775.00,7087
-260277.00,952988.00,7098
-259713.00,953185.00,7109
-259264.00,953085.00,7120
-260158.00,952795.00,7133
-260628.00,952521.00,7144
-260890.00,952215.00,7155
-260176.00,951925.00,7166
-259702.00,951988.00,7178
-260532.00,952477.00,7189
-260708.00,953032.00,7200
-260578.00,953300.00,7213
-259623.00,953338.00,7224
-259196.00,953068.00,7235
-260473.00,952649.00,7246
-260783.00,952309.00,7258
-260166.00,952016.00,7269
-260533.00,951967.00,7280
-260292.00,952138.00,7291
-260036.00,952341.00,7304
-260945.00,952703.00,7315
-259994.00,953032.00,7326
-259055.00,953120.00,7337
-260312.00,953045.00,7349
-260919.00,952944.00,7360
-259702.00,952702.00,7371
-259202.00,952344.00,7383
-260345.00,952208.00,7395
-260623.00,952247.00,7406
-260727.00,952463.00,7417
-260586.00,952664.00,7429
-259385.00,952718.00,7440
-259367.00,952998.00,7451
-260416.00,953286.00,7463
-260599.00,953185.00,7475
-259754.00,952811.00,7487
-259537.00,952570.00,7498
-260489.00,952434.00,7511
-260994.00,952312.00,7522
-260339.00,952361.00,7534
-259967.00,952489.00,7545
-259988.00,952671.00,7558
-260150.00,952837.00,7569
-260262.00,952919.00,7580
-260412.00,953010.00,7592
-259167.00,953113.00,7604
-259931.00,953114.00,7616
-261480.00,952914.00,7627
-260759.00,952549.00,7640
-259617.00,952150.00,7651
-259804.00,952084.00,7663
-260628.00,952382.00,7674
-260899.00,952724.00,7687
-260339.00,952975.00,7698
-259847.00,953097.00,7710
-259675.00,953225.00,7721
-260027.00,953042.00,7733
-260639.00,952952.00,7745
-260301.00,952681.00,7756
-259744.00,952482.00,7769
-260248.00,952421.00,7780
-261058.00,952452.00,7792
-260967.00,952611.00,7803
-259346.00,952732.00,7816
-260768.00,952840.00,7827
-260269.00,952760.00,7839
-260081.00,952718.00,7851
-259641.00,952781.00,7863
-259125.00,952852.00,7874
-260420.00,953037.00,7885
-261339.00,952875.00,7898
-260586.00,952361.00,7909
-259708.00,952273.00,7921
-260277.00,952357.00,7932
-260700.00,952575.00,7945
-260693.00,952905.00,7956
-260513.00,952930.00,7968
-259824.00,953024.00,7980
-259918.00,952969.00,7992
-260169.00,952920.00,8003
-260730.00,952789.00,8015
-259993.00,952582.00,8027
-258939.00,952273.00,8039
-260135.00,952223.00,8050
-261133.00,952543.00,8061
-260046.00,952898.00,8074
-259628.00,952939.00,8085
-259878.00,952913.00,8097
-260301.00,952910.00,8109
-260632.00,952803.00,8121
-260316.00,952526.00,8132
-259901.00,952411.00,8144
-260091.00,952507.00,8156
-260630.00,952541.00,8168
-260727.00,952545.00,8179
-260146.00,952515.00,8192
-259671.00,952389.00,8203
-260764.00,952519.00,8214
-259635.00,952820.00,8226
-259924.00,952952.00,8238
-260018.00,952819.00,8250
-260586.00,952773.00,8261
-260530.00,952657.00,8273
-260219.00,952433.00,8285
-260014.00,952415.00,8297
-260071.00,952619.00,8308
-261168.00,952699.00,8321
-261084.00,952723.00,8332
-259362.00,952579.00,8344
-259467.00,952749.00,8355
-260755.00,952993.00,8367
-260303.00,952871.00,8379
-259958.00,952795.00,8390
-260443.00,952650.00,8402
-260217.00,952471.00,8414
-260296.00,952501.00,8426
-260846.00,952556.00,8437
-260065.00,952675.00,8450
-259953.00,952845.00,8461
-260305.00,952726.00,8473
-260487.00,952652.00,8484
-259946.00,952680.00,8497
-259799.00,952758.00,8508
-260413.00,952748.00,8520
-260678.00,952716.00,8531
-260255.00,952587.00,8543
-259924.00,952449.00,8555
-259935.00,952515.00,8566
-260102.00,952469.00,8579
-260344.00,952480.00,8590
-260537.00,952752.00,8602
-259597.00,952960.00,8613
-260352.00,953029.00,8626
-260666.00,953097.00,8637
-260216.00,953045.00,8649
-259775.00,952777.00,8660
-260452.00,952546.00,8673
-260464.00,952383.00,8684
-260445.00,952468.00,8695
-260988.00,952589.00,8708
-260196.00,952845.00,8719
-259639.00,953059.00,8731
-260697.00,953040.00,8742
-261131.00,952904.00,8755
-259727.00,952695.00,8766
-259856.00,952595.00,8778
-260719.00,952533.00,8790
-260260.00,952552.00,8802
-259934.00,952662.00,8813
-260056.00,952618.00,8825
-260129.00,952555.00,8837
-260549.00,952548.00,8848
-260931.00,952561.00,8860
-260349.00,952605.00,8871
-259964.00,952745.00,8884
-259868.00,952962.00,8895
-260480.00,953161.00,8907
-261153.00,952899.00,8919
-259992.00,952619.00,8931
-259563.00,952376.00,8942
-260728.00,952240.00,8954
-260995.00,952310.00,8966
-260225.00,952394.00,8978
-260338.00,952659.00,8989
-260344.00,952950.00,9000
-260243.00,953111.00,9013
-260706.00,953003.00,9024
-259519.00,952740.00,9036
-259827.00,952548.00,9048
-260671.00,952408.00,9060
-259757.00,952344.00,9071
-259911.00,952409.00,9083
-261247.00,952515.00,9095
-260269.00,952547.00,9107
-259750.00,952647.00,9118
-260522.00,952616.00,9131
-259598.00,952822.00,9142
-259831.00,952870.00,9153
-261166.00,952899.00,9165
-260253.00,952802.00,9177
-259860.00,952698.00,9189
-260679.00,952561.00,9200
-260931.00,952366.00,9212
-260518.00,952463.00,9224
-259986.00,952533.00,9236
-260271.00,952711.00,9247
-260277.00,952998.00,9260
-259965.00,953065.00,9271
-260454.00,953052.00,9283
-260128.00,952921.00,9294
-259752.00,952745.00,9307
-260670.00,952485.00,9318
-260735.00,952251.00,9329
-259718.00,952318.00,9341
-260422.00,952681.00,9353
-260465.00,952947.00,9365
-260545.00,952995.00,9376
-260696.00,953004.00,9389
-260246.00,952967.00,9400
-260919.00,952820.00,9412
-260262.00,952542.00,9423
-260313.00,952311.00,9436
-259990.00,952465.00,9447
-259765.00,952654.00,9459
-260609.00,952853.00,9470
-260528.00,953042.00,9482
-259671.00,953007.00,9494
-258885.00,952907.00,9505
-259693.00,952769.00,9518
-260655.00,952704.00,9529
-260046.00,952669.00,9541
-260248.00,952502.00,9552
-260298.00,952401.00,9565
-259616.00,952632.00,9576
-260441.00,952607.00,9588
-261575.00,952776.00,9600
-259777.00,952923.00,9612
-259425.00,952981.00,9623
-261132.00,953090.00,9634
-260224.00,953073.00,9647
-259581.00,952798.00,9658
-260213.00,952523.00,9670
-260416.00,952342.00,9681
-260420.00,952357.00,9694
-260935.00,952380.00,9705
-260498.00,952398.00,9717
-258946.00,952734.00,9729
-260239.00,952964.00,9741
-260971.00,952948.00,9752
-259721.00,952945.00,9764
-259337.00,952704.00,9776
-260183.00,952441.00,9787
-260100.00,952322.00,9799
-260319.00,952303.00,9810
-259491.00,952462.00,9823
-260002.00,952673.00,9834
-260447.00,953022.00,9846
-260797.00,953027.00,9858
-260650.00,952753.00,9870
-259576.00,952644.00,9881
-260180.00,952437.00,9893
-260973.00,952305.00,9905
-260602.00,952384.00,9917
-259933.00,952511.00,9928
-259843.00,952600.00,9940
-260575.00,952423.00,9952
-260227.00,952501.00,9963
-260616.00,952641.00,9975
-260234.00,952698.00,9987
-259576.00,952841.00,9999
-260399.00,952942.00,10010
-260538.00,952731.00,10022
-260014.00,952637.00,10034
-259461.00,952523.00,10046
-260678.00,952559.00,10057
-261209.00,952611.00,10070
-260185.00,952624.00,10081
-260129.00,952652.00,10093
-259210.00,952883.00,10104
-259535.00,953061.00,10116
-260707.00,952930.00,10128
-260753.00,952756.00,10139
-260017.00,952607.00,10151
-259244.00,952562.00,10163
-260657.00,952536.00,10175
-260116.00,952501.00,10186
-259696.00,952712.00,10199
-259604.00,952767.00,10210
-260429.00,952750.00,10222
-260660.00,952818.00,10233
-260364.00,952807.00,10246
-259344.00,952855.00,10257
-259722.00,952697.00,10268
-260975.00,952567.00,10280
-260655.00,952624.00,10292
-260208.00,952615.00,10304
-259667.00,952639.00,10315
-260153.00,952843.00,10328
-260634.00,952956.00,10339
-259828.00,953034.00,10351
-259681.00,952913.00,10362
-260050.00,952853.00,10375
-260160.00,952835.00,10386
-260925.00,952694.00,10398
-260739.00,952444.00,10409
-260076.00,952392.00,10422
-260009.00,952442.00,10433
-260766.00,952651.00,10444
-261159.00,952734.00,10457
-259944.00,952704.00,10468
-259685.00,952934.00,10480
-260191.00,952946.00,10491
-260625.00,952793.00,10504
-260386.00,952662.00,10515
-260160.00,952612.00,10527
-259819.00,952723.00,10539
-260352.00,952752.00,10551
-261605.00,952650.00,10562
-260484.00,952611.00,10574
-259840.00,952601.00,10586
-260705.00,952552.00,10597
-260671.00,952553.00,10609
-259870.00,952756.00,10620
-259444.00,952904.00,10633
-260470.00,952925.00,10644
-260535.00,952833.00,10656
-260081.00,952709.00,10668
-260113.00,952508.00,10680
-259541.00,952432.00,10691
-259967.00,952464.00,10703
-261120.00,952523.00,10715
-260454.00,952517.00,10727
-259483.00,952586.00,10738
-260151.00,952835.00,10749
-260647.00,953180.00,10762
-260073.00,953041.00,10773
-260010.00,952834.00,10785
-259302.00,952712.00,10797
-260004.00,952522.00,10809
-261186.00,952379.00,10820
-260797.00,952284.00,10832
-259446.00,952362.00,10844
-259398.00,952543.00,10856
-260981.00,952784.00,10867
-260937.00,952784.00,10880
-259805.00,952853.00,10891
-259366.00,953014.00,10903
-259904.00,953054.00,10914
-260762.00,952790.00,10926
-261330.00,952515.00,10938
-260058.00,952407.00,10949
-259138.00,952362.00,10961
-261319.00,952506.00,10973
-260697.00,952749.00,10985
-259921.00,952946.00,10996
-259704.00,953006.00,11009
-260434.00,952954.00,11020
-261179.00,952867.00,11032
-260320.00,952744.00,11043
-259009.00,952528.00,11056
-259839.00,952613.00,11067
-260309.00,952790.00,11078
-260394.00,952760.00,11090
-261188.00,952563.00,11102
-259479.00,952538.00,11114
-259235.00,952594.00,11125
-261486.00,952826.00,11138
-260671.00,952819.00,11149
-259143.00,952840.00,11161
-259389.00,952929.00,11172
-260212.00,953001.00,11185
-260854.00,952914.00,11196
-260237.00,952703.00,11208
-259587.00,952558.00,11219
-259630.00,952433.00,11231
-260464.00,952463.00,11243
-261049.00,952539.00,11254
-260068.00,952554.00,11267
-258994.00,952726.00,11278
-260331.00,953081.00,11290
-260800.00,953261.00,11301
-260092.00,953167.00,11314
-260396.00,952851.00,11325
-259888.00,952572.00,11337
-259585.00,952408.00,11348
-261166.00,952376.00,11361
-260004.00,952368.00,11372
-259173.00,952542.00,11383
-260304.00,952800.00,11396
-261086.00,953034.00,11407
-260126.00,953016.00,11419
-259168.00,952926.00,11430
-259976.00,952925.00,11443
-260306.00,952809.00,11454
-260450.00,952702.00,11466
-260704.00,952358.00,11478
-260203.00,952162.00,11490
-260440.00,952185.00,11501
-260774.00,952294.00,11513
-260668.00,952717.00,11525
-259676.00,953058.00,11536
-259364.00,953168.00,11548
-260751.00,953169.00,11559
-260758.00,952781.00,11572
-260234.00,952485.00,11583
-259910.00,952397.00,11595
-260248.00,952314.00,11607
-260570.00,952361.00,11619
-260920.00,952542.00,11630
-260591.00,952719.00,11642
-259889.00,952826.00,11654
-260215.00,952948.00,11666
-259993.00,953001.00,11677
-260480.00,953025.00,11689
-260521.00,952801.00,11701
-258997.00,952633.00,11712
-260324.00,952539.00,11724
-260772.00,952420.00,11736
-259925.00,952264.00,11748
-260575.00,952202.00,11759
-260107.00,952305.00,11771
-260532.00,952601.00,11783
-260534.00,952948.00,11795
-259259.00,953278.00,11806
-259908.00,953405.00,11819
-261187.00,953196.00,11830
-259725.00,952753.00,11842
-259637.00,952478.00,11853
-260898.00,952286.00,11865
-260779.00,952101.00,11877
-259771.00,952092.00,11888
-260733.00,952431.00,11900
-260211.00,952904.00,11912
-259047.00,953324.00,11924
-260880.00,953483.00,11935
-260558.00,953196.00,11948
-258804.00,952752.00,11959
-259732.00,952411.00,11971
-260710.00,952351.00,11982
-260843.00,952234.00,11995
-260743.00,952213.00,12006
-260124.00,952413.00,12017
-259778.00,952798.00,12029
-260190.00,953052.00,12041
-260586.00,953001.00,12053
-260190.00,953048.00,12064
-259694.00,953105.00,12077
-259535.00,952979.00,12088
-260737.00,952738.00,12100
-260584.00,952334.00,12111
-259822.00,952191.00,12124
-260560.00,952143.00,12135
-260903.00,952346.00,12147
-260462.00,952602.00,12158
-259447.00,952792.00,12170
-259477.00,953180.00,12182
-260607.00,953301.00,12193
-260286.00,953179.00,12206
-259298.00,952801.00,12217
-259544.00,952326.00,12229
-260403.00,952033.00,12240
-261156.00,951913.00,12253
-261174.00,951984.00,12264
-259928.00,952300.00,12276
-259369.00,952615.00,12288
-260096.00,953116.00,12300
-260654.00,953511.00,12311
-260679.00,953228.00,12323
-260122.00,952840.00,12335
-260051.00,952597.00,12346
-260251.00,952299.00,12358
-261619.00,952166.00,12369
-261038.00,952143.00,12382
-259046.00,952077.00,12393
-260356.00,952448.00,12405
-261396.00,952650.00,12417
-260319.00,952956.00,12429
-259737.00,953197.00,12440
-259819.00,953221.00,12452
-259980.00,953014.00,12464
-260092.00,952595.00,12476
-260573.00,952452.00,12487
-260369.00,952164.00,12498
-259726.00,952077.00,12511
-260945.00,952240.00,12522
-261518.00,952666.00,12534
-259482.00,952960.00,12546
-260428.00,953320.00,12558
-259918.00,953415.00,12569
-260403.00,953303.00,12581
-260702.00,952873.00,12593
-259406.00,952436.00,12605
-259710.00,952162.00,12616
-261469.00,952050.00,12628
-261013.00,952174.00,12640
-259686.00,952398.00,12651
-259602.00,952680.00,12663
-260086.00,953028.00,12675
-260857.00,953273.00,12687
-260235.00,953344.00,12698
-259765.00,953094.00,12710
-260207.00,952834.00,12722
-260803.00,952588.00,12734
-260802.00,952438.00,12745
-260048.00,952305.00,12758
-260621.00,952484.00,12769
-260774.00,952693.00,12781
-260532.00,952840.00,12792
-260842.00,952897.00,12804
-260135.00,952973.00,12816
-259381.00,953055.00,12827
-260087.00,953134.00,12839
-261076.00,952953.00,12851
-259869.00,952809.00,12863
-259831.00,952674.00,12874
-260365.00,952513.00,12887
-259928.00,952516.00,12898
-260748.00,952471.00,12910
-260705.00,952729.00,12921
-259749.00,953023.00,12934
-260421.00,953010.00,12945
-260214.00,952965.00,12957
-259256.00,952912.00,12968
-259616.00,952744.00,12980
-260331.00,952675.00,12992
-260583.00,952487.00,13003
-260427.00,952380.00,13016
-259893.00,952307.00,13027
-259583.00,952380.00,13039
-260469.00,952678.00,13050
-261231.00,952893.00,13063
-259850.00,952895.00,13074
-259215.00,952764.00,13086
-260431.00,952679.00,13097
-261067.00,952696.00,13110
-260715.00,952484.00,13121
-260161.00,952411.00,13132
-259956.00,952639.00,13145
-260158.00,952693.00,13156
-260773.00,952574.00,13168
-260825.00,952555.00,13179
-259428.00,952567.00,13192
-259816.00,952736.00,13203
-261276.00,952737.00,13215
-260937.00,952700.00,13227
-259648.00,952745.00,13239
-259382.00,952615.00,13250
-260622.00,952526.00,13262
-260916.00,952449.00,13274
-260570.00,952429.00,13285
-259646.00,952499.00,13297
-259587.00,952804.00,13308
-260543.00,952871.00,13321
-260657.00,952863.00,13332
-259071.00,952857.00,13344
-259438.00,952829.00,13356
-261691.00,952684.00,13368
-261120.00,952592.00,13379
-259416.00,952691.00,13391
-259826.00,952633.00,13403
-260684.00,952673.00,13415
-260759.00,952852.00,13426
-260320.00,952788.00,13438
-259952.00,952639.00,13450
-259828.00,952636.00,13461
-260806.00,952751.00,13473
-261273.00,952640.00,13485
-259946.00,952633.00,13497
-259310.00,952712.00,13508
-260022.00,952800.00,13520
-260650.00,952779.00,13532
-260484.00,952629.00,13544
-259428.00,952634.00,13555
-259405.00,952637.00,13568
-260429.00,952616.00,13579
-260965.00,952657.00,13591
-259992.00,952788.00,13602
-259708.00,952802.00,13614
-259817.00,952810.00,13626
-260292.00,952896.00,13637
-261157.00,952764.00,13649
-260035.00,952663.00,13661
-258661.00,952511.00,13673
-260374.00,952684.00,13684
-261488.00,952751.00,13697
-260133.00,952807.00,13708
-260292.00,953001.00,13720
-260429.00,953046.00,13731
-260583.00,952926.00,13744
-260851.00,952634.00,13755
-259558.00,952344.00,13766
-259578.00,952548.00,13778
-261356.00,952537.00,13790
-260770.00,952633.00,13802
-259302.00,952874.00,13813
-259633.00,952945.00,13826
-260136.00,952881.00,13837
-259957.00,952805.00,13849
-260490.00,952521.00,13860
-260620.00,952314.00,13873
-259609.00,952285.00,13884
-260076.00,952554.00,13896
-261147.00,952784.00,13907
-260273.00,952718.00,13919
-258828.00,952856.00,13931
-260219.00,952976.00,13942
-261235.00,952954.00,13955
-260306.00,952839.00,13966
-260187.00,952777.00,13978
-259994.00,952783.00,13989
-260063.00,952721.00,14002
-261039.00,952417.00,14013
-261067.00,952434.00,14025
-259416.00,952448.00,14036
-259447.00,952650.00,14049
-260727.00,952830.00,14060
-260808.00,952969.00,14071
-259844.00,953053.00,14084
-259112.00,953048.00,14095
-259433.00,952970.00,14107
-260987.00,952826.00,14118
-260530.00,952511.00,14131
-259802.00,952195.00,14142
-259984.00,952213.00,14154
-260875.00,952415.00,14166
-260745.00,952719.00,14178
-259503.00,952893.00,14189
-259188.00,953009.00,14201
-260010.00,953043.00,14213
-260631.00,952906.00,14225
-260143.00,952619.00,14236
-259930.00,952248.00,14247
-259990.00,952097.00,14260
-260445.00,952320.00,14271
-261133.00,952526.00,14283
-260427.00,952667.00,14295
-259361.00,952868.00,14307
-259746.00,952793.00,14318
-260781.00,952810.00,14330
-260911.00,952741.00,14342
-259512.00,952639.00,14354
-259616.00,952621.00,14365
-260680.00,952525.00,14377
-260735.00,952542.00,14389
-260759.00,952567.00,14400
-260532.00,952535.00,14412
-259539.00,952642.00,14424
-260316.00,952831.00,14436
-261249.00,953027.00,14447
-259631.00,953115.00,14459
-259078.00,952865.00,14471
-260680.00,952797.00,14483
-261122.00,952531.00,14494
-259720.00,952406.00,14507
-260049.00,952416.00,14518
-260178.00,952499.00,14530
-260686.00,952740.00,14541
-261056.00,952827.00,14553
-259899.00,952775.00,14565
-259405.00,952817.00,14576
-260164.00,952943.00,14588
-260757.00,952883.00,14600
-260038.00,952743.00,14612
-259515.00,952555.00,14623
-260461.00,952664.00,14636
-260709.00,952809.00,14647
-260441.00,952923.00,14659
-260068.00,952903.00,14670
-259920.00,952665.00,14683
-260157.00,952570.00,14694
-260558.00,952528.00,14706
-260653.00,952654.00,14717
-259555.00,952879.00,14729
-259291.00,953091.00,14741
-260276.00,953000.00,14752
-260793.00,952886.00,14765
-260201.00,952567.00,14776
-259750.00,952356.00,14788
-260521.00,952326.00,14799
-260684.00,952251.00,14812
-260487.00,952485.00,14823
-260699.00,952764.00,14835
-260085.00,953139.00,14846
-259896.00,953421.00,14859
-260627.00,953251.00,14870
-260502.00,952919.00,14881
-4065.00,952595.00,14894
-260253.00,952388.00,14905
-260462.00,952254.00,14928
-260100.00,952310.00,14940
-259593.00,952362.00,14951
-260721.00,952667.00,14962
-260672.00,952913.00,14973
-259819.00,952936.00,14985
-259443.00,952867.00,14997
-260048.00,952845.00,15008
-260896.00,952765.00,15020
-260716.00,952560.00,15031
-260194.00,952242.00,15042
-259656.00,952085.00,15053
-260359.00,952181.00,15065
-260633.00,952464.00,15076
-260300.00,952662.00,15088
-259902.00,953013.00,15099
-259666.00,953088.00,15111
-260593.00,953023.00,15122
-260992.00,953203.00,15133
-260490.00,952957.00,15144
-259267.00,952456.00,15156
-260160.00,952259.00,15167
-261353.00,952219.00,15179
-260390.00,952308.00,15191
-260132.00,952672.00,15202
-259846.00,952952.00,15213
-259313.00,953208.00,15224
-260597.00,953319.00,15236
-260632.00,953082.00,15247
-259305.00,952688.00,15258
-259972.00,952430.00,15270
-261074.00,952292.00,15282
-260933.00,952363.00,15293
-260203.00,952552.00,15304
-259808.00,952668.00,15316
-260041.00,952823.00,15328
-260821.00,953023.00,15340
-260605.00,953052.00,15351
-260026.00,952888.00,15363
-259458.00,952893.00,15375
-260090.00,952947.00,15386
-261005.00,952886.00,15398
-260458.00,952825.00,15410
-259763.00,952697.00,15422
-259703.00,952458.00,15433
-260501.00,952426.00,15446
-260910.00,952392.00,15457
-260448.00,952546.00,15469
-259780.00,952890.00,15480
-260053.00,953342.00,15493
-260360.00,953480.00,15504
-260370.00,953164.00,15515
-260184.00,952844.00,15527
-259734.00,952335.00,15539
-260103.00,952050.00,15551
-260797.00,952207.00,15562
-260521.00,952530.00,15575
-260130.00,952740.00,15586
-260156.00,952921.00,15598
-260526.00,953042.00,15609
-260346.00,953117.00,15622
-260319.00,953022.00,15633
-260339.00,952715.00,15645
-259577.00,952585.00,15656
-260588.00,952330.00,15668
-260368.00,952323.00,15680
-259552.00,952241.00,15691
-260739.00,952423.00,15704
-261317.00,952650.00,15715
-260313.00,952769.00,15727
-259884.00,952809.00,15738
-260502.00,953061.00,15751
-260572.00,953224.00,15762
-260287.00,953187.00,15774
-260652.00,952896.00,15785
-260558.00,952432.00,15798
-259442.00,952337.00,15809
-260499.00,952215.00,15820
-261427.00,952250.00,15833
-260105.00,952488.00,15844
-259111.00,952742.00,15856
-259637.00,953066.00,15867
-260413.00,953283.00,15880
-260038.00,953162.00,15891
-260085.00,952864.00,15903
-260389.00,952666.00,15915
-259890.00,952516.00,15927
-260591.00,952400.00,15938
-261710.00,952363.00,15950
-259829.00,952499.00,15962
-258883.00,952788.00,15974
-260535.00,952917.00,15985
-260306.00,953121.00,15996
-259605.00,953134.00,16009
-259931.00,952988.00,16020
-260024.00,952814.00,16032
-260539.00,952594.00,16044
-261166.00,952437.00,16056
-260426.00,952322.00,16067
-259578.00,952246.00,16079
-260387.00,952346.00,16091
-261305.00,952746.00,16103
-260108.00,953133.00,16114
-259952.00,953323.00,16126
-260324.00,953300.00,16138
-260109.00,953153.00,16149
-260474.00,953098.00,16161
-260151.00,952636.00,16173
-259594.00,952291.00,16185
-260614.00,952145.00,16196
-260998.00,952128.00,16208
-259910.00,952372.00,16220
-259849.00,952671.00,16232
-259431.00,952983.00,16243
-260343.00,953257.00,16256
-260888.00,953224.00,16267
-259336.00,953059.00,16279
-259566.00,952734.00,16290
-260270.00,952478.00,16302
-259869.00,952410.00,16314
-260809.00,952306.00,16325
-260596.00,952350.00,16337
-259193.00,952662.00,16349
-259859.00,952971.00,16361
-260628.00,953083.00,16372
-260115.00,953228.00,16385
-259322.00,953035.00,16396
-259965.00,952857.00,16408
-260815.00,952786.00,16419
-260414.00,952506.00,16432
-260289.00,952288.00,16443
-259941.00,952224.00,16455
-260355.00,952424.00,16466
-260932.00,952641.00,16478
-259768.00,952669.00,16490
-259146.00,952901.00,16501
-260317.00,953037.00,16514
-260265.00,953113.00,16525
-259781.00,952892.00,16537
-259688.00,952556.00,16548
-259879.00,952297.00,16561
-260774.00,952216.00,16572
-260905.00,952292.00,16584
-260000.00,952543.00,16595
-259316.00,952869.00,16608
-260176.00,953068.00,16619
-260927.00,953140.00,16630
-260566.00,953064.00,16643
-259737.00,952792.00,16654
-260076.00,952550.00,16666
-261120.00,952410.00,16677
-261017.00,952356.00,16690
-259967.00,952316.00,16701
-259941.00,952564.00,16713
-260563.00,952762.00,16724
-260909.00,952826.00,16737
-261573.00,952844.00,16748
-259444.00,952832.00,16760
-258511.00,953001.00,16772
-260132.00,952917.00,16783
-260924.00,952853.00,16795
-260618.00,952591.00,16806
-259548.00,952409.00,16819
-260174.00,952410.00,16830
-260809.00,952566.00,16842
-260743.00,952698.00,16854
-259270.00,952785.00,16866
-259358.00,952880.00,16877
-261081.00,952932.00,16889
-261093.00,952833.00,16901
-259621.00,952719.00,16913
-259248.00,952774.00,16924
-260208.00,952665.00,16936
-261139.00,952703.00,16948
-260626.00,952695.00,16959
-259558.00,952633.00,16971
-259459.00,952758.00,16983
-260434.00,952817.00,16995
-261144.00,952900.00,17006
-260463.00,952831.00,17018
-259082.00,952697.00,17030
-259530.00,952539.00,17042
-261420.00,952506.00,17053
-261086.00,952672.00,17065
-259410.00,952758.00,17077
-259514.00,952792.00,17089
-260592.00,952898.00,17100
-261136.00,952815.00,17112
-260538.00,952662.00,17124
-259734.00,952618.00,17135
-259467.00,952707.00,17147
-260151.00,952872.00,17159
-261075.00,952842.00,17171
-260647.00,952623.00,17182
-258830.00,952589.00,17195
-259335.00,952690.00,17206
-261206.00,952724.00,17218
-261507.00,952569.00,17229
-259960.00,952521.00,17242
-260202.00,952778.00,17253
-261033.00,952928.00,17264
-261333.00,952791.00,17276
-259857.00,952813.00,17288
-258929.00,952762.00,17300
-260366.00,952716.00,17311
-261473.00,952629.00,17324
-260165.00,952493.00,17335
-259064.00,952323.00,17347
-260211.00,952504.00,17358
-260990.00,952744.00,17371
-260688.00,952896.00,17382
-260409.00,952850.00,17394
-259249.00,952768.00,17405
-259420.00,953068.00,17417
-261227.00,952968.00,17429
-261075.00,952624.00,17440
-259359.00,952414.00,17453
-259372.00,952226.00,17464
-260570.00,952410.00,17476
-261061.00,952652.00,17487
-260553.00,952701.00,17500
-259899.00,952927.00,17511
-259402.00,952935.00,17523
-260056.00,952852.00,17534
-261388.00,952926.00,17547
-260195.00,952688.00,17558
-259264.00,952565.00,17570
-260168.00,952449.00,17582
-260723.00,952524.00,17593
-260590.00,952581.00,17605
-260034.00,952468.00,17616
-259859.00,952711.00,17629
-260469.00,953049.00,17640
-260979.00,953001.00,17652
-259646.00,952984.00,17664
-258876.00,952769.00,17676
-260649.00,952604.00,17687
-261463.00,952746.00,17699
-260424.00,952600.00,17711
-259796.00,952572.00,17723
-260069.00,952583.00,17734
-260501.00,952548.00,17745
-260917.00,952586.00,17758
-259821.00,952727.00,17769
-259427.00,952938.00,17781
-260191.00,953118.00,17793
-260556.00,953085.00,17805
-261200.00,952914.00,17816
-259913.00,952555.00,17828
-258979.00,952274.00,17840
-260316.00,952353.00,17852
-261266.00,952441.00,17863
-260934.00,952611.00,17875
-259911.00,952758.00,17887
-259344.00,953132.00,17898
-259690.00,953385.00,17910
-260665.00,953309.00,17922
-260599.00,953005.00,17934
-259451.00,952645.00,17945
-259545.00,952310.00,17957
-260269.00,952355.00,17969
-260800.00,952447.00,17981
-260253.00,952383.00,17992
-260041.00,952485.00,18004
-260668.00,952809.00,18016
-260371.00,952959.00,18028
-260126.00,953089.00,18039
-259016.00,952967.00,18051
-260032.00,952901.00,18063
-260907.00,952740.00,18074
-260168.00,952445.00,18086
-259861.00,952298.00,18098
-259893.00,952166.00,18110
-260903.00,952313.00,18121
-260695.00,952622.00,18134
-259598.00,952859.00,18145
-259598.00,953226.00,18157
-259940.00,953320.00,18168
-260454.00,953358.00,18181
-260816.00,953108.00,18192
-260178.00,952743.00,18203
-259412.00,952401.00,18215
-260491.00,952193.00,18227
-261447.00,952167.00,18239
-260456.00,952431.00,18250
-259908.00,952582.00,18263
-259914.00,953033.00,18274
-259670.00,953415.00,18286
-259970.00,953408.00,18297
-260316.00,953135.00,18310
-260023.00,952745.00,18321
-259204.00,952609.00,18333
-260272.00,952332.00,18344
-261655.00,951956.00,18357
-260127.00,952063.00,18368
-259934.00,952503.00,18379
-261009.00,952915.00,18392
-260759.00,953291.00,18403
-260085.00,953378.00,18415
-259212.00,953250.00,18426
-259679.00,953061.00,18439
-261330.00,952852.00,18450
-260708.00,952468.00,18462
-259546.00,952099.00,18473
-259901.00,952036.00,18486
-260510.00,952120.00,18497
-261454.00,952601.00,18509
-260686.00,952857.00,18521
-259659.00,953002.00,18532
-259440.00,953287.00,18544
-259723.00,953491.00,18555
-260958.00,953352.00,18568
-260472.00,952816.00,18579
-259483.00,952337.00,18591
-260389.00,952217.00,18603
-261227.00,952478.00,18615
-261010.00,952511.00,18626
-259973.00,952638.00,18638
-259507.00,953014.00,18650
-259997.00,953299.00,18662
-260420.00,953392.00,18673
-260291.00,953268.00,18684
-259813.00,953136.00,18697
-259443.00,952833.00,18708
-260405.00,952490.00,18720
-261597.00,952207.00,18732
-260413.00,951986.00,18744
-259471.00,951937.00,18755
-260650.00,952534.00,18767
-260279.00,953021.00,18779
-260086.00,953278.00,18791
-260805.00,953236.00,18802
-259695.00,953083.00,18814
-260636.00,952892.00,18826
-260632.00,952550.00,18838
-260091.00,952312.00,18849
-259909.00,952126.00,18861
-260653.00,952024.00,18873
-261465.00,952250.00,18884
-260477.00,952548.00,18896
-259428.00,952853.00,18908
-260172.00,953162.00,18920
-260095.00,953274.00,18931
-260111.00,953246.00,18944
-260702.00,952934.00,18955
-259668.00,952630.00,18967
-259575.00,952487.00,18978
-260568.00,952257.00,18991
-260742.00,952213.00,19002
-260641.00,952261.00,19013
-259974.00,952334.00,19025
-260183.00,952784.00,19037
-260038.00,953230.00,19049
-259898.00,953314.00,19060
-260628.00,953231.00,19073
-259624.00,952833.00,19084
-259449.00,952550.00,19096
-260948.00,952316.00,19107
-260818.00,952223.00,19120
-259638.00,952304.00,19131
-260781.00,952489.00,19143
-261313.00,952654.00,19154
-260296.00,952829.00,19166
-260343.00,953025.00,19178
-260046.00,953323.00,19189
-259935.00,953373.00,19202
-259992.00,953088.00,19213
-260251.00,952653.00,19225
-259847.00,952382.00,19236
-259642.00,952182.00,19249
-261558.00,952211.00,19260
-260535.00,952224.00,19272
-259166.00,952501.00,19283
-259783.00,952913.00,19296
-260370.00,953301.00,19307
-260278.00,953521.00,19318
-260271.00,953415.00,19331
-260455.00,953243.00,19342
-259474.00,952870.00,19354
-260302.00,952307.00,19365
-261398.00,951758.00,19378
-260487.00,951674.00,19389
-259584.00,952060.00,19401
-260168.00,952838.00,19412
-261047.00,953470.00,19425
-259964.00,953736.00,19436
-259549.00,953551.00,19448
-259578.00,953239.00,19460
-259529.00,952795.00,19472
-260859.00,952425.00,19483
-261145.00,952046.00,19494
-259944.00,951944.00,19507
-259883.00,952317.00,19518
-261028.00,952694.00,19530
-260804.00,953060.00,19542
-260199.00,953429.00,19554
-259692.00,953382.00,19565
-259416.00,953224.00,19577
-260464.00,952988.00,19589
-260948.00,952508.00,19601
-259839.00,952181.00,19612
-260275.00,952105.00,19624
-261481.00,952187.00,19636
-261324.00,952407.00,19647
-260306.00,952679.00,19659
-259521.00,953026.00,19671
-259669.00,953363.00,19683
-260993.00,953435.00,19694
-260249.00,953175.00,19706
-259189.00,952756.00,19718
-259706.00,952369.00,19730
-260649.00,952156.00,19741
-260895.00,951988.00,19753
-260667.00,952057.00,19765
-259548.00,952270.00,19777
-258994.00,952777.00,19788
-260861.00,953252.00,19800
-260944.00,953472.00,19812
-259328.00,953361.00,19823
-259396.00,953127.00,19835
-260045.00,952826.00,19847
-260632.00,952473.00,19859
-260823.00,952078.00,19870
-260270.00,952046.00,19883
-259554.00,952326.00,19894
-259798.00,952688.00,19906
-261646.00,952911.00,19917
-261119.00,952933.00,19930
-258513.00,953013.00,19941
-259183.00,953128.00,19952
-261353.00,953239.00,19964
-260363.00,952979.00,19976
-260104.00,952570.00,19988
-259694.00,952223.00,19999
-260457.00,952193.00,20012
-261754.00,952279.00,20023
-260321.00,952473.00,20035
-259084.00,952845.00,20046
-259933.00,953055.00,20059
-261169.00,953333.00,20070
-260508.00,953367.00,20082
-259031.00,953014.00,20093
-259954.00,952624.00,20106
-260622.00,952269.00,20117
-260188.00,952129.00,20128
-261499.00,952126.00,20141
-260552.00,952432.00,20152
-259298.00,952743.00,20164
-261131.00,953014.00,20175
-260873.00,953139.00,20188
-259438.00,952969.00,20199
-259708.00,952773.00,20211
-260432.00,952864.00,20222
-260541.00,952896.00,20235
-260121.00,952786.00,20246
-260041.00,952613.00,20258
-260471.00,952465.00,20270
-260171.00,952410.00,20281
-260488.00,952431.00,20293
-260325.00,952352.00,20304
-259134.00,952675.00,20317
-260100.00,952981.00,20328
-260665.00,953110.00,20340
-259974.00,953119.00,20352
-260459.00,952877.00,20364
-260427.00,952753.00,20375
-260864.00,952624.00,20387
-260771.00,952401.00,20399
-260081.00,952318.00,20411
-260410.00,952468.00,20422
-260393.00,952671.00,20433
-260671.00,952832.00,20446
-260345.00,952938.00,20457
-259378.00,953027.00,20469
-260291.00,952960.00,20481
-260695.00,952830.00,20493
-260606.00,952684.00,20504
-259936.00,952592.00,20516
-259562.00,952443.00,20528
-259880.00,952373.00,20540
-260638.00,952374.00,20551
-260828.00,952388.00,20563
-260154.00,952403.00,20575
-259635.00,952814.00,20586
-260155.00,953095.00,20598
-261241.00,953200.00,20610
-260222.00,953077.00,20622
-259032.00,952875.00,20633
-260002.00,952645.00,20645
-260370.00,952481.00,20657
-260163.00,952293.00,20669
-260680.00,952397.00,20680
-260029.00,952620.00,20692
-259181.00,952935.00,20704
-261021.00,953276.00,20716
-261578.00,953320.00,20727
-259231.00,953192.00,20740
-258758.00,952991.00,20751
-260320.00,952670.00,20762
-261387.00,952481.00,20774
-260505.00,952267.00,20786
-260384.00,952329.00,20798
-259772.00,952799.00,20809
-260973.00,952979.00,20822
-260542.00,953099.00,20833
-258686.00,953262.00,20845
-259479.00,953024.00,20856
-261212.00,952990.00,20869
-260663.00,952846.00,20880
-259811.00,952459.00,20892
-260206.00,952375.00,20903
-259743.00,952373.00,20915
-260252.00,952509.00,20927
-261135.00,952506.00,20938
-259895.00,952640.00,20951
-259026.00,952768.00,20962
-260238.00,953051.00,20974
-261158.00,953384.00,20985
-259980.00,953409.00,20998
-259700.00,953032.00,21009
-260017.00,952811.00,21021
-259683.00,952459.00,21032
-261089.00,952223.00,21045
-261402.00,952148.00,21056
-259718.00,952248.00,21067
-259034.00,952589.00,21080
-260507.00,952965.00,21091
-260993.00,953171.00,21103
-259901.00,953114.00,21114
-259423.00,953045.00,21127
-259389.00,952963.00,21138
-260830.00,952825.00,21150
-261493.00,952527.00,21161
-259944.00,952295.00,21174
-260350.00,952179.00,21185
-261384.00,952451.00,21197
-261400.00,952581.00,21209
-259463.00,952718.00,21220
-258913.00,953087.00,21232
-260268.00,953248.00,21243
-260795.00,953197.00,21256
-260457.00,953078.00,21267
-259597.00,952641.00,21279
-259402.00,952185.00,21291
-260955.00,951996.00,21303
-260888.00,951986.00,21314
-260227.00,952303.00,21326
-259941.00,952705.00,21338
-259794.00,953194.00,21350
-261007.00,953542.00,21361
-261281.00,953396.00,21373
-259119.00,953027.00,21385
-258708.00,952636.00,21396
-260503.00,952399.00,21408
-260852.00,952298.00,21420
-260602.00,952246.00,21432
-260194.00,952280.00,21443
-259731.00,952652.00,21455
-260529.00,953028.00,21467
-261296.00,953220.00,21479
-260760.00,953192.00,21490
-258386.00,953194.00,21502
-258864.00,953165.00,21514
-261836.00,952923.00,21526
-261086.00,952481.00,21537
-259688.00,952245.00,21549
-260406.00,952327.00,21561
-260567.00,952518.00,21572
-261289.00,952766.00,21584
-260047.00,952985.00,21596
-259127.00,953027.00,21608
-260263.00,953116.00,21619
-260879.00,953103.00,21632
-259896.00,953071.00,21643
-259178.00,952808.00,21655
-259899.00,952514.00,21666
-260990.00,952439.00,21679
-260431.00,952358.00,21690
-260146.00,952354.00,21701
-260108.00,952479.00,21713
-259638.00,952657.00,21725
-260798.00,952973.00,21737
-260889.00,953129.00,21748
-259493.00,953233.00,21761
-259636.00,953104.00,21772
-260004.00,952933.00,21784
-260786.00,952723.00,21795
-261016.00,952375.00,21808
-259648.00,952210.00,21819
-259576.00,952332.00,21831
-260710.00,952772.00,21842
-260965.00,952926.00,21854
-260342.00,952964.00,21866
-259135.00,953146.00,21877
-259355.00,953186.00,21890
-261016.00,953053.00,21901
-261029.00,952794.00,21913
-259595.00,952673.00,21924
-259092.00,952450.00,21937
-260069.00,952479.00,21948
-261204.00,952498.00,21960
-260547.00,952492.00,21971
-259552.00,952681.00,21984
-259739.00,953074.00,21995
-261349.00,953465.00,22007
-261234.00,953460.00,22019
-258725.00,953029.00,22030
-258950.00,952858.00,22042
-261523.00,952615.00,22053
-261075.00,952318.00,22066
-260267.00,952172.00,22077
-260523.00,952154.00,22089
-259809.00,952448.00,22100
-260096.00,952998.00,22113
-261132.00,953324.00,22124
-260107.00,953370.00,22136
-259125.00,953248.00,22148
-259725.00,953102.00,22160
-260974.00,953074.00,22171
-260274.00,952690.00,22182
-259858.00,952274.00,22195
-260674.00,952207.00,22206
-260724.00,952248.00,22218
-260852.00,952415.00,22230
-261160.00,952767.00,22242
-260138.00,953024.00,22253
-259136.00,953203.00,22265
-260358.00,953133.00,22277
-260583.00,953028.00,22289
-259808.00,952961.00,22300
-260191.00,952704.00,22312
-259687.00,952436.00,22324
-260071.00,952201.00,22335
-260900.00,952258.00,22347
-260344.00,952399.00,22359
-260072.00,952606.00,22371
-259784.00,952951.00,22382
-260373.00,953178.00,22394
-260054.00,953376.00,22406
-259862.00,953352.00,22418
-260326.00,953027.00,22429
-260202.00,952653.00,22441
-260260.00,952356.00,22453
-261018.00,952238.00,22465
-260654.00,952265.00,22476
-260108.00,952379.00,22488
-260400.00,952727.00,22500
-260156.00,953068.00,22511
-259881.00,953254.00,22523
-259904.00,953387.00,22535
-260021.00,953377.00,22547
-260052.00,953070.00,22558
-260005.00,952793.00,22571
-260592.00,952506.00,22582
-261052.00,952289.00,22594
-260288.00,952201.00,22605
-260494.00,952288.00,22618
-260620.00,952540.00,22629
-260486.00,952868.00,22641
-260353.00,952965.00,22652
-259737.00,952918.00,22664
-259900.00,953007.00,22676
-259833.00,953092.00,22687
-259672.00,953037.00,22700
-260601.00,952845.00,22711
-260411.00,952621.00,22723
-260188.00,952296.00,22734
-260603.00,952244.00,22747
-260273.00,952418.00,22758
-260140.00,952698.00,22770
-260102.00,952996.00,22781
-259772.00,953119.00,22794
-260589.00,953255.00,22805
-260240.00,953069.00,22816
-260516.00,952829.00,22829
-260631.00,952540.00,22840
-259837.00,952123.00,22852
-261160.00,952085.00,22863
-261219.00,952113.00,22876
-259908.00,952328.00,22887
-260509.00,952661.00,22899
-260356.00,953120.00,22910
-259897.00,953396.00,22923
-260295.00,953479.00,22934
-260080.00,953215.00,22946
-259248.00,952984.00,22958
-259918.00,952706.00,22969
-261648.00,952291.00,22981
-260980.00,951924.00,22992
-259770.00,951931.00,23005
-260710.00,952320.00,23016
-261557.00,952923.00,23028
-259526.00,953304.00,23040
-259584.00,953531.00,23052
-261024.00,953551.00,23063
-259022.00,953327.00,23075
-259921.00,952845.00,23087
-262179.00,952337.00,23099
-259547.00,952040.00,23110
-260272.00,951992.00,23122
-261613.00,952001.00,23134
-260041.00,952482.00,23145
-260017.00,953014.00,23157
-259906.00,953545.00,23169
-259617.00,953775.00,23181
-260186.00,953482.00,23192
-260383.00,952949.00,23204
-259127.00,952533.00,23216
-259631.00,952255.00,23228
-261717.00,952174.00,23239
-260787.00,952265.00,23251
-259286.00,952406.00,23263
-261026.00,952965.00,23275
-260137.00,953309.00,23286
-259283.00,953590.00,23298
-261147.00,953595.00,23310
-259927.00,953303.00,23321
-259188.00,952962.00,23333
-260867.00,952681.00,23345
-260345.00,952339.00,23357
-260313.00,952362.00,23368
-260302.00,952461.00,23380
-260906.00,952510.00,23392
-261146.00,952749.00,23404
-259526.00,953000.00,23415
-259458.00,953290.00,23428
-260509.00,953432.00,23439
-260461.00,953192.00,23450
-260584.00,952834.00,23462
-260380.00,952481.00,23474
-259548.00,952226.00,23486
-260125.00,952347.00,23497
-261052.00,952414.00,23510
-259989.00,952614.00,23521
-260330.00,952797.00,23533
-260231.00,953000.00,23544
-260707.00,953116.00,23557
-260165.00,953092.00,23568
-259736.00,953023.00,23580
-260223.00,952746.00,23591
-260635.00,952291.00,23603
-260141.00,952116.00,23615
-260191.00,952297.00,23626
-260843.00,952466.00,23639
-260547.00,952788.00,23650
-260206.00,952915.00,23662
-259901.00,952823.00,23673
-259895.00,952815.00,23686
-259923.00,952826.00,23697
-260698.00,953078.00,23709
-260943.00,953067.00,23720
-259458.00,952863.00,23733
-260315.00,952591.00,23744
-261158.00,952335.00,23755
-260358.00,952225.00,23768
-260850.00,952273.00,23779
-259863.00,952586.00,23791
-259282.00,952905.00,23802
-260575.00,953164.00,23815
-261092.00,953264.00,23826
-259839.00,953174.00,23838
-259494.00,953022.00,23849
-259936.00,952868.00,23862
-260454.00,952754.00,23873
-260684.00,952548.00,23885
-259981.00,952424.00,23897
-260285.00,952664.00,23909
-259993.00,952760.00,23920
-260355.00,952807.00,23931
-259328.00,952949.00,23944
-259613.00,952972.00,23955
-261287.00,952891.00,23967
-260274.00,952800.00,23979
-259851.00,952844.00,23991
-259708.00,952887.00,24002
-259986.00,952775.00,24014
-261000.00,952731.00,24026
-260779.00,952596.00,24038
-259633.00,952539.00,24049
-259703.00,952710.00,24061
-260424.00,952983.00,24073
-260637.00,953199.00,24084
-260119.00,953146.00,24096
-259616.00,952882.00,24108
-260070.00,952801.00,24120
-260683.00,952807.00,24131
-260285.00,952657.00,24143
-260391.00,952687.00,24155
-260102.00,952636.00,24167
-260179.00,952833.00,24178
-260955.00,952825.00,24190
-260148.00,952757.00,24202
-259567.00,952780.00,24214
-260420.00,952795.00,24225
-260512.00,952836.00,24237
-260211.00,952868.00,24249
-260297.00,952916.00,24260
-259951.00,952899.00,24272
-259843.00,952805.00,24284
-260545.00,952664.00,24296
-260739.00,952471.00,24307
-259939.00,952281.00,24320
-259680.00,952437.00,24331
-260133.00,952714.00,24343
-259864.00,953011.00,24354
-259678.00,953202.00,24367
-260062.00,953289.00,24378
-259880.00,953163.00,24390
-260594.00,952907.00,24401
-260153.00,952663.00,24413
-259948.00,952277.00,24425
-260615.00,952256.00,24436
-260617.00,952427.00,24449
-260906.00,952783.00,24460
-260491.00,952955.00,24472
-260119.00,952938.00,24483
-259949.00,952995.00,24496
-259986.00,952855.00,24507
-260788.00,952641.00,24519
-260680.00,952658.00,24530
-259793.00,952603.00,24543
-259723.00,952563.00,24554
-261224.00,952595.00,24565
-260770.00,952658.00,24578
-259722.00,952610.00,24589
-260013.00,952686.00,24601
-259656.00,952934.00,24612
-260336.00,953019.00,24625
-260702.00,952917.00,24636
-259659.00,952953.00,24648
-259551.00,952985.00,24659
-260317.00,952952.00,24672
-260228.00,952675.00,24683
-260471.00,952387.00,24695
-260029.00,952244.00,24707
-260081.00,952361.00,24718
-260251.00,952656.00,24730
-259711.00,953109.00,24741
-259960.00,953261.00,24754
-259651.00,953199.00,24765
-259775.00,953161.00,24777
-260432.00,953007.00,24788
-260324.00,952736.00,24801
-260721.00,952485.00,24812
-260015.00,952431.00,24824
-259833.00,952566.00,24836
-260347.00,952714.00,24848
-260175.00,952772.00,24859
-260327.00,952848.00,24870
-260321.00,952921.00,24883
-260072.00,953028.00,24894
-260281.00,953131.00,24906
-260579.00,953001.00,24918
-260240.00,952865.00,24930
-260054.00,952748.00,24941
-260139.00,952704.00,24953
-260171.00,952554.00,24965
-260957.00,952597.00,24977
-260307.00,952691.00,24988
-259895.00,952849.00,25000
-260646.00,952947.00,25012
-260162.00,953133.00,25024
-260400.00,953162.00,25035
-260029.00,953013.00,25047
-259901.00,952606.00,25059
-260075.00,952310.00,25070
-260176.00,952452.00,25082
-260595.00,952637.00,25094
-260224.00,952741.00,25106
-260473.00,952893.00,25117
-259967.00,953080.00,25129
-260225.00,953006.00,25141
-260360.00,953032.00,25153
-259717.00,952956.00,25164
-259562.00,952980.00,25177
-260781.00,952932.00,25188
-260937.00,952766.00,25199
-259918.00,952572.00,25211
-259901.00,952486.00,25223
-259942.00,952567.00,25235
-260647.00,952576.00,25246
-260928.00,952842.00,25259
-260106.00,952968.00,25270
-259470.00,953112.00,25282
-259764.00,953281.00,25293
-260643.00,953271.00,25306
-260176.00,952991.00,25317
-259572.00,952477.00,25329
-259918.00,952051.00,25340
-260323.00,952066.00,25352
-261163.00,952085.00,25364
-260985.00,952359.00,25375
-259935.00,952785.00,25388
-259667.00,953133.00,25399
-260647.00,953290.00,25411
-260335.00,953301.00,25422
-259518.00,953004.00,25435
-259778.00,952844.00,25446
-260327.00,952720.00,25458
-260027.00,952371.00,25469
-260693.00,952232.00,25482
-259643.00,952427.00,25493
-260501.00,952603.00,25504
-261380.00,952906.00,25517
-260549.00,953104.00,25528
-259231.00,953107.00,25540
-259771.00,953231.00,25551
-260418.00,953059.00,25564
-260820.00,952838.00,25575
-260484.00,952570.00,25587
-259496.00,952191.00,25598
-260314.00,952202.00,25611
-260627.00,952321.00,25622
-260603.00,952665.00,25634
-260243.00,952957.00,25646
-259359.00,953058.00,25658
-260123.00,953133.00,25669
-260642.00,953083.00,25680
-260163.00,952790.00,25693
-260122.00,952620.00,25704
-260530.00,952574.00,25716
-260226.00,952636.00,25728
-260685.00,952627.00,25740
-260602.00,952618.00,25751
-259466.00,952802.00,25763
-260300.00,953052.00,25775
-260422.00,953091.00,25787
-260417.00,952996.00,25798
-260766.00,952927.00,25810
-259983.00,952729.00,25822
-259655.00,952549.00,25833
-260982.00,952636.00,25845
-261254.00,952530.00,25857
-259837.00,952694.00,25869
-260141.00,952773.00,25880
-260382.00,952944.00,25892
-260340.00,953081.00,25904
-259625.00,952978.00,25916
-260063.00,952969.00,25927
-260413.00,952962.00,25939
-260092.00,952892.00,25951
-260170.00,952774.00,25963
-260163.00,952756.00,25974
-260209.00,952757.00,25986
-260554.00,952711.00,25998
-260955.00,952726.00,26009
-260020.00,952676.00,26021
-259603.00,952850.00,26033
-260580.00,953048.00,26045
-260296.00,953022.00,26056
-260643.00,953075.00,26068
-260172.00,952980.00,26080
-259735.00,952757.00,26092
-260475.00,952541.00,26103
-261121.00,952419.00,26116
-260727.00,952439.00,26127
-259700.00,952634.00,26138
-260217.00,952875.00,26150
-260438.00,953120.00,26162
-260226.00,953204.00,26174
-260472.00,953038.00,26185
-260089.00,952692.00,26198
-260522.00,952463.00,26209
-261443.00,952342.00,26221
-261047.00,952350.00,26232
-259656.00,952407.00,26245
-260014.00,952705.00,26256
-261420.00,953041.00,26268
-259352.00,953122.00,26279
-259904.00,953208.00,26292
-259865.00,953273.00,26303
-260394.00,953026.00,26314
-261129.00,952557.00,26327
-260254.00,952343.00,26338
-259453.00,952292.00,26350
-261033.00,952408.00,26361
-261146.00,952580.00,26374
-259824.00,952833.00,26385
-259946.00,953053.00,26397
-260160.00,953130.00,26408
-259880.00,953152.00,26421
-260091.00,952938.00,26432
-259975.00,952671.00,26444
-259738.00,952482.00,26456
-260426.00,952343.00,26467
-261333.00,952387.00,26479
-261067.00,952528.00,26490
-259614.00,952880.00,26503
-260105.00,953227.00,26514
-261022.00,953298.00,26526
-260438.00,953251.00,26537
-259939.00,952972.00,26550
-259657.00,952694.00,26561
-260581.00,952474.00,26573
-261414.00,952417.00,26585
-260588.00,952429.00,26597
-260137.00,952534.00,26608
-260019.00,952855.00,26619
-259927.00,953221.00,26632
-260492.00,953488.00,26643
-260725.00,953399.00,26655
-259578.00,953127.00,26667
-261098.00,952852.00,26679
-260646.00,952534.00,26690
-259849.00,952309.00,26702
-260687.00,952340.00,26714
-261208.00,952575.00,26726
-260698.00,952741.00,26737
-260024.00,952864.00,26749
-259783.00,953015.00,26761
-259622.00,953266.00,26773
-260669.00,953193.00,26784
-260978.00,952883.00,26796
-259963.00,952589.00,26808
-259716.00,952508.00,26819
-260506.00,952491.00,26831
-261079.00,952600.00,26843
-260658.00,952744.00,26855
-259922.00,953034.00,26866
-259488.00,953066.00,26878
-260065.00,953075.00,26890
-261161.00,952954.00,26902
-260199.00,952917.00,26913
-259232.00,952871.00,26926
-260009.00,952782.00,26937
-260549.00,952635.00,26948
-261094.00,952554.00,26960
-260144.00,952528.00,26972
-259838.00,952731.00,26984
-260745.00,952890.00,26995
-260901.00,952924.00,27008
-260603.00,952812.00,27019
-259779.00,952768.00,27031
-259572.00,952805.00,27042
-260684.00,952955.00,27055
-259683.00,952934.00,27066
-259441.00,952763.00,27078
-260746.00,952642.00,27089
-260466.00,952506.00,27101
-260571.00,952581.00,27113
-260033.00,952667.00,27124
-259559.00,952754.00,27137
-260302.00,953043.00,27148
-261046.00,952969.00,27160
-260969.00,952743.00,27171
-259602.00,952429.00,27184
-259950.00,952536.00,27195
-260832.00,952741.00,27207
-260522.00,952736.00,27218
-260111.00,952772.00,27231
-259990.00,952714.00,27242
-260094.00,952738.00,27253
-260277.00,952852.00,27266
-261093.00,952777.00,27277
-260304.00,952634.00,27289
-259253.00,952722.00,27300
-260625.00,952802.00,27313
-260593.00,952866.00,27324
-260346.00,952867.00,27336
-260288.00,953002.00,27347
-259402.00,953053.00,27360
-260480.00,952987.00,27371
-261522.00,952800.00,27383
-260323.00,952673.00,27395
-259636.00,952641.00,27406
-260103.00,952866.00,27418
-260172.00,952973.00,27429
-260795.00,952973.00,27442
-259390.00,952911.00,27453
-260203.00,952820.00,27465
-260990.00,952826.00,27476
-260581.00,952795.00,27489
-259933.00,952913.00,27500
-259269.00,952831.00,27512
-260351.00,952860.00,27524
-260906.00,952780.00,27536
-259967.00,952657.00,27547
-259631.00,952626.00,27559
-260100.00,952717.00,27571
-260564.00,952836.00,27582
-260730.00,953018.00,27594
-260018.00,953014.00,27606
-259181.00,952888.00,27618
-259655.00,952776.00,27629
-260777.00,952753.00,27641
-260870.00,952721.00,27653
-260289.00,952554.00,27665
-260140.00,952560.00,27676
-260136.00,952778.00,27688
-260191.00,953001.00,27700
-260536.00,953085.00,27712
-260338.00,953129.00,27723
-259154.00,953018.00,27735
-260163.00,952858.00,27747
-261088.00,952791.00,27758
-259593.00,952753.00,27770
-260021.00,952637.00,27782
-260785.00,952596.00,27794
-260311.00,952622.00,27805
-260854.00,952593.00,27817
-260670.00,952555.00,27829
-259543.00,952638.00,27841
-260740.00,952792.00,27852
-260016.00,952868.00,27865
-259979.00,952941.00,27876
-260090.00,952807.00,27887
-260043.00,952695.00,27899
-260672.00,952684.00,27911
-260071.00,952475.00,27923
-260257.00,952333.00,27934
-260760.00,952529.00,27947
-260337.00,952880.00,27958
-260515.00,953063.00,27970
-260277.00,953121.00,27981
-260312.00,953119.00,27994
-259937.00,953095.00,28005
-259887.00,952845.00,28017
-260564.00,952557.00,28028
-260722.00,952393.00,28040
-260231.00,952380.00,28052
-259874.00,952503.00,28063
-260392.00,952815.00,28076
-260100.00,953005.00,28087
-259705.00,953159.00,28099
-259591.00,953261.00,28110
-260211.00,953150.00,28123
-260960.00,952985.00,28134
-260047.00,952814.00,28146
-259708.00,952492.00,28157
-260564.00,952379.00,28170
-260663.00,952480.00,28181
-260308.00,952532.00,28193
-260417.00,952610.00,28205
-260330.00,952799.00,28216
-260014.00,953120.00,28228
-260348.00,953232.00,28239
-259356.00,953209.00,28252
-259474.00,953096.00,28263
-260698.00,952804.00,28275
-260728.00,952650.00,28286
-260003.00,952396.00,28299
-260357.00,952327.00,28310
-260215.00,952602.00,28322
-260099.00,952897.00,28334
-260210.00,953167.00,28346
-260139.00,953172.00,28357
-259503.00,953120.00,28368
-259995.00,952923.00,28381
-260864.00,952749.00,28392
-260206.00,952671.00,28404
-259952.00,952561.00,28416
-260085.00,952553.00,28428
-260299.00,952594.00,28439
-260654.00,952865.00,28451
-260802.00,953118.00,28463
-260129.00,953254.00,28475
-259648.00,953228.00,28486
-260573.00,953108.00,28498
-260156.00,952978.00,28510
-259802.00,952789.00,28521
-260520.00,952568.00,28533
-260353.00,952455.00,28545
-260420.00,952467.00,28557
-260643.00,952518.00,28568
-260750.00,952573.00,28580
-259906.00,952923.00,28592
-260350.00,953296.00,28604
-260372.00,953402.00,28615
-260097.00,953318.00,28627
-259360.00,953069.00,28639
-260376.00,952565.00,28651
-261040.00,952336.00,28662
-260648.00,952144.00,28674
-260343.00,952203.00,28686
-260168.00,952421.00,28697
-260665.00,952795.00,28709
-260489.00,953023.00,28721
-259415.00,953213.00,28733
-259871.00,953322.00,28744
-260322.00,953191.00,28756
-259968.00,952894.00,28768
-260588.00,952578.00,28780
-260511.00,952208.00,28791
-259729.00,952184.00,28804
-260641.00,952444.00,28815
-260698.00,952575.00,28827
-259668.00,952740.00,28838
-260420.00,953045.00,28850
-260506.00,953184.00,28862
-259935.00,953262.00,28873
-260408.00,953146.00,28886
-260529.00,952746.00,28897
-259833.00,952556.00,28909
-259934.00,952261.00,28920
-260485.00,952266.00,28933
-260937.00,952358.00,28944
-260118.00,952546.00,28956
-260414.00,952849.00,28967
-260341.00,953245.00,28980
-259592.00,953389.00,28991
-260529.00,953272.00,29002
-260672.00,952878.00,29015
-259854.00,952570.00,29026
-260376.00,952387.00,29038
-260851.00,952355.00,29049
-261081.00,952434.00,29062
-260095.00,952473.00,29073
-259561.00,952840.00,29085
-260532.00,953092.00,29096
-260843.00,953201.00,29109
-260147.00,953136.00,29120
-260010.00,952817.00,29132
-260185.00,952691.00,29144
-260359.00,952755.00,29155
-260460.00,952720.00,29167
-260397.00,952637.00,29178
-259731.00,952734.00,29191
-260222.00,952599.00,29202
-260642.00,952690.00,29214
-260533.00,952880.00,29225
-259809.00,952851.00,29238
-259555.00,953113.00,29249
-260902.00,952996.00,29261
-260926.00,952644.00,29273
-260313.00,952404.00,29285
-260345.00,952536.00,29296
-259516.00,952502.00,29307
-260723.00,952359.00,29320
-259985.00,953398.00,29331
-261183.00,952686.00,29343
-259670.00,953380.00,29355
-259935.00,953199.00,29367
-261380.00,952775.00,29378
-258818.00,953037.00,29390
-262205.00,952534.00,29402
-258631.00,952318.00,29414
-263928.00,952743.00,29425
-258324.00,952474.00,29437
-259758.00,952665.00,29449
-262542.00,953018.00,29461
-256487.00,952548.00,29472
-261818.00,953179.00,29484
-261252.00,952968.00,29496
-257206.00,953021.00,29507
-262640.00,952930.00,29519
-260261.00,952586.00,29531
-259028.00,952497.00,29543
-261978.00,952390.00,29554
-259630.00,952703.00,29566
-259365.00,952534.00,29578
-261251.00,952768.00,29590
-259764.00,952890.00,29601
-259196.00,952906.00,29614
-260174.00,952913.00,29625
-260411.00,952711.00,29636
-259722.00,953014.00,29648
-259623.00,952395.00,29660
-261778.00,952656.00,29672
-260396.00,952500.00,29683
-258483.00,952325.00,29696
-263007.00,952960.00,29707
-259883.00,952781.00,29719
-258638.00,953144.00,29730
-262266.00,953158.00,29743
-258563.00,952935.00,29754
-259367.00,953129.00,29766
-261635.00,952611.00,29777
-259541.00,952506.00,29789
-260599.00,952369.00,29801
-260001.00,952128.00,29812
-260325.00,952515.00,29825
-260018.00,953019.00,29836
-261027.00,953145.00,29848
-260685.00,953126.00,29859
-259979.00,952790.00,29872
-260829.00,952630.00,29883
-259869.00,952707.00,29895
-260368.00,952430.00,29906
-261505.00,952800.00,29919
-260020.00,952938.00,29930
-260241.00,952798.00,29941
-261121.00,953049.00,29954
-259544.00,952972.00,29965
-260234.00,953111.00,29977
-261100.00,953108.00,29988
-259474.00,952858.00,30001
-260311.00,953049.00,30012
-261183.00,952551.00,30024
-260246.00,952519.00,30035
-260294.00,952688.00,30048
-260293.00,952603.00,30059
-260698.00,952703.00,30071
-260691.00,952734.00,30083
-259356.00,952945.00,30095
-260301.00,952928.00,30106
-260712.00,952839.00,30117
-259364.00,952798.00,30130
-260597.00,952745.00,30141
-260084.00,952815.00,30153
-259931.00,952694.00,30164
-260965.00,952788.00,30177
-260450.00,952713.00,30188
-259773.00,952711.00,30200
-260181.00,952724.00,30212
-260922.00,952814.00,30224
-260194.00,953164.00,30235
-258988.00,952949.00,30247
-260227.00,953202.00,30259
-260785.00,952699.00,30270
-260097.00,952371.00,30282
-260646.00,952425.00,30294
-259683.00,952112.00,30306
-259644.00,952423.00,30317
-261221.00,952667.00,30329
-259588.00,952550.00,30341
-259871.00,952861.00,30353
-260406.00,953093.00,30364
-259372.00,953037.00,30376
-260767.00,953039.00,30388
-260511.00,952758.00,30400
-259181.00,952646.00,30411
-260737.00,952741.00,30423
-260639.00,952676.00,30435
-260058.00,952755.00,30446
-260848.00,952614.00,30458
-260494.00,952748.00,30470
-259442.00,952858.00,30482
-260448.00,952895.00,30493
-259752.00,953099.00,30505
-259354.00,953022.00,30517
-260450.00,952734.00,30529
-260269.00,952455.00,30540
-260915.00,952061.00,30553
-260501.00,952377.00,30564
-260217.00,952607.00,30575
-260264.00,952640.00,30587
-261034.00,953731.00,30599
-259873.00,953469.00,30611
-259367.00,953553.00,30622
-261080.00,953114.00,30635
-259828.00,952429.00,30646
-259810.00,952516.00,30658
-260874.00,951984.00,30669
-260213.00,952022.00,30682
-261104.00,952568.00,30693
-260958.00,952492.00,30705
-260233.00,953357.00,30716
-260211.00,953122.00,30729
-259621.00,953353.00,30740
-260176.00,953117.00,30751
-259853.00,952713.00,30764
-260250.00,952834.00,30775
-260465.00,952477.00,30787
-259974.00,952442.00,30798
-259958.00,952487.00,30811
-259763.00,952522.00,30822
-260754.00,952679.00,30834
-260756.00,952813.00,30845
-259691.00,953186.00,30858
-260125.00,953289.00,30869
-260564.00,953536.00,30881
-259836.00,953030.00,30893
-259869.00,952927.00,30904
-261146.00,952475.00,30916
-260478.00,952034.00,30927
-261151.00,952141.00,30940
-261360.00,951931.00,30951
-260034.00,952634.00,30963
-260306.00,953024.00,30974
-260112.00,953289.00,30987
-259793.00,954137.00,30998
-260097.00,953085.00,31010
-259145.00,953552.00,31022
-260333.00,952448.00,31034
-260535.00,952379.00,31045
-259945.00,952346.00,31056
-260906.00,951956.00,31069
-260736.00,952601.00,31080
-260598.00,952527.00,31092
-259347.00,952897.00,31104
-260123.00,953093.00,31116
-261252.00,953036.00,31127
-259220.00,953237.00,31139
-260709.00,952747.00,31151
-260703.00,953036.00,31163
-258678.00,952455.00,31174
-261543.00,952500.00,31186
-261328.00,952223.00,31198
-259311.00,951972.00,31209
-260517.00,952246.00,31221
-260356.00,952638.00,31233
-259681.00,953195.00,31245
-259702.00,954077.00,31256
-260341.00,953167.00,31268
-259614.00,954000.00,31280
-260113.00,952307.00,31292
-261952.00,952974.00,31303
-259138.00,951704.00,31315
-261685.00,951916.00,31327
-261723.00,952325.00,31339
-258762.00,952118.00,31350
-261494.00,953344.00,31363
-259626.00,953343.00,31374
-261134.00,953167.00,31385
-259094.00,953894.00,31397
-260649.00,952798.00,31409
-259811.00,953408.00,31421
-259103.00,952460.00,31432
-260380.00,952793.00,31444
-260073.00,953218.00,31456
-260326.00,952633.00,31468
-261037.00,952541.00,31479
-258826.00,952652.00,31492
-260646.00,952712.00,31503
-261595.00,952842.00,31515
-260095.00,953230.00,31526
-258565.00,953248.00,31538
-259877.00,953668.00,31550
-260682.00,953307.00,31561
-261109.00,952723.00,31574
-260592.00,952693.00,31585
-260086.00,951757.00,31597
-259275.00,952526.00,31608
-261193.00,952343.00,31621
-262454.00,952699.00,31632
-259049.00,953481.00,31644
-258745.00,953112.00,31655
-260545.00,953917.00,31668
-260046.00,953405.00,31679
-260340.00,952473.00,31690
-260257.00,952734.00,31703
-258954.00,952101.00,31714
-260833.00,952566.00,31726
-261834.00,952377.00,31737
-260830.00,952217.00,31750
-259082.00,952720.00,31761
-261242.00,952935.00,31773
-260969.00,953066.00,31784
-260681.00,953167.00,31797
-259527.00,953145.00,31808
-258952.00,952770.00,31820
-261585.00,952958.00,31832
-261386.00,952290.00,31844
-259328.00,952301.00,31855
-260559.00,952431.