⸮60414.00
9120.00
-7.10,1474.25,1001
-7.74,1474.29,1002
-7.51,1473.84,1012
-7.24,1473.03,1024
-7.30,1472.41,1035
-7.36,1472.36,1046
-7.09,1472.16,1057
-7.03,1472.06,1069
-7.39,1472.47,1081
-7.16,1472.94,1092
-7.35,1473.71,1103
-7.91,1474.11,1116
-7.62,1474.09,1127
-7.26,1474.03,1139
-7.26,1473.40,1150
-7.42,1473.05,1163
-7.35,1473.00,1174
-7.12,1472.63,1186
-7.21,1472.66,1198
-7.31,1472.50,1210
-7.32,1472.53,1221
-7.44,1473.16,1233
-7.47,1473.67,1245
-7.37,1473.80,1257
-7.53,1473.96,1268
-7.21,1473.41,1281
-7.22,1472.94,1292
-7.38,1472.98,1303
-7.35,1472.78,1315
-7.24,1472.48,1327
-6.93,1472.62,1339
-7.43,1472.13,1350
-7.40,1472.77,1362
-6.54,1473.94,1374
-7.61,1474.12,1386
-7.86,1474.42,1397
-7.18,1473.87,1410
-8.03,1473.52,1421
-7.53,1473.57,1433
-6.41,1472.75,1444
-7.59,1472.83,1457
-6.78,1472.63,1468
-7.23,1472.10,1480
-7.25,1472.42,1491
-7.39,1473.39,1504
-8.00,1473.57,1515
-7.52,1473.63,1527
-7.42,1473.65,1539
-7.36,1473.36,1551
-7.49,1473.83,1562
-7.34,1473.48,1573
-6.81,1472.81,1586
-7.56,1472.82,1597
-7.27,1472.29,1609
-6.89,1472.23,1620
-7.49,1473.26,1633
-7.37,1473.63,1644
-7.44,1474.09,1656
-7.97,1474.05,1668
-6.94,1473.66,1680
-7.13,1473.94,1691
-8.15,1473.44,1703
-7.48,1473.00,1715
-7.11,1472.73,1727
-7.20,1472.18,1738
-7.18,1472.20,1751
-7.39,1472.34,1762
-6.94,1473.24,1774
-6.83,1474.11,1785
-8.16,1474.38,1798
-7.54,1474.24,1809
-7.00,1474.26,1821
-7.96,1474.08,1832
-6.82,1473.21,1845
-7.11,1473.17,1856
-7.00,1472.69,1867
-6.66,1472.28,1880
-7.28,1472.56,1891
-7.33,1472.66,1903
-7.62,1473.33,1914
-7.38,1473.88,1927
-7.54,1473.94,1938
-7.63,1473.78,1950
-7.32,1473.78,1961
-7.50,1473.42,1974
-7.37,1472.97,1985
-7.38,1472.83,1997
-7.81,1472.17,2009
-6.95,1472.12,2021
-6.56,1472.39,2032
-7.54,1473.00,2044
-7.61,1473.92,2056
-7.49,1474.04,2068
-7.79,1474.22,2079
-7.27,1473.93,2092
-7.11,1473.34,2103
-7.54,1473.22,2115
-7.55,1473.10,2126
-7.42,1472.73,2138
-7.08,1472.92,2150
-7.01,1472.64,2161
-7.60,1472.40,2173
-7.44,1473.20,2185
-7.11,1473.87,2197
-7.69,1473.97,2208
-7.56,1474.27,2221
-7.61,1474.00,2232
-7.67,1473.41,2244
-7.23,1473.05,2255
-7.55,1472.80,2268
-7.35,1472.73,2279
-7.13,1472.57,2291
-7.15,1472.14,2302
-7.35,1472.68,2315
-7.39,1473.19,2326
-7.28,1473.63,2338
-7.10,1473.88,2350
-7.71,1473.56,2362
-7.95,1473.21,2373
-7.15,1473.31,2385
-6.98,1472.70,2397
-7.50,1472.36,2409
-7.60,1472.54,2420
-7.06,1472.55,2432
-7.28,1472.83,2444
-7.35,1473.04,2455
-7.01,1473.20,2467
-7.80,1473.93,2479
-7.98,1474.14,2491
-7.01,1473.55,2502
-7.57,1473.39,2514
-7.71,1472.77,2526
-7.15,1472.47,2538
-7.31,1472.89,2549
-6.82,1473.08,2562
-7.31,1473.09,2573
-7.98,1473.35,2585
-7.46,1473.40,2596
-7.27,1473.72,2609
-7.00,1473.52,2620
-7.25,1473.56,2632
-8.16,1473.91,2643
-7.65,1473.60,2656
-7.30,1473.12,2667
-7.34,1472.86,2679
-7.40,1472.51,2691
-7.76,1472.76,2702
-6.94,1472.77,2714
-6.86,1472.76,2725
-7.85,1473.16,2738
-7.60,1473.76,2749
-7.03,1473.73,2761
-7.20,1473.67,2772
-7.57,1473.14,2785
-7.62,1472.62,2796
-7.29,1473.09,2808
-7.52,1473.04,2820
-7.16,1472.57,2832
-6.85,1472.78,2843
-7.95,1472.69,2855
-7.56,1472.87,2867
-6.80,1473.72,2879
-7.53,1473.90,2890
-7.75,1473.73,2903
-7.17,1473.68,2914
-7.23,1473.17,2926
-7.42,1473.18,2937
-7.52,1472.80,2950
-7.23,1472.77,2961
-7.35,1472.68,2973
-7.32,1472.39,2984
-6.76,1472.62,2996
-7.45,1473.23,3008
-7.96,1473.76,3019
-7.16,1474.19,3032
-7.65,1474.13,3043
-7.01,1473.80,3055
-7.18,1473.49,3066
-7.40,1473.16,3079
-7.15,1472.92,3090
-7.31,1472.64,3102
-7.41,1472.36,3113
-7.18,1472.08,3126
-7.38,1472.67,3137
-7.31,1473.37,3149
-7.68,1473.82,3161
-7.63,1473.96,3173
-7.26,1473.55,3184
-7.51,1473.33,3196
-7.25,1472.90,3208
-7.54,1472.81,3220
-7.81,1473.14,3231
-6.81,1472.73,3244
-7.17,1472.45,3255
-7.43,1472.60,3267
-7.43,1472.87,3278
-7.44,1473.70,3290
-6.67,1474.30,3302
-7.52,1474.01,3313
-8.57,1473.60,3325
-7.32,1473.49,3337
-6.71,1472.98,3349
-7.23,1472.42,3360
-7.26,1472.37,3373
-7.87,1472.46,3384
-7.71,1473.12,3396
-6.18,1473.10,3407
-6.80,1472.71,3420
-8.51,1473.56,3431
-7.50,1473.64,3443
-7.49,1473.64,3454
-7.44,1473.50,3467
-7.94,1473.04,3478
-7.69,1472.55,3490
-6.07,1472.38,3502
-6.94,1472.49,3514
-8.70,1472.67,3525
-7.27,1472.96,3537
-6.47,1473.23,3549
-7.29,1473.46,3560
-7.81,1473.55,3572
-8.07,1473.44,3584
-7.16,1473.98,3596
-6.61,1473.39,3607
-7.35,1472.96,3619
-7.87,1472.84,3631
-7.32,1472.80,3643
-6.37,1472.85,3654
-6.81,1472.98,3666
-8.07,1473.40,3678
-7.97,1473.79,3690
-7.03,1473.34,3701
-6.48,1473.10,3714
-7.47,1473.53,3725
-8.61,1473.50,3737
-7.39,1473.38,3748
-6.19,1473.37,3761
-7.36,1472.72,3772
-7.77,1472.56,3784
-7.30,1473.10,3795
-7.26,1473.20,3808
-6.71,1473.53,3819
-7.52,1473.69,3831
-8.49,1473.53,3843
-6.53,1473.60,3854
-6.98,1473.41,3866
-8.08,1473.10,3877
-8.06,1473.07,3890
-6.65,1472.66,3901
-6.61,1472.56,3913
-7.54,1472.47,3924
-7.60,1472.26,3937
-7.37,1473.15,3948
-7.34,1473.60,3960
-7.32,1473.42,3972
-7.84,1473.75,3984
-7.67,1473.69,3995
-6.90,1473.00,4007
-6.89,1473.09,4019
-7.51,1472.75,4031
-7.73,1472.37,4042
-7.49,1472.79,4055
-6.80,1472.87,4066
-6.93,1473.08,4078
-7.99,1473.41,4089
-7.89,1473.44,4102
-7.39,1473.75,4113
-6.84,1473.67,4124
-7.22,1473.86,4136
-8.20,1473.83,4148
-7.60,1473.19,4160
-6.68,1473.15,4171
-7.25,1472.85,4184
-7.78,1472.30,4195
-7.35,1472.61,4207
-6.95,1473.16,4218
-6.91,1473.28,4231
-7.48,1473.47,4242
-7.31,1473.95,4254
-6.99,1473.35,4265
-7.47,1473.19,4278
-7.41,1473.37,4289
-7.53,1472.96,4301
-7.27,1473.02,4313
-6.77,1472.92,4325
-7.49,1472.74,4336
-8.01,1472.60,4348
-7.40,1472.90,4360
-6.98,1473.52,4372
-7.21,1473.37,4383
-7.83,1473.18,4396
-7.77,1473.66,4407
-6.85,1473.67,4418
-7.02,1473.24,4430
-7.73,1472.76,4442
-7.31,1472.65,4454
-7.33,1472.50,4465
-7.14,1472.87,4477
-6.98,1473.07,4489
-8.01,1473.37,4501
-8.02,1473.84,4512
-7.00,1473.18,4525
-7.03,1473.15,4536
-7.87,1473.25,4548
-7.69,1472.88,4559
-6.93,1472.91,4572
-7.09,1473.12,4583
-7.70,1473.06,4595
-7.89,1473.20,4606
-7.64,1473.49,4619
-7.00,1473.52,4630
-6.98,1473.28,4642
-7.79,1473.58,4654
-7.59,1473.52,4666
-7.19,1473.36,4677
-7.28,1472.96,4688
-7.75,1472.87,4701
-7.31,1473.02,4712
-6.85,1472.76,4724
-7.65,1473.15,4736
-7.34,1472.91,4748
-7.16,1472.66,4759
-7.64,1473.01,4771
-6.68,1473.20,4783
-7.26,1473.43,4795
-8.52,1473.68,4806
-7.43,1473.55,4818
-6.86,1473.32,4830
-7.09,1473.10,4842
-7.45,1472.73,4853
-7.46,1473.07,4866
-7.02,1473.18,4877
-7.53,1472.98,4889
-7.34,1473.21,4900
-7.10,1473.15,4913
-7.96,1473.34,4924
-7.18,1473.95,4936
-6.78,1473.63,4947
-8.26,1473.29,4960
-7.66,1473.76,4971
-6.34,1473.20,4982
-7.55,1473.13,4995
-7.73,1473.34,5006
-7.41,1473.23,5018
-7.82,1473.72,5029
-6.88,1473.39,5042
-8.36,1473.24,5053
-7.53,1473.63,5065
-6.77,1473.32,5076
-7.47,1473.11,5089
-7.78,1473.01,5100
-7.44,1472.94,5112
-7.36,1473.08,5124
-6.77,1473.05,5136
-6.76,1472.62,5147
-7.84,1472.25,5159
-7.79,1472.91,5171
-6.87,1473.33,5183
-6.86,1473.97,5194
-7.83,1473.95,5207
-7.95,1473.63,5218
-7.34,1473.31,5230
-6.91,1472.79,5241
-7.19,1472.80,5254
-8.16,1472.91,5265
-7.44,1472.92,5276
-6.83,1473.03,5288
-7.37,1472.95,5300
-7.31,1473.15,5312
-7.99,1473.58,5323
-7.94,1473.73,5336
-6.71,1473.40,5347
-6.73,1473.32,5359
-7.92,1473.24,5370
-7.92,1472.86,5383
-6.85,1473.22,5394
-7.52,1473.09,5406
-7.58,1472.85,5417
-7.45,1472.95,5430
-6.50,1472.98,5441
-6.89,1473.25,5453
-8.37,1473.30,5465
-7.74,1473.23,5477
-6.88,1473.75,5488
-7.02,1473.38,5500
-7.17,1473.38,5512
-8.01,1473.14,5524
-7.90,1473.46,5535
-7.00,1473.40,5547
-7.13,1473.00,5559
-6.99,1472.73,5570
-7.89,1473.03,5582
-8.20,1473.29,5594
-6.33,1473.26,5606
-7.27,1473.37,5617
-8.46,1473.39,5629
-6.99,1473.36,5641
-7.51,1473.78,5653
-7.46,1473.72,5664
-6.74,1473.70,5677
-8.57,1473.47,5688
-7.45,1472.98,5700
-6.24,1472.58,5711
-7.53,1472.66,5724
-7.02,1472.71,5735
-8.05,1473.59,5747
-8.08,1474.20,5758
-5.68,1473.79,5771
-7.51,1473.59,5782
-8.51,1473.00,5794
-6.93,1472.51,5806
-7.06,1472.76,5818
-7.04,1472.94,5829
-8.08,1473.16,5840
-7.20,1473.74,5853
-6.89,1472.99,5864
-7.31,1473.08,5876
-7.67,1473.41,5888
-7.67,1473.51,5900
-6.78,1473.36,5911
-6.71,1473.38,5923
-7.98,1473.19,5935
-7.94,1473.53,5947
-7.14,1473.50,5958
-6.99,1473.24,5970
-7.23,1473.22,5982
-8.26,1473.08,5994
-7.52,1473.28,6005
-6.27,1473.36,6018
-7.30,1473.25,6029
-7.94,1473.59,6041
-7.81,1473.70,6052
-7.40,1473.21,6065
-6.59,1473.44,6076
-6.96,1473.29,6088
-8.22,1473.01,6099
-7.34,1473.35,6111
-6.77,1472.89,6123
-7.26,1472.88,6134
-7.46,1473.51,6147
-7.68,1473.29,6158
-7.34,1473.71,6170
-6.82,1473.89,6181
-7.09,1473.21,6194
-8.14,1472.75,6205
-8.01,1473.29,6217
-6.65,1473.64,6228
-7.81,1473.54,6241
-7.88,1473.24,6252
-7.39,1472.98,6264
-6.72,1473.20,6276
-7.05,1473.04,6288
-7.85,1472.79,6299
-7.92,1473.34,6311
-7.04,1473.32,6323
-7.05,1473.84,6335
-7.72,1473.78,6346
-7.48,1473.09,6359
-7.32,1473.28,6370
-6.80,1473.44,6382
-6.73,1472.72,6393
-8.07,1472.91,6405
-7.93,1473.23,6417
-6.67,1473.96,6428
-7.12,1474.35,6440
-7.96,1473.28,6452
-7.43,1472.79,6464
-7.19,1472.72,6475
-7.47,1472.71,6488
-7.02,1473.24,6499
-7.31,1473.47,6511
-7.87,1473.43,6522
-7.38,1474.01,6535
-7.38,1473.95,6546
-7.21,1473.74,6558
-7.64,1473.63,6569
-7.53,1472.74,6582
-6.42,1472.65,6593
-7.26,1472.79,6605
-8.11,1473.14,6617
-7.46,1473.99,6629
-8.08,1473.91,6640
-6.74,1473.12,6652
-7.06,1472.83,6664
-7.74,1472.54,6675
-6.91,1472.79,6687
-7.77,1473.38,6699
-8.31,1473.80,6711
-6.82,1473.66,6722
-7.12,1473.21,6734
-7.54,1472.35,6746
-7.24,1472.34,6758
-7.21,1472.81,6769
-7.48,1472.89,6781
-7.59,1473.41,6793
-6.98,1473.56,6805
-7.30,1473.62,6816
-7.97,1474.04,6829
-7.12,1473.35,6840
-6.87,1472.85,6852
-7.99,1473.00,6863
-7.14,1472.70,6876
-6.81,1473.19,6887
-8.05,1473.55,6899
-7.56,1473.26,6910
-7.14,1473.38,6923
-7.86,1473.13,6934
-7.35,1472.79,6946
-6.50,1473.17,6958
-7.01,1473.70,6969
-7.55,1473.53,6981
-7.84,1474.08,6992
-7.81,1473.57,7005
-6.99,1472.67,7016
-7.49,1472.33,7028
-7.37,1472.02,7040
-7.54,1472.35,7052
-6.94,1472.92,7063
-7.17,1473.46,7075
-8.49,1474.00,7087
-7.49,1474.05,7099
-6.77,1474.14,7110
-7.37,1473.58,7122
-7.40,1472.62,7134
-7.34,1472.06,7146
-7.39,1472.50,7157
-7.11,1472.77,7170
-7.37,1473.14,7181
-7.63,1473.81,7193
-7.20,1473.45,7204
-7.37,1473.46,7217
-7.48,1473.29,7228
-7.45,1472.86,7240
-7.57,1473.11,7251
-7.14,1473.37,7263
-7.54,1473.20,7275
-7.39,1473.46,7286
-6.92,1473.09,7299
-8.15,1472.24,7310
-7.11,1472.45,7322
-6.33,1472.54,7333
-8.14,1472.93,7346
-7.30,1473.88,7357
-6.99,1474.09,7369
-8.10,1474.35,7380
-7.40,1474.50,7393
-7.27,1473.27,7404
-7.92,1472.54,7416
-7.05,1472.20,7428
-8.00,1471.99,7440
-6.77,1472.64,7451
-7.39,1473.15,7463
-8.03,1473.73,7475
-7.20,1474.22,7487
-7.41,1473.69,7498
-7.37,1473.31,7511
-7.36,1473.23,7522
-7.18,1472.89,7533
-7.12,1473.15,7545
-7.90,1473.08,7557
-7.40,1472.62,7569
-7.02,1472.99,7580
-7.82,1473.42,7592
-7.11,1473.20,7604
-6.86,1473.12,7616
-8.07,1472.95,7627
-7.20,1473.26,7640
-7.01,1474.19,7651
-8.08,1474.48,7663
-7.19,1474.31,7674
-7.49,1473.58,7687
-7.91,1472.88,7698
-6.49,1472.59,7710
-7.27,1472.54,7721
-7.67,1473.06,7734
-6.87,1473.92,7745
-7.59,1473.54,7757
-8.05,1473.54,7769
-7.22,1473.75,7781
-7.15,1473.45,7792
-7.65,1473.69,7804
-7.08,1473.46,7816
-7.43,1472.77,7828
-7.64,1472.84,7839
-7.70,1473.17,7851
-7.24,1472.98,7863
-7.15,1472.89,7874
-7.36,1473.00,7886
-7.50,1472.58,7898
-6.96,1473.27,7910
-6.88,1473.59,7921
-8.06,1473.82,7933
-7.98,1474.55,7945
-7.11,1473.87,7957
-7.26,1472.97,7968
-7.11,1472.33,7981
-7.15,1472.08,7992
-7.26,1472.93,8004
-6.86,1473.61,8015
-7.31,1473.69,8028
-7.93,1473.86,8039
-7.51,1473.71,8051
-7.15,1473.51,8062
-7.24,1473.54,8075
-7.73,1473.45,8086
-7.54,1473.34,8098
-6.96,1473.16,8110
-6.80,1472.90,8121
-7.13,1473.10,8133
-7.77,1473.26,8144
-7.97,1473.08,8157
-7.14,1473.43,8168
-7.19,1473.31,8180
-7.48,1473.39,8192
-7.36,1473.93,8204
-7.63,1474.24,8215
-7.21,1473.72,8227
-7.73,1473.10,8239
-7.65,1472.63,8251
-6.70,1472.46,8262
-7.30,1473.06,8274
-7.72,1472.98,8286
-7.06,1473.21,8298
-7.87,1473.64,8309
-7.41,1473.70,8322
-6.90,1474.12,8333
-7.88,1473.81,8345
-7.71,1472.97,8356
-7.33,1472.83,8369
-7.25,1472.21,8380
-7.02,1472.28,8391
-6.79,1473.39,8403
-7.13,1473.40,8415
-7.85,1473.66,8427
-7.40,1473.77,8438
-7.61,1473.22,8451
-7.56,1473.49,8462
-7.07,1473.55,8474
-7.33,1473.64,8485
-7.68,1473.40,8498
-7.42,1472.77,8509
-7.34,1472.45,8521
-7.14,1472.78,8532
-6.95,1472.94,8545
-7.68,1473.08,8556
-7.64,1473.37,8568
-7.04,1473.34,8580
-7.18,1473.97,8592
-7.35,1474.37,8603
-7.73,1473.92,8615
-7.28,1473.76,8627
-7.28,1473.16,8639
-7.40,1472.44,8650
-7.26,1472.62,8663
-7.27,1472.59,8674
-7.00,1472.75,8685
-7.30,1473.05,8697
-8.15,1473.28,8709
-7.45,1473.65,8721
-7.11,1473.67,8732
-7.50,1473.69,8744
-7.12,1473.07,8756
-7.38,1472.31,8768
-7.44,1472.01,8779
-7.36,1472.86,8792
-7.45,1473.15,8803
-7.14,1473.06,8815
-7.21,1473.40,8826
-7.68,1473.15,8839
-7.25,1473.42,8850
-7.15,1473.95,8862
-7.68,1473.68,8873
-7.15,1473.81,8886
-7.39,1473.57,8897
-7.91,1473.02,8909
-6.79,1472.83,8921
-6.80,1472.55,8933
-7.67,1472.54,8944
-7.31,1472.78,8955
-7.25,1473.05,8968
-7.47,1473.48,8979
-7.35,1474.30,8991
-7.73,1474.29,9003
-7.28,1473.86,9015
-7.35,1473.28,9026
-7.65,1472.02,9038
-7.02,1471.78,9050
-7.29,1471.82,9062
-7.25,1472.29,9073
-7.39,1473.04,9085
-7.69,1473.38,9097
-7.05,1473.86,9109
-7.63,1474.04,9120
-7.82,1473.57,9133
-7.34,1473.27,9144
-7.64,1473.09,9156
-7.47,1472.66,9167
-6.96,1472.74,9180
-7.25,1473.08,9191
-7.66,1473.11,9203
-7.00,1473.13,9214
-6.99,1473.27,9227
-7.59,1473.31,9238
-7.39,1473.95,9249
-7.42,1474.00,9262
-7.18,1473.98,9273
-7.03,1474.12,9285
-7.72,1473.28,9296
-7.64,1472.73,9309
-7.02,1472.73,9320
-6.68,1472.34,9332
-7.82,1472.56,9344
-7.30,1473.07,9356
-6.72,1473.42,9367
-8.11,1473.94,9379
-7.50,1474.04,9391
185.69,1473.57,9403
5202.97,1473.51,9414
-6.46,1473.02,9426
-7.85,1472.54,9438
-7.85,1472.74,9450
-7.10,1472.79,9461
-7.24,1473.06,9474
-7.34,1473.32,9485
-7.26,1472.66,9497
-7.42,1472.81,9508
-6.93,1473.05,9520
-7.46,1472.64,9532
-7.72,1473.36,9543
-7.37,1473.67,9555
-7.79,1473.56,9567
-7.21,1473.69,9579
-6.90,1473.01,9590
-7.67,1472.29,9603
-7.17,1472.29,9614
-7.05,1472.46,9626
-7.31,1473.02,9637
-7.37,1473.79,9650
-7.74,1473.99,9661
-7.51,1473.92,9673
-7.31,1473.67,9684
-7.47,1473.25,9697
-6.97,1473.33,9708
-7.25,1472.64,9720
-7.52,1472.27,9732
-7.07,1472.79,9744
-7.11,1473.00,9755
-7.50,1473.13,9767
-7.23,1473.75,9779
-7.26,1473.54,9791
-7.12,1473.47,9802
-7.36,1473.08,9814
-7.43,1473.06,9826
-7.20,1473.67,9837
-7.71,1473.65,9849
-7.43,1473.39,9861
-6.90,1472.97,9873
-7.15,1472.24,9884
-7.34,1471.87,9896
-7.59,1472.74,9908
-7.56,1473.05,9920
-7.33,1473.36,9931
-7.28,1473.76,9944
-7.66,1473.65,9955
-7.63,1473.76,9967
-7.02,1473.43,9978
-7.36,1472.97,9991
-7.63,1472.64,10002
-7.30,1472.37,10014
-7.50,1472.49,10025
-7.00,1472.95,10038
-6.85,1473.40,10049
-8.03,1473.33,10061
-7.62,1473.38,10073
-7.01,1473.57,10085
-7.24,1473.39,10096
-7.44,1473.97,10107
-7.69,1473.82,10120
-7.46,1473.68,10131
-7.10,1473.64,10143
-7.70,1472.79,10155
-7.41,1472.63,10167
-6.82,1472.36,10178
-7.61,1472.23,10190
-6.88,1473.17,10202
-8.04,1473.89,10214
-7.66,1474.03,10225
-7.25,1473.85,10237
-7.82,1473.12,10249
-7.34,1473.04,10261
-7.00,1472.53,10272
-7.08,1472.33,10285
-7.04,1472.81,10296
-7.56,1473.21,10308
-7.31,1473.07,10319
-7.23,1473.15,10332
-7.76,1473.12,10343
-7.28,1473.17,10355
-7.41,1473.61,10366
-7.57,1473.86,10378
-6.96,1473.92,10390
-7.25,1473.67,10401
-7.64,1472.66,10414
-7.03,1472.51,10425
-7.29,1472.54,10437
-7.54,1472.69,10448
-7.27,1473.16,10461
-7.30,1473.06,10472
-7.16,1473.16,10484
-7.61,1473.94,10496
-7.49,1474.72,10508
-7.52,1474.82,10519
-8.32,1474.27,10531
-7.35,1472.73,10543
-6.73,1471.77,10555
-7.14,1471.77,10566
-7.07,1472.37,10578
-7.12,1473.25,10590
-7.31,1473.88,10602
-7.28,1473.57,10613
-7.60,1473.69,10626
-7.08,1473.58,10637
-7.67,1473.19,10649
-7.55,1473.43,10660
-6.89,1473.16,10672
-7.45,1472.32,10684
-7.28,1472.52,10695
-7.67,1472.69,10707
-6.90,1472.60,10719
-6.72,1472.95,10731
-8.83,1473.17,10742
-6.97,1473.50,10755
-6.48,1474.07,10766
-8.42,1474.02,10778
-6.87,1474.05,10789
-7.36,1473.71,10802
-8.82,1473.02,10813
-6.48,1472.43,10825
-6.32,1471.74,10836
-8.17,1471.98,10849
-7.18,1472.79,10860
-6.64,1472.90,10872
-7.40,1473.50,10884
-7.55,1474.05,10896
-8.00,1473.72,10907
-7.40,1473.84,10919
-6.93,1473.70,10931
-7.98,1472.84,10942
-7.47,1472.71,10954
-7.11,1472.62,10966
-7.08,1472.31,10978
-7.56,1472.51,10989
-7.17,1472.68,11001
-7.36,1472.45,11013
-7.52,1473.21,11025
-7.10,1473.63,11036
-8.30,1473.76,11048
-7.35,1473.84,11060
-6.39,1473.49,11072
-8.16,1473.03,11083
-7.81,1472.62,11096
-6.65,1472.42,11107
-7.39,1472.51,11119
-7.16,1472.26,11130
-7.22,1472.61,11143
-8.11,1473.15,11154
-6.87,1473.76,11166
-7.07,1473.95,11177
-8.34,1473.92,11190
-7.64,1473.70,11201
-7.11,1473.23,11213
-7.31,1472.88,11225
-7.00,1472.32,11236
-7.25,1472.52,11248
-7.79,1472.48,11259
-7.30,1472.62,11272
-6.61,1473.32,11283
-7.57,1473.50,11295
-8.57,1473.72,11307
-7.19,1473.97,11319
-6.52,1473.88,11330
-7.96,1473.59,11342
-7.83,1473.57,11354
-7.26,1473.03,11366
-7.38,1472.72,11377
-7.33,1472.54,11389
-8.01,1472.22,11401
-7.05,1472.39,11413
-6.75,1472.74,11424
-7.84,1473.23,11437
-7.95,1473.86,11448
-7.47,1473.80,11460
-7.07,1473.47,11471
-6.86,1473.21,11484
-7.88,1472.22,11495
-7.89,1472.28,11506
-6.67,1472.58,11518
-7.02,1472.51,11530
-7.37,1472.85,11542
-7.41,1473.26,11553
-8.24,1473.43,11566
-7.23,1473.81,11577
-6.11,1473.71,11589
-8.45,1473.38,11600
-8.21,1473.43,11613
-6.49,1473.52,11624
-7.57,1473.46,11636
-7.36,1473.05,11648
-7.13,1472.33,11660
-8.11,1472.42,11671
-7.07,1472.93,11683
-6.34,1472.96,11695
-7.65,1473.17,11707
-8.31,1473.17,11718
-7.25,1473.15,11730
-6.67,1474.07,11742
-7.40,1474.30,11754
-8.00,1473.53,11765
-7.14,1473.22,11777
-7.52,1472.83,11789
-6.90,1472.16,11800
-7.55,1472.23,11812
-7.49,1472.53,11824
-6.56,1472.62,11836
-7.47,1472.73,11847
-7.85,1473.13,11859
-6.99,1473.52,11871
-7.64,1473.72,11883
-7.62,1473.64,11894
-7.39,1473.44,11907
-7.62,1472.82,11918
-6.59,1472.60,11930
-7.25,1472.73,11941
-7.45,1472.55,11954
-6.97,1472.94,11965
-8.04,1473.21,11977
-7.07,1473.01,11988
-6.50,1473.18,12001
-8.04,1473.24,12012
-7.56,1473.43,12024
-7.04,1473.52,12036
-7.55,1473.27,12048
-7.25,1472.69,12059
-7.33,1472.75,12070
-7.51,1472.86,12083
-7.01,1473.08,12094
-7.14,1473.00,12106
-7.33,1472.76,12118
-7.55,1473.08,12130
-7.76,1473.49,12141
-7.04,1473.70,12153
-7.43,1473.86,12165
-7.98,1473.31,12177
-7.22,1472.79,12188
-6.83,1472.88,12200
-7.45,1472.70,12212
-8.20,1472.75,12224
-7.03,1473.15,12235
-7.12,1472.96,12248
-7.73,1473.14,12259
-7.26,1473.25,12271
-7.34,1473.31,12282
-7.84,1473.44,12295
-7.05,1473.15,12306
-7.13,1472.86,12318
-7.91,1473.09,12329
-7.12,1473.03,12341
-7.05,1472.76,12353
-7.83,1472.94,12364
-7.32,1472.88,12377
-7.21,1472.81,12388
-7.14,1473.36,12400
-7.15,1473.64,12411
-7.67,1473.81,12424
-8.01,1473.88,12435
-7.51,1473.43,12447
-7.05,1473.10,12459
-7.31,1473.07,12471
-7.45,1473.00,12482
-7.22,1473.37,12494
-7.02,1473.53,12506
-7.75,1473.25,12518
-7.61,1473.03,12529
-6.86,1472.98,12541
-7.52,1472.98,12553
-7.37,1473.58,12565
-7.72,1473.63,12576
-6.95,1473.68,12589
-7.07,1473.62,12600
-7.69,1473.21,12612
-7.62,1472.84,12623
-7.17,1472.70,12635
-7.41,1472.59,12647
-7.47,1472.79,12658
-7.13,1472.67,12670
-7.32,1472.78,12682
-7.42,1473.16,12694
-7.42,1473.57,12705
-7.78,1473.57,12718
-7.40,1473.31,12729
-6.96,1473.21,12741
-7.68,1472.94,12752
-7.37,1472.57,12765
-6.77,1472.91,12776
-7.68,1473.37,12788
-7.60,1473.56,12800
-7.26,1473.13,12812
-7.80,1472.69,12823
-7.10,1472.93,12835
-7.11,1473.29,12847
-7.66,1473.73,12859
-7.37,1473.68,12870
-7.52,1473.02,12882
-7.34,1472.88,12894
-7.00,1472.86,12905
-7.83,1473.00,12917
-7.18,1473.50,12929
-6.95,1473.58,12941
-8.14,1473.22,12952
-7.41,1473.13,12964
-7.71,1473.26,12976
-7.04,1473.09,12988
-7.25,1473.42,12999
-7.94,1472.81,13011
-7.33,1472.73,13023
-7.31,1472.75,13035
-7.04,1472.58,13046
-7.44,1473.34,13059
-7.63,1473.37,13070
-7.04,1473.73,13082
-7.88,1473.61,13093
-7.65,1473.11,13106
-6.84,1472.99,13117
-7.81,1473.32,13129
-7.34,1473.29,13140
-6.92,1473.22,13153
-8.00,1473.20,13164
-7.22,1472.83,13176
-7.13,1472.88,13188
-7.77,1473.02,13199
-6.69,1473.17,13211
-7.08,1473.41,13222
-8.03,1473.61,13235
-7.15,1473.11,13246
-6.95,1473.36,13258
-7.42,1473.19,13270
-7.67,1472.96,13282
-6.92,1473.11,13293
-6.99,1473.06,13305
-7.96,1473.23,13317
-7.31,1473.54,13329
-7.02,1473.58,13340
-7.57,1473.56,13352
-6.98,1473.42,13364
-7.99,1473.28,13376
-7.32,1473.43,13387
-7.20,1473.06,13400
-7.61,1472.39,13411
-6.96,1472.48,13423
-7.57,1472.25,13434
-7.66,1472.81,13447
-7.01,1473.57,13458
-7.50,1473.31,13469
-7.64,1473.44,13481
-7.08,1473.53,13493
-7.55,1472.98,13505
-7.40,1473.27,13516
-7.42,1473.31,13529
-7.59,1472.88,13540
-6.84,1472.46,13552
-6.98,1472.33,13563
-7.84,1472.72,13576
-7.57,1473.55,13587
-6.74,1473.48,13599
-7.47,1473.66,13611
-7.80,1473.65,13623
-7.26,1473.37,13634
-7.28,1473.55,13646
-7.24,1473.87,13658
-7.52,1473.37,13670
-7.48,1473.16,13681
-7.44,1473.06,13693
-7.16,1473.01,13705
-6.85,1473.34,13717
-7.90,1473.34,13728
-7.89,1473.50,13741
-7.22,1473.37,13752
-7.22,1473.37,13763
-7.78,1473.42,13775
-7.80,1473.63,13787
-7.04,1473.44,13799
-7.13,1473.32,13810
-8.04,1472.89,13822
-7.48,1472.36,13834
-6.70,1473.13,13846
-7.72,1473.19,13857
-7.57,1472.95,13870
-6.98,1473.31,13881
-7.72,1473.26,13893
-7.27,1473.37,13904
-6.74,1473.78,13917
-7.88,1473.70,13928
-7.86,1473.68,13940
-6.76,1473.12,13952
-7.37,1472.38,13964
-7.48,1472.90,13975
-6.96,1473.03,13987
-7.67,1473.00,13999
-7.42,1473.39,14011
-7.09,1473.12,14022
-7.59,1473.04,14034
-7.44,1473.30,14046
-7.45,1473.36,14057
-7.60,1473.15,14069
-7.40,1473.18,14081
-7.48,1472.76,14093
-7.23,1472.81,14104
-7.11,1473.23,14116
-7.32,1473.16,14128
-7.40,1473.33,14140
-7.42,1473.21,14151
-7.42,1473.21,14163
-7.26,1473.46,14175
-7.30,1473.05,14187
-7.41,1473.20,14198
-7.62,1473.11,14211
-7.52,1472.75,14222
-7.19,1472.76,14234
-7.63,1472.75,14245
-7.54,1472.84,14258
-7.40,1472.99,14269
-7.52,1473.11,14281
-7.30,1472.86,14292
-7.71,1473.26,14305
-7.77,1473.33,14316
-7.31,1473.29,14327
-7.36,1473.17,14340
-7.59,1472.85,14351
-7.55,1472.78,14363
-7.41,1472.89,14374
-7.29,1472.98,14387
-7.35,1473.24,14398
-7.55,1473.52,14410
-7.52,1473.44,14422
-7.50,1473.97,14434
-7.44,1473.99,14445
-7.18,1473.23,14457
-7.44,1472.99,14469
-7.52,1473.13,14481
-7.02,1472.90,14492
-7.29,1473.27,14504
-7.71,1473.11,14516
-7.48,1472.86,14528
-7.24,1473.16,14539
-7.40,1473.08,14552
-7.22,1473.29,14563
-7.65,1473.23,14575
-7.81,1472.55,14586
-7.05,1472.60,14599
-7.20,1473.06,14610
-7.52,1472.91,14621
-7.06,1472.92,14633
-7.42,1473.17,14645
-7.66,1473.28,14657
-7.03,1473.10,14668
-7.13,1472.86,14681
-7.43,1473.10,14692
-7.52,1473.46,14704
-7.61,1473.44,14715
-7.33,1473.52,14728
-7.39,1473.10,14739
-7.69,1472.62,14751
-7.21,1472.57,14763
-7.11,1472.74,14775
-7.28,1472.50,14786
-7.62,1472.94,14798
-7.68,1472.92,14810
-7.13,1473.12,14822
-7.38,1473.63,14833
-7.38,1473.37,14845
-7.44,1473.25,14857
-7.34,1473.22,14869
-7.25,1472.99,14880
-7.48,1473.07,14892
-7.14,1473.14,14904
-7.01,1472.73,14915
-7.22,1472.89,14927
-7.54,1472.80,14939
-7.26,1472.94,14951
-7.26,1473.76,14962
-7.47,1473.72,14974
-7.60,1473.48,14986
-7.29,1473.47,14998
-7.54,1472.99,15009
-7.05,1472.73,15022
-7.24,1472.97,15033
-7.80,1472.75,15045
-6.91,1472.74,15056
-7.18,1472.70,15069
-7.41,1472.85,15080
-7.26,1473.24,15092
-7.73,1473.38,15104
-7.63,1473.37,15116
-6.96,1473.39,15127
-7.21,1472.89,15139
-7.62,1472.46,15151
-7.25,1472.61,15163
-7.57,1472.87,15174
-7.47,1472.92,15185
-6.92,1472.81,15198
-7.48,1472.49,15209
-7.38,1472.92,15221
-7.38,1473.50,15233
-7.45,1473.52,15245
-7.55,1473.49,15256
-7.93,1473.31,15268
-7.19,1473.25,15280
-7.12,1473.12,15292
-7.61,1473.13,15303
-7.27,1472.70,15315
-7.47,1472.51,15327
-7.33,1472.58,15339
-7.62,1473.02,15350
-7.49,1473.53,15363
-7.44,1473.33,15374
-7.69,1473.10,15386
-7.65,1472.81,15397
-7.08,1472.57,15410
-7.26,1472.77,15421
-7.61,1472.90,15433
-7.21,1473.00,15444
-7.76,1472.97,15457
-7.52,1472.62,15468
-6.96,1473.11,15479
-7.49,1473.80,15492
-7.65,1473.72,15503
-7.55,1473.85,15515
-7.35,1473.69,15526
-7.47,1473.44,15539
-7.25,1472.98,15550
-7.12,1472.74,15562
-7.36,1472.65,15574
-7.76,1472.99,15586
-7.37,1473.36,15597
-6.79,1473.38,15609
-7.50,1473.40,15621
-7.75,1473.54,15633
-7.20,1473.57,15644
-7.59,1473.32,15656
-7.14,1472.91,15668
-7.30,1473.11,15680
-7.70,1473.32,15691
-6.72,1473.01,15704
-7.20,1473.12,15715
-7.86,1473.10,15727
-7.41,1473.29,15738
-7.22,1473.93,15750
-7.52,1474.01,15762
-7.76,1473.66,15773
-7.32,1473.00,15785
-7.45,1472.66,15797
-7.20,1472.63,15809
-6.91,1472.80,15820
-8.05,1473.07,15833
-7.68,1473.16,15844
-6.83,1473.21,15856
-7.40,1472.97,15867
-7.36,1472.70,15880
-7.24,1473.06,15891
-7.92,1473.53,15903
-7.40,1473.28,15915
-7.26,1472.70,15927
-7.81,1472.88,15938
-7.16,1472.98,15950
-6.91,1472.73,15962
-7.29,1472.79,15974
-7.33,1472.98,15985
-7.57,1473.37,15997
-7.23,1473.56,16009
-6.97,1473.69,16020
-7.50,1473.78,16032
-7.92,1473.61,16044
-7.56,1473.52,16056
-7.27,1473.17,16067
-7.17,1472.85,16079
-7.59,1472.98,16091
-7.63,1472.94,16103
-7.14,1472.89,16114
-7.14,1473.10,16126
-7.37,1472.94,16138
-7.61,1473.43,16150
-7.56,1473.81,16161
-7.18,1473.49,16174
-7.47,1473.61,16185
-7.77,1473.10,16197
-7.51,1472.64,16208
-6.84,1472.85,16221
-7.10,1472.53,16232
-7.44,1472.22,16244
-7.25,1472.72,16256
-7.49,1473.00,16268
-7.24,1473.45,16279
-7.39,1473.56,16291
-7.66,1473.53,16303
-7.39,1473.77,16314
-7.49,1473.29,16326
-7.54,1472.72,16337
-7.18,1472.82,16350
-7.75,1472.75,16361
-7.05,1472.50,16373
-6.64,1472.48,16385
-7.73,1472.77,16397
-7.37,1473.80,16408
-7.05,1474.33,16420
-8.17,1473.79,16432
-7.65,1473.45,16444
-7.18,1473.22,16455
-7.59,1473.04,16467
-6.89,1473.13,16479
-7.43,1472.69,16491
-7.96,1472.45,16502
-6.71,1472.59,16515
-6.85,1472.48,16526
-7.51,1472.70,16538
-7.46,1473.72,16549
-7.27,1473.73,16562
-7.42,1473.73,16573
-7.50,1473.50,16584
-7.53,1473.27,16596
-7.66,1473.12,16608
-7.09,1472.80,16620
-7.23,1472.20,16631
-7.70,1472.18,16644
-6.95,1472.06,16655
-6.92,1472.65,16667
-7.67,1473.40,16678
-7.20,1473.57,16691
-7.58,1473.66,16702
-8.18,1473.97,16714
-6.84,1473.37,16726
-6.78,1472.83,16738
-7.95,1472.42,16749
-7.77,1472.19,16761
-6.15,1472.71,16773
-7.73,1472.85,16785
-8.34,1473.06,16796
-6.28,1473.39,16808
-7.85,1473.32,16820
-7.93,1473.54,16832
-6.53,1473.44,16843
-8.28,1473.29,16856
-7.63,1473.67,16867
-6.46,1473.10,16878
-7.99,1472.66,16890
-7.40,1472.91,16902
-7.39,1473.08,16914
-7.61,1472.97,16925
-8.20,1473.45,16937
-8.53,1473.26,16949
-6.22,1473.06,16961
-7.69,1473.87,16972
-7.69,1473.23,16985
-7.07,1473.21,16996
-8.02,1473.05,17008
-6.90,1472.75,17019
-6.97,1472.62,17032
-7.49,1472.44,17043
-7.13,1472.71,17055
-8.04,1473.27,17067
-7.07,1473.55,17079
-6.69,1473.17,17090
-8.60,1473.02,17102
-6.98,1473.07,17114
-6.31,1472.97,17126
-8.15,1473.01,17137
-7.32,1473.00,17148
-7.53,1472.92,17161
-7.84,1472.82,17172
-6.26,1472.98,17184
-7.62,1473.08,17196
-8.27,1472.90,17208
-6.62,1473.25,17219
-7.45,1473.46,17231
-7.51,1473.30,17243
-7.03,1473.19,17255
-8.13,1473.18,17266
-7.04,1473.03,17278
-6.50,1472.96,17290
-8.04,1473.00,17302
-8.08,1472.90,17313
-6.51,1473.28,17326
-8.29,1473.78,17337
-7.18,1473.58,17349
-7.48,1473.36,17360
-7.44,1472.97,17373
-6.56,1472.43,17384
-7.53,1472.77,17396
-7.70,1472.94,17408
-6.87,1473.27,17420
-7.20,1473.13,17431
-7.73,1472.95,17442
-7.69,1472.95,17455
-7.36,1473.17,17466
-6.87,1473.41,17478
-7.57,1473.16,17489
-7.89,1472.95,17502
-6.98,1473.46,17513
-7.43,1473.56,17525
-7.03,1473.22,17537
-7.33,1473.07,17549
-8.11,1472.79,17560
-6.65,1473.06,17572
-7.28,1473.17,17584
-7.72,1473.25,17596
-6.90,1473.29,17607
-8.24,1473.34,17619
-7.13,1473.50,17631
-6.74,1473.27,17643
-8.43,1473.40,17654
-6.93,1473.55,17667
-7.05,1473.05,17678
-8.06,1473.02,17690
-6.65,1473.21,17701
-7.41,1473.15,17713
-7.59,1473.44,17725
-7.93,1473.50,17736
-7.54,1473.03,17748
-6.75,1472.91,17760
-8.32,1473.05,17772
-6.96,1473.10,17783
-6.77,1473.01,17796
-8.40,1472.99,17807
-7.02,1473.01,17819
-6.92,1473.17,17830
-8.18,1473.09,17843
-7.34,1473.36,17854
-7.53,1473.53,17866
-7.88,1473.14,17878
-5.68,1473.61,17890
-8.83,1473.44,17901
-7.82,1473.46,17913
-5.54,1473.26,17925
-9.72,1473.05,17937
-6.93,1472.73,17948
-5.62,1472.34,17960
-9.26,1472.74,17972
-6.25,1472.97,17984
-6.98,1473.19,17995
-9.24,1473.74,18007
-6.17,1473.58,18019
-7.02,1473.44,18030
-8.17,1473.23,18042
-6.68,1473.05,18054
-8.38,1472.81,18066
-7.21,1472.46,18077
-6.48,1472.95,18089
-8.90,1473.01,18101
-6.54,1473.35,18113
-8.65,1473.67,18124
-5.73,1473.33,18137
-8.05,1472.67,18148
-7.73,1472.96,18160
-6.02,1473.21,18171
-8.86,1473.23,18184
-6.75,1473.30,18195
-6.74,1472.83,18207
-8.85,1472.64,18219
-5.68,1473.32,18231
-7.37,1472.91,18242
-8.61,1473.09,18254
-6.30,1473.25,18266
-8.18,1473.05,18277
-7.62,1473.19,18289
-5.89,1473.28,18300
-8.46,1473.10,18313
-7.86,1473.54,18324
-6.35,1473.39,18336
-8.08,1472.99,18348
-7.00,1472.82,18360
-6.99,1472.89,18371
-8.22,1473.23,18383
-6.75,1473.16,18395
-7.34,1473.06,18407
-7.90,1473.16,18418
-6.94,1473.25,18430
-7.07,1473.46,18442
-7.58,1473.92,18454
-7.47,1473.95,18465
-7.78,1473.41,18478
-7.66,1473.06,18489
-6.96,1472.39,18501
-6.75,1472.25,18512
-7.67,1472.60,18525
-6.77,1472.86,18536
-7.51,1473.55,18548
-7.84,1473.40,18560
-6.98,1473.40,18571
-7.75,1473.56,18583
-7.64,1473.55,18594
-6.72,1472.91,18607
-7.68,1472.70,18618
-7.60,1472.63,18630
-6.54,1472.71,18641
-7.21,1472.87,18654
-7.86,1472.71,18665
-7.39,1472.62,18677
-7.36,1473.01,18689
-7.27,1473.17,18701
-7.05,1473.35,18712
-7.92,1473.46,18724
-7.90,1473.21,18736
-6.78,1473.07,18748
-7.36,1472.65,18759
-7.75,1472.76,18771
-7.41,1472.89,18783
-7.36,1472.50,18795
-6.86,1472.73,18806
-6.94,1473.35,18819
-8.03,1473.56,18830
-7.86,1473.83,18841
-6.98,1473.78,18853
-7.62,1473.04,18865
-7.72,1472.95,18877
-7.39,1472.88,18888
-7.62,1472.66,18900
-6.90,1473.14,18912
-7.99,1473.03,18924
-7.08,1473.13,18935
-7.08,1473.48,18948
-7.38,1473.10,18959
-7.58,1473.27,18971
-7.73,1473.54,18982
-7.31,1473.05,18995
-7.43,1473.01,19006
-7.38,1472.98,19018
-7.51,1473.05,19030
-8.09,1473.40,19042
-7.41,1473.17,19053
-6.96,1472.86,19065
-6.98,1473.15,19077
-7.59,1472.76,19089
-8.10,1473.00,19100
-7.44,1474.04,19112
-7.06,1473.90,19124
-7.68,1473.73,19135
-7.73,1473.28,19147
-6.70,1472.79,19159
-7.50,1473.03,19171
-7.63,1473.15,19182
-7.28,1472.47,19194
-7.58,1472.90,19206
-7.18,1472.99,19218
-6.95,1473.38,19229
-7.42,1473.63,19241
-8.23,1473.79,19253
-7.40,1473.40,19265
-6.73,1473.27,19276
-7.85,1473.16,19289
-7.72,1473.33,19300
-6.90,1473.61,19312
-7.37,1473.32,19323
-7.89,1472.93,19336
-7.83,1472.77,19347
-6.50,1472.69,19359
-7.21,1472.86,19371
-7.90,1472.95,19383
-7.31,1473.57,19394
-7.82,1473.76,19405
-7.44,1473.58,19418
-6.89,1473.52,19429
-7.99,1473.00,19441
-7.74,1472.55,19452
-6.99,1472.68,19465
-7.70,1472.86,19476
-7.14,1473.02,19488
-7.20,1473.30,19500
-7.74,1473.42,19512
-7.36,1473.17,19523
-7.48,1473.42,19535
-7.42,1473.34,19547
-7.51,1473.21,19559
-7.66,1473.55,19570
-7.20,1473.33,19582
-7.14,1472.79,19594
-7.59,1472.69,19606
-7.45,1472.67,19617
-7.27,1473.05,19630
-7.49,1473.17,19641
-6.96,1473.09,19653
-7.47,1473.44,19664
-8.04,1473.81,19677
-7.44,1474.07,19688
-7.43,1473.94,19699
-7.77,1473.80,19712
-7.38,1472.98,19723
-6.85,1472.55,19735
-7.54,1472.36,19746
-7.53,1472.56,19759
-7.36,1473.02,19770
-7.46,1473.38,19782
-7.20,1473.39,19793
-7.47,1473.42,19806
-7.45,1473.47,19817
-7.34,1473.55,19829
-7.05,1473.23,19841
-7.24,1473.08,19853
-7.88,1473.05,19864
-7.71,1472.77,19876
-6.91,1473.20,19888
-7.25,1473.11,19900
-7.33,1473.13,19911
-7.65,1472.95,19923
-7.92,1473.18,19935
-7.41,1473.31,19947
-7.06,1473.58,19958
-7.92,1473.76,19971
-7.95,1473.59,19982
-7.11,1473.28,19993
-6.95,1472.87,20005
-7.36,1472.69,20017
-7.88,1472.89,20029
-7.80,1472.95,20040
-7.00,1473.01,20052
-7.18,1473.15,20064
-7.64,1473.47,20076
-7.76,1473.48,20087
-7.50,1473.59,20100
-7.05,1473.22,20111
-7.70,1473.03,20123
-7.59,1472.98,20134
-7.45,1472.99,20147
-7.33,1472.91,20158
-6.74,1472.83,20170
-7.52,1472.50,20182
-8.05,1472.66,20194
-6.60,1473.27,20205
-7.01,1473.68,20217
-8.48,1473.79,20229
-7.27,1473.63,20241
-6.89,1473.27,20252
-7.85,1473.44,20263
-7.39,1473.13,20276
-6.81,1473.10,20287
-7.67,1473.05,20299
-7.66,1472.19,20311
-6.64,1472.45,20323
-7.44,1473.18,20334
-7.31,1473.60,20346
-7.00,1473.63,20358
-8.57,1473.57,20370
-7.70,1473.32,20381
-6.67,1472.85,20393
-7.55,1472.74,20405
-7.42,1472.51,20417
-6.82,1472.90,20428
-7.32,1472.52,20441
-7.61,1472.59,20452
-7.03,1472.93,20464
-7.31,1473.36,20475
-7.36,1473.72,20488
-7.18,1473.49,20499
-7.79,1473.74,20511
-7.97,1473.78,20523
-6.90,1473.18,20535
-7.49,1473.22,20546
-7.75,1473.06,20557
-6.53,1472.37,20570
-7.63,1472.10,20581
-7.28,1472.83,20593
-6.59,1473.17,20604
-8.12,1473.67,20617
-7.51,1473.99,20628
-7.04,1473.70,20640
-8.18,1473.54,20652
-6.95,1473.29,20664
-6.74,1472.93,20675
-8.05,1472.77,20687
-7.46,1472.70,20699
-7.17,1472.32,20711
-7.37,1472.91,20722
-7.03,1473.26,20734
-7.92,1473.23,20746
-7.43,1473.51,20758
-6.93,1473.65,20769
-8.02,1473.86,20782
-7.45,1473.88,20793
-7.01,1474.09,20805
-8.07,1473.72,20816
-7.36,1473.13,20828
-6.82,1472.77,20840
-7.34,1472.24,20851
-7.07,1472.45,20864
-7.01,1473.41,20875
-7.60,1474.04,20887
-7.57,1473.56,20898
-7.45,1473.49,20911
-7.72,1473.69,20922
-6.94,1473.28,20934
-6.83,1473.30,20945
-8.13,1472.89,20958
-7.61,1472.29,20969
-6.75,1472.58,20981
-7.52,1472.97,20993
-7.12,1473.24,21005
-6.96,1473.47,21016
-8.36,1473.68,21028
-7.80,1473.44,21040
-6.64,1473.19,21052
-7.65,1473.21,21063
-7.73,1473.07,21075
-7.09,1473.24,21087
-7.64,1473.04,21099
-7.68,1473.16,21110
-7.10,1472.79,21122
-7.08,1472.39,21134
-7.68,1473.05,21145
-7.36,1473.13,21157
-6.72,1473.93,21169
-7.54,1474.11,21181
-8.17,1473.51,21192
-7.18,1473.34,21204
-7.37,1473.37,21216
-7.62,1472.75,21228
-7.02,1472.88,21239
-7.44,1472.92,21252
-7.71,1472.81,21263
-7.11,1473.06,21275
-7.38,1473.40,21286
-7.43,1473.55,21299
-7.33,1473.65,21310
-7.19,1473.22,21322
-7.31,1473.15,21334
-7.86,1473.31,21346
-7.20,1473.00,21357
-6.88,1473.14,21369
-7.56,1473.22,21381
-7.51,1473.15,21392
-7.51,1473.16,21404
-7.10,1472.97,21415
-6.88,1473.13,21428
-7.74,1473.35,21439
-7.65,1473.46,21451
-7.36,1473.92,21463
-7.53,1473.78,21475
-7.38,1473.11,21486
-7.35,1472.31,21498
-7.63,1472.37,21510
-7.00,1472.36,21522
-6.77,1472.38,21533
-7.91,1472.91,21545
-7.44,1473.04,21557
-7.00,1473.43,21569
-7.50,1473.82,21580
-7.49,1473.48,21593
-7.81,1473.57,21604
-7.57,1473.24,21616
-7.20,1472.60,21627
-7.14,1472.88,21640
-7.20,1473.09,21651
-7.39,1473.05,21663
-7.68,1472.96,21675
-7.41,1472.91,21686
-7.48,1472.70,21698
-7.21,1473.07,21709
-7.39,1473.24,21722
-7.33,1473.61,21733
-7.14,1473.79,21745
-7.96,1472.93,21756
-7.35,1472.50,21769
-6.60,1472.36,21780
-7.44,1471.98,21792
-7.37,1472.46,21804
-7.43,1472.48,21816
-7.76,1472.82,21827
-7.00,1473.43,21839
-7.45,1473.28,21851
-7.82,1473.44,21863
-7.38,1473.46,21874
-7.59,1472.94,21886
-7.40,1472.45,21898
-7.04,1472.48,21910
-7.51,1472.51,21921
-7.44,1473.08,21934
-7.12,1473.16,21945
-7.55,1472.92,21956
-7.42,1473.09,21968
-7.49,1473.26,21980
-7.38,1473.62,21992
-7.29,1473.80,22003
-7.89,1473.57,22016
-7.65,1473.59,22027
-7.40,1473.26,22039
-7.37,1472.75,22050
-7.42,1472.64,22063
-7.45,1472.53,22074
-7.22,1472.55,22086
-7.20,1473.23,22097
-7.49,1473.56,22110
-7.67,1473.59,22121
-7.52,1473.92,22133
-7.26,1473.71,22145
-7.54,1473.26,22157
-7.75,1472.89,22168
-7.11,1472.37,22180
-6.89,1472.48,22192
-7.24,1472.65,22204
-7.59,1472.67,22215
-7.67,1473.24,22227
-7.38,1473.59,22239
-7.09,1473.44,22250
-7.57,1473.51,22262
-8.17,1473.17,22274
-7.22,1473.28,22286
-6.87,1473.45,22297
-7.74,1473.17,22309
-7.73,1473.21,22321
-7.40,1472.90,22333
-6.93,1472.62,22344
-7.17,1472.58,22356
-7.54,1472.75,22368
-7.41,1473.11,22380
-7.55,1473.48,22391
-7.45,1474.00,22404
-7.37,1473.75,22415
-7.93,1473.36,22427
-7.36,1472.73,22438
-6.79,1472.40,22451
-7.55,1472.67,22462
-7.77,1472.80,22474
-7.07,1472.79,22486
-7.72,1473.04,22498
-7.02,1473.25,22509
-7.61,1473.72,22521
-7.55,1473.74,22533
-7.10,1473.17,22544
-7.71,1472.89,22556
-7.73,1473.28,22567
-7.49,1472.79,22580
-7.05,1472.48,22591
-7.42,1472.73,22603
-7.93,1472.53,22615
-7.16,1472.89,22627
-6.85,1473.00,22638
-7.36,1473.28,22650
-7.94,1473.64,22662
-7.50,1473.42,22674
-7.18,1473.59,22685
-7.32,1473.46,22697
-7.53,1472.85,22709
-7.67,1472.82,22721
-6.84,1472.19,22732
-6.78,1471.94,22745
-7.61,1472.54,22756
-7.50,1473.34,22768
-7.63,1474.06,22779
-7.33,1474.17,22792
-7.12,1473.72,22803
-7.71,1473.24,22814
-7.55,1473.41,22827
-7.18,1473.39,22838
-7.36,1473.07,22850
-7.48,1473.12,22861
-7.28,1472.50,22874
-6.66,1472.43,22885
-7.27,1472.76,22897
-8.33,1472.83,22908
-7.34,1472.99,22921
-7.31,1473.19,22932
-7.50,1473.23,22944
-7.17,1473.40,22956
-7.84,1473.67,22968
-7.58,1473.52,22979
-7.13,1473.09,22991
-7.63,1472.55,23003
-7.19,1472.08,23015
-6.87,1472.68,23026
-7.39,1472.92,23038
-7.29,1473.32,23050
-7.67,1473.38,23062
-7.81,1473.56,23073
-7.35,1473.86,23086
-7.53,1473.61,23097
-7.43,1473.15,23108
-7.21,1473.06,23120
-7.82,1472.35,23132
-7.28,1472.24,23144
-6.94,1472.59,23155
-7.31,1472.70,23168
-7.09,1473.13,23179
-7.77,1473.65,23191
-7.80,1473.71,23202
-7.35,1473.66,23215
-7.70,1473.69,23226
-7.25,1473.65,23238
-7.45,1473.42,23249
-8.09,1473.21,23262
-7.18,1472.39,23273
-7.66,1472.26,23285
-7.05,1472.36,23297
-7.20,1472.56,23309
-7.32,1473.36,23320
-7.55,1473.42,23332
-7.93,1473.47,23344
-7.27,1473.69,23356
-7.48,1473.38,23367
-7.63,1472.68,23379
-6.73,1472.54,23391
-7.49,1472.00,23402
-7.55,1471.93,23414
-6.71,1472.32,23426
-7.76,1472.74,23438
-7.70,1473.43,23449
-6.79,1473.52,23461
-7.57,1473.39,23473
-7.89,1474.03,23485
-7.45,1473.91,23496
-7.35,1473.69,23508
-7.19,1473.06,23520
-7.60,1472.43,23532
-7.55,1472.66,23543
-7.18,1473.00,23556
-7.23,1473.02,23567
-6.99,1473.20,23579
-7.33,1473.00,23590
-8.18,1473.05,23603
-7.65,1473.48,23614
-6.78,1474.03,23626
-7.45,1474.13,23638
-7.80,1473.50,23650
-7.56,1472.93,23661
-7.28,1472.85,23672
-7.14,1472.89,23685
-7.70,1472.72,23696
-7.55,1473.02,23708
-7.19,1473.50,23719
-7.20,1473.63,23732
-7.29,1473.43,23743
-7.83,1473.02,23755
-8.09,1473.26,23767
-6.84,1473.67,23779
-7.21,1473.07,23790
-8.10,1472.79,23802
-6.57,1472.83,23814
-7.62,1472.83,23826
-7.79,1472.80,23837
-6.32,1473.06,23849
-7.89,1472.71,23861
-7.98,1472.98,23873
-6.55,1473.55,23884
-7.50,1473.47,23897
-8.15,1473.46,23908
-7.23,1473.67,23920
-7.05,1473.59,23931
-7.45,1473.86,23944
-7.54,1473.46,23955
-7.49,1472.96,23966
-7.19,1473.08,23979
-7.47,1472.77,23990
-6.93,1473.18,24002
-7.15,1473.95,24013
-8.59,1474.06,24026
-7.38,1473.73,24037
-6.53,1473.22,24049
-7.99,1472.83,24060
-7.17,1472.51,24073
-7.29,1472.72,24084
-6.89,1473.07,24096
-7.97,1472.82,24108
-7.88,1473.06,24120
-6.88,1472.99,24131
-7.28,1473.25,24143
-7.09,1473.53,24155
-7.84,1473.57,24167
-8.09,1473.09,24178
-6.62,1472.75,24190
-6.89,1472.59,24202
-8.05,1472.67,24214
-7.54,1472.75,24225
-7.60,1473.04,24238
-7.42,1472.56,24249
-6.50,1472.42,24260
-7.73,1472.79,24272
-8.00,1473.31,24284
-6.86,1473.33,24296
-7.72,1473.59,24307
-7.39,1473.44,24320
-7.42,1472.86,24331
-7.71,1473.25,24343
-7.05,1472.91,24354
-6.94,1473.28,24367
-7.98,1473.48,24378
-8.09,1473.29,24390
-7.10,1473.35,24401
-6.70,1473.11,24414
-7.64,1473.20,24425
-8.35,1473.20,24437
-7.22,1473.15,24449
-6.81,1473.39,24461
-7.33,1473.40,24472
-7.35,1473.00,24484
-7.93,1472.98,24496
-6.68,1473.03,24508
-7.67,1472.76,24519
-8.49,1472.98,24530
-6.61,1472.96,24543
-7.18,1472.79,24554
-7.51,1472.73,24566
-7.26,1473.01,24578
-8.27,1472.88,24590
-7.32,1473.31,24601
-7.06,1473.28,24613
-8.00,1472.70,24625
-7.33,1472.84,24637
-7.43,1472.80,24648
-7.36,1472.93,24660
-6.82,1473.31,24672
-8.02,1473.20,24684
-7.91,1472.83,24695
-6.58,1472.70,24708
-7.49,1472.66,24719
-7.68,1472.98,24731
-7.10,1473.34,24742
-7.58,1473.52,24755
-7.47,1473.77,24766
-7.66,1473.36,24778
-7.75,1473.21,24790
-7.23,1473.14,24802
-7.46,1472.66,24813
-7.20,1472.58,24824
-7.33,1472.88,24837
-7.65,1473.08,24848
-7.46,1473.55,24860
-7.77,1473.82,24871
-7.76,1473.40,24884
-6.95,1473.06,24895
-7.53,1472.72,24907
-7.20,1472.52,24919
-7.19,1472.79,24931
-8.25,1473.23,24942
-7.11,1473.15,24954
-6.52,1473.02,24966
-7.51,1472.68,24978
-7.47,1472.58,24989
-7.15,1472.81,25001
-7.58,1472.92,25013
-7.34,1473.23,25025
-7.70,1473.06,25036
-7.71,1473.18,25049
-6.94,1473.37,25060
-7.50,1473.25,25072
-7.49,1473.04,25083
-7.05,1473.17,25095
-8.01,1472.70,25107
-7.37,1472.73,25118
-6.73,1473.21,25131
-7.67,1473.29,25142
-7.47,1473.37,25154
-7.52,1472.99,25165
-7.41,1473.00,25178
-7.02,1473.40,25189
-7.98,1473.73,25201
-7.55,1473.45,25212
-7.05,1473.32,25225
-7.64,1473.07,25236
-7.35,1472.61,25248
-6.71,1472.29,25260
-7.76,1472.49,25272
-7.30,1472.67,25283
-7.48,1473.08,25295
-7.10,1473.06,25307
-6.87,1473.10,25319
-7.66,1473.21,25330
-7.50,1473.49,25342
-7.53,1473.19,25354
-7.38,1472.54,25366
-6.71,1472.49,25377
-7.74,1472.64,25389
-8.14,1472.52,25401
-5.49,1472.69,25412
-8.41,1473.57,25424
-8.60,1473.49,25436
-5.34,1473.35,25448
-9.13,1474.16,25459
-8.03,1473.78,25472
-5.30,1473.33,25483
-9.06,1473.01,25495
-7.79,1472.36,25506
-5.62,1471.94,25519
-8.32,1472.09,25530
-7.22,1472.70,25542
-6.99,1473.21,25553
-8.24,1473.81,25566
-6.49,1474.19,25577
-7.72,1474.09,25589
-8.14,1474.21,25601
-6.96,1473.60,25613
-8.32,1473.05,25624
-6.62,1472.96,25636
-7.28,1472.46,25648
-5.58,1472.30,25660
-7.21,1472.31,25671
-8.31,1472.64,25682
-6.44,1473.21,25695
-8.84,1473.73,25706
-6.80,1474.24,25718
-5.91,1474.06,25730
-9.77,1473.57,25742
-6.67,1473.34,25753
-6.12,1472.66,25765
-8.66,1472.15,25777
-6.14,1472.14,25789
-7.44,1472.17,25800
-8.51,1472.72,25812
-5.41,1474.05,25824
-7.96,1473.71,25836
-8.82,1473.62,25847
-6.42,1474.21,25860
-8.39,1473.79,25871
-7.26,1473.19,25883
-6.24,1473.08,25894
-8.93,1472.41,25907
-7.25,1472.16,25918
-6.40,1471.90,25930
-7.61,1472.45,25942
-7.46,1472.99,25953
-7.45,1473.66,25965
-7.19,1474.52,25976
-7.89,1474.62,25989
-7.67,1474.17,26000
-7.15,1473.36,26012
-8.24,1472.98,26023
-6.69,1472.70,26036
-6.29,1472.39,26047
-7.18,1472.43,26059
-6.07,1472.13,26071
-8.00,1472.43,26083
-7.56,1473.67,26094
-7.17,1474.02,26106
-8.52,1474.53,26118
-7.44,1474.18,26130
-6.45,1473.36,26141
-7.77,1473.26,26153
-8.25,1472.79,26165
-6.38,1471.99,26177
-6.64,1472.08,26188
-8.44,1472.37,26201
-6.66,1472.80,26212
-6.73,1473.36,26224
-7.84,1473.73,26235
-6.63,1474.08,26247
-8.40,1474.38,26259
-8.26,1473.99,26270
-6.15,1473.65,26283
-7.61,1472.84,26294
-7.59,1472.49,26306
-7.28,1472.45,26317
-8.39,1472.00,26330
-6.57,1472.19,26341
-6.33,1472.64,26353
-8.16,1472.66,26364
-7.47,1473.73,26377
-7.34,1474.40,26388
-8.33,1474.00,26400
-6.91,1473.99,26412
-7.51,1473.39,26424
-8.19,1472.64,26435
-6.66,1473.01,26447
-6.19,1472.24,26459
-9.17,1472.36,26471
-7.73,1472.54,26482
-4.25,1473.08,26494
-9.15,1473.24,26506
-8.40,1474.19,26518
-6.00,1473.96,26529
-9.29,1473.55,26541
-6.85,1473.20,26553
-5.76,1472.38,26564
-9.31,1472.29,26576
-6.48,1472.37,26588
-6.64,1472.12,26600
-8.77,1472.43,26611
-6.50,1472.95,26624
-7.52,1473.05,26635
-7.71,1473.50,26647
-6.71,1474.02,26658
-8.75,1473.68,26671
-7.40,1473.16,26682
-7.09,1472.96,26694
-7.76,1472.22,26705
-6.14,1471.94,26718
-8.17,1472.02,26729
-7.23,1472.11,26741
-5.81,1472.40,26753
-8.80,1473.45,26765
-7.39,1474.08,26776
-6.81,1474.07,26788
-8.82,1474.26,26800
-6.66,1473.68,26811
-7.12,1472.95,26823
-8.62,1473.19,26834
-7.73,1472.65,26847
-8.18,1472.26,26858
-6.14,1472.37,26870
-7.81,1472.44,26882
-7.22,1472.55,26894
-6.67,1473.05,26905
-8.54,1473.55,26917
-7.04,1473.78,26929
-6.87,1474.24,26941
-8.78,1474.19,26952
-7.05,1473.70,26964
-6.80,1473.24,26976
-8.15,1472.54,26988
-7.10,1471.93,26999
-6.22,1471.91,27012
-7.71,1471.97,27023
-7.38,1472.71,27035
-6.57,1473.50,27046
-8.29,1474.23,27059
-8.33,1474.45,27070
-6.78,1473.89,27082
-6.99,1473.57,27094
-7.49,1472.78,27105
-7.72,1472.37,27117
-7.40,1472.20,27128
-6.98,1472.32,27141
-7.33,1472.54,27152
-6.92,1472.90,27164
-7.21,1473.51,27175
-7.61,1473.50,27188
-6.95,1474.03,27199
-8.10,1474.24,27211
-8.29,1473.87,27223
-6.89,1473.66,27235
-7.24,1473.04,27246
-6.61,1472.21,27258
-8.30,1471.89,27270
-7.13,1471.75,27282
-6.11,1472.10,27293
-7.96,1472.78,27305
-7.88,1473.67,27317
-7.40,1474.17,27329
-7.72,1474.41,27340
-7.06,1474.22,27353
-7.88,1473.35,27364
-8.04,1472.68,27375
-6.85,1472.11,27387
-7.86,1471.89,27399
-6.89,1471.93,27411
-6.70,1471.85,27422
-8.40,1472.56,27435
-6.64,1472.70,27446
-6.70,1473.27,27458
-8.46,1474.16,27469
-7.65,1474.09,27482
-7.12,1474.34,27493
-7.77,1473.79,27505
-7.10,1472.98,27516
-7.11,1472.70,27529
-8.24,1472.26,27540
-6.95,1471.96,27552
-6.68,1472.10,27564
-7.88,1472.26,27576
-7.16,1472.83,27587
-7.24,1473.51,27599
-7.77,1474.24,27611
-7.43,1474.91,27623
-7.61,1474.77,27634
-7.88,1474.04,27646
-6.68,1473.05,27658
-6.77,1472.28,27669
-8.18,1471.88,27681
-7.22,1472.20,27693
-6.27,1472.39,27705
-7.69,1472.75,27716
-8.39,1473.33,27728
-7.45,1473.78,27740
-7.07,1474.24,27752
-7.44,1474.11,27763
-7.66,1473.34,27776
-8.24,1472.45,27787
-7.29,1472.39,27799
-6.57,1472.09,27810
-7.72,1472.19,27823
-7.45,1472.43,27834
-7.41,1472.12,27846
-7.12,1472.72,27857
-6.83,1473.43,27870
-7.82,1473.90,27881
-8.08,1474.49,27893
-7.71,1474.25,27905
-7.03,1473.14,27917
-7.28,1472.19,27928
-7.67,1471.68,27939
-7.40,1471.85,27952
-6.98,1472.52,27963
-6.78,1473.03,27975
-7.26,1473.00,27986
-7.89,1473.36,27999
-7.42,1474.08,28010
-7.45,1474.38,28022
-7.76,1474.32,28034
-7.47,1473.42,28046
-7.49,1472.75,28057
-6.92,1471.81,28069
-7.07,1471.63,28081
-7.88,1472.12,28093
-7.57,1472.32,28104
-6.82,1473.06,28116
-7.08,1473.52,28128
-7.46,1473.56,28140
-7.72,1473.81,28151
-7.54,1473.69,28164
-7.91,1473.30,28175
-7.52,1473.19,28187
-7.13,1472.87,28198
-8.00,1472.22,28211
-6.82,1472.22,28222
-6.90,1471.77,28233
-7.82,1471.75,28246
-6.78,1472.42,28257
-7.35,1473.28,28269
-7.91,1474.42,28280
-7.14,1474.85,28293
-7.99,1474.14,28304
-7.94,1473.71,28316
-6.91,1472.94,28327
-7.24,1472.15,28340
-7.51,1471.92,28351
-7.38,1471.96,28363
-7.08,1472.18,28375
-6.70,1472.94,28387
-7.55,1473.09,28398
-7.88,1473.48,28410
-7.63,1474.09,28422
-6.90,1474.07,28434
-6.97,1473.43,28445
-8.55,1473.31,28457
-7.10,1473.15,28469
-7.01,1472.81,28481
-7.63,1472.12,28492
-6.53,1471.33,28504
-7.85,1471.58,28516
-7.63,1472.25,28527
-6.33,1473.23,28539
-7.63,1474.14,28551
-8.32,1474.27,28563
-7.62,1474.15,28574
-7.41,1473.39,28587
-7.23,1472.78,28598
-7.16,1472.53,28610
-7.64,1472.27,28621
-7.48,1472.05,28634
-6.96,1472.19,28645
-6.90,1472.41,28657
-7.45,1472.97,28668
-8.05,1473.94,28681
-7.84,1474.26,28692
-7.54,1473.93,28704
-6.90,1474.27,28716
-8.05,1473.58,28728
-7.68,1473.31,28739
-6.30,1473.04,28751
-8.12,1472.38,28763
-7.80,1472.27,28775
-6.46,1472.44,28786
-7.52,1472.39,28797
-7.16,1472.96,28810
-6.99,1473.48,28821
-7.55,1474.30,28833
-7.70,1474.67,28845
-7.36,1474.29,28857
-7.42,1473.82,28868
-8.35,1473.03,28880
-6.23,1472.03,28892
-6.66,1471.53,28904
-8.55,1471.50,28915
-6.35,1472.02,28928
-7.51,1472.51,28939
-8.34,1473.22,28951
-6.20,1473.75,28962
-8.60,1473.80,28975
-8.16,1473.93,28986
-5.90,1473.70,28998
-8.16,1473.46,29009
-7.25,1472.90,29022
-6.78,1472.16,29033
-8.17,1471.72,29045
-6.27,1472.43,29057
-7.11,1472.66,29068
-8.17,1473.00,29080
-6.54,1473.53,29091
-7.71,1473.92,29104
-7.76,1474.52,29115
-6.99,1474.85,29127
-8.23,1474.32,29138
-7.39,1473.49,29151
-6.98,1472.64,29162
-7.79,1472.07,29174
-6.58,1471.97,29186
-7.20,1472.39,29198
-7.80,1473.13,29209
-6.76,1473.50,29221
-7.47,1473.73,29233
-6.75,1474.07,29245
-8.78,1474.21,29256
-7.37,1474.28,29268
-7.05,1473.60,29280
-8.29,1472.70,29292
-6.60,1471.89,29303
-7.00,1471.74,29316
-8.03,1472.03,29327
-6.71,1472.55,29339
-7.33,1472.91,29350
-7.85,1473.17,29362
-7.27,1473.73,29374
-7.92,1473.95,29385
-7.07,1474.10,29398
-7.03,1474.09,29409
-8.43,1473.43,29421
-7.25,1472.90,29432
-6.80,1472.46,29445
-7.34,1472.40,29456
-6.85,1472.34,29468
-7.61,1472.23,29479
-7.39,1473.06,29492
-6.94,1473.87,29503
-7.57,1474.30,29515
-7.34,1474.47,29527
-8.43,1474.11,29539
-8.17,1473.67,29550
-6.32,1472.70,29562
-7.46,1472.09,29574
-7.78,1471.99,29586
-6.64,1472.35,29597
-7.36,1472.96,29609
-7.17,1473.44,29621
-8.60,1473.83,29632
-7.83,1473.93,29644
-6.52,1473.94,29656
-7.92,1473.87,29668
-8.01,1473.33,29679
-7.03,1472.80,29691
-7.40,1472.83,29703
-6.94,1472.56,29715
-7.07,1472.33,29726
-7.92,1472.72,29739
-7.52,1472.83,29750
-6.74,1472.67,29762
-7.16,1473.05,29773
-8.03,1473.64,29786
-7.76,1473.95,29797
-7.39,1473.63,29809
-7.44,1472.93,29820
-7.41,1472.42,29833
-7.52,1472.12,29844
-7.09,1472.36,29856
-6.76,1472.66,29868
-7.89,1472.59,29880
-7.84,1473.02,29891
-6.95,1473.60,29903
-7.91,1473.48,29915
-7.17,1473.59,29926
-6.91,1473.40,29938
-8.52,1473.18,29949
-7.51,1473.00,29962
-6.58,1472.65,29973
-7.83,1472.60,29985
-7.43,1472.96,29997
-7.17,1472.74,30009
-7.14,1472.66,30020
-7.41,1473.17,30032
-7.60,1473.20,30044
-7.42,1473.51,30056
-7.86,1473.86,30067
-6.87,1473.34,30080
-7.30,1473.15,30091
-8.14,1472.75,30103
-6.74,1472.52,30114
-7.26,1472.65,30127
-7.66,1472.46,30138
-6.98,1472.43,30150
-7.67,1472.86,30161
-7.37,1473.50,30174
-7.08,1473.41,30185
-7.96,1473.29,30196
-7.51,1473.29,30209
-7.29,1472.70,30220
-7.49,1472.70,30232
-6.95,1472.75,30243
-8.12,1472.75,30256
-7.82,1472.78,30267
-6.29,1472.55,30279
-7.99,1472.86,30290
-7.89,1473.32,30303
-6.84,1473.61,30314
-7.94,1473.72,30326
-6.98,1473.36,30338
-7.03,1473.16,30350
-8.87,1473.04,30361
-7.07,1472.95,30373
-6.56,1472.64,30385
-7.72,1472.68,30397
-7.26,1472.98,30408
-7.09,1473.19,30420
-6.49,1473.46,30432
-8.18,1473.19,30444
-8.12,1473.13,30455
-7.27,1473.48,30468
-7.25,1472.99,30479
-6.44,1472.94,30490
-7.81,1472.49,30502
-8.51,1472.40,30514
-6.65,1473.01,30526
-7.38,1473.06,30537
-7.61,1473.55,30550
-7.16,1473.44,30561
-8.35,1473.47,30573
-7.06,1473.63,30584
-6.64,1473.22,30597
-8.28,1472.56,30608
-7.68,1472.52,30620
-6.79,1472.50,30631
-7.00,1472.59,30644
-7.61,1473.26,30655
-7.92,1473.40,30667
-7.29,1473.06,30679
-7.51,1473.93,30691
-7.77,1473.55,30702
-7.06,1473.30,30714
-7.87,1473.29,30726
-7.92,1473.03,30738
-6.41,1472.83,30749
-7.23,1472.64,30760
-7.98,1472.54,30773
-7.17,1472.67,30784
-7.39,1473.28,30796
-7.36,1473.23,30808
-7.67,1473.22,30820
-7.52,1473.29,30831
-7.23,1473.22,30843
-7.50,1473.00,30855
-7.57,1473.14,30867
-7.60,1472.77,30878
-7.54,1472.77,30891
-7.08,1472.79,30902
-7.17,1472.89,30914
-7.32,1473.17,30925
-7.67,1473.00,30938
-7.42,1473.43,30949
-7.11,1473.63,30961
-7.71,1473.28,30972
-7.26,1473.66,30985
-7.60,1473.51,30996
-7.55,1473.07,31008
-6.88,1472.80,31020
-7.61,1472.35,31032
-7.43,1472.55,31043
-6.85,1472.78,31054
-7.55,1472.92,31067
-7.47,1473.20,31078
-7.27,1473.78,31090
-7.54,1473.74,31101
-7.26,1473.75,31114
-7.52,1473.56,31125
-7.78,1473.43,31137
-7.62,1473.83,31149
-7.31,1473.41,31161
-7.05,1472.48,31172
-7.58,1472.29,31184
-7.37,1472.57,31196
-7.79,1473.20,31208
-7.59,1473.62,31219
-6.88,1473.69,31232
-8.35,1473.79,31243
-7.65,1473.60,31255
-6.66,1473.30,31266
-7.93,1472.83,31279
-7.68,1473.05,31290
-7.21,1472.88,31302
-7.86,1472.75,31313
-6.78,1472.32,31326
-6.58,1472.17,31337
-7.74,1472.93,31348
-8.04,1473.41,31361
-7.11,1474.00,31372
-7.17,1474.05,31384
-7.94,1473.53,31395
-7.85,1473.24,31408
-7.01,1473.03,31419
-7.18,1473.01,31431
-7.53,1472.89,31442
-7.41,1472.52,31455
-7.09,1472.40,31466
-7.38,1472.66,31478
-6.93,1473.09,31490
-7.28,1473.55,31502
-8.17,1474.10,31513
-7.41,1473.96,31525
-7.14,1473.25,31537
-7.30,1473.16,31549
-7.07,1472.78,31560
-7.90,1472.69,31572
-7.55,1472.94,31584
-6.45,1472.48,31596
-7.59,1472.75,31607
-7.15,1472.79,31619
-7.84,1473.33,31631
-7.60,1473.90,31642
-7.40,1473.86,31654
-7.96,1473.54,31666
-7.04,1473.23,31678
-7.10,1472.95,31689
-7.48,1472.59,31702
-7.25,1472.40,31713
-8.16,1472.27,31725
-7.33,1472.33,31736
-6.46,1473.06,31749
-7.87,1473.61,31760
-7.83,1473.79,31772
-7.18,1473.91,31783
-7.40,1473.56,31796
-7.04,1473.43,31807
-7.66,1473.04,31819
-7.87,1473.00,31831
-6.78,1472.95,31843
-7.17,1472.56,31854
-7.46,1472.70,31866
-7.11,1473.32,31878
-7.89,1473.14,31890
-7.09,1473.47,31901
-7.33,1473.82,31912
-8.50,1473.57,31925
-7.39,1473.45,31936
-7.03,1473.23,31948
-7.41,1472.75,31960
-7.16,1472.97,31972
-7.83,1472.66,31983
-7.75,1472.47,31995
-7.57,1473.13,32007
-7.94,1473.17,32019
-6.96,1473.25,32030
-7.70,1473.62,32043
-7.44,1473.42,32054
-6.94,1473.48,32066
-8.11,1473.13,32077
-7.13,1472.69,32090
-6.82,1472.67,32101
-7.60,1472.60,32113
-7.38,1472.49,32124
-7.81,1472.57,32137
-7.32,1472.99,32148
-6.85,1473.14,32160
-7.93,1473.49,32172
-7.60,1473.59,32184
-7.28,1473.56,32195
-7.61,1473.93,32206
-7.23,1473.45,32219
-7.54,1473.17,32230
-7.68,1472.59,32242
-7.08,1472.13,32253
-7.21,1472.57,32266
-7.23,1472.94,32277
-7.01,1473.31,32289
-7.77,1473.68,32301
-7.38,1473.33,32313
-7.17,1473.21,32324
-8.08,1473.34,32336
-7.30,1473.25,32348
-7.36,1472.84,32360
-7.88,1472.96,32371
-6.70,1472.61,32384
-7.54,1472.82,32395
-6.78,1473.51,32407
-7.55,1473.39,32418
-7.57,1473.45,32431
-7.09,1473.21,32442
-7.71,1472.93,32454
-7.79,1473.42,32465
-7.03,1473.42,32477
-7.34,1473.34,32489
-7.62,1472.99,32500
-7.08,1472.36,32513
-7.15,1472.32,32524
-7.08,1472.54,32536
-7.57,1472.70,32547
-7.90,1472.94,32560
-7.17,1473.21,32571
-7.45,1473.23,32583
-7.07,1473.18,32594
-7.39,1473.30,32607
-8.19,1473.46,32618
-7.49,1473.37,32630
-7.25,1473.10,32642
-7.13,1473.01,32654
-7.41,1473.15,32665
-7.38,1472.76,32677
-7.15,1472.71,32689
-7.53,1472.80,32701
-7.50,1472.55,32712
-7.56,1473.23,32724
-7.38,1473.64,32736
-7.25,1473.71,32748
-7.20,1473.58,32759
-7.48,1472.88,32771
-7.59,1472.46,32783
-7.37,1472.87,32794
-7.27,1473.22,32806
-7.39,1472.99,32818
-7.31,1472.92,32830
-7.17,1473.02,32841
-7.36,1473.08,32854
-7.63,1473.69,32865
-8.05,1473.73,32877
-7.47,1473.51,32888
-7.11,1472.96,32901
-7.50,1472.24,32912
-7.37,1472.41,32924
-7.37,1472.29,32935
-7.81,1472.59,32948
-6.95,1472.91,32959
-7.17,1473.06,32971
-8.08,1473.09,32983
-7.29,1473.67,32995
-7.14,1473.93,33006
-7.62,1474.02,33018
-7.64,1473.42,33030
-7.61,1472.57,33041
-7.13,1472.65,33053
-6.77,1472.40,33064
-6.74,1472.08,33077
-7.61,1472.77,33088
-7.94,1472.89,33100
-7.12,1473.02,33112
-7.10,1473.66,33124
-7.61,1473.79,33135
-7.39,1473.78,33147
-7.43,1473.86,33159
-7.69,1473.33,33171
-7.53,1472.82,33182
-7.35,1472.47,33195
-7.30,1472.22,33206
-7.03,1472.14,33218
-6.90,1472.35,33229
-7.72,1472.92,33242
-7.89,1473.49,33253
-7.16,1473.76,33265
-7.39,1473.75,33276
-7.55,1473.41,33289
-7.36,1472.81,33300
-7.52,1472.41,33312
-7.42,1472.77,33324
-7.40,1472.61,33335
-7.07,1472.79,33347
-7.18,1472.98,33358
-7.75,1472.70,33371
-7.52,1473.22,33382
-7.09,1473.58,33394
-7.61,1473.80,33405
-7.37,1473.77,33418
-6.90,1473.16,33429
-7.70,1472.66,33441
-7.67,1472.81,33453
-7.20,1473.04,33465
-7.39,1472.68,33476
-7.16,1472.97,33488
-7.12,1473.17,33500
-7.65,1473.20,33512
-7.17,1473.84,33523
-7.34,1474.04,33536
-7.93,1473.84,33547
-7.32,1473.31,33559
-7.31,1472.99,33570
-7.45,1473.17,33583
-7.29,1472.76,33594
-7.63,1473.00,33605
-7.78,1473.11,33617
-7.11,1472.76,33629
-7.28,1472.61,33641
-7.63,1472.97,33652
-7.12,1473.03,33665
-7.17,1473.17,33676
-7.52,1473.53,33688
-7.36,1473.33,33699
-7.37,1473.25,33712
-7.44,1473.29,33723
-7.37,1472.75,33735
-7.02,1472.87,33746
-7.02,1472.62,33759
-7.64,1472.61,33770
-7.21,1473.10,33782
-7.14,1473.11,33794
-7.65,1473.34,33806
-7.36,1473.19,33817
-7.45,1473.08,33829
-7.71,1473.28,33841
-7.12,1473.20,33853
-7.09,1472.98,33864
-7.66,1473.11,33876
-7.26,1472.76,33888
-7.35,1472.45,33899
-7.77,1472.93,33911
-7.12,1473.14,33923
-7.21,1473.12,33935
-7.51,1472.97,33946
-7.12,1472.67,33958
-7.39,1472.71,33970
-7.38,1473.35,33982
-7.62,1473.32,33993
-7.26,1473.27,34006
-7.09,1473.35,34017
-7.80,1473.17,34029
-7.46,1472.80,34040
-7.11,1472.71,34053
-7.57,1472.77,34064
-7.41,1472.80,34076
-7.19,1472.83,34087
-7.65,1473.16,34100
-7.33,1473.92,34111
-7.22,1473.80,34123
-7.99,1472.91,34135
-7.25,1472.50,34147
-7.00,1472.08,34158
-7.32,1472.64,34169
-6.97,1472.98,34182
-7.38,1473.25,34193
-7.52,1473.63,34205
-7.43,1473.33,34216
-7.32,1473.12,34229
-7.26,1473.29,34240
-7.56,1472.78,34252
-7.08,1473.26,34264
-6.90,1473.12,34276
-7.88,1472.80,34287
-7.55,1473.17,34299
-7.27,1473.00,34311
-7.46,1472.92,34323
-7.13,1472.78,34334
-7.18,1472.84,34347
-7.60,1473.14,34358
-7.18,1473.41,34370
-7.78,1473.80,34381
-7.53,1473.59,34394
-7.22,1473.33,34405
-7.25,1472.74,34417
-7.09,1472.44,34428
-7.25,1472.43,34441
-7.22,1472.66,34452
-7.50,1473.11,34463
-7.70,1473.30,34476
-7.42,1473.00,34487
-7.67,1473.13,34499
-7.52,1473.30,34510
-6.98,1472.83,34523
-6.95,1472.18,34534
-7.47,1472.67,34546
-7.68,1473.48,34557
-7.30,1473.56,34570
-7.37,1473.72,34581
-7.38,1473.01,34593
-7.56,1472.30,34605
-7.14,1472.30,34617
-6.66,1472.30,34628
-7.19,1473.29,34640
-7.68,1473.88,34652
-8.14,1474.02,34664
-7.57,1473.74,34675
-6.93,1472.66,34688
-7.43,1472.00,34699
-7.39,1472.12,34711
-7.35,1472.40,34722
-7.25,1472.77,34734
-6.86,1473.32,34746
-7.65,1473.48,34757
-7.82,1473.64,34769
-7.42,1473.60,34781
-7.09,1473.04,34793
-7.54,1473.09,34804
-7.74,1472.74,34817
-7.12,1473.04,34828
-7.29,1473.71,34840
-7.62,1473.33,34851
-7.37,1473.23,34864
-7.16,1472.81,34875
-7.26,1472.51,34887
-7.17,1472.78,34898
-7.47,1472.83,34911
-7.63,1473.07,34922
-7.48,1473.65,34934
-7.23,1473.49,34946
-7.08,1473.24,34958
-7.79,1473.43,34969
-7.40,1472.93,34981
-7.02,1472.43,34993
-7.02,1472.31,35005
-7.17,1472.69,35016
-8.00,1473.80,35027
-7.25,1473.98,35040
-6.69,1473.27,35051
-7.77,1473.21,35063
-7.68,1472.88,35075
-7.23,1472.61,35087
-7.10,1473.13,35098
-7.22,1473.10,35110
-7.70,1473.36,35122
-7.89,1473.56,35134
-7.13,1473.30,35145
-6.64,1473.20,35158
-7.44,1472.90,35169
-7.47,1472.85,35181
-7.11,1473.22,35192
-6.87,1473.54,35205
-7.63,1473.34,35216
-7.93,1473.82,35228
-7.29,1473.25,35239
-6.98,1472.82,35252
-7.92,1472.60,35263
-7.70,1472.25,35275
-6.31,1472.78,35287
-7.36,1473.30,35298
-8.12,1473.13,35310
-7.02,1473.24,35321
-7.60,1473.31,35334
-7.84,1472.78,35345
-6.75,1472.76,35357
-7.32,1472.59,35368
-8.01,1472.64,35381
-6.93,1472.95,35392
-7.31,1472.96,35404
-7.77,1473.27,35416
-6.80,1473.41,35428
-7.28,1472.87,35439
-8.28,1472.72,35451
-6.97,1473.27,35463
-6.76,1473.31,35475
-7.79,1473.74,35486
-7.21,1474.09,35499
-7.56,1473.68,35510
-7.97,1473.37,35522
-6.89,1472.85,35533
-6.98,1472.31,35546
-7.66,1472.40,35557
-7.21,1472.66,35569
-7.75,1473.12,35580
-7.25,1473.38,35592
-7.55,1473.14,35604
-7.76,1472.89,35615
-6.96,1473.23,35628
-7.46,1473.10,35639
-7.68,1473.19,35651
-7.06,1473.42,35662
-7.53,1473.00,35675
-7.51,1472.67,35686
-7.02,1472.63,35698
-7.36,1472.73,35709
-7.67,1473.13,35722
-7.56,1473.21,35733
-6.99,1473.32,35745
-7.05,1473.70,35757
-8.15,1473.59,35769
-7.55,1473.59,35780
-6.89,1473.34,35792
-7.88,1472.57,35804
-7.27,1472.38,35816
-7.11,1472.55,35827
-7.88,1472.61,35840
-6.76,1472.94,35851
-6.82,1473.19,35863
-8.18,1473.42,35874
-7.64,1473.74,35886
-7.25,1473.40,35898
-7.39,1472.78,35909
-7.28,1472.43,35921
-7.67,1472.39,35933
-6.97,1473.01,35945
-6.88,1473.04,35956
-7.28,1472.95,35969
-7.22,1472.84,35980
-7.33,1472.67,35992
-7.10,1472.49,36003
-7.82,1473.37,36016
-7.70,1473.46,36027
-6.94,1473.23,36039
-7.21,1472.96,36050
-7.55,1472.78,36063
-7.44,1472.39,36074
-7.55,1472.76,36086
-7.30,1472.64,36098
-7.27,1472.55,36110
-7.70,1472.79,36121
-6.96,1473.34,36133
-7.06,1473.73,36145
-7.81,1473.66,36156
-7.55,1473.48,36168
-7.96,1473.12,36179
-7.59,1472.71,36192
-6.69,1472.46,36203
-7.05,1472.64,36215
-7.34,1472.68,36227
-7.53,1473.20,36239
-7.93,1473.10,36250
-7.31,1472.79,36262
-6.43,1472.71,36274
-7.56,1472.87,36286
-8.23,1473.23,36297
-7.00,1473.54,36310
-7.08,1473.63,36321
-7.40,1473.01,36333
-7.55,1472.70,36344
-7.86,1472.85,36357
-6.52,1472.89,36368
-7.36,1472.92,36380
-8.05,1472.52,36391
-7.32,1472.54,36404
-6.85,1473.03,36415
-7.40,1473.56,36427
-7.80,1473.87,36439
-7.52,1473.69,36450
-7.10,1473.04,36462
-7.04,1472.74,36473
-7.48,1472.65,36486
-7.64,1472.68,36497
-7.30,1472.95,36509
-6.83,1473.05,36520
-7.32,1472.89,36533
-7.89,1473.26,36544
-7.24,1473.18,36556
-7.03,1473.15,36568
-7.36,1473.67,36580
-7.98,1473.36,36591
-7.83,1473.02,36603
-6.75,1472.83,36615
-7.27,1472.10,36627
-7.56,1471.91,36638
-7.24,1472.57,36651
-7.47,1473.08,36662
-7.04,1473.48,36674
-7.03,1473.79,36685
-8.02,1473.56,36698
-7.95,1473.40,36709
-6.65,1473.33,36720
-7.03,1473.19,36732
-7.81,1472.77,36744
-7.29,1472.93,36756
-7.22,1472.92,36767
-7.02,1472.91,36780
-7.51,1473.09,36791
-7.96,1473.19,36803
-7.29,1473.19,36814
-6.85,1473.14,36827
-7.59,1473.35,36838
-7.57,1472.94,36850
-7.22,1472.82,36861
-7.46,1473.20,36874
-7.13,1472.79,36885
-6.96,1472.31,36897
-7.80,1472.79,36909
-7.55,1472.78,36921
-6.97,1473.08,36932
-7.41,1473.34,36944
-7.71,1473.17,36956
-7.61,1473.33,36968
-7.48,1473.26,36979
-7.29,1473.19,36992
-7.08,1472.90,37003
-7.82,1472.78,37014
-7.99,1472.81,37026
-7.14,1472.99,37038
-7.13,1472.77,37050
-7.12,1472.94,37061
-7.28,1473.26,37073
-7.64,1473.32,37085
-7.29,1473.19,37097
-7.38,1473.39,37108
-7.99,1473.29,37121
-7.59,1473.37,37132
-6.83,1472.90,37144
-7.64,1472.34,37155
-7.89,1472.18,37168
-7.49,1472.42,37179
-6.96,1472.83,37191
-7.15,1473.39,37202
-8.02,1473.37,37215
-7.90,1472.87,37226
-6.91,1473.02,37238
-6.91,1473.06,37250
-7.47,1472.97,37262
-7.70,1472.95,37273
-7.37,1472.58,37285
-6.82,1472.63,37297
-6.96,1472.36,37308
-7.77,1472.49,37320
-7.98,1473.20,37331
-7.29,1473.43,37344
-7.08,1473.32,37355
-7.41,1473.04,37367
-7.65,1472.92,37379
-7.29,1472.85,37391
-6.95,1473.03,37402
-7.56,1473.14,37414
-7.49,1472.87,37426
-7.53,1472.75,37438
-7.33,1472.45,37449
-6.61,1473.04,37462
-7.53,1473.89,37473
-8.04,1473.75,37485
-7.27,1473.65,37496
-7.21,1473.17,37509
-7.08,1472.96,37520
-7.44,1473.30,37532
-8.02,1473.17,37543
-6.73,1473.02,37556
-7.79,1472.38,37567
-7.08,1471.84,37578
-7.01,1472.31,37591
-7.82,1472.94,37602
-7.20,1473.27,37614
-7.46,1473.21,37625
-8.09,1473.13,37638
-7.18,1472.95,37649
-7.06,1472.90,37661
-7.50,1473.05,37672
-8.02,1472.44,37685
-7.50,1472.18,37696
-6.94,1472.11,37708
-7.19,1472.11,37720
-7.16,1472.65,37732
-7.53,1472.98,37743
-7.96,1473.33,37755
-7.25,1473.72,37767
-7.16,1473.61,37779
-8.04,1473.45,37790
-7.38,1472.94,37803
-7.08,1472.53,37814
-7.56,1472.23,37826
-6.93,1472.45,37837
-7.30,1472.84,37850
-7.85,1473.08,37861
-7.03,1473.60,37872
-7.47,1473.93,37884
-7.61,1474.08,37896
-7.43,1473.48,37908
-7.97,1473.40,37919
-7.16,1473.54,37932
-7.19,1473.26,37943
-7.14,1472.88,37955
-7.28,1472.13,37966
-6.93,1471.79,37979
-7.12,1472.12,37990
-7.71,1472.80,38002
-7.32,1473.13,38013
-7.49,1473.44,38026
-7.52,1473.65,38037
-7.10,1473.14,38049
-7.67,1473.08,38061
-7.62,1472.90,38073
-6.99,1472.57,38084
-7.58,1472.62,38096
-7.31,1472.68,38108
-6.69,1472.74,38120
-7.46,1472.67,38131
-7.61,1472.44,38142
-7.63,1472.81,38155
-7.55,1473.09,38166
-6.93,1473.24,38178
-7.58,1473.56,38190
-8.00,1473.37,38202
-6.95,1472.84,38213
-7.08,1472.58,38225
-7.58,1472.24,38237
-7.44,1472.34,38249
-7.41,1473.05,38260
-7.40,1473.32,38273
-6.79,1473.70,38284
-6.97,1474.00,38296
-8.33,1473.68,38307
-7.77,1473.60,38320
-6.72,1473.40,38331
-7.64,1472.80,38343
-7.27,1472.61,38354
-7.03,1472.21,38367
-7.05,1472.55,38378
-7.09,1472.53,38390
-7.45,1472.22,38402
-7.74,1472.64,38414
-7.11,1473.33,38425
-7.20,1473.68,38436
-7.73,1473.92,38449
-7.93,1473.53,38460
-7.21,1473.01,38472
-7.16,1472.70,38483
-7.37,1472.52,38496
-7.36,1472.33,38507
-7.67,1472.70,38519
-7.34,1472.51,38531
-7.18,1472.74,38543
-7.57,1473.51,38554
-7.51,1473.89,38566
-6.97,1473.65,38578
-7.49,1473.53,38590
-8.00,1473.04,38601
-7.65,1473.07,38614
-7.07,1472.57,38625
-6.46,1472.18,38637
-7.58,1472.29,38648
-8.14,1473.00,38661
-7.13,1473.39,38672
-7.19,1473.36,38684
-7.36,1473.02,38695
-7.31,1473.05,38707
-7.82,1473.25,38719
-7.56,1473.30,38730
-7.36,1473.14,38743
-8.16,1473.35,38754
-7.28,1472.72,38766
-7.20,1472.33,38777
-7.27,1472.72,38790
-7.47,1472.69,38801
-7.74,1473.20,38813
-7.61,1473.48,38824
-7.27,1473.27,38837
-7.33,1473.50,38848
-8.01,1473.25,38860
-7.84,1473.00,38872
-7.10,1473.10,38884
-7.28,1473.03,38895
-7.54,1472.72,38907
-7.21,1472.79,38919
-7.04,1472.66,38931
-7.20,1472.86,38942
-7.28,1472.79,38955
-7.71,1472.37,38966
-7.42,1472.97,38978
-6.84,1473.43,38989
-7.54,1473.46,39001
-7.92,1473.56,39013
-7.49,1473.13,39024
-7.34,1472.88,39036
-7.43,1472.68,39048
-7.34,1472.30,39060
-7.15,1472.56,39071
-7.36,1473.14,39084
-7.48,1473.48,39095
-7.22,1473.56,39107
-7.57,1473.84,39118
-7.72,1473.48,39131
-7.40,1473.40,39142
-7.74,1472.95,39154
-7.68,1472.51,39165
-6.89,1472.63,39178
-7.02,1472.45,39189
-7.51,1472.30,39201
-7.48,1472.78,39213
-7.50,1473.09,39225
-7.46,1473.51,39236
-7.49,1473.22,39248
-7.77,1472.73,39260
-7.78,1473.46,39272
-7.18,1473.34,39283
-6.97,1473.08,39294
-7.69,1473.11,39307
-7.87,1472.47,39318
-6.77,1471.65,39330
-6.60,1472.30,39342
-7.21,1472.62,39354
-7.71,1473.09,39365
-7.98,1474.11,39377
-7.80,1474.42,39389
-7.11,1473.98,39401
-6.99,1473.37,39412
-7.36,1472.42,39425
-7.26,1472.17,39436
-7.34,1472.18,39448
-7.62,1472.43,39459
-7.04,1472.81,39472
-6.94,1473.13,39483
-7.70,1473.68,39495
-7.92,1474.21,39506
-7.52,1474.14,39519
-7.62,1473.62,39530
-7.89,1473.04,39542
-7.19,1472.69,39554
-7.18,1472.70,39565
-7.30,1472.67,39577
-7.33,1472.26,39588
-7.86,1472.62,39601
-7.24,1472.88,39612
-6.58,1472.82,39624
-7.78,1473.37,39635
-8.19,1473.65,39648
-7.36,1473.45,39659
-7.43,1473.50,39671
-7.27,1472.79,39683
-7.18,1472.23,39695
-7.87,1472.37,39706
-7.12,1472.37,39718
-6.54,1472.68,39730
-7.53,1472.75,39742
-7.98,1473.28,39753
-7.91,1473.77,39766
-7.00,1473.99,39777
-6.97,1473.60,39789
-8.18,1473.14,39800
-7.45,1472.56,39813
-6.55,1472.68,39824
-7.55,1472.91,39836
-7.73,1472.89,39847
-7.16,1473.07,39859
-7.56,1473.29,39871
-7.23,1473.26,39882
-6.76,1473.41,39895
-7.97,1473.46,39906
-7.92,1473.08,39918
-6.94,1473.11,39929
-7.92,1472.83,39942
-7.63,1472.78,39953
-7.37,1472.71,39965
-7.26,1472.70,39976
-7.02,1472.48,39989
-7.66,1472.67,40000
-7.92,1473.08,40012
-7.10,1473.30,40024
-7.17,1473.78,40036
-8.12,1473.51,40047
-7.98,1473.15,40059
-7.15,1473.02,40071
-7.06,1472.61,40083
-7.15,1472.59,40094
-7.60,1472.81,40107
-7.68,1472.85,40118
-7.36,1473.41,40129
-7.27,1472.80,40141
-7.31,1472.81,40153
-7.88,1473.12,40165
-7.51,1472.74,40176
-6.60,1472.85,40188
-7.43,1472.99,40200
-8.30,1473.07,40212
-7.38,1473.49,40223
-6.94,1473.85,40236
-7.47,1473.11,40247
-7.38,1472.63,40259
-7.36,1472.06,40270
-7.89,1471.87,40283
-7.16,1472.95,40294
-6.49,1473.69,40306
-8.07,1473.97,40317
-6.67,1474.09,40330
-7.36,1473.47,40341
-8.12,1473.09,40353
-7.42,1472.69,40365
-7.15,1472.33,40377
-7.25,1472.23,40388
-7.09,1472.43,40400
-7.21,1472.54,40412
-7.77,1472.87,40423
-7.20,1472.89,40435
-6.81,1472.93,40446
-7.91,1473.30,40459
-7.88,1473.30,40470
-7.01,1473.07,40482
-7.46,1473.42,40494
-7.50,1473.08,40506
-6.83,1472.64,40517
-7.90,1472.64,40529
-7.38,1472.37,40541
-6.57,1472.36,40553
-8.04,1472.84,40564
-7.53,1473.03,40577
-7.04,1473.44,40588
-7.79,1473.59,40600
-7.50,1473.55,40611
-7.50,1473.32,40624
-7.58,1472.92,40635
-6.90,1472.67,40647
-7.29,1472.45,40658
-7.51,1472.56,40671
-7.32,1472.79,40682
-7.78,1473.21,40694
-6.84,1473.29,40706
-6.72,1473.40,40717
-7.78,1473.41,40729
-7.31,1473.17,40740
-7.49,1473.36,40753
-7.06,1472.84,40764
-7.55,1472.38,40776
-7.83,1472.74,40787
-7.32,1472.71,40800
-7.42,1472.81,40811
-7.54,1473.04,40823
-7.72,1473.00,40835
-7.13,1472.95,40847
-6.68,1473.12,40858
-7.72,1473.51,40870
-8.08,1473.79,40882
-7.56,1473.62,40894
-7.47,1473.63,40905
-7.20,1473.29,40918
-7.12,1472.53,40929
-7.95,1472.39,40941
-7.12,1472.61,40952
-6.41,1472.28,40965
-7.58,1472.55,40976
-7.64,1473.30,40987
-7.39,1473.75,40999
-7.03,1473.87,41011
-7.42,1473.37,41023
-7.94,1472.76,41034
-7.17,1472.52,41047
-6.95,1472.80,41058
-7.33,1472.98,41070
-7.66,1473.63,41081
-7.78,1473.27,41094
-7.29,1472.56,41105
-7.45,1472.32,41117
-7.55,1472.15,41128
-7.40,1472.41,41141
-7.41,1473.61,41152
-7.17,1474.10,41164
-7.76,1473.43,41176
-7.64,1472.70,41188
-6.81,1472.27,41199
-7.21,1472.35,41211
-7.52,1472.33,41223
-7.45,1472.55,41235
-7.17,1472.94,41246
-7.08,1473.04,41259
-7.63,1473.40,41270
-8.14,1473.97,41281
-7.82,1473.81,41293
-6.95,1473.40,41305
-7.35,1473.04,41317
-8.00,1472.45,41328
-7.41,1472.48,41340
-6.99,1472.61,41352
-7.21,1472.36,41364
-7.34,1472.43,41375
-7.63,1472.75,41388
-7.90,1473.11,41399
-6.88,1473.46,41411
-6.75,1473.17,41422
-8.53,1473.22,41435
-7.95,1473.75,41446
-6.44,1473.19,41458
-7.19,1473.02,41469
-7.94,1472.76,41482
-7.58,1472.44,41493
-7.02,1472.72,41505
-7.16,1472.52,41517
-7.69,1472.24,41529
-8.28,1472.63,41540
-7.00,1473.22,41551
-6.52,1473.40,41564
-7.95,1473.41,41575
-8.04,1473.29,41587
-6.97,1472.68,41598
-7.03,1472.59,41611
-7.44,1472.57,41622
-7.86,1472.63,41634
-7.68,1472.93,41646
-6.64,1473.02,41658
-7.03,1473.06,41669
-7.88,1472.91,41681
-7.65,1473.23,41693
-7.31,1473.47,41705
-7.12,1473.51,41716
-7.45,1473.88,41729
-8.09,1474.13,41740
-7.49,1473.35,41752
-6.82,1472.75,41763
-7.25,1471.76,41776
-7.31,1471.25,41787
-7.21,1472.19,41799
-7.54,1473.31,41810
-7.21,1473.63,41823
-7.33,1474.32,41834
-8.27,1474.04,41845
-7.84,1473.06,41858
-6.87,1472.64,41869
-7.12,1472.35,41881
-7.66,1472.26,41892
-7.63,1472.75,41905
-7.01,1472.70,41916
-7.35,1472.57,41928
-7.82,1472.62,41939
-7.86,1472.84,41952
-7.13,1473.46,41963
-7.26,1473.45,41975
-7.83,1472.92,41987
-7.50,1472.91,41999
-7.08,1472.94,42010
-7.39,1472.81,42022
-7.31,1472.94,42034
-7.69,1472.42,42046
-7.59,1471.97,42057
-6.56,1472.52,42070
-7.01,1472.57,42081
-7.77,1473.23,42093
-7.82,1473.94,42104
-7.61,1474.28,42117
-7.11,1474.20,42128
-7.60,1473.27,42139
-7.68,1472.19,42151
-7.06,1472.18,42163
-7.17,1472.16,42175
-7.31,1472.76,42186
-7.37,1473.53,42199
-7.85,1473.89,42210
-7.23,1473.65,42222
-6.93,1473.63,42233
-7.79,1473.52,42246
-7.70,1473.17,42257
-7.32,1472.82,42269
-7.07,1472.54,42280
-6.78,1472.65,42293
-7.85,1472.63,42304
-6.97,1472.50,42316
-7.21,1472.70,42328
-7.37,1472.57,42340
-7.34,1472.84,42351
-7.54,1473.32,42363
-7.25,1473.54,42375
-7.48,1473.88,42387
-8.09,1473.51,42398
-7.56,1473.11,42409
-6.91,1472.79,42422
-7.09,1472.40,42433
-7.05,1472.11,42445
-7.04,1472.50,42457
-7.89,1472.70,42469
-7.20,1472.74,42480
-6.80,1473.50,42492
-8.15,1473.98,42504
-7.90,1473.87,42516
-6.93,1473.73,42527
-6.94,1473.01,42540
-7.79,1472.76,42551
-7.56,1472.36,42563
-6.91,1471.91,42574
-7.05,1472.59,42587
-7.10,1472.53,42598
-7.44,1472.59,42610
-7.73,1473.18,42621
-7.22,1473.47,42634
-7.03,1473.73,42645
-7.78,1473.86,42657
-8.02,1473.57,42669
-7.38,1473.21,42681
-7.34,1472.83,42692
-7.03,1472.39,42703
-7.56,1472.18,42716
-6.95,1472.34,42727
-6.73,1472.08,42739
-7.95,1472.89,42750
-8.14,1473.82,42763
-7.29,1473.99,42774
-7.27,1474.25,42786
-7.84,1473.81,42798
-7.65,1473.02,42810
-7.04,1472.47,42821
-6.99,1472.02,42833
-7.28,1471.97,42845
-7.35,1472.35,42857
-7.45,1472.56,42868
-7.65,1472.82,42881
-7.03,1473.53,42892
-6.98,1473.92,42904
-8.30,1474.11,42915
-7.91,1473.52,42928
-6.61,1473.02,42939
-7.41,1472.81,42951
-7.93,1472.66,42962
-7.20,1472.91,42974
-7.06,1472.97,42986
-7.24,1472.21,42997
-7.03,1471.69,43010
-7.53,1472.84,43021
-7.79,1473.50,43033
-7.14,1474.13,43044
-7.16,1474.57,43057
-7.91,1474.10,43068
-8.15,1472.85,43080
-7.38,1472.22,43091
-7.19,1472.13,43104
-7.63,1472.37,43115
-7.53,1472.80,43127
-6.88,1472.76,43139
-6.73,1472.60,43151
-7.55,1472.65,43162
-8.21,1473.15,43174
-7.17,1473.70,43186
-6.94,1473.56,43198
-7.99,1473.85,43209
-7.94,1473.23,43222
-7.10,1472.66,43233
-6.87,1472.82,43245
-7.40,1472.13,43256
-7.41,1471.79,43268
-7.43,1472.24,43280
-7.25,1472.81,43291
-6.88,1473.47,43303
-7.55,1474.04,43315
-8.42,1473.89,43327
-7.57,1473.43,43338
-6.88,1473.51,43351
-7.81,1473.00,43362
-8.04,1472.65,43374
-7.22,1472.68,43385
-7.01,1472.32,43398
-6.98,1472.33,43409
-7.45,1472.89,43421
-7.76,1473.58,43432
-7.29,1474.15,43445
-7.09,1474.02,43456
-7.74,1473.56,43468
-7.80,1473.17,43480
-7.21,1472.94,43492
-7.26,1473.19,43503
-7.42,1473.38,43515
-7.54,1472.77,43527
-7.64,1472.39,43538
-7.08,1472.72,43550
-6.74,1472.69,43561
-8.09,1473.09,43574
-8.03,1473.61,43585
-6.84,1473.76,43597
-7.32,1473.95,43609
-7.79,1473.58,43621
-7.58,1472.86,43632
-7.31,1472.72,43644
-7.12,1472.18,43656
-7.43,1472.01,43668
-7.41,1472.37,43679
-7.23,1472.62,43692
-7.25,1473.13,43703
-7.08,1473.22,43715
-7.54,1473.25,43726
-8.42,1473.68,43739
-7.70,1473.63,43750
-6.77,1473.49,43762
-7.46,1473.56,43773
-7.71,1473.33,43786
-7.33,1472.78,43797
-7.51,1472.60,43809
-7.07,1472.36,43821
-7.06,1472.69,43832
-7.81,1473.30,43844
-7.43,1473.68,43855
-6.98,1474.21,43868
-7.42,1474.04,43879
-7.81,1473.61,43891
-7.25,1473.26,43902
-7.12,1472.63,43915
-6.97,1471.83,43926
-7.37,1471.71,43938
-7.92,1472.00,43950
-7.18,1472.59,43962
-6.90,1473.09,43973
-7.93,1473.39,43985
-8.11,1473.74,43997
-7.18,1473.79,44009
-7.08,1473.27,44020
-7.70,1473.02,44033
-8.03,1472.97,44044
-7.63,1472.40,44056
-6.96,1472.74,44067
-7.15,1473.01,44080
-7.54,1472.72,44091
-7.61,1473.10,44103
-7.38,1472.82,44114
-7.14,1472.82,44126
-7.50,1473.28,44138
-8.02,1473.46,44149
-7.68,1473.38,44162
-7.08,1473.17,44173
-7.47,1472.50,44185
-7.67,1472.32,44196
-7.12,1472.55,44209
-7.14,1473.01,44220
-7.62,1473.42,44232
-7.44,1473.53,44243
-7.24,1473.63,44256
-7.78,1473.67,44267
-7.14,1473.16,44279
-7.98,1472.90,44291
-7.75,1472.76,44303
-6.94,1472.04,44314
-7.25,1472.44,44326
-7.77,1472.67,44338
-7.34,1472.65,44350
-7.50,1473.41,44361
-7.81,1473.61,44374
-7.05,1473.02,44385
-7.25,1473.05,44396
-7.86,1473.55,44408
-7.23,1473.25,44420
-6.87,1473.13,44432
-7.50,1472.90,44443
-7.60,1472.20,44455
-6.80,1472.35,44467
-7.38,1472.86,44479
-7.78,1473.32,44490
-7.17,1473.52,44503
-7.47,1473.45,44514
-8.27,1473.42,44526
-7.58,1473.00,44537
-6.80,1473.29,44550
-7.99,1473.25,44561
-7.87,1472.42,44573
-6.69,1472.60,44584
-7.56,1472.73,44597
-7.27,1472.65,44608
-6.87,1472.84,44620
-8.04,1473.66,44632
-7.87,1473.82,44644
-7.04,1473.36,44655
-7.29,1473.33,44667
-7.64,1472.93,44679
-7.50,1473.15,44690
-7.72,1473.20,44702
-7.12,1472.35,44713
-7.30,1471.99,44726
-7.36,1472.36,44737
-7.24,1472.87,44749
-7.37,1473.22,44761
-7.55,1473.43,44773
-7.55,1473.44,44784
-6.90,1473.28,44796
-7.36,1473.77,44808
-7.83,1474.07,44820
-7.36,1473.57,44831
-7.55,1472.76,44844
-7.64,1471.99,44855
-6.90,1471.92,44867
-6.98,1472.43,44878
-7.53,1472.97,44891
-7.40,1473.18,44902
-7.46,1473.14,44914
-7.64,1473.58,44925
-7.32,1473.55,44938
-7.47,1473.33,44949
-7.25,1473.49,44960
-7.42,1473.20,44973
-7.96,1473.23,44984
-7.23,1472.67,44996
-7.19,1472.20,45007
-7.34,1472.63,45020
-7.31,1472.86,45031
-7.83,1473.15,45043
-7.52,1473.20,45054
-7.18,1473.14,45067
-7.64,1473.41,45078
-7.57,1473.87,45090
-7.67,1473.52,45102
-7.22,1472.97,45114
-7.35,1472.65,45125
-7.26,1472.01,45137
-7.32,1472.23,45149
-7.21,1472.99,45161
-6.94,1473.11,45172
-7.75,1472.95,45185
-7.63,1472.85,45196
-6.90,1472.72,45208
-7.80,1473.12,45219
-7.49,1473.13,45232
-7.03,1472.89,45243
-7.76,1472.87,45254
-7.36,1472.88,45266
-6.97,1473.08,45278
-7.66,1473.10,45290
-7.29,1473.02,45301
-7.43,1472.86,45314
-7.74,1472.92,45325
-6.92,1472.49,45337
-7.48,1472.93,45348
-7.70,1473.27,45361
-6.83,1473.00,45372
-7.57,1472.99,45384
-7.69,1472.59,45395
-7.29,1472.62,45408
-7.41,1473.06,45419
-6.98,1473.18,45431
-7.60,1473.38,45443
-7.99,1473.41,45455
-7.12,1473.32,45466
-7.87,1473.29,45478
-7.26,1473.07,45490
-7.53,1472.88,45502
-7.93,1472.82,45513
-6.73,1473.15,45524
-7.21,1473.22,45537
-7.89,1472.73,45548
-7.34,1472.70,45560
-7.51,1472.88,45572
-7.25,1473.33,45584
-7.60,1473.22,45595
-7.61,1473.22,45607
-7.16,1473.22,45619
-7.42,1472.83,45631
-7.27,1473.06,45642
-7.41,1473.46,45655
-7.79,1473.14,45666
-7.45,1473.00,45678
-7.12,1472.97,45689
-7.19,1472.89,45702
-7.47,1473.04,45713
-7.83,1473.05,45725
-7.36,1472.95,45736
-7.22,1473.31,45749
-7.80,1473.52,45760
-7.42,1473.42,45772
-7.15,1473.56,45784
-7.61,1473.32,45796
-7.60,1472.94,45807
-7.48,1472.69,45818
-7.26,1472.40,45831
-6.93,1472.98,45842
-7.03,1473.14,45854
-7.34,1473.28,45865
-7.42,1474.01,45878
-7.35,1473.68,45889
-7.51,1473.69,45901
-7.47,1473.72,45913
-7.75,1473.71,45925
-7.66,1473.60,45936
-7.19,1473.22,45948
-7.52,1472.30,45960
-7.45,1471.94,45972
-7.06,1472.22,45983
-7.32,1472.48,45996
-7.48,1473.35,46007
-7.52,1473.54,46019
-7.57,1473.59,46030
-7.68,1474.13,46043
-7.69,1474.22,46054
-7.41,1473.58,46066
-7.43,1473.14,46077
-7.51,1472.34,46089
-7.02,1471.97,46101
-6.92,1472.37,46112
-7.35,1472.91,46125
-7.62,1473.80,46136
-7.77,1474.17,46148
-7.58,1473.96,46159
-7.46,1473.93,46172
-7.82,1473.66,46183
-7.33,1473.38,46195
-7.36,1473.34,46206
-8.07,1472.79,46219
-7.20,1472.31,46230
-6.84,1472.48,46242
-7.12,1472.60,46254
-7.27,1473.20,46266
-7.46,1473.88,46277
-7.38,1473.72,46289
-7.69,1473.68,46301
-7.61,1473.25,46313
-7.18,1473.03,46324
-7.79,1473.17,46337
-7.39,1472.60,46348
-6.64,1471.81,46360
-7.57,1471.89,46371
-7.56,1472.36,46383
-7.03,1472.94,46395
-7.67,1473.67,46406
-7.71,1473.77,46418
-7.73,1473.63,46430
-7.46,1473.61,46442
-7.02,1473.33,46453
-7.27,1473.16,46466
-7.90,1472.79,46477
-7.80,1472.33,46489
-7.04,1472.46,46500
-6.88,1472.57,46513
-7.29,1472.81,46524
-7.74,1473.63,46536
-7.72,1473.50,46547
-7.30,1473.48,46560
-7.15,1473.47,46571
-7.55,1473.57,46583
-7.86,1473.76,46595
-7.62,1473.63,46607
-7.03,1473.05,46618
-7.06,1472.60,46630
-7.64,1472.89,46642
-7.32,1472.72,46654
-6.98,1473.33,46665
-7.78,1473.44,46676
-7.19,1473.12,46689
-7.32,1473.32,46700
-7.60,1473.76,46712
-7.25,1473.89,46724
-7.79,1473.92,46736
-8.01,1473.20,46747
-7.08,1472.44,46759
-6.62,1472.07,46771
-7.58,1471.95,46783
-7.71,1472.52,46794
-7.04,1473.59,46807
-7.84,1473.79,46818
-7.51,1473.55,46830
-7.09,1473.45,46841
-7.88,1473.27,46854
-7.37,1473.26,46865
-7.18,1472.77,46877
-7.93,1472.52,46888
-7.76,1472.35,46901
-6.73,1471.75,46912
-7.24,1472.02,46924
-7.43,1473.01,46936
-7.21,1473.23,46947
-8.25,1474.00,46959
-7.86,1473.95,46970
-6.89,1473.90,46983
-7.79,1473.80,46994
-7.89,1473.25,47006
-6.81,1472.63,47017
-7.45,1472.45,47030
-7.77,1472.72,47041
-6.89,1472.60,47053
-7.59,1473.12,47065
-6.94,1473.36,47077
-7.48,1473.41,47088
-7.99,1473.57,47100
-7.41,1473.18,47112
-7.35,1473.33,47124
-7.18,1473.13,47135
-7.34,1472.67,47148
-7.83,1472.60,47159
-7.49,1472.44,47171
-7.26,1471.92,47182
-7.40,1472.49,47195
-7.34,1472.98,47206
-7.19,1473.18,47218
-7.18,1473.23,47229
-7.95,1473.52,47241
-7.79,1473.35,47253
-7.38,1473.17,47264
-7.34,1473.07,47277
-7.40,1472.99,47288
-7.45,1472.60,47300
-7.32,1472.33,47311
-7.13,1472.73,47324
-7.36,1472.32,47335
-7.42,1472.65,47347
-7.41,1473.57,47358
-7.46,1473.49,47371
-7.19,1473.59,47382
-7.37,1473.60,47394
-7.97,1472.83,47406
-7.53,1472.67,47418
-6.84,1472.62,47429
-7.30,1472.48,47441
-7.79,1472.74,47453
-6.78,1472.70,47465
-7.54,1472.67,47476
-7.89,1473.06,47489
-7.45,1473.55,47500
-7.75,1473.68,47511
-7.57,1473.24,47523
-6.98,1473.00,47535
-7.84,1472.82,47547
-7.50,1473.05,47558
-6.95,1472.79,47570
-7.72,1472.69,47582
-7.52,1472.51,47594
-7.13,1472.56,47605
-7.57,1473.08,47618
-7.59,1473.37,47629
-7.03,1473.70,47641
-7.74,1473.79,47652
-7.89,1472.98,47665
-6.83,1472.65,47676
-7.16,1472.83,47688
-7.97,1472.94,47699
-7.40,1472.78,47712
-6.81,1472.86,47723
-7.51,1472.59,47735
-7.79,1472.69,47747
-7.20,1473.31,47759
-7.52,1473.69,47770
-7.81,1473.83,47782
-7.49,1473.42,47794
-7.61,1472.95,47805
-7.40,1473.04,47817
-7.16,1472.93,47828
-7.40,1473.33,47841
-7.85,1473.20,47852
-6.80,1472.34,47864
-6.86,1472.41,47876
-7.71,1473.02,47888
-7.51,1473.31,47899
-7.76,1473.87,47911
-7.60,1473.78,47923
-7.39,1472.96,47935
-7.91,1472.99,47946
-7.33,1473.45,47959
-7.03,1473.11,47970
-7.74,1473.00,47982
-7.46,1472.52,47993
-7.13,1472.25,48006
-7.28,1472.95,48017
-6.99,1473.55,48029
-7.26,1474.00,48040
-7.82,1473.94,48053
-7.88,1473.45,48064
-7.45,1472.94,48076
-6.72,1472.84,48088
-7.09,1472.92,48099
-8.02,1473.00,48111
-7.33,1472.89,48122
-7.49,1472.66,48135
-7.76,1472.43,48146
-6.70,1472.87,48158
-7.32,1473.31,48169
-7.98,1474.06,48182
-7.25,1473.91,48193
-7.80,1473.40,48205
-7.65,1473.11,48217
-7.12,1472.84,48229
-7.37,1472.97,48240
-7.23,1472.78,48252
-7.28,1472.51,48264
-7.94,1472.78,48276
-7.44,1472.84,48287
-6.76,1473.02,48300
-7.72,1473.48,48311
-7.91,1473.62,48323
-7.33,1473.27,48334
-7.76,1473.43,48347
-7.49,1473.07,48358
-7.15,1472.80,48369
-7.54,1472.71,48381
-7.44,1472.59,48393
-7.38,1472.56,48405
-7.25,1472.90,48416
-7.30,1473.05,48429
-7.77,1473.53,48440
-7.15,1473.44,48452
-7.20,1473.43,48463
-8.09,1473.36,48476
-7.53,1473.13,48487
-7.00,1473.19,48499
-7.37,1473.35,48510
-7.64,1473.22,48523
-7.85,1473.12,48534
-7.16,1472.97,48546
-7.32,1473.09,48558
-8.09,1473.22,48570
-7.49,1473.31,48581
-7.23,1473.56,48593
-7.54,1473.64,48605
-7.01,1473.70,48617
-7.75,1473.14,48628
-8.09,1473.15,48641
-7.30,1472.87,48652
-7.57,1472.58,48663
-7.16,1472.59,48675
-7.72,1472.44,48687
-7.33,1473.07,48699
-7.39,1473.63,48710
-7.79,1473.23,48722
-7.26,1472.93,48734
-7.34,1473.12,48746
-7.33,1473.17,48757
-7.24,1472.99,48770
-7.59,1472.66,48781
-7.56,1472.33,48793
-7.08,1472.41,48804
-7.20,1472.72,48817
-7.75,1472.69,48828
-7.74,1473.10,48840
-7.26,1473.39,48851
-7.35,1473.38,48864
-7.71,1473.26,48875
-7.71,1472.88,48887
-7.54,1473.17,48899
-7.47,1473.13,48911
-6.96,1473.07,48922
-7.15,1472.64,48933
-7.85,1472.55,48946
-7.28,1473.03,48957
-7.09,1473.64,48969
-7.70,1473.58,48980
-7.81,1473.23,48993
-7.43,1473.09,49004
-7.37,1472.95,49016
-7.45,1473.04,49028
-7.03,1473.00,49040
-7.57,1472.45,49051
-7.16,1472.69,49063
-7.77,1472.93,49075
-7.84,1472.75,49087
-7.09,1473.15,49098
-7.22,1473.26,49111
-7.70,1473.05,49122
-7.43,1473.08,49134
-7.72,1472.97,49145
-7.80,1472.94,49158
-6.82,1472.89,49169
-7.31,1472.19,49181
-7.92,1472.31,49192
-7.36,1472.89,49205
-7.31,1473.04,49216
-7.78,1