495.74,7745
177.55,1496.70,7756
178.71,1496.12,7769
176.42,1495.06,7780
176.25,1494.15,7792
177.88,1494.21,7803
178.62,1496.12,7816
178.11,1496.03,7827
176.97,1496.71,7839
178.23,1495.43,7851
178.69,1494.30,7863
176.00,1493.57,7874
178.14,1494.65,7886
177.31,1495.81,7898
177.90,1497.19,7910
179.00,1497.25,7921
178.51,1496.43,7933
175.21,1494.97,7945
177.85,1493.51,7957
177.05,1493.25,7968
179.02,1494.56,7981
178.90,1494.72,7992
176.47,1495.19,8004
179.32,1494.42,8015
176.37,1494.79,8028
177.63,1493.68,8039
177.82,1494.50,8051
177.07,1495.29,8062
178.97,1496.53,8075
177.57,1497.00,8086
178.66,1495.50,8098
177.46,1495.55,8110
176.24,1493.66,8122
177.84,1494.18,8133
178.28,1494.12,8145
177.82,1496.01,8157
177.72,1496.43,8169
178.96,1496.97,8180
178.15,1496.56,8192
175.42,1495.56,8204
177.30,1495.37,8215
177.24,1496.49,8227
179.94,1496.89,8239
177.92,1497.51,8251
176.41,1495.72,8262
178.96,1495.94,8274
176.81,1493.07,8286
177.69,1494.11,8298
176.33,1493.94,8309
177.94,1495.20,8322
179.73,1495.53,8333
179.29,1494.98,8345
176.58,1496.16,8356
175.70,1494.45,8369
176.72,1494.97,8380
178.73,1495.53,8392
180.37,1496.84,8403
176.68,1496.14,8416
177.24,1495.87,8427
178.87,1494.48,8439
176.92,1493.59,8451
178.88,1492.17,8463
176.43,1494.11,8474
176.97,1494.73,8486
178.37,1496.12,8498
180.16,1494.24,8510
178.94,1495.11,8521
174.72,1493.55,8534
176.51,1494.19,8545
178.16,1494.68,8557
179.83,1497.04,8568
178.49,1496.34,8581
176.16,1495.93,8592
177.59,1495.39,8604
177.48,1493.95,8615
178.85,1493.78,8628
177.27,1493.49,8639
176.43,1495.66,8651
178.08,1494.75,8663
178.85,1495.60,8674
177.42,1494.56,8686
173.92,1493.90,8698
178.77,1492.86,8710
179.05,1494.06,8721
179.17,1495.16,8733
176.09,1495.34,8744
178.48,1494.43,8757
179.51,1494.24,8768
176.74,1492.38,8780
179.08,1492.03,8792
176.12,1492.07,8804
178.10,1495.19,8815
179.17,1495.29,8827
179.16,1496.62,8839
177.98,1495.88,8851
175.67,1495.66,8862
177.18,1494.53,8875
178.21,1495.02,8886
178.80,1495.41,8898
176.50,1495.28,8909
177.76,1495.20,8922
179.65,1495.01,8933
177.73,1492.64,8945
176.85,1491.93,8956
176.18,1492.30,8969
177.83,1495.48,8980
180.08,1495.99,8992
177.85,1498.06,9004
177.17,1497.76,9016
176.28,1497.21,9027
175.72,1496.99,9039
179.26,1496.22,9051
177.22,1497.03,9063
176.59,1495.32,9074
179.13,1495.64,9086
180.53,1494.21,9098
176.84,1493.57,9110
175.38,1491.74,9121
177.03,1492.27,9133
180.74,1494.54,9145
178.18,1495.01,9156
176.92,1497.07,9168
177.15,1496.89,9180
176.07,1497.47,9192
177.94,1496.48,9203
177.98,1496.01,9216
176.73,1495.72,9227
177.14,1495.25,9239
178.26,1494.71,9250
181.05,1493.21,9263
177.67,1492.13,9274
175.36,1491.26,9286
178.07,1492.37,9297
178.73,1494.69,9310
179.03,1496.28,9321
177.44,1498.05,9333
177.21,1498.26,9345
177.89,1497.89,9357
177.01,1496.43,9368
177.30,1495.14,9380
176.08,1495.84,9392
177.82,1494.83,9404
178.80,1495.14,9415
179.58,1492.73,9427
178.97,1491.83,9439
174.94,1490.44,9451
178.86,1492.21,9462
178.54,1494.10,9475
177.42,1496.46,9486
176.96,1497.82,9498
178.97,1498.06,9509
177.83,1498.25,9522
174.90,1496.51,9533
176.48,1494.42,9545
177.73,1494.66,9556
179.69,1494.65,9569
178.77,1493.90,9580
177.89,1492.49,9592
177.51,1492.13,9604
177.64,1492.00,9615
179.17,1493.05,9627
177.45,1494.94,9638
177.02,1496.89,9651
175.94,1497.98,9662
179.88,1498.11,9674
179.43,1498.57,9686
173.72,1496.05,9698
176.55,1495.32,9709
177.02,1494.49,9721
180.17,1496.50,9733
179.86,1494.99,9745
175.53,1494.60,9756
178.12,1493.67,9768
177.17,1492.86,9780
178.45,1492.94,9792
179.30,1494.18,9803
176.00,1496.32,9816
175.77,1497.35,9827
179.95,1497.53,9839
180.33,1497.79,9850
176.73,1495.69,9863
175.94,1494.79,9874
179.43,1493.79,9886
181.04,1495.33,9897
176.75,1494.34,9910
177.06,1494.00,9921
178.63,1494.65,9933
177.04,1493.72,9945
179.41,1494.47,9957
175.92,1494.70,9968
176.29,1498.39,9980
178.90,1498.02,9992
177.91,1499.40,10004
180.16,1496.90,10015
174.38,1495.71,10028
175.69,1493.55,10039
180.25,1494.18,10051
178.84,1494.73,10062
176.68,1494.43,10075
177.46,1494.61,10086
178.81,1495.14,10097
178.44,1494.11,10109
178.99,1493.19,10121
174.67,1493.60,10133
177.13,1496.52,10144
180.44,1496.50,10157
177.73,1498.20,10168
178.38,1496.69,10180
175.83,1495.56,10191
173.64,1494.83,10204
181.50,1494.66,10215
179.15,1495.11,10227
176.02,1494.95,10238
176.48,1496.02,10251
180.52,1495.11,10262
177.96,1494.99,10274
175.16,1494.14,10286
174.85,1494.39,10298
179.02,1497.14,10309
179.24,1497.01,10321
178.33,1498.65,10333
176.32,1497.59,10345
174.54,1497.94,10356
177.77,1494.89,10369
178.15,1493.87,10380
178.17,1493.98,10392
178.39,1494.54,10403
175.82,1495.15,10416
180.26,1493.78,10427
178.76,1493.72,10439
175.07,1493.13,10450
178.08,1494.65,10463
177.91,1495.84,10474
176.20,1496.77,10486
179.03,1497.54,10498
179.11,1496.93,10510
176.02,1496.83,10521
176.44,1495.55,10533
178.07,1495.11,10545
175.66,1495.31,10556
179.86,1495.10,10568
177.42,1495.75,10579
177.40,1494.81,10592
179.85,1495.47,10603
175.79,1493.99,10615
177.14,1494.63,10627
176.57,1494.96,10639
179.76,1497.31,10650
176.45,1497.42,10662
178.39,1496.64,10674
176.18,1495.72,10686
176.16,1494.77,10697
179.14,1494.38,10710
178.35,1495.44,10721
175.35,1495.58,10733
178.89,1495.68,10744
180.19,1494.70,10757
177.74,1495.36,10768
176.74,1492.93,10780
175.98,1493.33,10791
176.20,1494.37,10804
181.16,1497.93,10815
177.14,1497.51,10827
176.79,1497.74,10839
177.52,1495.77,10851
175.32,1494.63,10862
180.07,1493.41,10874
176.68,1494.07,10886
176.39,1495.17,10898
176.86,1495.41,10909
178.41,1494.75,10921
181.93,1495.66,10933
175.47,1494.26,10945
174.71,1494.03,10956
177.44,1494.66,10969
178.92,1496.99,10980
179.19,1496.13,10992
176.59,1496.94,11003
176.40,1496.09,11016
177.50,1495.20,11027
178.92,1493.99,11038
176.18,1493.80,11051
177.69,1495.62,11062
178.66,1494.74,11074
181.16,1495.64,11085
177.33,1494.73,11098
173.56,1493.89,11109
178.09,1493.82,11121
178.65,1494.75,11132
179.77,1496.36,11145
176.26,1496.03,11156
175.47,1497.69,11168
179.76,1496.84,11180
177.83,1494.87,11192
177.80,1493.94,11203
175.60,1492.91,11215
176.45,1495.40,11227
180.43,1494.87,11239
178.24,1496.70,11250
179.17,1494.71,11262
175.65,1494.60,11274
175.32,1493.92,11286
179.99,1494.35,11297
179.00,1496.21,11310
175.73,1495.89,11321
176.09,1496.96,11333
180.05,1495.83,11344
178.36,1495.98,11357
177.29,1493.99,11368
175.46,1493.57,11380
174.98,1495.78,11392
180.64,1496.06,11404
179.99,1497.40,11415
176.38,1495.58,11427
175.41,1495.73,11439
179.10,1495.25,11451
178.58,1495.35,11462
175.81,1495.76,11474
176.57,1496.07,11486
177.72,1496.41,11498
181.58,1495.38,11509
177.14,1494.66,11521
174.51,1493.70,11533
176.43,1494.46,11544
179.09,1496.32,11556
179.55,1496.48,11568
176.70,1497.16,11580
176.45,1496.19,11591
176.07,1496.87,11603
178.74,1495.01,11615
178.30,1495.05,11627
175.06,1495.61,11638
176.99,1497.11,11651
177.30,1497.40,11662
179.80,1497.09,11674
178.35,1496.06,11685
174.30,1495.33,11698
176.08,1495.36,11709
178.37,1496.69,11721
179.39,1496.83,11732
177.12,1496.85,11745
176.60,1495.86,11756
178.65,1496.41,11768
176.46,1493.70,11780
178.52,1493.32,11792
176.71,1493.77,11803
177.34,1495.71,11815
2.78,1496.16,11827
-1114.92,1495.83,11839
176.74,1495.59,11850
175.65,1494.86,11863
178.64,1495.28,11874
178.11,1495.74,11886
176.58,1496.68,11897
177.47,1496.55,11910
179.33,1495.55,11921
178.23,1495.29,11933
176.81,1492.97,11944
176.09,1492.42,11957
176.11,1493.14,11968
181.13,1495.17,11979
177.57,1495.62,11992
177.14,1496.29,12003
177.74,1495.72,12015
174.83,1495.26,12026
178.31,1495.03,12039
177.55,1495.66,12050
177.60,1496.64,12062
176.97,1497.20,12073
177.91,1495.99,12086
179.31,1494.66,12097
176.74,1493.59,12109
176.34,1492.12,12121
177.19,1492.96,12133
179.47,1494.79,12144
178.68,1495.35,12156
177.79,1496.10,12168
177.97,1495.46,12180
176.88,1495.45,12191
176.98,1494.25,12204
177.91,1495.35,12215
177.83,1496.02,12227
178.06,1496.37,12238
179.18,1496.18,12251
179.00,1494.64,12262
175.00,1493.62,12274
177.79,1492.40,12285
177.27,1493.59,12298
179.34,1495.09,12309
177.53,1495.54,12321
177.31,1496.57,12333
178.51,1495.25,12345
177.09,1495.62,12356
176.98,1493.72,12368
176.61,1494.51,12380
178.13,1495.77,12392
177.96,1494.99,12403
177.98,1495.81,12416
180.08,1493.34,12427
175.90,1493.16,12438
177.11,1491.98,12450
178.47,1493.16,12462
177.75,1495.55,12474
177.76,1495.76,12485
177.49,1498.28,12497
178.58,1496.72,12509
177.33,1496.93,12521
176.34,1494.71,12532
177.51,1495.18,12545
176.37,1495.50,12556
178.98,1495.05,12568
177.86,1495.51,12579
177.76,1494.13,12592
179.28,1493.96,12603
177.25,1492.02,12615
177.55,1492.78,12626
178.78,1494.95,12639
177.78,1496.38,12650
176.53,1497.74,12662
179.48,1496.15,12674
175.66,1495.40,12686
177.03,1493.65,12697
178.61,1493.57,12709
177.54,1494.26,12721
176.96,1494.89,12733
178.30,1495.74,12744
179.72,1495.31,12756
176.86,1496.27,12768
175.76,1494.66,12780
177.35,1494.61,12791
176.54,1495.94,12804
179.77,1496.19,12815
178.61,1496.93,12827
176.20,1496.21,12838
177.08,1497.21,12851
176.94,1494.67,12862
177.81,1494.02,12874
177.38,1494.32,12886
177.30,1495.02,12898
177.72,1496.18,12909
178.06,1495.95,12920
179.48,1496.44,12933
175.56,1495.06,12944
175.55,1496.79,12956
177.74,1496.67,12967
177.79,1498.31,12980
177.84,1497.29,12991
177.13,1496.62,13003
177.13,1495.82,13015
176.75,1494.27,13027
177.47,1493.26,13038
176.79,1493.67,13050
179.79,1495.33,13062
178.13,1495.65,13074
177.64,1495.35,13085
178.64,1495.66,13097
175.08,1495.59,13109
178.11,1495.79,13121
177.62,1496.68,13132
177.93,1498.26,13145
177.45,1498.31,13156
177.69,1497.01,13168
179.41,1495.23,13179
175.81,1492.85,13192
177.44,1491.64,13203
178.32,1491.89,13215
178.66,1493.67,13227
178.04,1494.45,13239
178.64,1496.11,13250
179.06,1496.48,13262
175.24,1496.54,13274
177.95,1495.95,13286
176.65,1496.66,13297
177.31,1498.15,13309
177.98,1497.89,13321
177.27,1497.32,13333
179.14,1495.41,13344
178.32,1493.11,13357
175.43,1492.01,13368
177.82,1492.61,13379
178.89,1494.41,13391
177.90,1494.43,13403
178.08,1495.67,13415
178.21,1495.45,13426
176.52,1495.73,13438
178.10,1494.67,13450
176.18,1495.25,13462
178.30,1497.32,13473
177.34,1497.14,13486
178.63,1497.58,13497
179.55,1495.54,13509
174.25,1494.49,13520
177.83,1492.76,13533
179.20,1493.15,13544
178.16,1493.91,13556
178.29,1494.25,13568
177.57,1495.26,13580
179.29,1495.44,13591
178.56,1495.39,13603
176.40,1494.20,13615
176.12,1494.72,13627
177.99,1496.21,13638
179.37,1496.40,13650
178.31,1496.56,13662
178.93,1494.37,13674
176.42,1493.39,13685
175.22,1492.38,13698
180.58,1493.55,13709
177.89,1495.12,13721
177.91,1496.11,13732
176.80,1497.07,13745
178.00,1495.71,13756
180.94,1495.89,13768
175.24,1493.82,13779
177.58,1494.40,13792
179.27,1495.61,13803
178.59,1496.01,13815
177.15,1496.44,13827
177.45,1496.02,13839
175.86,1495.73,13850
179.25,1494.26,13861
178.08,1493.46,13874
176.79,1494.38,13885
176.52,1495.42,13897
178.48,1496.29,13908
181.20,1495.98,13921
176.98,1495.73,13932
174.05,1494.43,13944
177.63,1493.60,13956
178.07,1495.61,13968
180.21,1495.98,13979
177.55,1496.92,13991
175.71,1495.95,14003
177.85,1495.29,14015
177.83,1493.97,14026
178.64,1493.86,14039
176.89,1494.23,14050
176.69,1494.97,14062
177.77,1495.12,14073
180.73,1494.91,14086
179.74,1495.21,14097
174.52,1494.95,14109
175.47,1494.36,14120
177.58,1495.76,14133
181.26,1497.11,14144
178.37,1496.90,14156
174.48,1497.24,14168
177.64,1495.90,14180
179.61,1494.88,14191
177.92,1493.26,14203
175.33,1492.74,14215
177.29,1494.68,14227
179.98,1494.48,14238
180.84,1495.13,14251
176.52,1494.85,14262
174.19,1493.73,14274
178.21,1494.15,14285
178.90,1494.66,14298
178.85,1497.03,14309
176.36,1495.88,14320
176.53,1497.08,14332
179.01,1496.36,14344
177.93,1495.33,14356
177.58,1493.64,14367
174.67,1493.93,14380
178.48,1495.77,14391
179.39,1495.75,14403
178.55,1495.84,14414
178.68,1494.48,14427
175.05,1493.94,14438
175.81,1494.55,14450
179.88,1494.95,14461
179.08,1497.08,14474
175.93,1496.99,14485
176.58,1497.22,14497
180.23,1496.34,14509
178.18,1494.71,14521
176.13,1493.77,14532
176.75,1493.55,14544
176.66,1496.12,14556
179.72,1495.53,14568
178.11,1496.07,14579
177.86,1494.48,14592
174.98,1493.87,14603
179.58,1493.13,14615
178.09,1494.32,14626
176.97,1495.99,14639
176.91,1496.44,14650
178.54,1498.03,14662
179.23,1497.02,14673
177.80,1495.24,14686
176.01,1492.64,14697
176.50,1492.65,14709
179.67,1493.25,14721
179.17,1493.66,14733
178.18,1494.75,14744
178.99,1494.43,14756
175.77,1494.17,14768
176.86,1494.18,14780
179.12,1493.80,14791
177.11,1495.72,14802
177.16,1496.26,14815
176.73,1497.65,14826
179.90,1496.64,14838
178.67,1496.40,14850
174.41,1493.91,14862
176.92,1493.18,14873
177.94,1493.92,14885
179.48,1493.45,14897
178.46,1493.99,14909
178.46,1493.40,14920
177.42,1494.29,14932
175.75,1493.86,14944
179.59,1494.98,14956
176.70,1496.41,14967
177.28,1497.19,14980
178.41,1497.81,14991
179.37,1496.80,15003
175.09,1496.38,15014
175.75,1494.02,15027
177.06,1493.83,15038
179.55,1493.72,15050
178.57,1494.70,15062
177.16,1494.40,15074
177.02,1493.39,15085
177.95,1493.69,15097
178.04,1492.85,15109
177.94,1493.53,15121
175.67,1494.78,15132
177.74,1497.15,15144
177.64,1497.95,15156
178.92,1497.95,15168
178.91,1496.55,15179
173.94,1494.58,15192
176.52,1493.88,15203
179.32,1494.27,15215
179.06,1494.55,15226
177.89,1494.92,15239
177.27,1493.57,15250
178.55,1493.70,15261
177.61,1492.56,15273
178.99,1492.44,15285
176.19,1493.52,15297
178.07,1496.16,15308
178.07,1497.19,15321
178.34,1497.50,15332
179.22,1497.14,15344
176.05,1495.80,15355
178.42,1495.00,15368
178.88,1495.17,15379
177.38,1495.34,15391
177.26,1494.03,15403
179.31,1493.63,15415
179.25,1494.00,15426
176.50,1492.97,15438
177.12,1492.31,15450
176.46,1493.42,15462
179.99,1495.43,15473
178.73,1496.21,15485
176.75,1497.08,15497
177.44,1496.51,15509
175.64,1495.67,15520
178.50,1495.41,15533
178.37,1494.72,15544
176.36,1495.91,15556
176.56,1495.24,15567
178.92,1495.19,15580
181.21,1494.22,15591
176.97,1493.77,15603
175.45,1493.21,15614
175.76,1494.42,15627
179.42,1496.59,15638
179.93,1496.57,15650
176.59,1497.81,15662
177.40,1497.83,15674
176.20,1497.29,15685
177.35,1495.51,15697
179.09,1495.41,15709
176.06,1495.96,15720
177.03,1495.60,15732
177.77,1495.68,15744
180.02,1493.86,15756
174.30,1492.93,15768
177.46,1491.67,15779
178.68,1493.72,15791
178.01,1495.45,15803
177.87,1497.12,15814
177.14,1497.91,15826
177.43,1498.17,15838
177.20,1497.51,15850
177.65,1495.92,15861
175.19,1494.94,15874
177.87,1495.35,15885
178.90,1494.16,15897
178.16,1494.43,15908
179.61,1493.17,15921
175.88,1493.03,15932
176.63,1492.77,15944
178.98,1494.29,15955
177.92,1495.77,15968
177.32,1497.10,15979
176.57,1498.29,15991
178.94,1497.67,16003
178.49,1498.12,16015
174.92,1495.60,16026
176.59,1495.33,16038
176.43,1495.32,16050
178.41,1495.34,16062
178.65,1494.76,16073
178.18,1493.83,16086
177.12,1493.85,16097
176.49,1493.62,16109
178.65,1493.91,16120
177.17,1495.88,16133
177.14,1496.94,16144
176.62,1498.32,16156
179.82,1496.81,16167
176.00,1496.47,16180
175.35,1494.60,16191
176.85,1495.12,16202
179.00,1494.84,16215
179.17,1495.41,16226
177.46,1495.12,16238
177.85,1493.51,16249
177.51,1493.93,16262
177.68,1492.56,16273
177.79,1493.79,16285
177.35,1494.36,16296
178.04,1497.60,16309
176.60,1498.19,16320
179.43,1498.16,16332
178.34,1496.54,16344
174.23,1494.77,16356
178.32,1494.28,16367
177.65,1494.49,16379
178.74,1495.47,16391
178.45,1494.83,16403
177.41,1494.64,16414
178.76,1495.54,16427
176.28,1493.93,16438
178.60,1494.20,16450
176.28,1495.02,16461
178.34,1496.59,16474
178.37,1497.06,16485
176.69,1496.51,16497
178.94,1496.73,16508
175.91,1494.99,16521
176.86,1494.82,16532
178.08,1494.14,16544
177.32,1495.49,16556
177.43,1495.16,16568
179.15,1494.87,16579
178.91,1495.10,16591
175.04,1494.24,16603
176.62,1494.05,16615
178.05,1494.74,16626
178.78,1495.91,16638
177.88,1496.15,16650
177.99,1495.60,16661
177.75,1495.84,16673
176.39,1493.58,16685
179.20,1493.89,16697
176.59,1493.65,16708
178.34,1495.64,16720
178.33,1496.09,16732
176.63,1496.44,16744
180.09,1496.72,16755
176.16,1495.67,16768
175.78,1495.36,16779
177.86,1495.18,16791
178.21,1496.07,16802
178.39,1495.30,16815
176.77,1495.07,16826
178.52,1494.12,16838
177.56,1492.57,16849
177.46,1492.74,16862
178.16,1493.11,16873
177.19,1495.08,16885
177.76,1495.54,16897
177.61,1496.38,16909
179.29,1496.48,16920
178.82,1496.57,16932
176.96,1495.27,16944
178.55,1495.77,16956
179.89,1496.56,16967
175.96,1496.93,16979
177.02,1496.27,16991
179.27,1495.53,17003
176.44,1493.62,17014
179.41,1493.09,17027
176.28,1492.34,17038
176.43,1495.04,17050
179.05,1494.83,17061
179.10,1496.91,17074
179.43,1495.09,17085
175.25,1495.80,17097
175.40,1494.74,17108
178.03,1495.59,17121
179.00,1496.37,17132
178.01,1495.89,17143
176.70,1495.97,17156
178.61,1495.04,17167
178.08,1494.30,17179
177.68,1493.02,17190
176.67,1492.70,17203
176.45,1494.51,17214
179.09,1495.36,17226
178.23,1496.23,17238
178.09,1494.34,17250
178.66,1493.76,17261
174.48,1492.55,17273
178.68,1492.62,17285
178.95,1494.01,17297
177.88,1494.87,17308
177.76,1495.66,17320
178.75,1495.29,17332
177.46,1495.76,17344
176.23,1492.72,17355
176.39,1494.12,17368
179.18,1494.56,17379
178.43,1496.47,17391
176.97,1496.53,17402
179.22,1496.50,17415
175.65,1495.12,17426
176.36,1493.95,17438
178.73,1493.48,17449
177.05,1493.78,17462
178.09,1493.74,17473
178.25,1493.79,17485
178.68,1492.92,17497
180.28,1493.49,17509
175.58,1492.04,17520
176.33,1492.66,17532
178.12,1494.10,17544
180.60,1495.93,17556
177.41,1496.23,17567
177.71,1495.70,17580
177.53,1495.51,17591
176.15,1494.17,17602
179.47,1494.18,17614
177.46,1494.29,17626
176.96,1495.28,17638
177.76,1495.34,17649
178.69,1494.41,17661
180.72,1494.87,17673
175.77,1493.15,17685
175.63,1493.29,17696
177.26,1494.72,17709
178.90,1496.15,17720
176.71,1496.30,17732
177.32,1495.76,17743
177.54,1494.55,17756
178.59,1492.49,17767
177.41,1492.34,17779
177.11,1492.87,17790
177.33,1494.73,17803
178.78,1495.25,17814
180.59,1495.23,17826
178.11,1495.59,17838
173.82,1494.43,17850
177.35,1494.35,17861
178.47,1495.62,17873
179.78,1497.26,17885
177.25,1497.13,17897
175.29,1496.27,17908
179.50,1495.30,17921
177.24,1492.71,17932
178.89,1492.50,17944
177.11,1492.38,17955
176.79,1494.28,17968
178.49,1495.07,17979
179.44,1496.59,17991
179.28,1497.34,18002
175.87,1496.35,18015
175.47,1496.42,18026
176.73,1496.42,18038
179.44,1497.76,18050
178.59,1496.66,18062
175.82,1496.59,18073
177.88,1494.92,18084
178.00,1493.53,18097
177.89,1492.80,18108
176.63,1493.00,18120
177.62,1494.84,18131
177.93,1495.87,18144
179.66,1496.27,18155
177.96,1496.41,18167
173.61,1495.28,18179
176.46,1495.22,18191
178.80,1495.70,18202
178.48,1497.52,18214
177.10,1496.95,18226
176.77,1496.90,18238
178.60,1495.40,18249
177.14,1493.60,18262
178.01,1492.88,18273
176.47,1492.95,18285
177.86,1495.10,18296
179.45,1495.45,18309
177.97,1497.25,18320
178.67,1496.32,18332
175.83,1496.67,18343
175.81,1495.02,18356
177.09,1496.07,18367
179.09,1496.03,18379
178.52,1496.95,18391
175.41,1496.34,18403
177.89,1495.46,18414
178.54,1493.69,18426
177.02,1493.35,18438
177.36,1493.53,18450
176.93,1495.74,18461
177.48,1495.84,18473
178.68,1497.19,18485
178.53,1496.18,18497
174.05,1497.07,18508
178.22,1495.27,18521
177.85,1495.65,18532
178.46,1495.85,18544
177.92,1495.83,18555
176.49,1495.47,18567
179.71,1494.44,18579
177.71,1494.02,18590
177.48,1493.02,18603
175.78,1493.37,18614
178.31,1495.20,18626
179.26,1496.28,18637
177.38,1497.67,18650
178.90,1496.34,18661
176.74,1496.03,18673
175.66,1495.41,18684
177.94,1495.26,18697
178.94,1495.81,18708
176.95,1495.12,18720
177.08,1495.24,18732
179.26,1493.64,18744
179.83,1493.77,18755
175.38,1491.52,18767
177.52,1492.38,18779
178.00,1494.07,18791
178.97,1495.90,18802
178.32,1496.63,18814
177.02,1496.44,18826
177.68,1495.95,18838
175.43,1494.63,18849
179.54,1494.19,18862
178.10,1495.70,18873
175.93,1495.11,18885
178.01,1495.59,18896
179.15,1493.91,18909
177.17,1494.19,18920
176.01,1492.67,18932
176.33,1493.76,18944
178.74,1495.58,18956
179.39,1496.74,18967
176.90,1497.82,18979
176.32,1497.27,18991
177.82,1497.11,19003
177.55,1495.37,19014
176.54,1494.37,19025
177.60,1494.66,19038
179.24,1495.20,19049
177.01,1495.52,19061
179.59,1494.02,19073
179.49,1493.49,19085
173.20,1493.30,19096
179.03,1493.19,19108
179.14,1495.29,19120
177.39,1496.49,19132
176.77,1497.87,19143
177.80,1497.49,19155
178.75,1497.42,19167
177.09,1494.95,19179
176.20,1493.81,19190
176.45,1494.13,19203
178.93,1495.35,19214
179.38,1495.40,19226
177.88,1495.71,19237
177.35,1494.93,19250
176.44,1494.65,19261
177.60,1494.20,19273
178.42,1494.89,19284
177.19,1496.30,19297
177.16,1497.21,19308
179.70,1497.22,19320
178.54,1496.43,19332
174.72,1494.64,19344
176.86,1494.15,19355
177.91,1493.53,19367
179.29,1494.96,19379
178.26,1494.43,19391
176.75,1494.32,19402
178.42,1494.30,19415
177.30,1494.59,19426
177.42,1493.37,19438
176.98,1494.55,19449
178.60,1496.52,19462
176.59,1496.49,19473
178.52,1496.68,19484
179.67,1496.42,19496
174.67,1495.19,19508
176.78,1494.97,19520
179.01,1494.97,19531
176.83,1495.87,19544
177.79,1494.74,19555
178.19,1494.78,19567
178.39,1494.42,19578
177.74,1494.24,19591
177.24,1493.37,19602
176.60,1494.23,19614
176.21,1496.27,19625
180.57,1495.89,19638
178.14,1496.72,19649
176.90,1494.98,19661
178.13,1494.25,19673
178.55,1493.23,19685
178.05,1493.83,19696
177.94,1495.21,19708
176.50,1495.04,19720
178.86,1495.78,19732
180.02,1494.34,19743
175.74,1494.32,19756
176.47,1493.44,19767
177.32,1494.08,19779
179.25,1496.05,19790
178.16,1496.53,19803
178.15,1496.61,19814
178.33,1495.02,19826
175.31,1494.38,19837
178.30,1492.96,19850
178.27,1492.88,19861
177.01,1494.80,19873
178.16,1494.82,19885
177.73,1495.54,19897
179.38,1494.03,19908
178.53,1493.87,19920
174.87,1492.17,19932
178.22,1493.89,19943
177.79,1494.92,19955
177.67,1496.87,19966
178.77,1497.42,19979
178.31,1497.02,19990
176.89,1495.93,20002
177.06,1494.23,20014
177.53,1494.12,20026
176.73,1494.84,20037
179.35,1495.52,20049
177.18,1495.92,20061
177.86,1495.21,20073
175.37,1494.74,20084
177.26,1493.75,20097
177.19,1493.45,20108
178.25,1494.51,20120
178.79,1495.82,20131
176.39,1496.38,20144
179.27,1495.38,20155
176.87,1495.73,20167
175.97,1494.25,20178
178.18,1494.43,20191
177.55,1495.45,20202
177.31,1495.69,20214
178.69,1495.75,20226
179.06,1495.31,20238
176.76,1496.50,20249
176.71,1494.47,20261
176.98,1494.49,20273
177.52,1495.50,20285
179.01,1496.48,20296
176.96,1495.68,20308
178.18,1495.38,20320
179.03,1494.01,20332
175.92,1492.91,20343
178.13,1492.72,20356
176.41,1494.82,20367
178.30,1495.00,20379
178.55,1496.82,20390
177.77,1495.85,20403
179.09,1496.76,20414
176.07,1494.96,20425
175.51,1495.21,20438
177.84,1495.22,20449
178.62,1496.61,20461
176.99,1495.80,20472
178.29,1495.00,20485
177.74,1494.19,20496
177.16,1492.94,20508
177.78,1493.32,20519
177.42,1493.93,20532
176.74,1495.69,20543
178.56,1494.97,20555
179.43,1495.89,20567
178.18,1496.17,20579
174.68,1495.71,20590
176.97,1494.62,20602
177.09,1496.08,20614
179.84,1496.76,20626
177.24,1497.25,20637
176.23,1496.47,20649
177.58,1496.33,20661
177.58,1493.47,20673
178.66,1493.32,20684
176.80,1492.44,20697
176.72,1495.03,20708
178.08,1494.88,20720
179.19,1496.02,20731
180.20,1495.77,20744
175.69,1494.81,20755
174.09,1494.58,20767
177.26,1495.04,20779
180.21,1496.77,20791
178.30,1497.05,20802
175.72,1496.62,20814
177.55,1496.78,20826
179.20,1495.37,20838
176.70,1494.66,20849
175.83,1494.51,20861
178.30,1495.96,20873
178.63,1496.24,20885
179.46,1496.02,20896
177.31,1494.93,20908
174.35,1494.41,20920
178.88,1494.14,20931
178.20,1494.54,20943
178.87,1496.37,20955
177.09,1496.19,20967
176.37,1496.63,20978
179.83,1496.10,20990
177.03,1495.04,21002
177.17,1494.99,21014
176.40,1495.26,21025
178.09,1496.15,21038
177.83,1495.86,21049
179.07,1496.17,21061
179.13,1495.15,21072
175.33,1494.85,21085
176.33,1492.89,21096
178.56,1493.77,21108
178.49,1495.48,21120
178.93,1495.86,21132
175.76,1497.09,21143
177.82,1495.48,21155
179.13,1495.53,21167
177.05,1494.34,21179
177.36,1494.97,21190
177.09,1495.46,21202
177.00,1495.90,21214
178.79,1496.40,21226
179.05,1495.21,21237
178.18,1495.41,21250
177.65,1494.10,21261
177.02,1494.39,21273
179.35,1495.31,21284
177.84,1495.28,21297
177.42,1496.68,21308
179.05,1495.93,21320
175.94,1496.74,21331
177.32,1494.14,21344
177.23,1493.86,21355
177.42,1495.03,21366
178.81,1496.11,21379
177.72,1496.19,21390
178.61,1494.25,21402
177.54,1493.99,21413
176.08,1492.56,21426
179.00,1494.01,21437
177.89,1495.73,21449
176.33,1497.02,21460
178.04,1497.70,21473
178.16,1497.64,21484
178.41,1497.36,21496
176.23,1496.68,21508
176.46,1495.43,21520
175.69,1496.38,21531
179.72,1495.82,21543
178.52,1496.11,21555
177.34,1493.70,21567
179.04,1493.75,21578
175.89,1491.73,21591
178.07,1491.98,21602
177.90,1493.74,21614
179.05,1495.27,21625
177.32,1496.17,21638
180.43,1495.70,21649
176.70,1495.52,21661
175.22,1494.77,21672
178.69,1494.69,21685
177.47,1495.02,21696
177.11,1495.52,21708
179.05,1494.83,21720
178.65,1494.31,21732
176.91,1493.55,21743
177.73,1492.67,21755
177.43,1492.35,21767
177.49,1493.97,21779
179.55,1495.12,21790
177.26,1496.10,21803
177.77,1495.85,21814
178.47,1496.79,21825
175.84,1495.32,21837
178.20,1495.21,21849
176.47,1495.16,21861
178.15,1496.15,21872
177.60,1496.21,21884
177.52,1495.52,21896
179.96,1494.92,21908
176.11,1493.12,21919
176.00,1492.95,21932
178.99,1493.42,21943
178.25,1495.39,21955
178.09,1495.83,21966
177.67,1496.54,21979
178.20,1495.68,21990
177.20,1495.48,22002
176.79,1495.03,22013
176.71,1495.89,22026
177.29,1496.99,22037
177.04,1496.95,22049
179.92,1495.81,22061
177.65,1495.08,22073
175.69,1492.91,22084
178.79,1492.14,22096
178.41,1492.15,22108
178.54,1494.94,22120
178.09,1494.68,22131
177.54,1496.20,22144
179.05,1495.36,22155
176.67,1495.12,22167
177.45,1494.67,22178
176.79,1495.44,22191
178.14,1496.68,22202
177.82,1496.80,22214
178.19,1497.03,22225
179.08,1495.75,22238
175.70,1494.60,22249
177.38,1493.00,22261
177.38,1493.57,22273
179.50,1494.45,22284
178.69,1494.91,22296
176.14,1495.38,22307
179.24,1495.69,22320
178.57,1495.61,22331
175.99,1495.02,22343
177.32,1495.41,22354
177.16,1497.32,22367
177.87,1496.68,22378
177.87,1497.02,22390
178.49,1495.69,22402
177.27,1495.78,22414
175.44,1493.62,22425
177.18,1493.91,22437
177.98,1495.20,22449
178.13,1495.13,22461
177.31,1496.67,22472
179.05,1495.36,22484
176.78,1494.60,22496
176.81,1493.61,22508
177.70,1494.13,22519
178.46,1495.79,22532
177.32,1495.21,22543
177.68,1496.80,22555
179.63,1495.13,22566
176.34,1495.56,22579
177.26,1493.91,22590
176.57,1494.65,22602
177.57,1495.87,22614
179.44,1496.39,22626
177.59,1496.86,22637
177.35,1495.37,22649
177.96,1495.12,22661
175.79,1494.11,22673
178.94,1493.91,22684
177.16,1495.73,22696
177.87,1496.04,22708
177.24,1496.99,22720
178.40,1495.91,22731
179.47,1495.53,22744
175.41,1494.14,22755
176.38,1494.26,22766
177.48,1495.94,22778
178.70,1496.54,22790
177.86,1497.06,22802
177.64,1496.38,22813
175.20,1495.89,22825
179.54,1493.95,22837
177.73,1494.13,22849
176.24,1494.63,22860
178.28,1496.45,22873
178.09,1496.92,22884
178.77,1496.31,22896
178.42,1495.61,22907
175.33,1494.19,22920
176.02,1493.81,22931
178.49,1495.28,22943
179.72,1495.97,22955
176.86,1496.41,22967
177.65,1494.97,22978
178.99,1495.61,22990
175.41,1493.60,23002
178.34,1493.69,23014
176.67,1494.42,23025
178.25,1495.99,23037
178.20,1495.91,23049
178.86,1495.02,23061
178.26,1494.33,23072
175.24,1493.22,23085
178.10,1492.98,23096
178.40,1493.56,23108
178.09,1495.81,23119
177.27,1495.88,23132
177.70,1496.02,23143
179.62,1496.35,23155
177.15,1494.73,23166
177.03,1494.79,23179
175.80,1495.18,23190
178.47,1496.71,23202
179.48,1495.45,23214
178.37,1495.63,23225
176.86,1493.78,23237
176.75,1492.59,23248
179.67,1491.98,23261
178.23,1492.21,23272
177.16,1493.61,23284
178.11,1494.05,23296
179.30,1495.54,23308
178.66,1495.22,23319
176.34,1494.22,23331
176.02,1494.48,23343
176.59,1495.56,23355
179.45,1498.08,23366
177.73,1497.73,23378
176.38,1497.81,23390
179.10,1496.15,23402
175.77,1494.78,23413
177.73,1492.44,23426
177.85,1492.51,23437
178.18,1493.11,23449
178.30,1493.93,23460
178.00,1494.12,23473
179.55,1494.20,23484
176.88,1493.64,23496
175.83,1494.21,23507
178.45,1494.71,23520
177.62,1496.95,23531
177.45,1496.62,23543
177.15,1497.74,23555
178.50,1496.02,23567
177.65,1495.71,23578
177.03,1492.39,23590
176.60,1493.11,23602
179.91,1493.90,23614
177.84,1494.83,23625
177.36,1495.10,23638
179.15,1494.85,23649
175.63,1494.18,23661
178.57,1494.28,23672
177.44,1495.53,23684
177.47,1496.65,23696
176.99,1497.15,23707
177.58,1497.16,23719
179.98,1495.59,23731
176.65,1493.33,23743
176.45,1491.60,23754
177.48,1491.44,23767
178.49,1493.21,23778
179.77,1493.79,23790
177.90,1496.04,23801
177.09,1494.96,23814
177.38,1496.95,23825
177.11,1495.21,23837
176.16,1496.34,23848
178.35,1496.85,23861
178.17,1498.05,23872
175.90,1496.97,23884
179.41,1494.96,23896
179.27,1493.43,23908
174.95,1491.56,23919
178.42,1492.20,23931
179.30,1493.56,23943
177.72,1494.45,23955
178.26,1495.87,23966
177.79,1496.16,23979
178.37,1498.68,23990
176.47,1496.06,24002
176.47,1496.87,24013
178.05,1496.70,24026
179.93,1497.33,24037
176.21,1496.61,24049
178.55,1494.86,24060
177.42,1493.63,24073
177.78,1491.45,24084
178.49,1491.57,24096
178.60,1492.41,24108
177.07,1494.04,24120
177.65,1495.17,24131
180.97,1494.95,24142
178.15,1496.25,24155
175.09,1496.13,24166
176.47,1496.61,24178
176.82,1497.91,24189
178.40,1497.91,24202
178.80,1498.08,24213
177.11,1495.41,24225
177.33,1495.31,24237
176.75,1492.12,24249
179.08,1491.33,24260
177.33,1492.68,24272
178.38,1494.59,24284
177.79,1495.86,24296
176.92,1495.53,24307
180.73,1496.51,24320
175.56,1495.78,24331
175.31,1496.65,24343
179.22,1497.07,24354
176.79,1497.51,24367
177.31,1496.70,24378
178.75,1495.36,24390
177.57,1494.80,24401
177.88,1492.18,24414
177.17,1491.33,24425
177.89,1492.19,24437
179.62,1493.72,24449
178.33,1495.22,24461
178.25,1495.71,24472
177.66,1496.66,24484
175.48,1496.03,24496
177.53,1496.82,24508
176.45,1496.64,24519
178.72,1498.58,24531
177.00,1497.74,24543
176.34,1496.46,24555
180.80,1494.71,24566
176.09,1492.43,24579
176.08,1491.22,24590
179.58,1491.72,24602
177.82,1493.72,24613
177.79,1494.68,24625
179.25,1495.74,24637
178.35,1496.22,24648
175.68,1497.19,24660
177.31,1496.13,24672
175.95,1496.93,24684
178.15,1498.03,24695
177.17,1497.27,24708
177.28,1496.40,24719
179.55,1494.67,24731
177.21,1493.12,24742
176.61,1491.56,24755
177.51,1492.51,24766
177.19,1495.24,24778
177.73,1495.48,24790
176.82,1497.43,24802
178.10,1497.18,24813
175.44,1497.34,24825
177.43,1496.57,24837
177.33,1497.15,24849
176.62,1497.04,24860
177.42,1496.20,24872
178.98,1495.99,24884
179.27,1493.97,24896
176.02,1493.53,24907
177.55,1492.19,24920
177.55,1492.63,24931
180.21,1494.33,24943
178.19,1495.41,24954
176.31,1496.40,24967
179.01,1496.35,24978
177.13,1496.41,24990
176.96,1495.82,25001
177.44,1495.08,25014
176.57,1496.69,25025
178.30,1495.57,25037
178.30,1495.97,25049
179.10,1493.53,25061
177.96,1492.76,25072
175.77,1491.12,25084
177.86,1491.82,25096
178.92,1493.52,25107
179.20,1494.88,25119
176.87,1496.36,25131
177.36,1496.86,25143
179.20,1497.38,25154
176.66,1496.33,25166
176.44,1496.13,25178
179.02,1497.44,25190
178.06,1497.94,25201
177.19,1496.71,25213
179.04,1494.80,25225
175.51,1493.27,25237
178.19,1492.52,25248
179.03,1492.23,25261
177.40,1494.47,25272
176.88,1495.19,25284
177.07,1496.91,25295
180.22,1496.89,25308
178.87,1497.73,25319
174.63,1495.99,25331
176.67,1495.49,25342
176.72,1495.95,25355
180.07,1495.69,25366
178.56,1495.23,25378
177.19,1493.03,25390
178.07,1492.62,25402
178.11,1490.83,25413
179.50,1490.62,25425
176.88,1493.03,25437
178.60,1495.43,25449
177.18,1497.57,25460
177.72,1497.78,25473
180.38,1498.03,25484
175.29,1497.27,25496
175.66,1496.64,25507
177.46,1496.72,25520
178.97,1495.81,25531
177.42,1494.77,25543
178.01,1492.59,25554
179.34,1492.99,25566
178.67,1491.59,25578
177.49,1492.00,25589
176.48,1493.16,25602
179.30,1496.76,25613
177.42,1497.66,25625
178.18,1498.80,25636
177.34,1498.73,25649
174.24,1497.63,25660
178.06,1496.50,25672
178.24,1496.11,25683
176.61,1495.58,25696
177.45,1493.69,25707
179.60,1492.55,25719
180.03,1492.42,25731
177.56,1490.44,25743
177.49,1491.36,25754
175.91,1493.17,25766
178.77,1497.30,25778
178.82,1498.03,25790
176.62,1499.51,25801
177.75,1498.09,25814
174.80,1496.90,25825
177.89,1495.25,25837
178.40,1494.69,25848
177.35,1494.34,25861
177.82,1493.29,25872
178.25,1492.35,25884
179.96,1492.56,25895
178.80,1491.41,25908
175.60,1492.51,25919
176.58,1494.63,25931
179.00,1498.14,25943
178.44,1498.55,25955
177.80,1499.82,25966
176.32,1498.73,25978
175.76,1497.43,25990
179.05,1494.63,26002
177.20,1493.83,26013
177.39,1493.37,26025
178.53,1492.55,26037
178.38,1492.71,26048
181.20,1491.51,26060
175.80,1491.75,26072
176.45,1491.82,26084
178.05,1494.38,26095
178.38,1496.26,26107
177.81,1498.85,26119
176.69,1499.37,26131
177.21,1499.21,26142
176.51,1497.23,26155
178.33,1494.65,26166
176.69,1492.64,26178
177.65,1492.82,26189
178.75,1492.24,26202
178.31,1493.12,26213
179.87,1492.01,26225
177.42,1492.61,26236
175.92,1491.93,26249
178.68,1495.29,26260
177.78,1496.76,26272
177.70,1499.18,26284
176.67,1499.84,26296
178.14,1499.37,26307
178.97,1498.53,26319
175.14,1495.23,26331
176.18,1493.25,26343
176.61,1493.37,26354
179.55,1492.59,26366
176.73,1492.32,26378
179.56,1491.04,26390
177.02,1492.36,26401
178.58,1492.52,26414
178.62,1495.39,26425
175.67,1497.56,26437
175.35,1500.17,26448
178.48,1500.91,26461
180.40,1500.53,26472
175.85,1499.75,26484
174.97,1495.38,26496
176.34,1493.91,26508
178.48,1492.81,26519
181.86,1493.84,26530
177.12,1492.81,26543
176.51,1492.46,26554
178.04,1492.95,26566
178.00,1492.89,26577
180.17,1494.51,26590
175.34,1496.88,26601
174.74,1498.74,26613
177.44,1500.14,26625
179.50,1499.49,26637
178.87,1499.02,26648
174.60,1495.16,26660
174.25,1493.20,26672
177.55,1492.21,26684
181.59,1491.91,26695
178.37,1491.36,26707
176.88,1491.77,26719
178.66,1493.27,26731
177.42,1493.55,26742
176.50,1494.51,26755
175.67,1497.07,26766
177.91,1499.57,26778
177.86,1499.94,26789
178.65,1498.62,26802
177.75,1497.26,26813
173.27,1493.77,26825
180.28,1493.07,26836
178.78,1492.14,26849
178.07,1492.42,26860
177.91,1491.82,26872
178.19,1492.28,26884
179.70,1493.46,26896
177.99,1494.14,26907
176.74,1495.56,26919
175.02,1497.64,26931
178.42,1499.17,26943
179.03,1499.32,26954
177.82,1499.25,26967
176.66,1497.77,26978
174.57,1495.70,26990
177.99,1493.71,27001
178.55,1492.61,27013
178.98,1492.85,27025
176.59,1492.71,27036
176.39,1493.69,27048
181.72,1494.02,27060
178.36,1493.79,27072
174.66,1494.73,27083
177.28,1496.34,27096
176.62,1498.78,27107
178.12,1498.42,27119
178.76,1498.48,27130
177.34,1496.38,27143
177.26,1493.99,27154
179.02,1491.46,27166
178.15,1491.38,27177
179.04,1492.75,27190
177.38,1492.79,27201
178.72,1494.49,27213
179.39,1494.21,27225
176.30,1494.28,27237
177.03,1495.22,27248
176.09,1496.50,27260
178.48,1499.15,27272
177.67,1498.82,27284
177.49,1499.52,27295
178.07,1497.26,27308
176.15,1496.30,27319
176.90,1493.08,27331
177.77,1492.87,27342
178.97,1493.79,27355
178.68,1494.11,27366
176.87,1494.97,27378
179.66,1495.21,27389
177.02,1495.37,27402
176.55,1495.38,27413
178.35,1495.32,27425
176.01,1497.70,27437
178.18,1498.14,27449
177.86,1498.86,27460
177.20,1497.21,27472
179.91,1495.26,27484
174.10,1493.30,27495
177.61,1493.02,27507
178.51,1494.76,27518
177.91,1493.81,27531
178.83,1496.20,27542
178.06,1495.20,27554
176.54,1496.29,27566
177.87,1494.84,27578
174.86,1496.01,27589
177.85,1497.41,27601
179.14,1498.14,27613
176.61,1498.71,27625
178.49,1497.55,27636
176.80,1496.46,27649
176.21,1493.86,27660
178.86,1492.54,27672
177.85,1493.33,27683
177.93,1493.60,27696
177.82,1494.12,27707
179.24,1494.58,27719
179.07,1495.05,27730
175.56,1495.14,27743
176.81,1495.71,27754
176.32,1497.59,27766
178.61,1498.27,27778
178.38,1499.55,27790
176.93,1497.62,27801
177.65,1497.11,27813
174.94,1494.80,27825
178.60,1493.85,27837
178.20,1493.72,27848
178.00,1493.89,27860
177.34,1494.03,27872
177.78,1493.76,27884
179.98,1494.38,27895
177.99,1494.20,27908
175.90,1494.95,27919
178.29,1497.00,27931
178.36,1498.29,27942
177.18,1498.61,27955
178.29,1497.75,27966
176.04,1496.93,27977
176.44,1495.01,27990
179.22,1493.59,28001
176.68,1493.23,28013
178.34,1494.39,28024
177.10,1494.53,28037
179.02,1494.36,28048
179.82,1493.90,28060
175.83,1493.72,28071
176.56,1494.67,28084
177.41,1496.28,28095
177.90,1497.98,28107
177.46,1497.68,28119
177.94,1496.93,28131
177.18,1496.31,28142
176.17,1494.11,28154
178.38,1492.29,28166
177.33,1491.90,28178
179.63,1494.13,28189
178.50,1493.01,28201
176.60,1494.32,28213
180.83,1493.21,28225
177.15,1493.73,28236
176.36,1493.96,28249
178.67,1496.31,28260
176.76,1498.01,28272
177.08,1498.32,28283
178.91,1498.08,28296
178.33,1496.73,28307
176.80,1494.73,28319
177.24,1493.14,28331
177.41,1492.03,28343
179.97,1493.51,28354
177.43,1492.75,28366
177.60,1494.32,28378
179.84,1493.15,28390
176.56,1494.27,28401
176.91,1493.35,28413
177.27,1495.06,28425
178.08,1497.22,28437
176.53,1498.62,28448
177.41,1499.12,28460
179.01,1497.19,28472
175.59,1495.67,28483
177.33,1493.65,28495
178.14,1492.71,28507
177.78,1493.55,28519
178.21,1493.33,28530
178.90,1494.02,28542
178.75,1494.22,28554
177.29,1494.58,28566
177.23,1494.45,28577
177.24,1495.28,28590
176.37,1497.41,28601
178.91,1497.57,28613
177.13,1498.46,28624
177.60,1497.16,28637
178.93,1495.90,28648
175.10,1493.26,28660
177.35,1493.09,28672
177.56,1493.68,28684
179.54,1494.14,28695
178.21,1494.67,28707
178.70,1493.93,28719
176.09,1494.41,28731
178.24,1493.56,28742
176.62,1495.08,28754
177.40,1496.52,28766
176.95,1497.36,28778
178.27,1497.71,28789
179.27,1496.30,28802
176.40,1495.17,28813
176.79,1492.85,28825
176.33,1491.58,28836
178.39,1492.55,28849
180.72,1492.24,28860
178.06,1493.04,28872
177.85,1492.08,28883
178.08,1493.83,28896
176.71,1493.24,28907
177.97,1494.80,28919
177.12,1496.35,28931
178.13,1498.40,28942
176.07,1498.89,28954
178.03,1497.95,28965
178.99,1496.39,28978
175.07,1493.92,28989
178.64,1493.26,29001
177.64,1493.01,29012
178.02,1493.94,29025
178.38,1493.01,29036
178.89,1493.10,29048
179.52,1493.24,29060
176.88,1493.25,29072
177.42,1494.24,29083
176.24,1495.42,29095
179.06,1497.55,29107
176.10,1497.60,29119
179.03,1497.96,29130
177.42,1496.90,29143
176.69,1495.29,29154
177.64,1493.21,29166
178.31,1493.69,29177
178.04,1494.06,29190
177.40,1494.62,29201
179.81,1492.77,29213
179.35,1493.02,29224
175.55,1492.02,29237
178.45,1493.72,29248
177.65,1495.55,29260
177.49,1498.70,29272
177.52,1497.60,29284
178.07,1498.12,29295
178.30,1497.36,29307
176.73,1496.11,29319
177.36,1492.98,29331
176.50,1493.77,29342
179.38,1494.25,29355
178.79,1493.77,29366
177.54,1493.30,29378
179.40,1492.86,29389
177.43,1492.51,29402
177.60,1493.92,29413
177.36,1495.49,29424
177.42,1497.93,29436
177.62,1497.85,29448
177.65,1498.38,29460
178.87,1497.49,29471
178.02,1495.21,29484
175.20,1493.46,29495
179.09,1492.69,29507
179.70,1495.03,29518
177.34,1493.41,29531
177.55,1494.92,29542
179.07,1493.81,29554
176.28,1493.54,29565
178.83,1493.22,29578
176.56,1494.74,29589
176.92,1496.73,29601
177.89,1496.52,29613
178.30,1496.84,29625
179.41,1496.19,29636
174.59,1494.93,29648
176.08,1493.84,29660
178.13,1493.24,29672
178.94,1495.04,29683
179.39,1494.86,29696
175.79,1495.67,29707
177.72,1494.83,29719
179.12,1493.97,29730
177.14,1493.74,29743
176.97,1494.39,29754
176.52,1496.84,29766
177.50,1496.05,29777
178.54,1497.56,29790
179.88,1496.16,29801
177.52,1496.80,29813
174.38,1493.86,29825
177.36,1494.34,29837
178.01,1495.06,29848
180.75,1495.69,29860
176.41,1495.38,29872
176.61,1495.00,29884
176.89,1495.17,29895
178.31,1494.37,29906
176.30,1494.81,29919
175.50,1495.80,29930
178.97,1496.17,29942
179.37,1496.63,29954
179.08,1494.99,29966
175.99,1494.81,29977
175.39,1492.56,29989
178.95,1492.49,30001
180.53,1493.85,30013
177.78,1494.71,30024
176.15,1496.68,30036
178.46,1495.88,30048
178.27,1496.34,30060
178.53,1495.13,30071
176.66,1496.12,30084
175.12,1496.39,30095
178.17,1497.16,30107
179.51,1496.59,30118
179.95,1495.02,30131
177.58,1493.79,30142
174.50,1492.15,30154
178.62,1491.53,30166
179.31,1493.02,30178
179.41,1494.54,30189
176.67,1495.55,30201
177.09,1495.67,30213
179.82,1496.04,30225
177.42,1496.10,30236
176.81,1496.92,30248
176.01,1498.24,30260
176.86,1498.35,30272
179.12,1497.57,30283
179.64,1496.23,30296
174.76,1495.04,30307
176.54,1492.71,30319
179.46,1492.21,30330
178.83,1492.85,30343
178.45,1494.90,30354
176.57,1495.29,30366
178.28,1496.07,30377
179.30,1496.38,30390
176.60,1496.17,30401
177.18,1496.24,30412
175.57,1497.18,30425
178.90,1498.26,30436
178.38,1497.60,30448
178.29,1496.12,30459
178.34,1495.39,30472
175.57,1492.91,30483
177.00,1492.57,30495
179.35,1493.00,30507
178.91,1494.97,30519
176.32,1495.84,30530
177.49,1496.91,30542
179.85,1497.33,30554
176.38,1496.71,30566
176.76,1496.33,30577
175.94,1495.94,30589
177.71,1497.53,30601
179.60,1496.50,30613
176.89,1496.20,30624
178.25,1494.86,30637
177.06,1493.53,30648
175.99,1492.31,30660
180.05,1493.01,30671
177.17,1494.51,30684
178.36,1495.08,30695
178.28,1496.59,30707
177.78,1496.27,30718
175.70,1496.18,30731
176.54,1496.12,30742
177.19,1496.31,30754
179.24,1497.02,30766
177.03,1495.71,30778
177.90,1495.97,30789
178.94,1494.62,30801
175.68,1493.68,30813
179.07,1492.50,30825
176.75,1493.11,30836
178.26,1494.38,30849
178.20,1495.30,30860
176.78,1496.37,30872
179.64,1496.15,30883
177.56,1495.18,30896
175.07,1494.23,30907
177.39,1494.45,30918
178.43,1495.52,30930
177.46,1494.98,30942
178.02,1495.16,30954
179.02,1493.31,30965
177.40,1493.78,30978
177.49,1492.00,30989
177.47,1493.96,31001
176.77,1496.14,31012
178.71,1497.95,31025
177.60,1498.89,31036
177.79,1497.83,31048
178.31,1497.19,31059
177.73,1495.43,31072
177.89,1495.41,31083
177.66,1495.37,31095
178.15,1495.03,31107
177.76,1494.52,31119
179.63,1492.58,31130
178.63,1492.82,31142
176.17,1491.20,31154
176.22,1492.27,31166
179.74,1494.37,31177
178.11,1495.94,31190
176.98,1497.72,31201
178.32,1496.88,31213
176.05,1497.75,31224
177.11,1495.77,31237
178.76,1495.76,31248
176.91,1494.94,31260
177.04,1494.67,31271
178.07,1494.34,31284
180.80,1493.02,31295
179.34,1493.22,31307
175.70,1492.42,31319
176.91,1493.82,31331
177.40,1496.42,31342
179.01,1498.04,31354
177.73,1498.67,31366
177.07,1497.88,31378
178.02,1497.15,31389
175.48,1495.15,31400
178.81,1494.40,31413
177.30,1494.61,31424
176.89,1494.66,31436
177.90,1494.09,31448
179.98,1493.58,31460
176.35,1493.18,31471
176.33,1492.32,31483
177.76,1493.32,31495
178.86,1495.64,31507
177.72,1497.69,31518
176.29,1498.81,31531
177.98,1498.01,31542
177.23,1497.66,31554
176.57,1495.12,31565
177.26,1493.80,31578
176.38,1493.71,31589
179.04,1494.69,31601
178.56,1494.66,31612
178.86,1493.87,31625
178.26,1494.89,31636
175.08,1493.36,31648
177.79,1494.03,31660
178.85,1495.11,31672
177.40,1497.61,31683
176.40,1498.27,31695
176.98,1498.72,31707
179.28,1497.48,31719
176.38,1495.12,31730
177.51,1493.63,31742
176.00,1493.00,31754
177.41,1494.10,31766
179.81,1494.10,31777
178.81,1493.85,31790
177.95,1494.44,31801
177.14,1493.53,31813
176.29,1493.97,31824
177.65,1494.92,31837
178.22,1497.68,31848
175.52,1498.09,31860
178.25,1497.82,31872
179.46,1497.36,31884
175.65,1494.89,31895
176.92,1494.06,31907
177.28,1493.51,31919
178.05,1494.10,31930
179.16,1493.40,31942
178.94,1493.66,31953
178.04,1493.40,31966
176.28,1494.00,31977
177.72,1493.68,31989
177.51,1495.23,32001
178.28,1497.37,32013
176.34,1497.79,32024
177.34,1497.85,32036
178.97,1497.05,32048
176.27,1495.47,32060
178.04,1493.40,32071
177.65,1492.67,32083
177.08,1493.22,32095
179.41,1492.91,32107
178.22,1493.47,32118
179.04,1492.91,32131
178.12,1493.47,32142
175.82,1492.65,32154
178.10,1495.14,32165
177.54,1496.99,32178
178.34,1498.14,32189
176.77,1498.92,32201
177.23,1497.21,32212
179.42,1495.94,32225
176.20,1493.37,32236
177.65,1493.17,32248
178.28,1493.25,32260
177.74,1493.18,32272
179.78,1493.39,32283
179.96,1492.61,32295
175.99,1493.00,32307
177.57,1492.78,32319
177.16,1494.37,32330
178.59,1497.62,32343
178.02,1498.74,32354
175.70,1500.19,32366
178.51,1498.77,32377
176.97,1497.00,32390
177.65,1493.88,32401
177.82,1492.46,32412
176.38,1492.73,32424
179.20,1492.30,32436
179.24,1493.87,32448
179.25,1492.70,32459
178.28,1493.48,32472
175.25,1492.76,32483
177.26,1495.20,32495
178.75,1496.45,32506
177.54,1498.83,32519
176.44,1499.76,32530
177.10,1499.31,32542
177.78,1497.74,32553
177.05,1495.07,32566
177.68,1492.59,32577
175.56,1492.65,32589
179.18,1492.78,32601
179.30,1493.46,32613
178.29,1493.36,32624
175.25,1494.86,32636
176.66,1494.27,32648
178.45,1495.46,32660
177.62,1496.49,32671
177.69,1497.98,32684
175.93,1498.42,32695
178.23,1498.18,32707
178.37,1497.86,32718
176.03,1495.54,32731
176.84,1494.27,32742
176.94,1492.62,32754
179.18,1494.13,32765
178.83,1492.73,32778
178.56,1493.72,32789
178.03,1493.85,32801
175.22,1494.66,32813
178.43,1494.97,32825
177.42,1496.51,32836
177.20,1498.39,32848
177.24,1498.10,32860
177.29,1498.00,32872
178.61,1497.15,32883
176.45,1495.27,32896
177.22,1494.44,32907
176.06,1493.62,32918
179.04,1494.65,32930
178.93,1492.99,32942
178.13,1493.46,32954
178.88,1492.85,32965
177.11,1492.82,32977
177.73,1492.84,32989
177.56,1494.60,33001
177.53,1497.35,33012
178.55,1497.75,33025
177.70,1498.43,33036
179.20,1496.87,33048
174.98,1495.32,33059
177.45,1494.12,33072
178.55,1493.77,33083
178.29,1494.20,33095
177.50,1494.01,33106
179.49,1493.59,33119
178.78,1493.40,33130
176.98,1493.33,33142
177.50,1493.55,33154
176.08,1495.09,33166
178.71,1497.81,33177
178.14,1498.43,33189
177.08,1498.73,33201
178.71,1497.39,33213
175.34,1496.07,33224
177.69,1493.67,33236
178.46,1493.17,33248
177.19,1493.07,33260
178.75,1493.54,33271
177.74,1493.46,33284
179.27,1492.93,33295
179.38,1492.38,33307
176.25,1493.06,33318
177.46,1494.29,33331
177.75,1497.06,33342
177.90,1497.21,33354
177.63,1499.11,33366
178.47,1496.97,33378
178.04,1496.85,33389
175.96,1492.98,33400
177.67,1493.32,33413
179.66,1492.87,33424
178.35,1494.02,33436
177.98,1493.96,33447
179.36,1493.61,33460
176.66,1493.45,33471
177.86,1493.60,33483
177.82,1495.12,33495
176.57,1496.88,33507
177.27,1497.79,33518
178.57,1498.74,33530
179.02,1496.97,33542
176.81,1496.65,33554
175.88,1493.09,33565
177.39,1493.72,33577
178.86,1493.58,33589
179.24,1494.14,33601
177.50,1494.64,33612
177.98,1493.70,33625
177.80,1495.22,33636
177.99,1494.12,33648
177.44,1496.27,33659
175.92,1496.28,33672
178.12,1498.76,33683
177.29,1498.99,33695
177.68,1497.92,33707
179.50,1496.75,33719
174.05,1493.42,33730
176.80,1493.35,33742
179.09,1492.75,33754
178.61,1494.47,33766
177.60,1494.61,33777
177.15,1495.01,33789
179.06,1495.99,33801
177.99,1495.13,33813
175.80,1496.06,33824
176.44,1496.28,33837
178.48,1498.29,33848
178.27,1498.07,33860
178.36,1497.62,33871
175.85,1496.91,33883
175.55,1494.31,33895
178.52,1493.80,33906
177.85,1493.49,33918
178.80,1495.27,33930
176.20,1495.04,33942
177.47,1495.18,33953
180.14,1495.23,33966
176.57,1494.80,33977
176.17,1494.18,33989
176.56,1495.38,34000
178.41,1497.48,34013
178.02,1497.92,34024
178.17,1497.18,34036
178.31,1495.98,34048
174.56,1493.90,34060
178.38,1493.30,34071
178.62,1493.42,34083
178.42,1494.84,34095
176.62,1494.78,34107
177.61,1495.23,34118
180.46,1496.12,34130
177.30,1495.08,34142
175.87,1495.27,34154
176.95,1495.68,34165
176.69,1497.48,34178
179.45,1496.78,34189
177.32,1496.98,34201
177.03,1495.00,34212
176.90,1493.38,34225
179.50,1492.63,34236
177.58,1492.87,34248
176.85,1494.68,34259
177.66,1494.66,34272
179.80,1496.14,34283
179.60,1495.94,34295
175.67,1496.76,34307
175.74,1495.92,34319
176.05,1496.74,34330
181.59,1497.84,34342
177.30,1496.63,34354
176.07,1496.73,34366
178.83,1494.94,34377
176.92,1494.04,34388
179.74,1492.91,34401
177.58,1492.93,34412
175.90,1494.27,34424
177.65,1495.25,34436
179.24,1495.94,34448
180.89,1495.31,34459
177.45,1495.50,34471
173.81,1494.90,34483
178.00,1495.77,34495
179.73,1497.98,34506
178.60,1497.38,34519
176.87,1497.43,34530
176.06,1495.33,34542
178.60,1495.18,34553
179.11,1493.26,34566
177.65,1493.60,34577
175.85,1495.10,34589
178.42,1495.66,34600
179.14,1496.57,34613
179.52,1494.92,34624
173.79,1494.23,34636
177.03,1493.13,34648
178.50,1493.58,34660
179.38,1495.25,34671
177.32,1495.43,34683
176.39,1496.85,34695
178.71,1495.86,34707
178.15,1495.55,34718
177.16,1493.79,34731
176.47,1494.39,34742
176.68,1495.58,34754
178.47,1496.38,34765
178.79,1497.36,34778
178.78,1496.02,34789
176.09,1495.75,34801
175.58,1494.32,34812
178.33,1493.86,34825
178.81,1495.38,34836
178.49,1495.72,34848
175.67,1496.19,34860
177.85,1495.97,34871
181.15,1495.44,34883
175.26,1494.32,34894
177.44,1494.31,34907
176.59,1495.42,34918
177.89,1495.76,34930
179.26,1496.00,34941
178.44,1494.66,34954
178.04,1494.47,34965
175.47,1493.51,34977
178.67,1493.26,34989
178.80,1494.92,35001
177.14,1496.95,35012
176.06,1497.75,35024
179.46,1497.78,35036
178.52,1497.17,35048
176.10,1495.16,35059
176.55,1494.55,35072
178.05,1494.24,35083
178.93,1495.00,35095
179.07,1494.58,35106
178.56,1494.65,35119
178.13,1494.64,35130
176.30,1494.43,35142
177.98,1493.67,35153
178.02,1494.46,35166
178.80,1496.23,35177
176.48,1496.44,35189
178.48,1496.76,35201
180.11,1495.51,35213
175.36,1494.42,35224
177.33,1494.05,35236
177.89,1494.27,35248
177.42,1495.68,35260
179.20,1494.62,35271
178.37,1494.69,35283
179.01,1494.07,35295
177.05,1493.41,35307
177.63,1493.70,35318
177.52,1494.55,35331
177.30,1497.44,35342
178.81,1496.51,35353
176.55,1497.69,35365
178.51,1495.79,35377
175.50,1495.20,35389
177.44,1493.84,35400
177.94,1494.54,35412
177.68,1494.84,35424
178.80,1495.12,35436
178.90,1494.46,35447
178.34,1494.28,35460
176.26,1493.36,35471
177.95,1492.61,35483
178.28,1492.40,35494
179.19,1495.28,35507
177.06,1494.64,35518
178.34,1496.10,35530
180.26,1494.95,35542
175.38,1495.19,35554
177.90,1493.76,35565
177.23,1494.17,35577
176.54,1495.55,35589
179.30,1496.00,35601
177.75,1496.28,35612
178.78,1495.77,35624
177.05,1494.25,35636
176.75,1492.09,35648
177.31,1492.60,35659
179.36,1493.47,35672
177.90,1493.44,35683
177.61,1494.65,35695
179.04,1493.77,35706
178.68,1494.31,35719
177.16,1493.77,35730
176.42,1494.92,35742
177.06,1496.38,35753
179.27,1497.22,35766
177.40,1497.74,35777
178.84,1496.23,35789
174.44,1494.86,35801
178.79,1492.93,35813
178.99,1491.83,35824
177.48,1491.92,35836
178.06,1491.91,35848
178.77,1492.12,35859
180.92,1492.65,35871
176.79,1493.90,35883
175.67,1492.83,35895
176.70,1495.22,35906
178.73,1496.97,35918
179.31,1498.04,35930
176.03,1497.65,35942
177.48,1497.02,35953
176.43,1495.15,35965
178.52,1493.97,35977
178.74,1492.90,35989
176.00,1493.40,36000
177.82,1493.15,36013
178.14,1493.54,36024
181.20,1492.50,36036
179.83,1493.46,36047
173.53,1493.22,36060
177.38,1494.77,36071
177.42,1497.31,36083
179.95,1497.83,36094
177.35,1498.99,36107
175.49,1497.30,36118
177.15,1497.12,36130
178.11,1493.79,36142
178.37,1492.40,36154
176.45,1492.16,36165
177.97,1493.12,36177
179.40,1493.81,36189
180.56,1493.27,36201
175.46,1493.49,36212
175.05,1493.54,36225
179.55,1495.60,36236
178.07,1497.48,36248
177.17,1498.90,36259
176.38,1498.64,36272
177.93,1497.42,36283
178.67,1496.59,36295
177.45,1494.05,36306
176.57,1492.50,36319
175.71,1492.32,36330
180.21,1494.13,36341
179.46,1494.38,36354
177.28,1494.81,36365
178.80,1494.17,36377
175.03,1494.08,36388
178.56,1494.59,36401
178.87,1495.96,36412
176.80,1497.32,36424
175.68,1497.49,36435
178.59,1496.41,36448
181.05,1495.40,36459
176.90,1493.43,36471
175.50,1491.59,36483
176.06,1492.33,36495
179.69,1494.37,36506
179.85,1494.90,36518
178.15,1495.54,36530
176.76,1495.72,36542
176.54,1496.16,36553
180.05,1495.69,36566
175.53,1496.05,36577
175.77,1497.14,36589
177.34,1496.70,36600
180.40,1496.98,36613
179.50,1494.89,36624
174.36,1493.05,36636
176.29,1491.37,36647
178.95,1492.78,36660
180.32,1493.35,36671
178.07,1494.70,36683
176.29,1495.32,36695
177.25,1496.92,36707
176.90,1496.44,36718
178.95,1496.33,36730
175.93,1496.21,36742
176.29,1497.95,36754
178.65,1497.21,36765
178.02,1497.02,36777
179.05,1494.88,36789
177.35,1493.16,36801
174.65,1492.08,36812
179.17,1492.74,36825
179.50,1494.76,36836
177.39,1494.57,36847
176.47,1496.05,36859
179.14,1495.69,36871
177.71,1497.36,36883
176.35,1495.14,36894
176.50,1496.63,36907
176.14,1497.66,36918
178.92,1497.97,36930
178.35,1496.77,36941
177.44,1494.47,36954
175.74,1492.66,36965
179.43,1490.91,36977
179.36,1491.22,36988
176.75,1494.15,37001
177.02,1495.35,37012
178.88,1498.18,37024
179.06,1497.70,37036
176.09,1499.39,37048
176.07,1497.13,37059
175.11,1497.44,37071
178.96,1497.45,37083
178.86,1496.87,37095
176.98,1496.88,37106
179.41,1494.31,37118
175.91,1493.65,37130
178.28,1491.62,37142
178.92,1492.07,37153
176.54,1493.01,37166
178.95,1495.22,37177
177.11,1496.93,37189
178.24,1496.93,37200
178.95,1497.36,37213
174.06,1496.59,37224
176.68,1497.37,37236
178.39,1498.20,37248
176.23,1497.54,37260
177.39,1497.15,37271
179.62,1495.16,37283
176.95,1494.27,37295
177.48,1491.39,37307
178.90,1491.50,37318
175.10,1492.96,37330
179.84,1494.26,37342
176.53,1495.94,37353
178.98,1496.04,37365
176.24,1497.44,37377
176.78,1496.06,37389
177.69,1497.13,37400
176.42,1497.23,37412
178.05,1498.36,37424
176.93,1497.03,37436
178.71,1494.82,37447
179.46,1492.73,37459
175.36,1491.25,37471
177.47,1490.08,37483
179.20,1492.75,37494
178.33,1494.54,37507
177.78,1496.73,37518
178.50,1496.36,37530
176.57,1497.47,37541
176.27,1496.51,37554
178.70,1496.62,37565
175.72,1496.54,37577
178.18,1497.66,37588
177.55,1495.99,37601
178.36,1494.90,37612
180.45,1493.53,37624
175.96,1491.74,37636
177.50,1491.19,37648
178.65,1492.49,37659
178.70,1494.83,37671
179.17,1495.71,37683
176.38,1497.27,37695
177.85,1498.12,37706
177.87,1497.99,37719
176.90,1497.24,37730
176.68,1496.90,37742
178.26,1497.43,37753
177.48,1495.55,37766
180.14,1494.82,37777
177.87,1492.59,37789
175.97,1491.35,37800
178.41,1490.45,37813
178.50,1492.46,37824
178.86,1494.98,37835
177.26,1496.25,37848
177.22,1497.93,37859
178.78,1498.74,37871
175.85,1498.22,37882
177.07,1497.07,37895
176.50,1496.20,37906
177.02,1496.77,37918
179.15,1495.25,37929
178.64,1494.42,37942
178.75,1492.07,37953
176.69,1491.68,37965
178.04,1490.80,37977
177.66,1492.32,37989
179.69,1494.89,38000
177.40,1496.18,38012
176.73,1497.37,38024
179.71,1498.28,38036
178.33,1498.34,38047
174.81,1497.58,38060
177.26,1497.25,38071
176.88,1497.91,38083
178.39,1495.86,38094
178.19,1495.34,38107
178.92,1492.34,38118
177.64,1492.10,38130
179.50,1490.47,38141
177.04,1491.61,38154
177.99,1493.32,38165
178.14,1495.24,38177
177.42,1497.43,38189
179.10,1497.33,38201
175.73,1497.54,38212
176.13,1495.08,38224
177.45,1494.77,38236
178.85,1495.53,38248
178.85,1494.70,38259
177.33,1494.45,38272
178.39,1492.89,38283
178.17,1492.21,38295
177.81,1491.66,38306
178.85,1492.50,38318
177.08,1495.07,38330
176.82,1495.75,38341
178.17,1498.05,38353
179.76,1496.84,38365
177.22,1497.89,38377
175.34,1496.01,38388
176.47,1495.94,38401
177.17,1495.94,38412
180.35,1495.14,38424
178.37,1494.50,38435
176.64,1492.62,38448
178.61,1493.53,38459
177.51,1492.56,38471
178.32,1493.00,38482
177.14,1495.32,38495
178.15,1497.26,38506
177.22,1498.77,38518
180.28,1497.76,38530
174.64,1497.05,38542
175.98,1494.87,38553
178.21,1494.95,38565
178.27,1495.08,38577
178.36,1494.78,38589
177.65,1494.47,38600
178.76,1492.65,38612
177.98,1493.09,38624
177.75,1491.19,38636
178.17,1492.42,38647
176.13,1493.90,38660
178.92,1496.40,38671
178.45,1497.83,38683
177.99,1497.55,38694
176.71,1498.24,38707
175.81,1496.68,38718
177.05,1495.97,38730
177.84,1495.48,38742
178.68,1496.75,38754
176.61,1495.52,38765
177.25,1494.08,38777
181.13,1492.58,38789
175.73,1491.03,38801
178.41,1492.09,38812
177.34,1493.82,38823
177.92,1496.21,38836
178.82,1497.81,38847
177.00,1498.03,38859
179.04,1498.40,38871
175.78,1496.40,38883
175.86,1495.65,38894
177.23,1494.31,38906
179.52,1494.93,38918
177.39,1493.91,38930
178.68,1493.33,38941
178.81,1492.56,38953
177.31,1492.57,38965
177.83,1493.04,38977
177.52,1494.82,38988
177.46,1497.82,39001
177.18,1498.23,39012
178.86,1498.76,39024
178.33,1498.41,39035
174.89,1496.29,39048
177.72,1493.52,39059
177.31,1492.80,39071
179.39,1493.84,39083
178.32,1493.21,39095
177.01,1493.10,39106
179.96,1492.95,39118
177.59,1492.32,39130
177.65,1493.32,39142
177.19,1495.03,39153
176.25,1497.97,39165
178.21,1498.56,39177
177.81,1499.37,39189
178.47,1498.35,39200
176.92,1497.04,39213
175.33,1494.74,39224
176.64,1493.81,39236
178.70,1494.50,39247
179.13,1493.77,39260
176.80,1493.97,39271
178.72,1493.21,39283
178.90,1493.90,39294
175.91,1493.39,39307
176.29,1494.75,39318
177.65,1496.99,39329
177.12,1497.78,39342
177.88,1498.35,39353
178.76,1497.95,39365
175.05,1496.22,39376
177.65,1494.47,39389
177.30,1493.64,39400
177.69,1494.91,39412
179.09,1494.21,39424
176.97,1495.91,39436
178.56,1494.63,39447
177.71,1495.22,39459
177.30,1494.55,39471
176.15,1495.23,39483
177.88,1497.09,39494
177.72,1497.55,39506
176.96,1498.93,39518
179.14,1497.98,39530
177.31,1496.88,39541
174.23,1495.77,39554
177.58,1494.43,39565
178.14,1495.16,39577
179.06,1494.09,39588
176.64,1495.31,39601
178.71,1494.10,39612
178.53,1495.22,39624
175.63,1494.76,39635
177.68,1495.83,39648
176.85,1497.54,39659
176.95,1498.12,39671
177.89,1498.72,39683
177.56,1497.62,39695
175.32,1496.15,39706
177.50,1494.39,39718
177.40,1492.87,39730
178.31,1493.52,39742
178.06,1493.75,39753
177.73,1494.66,39766
178.83,1493.97,39777
177.64,1494.91,39789
176.49,1493.90,39800
177.19,1495.43,39812
176.96,1496.57,39824
178.88,1499.11,39835
176.76,1498.90,39847
177.63,1498.49,39859
177.80,1496.59,39871
175.92,1494.64,39882
178.08,1493.00,39895
177.48,1492.57,39906
177.91,1493.54,39918
178.14,1494.02,39929
178.47,1493.70,39942
179.91,1494.83,39953
175.43,1494.47,39965
177.05,1495.43,39976
176.83,1496.98,39989
178.32,1499.10,40000
177.85,1498.92,40012
176.84,1498.76,40024
178.39,1497.42,40036
176.36,1495.62,40047
177.14,1493.89,40059
178.22,1493.06,40071
177.91,1493.80,40083
178.94,1493.32,40094
179.91,1493.82,40107
178.32,1494.26,40118
175.17,1494.33,40130
177.82,1494.91,40141
176.84,1497.09,40154
178.04,1498.79,40165
177.94,1499.18,40177
175.95,1498.40,40188
178.65,1497.21,40201
176.53,1494.10,40212
178.29,1493.17,40224
176.91,1492.14,40236
177.66,1493.97,40248
178.48,1493.92,40259
178.08,1494.82,40271
180.52,1494.05,40283
175.60,1493.64,40294
176.55,1494.60,40306
177.55,1495.71,40317
178.27,1498.42,40330
177.47,1498.84,40341
176.47,1499.21,40353
178.96,1497.07,40365
176.61,1495.07,40377
176.71,1493.31,40388
177.60,1492.68,40400
177.48,1494.08,40412
178.63,1494.25,40424
178.60,1495.30,40435
179.10,1494.36,40448
177.69,1495.08,40459
175.40,1494.26,40471
177.57,1495.62,40482
178.43,1497.72,40495
176.08,1497.79,40506
177.13,1498.84,40518
179.06,1497.76,40529
176.16,1496.18,40542
177.27,1494.40,40553
176.74,1493.92,40565
177.35,1494.69,40577
179.22,1493.51,40589
178.59,1494.94,40600
178.77,1493.87,40612
175.45,1494.88,40624
176.80,1493.12,40636
178.42,1494.83,40647
178.72,1496.12,40659
176.98,1497.71,40671
176.38,1498.02,40683
178.24,1497.66,40694
178.58,1495.76,40707
176.34,1494.95,40718
176.69,1494.04,40730
177.01,1495.79,40741
178.71,1495.01,40754
178.62,1495.93,40765
178.76,1494.30,40776
177.81,1495.52,40788
175.19,1494.26,40800
178.62,1495.14,40812
176.61,1496.51,40823
178.17,1497.61,40836
177.60,1498.15,40847
176.88,1496.98,40859
179.52,1496.05,40870
176.99,1494.02,40883
177.71,1493.45,40894
177.80,1493.40,40906
178.73,1494.37,40918
177.55,1494.67,40930
178.64,1493.46,40941
177.92,1493.10,40953
176.94,1493.31,40965
177.22,1492.98,40977
178.09,1495.31,40988
177.62,1497.16,41000
177.35,1498.50,41012
178.97,1497.51,41024
177.22,1497.15,41035
175.25,1494.37,41048
178.06,1493.91,41059
177.58,1492.90,41071
178.84,1494.57,41082
177.33,1493.72,41095
177.96,1494.37,41106
179.46,1494.16,41118
175.83,1493.68,41129
178.52,1493.78,41142
176.91,1495.41,41153
176.93,1498.85,41165
179.05,1498.68,41177
176.94,1498.72,41189
178.59,1496.59,41200
176.53,1494.13,41212
176.73,1492.68,41224
177.80,1492.23,41236
179.40,1492.75,41247
176.97,1492.93,41259
180.06,1492.51,41271
177.71,1494.10,41283
176.92,1493.25,41294
176.54,1494.50,41306
176.94,1494.92,41318
179.66,1498.68,41329
177.29,1497.10,41341
176.76,1498.08,41353
177.81,1495.70,41365
176.27,1494.34,41376
178.92,1492.45,41389
178.13,1491.91,41400
176.61,1493.03,41412
177.87,1492.69,41423
179.54,1494.20,41436
180.03,1495.02,41447
175.36,1496.02,41459
176.25,1495.49,41470
176.17,1496.67,41483
178.66,1498.43,41494
178.97,1497.96,41506
175.61,1497.83,41518
177.27,1496.48,41530
177.84,1494.38,41541
177.55,1493.16,41553
177.90,1492.13,41565
177.00,1493.60,41577
177.61,1493.01,41588
178.47,1493.86,41601
178.86,1493.09,41612
178.37,1494.00,41624
175.50,1494.06,41635
176.54,1495.06,41648
178.01,1497.45,41659
176.83,1497.95,41671
177.16,1498.84,41682
178.04,1497.75,41695
175.61,1495.41,41706
179.14,1494.42,41718
176.92,1493.23,41730
177.40,1494.06,41741
177.97,1493.03,41753
179.24,1493.70,41764
180.03,1492.88,41777
176.14,1494.01,41788
175.80,1493.45,41800
176.92,1495.20,41811
178.06,1497.05,41824
178.61,1498.28,41835
176.75,1498.84,41847
176.72,1497.65,41859
177.92,1495.70,41871
177.78,1493.86,41882
177.63,1493.35,41894
177.05,1493.94,41906
177.43,1494.06,41918
177.65,1494.76,41929
180.71,1493.92,41942
178.55,1495.19,41953
173.92,1494.39,41965
177.18,1496.21,41976
177.69,1497.21,41989
179.13,1498.70,42000
177.06,1498.04,42012
175.25,1497.47,42023
179.37,1497.13,42036
176.52,1494.01,42047
177.84,1493.12,42059
176.50,1492.76,42071
179.73,1494.62,42083
179.12,1493.78,42094
178.75,1494.14,42106
176.57,1493.84,42118
175.29,1494.38,42130
178.29,1495.65,42141
178.46,1497.70,42153
176.53,1498.57,42165
175.92,1498.59,42177
178.99,1497.22,42188
178.16,1496.32,42201
176.91,1492.69,42212
177.31,1492.34,42224
175.91,1491.68,42235
180.24,1494.10,42247
179.72,1493.52,42259
177.65,1493.69,42270
178.24,1493.51,42283
176.15,1493.82,42294
178.61,1494.25,42306
177.29,1495.51,42317
178.02,1497.82,42330
176.43,1498.37,42341
176.79,1497.81,42353
180.62,1496.76,42364
176.35,1494.68,42377
175.70,1493.35,42388
177.42,1493.29,42400
178.62,1493.98,42412
178.45,1493.85,42424
178.51,1493.94,42435
176.57,1494.69,42447
178.44,1494.02,42459
176.57,1493.85,42471
177.35,1494.87,42482
178.42,1496.96,42494
176.00,1497.49,42506
179.57,1497.59,42518
178.46,1496.82,42529
174.57,1494.63,42542
178.38,1494.45,42553
176.99,1494.32,42565
177.88,1496.22,42576
178.95,1494.75,42589
177.42,1495.50,42600
178.70,1494.46,42612
177.04,1494.51,42624
176.57,1494.25,42636
176.89,1495.18,42647
178.21,1497.28,42659
177.21,1497.02,42671
177.61,1497.64,42683
179.50,1496.50,42694
175.83,1495.10,42706
177.16,1493.05,42718
176.51,1492.73,42729
178.13,1494.15,42741
180.23,1494.96,42753
175.95,1494.55,42765
178.32,1494.82,42776
178.91,1494.08,42788
175.20,1494.85,42800
178.85,1496.18,42812
176.56,1498.05,42823
175.68,1497.69,42835
178.31,1498.66,42847
177.41,1496.82,42859
175.48,1495.74,42870
177.35,1493.24,42883
177.00,1493.19,42894
180.42,1493.66,42906
177.86,1493.50,42917
176.94,1494.24,42930
179.80,1494.30,42941
176.74,1494.38,42953
177.57,1494.45,42964
176.87,1495.01,42977
176.73,1496.73,42988
178.64,1497.22,43000
177.29,1498.06,43012
178.85,1496.21,43024
177.52,1495.20,43035
175.34,1493.29,43047
178.70,1492.99,43059
179.09,1494.51,43071
177.00,1494.37,43082
177.27,1495.89,43095
179.66,1494.74,43106
177.78,1495.14,43118
177.22,1493.85,43129
176.79,1494.81,43142
175.62,1495.89,43153
179.64,1497.22,43165
179.05,1498.18,43176
177.33,1496.79,43188
177.76,1495.83,43200
175.57,1493.99,43211
178.13,1493.26,43224
179.77,1493.30,43235
177.20,1493.41,43247
177.38,1493.50,43258
181.21,1493.18,43271
177.82,1492.82,43282
176.72,1493.18,43294
176.82,1493.64,43305
178.51,1496.22,43318
178.02,1497.79,43329
177.67,1498.45,43341
178.69,1497.71,43353
175.79,1497.65,43365
176.95,1494.21,43376
177.95,1493.15,43388
177.83,1492.89,43400
178.97,1494.34,43412
177.35,1493.19,43423
178.89,1493.17,43436
179.44,1492.63,43447
176.34,1492.41,43459
178.40,1492.73,43470
177.39,1495.37,43483
177.10,1496.87,43494
178.21,1497.26,43506
178.21,1496.55,43517
178.80,1496.32,43530
176.10,1493.94,43541
177.17,1492.57,43553
175.88,1492.49,43565
180.19,1493.97,43577
179.95,1493.20,43588
176.27,1493.66,43600
178.17,1493.10,43612
178.21,1493.79,43624
177.98,1494.58,43635
176.85,1496.21,43648
176.53,1498.43,43659
176.68,1498.52,43670
181.22,1498.19,43682
177.19,1497.70,43694
174.18,1494.95,43706
177.67,1492.68,43717
178.00,1492.59,43729
180.34,1493.21,43741
178.56,1493.33,43753
176.34,1493.65,43764
178.32,1494.58,43777
178.19,1494.09,43788
178.13,1495.27,43800
175.99,1495.43,43811
176.06,1498.35,43824
176.81,1498.08,43835
179.83,1498.30,43847
179.13,1496.98,43858
175.39,1494.55,43871
175.27,1493.28,43882
177.92,1492.64,43894
180.51,1493.61,43906
179.64,1493.26,43918
175.29,1493.91,43929
178.82,1494.41,43941
179.21,1494.89,43953
176.95,1494.84,43965
177.90,1495.95,43976
175.62,1498.12,43988
176.85,1498.63,44000
178.83,1498.89,44012
176.28,1497.17,44023
174.22,1494.99,44036
178.41,1493.94,44047
178.72,1493.33,44059
178.42,1494.88,44070
176.27,1493.47,44083
178.22,1494.23,44094
179.56,1494.12,44106
177.26,1495.16,44118
177.04,1494.10,44130
174.26,1495.68,44141
178.71,1497.86,44152
179.47,1497.79,44165
176.27,1498.06,44176
178.60,1495.79,44188
176.07,1494.73,44199
176.48,1492.57,44212
180.15,1492.25,44223
177.92,1493.82,44235
176.65,1493.70,44247
178.07,1495.67,44259
179.46,1494.66,44270
178.73,1495.52,44282
175.22,1495.02,44294
175.87,1496.37,44306
178.18,1497.97,44317
178.32,1497.87,44329
176.92,1498.28,44341
177.42,1496.27,44353
177.11,1495.08,44364
177.17,1491.98,44377
179.22,1491.92,44388
176.58,1492.87,44400
178.68,1494.71,44411
177.37,1496.25,44424
180.38,1496.05,44435
175.58,1496.53,44447
174.62,1495.60,44459
178.95,1496.48,44471
177.88,1497.32,44482
177.08,1496.90,44494
176.99,1496.36,44506
178.45,1494.41,44518
178.53,1493.64,44529
177.76,1491.40,44541
176.83,1490.76,44553
177.35,1492.80,44565
180.23,1494.07,44576
177.42,1496.10,44589
178.05,1495.86,44600
177.43,1497.12,44612
175.05,1496.18,44623
178.72,1496.58,44635
178.04,1496.00,44647
177.09,1495.72,44658
176.20,1495.15,44670
178.44,1493.86,44682
181.60,1493.72,44694
176.82,1491.11,44705
175.51,1491.19,44718
177.33,1492.35,44729
179.16,1494.68,44741
179.77,1495.89,44752
177.54,1496.67,44765
176.79,1496.90,44776
176.16,1496.64,44788
178.01,1496.21,44800
176.56,1496.40,44812
176.21,1496.22,44823
178.27,1495.63,44835
181.14,1493.53,44847
178.20,1493.68,44859
175.86,1490.53,44870
176.51,1491.67,44882
178.66,1492.23,44894
181.21,1496.32,44906
177.24,1496.48,44917
175.39,1497.70,44930
178.61,1497.07,44941
176.33,1496.98,44953
178.68,1496.10,44964
176.94,1496.41,44977
175.50,1496.77,44988
177.83,1496.11,45000
179.57,1494.76,45011
180.70,1493.55,45024
174.72,1491.96,45035
175.76,1491.87,45047
179.23,1493.82,45059
180.19,1496.18,45071
176.98,1497.16,45082
175.92,1497.56,45093
178.24,1498.15,45106
177.18,1496.91,45117
178.25,1495.59,45129
176.73,1494.89,45140
175.51,1496.40,45153
178.32,1495.28,45164
179.21,1494.98,45176
179.30,1493.32,45188
174.97,1491.59,45200
179.36,1492.00,45211
178.84,1493.47,45223
177.80,1496.03,45235
175.92,1496.60,45247
177.71,1498.44,45258
179.05,1498.56,45271
176.57,1498.59,45282
176.42,1495.58,45294
175.09,1495.27,45305
179.11,1496.06,45318
180.32,1495.79,45329
176.57,1495.45,45341
178.16,1493.23,45352
176.62,1492.61,45365
177.73,1492.12,45376
179.75,1492.97,45388
178.18,1495.29,45400
174.31,1496.14,45412
178.04,1497.22,45423
180.83,1497.25,45435
177.44,1496.73,45447
174.53,1495.83,45459
176.31,1495.36,45470
176.45,1496.99,45483
180.92,1495.45,45494
178.21,1495.21,45506
177.12,1493.28,45517
177.74,1493.68,45530
177.36,1491.71,45541
179.47,1492.98,45552
177.11,1494.65,45564
177.21,1496.75,45576
2.77,1497.31,45588
-2973.12,1497.45,45599
175.79,1496.77,45612
175.93,1495.15,45623
177.35,1494.81,45635
178.42,1495.69,45646
177.44,1494.99,45659
177.39,1495.40,45670
179.35,1493.80,45682
177.31,1494.37,45693
178.02,1492.44,45706
177.01,1492.87,45717
176.71,1493.81,45729
179.32,1496.01,45741
177.87,1497.04,45753
178.26,1496.36,45764
177.57,1496.30,45776
175.42,1495.30,45788
178.09,1495.25,45800
178.06,1495.45,45811
177.27,1496.22,45824
176.97,1496.05,45835
178.39,1494.95,45847
180.15,1494.91,45858
175.69,1492.90,45871
176.87,1493.53,45882
177.75,1494.53,45894
178.40,1495.93,45905
178.36,1496.27,45918
177.67,1496.23,45929
177.54,1496.68,45941
176.27,1495.49,45953
178.85,1496.03,45965
177.52,1496.05,45976
177.72,1497.02,45988
177.08,1497.03,46000
180.32,1495.69,46011
177.94,1496.21,46023
174.72,1493.33,46034
177.42,1493.27,46047
178.40,1493.86,46058
178.75,1496.31,46070
177.55,1496.12,46082
177.24,1495.68,46094
178.17,1495.08,46105
176.53,1493.32,46117
179.64,1493.89,46129
176.88,1494.43,46141
175.99,1496.54,46152
177.89,1496.40,46164
179.59,1496.04,46176
179.74,1495.72,46188
174.99,1494.18,46199
176.50,1494.00,46212
177.45,1494.41,46223
179.04,1495.96,46235
179.32,1496.35,46246
176.24,1495.15,46259
177.66,1495.54,46270
178.03,1494.04,46282
177.89,1493.90,46294
177.63,1494.03,46306
177.20,1496.84,46317
177.44,1497.02,46329
177.19,1497.73,46341
180.22,1496.19,46353
176.71,1495.11,46364
178.90,1493.90,46376
178.52,1494.11,46388
177.60,1495.15,46400
177.98,1494.78,46411
177.80,1496.15,46424
178.38,1495.96,46435
177.65,1495.24,46447
176.60,1494.43,46458
175.28,1494.95,46471
178.99,1496.80,46482
178.87,1496.18,46493
177.51,1496.60,46505
178.64,1494.09,46517
175.01,1493.11,46529
178.51,1492.73,46540
178.43,1494.08,46553
178.69,1495.27,46564
176.34,1494.88,46576
176.70,1495.74,46587
180.75,1494.90,46600
178.21,1495.54,46611
175.87,1493.64,46623
175.85,1495.12,46635
176.94,1497.56,46647
179.58,1497.90,46658
178.42,1497.95,46670
175.95,1496.73,46682
175.91,1495.33,46694
177.06,1494.08,46705
179.83,1493.49,46717
177.57,1494.71,46729
175.76,1494.05,46741
177.48,1495.67,46752
179.04,1494.72,46765
175.68,1495.29,46776
174.95,1494.11,46788
176.02,1495.37,46799
180.46,1496.86,46812
178.42,1497.18,46823
176.75,1497.28,46835
177.43,1495.61,46846
176.13,1495.14,46859
179.27,1493.62,46870
178.15,1493.46,46882
175.99,1494.05,46894
178.07,1495.43,46906
177.68,1495.81,46917
180.32,1495.14,46929
177.67,1494.73,46941
174.66,1494.44,46953
177.86,1494.61,46964
178.51,1496.32,46976
177.89,1496.05,46988
177.04,1497.41,46999
177.80,1496.35,47011
177.72,1496.00,47023
177.39,1493.18,47035
178.18,1493.26,47046
175.36,1493.72,47058
178.53,1495.55,47070
178.93,1495.99,47082
177.62,1495.84,47093
178.97,1495.00,47106
175.69,1494.85,47117
176.87,1495.03,47129
178.05,1495.71,47140
178.65,1496.77,47153
177.48,1496.98,47164
179.87,1495.92,47176
177.16,1496.54,47187
176.62,1494.26,47200
176.79,1494.13,47211
177.49,1494.37,47223
179.54,1496.40,47235
177.48,1496.04,47247
178.41,1496.23,47258
177.31,1495.83,47270
175.38,1494.96,47282
179.80,1493.83,47294
176.99,1495.38,47305
177.06,1496.48,47318
178.46,1496.86,47329
177.29,1496.04,47341
180.07,1495.77,47352
176.96,1493.81,47365
176.21,1494.63,47376
177.34,1494.71,47388
178.42,1496.37,47399
178.35,1496.35,47412
178.44,1496.48,47423
177.59,1495.70,47435
177.57,1494.87,47447
178.09,1494.01,47458
175.65,1494.69,47470
178.44,1496.01,47481
179.07,1496.50,47494
176.25,1496.34,47505
179.73,1496.25,47517
178.26,1495.71,47528
174.11,1494.76,47541
177.29,1495.06,47552
177.29,1496.03,47564
177.86,1495.91,47576
178.07,1495.59,47588
179.45,1495.16,47599
176.86,1493.63,47611
177.36,1492.64,47623
176.85,1493.08,47635
178.16,1495.37,47646
179.31,1495.12,47659
178.70,1496.60,47670
177.22,1495.69,47682
176.48,1495.34,47693
177.89,1495.33,47706
176.85,1495.94,47717
178.48,1496.90,47729
177.62,1496.76,47740
176.16,1496.79,47753
180.16,1496.28,47764
178.34,1494.47,47776
175.75,1492.93,47788
176.98,1492.95,47800
177.96,1495.34,47811
179.88,1495.29,47823
177.72,1496.10,47835
177.68,1494.58,47847
177.61,1495.05,47858
176.52,1493.99,47870
179.18,1495.06,47882
177.73,1495.47,47894
176.98,1495.91,47905
175.96,1496.18,47918
180.28,1495.11,47929
180.46,1494.22,47940
175.94,1492.44,47952
176.52,1493.43,47964
180.96,1495.16,47976
179.37,1496.02,47987
176.44,1496.56,48000
178.47,1495.46,48011
175.71,1495.37,48023
179.04,1493.99,48034
179.02,1494.42,48047
175.79,1495.31,48058
177.61,1496.62,48070
177.96,1497.76,48081
179.80,1495.93,48094
178.27,1495.67,48105
174.34,1494.11,48117
177.71,1494.74,48129
179.27,1494.94,48141
177.93,1495.74,48152
177.56,1496.01,48164
177.28,1495.73,48176
178.83,1496.40,48188
178.10,1494.62,48199
176.75,1494.82,48211
175.71,1496.00,48223
179.42,1496.66,48235
178.14,1497.04,48246
178.53,1494.92,48259
179.06,1495.06,48270
173.95,1492.67,48282
178.68,1494.06,48293
179.30,1493.91,48306
176.48,1495.79,48317
177.77,1495.62,48329
180.68,1495.69,48340
178.23,1496.28,48353
175.17,1494.13,48364
175.96,1494.22,48376
177.88,1494.63,48388
179.39,1496.13,48399
179.34,1496.05,48411
176.35,1495.28,48422
176.86,1494.38,48435
177.97,1493.55,48446
179.56,1493.84,48458
177.15,1494.05,48470
177.29,1495.43,48482
176.25,1495.95,48493
179.42,1496.20,48505
180.87,1495.75,48517
175.18,1494.54,48529
176.57,1493.58,48540
176.28,1494.37,48552
179.96,1495.61,48564
179.98,1496.27,48576
175.60,1495.23,48587
177.67,1495.48,48600
178.01,1493.33,48611
177.54,1493.93,48623
179.20,1493.29,48634
176.26,1496.19,48647
175.79,1495.43,48658
179.32,1496.58,48670
180.58,1495.34,48681
177.05,1495.18,48694
174.66,1493.99,48705
176.24,1495.38,48717
180.72,1497.06,48729
175.70,1496.81,48741
176.56,1496.80,48752
178.28,1496.24,48764
177.70,1495.04,48776
178.95,1493.82,48788
175.72,1493.80,48799
177.28,1495.63,48812
178.43,1495.58,48823
179.06,1495.94,48835
179.52,1494.68,48846
173.88,1494.16,48859
176.75,1493.69,48870
179.35,1494.42,48881
178.84,1496.17,48893
176.73,1495.42,48905
176.13,1496.95,48917
178.69,1495.50,48928
178.15,1495.51,48941
177.67,1492.33,48952
175.74,1492.94,48964
176.87,1493.92,48975
180.15,1495.01,48988
178.25,1495.33,48999
178.55,1494.45,49011
177.12,1493.74,49022
176.10,1493.75,49035
179.19,1494.41,49046
178.24,1496.75,49058
176.17,1496.50,49070
176.95,1497.70,49082
178.54,1496.42,49093
180.41,1496.32,49105
175.41,1493.40,49117
176.14,1493.61,49129
180.69,1494.53,49140
180.09,1494.06,49153
176.76,1493.68,49164
177.70,1492.82,49176
177.41,1493.51,49187
179.45,1493.27,49200
177.88,1494.46,49211
175.73,1495.68,49223
176.72,1497.21,49234
178.45,1498.06,49247
181.01,1497.02,49258
176.69,1496.35,49270
173.94,1494.21,49282
177.44,1494.74,49294
179.21,1494.98,49305
179.50,1495.05,49317
176.87,1494.83,49329
176.99,1494.03,49340
178.66,1494.68,49352
178.06,1493.61,49363
178.37,1494.77,49376
175.76,1495.74,49387
176.20,1497.92,49399
178.68,1498.21,49411
179.09,1496.92,49423
178.78,1495.80,49434
174.04,1493.67,49446
177.56,1493.86,49458
178.74,1494.16,49470
179.11,1495.15,49481
177.83,1495.56,49494
175.58,1494.48,49505
178.97,1495.61,49517
177.02,1493.65,49528
175.24,1494.58,49541
177.28,1495.51,49552
179.58,1498.03,49564
177.97,1498.08,49575
177.71,1497.59,49588
175.77,1496.81,49599
175.74,1495.18,49611
179.70,1495.35,49623
178.23,1494.56,49635
176.43,1496.02,49646
175.77,1494.90,49658
179.90,1495.16,49670
180.88,1494.91,49682
175.66,1493.08,49693
175.89,1492.48,49705
176.39,1494.34,49717
180.72,1496.40,49729
179.13,1496.53,49740
176.01,1496.39,49753
177.21,1496.35,49764
175.99,1494.96,49776
179.96,1495.40,49787
178.53,1494.70,49800
175.33,1496.25,49811
175.94,1495.99,49822
179.17,1496.11,49835
181.28,1495.06,49846
177.90,1493.47,49858
174.36,1493.29,49869
176.01,1494.02,49882
179.95,1496.13,49893
176.59,1496.07,49905
174.91,1496.70,49916
178.07,1496.88,49929
177.88,1495.95,49940
179.12,1494.21,49952
175.55,1493.45,49964
177.65,1495.14,49976
177.09,1495.32,49987
180.16,1494.94,49999
180.52,1493.97,50011
173.34,1493.05,50023
176.91,1493.77,50034
179.40,1494.84,50046
178.46,1497.10,50058
176.67,1496.89,50070
176.78,1497.22,50081
177.89,1497.36,50094
178.80,1496.53,50105
178.19,1494.62,50117
174.79,1494.00,50128
176.79,1494.91,50141
180.40,1494.40,50152
179.46,1495.12,50164
178.44,1494.05,50176
176.64,1494.57,50188
175.78,1492.90,50199
178.63,1494.44,50211
179.08,1495.58,50223
178.45,1497.15,50235
174.94,1497.08,50246
177.36,1497.34,50258
180.89,1496.07,50270
176.31,1494.89,50281
177.26,1494.07,50293
177.55,1495.93,50305
179.28,1495.14,50317
179.40,1495.62,50328
177.74,1493.99,50340
175.20,1494.71,50352
178.14,1494.00,50364
178.35,1494.77,50375
178.14,1495.73,50387
177.65,1495.64,50399
176.81,1496.51,50411
179.70,1495.19,50422
177.98,1495.37,50435
176.64,1492.78,50446
176.45,1493.33,50458
178.34,1494.65,50469
178.75,1496.79,50482
177.23,1496.48,50493
178.19,1495.59,50505
178.06,1494.26,50516
175.73,1493.73,50529
180.36,1493.58,50540
176.94,1495.41,50552
176.24,1495.49,50564
177.90,1497.04,50576
178.62,1495.81,50587
179.93,1496.99,50599
175.94,1494.60,50611
175.77,1495.09,50623
176.14,1495.43,50634
180.16,1496.57,50647
178.54,1496.66,50658
177.12,1495.90,50670
178.21,1495.84,50681
178.16,1494.48,50694
177.94,1493.96,50705
177.09,1494.10,50717
177.68,1495.64,50728
177.00,1496.44,50741
181.01,1495.99,50752
177.40,1496.86,50763
174.24,1495.23,50776
178.21,1495.29,50787
177.98,1495.71,50799
177.59,1496.63,50810
178.69,1496.09,50823
178.20,1495.64,50834
177.53,1495.36,50846
177.47,1493.61,50857
178.03,1493.90,50870
176.14,1493.88,50881
179.14,1496.15,50893
176.90,1496.53,50905
177.65,1496.79,50917
179.14,1496.86,50928
175.88,1495.64,50940
176.86,1495.31,50952
177.43,1495.33,50964
177.37,1496.25,50975
178.15,1495.82,50988
176.85,1495.44,50999
179.98,1495.66,51011
176.77,1494.36,51022
175.90,1493.86,51035
177.99,1495.45,51046
177.25,1496.79,51058
177.16,1497.95,51069
177.47,1498.11,51082
178.12,1497.85,51093
176.04,1496.02,51105
176.93,1495.30,51117
177.06,1494.87,51129
177.98,1495.75,51140
177.73,1494.90,51152
178.73,1494.83,51164
179.28,1494.23,51176
175.68,1494.11,51187
177.46,1493.74,51200
176.85,1494.89,51211
178.31,1497.50,51223
178.05,1497.44,51234
176.78,1497.59,51246
178.87,1496.56,51258
176.74,1494.99,51269
177.16,1493.46,51281
178.35,1493.13,51293
177.53,1495.60,51305
177.60,1494.54,51316
177.90,1496.61,51329
179.49,1494.24,51340
178.07,1494.73,51352
176.19,1493.09,51363
177.38,1494.26,51376
177.50,1496.02,51387
179.02,1496.97,51399
177.32,1497.65,51410
177.68,1495.93,51423
177.52,1494.91,51434
177.26,1493.02,51446
178.23,1492.92,51458
177.54,1493.98,51470
177.97,1494.33,51481
178.66,1495.55,51493
180.69,1494.70,51505
175.48,1494.93,51517
175.85,1493.55,51528
177.54,1494.20,51540
179.36,1496.00,51552
178.24,1496.13,51564
176.41,1496.92,51575
177.93,1496.06,51588
177.88,1494.95,51599
177.68,1492.54,51611
178.25,1491.87,51622
175.98,1492.85,51635
178.27,1493.64,51646
178.66,1494.55,51658
179.94,1494.15,51670
177.49,1495.24,51682
174.99,1494.35,51693
177.38,1495.67,51704
177.91,1497.08,51717
179.16,1497.58,51728
176.34,1497.63,51740
176.53,1495.90,51751
179.75,1495.33,51764
176.96,1492.74,51775
177.73,1492.85,51787
177.27,1492.97,51799
177.44,1494.61,51811
178.55,1494.68,51822
179.30,1495.66,51834
178.97,1496.25,51846
175.57,1496.10,51858
178.11,1496.23,51869
177.66,1497.07,51881
176.43,1497.78,51893
177.53,1498.07,51905
177.81,1496.96,51916
178.03,1495.82,51929
177.54,1493.00,51940
177.02,1492.48,51952
176.84,1491.93,51963
179.46,1494.29,51976
178.10,1493.90,51987
178.68,1495.20,51999
177.81,1494.91,52011
175.31,1495.81,52023
178.13,1496.13,52034
176.75,1497.46,52046
177.75,1498.21,52058
176.93,1497.63,52070
177.17,1496.46,52081
180.92,1494.47,52093
176.31,1491.87,52105
176.65,1490.53,52117
178.16,1491.16,52128
178.99,1493.88,52141
178.56,1494.59,52152
178.00,1496.87,52163
177.23,1497.29,52175
176.72,1498.06,52187
177.94,1497.20,52199
177.06,1496.93,52210
176.15,1497.50,52222
177.28,1495.61,52234
177.74,1495.37,52246
178.23,1493.18,52257
175.60,1491.22,52270
178.76,1490.36,52281
177.64,1491.88,52293
179.90,1494.14,52304
177.37,1495.28,52317
176.24,1497.15,52328
178.72,1497.26,52340
177.39,1497.11,52352
176.97,1495.77,52364
176.13,1495.10,52375
177.03,1495.79,52387
178.23,1494.96,52399
178.70,1495.13,52411
179.29,1492.48,52422
176.57,1492.27,52434
176.96,1491.75,52446
178.30,1493.30,52458
178.87,1495.76,52469
177.06,1496.95,52482
176.22,1498.68,52493
178.73,1498.30,52505
178.61,1498.26,52516
175.55,1495.17,52529
176.72,1494.10,52540
177.12,1494.47,52552
179.32,1494.36,52563
179.25,1493.69,52576
177.64,1492.34,52587
178.29,1491.89,52599
177.32,1491.46,52611
179.43,1492.89,52623
177.98,1495.57,52634
176.25,1496.89,52645
179.16,1498.82,52658
179.71,1498.47,52669
175.54,1499.01,52681
175.91,1495.91,52692
175.39,1495.39,52705
179.72,1494.87,52716
180.41,1494.10,52728
176.28,1492.90,52740
178.02,1492.13,52752
178.53,1492.41,52763
178.19,1491.84,52775
178.14,1493.06,52787
176.49,1494.59,52799
176.54,1497.80,52810
177.88,1498.82,52823
179.05,1499.22,52834
177.72,1497.64,52846
173.92,1496.44,52857
177.15,1494.92,52870
178.86,1494.67,52881
178.44,1494.14,52893
177.06,1492.71,52904
178.00,1491.42,52917
179.63,1491.91,52928
177.45,1491.42,52940
179.28,1493.48,52952
174.47,1494.90,52964
177.43,1499.25,52975
179.29,1499.57,52987
176.37,1500.82,52999
178.55,1499.48,53011
175.10,1497.51,53022
175.78,1494.95,53035
178.04,1493.77,53046
177.30,1494.07,53058
177.76,1492.67,53069
179.98,1492.86,53082
179.42,1491.60,53093
176.64,1491.82,53104
176.35,1492.33,53116
176.71,1495.61,53128
178.23,1497.95,53140
178.60,1499.20,53151
177.51,1499.77,53164
175.84,1499.76,53175
175.31,1497.34,53187
178.98,1495.00,53198
176.36,1493.78,53211
178.99,1494.87,53222
178.12,1493.23,53234
176.99,1492.84,53245
180.53,1491.90,53258
178.14,1492.13,53269
176.07,1492.56,53281
177.32,1495.69,53293
177.67,1498.28,53305
177.69,1499.41,53316
177.57,1500.07,53328
178.52,1499.68,53340
175.78,1498.15,53352
176.11,1494.96,53363
177.95,1493.76,53376
177.39,1493.20,53387
179.20,1492.42,53399
177.64,1491.84,53410
178.50,1491.85,53423
177.12,1491.40,53434
177.68,1492.79,53446
176.24,1494.14,53457
177.70,1498.72,53470
178.12,1498.38,53481
177.86,1500.05,53493
177.78,1498.25,53505
175.23,1497.77,53517
177.32,1493.98,53528
177.56,1492.80,53540
180.14,1492.31,53552
177.82,1491.48,53564
177.21,1492.12,53575
179.90,1491.36,53586
177.84,1492.31,53599
178.22,1492.52,53610
176.93,1495.35,53622
175.16,1497.84,53634
177.77,1499.79,53646
178.20,1500.27,53657
178.58,1499.34,53669
177.03,1497.99,53681
174.69,1494.43,53693
177.59,1492.33,53704
178.97,1492.40,53716
179.07,1491.87,53728
177.17,1492.35,53740
177.66,1491.96,53751
180.18,1492.72,53764
177.81,1492.72,53775
177.92,1495.12,53787
175.75,1497.53,53798
176.32,1499.73,53811
178.21,1500.45,53822
178.61,1499.48,53834
174.71,1498.38,53846
176.47,1494.88,53858
177.96,1492.96,53869
179.50,1492.43,53881
178.30,1492.38,53893
176.53,1492.69,53905
179.03,1492.74,53916
178.86,1493.44,53928
177.06,1494.12,53940
176.72,1495.43,53952
175.36,1497.23,53963
178.00,1499.36,53976
177.70,1499.28,53987
178.13,1499.01,53999
177.85,1497.45,54010
174.81,1495.01,54023
177.45,1493.74,54034
178.08,1493.30,54045
178.60,1494.52,54057
177.07,1494.36,54069
177.74,1494.73,54081
179.30,1495.56,54092
176.25,1495.85,54105
178.03,1495.77,54116
175.45,1496.92,54128
176.78,1499.08,54139
178.03,1499.16,54152
176.82,1498.73,54163
178.87,1496.88,54175
177.15,1493.57,54187
176.03,1492.15,54199
178.99,1491.32,54210
177.29,1493.22,54222
177.79,1492.95,54234
179.35,1495.01,54246
178.45,1495.50,54257
176.15,1495.91,54269
177.00,1496.18,54281
175.40,1497.12,54293
178.61,1499.38,54304
178.53,1499.37,54317
176.44,1498.72,54328
178.33,1496.15,54340
176.56,1494.34,54351
178.26,1490.87,54364
177.92,1490.45,54375
178.47,1492.25,54387
178.96,1493.34,54398
178.05,1494.33,54411
180.14,1495.23,54422
175.93,1495.85,54434
175.89,1497.20,54446
177.90,1498.73,54458
177.67,1500.21,54469
176.28,1499.63,54481
176.21,1498.78,54493
179.15,1496.33,54505
177.60,1494.44,54516
176.99,1490.17,54528
178.59,1489.04,54540
176.39,1489.80,54551
180.29,1491.11,54563
179.23,1492.86,54575
177.14,1493.92,54587
178.70,1495.13,54598
176.17,1495.81,54610
177.40,1497.70,54622
177.08,1499.29,54634
175.39,1499.07,54645
177.91,1499.17,54658
180.20,1495.90,54669
176.65,1494.36,54681
177.21,1490.60,54692
177.52,1489.70,54705
178.24,1490.32,54716
180.51,1492.26,54728
177.57,1494.24,54739
177.98,1494.66,54752
176.93,1496.89,54763
176.33,1497.15,54775
177.84,1499.45,54787
176.36,1499.70,54799
176.14,1500.64,54810
176.65,1499.24,54822
179.01,1496.78,54834
178.56,1493.90,54846
175.32,1490.88,54857
178.84,1489.26,54870
177.81,1490.36,54881
179.78,1492.43,54893
178.87,1494.21,54904
176.57,1496.35,54917
179.34,1498.27,54928
175.82,1498.60,54940
177.50,1499.10,54951
175.66,1499.58,54964
176.33,1500.41,54975
177.19,1499.96,54986
177.52,1497.40,54999
176.83,1494.67,55010
176.47,1490.61,55022
179.25,1489.79,55033
178.58,1489.61,55046
178.20,1492.38,55057
178.06,1492.99,55069
178.32,1495.25,55080
178.68,1497.37,55093
175.65,1497.63,55104
176.97,1497.55,55116
175.37,1499.10,55128
178.23,1499.85,55140
178.53,1498.78,55151
177.06,1497.07,55163
178.62,1495.11,55175
176.11,1491.94,55187
178.35,1490.19,55198
178.48,1489.93,55211
179.43,1492.22,55222
177.48,1493.37,55234
177.09,1495.48,55245
179.49,1496.97,55258
176.45,1498.05,55269
176.53,1499.36,55281
177.14,1498.67,55292
175.42,1500.04,55305
177.63,1497.20,55316
177.99,1496.43,55328
178.44,1493.14,55340
178.60,1491.72,55352
176.20,1489.41,55363
178.97,1490.18,55375
178.21,1492.64,55387
176.81,1494.01,55399
178.59,1496.06,55410
178.56,1496.83,55422
175.74,1497.45,55434
176.72,1496.61,55446
175.99,1497.22,55457
177.86,1498.29,55469
178.56,1497.96,55481
177.39,1496.79,55492
178.43,1493.80,55504
177.62,1491.58,55516
177.36,1489.84,55528
179.20,1490.70,55539
177.53,1492.98,55552
177.00,1494.70,55563
178.25,1496.36,55575
180.11,1497.05,55586
177.10,1497.70,55599
174.74,1496.07,55610
176.65,1496.71,55622
177.24,1497.04,55633
179.82,1496.76,55646
177.44,1495.96,55657
176.56,1494.40,55669
178.11,1493.65,55681
177.35,1492.02,55693
179.82,1492.45,55704
177.07,1493.86,55716
176.43,1496.36,55728
177.19,1497.78,55740
179.37,1497.77,55751
178.96,1497.78,55763
175.72,1496.49,55775
175.26,1495.71,55787
179.52,1495.55,55798
178.09,1494.92,55811
176.93,1494.17,55822
179.01,1492.59,55834
178.49,1493.51,55845
177.62,1491.53,55858
178.33,1492.99,55869
176.17,1494.90,55881
177.95,1498.16,55892
177.02,1499.25,55905
179.05,1499.51,55916
178.28,1499.44,55927
175.05,1496.62,55940
177.37,1495.65,55951
176.99,1494.60,55963
178.17,1495.48,55974
178.35,1493.99,55987
179.38,1492.74,55998
178.94,1493.23,56010
176.79,1492.15,56022
177.90,1492.98,56034
176.24,1495.50,56045
178.70,1499.00,56057
178.18,1500.13,56069
176.51,1500.39,56081
177.63,1500.41,56092
175.83,1497.69,56104
176.87,1496.55,56116
178.67,1494.32,56128
176.87,1495.16,56139
177.41,1492.91,56152
178.78,1493.37,56163
179.94,1492.00,56175
176.32,1491.83,56186
177.43,1492.06,56199
177.16,1494.36,56210
179.19,1497.11,56222
176.61,1498.61,56233
176.33,1500.28,56246
178.65,1500.54,56257
175.79,1497.97,56269
177.94,1496.86,56281
175.64,1495.09,56293
177.77,1495.14,56304
177.99,1493.84,56316
178.30,1493.49,56328
180.08,1492.78,56340
176.33,1492.20,56351
176.80,1492.92,56364
178.44,1494.61,56375
177.72,1497.33,56387
177.99,1497.65,56398
176.73,1498.82,56410
177.28,1498.03,56422
177.19,1497.40,56433
176.92,1495.42,56445
177.46,1494.97,56457
176.79,1494.76,56469
179.10,1493.50,56480
177.82,1493.79,56493
179.58,1493.20,56504
177.92,1493.84,56516
174.56,1493.95,56527
179.78,1495.62,56540
177.74,1497.86,56551
177.84,1498.17,56563
177.62,1499.51,56574
179.35,1497.20,56587
177.00,1496.98,56598
177.07,1493.30,56610
176.69,1493.29,56622
177.37,1492.73,56634
179.70,1493.68,56645
178.36,1495.36,56657
178.23,1494.41,56669
177.83,1495.85,56681
177.18,1494.83,56692
176.84,1496.64,56705
177.35,1497.67,56716
176.82,1498.78,56728
176.50,1499.46,56739
179.69,1497.13,56752
177.78,1496.27,56763
175.76,1492.57,56775
179.01,1491.17,56786
177.62,1490.68,56799
179.50,1491.98,56810
178.39,1492.98,56822
176.85,1494.40,56834
179.06,1495.95,56846
177.10,1496.33,56857
178.52,1496.26,56868
175.67,1497.34,56881
176.45,1497.60,56892
176.85,1498.17,56904
179.09,1497.04,56915
179.70,1496.48,56928
175.42,1493.72,56939
176.00,1492.34,56951
177.49,1491.84,56963
178.98,1493.46,56975
176.12,1492.82,56986
178.14,1494.57,56998
178.37,1495.00,57010
177.54,1496.59,57022
177.33,1496.32,5703