172.34,1487.66,17957
183.30,1488.05,17969
181.87,1484.71,17980
167.19,1479.16,17992
182.40,1479.49,18003
189.70,1482.67,18016
173.97,1484.33,18027
182.22,1485.02,18039
186.91,1481.32,18051
167.40,1474.64,18063
176.44,1476.53,18074
192.40,1481.02,18086
177.73,1484.26,18098
179.22,1485.27,18110
187.42,1481.79,18121
168.27,1477.27,18134
174.66,1479.15,18145
193.71,1482.66,18157
179.42,1485.94,18168
175.48,1485.66,18181
187.10,1483.05,18192
172.94,1477.12,18204
172.85,1479.53,18215
190.59,1482.31,18228
180.98,1485.30,18239
174.99,1486.17,18251
187.89,1481.34,18263
169.89,1475.37,18275
187.56,1476.67,18286
186.34,1480.03,18298
175.42,1483.62,18310
186.08,1484.58,18322
179.14,1480.83,18333
166.98,1475.02,18345
185.62,1479.97,18357
189.24,1484.09,18369
173.76,1487.54,18380
182.54,1488.21,18393
181.90,1484.03,18404
166.96,1477.79,18416
182.24,1478.91,18427
190.44,1482.06,18440
175.05,1484.63,18451
181.95,1484.62,18463
185.99,1480.52,18475
168.46,1474.46,18487
177.31,1477.92,18498
192.23,1482.52,18510
177.18,1486.83,18522
178.65,1487.45,18534
185.99,1484.71,18545
169.60,1478.43,18557
173.83,1480.63,18569
191.07,1483.15,18580
179.41,1485.47,18592
176.52,1485.19,18604
188.05,1480.96,18616
172.55,1474.44,18627
170.89,1478.63,18639
190.86,1482.26,18651
174.92,1486.99,18663
187.70,1486.93,18674
174.09,1484.36,18686
166.85,1478.35,18698
190.16,1481.84,18710
186.29,1484.13,18721
172.27,1486.07,18734
185.91,1484.43,18745
179.55,1479.87,18757
167.28,1473.39,18768
187.97,1476.23,18781
188.80,1479.82,18792
172.59,1484.77,18804
184.54,1485.99,18816
182.51,1484.02,18828
166.13,1478.94,18839
181.30,1482.75,18851
188.74,1485.90,18863
174.31,1488.33,18875
181.38,1486.74,18886
184.40,1481.60,18898
168.90,1474.38,18910
177.02,1476.30,18922
191.15,1479.02,18933
179.06,1482.63,18946
179.03,1483.08,18957
187.52,1480.69,18969
170.76,1475.69,18980
171.59,1481.26,18993
192.11,1485.59,19004
181.29,1489.35,19016
174.26,1489.11,19027
187.80,1484.25,19040
169.58,1477.06,19051
191.99,1478.41,19063
183.84,1479.87,19075
173.80,1482.10,19087
189.05,1482.56,19098
177.54,1479.47,19110
168.60,1474.78,19122
188.84,1479.90,19134
184.66,1484.37,19145
173.50,1489.16,19158
185.64,1489.86,19169
179.14,1485.44,19180
166.67,1478.95,19192
183.87,1481.46,19204
189.70,1482.41,19216
174.14,1484.39,19227
183.40,1482.07,19239
184.97,1477.53,19251
167.23,1470.99,19263
181.21,1476.47,19274
192.87,1480.53,19287
174.96,1486.08,19298
179.61,1487.82,19310
186.06,1485.09,19321
167.52,1480.18,19334
175.84,1484.23,19345
191.23,1486.43,19357
177.14,1487.43,19368
177.59,1485.36,19381
188.08,1479.00,19392
170.65,1471.40,19404
173.53,1475.09,19416
192.86,1477.67,19428
176.98,1483.42,19439
187.71,1484.55,19451
172.79,1483.36,19463
169.47,1479.60,19475
189.61,1486.01,19486
182.68,1488.54,19499
172.73,1490.97,19510
186.57,1488.93,19522
177.40,1482.02,19533
167.81,1474.65,19546
187.92,1476.52,19557
187.18,1477.35,19569
174.38,1480.66,19580
187.41,1480.30,19593
181.21,1478.75,19604
165.79,1474.84,19616
184.23,1482.15,19628
189.89,1486.68,19640
173.04,1491.26,19651
182.13,1490.24,19663
181.75,1485.43,19675
166.38,1478.84,19687
181.63,1481.22,19698
190.38,1481.57,19710
174.49,1483.75,19722
181.75,1481.62,19734
187.50,1477.44,19745
169.19,1472.13,19758
176.78,1478.14,19769
190.95,1482.81,19780
178.15,1488.53,19792
178.57,1489.39,19804
186.61,1486.33,19816
170.82,1481.54,19827
191.32,1485.69,19840
180.88,1486.13,19851
174.44,1487.65,19863
187.44,1483.61,19874
174.24,1478.37,19887
170.07,1471.17,19898
191.92,1476.55,19910
184.37,1479.20,19921
173.11,1483.99,19934
187.87,1485.42,19945
177.65,1482.25,19957
166.60,1479.40,19969
187.25,1484.74,19981
184.31,1487.35,19992
173.01,1490.01,20004
186.22,1487.40,20016
179.61,1481.55,20028
166.19,1473.67,20039
184.17,1478.68,20051
190.74,1478.64,20063
175.53,1482.87,20075
183.49,1481.88,20086
182.70,1479.17,20099
167.13,1476.44,20110
181.61,1482.93,20122
190.58,1486.73,20133
174.42,1489.97,20146
179.37,1489.49,20157
185.44,1484.21,20169
168.50,1478.04,20180
177.14,1481.49,20193
190.69,1482.36,20204
178.93,1485.10,20216
188.08,1483.01,20228
171.11,1477.97,20240
173.00,1472.60,20251
191.28,1479.53,20263
182.10,1482.10,20275
177.30,1487.13,20287
186.64,1486.23,20298
172.63,1482.55,20311
169.55,1478.79,20322
189.82,1483.95,20334
184.27,1485.11,20345
174.21,1487.46,20357
186.03,1485.50,20369
177.03,1479.71,20380
167.79,1474.46,20392
188.35,1479.89,20404
187.37,1481.83,20416
173.42,1485.60,20427
185.72,1484.97,20440
180.64,1480.81,20451
166.76,1476.88,20463
184.80,1483.00,20474
188.84,1484.72,20487
172.49,1487.94,20498
182.77,1485.75,20510
184.11,1480.35,20521
167.62,1474.61,20534
179.59,1479.34,20545
190.33,1481.31,20557
176.27,1485.60,20569
182.25,1484.23,20581
185.80,1480.86,20592
175.27,1477.09,20604
191.83,1484.26,20616
178.70,1485.93,20628
176.68,1489.24,20639
185.36,1487.28,20652
170.68,1482.24,20663
172.79,1477.35,20675
191.97,1481.26,20686
180.78,1482.30,20699
174.00,1485.21,20710
187.87,1484.03,20722
175.93,1479.34,20733
169.87,1474.75,20746
188.90,1480.66,20757
183.08,1482.65,20769
174.00,1487.33,20781
187.91,1485.42,20793
177.41,1481.59,20804
166.21,1476.98,20816
186.14,1482.77,20828
187.28,1484.31,20840
175.37,1485.98,20851
184.84,1484.47,20864
178.70,1479.33,20875
166.99,1476.25,20887
185.66,1481.76,20898
189.12,1483.27,20911
174.59,1486.56,20922
181.96,1484.44,20934
182.32,1480.35,20945
168.76,1475.99,20957
180.45,1482.61,20969
189.42,1484.44,20980
179.87,1488.29,20993
185.93,1486.20,21004
169.59,1481.89,21016
173.77,1477.40,21027
190.18,1482.59,21040
179.28,1484.63,21051
178.35,1486.82,21063
186.96,1484.69,21074
169.98,1479.18,21087
171.42,1475.53,21098
192.08,1480.93,21110
182.95,1483.13,21122
174.19,1486.33,21134
185.71,1485.19,21145
173.92,1481.43,21157
169.87,1478.63,21169
189.99,1484.74,21181
182.86,1485.71,21192
172.69,1487.90,21204
185.97,1485.65,21216
179.67,1479.81,21228
167.87,1475.39,21239
184.46,1480.63,21252
187.35,1482.76,21263
174.54,1485.53,21275
185.88,1483.73,21286
181.51,1478.61,21299
165.23,1475.73,21310
182.03,1483.10,21322
191.02,1485.71,21334
176.92,1488.98,21346
181.05,1487.23,21357
180.88,1482.42,21369
180.71,1478.44,21381
191.98,1483.53,21393
176.03,1484.27,21404
178.36,1484.90,21416
186.14,1483.29,21428
171.88,1476.66,21440
176.91,1473.41,21451
190.18,1479.77,21464
177.84,1482.23,21475
177.47,1486.81,21487
189.23,1484.88,21498
171.46,1481.30,21511
170.10,1477.53,21522
189.57,1484.55,21534
181.50,1486.45,21545
176.92,1487.54,21557
187.56,1485.40,21569
172.56,1478.89,21580
168.31,1475.57,21593
191.44,1480.82,21604
185.70,1481.48,21616
173.45,1484.15,21627
186.07,1482.42,21640
178.08,1478.82,21651
168.78,1476.53,21663
187.77,1483.39,21675
186.94,1486.04,21687
172.00,1488.42,21698
184.02,1486.27,21710
182.91,1480.32,21722
167.21,1476.28,21734
181.62,1481.23,21745
189.15,1482.12,21757
184.29,1484.30,21769
185.66,1481.99,21781
165.37,1476.41,21792
178.52,1475.07,21805
192.88,1482.20,21816
177.23,1485.58,21828
179.33,1488.35,21839
184.17,1486.68,21852
167.99,1481.72,21863
176.80,1478.57,21875
193.65,1483.57,21886
177.68,1483.86,21899
175.91,1484.78,21910
188.21,1482.18,21922
173.95,1476.16,21934
173.13,1474.59,21946
190.02,1479.60,21957
180.63,1483.03,21969
175.76,1486.16,21981
189.09,1484.96,21993
174.70,1480.84,22004
167.18,1479.37,22017
187.68,1485.88,22028
184.98,1487.05,22040
174.50,1488.52,22051
187.18,1484.22,22064
176.46,1477.10,22075
165.99,1474.73,22087
188.72,1479.33,22098
189.48,1481.93,22111
173.06,1484.34,22122
184.57,1483.89,22134
180.88,1479.56,22146
184.78,1479.14,22157
188.56,1485.61,22169
172.37,1487.49,22180
182.44,1489.15,22193
185.14,1485.90,22204
167.28,1479.57,22216
178.13,1475.94,22227
191.67,1480.30,22240
176.88,1481.43,22251
181.93,1482.91,22263
186.80,1480.53,22275
167.60,1475.20,22287
176.04,1476.54,22298
192.83,1483.37,22310
178.76,1487.41,22322
175.66,1489.68,22334
185.45,1486.92,22345
171.85,1480.91,22358
172.83,1477.55,22369
191.25,1481.64,22381
181.39,1481.04,22392
174.55,1482.89,22405
189.05,1479.76,22416
176.91,1474.17,22428
168.37,1474.68,22439
188.36,1481.03,22452
186.23,1485.68,22463
174.38,1488.44,22475
186.41,1486.83,22487
177.24,1482.50,22499
165.62,1481.12,22510
186.63,1486.41,22522
188.15,1485.87,22534
185.11,1485.77,22546
180.13,1480.51,22557
168.20,1473.24,22569
185.12,1474.28,22581
189.76,1477.84,22593
174.53,1483.10,22604
182.64,1485.03,22617
183.61,1484.99,22628
167.56,1480.37,22640
179.38,1481.70,22651
188.79,1487.21,22664
176.26,1488.85,22675
179.45,1489.20,22687
185.70,1483.97,22699
169.60,1475.94,22711
175.24,1474.44,22722
192.55,1477.39,22733
180.47,1480.37,22746
178.85,1481.56,22757
187.18,1480.30,22769
170.30,1475.84,22780
172.42,1479.32,22793
192.44,1485.84,22804
180.59,1489.10,22816
173.92,1491.38,22828
185.98,1487.73,22840
173.21,1481.56,22851
170.64,1480.33,22863
190.12,1482.41,22875
182.01,1483.33,22887
174.74,1481.81,22898
189.03,1478.27,22910
179.15,1471.20,22922
186.89,1472.87,22934
187.50,1479.05,22945
175.76,1483.58,22958
184.99,1487.24,22969
179.79,1485.35,22981
165.20,1481.83,22992
182.94,1482.95,23005
191.00,1486.05,23016
173.57,1487.15,23028
181.73,1485.87,23040
182.83,1481.67,23052
168.17,1474.09,23063
181.86,1474.38,23075
192.09,1478.72,23087
175.80,1482.47,23099
179.64,1485.00,23110
186.53,1483.27,23122
169.48,1479.28,23134
176.02,1481.71,23146
190.36,1486.59,23157
177.19,1489.16,23170
177.69,1487.92,23181
187.09,1483.07,23193
172.29,1474.49,23204
171.83,1473.81,23217
191.11,1476.88,23228
184.92,1479.23,23240
176.75,1481.62,23251
187.94,1479.23,23264
173.76,1475.64,23275
168.78,1480.05,23287
191.26,1485.95,23299
185.17,1490.16,23311
185.00,1489.50,23322
177.67,1486.27,23334
168.31,1478.01,23346
188.80,1477.71,23357
186.33,1478.73,23369
173.03,1480.57,23380
187.12,1481.19,23393
182.82,1477.56,23404
166.97,1473.33,23416
182.06,1476.69,23428
189.92,1483.86,23440
175.99,1488.90,23451
181.88,1490.44,23463
181.26,1488.08,23475
165.06,1481.21,23487
179.01,1482.54,23498
192.72,1483.27,23511
176.48,1484.16,23522
178.96,1481.57,23534
185.96,1476.63,23545
171.25,1470.24,23558
177.95,1473.34,23569
192.71,1479.32,23581
178.21,1485.44,23592
176.27,1488.71,23605
187.19,1488.10,23616
171.87,1483.17,23628
170.34,1487.10,23640
188.21,1488.71,23652
180.98,1489.93,23663
175.61,1487.04,23675
187.47,1480.07,23687
174.48,1471.72,23699
190.70,1472.45,23710
186.87,1476.68,23723
175.38,1480.16,23734
186.56,1483.59,23746
175.44,1482.61,23757
167.61,1479.23,23770
188.57,1484.91,23781
185.75,1488.62,23793
171.25,1491.20,23804
184.64,1489.06,23816
180.51,1483.49,23828
168.25,1474.85,23839
185.23,1475.02,23852
188.45,1477.13,23863
175.20,1480.57,23875
184.80,1481.64,23886
183.97,1479.87,23899
166.65,1475.33,23910
179.15,1481.50,23922
190.58,1486.78,23933
175.70,1491.40,23946
179.09,1491.12,23957
184.46,1486.64,23969
167.32,1480.35,23981
175.80,1481.11,23993
192.65,1482.53,24004
177.81,1484.08,24016
177.22,1482.86,24028
188.58,1478.54,24040
171.35,1472.75,24051
173.80,1477.86,24064
191.46,1482.97,24075
179.91,1488.83,24087
175.82,1490.08,24098
172.39,1487.33,24111
169.13,1482.42,24122
188.59,1484.90,24134
183.15,1486.42,24145
175.80,1487.42,24158
186.62,1484.59,24169
176.56,1478.43,24181
169.77,1471.62,24193
188.37,1475.93,24205
187.85,1479.01,24216
174.15,1486.03,24228
184.88,1487.00,24240
179.95,1486.01,24251
165.95,1481.78,24263
183.95,1486.04,24274
187.99,1488.29,24287
172.20,1489.55,24298
183.28,1486.47,24310
184.19,1480.12,24322
166.51,1471.55,24334
180.99,1474.53,24345
192.55,1476.37,24357
177.10,1481.25,24369
181.34,1482.05,24381
184.65,1480.90,24392
168.35,1478.20,24404
176.74,1484.69,24416
189.93,1488.60,24428
177.48,1492.50,24439
175.86,1490.74,24452
185.01,1484.79,24463
171.76,1476.96,24475
172.45,1478.79,24486
181.71,1478.84,24499
176.90,1481.90,24510
187.94,1480.86,24522
174.45,1477.74,24534
168.81,1473.64,24546
189.73,1480.80,24557
184.51,1485.24,24569
173.20,1490.44,24581
185.04,1490.14,24593
176.08,1484.94,24604
167.51,1478.66,24616
187.53,1481.65,24628
186.10,1481.77,24640
173.47,1484.80,24651
186.75,1482.90,24664
180.45,1479.03,24675
166.86,1473.84,24686
184.16,1479.93,24698
188.46,1483.56,24710
174.45,1488.27,24722
183.57,1487.97,24733
181.99,1483.09,24745
165.25,1477.98,24757
180.87,1481.69,24769
191.61,1482.74,24780
175.35,1485.20,24793
181.48,1482.83,24804
185.20,1477.99,24816
168.34,1472.73,24827
178.28,1478.70,24840
191.69,1481.77,24851
177.82,1486.75,24863
177.88,1486.72,24875
186.12,1483.81,24887
173.50,1478.98,24898
190.01,1484.32,24910
179.18,1485.15,24922
177.65,1486.96,24934
187.73,1483.41,24945
173.14,1476.91,24957
171.49,1470.73,24969
190.82,1475.66,24981
184.16,1478.72,24992
176.41,1484.02,25005
186.35,1484.42,25016
174.48,1482.18,25028
169.42,1478.90,25039
188.30,1486.75,25052
183.82,1488.91,25063
172.84,1491.49,25075
185.28,1488.82,25086
178.68,1483.05,25098
168.11,1475.27,25110
185.88,1479.53,25121
187.29,1480.09,25134
175.84,1483.10,25145
185.82,1482.23,25157
182.13,1478.54,25168
167.09,1475.64,25181
182.43,1482.31,25192
190.47,1486.89,25204
175.19,1490.65,25216
180.26,1489.72,25228
184.17,1485.38,25239
167.46,1479.53,25251
177.58,1483.46,25263
191.88,1482.93,25275
178.20,1484.60,25286
188.65,1481.95,25298
170.54,1476.82,25310
174.57,1472.64,25322
191.99,1479.33,25333
178.80,1483.67,25346
177.54,1488.17,25357
187.09,1488.22,25369
170.90,1484.69,25380
170.26,1480.40,25393
188.76,1485.43,25404
183.39,1484.53,25416
175.48,1486.00,25427
186.75,1482.35,25440
176.28,1476.16,25451
169.50,1471.79,25463
190.20,1477.42,25475
186.74,1481.21,25487
173.63,1486.11,25498
185.27,1486.10,25510
178.81,1483.34,25522
167.35,1479.99,25533
185.04,1486.04,25545
186.31,1486.40,25556
173.02,1488.44,25569
185.20,1483.89,25580
182.48,1477.44,25592
167.91,1471.39,25604
182.30,1476.69,25616
190.42,1479.16,25627
177.12,1483.61,25639
182.85,1483.24,25651
183.99,1481.02,25663
177.47,1479.33,25674
191.46,1486.77,25687
176.13,1488.68,25698
177.38,1490.80,25710
186.65,1487.33,25721
169.91,1480.49,25734
173.75,1475.41,25745
192.93,1478.88,25757
179.48,1480.24,25768
176.39,1483.00,25781
189.69,1481.84,25792
171.97,1478.04,25804
170.29,1476.43,25816
190.67,1484.35,25828
181.94,1487.99,25839
175.07,1490.70,25851
186.12,1488.94,25863
173.79,1482.87,25875
168.94,1477.54,25886
189.52,1481.30,25899
185.33,1481.11,25910
175.76,1482.07,25922
186.11,1479.86,25933
178.76,1474.49,25946
169.89,1472.93,25957
185.98,1480.43,25968
188.09,1484.46,25980
174.18,1489.21,25992
182.80,1487.99,26004
181.98,1484.52,26015
167.11,1480.63,26028
179.87,1486.45,26039
189.86,1486.70,26051
174.56,1487.14,26062
185.61,1483.34,26075
167.96,1475.10,26086
178.36,1472.01,26098
192.98,1478.06,26109
177.88,1480.93,26122
180.08,1484.75,26133
185.91,1485.43,26145
167.71,1482.77,26157
174.60,1482.11,26169
191.77,1488.09,26180
177.39,1489.21,26192
176.27,1489.20,26204
186.91,1485.12,26216
171.22,1477.69,26227
173.64,1473.36,26240
191.35,1477.67,26251
181.95,1479.10,26263
176.05,1482.94,26274
188.47,1480.60,26287
174.21,1477.60,26298
169.19,1476.90,26310
189.48,1484.95,26321
184.30,1487.96,26334
174.10,1489.90,26345
184.55,1487.98,26357
177.28,1481.23,26369
167.88,1478.18,26381
186.51,1482.60,26392
187.11,1483.13,26403
174.02,1484.66,26416
185.48,1481.44,26427
181.37,1475.66,26439
167.58,1474.40,26450
189.74,1481.21,26463
175.04,1484.81,26474
181.73,1487.10,26486
183.19,1486.28,26498
166.85,1480.38,26510
179.40,1478.90,26521
191.35,1482.77,26533
176.18,1483.64,26545
179.83,1484.93,26557
186.77,1481.37,26568
169.74,1476.73,26580
176.22,1474.55,26592
191.68,1482.16,26604
178.44,1485.71,26615
176.79,1488.79,26628
187.38,1487.45,26639
170.26,1481.88,26651
171.44,1481.27,26662
190.75,1484.93,26675
181.24,1486.31,26686
176.00,1486.27,26698
186.89,1481.74,26710
174.71,1475.31,26722
170.51,1472.34,26733
189.42,1478.27,26745
186.35,1481.25,26757
175.24,1485.05,26769
185.29,1484.04,26780
177.99,1480.20,26792
167.92,1481.31,26804
184.93,1486.95,26815
187.44,1488.56,26827
173.35,1488.65,26839
182.35,1484.61,26851
168.01,1477.12,26862
182.52,1474.57,26874
190.77,1479.15,26886
176.05,1481.30,26898
183.66,1483.88,26909
183.94,1482.12,26921
166.21,1477.49,26933
179.21,1479.15,26945
192.38,1485.16,26956
175.88,1488.82,26969
179.31,1489.59,26980
184.15,1486.14,26992
168.47,1479.03,27003
177.93,1476.79,27016
192.07,1480.55,27027
178.21,1481.57,27039
177.25,1483.51,27051
188.76,1480.55,27063
171.88,1475.46,27074
172.35,1476.02,27086
191.22,1482.59,27098
180.29,1487.06,27110
177.08,1489.11,27121
187.42,1487.41,27133
171.46,1481.92,27145
168.25,1481.42,27157
190.24,1485.52,27168
184.77,1486.09,27181
173.94,1484.74,27192
185.46,1480.69,27204
177.36,1474.01,27215
168.88,1474.40,27228
189.04,1479.78,27239
172.21,1484.08,27251
184.33,1487.07,27262
181.74,1485.66,27274
165.76,1480.95,27286
182.64,1481.89,27297
188.09,1486.02,27310
174.04,1486.89,27321
183.93,1485.80,27333
183.89,1480.04,27344
165.96,1473.17,27357
180.88,1473.41,27368
193.52,1477.59,27380
176.14,1481.96,27392
179.89,1484.04,27404
184.30,1482.89,27415
168.05,1478.74,27427
176.88,1481.77,27439
192.04,1485.82,27451
176.69,1488.38,27462
175.71,1488.47,27474
187.70,1483.46,27486
171.99,1476.75,27498
173.25,1475.80,27509
190.43,1479.17,27522
181.18,1481.49,27533
178.42,1482.20,27545
188.97,1479.07,27556
173.56,1473.59,27569
169.50,1477.87,27580
190.78,1483.33,27592
184.61,1488.31,27603
175.10,1488.86,27616
185.41,1486.31,27627
169.65,1480.00,27639
189.11,1480.06,27651
186.17,1482.98,27663
173.21,1483.38,27674
184.96,1483.52,27686
181.17,1478.75,27698
170.51,1473.29,27709
183.94,1475.54,27721
188.84,1480.76,27732
174.52,1485.22,27745
184.42,1486.23,27756
183.06,1484.13,27768
166.78,1478.26,27780
180.92,1481.58,27792
190.03,1484.17,27803
176.50,1487.00,27815
181.69,1486.28,27827
184.55,1481.56,27839
167.71,1474.93,27850
178.69,1475.85,27863
192.66,1479.56,27874
178.67,1483.26,27886
179.38,1484.64,27897
185.61,1482.59,27910
170.66,1477.56,27921
174.05,1480.93,27933
191.50,1484.54,27944
179.64,1487.47,27957
175.16,1486.92,27968
187.74,1482.68,27980
173.96,1475.64,27992
170.44,1477.19,28004
190.60,1480.19,28015
183.46,1483.06,28027
188.62,1483.72,28039
176.15,1481.02,28051
167.14,1475.54,28062
188.89,1480.07,28075
185.92,1483.92,28086
173.82,1487.87,28098
184.61,1487.81,28109
178.14,1483.64,28122
167.08,1477.51,28133
185.56,1479.06,28144
189.28,1482.06,28156
173.28,1484.71,28168
182.91,1484.52,28180
183.24,1480.74,28191
167.52,1474.73,28204
181.72,1478.55,28215
190.55,1482.19,28227
174.25,1487.13,28238
180.60,1487.41,28251
185.84,1484.83,28262
167.11,1479.16,28274
175.75,1481.75,28285
191.48,1484.04,28298
176.60,1486.36,28309
179.04,1484.93,28321
187.19,1480.33,28333
168.84,1474.42,28345
173.59,1478.51,28356
193.06,1481.77,28368
180.14,1486.68,28380
175.67,1486.53,28392
186.69,1483.88,28403
171.48,1479.23,28416
190.76,1482.36,28427
181.74,1485.32,28439
173.73,1487.51,28450
186.99,1486.16,28463
176.49,1481.15,28474
168.55,1473.88,28486
188.84,1477.39,28497
185.63,1480.23,28510
173.80,1484.40,28521
187.34,1484.44,28533
179.79,1481.63,28545
165.90,1477.07,28557
185.27,1481.61,28568
188.10,1485.03,28579
173.34,1488.62,28592
184.19,1487.56,28603
181.70,1483.81,28615
165.78,1477.60,28626
181.31,1480.18,28639
191.22,1482.02,28650
174.89,1484.90,28662
181.06,1483.36,28674
184.44,1479.74,28686
168.05,1474.20,28697
178.52,1478.81,28709
191.80,1481.84,28721
177.17,1486.24,28733
177.09,1486.42,28744
185.50,1482.78,28756
170.99,1477.93,28768
174.25,1482.31,28780
190.04,1484.54,28791
179.67,1487.32,28804
187.28,1486.79,28815
172.72,1480.90,28827
170.52,1475.55,28838
190.59,1478.34,28851
183.88,1481.08,28862
175.37,1484.54,28874
187.22,1484.32,28886
174.36,1480.99,28898
168.63,1476.84,28909
189.29,1482.51,28921
185.66,1485.34,28933
172.32,1488.44,28945
184.85,1487.70,28956
179.01,1483.36,28968
168.21,1477.32,28980
186.20,1480.46,28992
186.01,1482.37,29003
174.39,1485.26,29015
186.29,1484.54,29027
181.81,1479.73,29038
166.80,1474.53,29050
182.19,1479.92,29062
189.80,1482.49,29074
176.32,1487.10,29085
181.84,1486.18,29097
183.77,1482.83,29109
167.10,1478.15,29121
178.07,1483.27,29132
192.21,1484.38,29145
176.70,1487.35,29156
176.89,1485.19,29168
187.52,1481.01,29179
170.60,1474.88,29192
173.09,1480.35,29203
179.22,1481.61,29215
176.56,1486.06,29227
188.90,1485.05,29239
171.33,1481.90,29250
169.78,1477.01,29262
190.92,1482.98,29274
182.53,1484.75,29286
174.94,1488.11,29297
186.94,1486.41,29309
174.39,1480.68,29321
168.86,1475.70,29333
188.99,1480.64,29344
186.27,1482.15,29357
173.50,1485.67,29368
185.43,1484.70,29380
179.77,1481.60,29391
166.43,1477.39,29404
184.80,1483.64,29415
187.93,1485.99,29427
172.69,1489.13,29438
183.62,1486.71,29450
182.26,1481.83,29462
166.02,1475.93,29473
181.69,1480.71,29486
190.83,1480.91,29497
174.90,1484.18,29509
182.21,1482.66,29520
183.99,1478.00,29533
167.26,1474.29,29544
179.63,1480.78,29556
192.10,1484.35,29568
176.54,1488.14,29580
178.25,1487.99,29591
169.82,1483.32,29603
175.50,1478.76,29615
189.99,1483.52,29627
178.64,1484.17,29638
177.21,1486.45,29650
187.85,1483.47,29662
172.53,1478.74,29674
171.66,1473.60,29685
190.26,1480.27,29698
182.51,1482.19,29709
176.64,1486.15,29721
187.08,1485.89,29732
173.38,1481.70,29745
168.36,1479.03,29756
189.40,1484.35,29768
185.22,1486.07,29779
173.58,1488.02,29792
185.93,1485.06,29803
177.06,1478.99,29815
168.79,1472.73,29827
188.17,1478.06,29839
187.59,1479.18,29850
174.05,1483.47,29862
185.08,1482.46,29874
182.55,1479.42,29885
167.50,1476.62,29897
181.74,1484.37,29908
188.91,1487.18,29921
174.12,1490.62,29932
182.04,1488.54,29944
184.18,1482.79,29956
166.40,1477.53,29968
178.37,1480.97,29979
177.25,1481.12,29991
180.21,1482.48,30003
186.59,1480.98,30015
168.43,1476.14,30026
176.68,1473.40,30039
192.62,1480.56,30050
178.18,1484.66,30062
176.27,1489.37,30073
185.78,1488.91,30086
171.92,1485.26,30097
171.57,1480.11,30109
189.54,1485.17,30120
181.53,1484.14,30133
175.90,1485.05,30144
187.74,1481.30,30156
176.75,1474.47,30168
168.77,1471.30,30180
189.04,1476.81,30191
186.95,1481.47,30203
173.70,1486.23,30215
186.54,1486.30,30227
177.55,1484.61,30238
165.41,1481.50,30251
186.07,1488.18,30262
187.28,1487.35,30274
171.53,1488.63,30285
185.31,1482.82,30297
181.84,1475.30,30309
167.95,1470.03,30320
185.59,1474.60,30332
190.33,1478.22,30344
175.31,1483.12,30356
183.51,1484.12,30367
183.76,1482.23,30380
177.44,1481.16,30391
190.29,1488.64,30403
176.49,1490.78,30414
178.52,1491.66,30427
185.01,1487.61,30438
169.44,1479.85,30450
175.55,1474.65,30461
192.73,1477.61,30474
180.00,1478.45,30485
178.02,1480.44,30497
187.64,1479.68,30509
172.52,1476.96,30521
172.50,1476.59,30532
190.55,1485.23,30544
180.69,1489.28,30556
173.62,1493.09,30568
187.05,1490.82,30579
172.82,1484.38,30592
169.20,1479.27,30603
188.87,1482.11,30615
184.01,1481.48,30626
176.11,1481.96,30639
187.32,1478.24,30650
178.42,1473.13,30662
168.73,1471.55,30673
187.17,1480.65,30686
188.28,1484.41,30697
174.63,1489.87,30709
183.83,1490.05,30721
179.11,1486.29,30732
166.31,1484.59,30744
182.01,1487.51,30755
188.16,1487.50,30768
182.52,1485.46,30779
184.96,1479.98,30791
168.30,1471.47,30802
181.38,1467.72,30815
191.28,1475.44,30826
177.21,1479.36,30838
181.67,1485.44,30850
184.49,1485.90,30862
166.41,1483.91,30873
175.60,1484.54,30885
190.95,1490.29,30897
177.12,1491.52,30909
176.50,1490.19,30920
184.86,1485.30,30932
171.17,1476.07,30944
175.58,1471.78,30956
192.06,1475.24,30967
180.67,1477.54,30980
177.20,1481.47,30991
188.48,1480.95,31003
174.10,1478.73,31014
169.31,1480.18,31027
188.77,1488.53,31038
182.30,1491.73,31050
173.30,1491.55,31062
187.33,1487.70,31074
176.82,1478.52,31085
166.69,1475.75,31097
187.91,1477.61,31109
187.86,1479.11,31121
175.48,1480.88,31132
187.08,1478.57,31143
180.49,1474.50,31156
166.70,1475.24,31167
190.10,1483.94,31179
172.34,1488.90,31191
182.13,1491.63,31203
182.02,1490.13,31214
165.86,1484.25,31226
180.80,1481.44,31238
190.53,1483.70,31250
174.24,1483.73,31261
182.08,1481.80,31273
188.49,1476.81,31285
169.24,1469.70,31297
177.01,1469.47,31308
193.54,1477.26,31321
179.04,1483.25,31332
178.70,1487.48,31344
186.16,1488.30,31355
169.20,1484.39,31368
172.33,1485.12,31379
191.35,1488.93,31391
179.85,1489.27,31403
174.44,1486.64,31415
187.36,1481.37,31426
175.12,1473.02,31438
171.58,1469.90,31450
191.29,1475.34,31462
184.74,1478.90,31473
175.40,1483.60,31485
189.15,1482.99,31497
175.94,1480.29,31509
167.10,1482.51,31520
186.39,1488.67,31533
185.91,1491.59,31544
173.18,1490.45,31556
178.89,1486.18,31567
167.41,1477.21,31579
186.05,1475.65,31591
189.19,1477.42,31602
175.38,1479.70,31614
184.06,1481.60,31626
183.16,1480.17,31638
167.57,1476.72,31649
180.72,1478.41,31662
190.21,1486.52,31673
174.92,1489.55,31685
180.23,1492.34,31696
183.83,1488.47,31709
167.20,1481.63,31720
176.56,1480.05,31732
191.95,1481.84,31744
178.25,1482.09,31756
178.89,1481.55,31767
187.67,1477.94,31779
171.79,1472.58,31791
174.24,1474.06,31803
191.98,1481.64,31814
180.16,1486.00,31826
175.02,1489.83,31838
187.64,1487.69,31850
172.63,1482.40,31861
168.16,1482.93,31874
190.27,1485.37,31885
182.98,1486.21,31897
174.18,1483.71,31908
187.96,1479.31,31921
176.67,1471.86,31932
168.63,1473.04,31944
2.93,1478.31,31955
185.26,1482.73,31967
178.82,1486.30,31990
167.46,1484.77,32002
184.19,1480.86,32013
187.77,1483.08,32024
173.66,1486.37,32036
182.72,1489.17,32048
184.52,1486.65,32059
166.79,1482.06,32070
181.35,1473.70,32081
191.93,1473.50,32093
176.69,1477.86,32104
182.21,1480.50,32116
185.53,1483.31,32128
166.38,1480.92,32139
177.14,1477.57,32150
192.80,1481.51,32161
175.95,1486.28,32173
177.58,1489.69,32184
185.56,1488.58,32196
169.43,1485.24,32207
175.53,1477.34,32219
191.36,1477.46,32230
179.52,1479.50,32241
177.36,1481.99,32252
188.63,1483.18,32265
172.80,1479.79,32276
170.91,1476.60,32287
189.29,1480.05,32299
182.48,1486.12,32310
175.23,1490.73,32321
185.50,1491.09,32332
174.31,1487.76,32345
167.88,1480.81,32356
189.04,1480.96,32367
186.23,1481.90,32379
173.31,1482.90,32391
185.96,1482.06,32402
181.06,1477.39,32414
168.51,1471.66,32425
186.74,1474.13,32438
188.79,1480.02,32449
173.42,1485.46,32461
183.99,1487.96,32473
182.52,1486.16,32485
165.91,1481.29,32496
180.49,1483.56,32508
189.20,1485.94,32520
175.92,1486.72,32532
181.73,1485.05,32543
185.41,1478.26,32556
168.25,1471.68,32567
178.01,1473.41,32579
193.54,1477.67,32590
178.15,1482.76,32603
178.86,1485.25,32614
185.70,1484.24,32626
169.68,1480.02,32637
173.17,1484.98,32650
190.89,1488.14,32661
178.66,1490.46,32673
175.26,1489.35,32685
187.19,1483.31,32697
172.44,1475.51,32708
170.43,1475.66,32720
190.63,1477.59,32732
176.29,1480.31,32744
187.92,1480.61,32755
175.56,1478.24,32768
169.36,1473.77,32779
188.48,1479.63,32791
185.20,1484.68,32802
172.84,1490.60,32815
184.20,1491.65,32826
178.87,1488.25,32837
167.01,1480.96,32849
184.26,1482.84,32861
187.03,1483.19,32873
174.65,1484.46,32884
185.89,1482.09,32897
182.81,1477.35,32908
166.77,1471.28,32920
182.09,1475.69,32931
191.53,1480.88,32944
175.55,1486.45,32955
181.04,1488.48,32967
183.26,1486.03,32978
165.98,1481.15,32991
178.38,1484.97,33002
191.84,1486.60,33014
174.89,1488.76,33026
178.08,1485.42,33038
188.12,1479.57,33049
170.26,1471.76,33061
175.70,1473.90,33073
192.53,1478.09,33085
178.63,1482.91,33096
178.12,1485.25,33108
188.50,1483.59,33120
171.06,1480.74,33132
190.14,1485.90,33143
182.09,1488.51,33156
173.01,1490.79,33167
186.79,1487.82,33179
175.74,1481.58,33190
168.58,1474.07,33203
190.05,1474.92,33214
186.84,1476.47,33226
172.79,1480.33,33238
187.67,1480.86,33249
181.29,1479.26,33261
166.48,1475.26,33272
185.28,1481.59,33285
188.20,1485.81,33296
173.17,1490.19,33308
183.29,1489.69,33319
181.76,1485.38,33332
165.64,1478.68,33343
182.25,1479.89,33355
190.37,1480.99,33367
176.53,1481.44,33379
181.64,1480.62,33390
184.95,1476.23,33402
169.40,1471.85,33414
178.59,1478.59,33426
191.67,1482.83,33437
176.95,1489.27,33449
178.28,1488.30,33461
184.82,1485.23,33473
170.01,1479.12,33484
173.37,1482.97,33497
190.17,1483.69,33508
180.35,1484.83,33520
187.75,1482.81,33531
174.16,1477.19,33544
170.60,1471.72,33555
190.41,1476.13,33567
184.53,1480.17,33579
174.80,1486.59,33591
186.44,1486.78,33602
174.49,1485.10,33614
168.60,1479.95,33626
188.68,1485.08,33638
183.77,1486.08,33649
173.38,1487.48,33661
186.49,1484.78,33673
179.89,1477.71,33684
168.64,1471.80,33696
186.65,1475.54,33708
187.45,1478.69,33720
175.56,1483.61,33731
185.59,1483.66,33743
180.79,1481.92,33755
165.77,1478.54,33767
181.43,1485.53,33778
190.26,1487.98,33790
174.52,1491.20,33802
179.55,1488.69,33814
183.81,1482.81,33825
167.95,1475.56,33838
178.69,1477.83,33849
192.68,1478.57,33861
175.98,1482.10,33872
179.33,1481.23,33885
188.62,1478.36,33896
170.42,1474.31,33908
174.46,1481.70,33920
177.90,1485.36,33932
177.55,1490.21,33943
186.85,1489.17,33955
170.05,1484.21,33967
170.40,1478.11,33979
190.30,1481.22,33990
183.28,1481.53,34002
176.13,1484.06,34014
186.54,1482.03,34026
174.43,1478.12,34037
170.15,1473.63,34050
189.62,1480.22,34061
184.77,1484.10,34073
172.92,1488.88,34084
184.22,1488.63,34097
179.07,1484.74,34108
167.78,1480.12,34119
184.19,1484.03,34131
186.67,1483.94,34143
173.96,1486.08,34155
185.03,1483.10,34166
183.47,1477.77,34179
167.03,1471.56,34190
180.26,1477.40,34202
191.84,1481.05,34213
176.71,1485.76,34226
180.90,1486.80,34237
184.08,1483.54,34249
165.69,1480.20,34260
177.81,1486.27,34273
192.02,1486.97,34284
175.37,1489.40,34296
177.57,1486.33,34308
170.71,1480.42,34320
176.10,1473.65,34331
190.44,1477.74,34343
180.18,1479.02,34355
178.01,1482.69,34367
187.99,1482.90,34378
172.58,1479.76,34391
170.13,1476.90,34402
189.37,1484.21,34414
183.17,1487.07,34425
174.31,1491.35,34438
185.54,1488.80,34449
175.56,1483.52,34461
167.52,1477.42,34472
189.23,1481.17,34485
186.42,1481.39,34496
173.55,1483.64,34508
187.10,1481.93,34520
179.81,1477.00,34531
167.83,1473.08,34543
186.54,1480.17,34554
187.81,1483.18,34567
173.95,1488.18,34578
184.58,1487.84,34590
181.00,1483.92,34601
166.05,1479.65,34614
182.12,1484.45,34625
189.15,1485.22,34637
174.82,1487.06,34649
181.96,1484.10,34661
184.44,1478.04,34672
168.38,1473.14,34684
178.90,1478.27,34696
177.80,1481.05,34708
178.66,1485.46,34719
185.71,1485.09,34732
169.19,1482.69,34743
173.33,1480.04,34755
190.77,1486.53,34766
178.58,1487.89,34779
175.45,1489.80,34790
187.94,1486.10,34802
172.63,1479.20,34813
170.87,1473.57,34826
190.85,1477.52,34837
183.14,1479.04,34849
175.60,1482.78,34861
188.81,1481.71,34873
175.53,1478.57,34884
168.00,1476.08,34896
188.18,1483.74,34908
185.60,1487.20,34920
172.80,1490.93,34931
183.82,1489.12,34942
179.09,1483.82,34955
167.40,1478.04,34966
184.49,1482.29,34978
188.50,1481.99,34990
173.55,1484.23,35002
184.76,1481.67,35013
184.18,1477.36,35025
167.30,1473.77,35037
180.66,1481.25,35049
190.10,1484.64,35060
175.39,1489.50,35073
181.46,1489.22,35084
184.10,1484.49,35096
177.21,1480.79,35107
191.36,1484.63,35120
176.62,1484.82,35131
178.87,1485.87,35143
186.86,1482.61,35154
170.10,1475.85,35167
175.30,1471.85,35178
192.59,1478.55,35190
180.02,1481.86,35202
175.37,1487.34,35214
186.82,1487.24,35225
172.40,1483.90,35237
170.00,1480.96,35249
188.66,1486.69,35261
181.42,1487.43,35272
174.03,1489.17,35284
187.78,1485.52,35296
176.77,1479.28,35308
167.85,1473.61,35319
188.08,1478.39,35332
186.82,1479.73,35343
175.59,1483.77,35355
187.02,1482.92,35366
178.22,1480.20,35378
166.65,1478.23,35390
185.76,1485.97,35401
188.32,1488.02,35414
173.10,1490.38,35425
181.29,1487.96,35437
181.32,1482.03,35448
167.92,1476.73,35461
182.33,1480.56,35472
190.92,1480.22,35484
181.64,1482.71,35495
187.76,1480.85,35508
168.61,1476.61,35519
176.42,1474.43,35531
191.19,1482.06,35543
177.11,1486.16,35555
179.02,1489.77,35566
187.19,1488.73,35578
167.48,1482.79,35590
172.14,1479.51,35602
193.09,1483.16,35613
180.72,1482.72,35625
176.07,1483.78,35637
186.99,1480.45,35649
173.92,1475.30,35660
172.09,1471.90,35673
191.45,1479.03,35684
183.89,1481.84,35696
173.81,1486.51,35707
186.25,1486.28,35720
177.50,1482.61,35731
168.81,1480.95,35743
186.28,1487.01,35755
183.64,1487.67,35767
173.81,1488.99,35778
186.03,1484.48,35789
180.57,1477.69,35802
167.74,1472.92,35813
184.04,1477.92,35825
190.09,1480.03,35836
175.03,1484.15,35849
184.10,1483.12,35860
182.51,1479.11,35872
165.40,1478.18,35884
191.86,1484.23,35896
175.36,1486.17,35907
179.26,1488.61,35919
184.39,1485.10,35931
169.15,1479.69,35943
177.95,1476.19,35954
191.94,1480.46,35966
176.00,1482.52,35978
178.20,1485.43,35990
188.46,1483.46,36001
171.30,1478.56,36014
172.58,1476.37,36025
189.91,1483.39,36037
178.93,1486.43,36048
177.07,1489.44,36061
187.66,1487.15,36072
171.94,1481.07,36084
169.09,1477.97,36096
189.56,1482.71,36108
184.22,1483.37,36119
174.61,1484.88,36131
187.06,1481.95,36143
176.70,1477.23,36155
168.42,1475.21,36166
188.47,1481.87,36178
186.36,1485.66,36190
172.24,1488.49,36202
185.07,1487.33,36213
181.04,1481.98,36225
165.73,1479.38,36237
184.26,1483.86,36248
188.40,1484.63,36260
173.73,1486.55,36272
183.74,1483.14,36284
167.28,1477.48,36295
180.98,1474.74,36307
190.97,1480.59,36319
176.48,1483.17,36331
180.73,1486.40,36342
184.57,1485.35,36355
168.73,1480.18,36366
176.10,1479.29,36378
191.98,1484.72,36389
177.89,1486.05,36402
177.04,1487.47,36413
187.28,1484.03,36425
171.42,1478.00,36436
173.12,1474.02,36449
191.84,1479.74,36460
181.14,1480.62,36472
176.14,1483.16,36484
189.11,1481.34,36496
173.51,1476.23,36507
169.83,1476.06,36519
189.98,1482.17,36531
183.26,1485.79,36543
175.46,1487.82,36554
186.88,1485.37,36567
175.85,1479.36,36578
167.86,1477.28,36590
188.20,1482.06,36601
187.35,1482.96,36614
173.53,1485.01,36625
184.79,1482.04,36636
180.70,1476.71,36648
167.43,1474.62,36660
189.27,1480.64,36672
172.51,1483.44,36683
183.82,1486.23,36696
185.25,1484.61,36707
166.20,1479.13,36719
179.24,1477.52,36730
190.56,1482.25,36743
175.75,1484.16,36754
181.88,1485.80,36766
186.97,1482.57,36777
166.81,1477.19,36790
175.42,1475.54,36801
193.97,1482.10,36813
178.22,1484.34,36825
177.48,1486.66,36837
186.59,1484.93,36848
170.49,1479.02,36860
173.14,1478.32,36872
192.39,1482.70,36884
180.26,1485.12,36895
173.20,1486.77,36908
188.48,1484.45,36919
175.68,1478.23,36931
169.20,1476.38,36942
188.78,1481.09,36955
183.56,1483.40,36966
174.50,1486.06,36978
188.22,1483.37,36989
177.95,1477.59,37002
165.61,1477.49,37013
186.39,1483.00,37025
189.33,1485.91,37037
174.11,1487.19,37049
183.69,1485.48,37060
166.39,1479.63,37071
184.67,1478.32,37084
190.52,1483.42,37095
173.17,1484.50,37107
182.00,1486.17,37118
184.59,1482.64,37131
169.03,1476.95,37142
179.68,1476.51,37154
190.46,1482.10,37166
176.36,1485.46,37178
179.94,1487.93,37189
186.20,1485.82,37201
168.65,1480.03,37213
174.25,1478.63,37225
191.53,1484.18,37236
179.34,1485.10,37249
178.22,1486.34,37260
187.07,1483.26,37272
170.66,1476.75,37283
172.77,1475.54,37296
192.58,1480.59,37307
181.76,1483.39,37319
174.96,1485.53,37330
186.66,1484.45,37343
174.39,1479.54,37354
170.37,1479.55,37366
189.49,1485.66,37378
182.57,1487.11,37390
173.19,1488.37,37401
186.70,1484.44,37413
178.53,1477.76,37425
168.10,1475.63,37437
184.99,1480.21,37448
175.24,1483.00,37460
185.17,1484.95,37472
181.47,1482.99,37483
165.38,1478.48,37495
181.65,1478.59,37507
191.11,1484.72,37519
173.73,1487.01,37530
180.92,1488.24,37542
184.07,1484.83,37554
166.15,1477.77,37566
179.73,1476.87,37577
192.97,1480.67,37590
174.41,1482.90,37601
179.56,1484.37,37613
187.99,1481.86,37624
168.26,1477.08,37637
175.51,1477.97,37648
190.58,1484.20,37660
177.51,1487.35,37671
177.85,1489.43,37684
187.16,1486.51,37695
170.39,1480.91,37707
171.20,1479.94,37719
190.44,1483.47,37731
182.45,1485.12,37742
175.07,1485.42,37754
187.02,1481.44,37766
176.28,1475.49,37778
169.25,1475.93,37789
188.89,1482.39,37801
185.91,1485.50,37813
172.30,1488.77,37825
186.23,1485.97,37836
179.51,1480.81,37849
185.07,1480.36,37860
188.35,1483.47,37872
173.29,1485.46,37883
185.23,1484.75,37896
181.91,1481.16,37907
166.54,1474.42,37918
183.52,1475.51,37931
191.16,1480.63,37942
174.59,1484.52,37954
180.95,1487.64,37965
184.14,1485.46,37978
167.13,1480.79,37989
178.37,1481.22,38001
191.02,1485.73,38012
175.44,1487.18,38025
178.90,1487.34,38036
188.06,1482.85,38048
169.39,1475.59,38060
174.41,1474.96,38072
191.95,1479.84,38083
179.40,1483.75,38095
178.31,1486.66,38107
186.75,1484.92,38119
170.41,1479.96,38130
170.96,1481.66,38142
190.77,1486.52,38154
182.30,1489.26,38166
173.85,1488.71,38177
185.47,1484.90,38190
175.85,1477.98,38201
170.05,1477.55,38213
188.21,1481.21,38224
185.14,1483.68,38237
186.95,1484.83,38248
180.21,1482.36,38260
165.99,1476.78,38272
184.80,1479.66,38284
188.36,1484.94,38295
174.32,1488.45,38307
184.02,1489.12,38319
181.51,1485.97,38330
164.36,1480.04,38342
183.06,1479.53,38353
192.09,1483.07,38366
173.90,1484.18,38377
181.94,1484.38,38389
184.34,1480.78,38401
168.06,1475.38,38413
180.45,1477.57,38424
191.49,1482.27,38436
174.94,1487.53,38448
178.62,1488.05,38460
187.10,1486.58,38471
170.23,1479.96,38483
173.30,1481.19,38495
190.09,1484.80,38507
179.14,1486.18,38518
177.75,1486.31,38531
189.43,1480.68,38542
170.96,1475.00,38554
169.90,1475.93,38565
192.00,1481.46,38578
184.71,1485.19,38589
174.58,1486.48,38601
185.69,1485.21,38612
174.54,1480.16,38625
189.99,1482.03,38636
184.29,1484.89,38648
171.76,1486.56,38660
186.40,1486.27,38672
180.37,1481.51,38683
168.56,1475.11,38695
185.63,1475.33,38707
187.36,1479.42,38719
175.68,1483.48,38730
185.96,1485.25,38743
182.14,1483.08,38754
165.52,1479.38,38765
180.23,1482.44,38777
191.00,1487.27,38789
175.68,1489.05,38801
180.02,1487.73,38812
184.00,1482.72,38824
168.46,1475.11,38836
179.13,1476.78,38848
192.54,1478.99,38859
177.62,1482.52,38872
178.24,1484.13,38883
187.08,1481.49,38895
171.28,1477.39,38906
174.00,1480.36,38919
190.68,1485.23,38930
178.77,1488.74,38942
176.28,1488.86,38953
187.61,1485.34,38966
172.01,1477.79,38977
169.84,1479.24,38989
190.76,1481.36,39001
183.53,1483.91,39013
175.53,1483.66,39024
175.31,1480.15,39036
168.74,1475.16,39048
189.10,1478.09,39060
185.73,1482.81,39071
172.91,1486.74,39084
185.51,1487.87,39095
179.15,1484.91,39107
166.96,1478.83,39118
184.95,1481.38,39131
187.63,1483.54,39142
173.62,1485.43,39154
183.84,1485.11,39165
184.27,1480.34,39178
166.26,1474.69,39189
180.12,1476.16,39200
191.34,1481.03,39213
176.55,1485.15,39224
181.06,1486.26,39236
184.18,1484.35,39247
167.12,1478.13,39260
177.19,1481.83,39271
192.51,1484.11,39283
175.85,1487.29,39294
177.42,1485.72,39307
186.55,1481.14,39318
171.34,1474.81,39330
175.08,1477.15,39342
190.37,1481.48,39354
179.65,1484.87,39365
176.90,1486.77,39377
187.89,1483.24,39389
173.63,1478.63,39401
168.74,1481.74,39412
184.32,1484.70,39425
174.06,1488.07,39436
186.83,1486.58,39448
175.91,1482.30,39459
166.79,1475.93,39472
189.70,1478.31,39483
187.25,1480.77,39495
172.62,1483.85,39506
185.77,1484.39,39519
180.04,1481.29,39530
167.20,1476.25,39542
185.67,1479.80,39554
187.93,1482.60,39566
172.80,1486.71,39577
184.03,1486.48,39589
182.92,1482.96,39601
167.24,1476.86,39612
180.05,1479.69,39624
189.15,1482.49,39635
176.99,1485.07,39648
181.76,1484.97,39659
185.72,1480.53,39671
167.83,1475.25,39683
176.12,1479.12,39695
192.82,1483.51,39706
178.05,1487.41,39718
176.66,1487.64,39730
186.63,1483.90,39742
169.92,1477.87,39753
173.21,1480.37,39766
193.56,1482.56,39777
178.67,1485.36,39789
174.88,1484.54,39800
189.84,1481.13,39813
170.86,1475.55,39824
190.86,1479.24,39836
181.93,1482.27,39847
174.28,1486.18,39860
188.12,1485.93,39871
176.78,1481.83,39883
167.57,1476.39,39895
188.25,1480.20,39907
186.32,1482.59,39918
174.15,1486.25,39930
186.02,1485.31,39942
179.25,1481.15,39954
166.66,1474.96,39965
185.31,1478.39,39977
189.54,1482.03,39989
173.89,1485.85,40001
183.49,1486.87,40012
182.55,1483.26,40025
166.68,1477.34,40036
180.89,1480.64,40047
190.34,1483.28,40059
175.17,1485.83,40071
180.54,1484.62,40083
186.04,1480.13,40094
169.34,1473.69,40107
176.97,1477.61,40118
191.48,1480.03,40130
178.81,1484.09,40141
179.08,1484.47,40154
187.06,1482.00,40165
170.31,1477.45,40177
173.33,1483.40,40188
191.91,1485.50,40201
175.75,1488.99,40212
187.23,1486.90,40224
172.86,1481.30,40236
171.14,1475.24,40248
190.64,1478.32,40259
183.28,1480.43,40271
174.58,1483.90,40283
187.75,1483.83,40295
176.60,1480.35,40306
167.72,1475.21,40318
188.18,1481.26,40330
185.86,1484.44,40342
173.15,1488.84,40353
184.97,1487.56,40366
180.02,1483.42,40377
166.62,1477.15,40389
183.86,1480.56,40400
188.95,1481.44,40413
173.92,1484.63,40424
184.43,1482.86,40436
183.80,1478.76,40448
166.89,1473.68,40459
180.82,1479.91,40471
190.86,1483.59,40482
175.30,1487.91,40495
180.40,1488.43,40506
185.02,1484.54,40518
166.91,1479.74,40529
176.83,1483.28,40542
190.57,1483.61,40553
176.77,1485.88,40565
178.65,1483.53,40577
186.78,1477.94,40589
174.31,1471.83,40600
191.20,1477.79,40612
180.41,1480.67,40624
176.68,1486.02,40636
186.90,1486.60,40647
172.61,1484.32,40659
170.04,1479.78,40671
189.06,1485.35,40683
182.72,1486.83,40694
174.48,1488.19,40707
187.28,1485.74,40718
177.06,1478.74,40730
168.29,1472.52,40741
187.96,1475.77,40754
187.26,1477.90,40765
175.14,1482.11,40777
186.15,1481.63,40788
180.06,1478.78,40801
167.77,1475.58,40812
184.00,1482.10,40824
188.52,1485.91,40836
173.78,1489.95,40848
182.23,1488.29,40859
182.71,1483.83,40871
167.49,1476.15,40883
180.78,1480.26,40894
191.00,1480.38,40906
176.12,1482.77,40918
181.89,1481.25,40930
186.25,1477.13,40941
169.81,1473.31,40953
177.09,1479.27,40965
191.60,1483.58,40977
178.37,1488.24,40988
187.14,1487.81,41000
170.28,1483.41,41012
172.94,1477.60,41024
191.17,1481.80,41035
181.38,1482.81,41048
176.43,1485.03,41059
187.88,1483.28,41071
173.73,1478.88,41082
170.20,1473.81,41095
190.27,1478.82,41106
183.59,1481.76,41118
174.16,1486.62,41129
186.22,1485.84,41142
177.40,1483.18,41153
168.16,1478.33,41165
186.13,1484.14,41177
186.80,1485.02,41189
173.23,1487.66,41200
184.98,1485.09,41212
182.65,1479.28,41224
166.64,1472.88,41236
183.29,1477.78,41247
190.65,1480.15,41260
175.15,1484.62,41271
182.68,1485.20,41283
183.76,1482.26,41294
166.46,1479.15,41306
179.65,1485.60,41318
191.43,1487.33,41329
174.86,1491.16,41341
179.04,1488.20,41353
185.08,1482.67,41365
169.88,1475.88,41376
191.41,1479.14,41389
179.09,1480.66,41400
177.44,1483.48,41412
187.96,1482.87,41423
172.11,1478.40,41436
171.51,1475.43,41447
190.17,1481.63,41459
182.36,1484.68,41470
174.32,1489.12,41483
186.91,1487.62,41494
174.19,1482.68,41506
168.31,1476.39,41518
189.85,1481.38,41530
184.81,1481.94,41541
173.77,1485.23,41553
186.95,1483.54,41565
178.11,1478.73,41577
167.95,1474.32,41588
187.48,1481.10,41601
186.59,1484.09,41612
172.90,1488.98,41624
185.45,1488.24,41635
180.88,1483.65,41648
166.22,1478.87,41659
183.00,1484.34,41671
188.48,1485.19,41682
175.58,1487.34,41695
183.61,1484.34,41706
183.53,1478.58,41718
167.58,1473.27,41730
179.11,1479.79,41741
193.01,1482.13,41753
177.49,1487.06,41764
178.24,1485.82,41777
169.20,1482.28,41788
175.42,1477.72,41800
192.58,1483.10,41811
176.82,1484.45,41824
176.78,1486.62,41835
188.85,1484.54,41847
171.64,1478.58,41859
172.55,1473.69,41871
191.28,1479.02,41882
180.06,1481.88,41894
176.45,1485.99,41906
189.39,1484.30,41918
172.89,1480.04,41929
167.63,1476.18,41942
189.94,1482.95,41953
185.23,1485.10,41965
174.29,1487.66,41976
185.94,1485.50,41989
177.17,1479.63,42000
166.72,1474.96,42012
188.41,1480.10,42023
188.52,1481.62,42036
172.19,1485.30,42047
184.54,1483.35,42059
182.61,1479.49,42071
167.28,1475.73,42083
182.71,1482.37,42094
188.50,1485.29,42106
174.02,1487.99,42118
183.09,1486.53,42130
184.65,1481.31,42141
165.83,1477.07,42152
178.08,1482.43,42165
176.69,1483.66,42176
180.07,1486.83,42188
185.18,1484.39,42200
168.52,1479.21,42212
176.53,1475.84,42223
192.05,1482.08,42235
178.47,1483.66,42247
175.08,1486.77,42259
186.85,1485.47,42270
173.27,1479.83,42283
171.97,1476.73,42294
189.68,1482.08,42306
181.01,1484.10,42317
174.75,1486.64,42330
188.31,1485.01,42341
173.95,1480.08,42353
167.97,1475.84,42364
188.79,1482.22,42377
185.59,1484.17,42388
174.88,1487.03,42400
185.71,1484.91,42412
175.97,1479.93,42424
167.74,1476.17,42435
188.02,1482.09,42447
187.54,1483.81,42459
173.26,1486.31,42471
183.68,1484.40,42482
182.33,1479.18,42494
168.73,1475.21,42506
182.60,1481.35,42518
188.98,1483.62,42529
173.93,1487.36,42542
182.73,1485.02,42553
2.61,1480.58,42564
191.33,1477.13,42576
176.73,1484.40,42599
181.08,1485.28,42611
185.63,1488.20,42622
167.48,1485.18,42634
176.30,1479.22,42645
193.62,1476.01,42656
178.58,1481.19,42668
178.24,1483.16,42679
185.99,1485.12,42691
172.35,1483.98,42702
173.96,1478.47,42714
190.37,1476.51,42725
180.23,1482.18,42736
174.89,1484.77,42747
189.03,1487.41,42759
175.29,1484.45,42771
168.44,1479.56,42782
187.60,1476.08,42793
184.95,1481.86,42805
175.59,1483.35,42816
187.73,1485.60,42827
177.62,1483.18,42840
165.67,1476.87,42851
188.42,1475.03,42862
188.40,1480.67,42873
173.55,1483.72,42885
185.25,1485.86,42896
179.97,1484.64,42907
166.20,1479.28,42919
185.76,1477.30,42931
188.84,1483.03,42942
173.15,1484.36,42953
183.03,1486.71,42964
184.03,1483.19,42977
168.12,1477.99,42988
178.92,1475.42,42999
190.76,1481.65,43012
177.03,1483.66,43023
180.04,1486.31,43035
185.85,1484.59,43046
168.04,1478.64,43059
174.68,1477.70,43070
192.82,1482.95,43082
179.22,1485.61,43094
176.43,1487.58,43106
186.53,1484.68,43117
171.21,1478.98,43129
172.48,1476.02,43141
191.86,1481.94,43153
181.01,1482.82,43164
175.86,1485.03,43176
187.90,1482.90,43188
174.55,1477.38,43200
169.85,1477.09,43211
189.44,1482.92,43224
183.98,1486.00,43235
174.36,1488.16,43247
186.34,1485.56,43258
176.08,1479.85,43271
167.03,1477.87,43282
187.36,1482.75,43294
187.53,1484.05,43305
173.60,1485.00,43318
184.72,1482.52,43329
180.68,1477.07,43341
184.83,1476.93,43353
188.83,1482.65,43365
173.84,1485.92,43376
183.36,1487.57,43388
182.68,1485.27,43400
166.63,1479.44,43411
180.92,1478.14,43423
190.19,1483.63,43435
175.57,1484.81,43447
181.80,1486.04,43458
185.64,1481.52,43470
168.47,1475.33,43482
177.43,1474.02,43494
192.43,1479.42,43505
178.26,1483.02,43517
178.71,1485.24,43529
186.58,1484.57,43541
169.86,1479.26,43552
173.40,1480.26,43565
191.52,1485.72,43576
179.16,1488.12,43588
175.34,1488.44,43599
188.07,1485.07,43612
172.55,1478.63,43623
170.52,1475.85,43635
190.64,1480.18,43646
183.67,1481.46,43659
175.48,1483.22,43670
188.26,1480.71,43682
176.21,1475.97,43694
168.19,1477.52,43706
188.48,1483.32,43717
186.30,1487.15,43729
173.34,1488.73,43741
179.41,1485.93,43753
167.21,1479.50,43764
184.80,1478.33,43777
189.30,1482.62,43788
174.21,1484.11,43800
183.09,1485.80,43811
184.10,1482.82,43823
167.23,1477.29,43835
179.75,1477.25,43846
191.28,1482.40,43858
176.70,1485.49,43870
180.06,1486.61,43882
185.77,1484.35,43893
167.71,1479.54,43906
175.64,1479.51,43917
193.17,1484.68,43929
178.16,1486.11,43940
177.12,1486.82,43953
186.89,1482.35,43964
171.34,1475.10,43976
173.62,1475.47,43987
191.85,1478.81,44000
181.25,1483.09,44011
176.06,1485.05,44023
186.87,1483.04,44035
173.99,1478.00,44047
170.57,1479.56,44058
188.55,1484.75,44070
183.91,1486.91,44082
174.43,1488.09,44094
185.84,1483.83,44105
177.13,1478.01,44118
167.80,1478.47,44129
187.53,1481.30,44141
173.64,1484.58,44152
185.50,1484.40,44165
180.52,1481.82,44176
166.83,1475.59,44188
184.87,1477.39,44199
188.13,1482.88,44212
174.33,1486.53,44223
183.55,1488.82,44235
182.10,1485.17,44247
165.73,1479.94,44258
181.39,1480.64,44270
190.04,1484.65,44281
174.62,1485.96,44294
181.31,1485.75,44305
184.15,1481.87,44317
168.76,1475.54,44328
178.38,1477.26,44341
191.23,1480.66,44352
177.30,1485.23,44364
178.75,1486.64,44376
187.19,1483.92,44388
170.46,1479.03,44399
171.98,1480.76,44411
190.75,1484.68,44423
180.39,1487.26,44435
176.85,1486.31,44446
188.13,1482.28,44459
171.19,1475.64,44470
170.24,1477.27,44482
192.60,1481.37,44493
183.58,1484.48,44506
173.46,1485.65,44517
187.25,1482.52,44529
169.65,1477.88,44540
189.85,1480.67,44553
183.80,1484.23,44564
172.84,1487.65,44576
186.57,1487.21,44588
180.30,1482.93,44600
166.75,1476.14,44611
184.34,1477.33,44623
188.59,1480.76,44635
175.33,1484.00,44647
185.21,1484.96,44658
182.24,1481.38,44669
165.62,1477.11,44682
181.14,1479.87,44693
191.71,1484.56,44705
175.05,1488.31,44717
180.31,1487.98,44729
184.37,1484.84,44740
168.25,1478.24,44752
178.72,1480.65,44764
191.45,1482.67,44776
176.16,1485.36,44787
179.28,1484.85,44800
186.94,1480.56,44811
170.62,1474.68,44823
174.17,1477.55,44834
190.58,1482.27,44847
180.79,1485.96,44858
177.80,1487.29,44870
187.06,1483.89,44881
171.60,1479.27,44894
170.23,1482.40,44905
191.29,1485.61,44917
173.38,1487.86,44929
186.38,1486.97,44941
175.78,1482.27,44952
169.62,1475.80,44964
189.60,1478.34,44976
184.93,1481.02,44988
173.06,1485.73,44999
186.04,1485.82,45011
179.61,1483.81,45023
166.70,1477.82,45035
183.81,1482.32,45046
186.41,1484.96,45059
174.96,1488.07,45070
184.28,1488.07,45082
182.06,1482.55,45093
165.32,1476.99,45105
181.40,1478.92,45117
191.21,1482.58,45128
175.80,1485.78,45140
181.57,1485.80,45152
183.87,1482.35,45164
167.08,1476.02,45175
178.79,1481.27,45188
192.12,1483.50,45199
175.49,1487.59,45211
178.16,1487.12,45222
186.13,1482.95,45235
169.44,1476.99,45246
175.06,1479.37,45258
190.53,1482.59,45270
179.44,1485.36,45282
177.32,1485.61,45293
187.48,1481.01,45305
170.59,1475.48,45317
190.07,1480.33,45329
183.46,1483.14,45340
174.13,1487.46,45352
186.85,1486.07,45364
176.38,1483.01,45376
167.09,1477.48,45387
188.55,1481.02,45400
186.38,1483.73,45411
172.64,1486.22,45423
186.68,1485.80,45434
179.46,1481.13,45447
166.73,1475.72,45458
186.40,1479.86,45470
188.53,1481.44,45481
173.34,1485.95,45494
185.30,1484.87,45505
181.07,1481.77,45517
167.11,1475.07,45529
184.32,1479.17,45540
189.21,1481.47,45552
175.29,1484.30,45563
182.35,1484.44,45576
184.64,1480.26,45587
168.02,1475.63,45599
178.82,1479.74,45611
191.27,1482.61,45623
176.75,1487.01,45634
179.67,1486.50,45646
186.67,1483.88,45658
169.16,1477.92,45670
173.65,1482.43,45681
191.90,1484.42,45693
179.33,1487.28,45705
187.25,1486.21,45717
171.84,1480.51,45728
172.21,1474.39,45741
191.47,1478.08,45752
182.41,1480.39,45764
175.00,1483.95,45775
187.69,1483.63,45788
175.77,1480.56,45799
168.53,1475.55,45811
187.98,1481.51,45822
185.39,1484.33,45835
173.27,1488.64,45846
185.47,1487.66,45858
179.42,1482.15,45870
165.87,1476.60,45882
185.11,1479.76,45893
190.36,1480.90,45905
173.63,1483.93,45917
182.91,1482.51,45929
183.76,1479.11,45940
166.63,1474.25,45952
181.48,1480.53,45964
191.56,1484.04,45975
174.11,1489.21,45987
179.67,1489.21,45999
185.29,1484.49,46011
167.25,1478.65,46022
176.62,1482.15,46034
191.54,1482.81,46046
176.65,1485.55,46058
178.76,1483.69,46069
187.34,1479.15,46082
170.11,1473.67,46093
191.83,1479.36,46105
180.40,1482.14,46116
175.88,1487.52,46129
186.77,1487.97,46140
172.07,1485.16,46152
170.39,1480.56,46163
189.78,1485.67,46176
182.80,1486.42,46187
174.25,1488.15,46199
186.99,1484.93,46211
176.32,1479.23,46223
169.17,1471.89,46234
188.89,1477.01,46246
185.97,1479.58,46258
174.67,1484.91,46270
186.56,1485.05,46281
177.85,1482.77,46294
167.21,1479.40,46305
185.74,1485.27,46317
186.85,1487.72,46328
173.43,1490.45,46341
183.98,1487.70,46352
180.71,1482.19,46364
167.82,1474.55,46375
183.32,1478.43,46387
189.87,1479.44,46399
175.34,1482.95,46410
182.78,1482.57,46423
184.96,1478.57,46434
169.05,1475.46,46446
177.11,1482.47,46457
190.27,1486.42,46470
177.55,1490.16,46481
178.19,1488.56,46493
168.78,1483.92,46504
172.84,1477.43,46517
192.32,1482.51,46528
179.83,1482.07,46540
177.03,1484.27,46552
187.80,1481.47,46564
172.55,1476.00,46575
171.70,1471.53,46587
191.89,1477.88,46599
182.90,1482.02,46611
173.88,1486.92,46622
186.42,1487.24,46635
175.57,1484.26,46646
167.82,1479.58,46658
187.66,1485.19,46669
184.99,1485.28,46682
172.69,1487.52,46693
186.07,1483.79,46705
180.38,1477.56,46716
167.38,1472.17,46729
185.50,1476.79,46740
188.96,1479.51,46752
174.82,1483.50,46764
184.14,1484.11,46776
182.82,1481.09,46787
165.89,1477.57,46798
180.42,1485.30,46811
190.37,1487.01,46822
174.79,1490.97,46834
180.54,1488.29,46845
183.62,1482.42,46858
167.90,1476.55,46869
178.35,1479.84,46881
178.58,1480.43,46893
178.02,1482.70,46905
186.91,1481.56,46916
171.70,1476.86,46928
174.70,1473.51,46940
191.15,1481.47,46952
179.42,1484.93,46963
175.05,1490.60,46976
187.06,1489.10,46987
172.57,1485.32,46999
169.24,1479.52,47010
190.34,1483.57,47023
183.13,1483.20,47034
174.89,1484.78,47046
188.64,1482.03,47057
176.68,1476.62,47070
167.53,1473.04,47081
188.82,1480.04,47093
186.96,1483.72,47105
173.14,1488.91,47117
184.83,1488.35,47128
178.59,1484.80,47140
167.02,1480.08,47152
184.39,1485.46,47164
188.84,1485.22,47175
173.24,1486.90,47187
182.79,1483.73,47199
183.95,1477.05,47211
168.66,1472.16,47222
181.86,1477.48,47234
190.89,1481.23,47246
175.82,1486.11,47257
181.22,1487.09,47269
167.13,1483.60,47281
175.82,1480.74,47293
190.93,1486.98,47304
176.97,1486.92,47316
178.03,1489.31,47328
186.66,1484.80,47340
171.09,1478.44,47351
173.59,1473.21,47364
191.80,1477.55,47375
182.07,1480.92,47387
177.00,1484.25,47398
186.63,1485.08,47411
173.18,1481.01,47422
170.28,1479.18,47434
189.16,1486.26,47446
182.75,1488.39,47458
172.93,1491.46,47469
186.65,1487.80,47481
177.25,1482.07,47493
167.81,1474.89,47505
187.85,1480.08,47516
187.11,1479.95,47528
173.91,1482.56,47540
187.49,1481.57,47552
181.00,1477.09,47563
165.90,1475.42,47576
185.11,1482.38,47587
189.05,1486.47,47599
173.53,1489.98,47610
183.17,1488.71,47623
181.59,1484.10,47634
165.32,1479.32,47646
181.19,1483.99,47657
191.08,1483.11,47669
181.31,1484.77,47681
185.84,1480.90,47692
168.88,1475.63,47705
178.33,1473.21,47716
192.20,1480.51,47728
177.24,1484.80,47739
176.90,1488.81,47752
187.01,1488.33,47763
169.54,1484.39,47775
171.46,1480.69,47787
191.59,1485.24,47799
179.47,1484.99,47810
175.52,1486.11,47822
189.73,1481.63,47834
172.81,1475.24,47846
170.58,1471.17,47857
191.82,1478.04,47869
183.39,1481.42,47881
175.38,1486.63,47893
187.11,1486.54,47904
175.05,1483.35,47917
168.00,1481.36,47928
187.32,1487.99,47940
185.05,1488.46,47951
173.09,1489.17,47964
184.37,1485.32,47975
180.88,1477.72,47987
167.49,1472.78,47998
184.68,1476.71,48011
189.64,1479.42,48022
175.51,1483.47,48034
183.44,1483.37,48046
183.84,1480.65,48058
179.49,1479.51,48069
190.86,1487.47,48081
174.99,1488.15,48093
179.22,1491.37,48104
184.67,1487.11,48116
169.19,1480.56,48128
177.39,1475.95,48140
191.59,1478.61,48151
178.61,1479.12,48163
179.39,1480.48,48175
188.12,1479.80,48187
172.18,1474.77,48198
173.68,1474.84,48210
190.30,1483.24,48222
181.43,1487.33,48234
175.48,1491.79,48245
185.88,1489.31,48258
173.24,1484.33,48269
169.63,1479.88,48281
189.28,1484.08,48292
184.61,1482.91,48305
175.46,1483.24,48316
186.77,1479.45,48328
177.90,1473.51,48339
169.32,1472.22,48352
187.67,1479.17,48363
187.59,1484.51,48375
174.39,1489.23,48387
184.36,1489.83,48399
179.28,1486.44,48410
165.79,1484.33,48422
183.43,1489.09,48434
186.84,1488.43,48446
173.44,1487.19,48457
183.01,1481.75,48470
168.64,1473.66,48481
182.03,1468.94,48493
191.72,1474.37,48504
176.52,1478.12,48516
180.39,1483.72,48528
185.47,1484.98,48539
168.74,1483.09,48551
175.28,1483.62,48563
189.56,1490.85,48575
176.74,1491.98,48586
176.41,1491.42,48599
187.22,1486.18,48610
172.02,1477.37,48622
172.36,1471.94,48633
191.74,1475.49,48646
182.58,1476.24,48657
177.74,1479.09,48669
188.65,1478.96,48680
172.76,1476.70,48693
169.22,1478.93,48704
190.43,1488.32,48716
182.96,1491.75,48728
172.28,1494.49,48740
184.84,1491.57,48751
175.23,1485.09,48763
168.35,1479.45,48775
187.68,1481.80,48787
185.58,1480.63,48798
173.38,1480.68,48811
186.71,1477.02,48822
183.21,1472.31,48834
168.48,1472.78,48845
187.89,1481.39,48858
174.39,1487.67,48869
182.73,1492.50,48881
181.74,1492.24,48892
164.99,1487.09,48905
177.49,1485.13,48916
189.48,1487.37,48927
176.85,1486.21,48940
180.83,1483.85,48951
185.52,1477.65,48963
169.50,1469.72,48974
178.83,1467.60,48987
193.85,1474.23,48998
178.61,1479.83,49010
177.06,1485.75,49021
185.50,1486.90,49034
171.52,1484.48,49045
172.53,1485.32,49057
188.87,1490.80,49069
178.81,1491.26,49081
173.71,1489.77,49092
188.70,1484.01,49104
176.22,1474.13,49116
168.93,1469.46,49128
189.22,1473.56,49139
186.78,1476.41,49152
177.37,1480.86,49163
188.20,1481.20,49175
177.12,1479.08,49186
165.88,1481.75,49199
186.84,1489.33,49210
188.12,1492.69,49222
170.83,1493.44,49233
181.65,1490.43,49246
167.60,1481.78,49257
184.31,1477.57,49269
189.00,1478.65,49281
174.36,1478.34,49293
184.27,1479.75,49304
186.79,1477.17,49316
168.38,1473.40,49328
177.51,1473.97,49340
190.15,1482.91,49351
178.21,1487.42,49362
179.87,1491.55,49375
184.23,1489.26,49386
166.66,1483.90,49398
174.20,1482.35,49410
192.46,1485.84,49422
179.34,1485.55,49433
176.06,1484.77,49445
187.05,1479.81,49457
174.22,1472.11,49469
173.51,1471.05,49480
191.59,1477.83,49492
181.47,1483.29,49504
174.38,1488.19,49516
188.03,1488.38,49527
174.80,1484.71,49540
166.90,1484.04,49551
187.09,1489.27,49563
183.91,1489.04,49574
173.70,1488.41,49587
186.88,1483.18,49598
177.49,1475.19,49610
166.72,1472.94,49622
188.03,1477.13,49634
173.58,1480.40,49645
186.54,1482.57,49657
180.81,1482.21,49669
165.87,1478.26,49681
183.62,1479.98,49692
187.72,1486.55,49704
173.64,1489.65,49716
182.22,1490.40,49728
182.99,1486.46,49739
167.40,1478.02,49752
179.04,1475.39,49763
191.93,1478.06,49774
177.69,1480.41,49786
180.11,1481.27,49798
186.59,1479.57,49810
169.83,1475.39,49821
174.03,1476.73,49833
192.70,1484.79,49845
178.79,1487.55,49857
174.05,1490.49,49868
188.03,1487.94,49881
170.85,1482.31,49892
170.15,1480.10,49904
191.15,1483.40,49915
180.69,1483.80,49928
174.28,1483.58,49939
189.67,1480.04,49951
176.15,1474.14,49963
168.14,1474.88,49975
188.36,1480.96,49986
185.21,1485.48,49998
175.23,1488.27,50010
185.05,1486.76,50022
167.08,1480.57,50033
184.60,1480.31,50045
189.30,1483.74,50057
174.55,1485.30,50069
182.33,1485.63,50080
183.44,1482.62,50093
168.06,1476.48,50104
181.22,1476.11,50116
190.56,1481.19,50127
175.16,1483.71,50140
180.83,1485.96,50151
185.59,1483.89,50163
166.69,1479.36,50174
177.35,1480.08,50187
192.04,1484.78,50198
175.85,1486.40,50209
178.89,1486.65,50222
186.67,1482.48,50233
169.60,1475.78,50245
175.79,1476.16,50256
191.41,1480.99,50269
178.92,1484.44,50280
176.97,1486.57,50292
187.49,1484.55,50304
173.23,1479.46,50316
169.27,1479.84,50327
188.99,1484.04,50339
183.04,1486.58,50351
174.70,1486.83,50363
188.40,1482.51,50374
174.50,1476.49,50386
167.14,1476.70,50398
189.58,1481.21,50410
186.96,1484.10,50421
185.92,1485.75,50434
178.70,1483.52,50445
167.62,1477.95,50457
186.72,1479.95,50468
186.36,1483.94,50481
172.84,1487.29,50492
184.89,1487.76,50504
183.36,1483.60,50515
167.34,1477.26,50528
181.00,1477.57,50539
189.65,1481.90,50551
176.75,1484.39,50563
183.18,1485.52,50575
185.01,1481.64,50586
166.84,1476.22,50598
177.33,1478.01,50610
192.98,1482.78,50621
177.95,1486.86,50633
177.84,1487.66,50644
185.05,1485.85,50657
169.56,1478.48,50668
175.15,1479.07,50680
192.67,1481.89,50692
178.84,1483.36,50704
174.76,1483.91,50715
189.51,1479.55,50727
174.74,1474.90,50739
171.14,1475.75,50751
189.79,1481.96,50762
181.68,1486.03,50775
176.32,1487.42,50786
188.37,1485.82,50798
174.81,1479.65,50809
186.60,1482.84,50822
186.64,1485.08,50833
175.78,1487.63,50845
184.53,1486.17,50856
177.85,1481.35,50869
168.01,1474.46,50880
187.21,1475.17,50892
189.81,1480.37,50904
173.19,1483.59,50916
182.27,1485.65,50927
182.71,1484.66,50939
167.84,1479.54,50951
180.89,1482.70,50963
189.06,1486.99,50974
172.14,1489.52,50987
181.14,1488.65,50998
186.99,1484.63,51010
166.82,1477.21,51021
175.48,1477.84,51033
191.65,1481.11,51045
178.89,1483.90,51056
180.06,1483.86,51068
187.46,1480.73,51080
167.51,1475.48,51092
173.24,1478.96,51103
194.00,1484.09,51116
179.51,1488.87,51127
173.87,1489.60,51139
186.22,1486.13,51150
172.85,1479.83,51163
171.13,1480.54,51174
190.32,1482.49,51186
181.09,1484.36,51197
173.46,1483.43,51210
178.06,1479.39,51221
166.88,1473.61,51233
186.43,1476.46,51245
186.71,1481.91,51257
175.07,1486.43,51268
185.39,1488.42,51280
178.14,1485.28,51292
165.18,1480.02,51304
185.10,1482.99,51315
189.59,1485.05,51328
172.93,1487.83,51339
182.29,1485.99,51351
182.71,1482.30,51362
168.38,1474.71,51375
182.24,1476.82,51386
190.65,1480.53,51398
174.02,1484.78,51409
181.46,1486.74,51422
186.52,1484.11,51433
167.14,1479.58,51445
176.42,1482.26,51457
190.27,1486.23,51468
177.47,1488.36,51480
179.25,1486.77,51491
186.18,1482.23,51504
169.92,1474.33,51515
173.79,1476.98,51527
191.43,1479.14,51538
181.36,1482.75,51551
177.02,1484.05,51562
186.12,1481.66,51574
173.44,1477.95,51586
171.40,1481.75,51598
182.31,1486.31,51609
173.82,1490.21,51621
186.31,1489.72,51633
176.53,1485.52,51645
167.92,1477.84,51656
187.15,1478.76,51668
186.78,1481.02,51680
174.34,1483.01,51692
186.43,1483.06,51703
180.21,1479.36,51716
167.01,1474.89,51727
185.08,1479.27,51739
188.51,1483.92,51750
173.42,1488.39,51763
183.32,1488.67,51774
182.29,1485.80,51786
166.12,1479.26,51798
181.07,1482.07,51810
189.74,1483.46,51821
174.65,1485.77,51833
182.04,1484.48,51845
185.69,1479.00,51857
168.53,1473.13,51868
177.11,1477.04,51880
191.46,1480.65,51892
177.92,1485.69,51903
178.28,1486.21,51915
187.07,1484.01,51927
169.86,1479.17,51939
172.09,1483.12,51950
190.54,1485.88,51962
180.97,1488.92,51974
176.05,1487.30,51986
173.78,1482.70,51997
169.75,1476.09,52009
190.31,1478.65,52021
184.77,1481.16,52033
174.31,1484.37,52044
186.87,1484.33,52057
177.30,1481.27,52068
167.82,1476.34,52080
187.94,1481.90,52091
185.56,1484.82,52104
172.30,1488.79,52115
186.15,1487.31,52127
180.12,1482.60,52139
166.62,1475.70,52151
185.24,1478.38,52162
188.19,1480.57,52174
173.74,1483.99,52186
184.50,1484.17,52198
184.03,1481.03,52209
166.11,1476.35,52221
180.23,1481.09,52233
190.56,1484.79,52245
175.48,1488.68,52256
180.21,1487.36,52269
184.42,1483.26,52280
167.58,1477.43,52292
176.95,1480.60,52303
191.59,1482.45,52316
177.54,1485.24,52327
177.26,1485.02,52338
187.01,1480.86,52350
171.62,1475.88,52362
173.43,1480.10,52374
190.73,1483.50,52385
175.40,1488.23,52398
188.02,1487.86,52409
174.15,1483.76,52421
168.69,1477.45,52432
188.81,1480.73,52445
184.25,1482.14,52456
175.09,1484.73,52468
187.09,1484.26,52480
177.24,1478.97,52492
167.79,1473.50,52503
187.84,1477.85,52515
187.76,1480.74,52527
173.27,1485.53,52539
184.39,1485.52,52550
180.28,1482.64,52562
167.36,1477.35,52574
184.03,1482.59,52586
188.22,1484.11,52597
173.12,1487.05,52610
183.24,1485.95,52621
184.07,1481.04,52633
166.92,1475.12,52644
179.84,1478.82,52657
190.22,1481.47,52668
176.54,1485.36,52680
181.48,1485.03,52691
185.25,1481.25,52704
167.68,1476.28,52715
176.52,1481.65,52727
191.63,1484.88,52739
178.64,1488.33,52750
177.07,1487.39,52762
186.01,1483.39,52773
173.17,1476.74,52786
191.16,1480.58,52797
180.48,1481.55,52809
174.97,1485.14,52820
188.72,1483.71,52833
175.78,1480.48,52844
169.14,1474.78,52856
188.47,1480.45,52868
183.36,1483.97,52880
174.17,1487.87,52891
187.41,1488.24,52903
177.27,1483.95,52915
165.33,1478.45,52927
187.08,1482.33,52938
187.65,1483.20,52951
173.82,1486.38,52962
184.48,1484.25,52974
179.66,1479.49,52985
167.91,1473.21,52998
184.81,1478.37,53009
189.92,1481.28,53021
173.59,1486.11,53032
181.53,1486.91,53045
184.17,1484.38,53056
168.81,1480.54,53068
178.43,1485.60,53080
188.54,1487.19,53092
175.48,1489.72,53103
180.00,1486.49,53115
187.83,1480.62,53127
168.51,1473.33,53139
173.95,1477.52,53150
193.36,1479.55,53163
180.82,1484.11,53174
186.61,1484.28,53185
169.46,1481.90,53197
171.87,1478.35,53209
192.31,1484.97,53221
180.68,1486.55,53232
173.25,1489.67,53244
186.18,1487.83,53256
176.07,1481.98,53268
170.97,1475.78,53279
188.77,1479.29,53292
182.88,1480.71,53303
174.11,1484.20,53315
188.74,1483.95,53326
178.87,1479.88,53339
165.75,1475.47,53350
184.91,1481.64,53362
187.85,1484.02,53373
175.10,1487.82,53386
184.85,1486.29,53397
179.60,1480.92,53409
165.83,1474.78,53421
184.19,1479.32,53433
190.65,1481.32,53444
174.69,1484.16,53456
181.78,1483.81,53468
184.30,1479.68,53480
168.65,1475.17,53491
180.04,1481.59,53504
190.15,1483.20,53515
174.80,1488.41,53527
180.70,1487.20,53538
186.47,1483.12,53551
168.51,1477.49,53562
191.11,1481.91,53574
178.31,1483.73,53585
178.27,1485.92,53597
188.76,1484.48,53609
169.76,1479.20,53620
172.03,1473.50,53633
192.63,1479.57,53644
181.20,1481.42,53656
175.38,1486.32,53667
187.34,1484.88,53680
173.75,1481.73,53691
170.25,1476.03,53703
190.08,1482.15,53714
183.36,1483.89,53727
172.64,1487.72,53738
186.73,1487.01,53750
179.45,1482.06,53762
166.60,1477.12,53774
185.20,1481.23,53785
186.64,1482.77,53797
174.48,1485.95,53809
186.73,1484.09,53821
181.06,1479.30,53832
164.14,1474.70,53844
183.17,1480.82,53856
191.83,1483.52,53868
174.76,1487.67,53879
181.33,1486.13,53892
182.54,1482.87,53903
166.84,1478.70,53915
180.77,1484.22,53926
191.49,1485.48,53939
174.12,1487.54,53950
178.98,1485.92,53962
170.17,1480.01,53974
174.47,1474.42,53986
190.60,1479.34,53997
179.62,1480.80,54009
177.55,1485.36,54021
187.97,1483.85,54032
172.10,1480.04,54044
169.27,1476.56,54055
191.25,1483.15,54068
183.78,1485.52,54079
173.75,1489.12,54091
186.09,1487.62,54103
174.74,1482.60,54115
168.01,1477.55,54126
190.11,1481.49,54138
185.15,1481.44,54150
173.24,1483.71,54162
186.50,1481.28,54173
180.34,1476.12,54185
168.40,1472.02,54197
185.85,1479.83,54209
187.07,1483.77,54220
173.94,1489.00,54233
184.18,1489.12,54244
180.82,1484.71,54256
166.19,1480.41,54267
180.67,1484.59,54280
189.87,1484.19,54291
175.45,1485.80,54303
180.95,1482.02,54315
185.62,1475.98,54327
168.51,1471.30,54338
178.94,1477.16,54350
176.34,1480.49,54362
178.60,1486.10,54374
186.83,1486.71,54385
169.10,1483.79,54397
174.37,1480.74,54409
189.61,1487.40,54421
177.07,1487.76,54432
177.24,1489.78,54445
186.95,1486.56,54456
172.08,1478.80,54467
171.50,1473.10,54479
190.65,1477.18,54491
183.45,1479.16,54503
176.71,1482.91,54514
187.35,1483.08,54526
174.56,1479.64,54538
168.86,1477.08,54550
189.18,1485.35,54561
185.42,1487.03,54574
171.91,1490.41,54585
185.11,1487.06,54597
179.98,1481.25,54608
167.05,1475.67,54621
185.65,1479.82,54632
188.00,1481.39,54644
173.87,1483.93,54656
185.53,1483.61,54668
182.56,1478.77,54679
166.10,1475.86,54691
181.21,1482.45,54703
190.56,1485.04,54715
175.55,1489.24,54726
179.93,1487.20,54738
167.58,1482.69,54750
178.10,1477.60,54762
192.15,1482.22,54773
175.95,1481.97,54786
177.87,1483.83,54797
188.08,1482.17,54809
171.67,1476.91,54820
173.81,1473.89,54833
190.32,1480.87,54844
179.23,1484.43,54856
176.81,1489.19,54867
188.61,1488.11,54879
171.03,1483.64,54891
168.02,1479.99,54902
189.96,1484.79,54915
183.81,1484.22,54926
175.43,1485.87,54938
186.67,1481.68,54949
175.15,1476.12,54962
169.15,1472.02,54973
190.55,1478.30,54985
186.89,1481.47,54996
172.30,1486.14,55009
185.46,1486.06,55020
179.58,1482.73,55032
167.32,1479.73,55044
184.94,1485.65,55056
186.33,1486.45,55067
172.39,1488.52,55079
184.38,1484.34,55091
184.22,1477.43,55103
165.92,1472.84,55114
181.10,1478.35,55127
191.54,1481.61,55138
181.67,1485.65,55150
185.05,1485.51,55161
165.59,1482.20,55174
177.25,1479.61,55185
192.95,1486.55,55197
175.78,1487.30,55208
176.48,1489.09,55221
186.73,1485.30,55232
170.50,1478.09,55244
174.33,1473.27,55256
191.43,1478.06,55268
180.14,1480.46,55279
176.60,1484.13,55291
188.89,1482.96,55303
173.10,1479.60,55314
168.08,1477.81,55326
189.25,1485.74,55337
183.71,1487.28,55350
173.78,1490.59,55361
186.03,1487.47,55373
175.67,1480.58,55385
167.11,1476.84,55397
188.92,1480.05,55408
187.24,1481.17,55420
174.18,1481.95,55432
185.61,1480.81,55444
180.67,1475.64,55455
168.46,1473.94,55468
185.02,1482.27,55479
187.23,1485.75,55491
173.42,1491.20,55502
183.50,1489.79,55515
181.81,1485.44,55526
179.82,1482.04,55538
189.20,1486.67,55549
175.01,1487.11,55562
182.03,1486.85,55573
185.48,1482.89,55585
168.39,1475.08,55597
178.32,1472.10,55609
192.96,1478.49,55620
178.34,1481.76,55632
178.67,1486.21,55644
187.43,1485.64,55656
168.62,1482.19,55667
172.30,1480.62,55680
191.53,1487.41,55691
178.44,1488.48,55703
175.13,1489.48,55714
188.01,1485.70,55727
172.92,1478.13,55738
170.11,1473.76,55749
191.17,1478.54,55761
183.13,1480.49,55773
175.18,1483.96,55785
189.95,1481.91,55796
175.30,1478.09,55809
167.71,1477.12,55820
187.69,1484.74,55832
186.26,1487.73,55843
173.63,1490.47,55856
184.71,1487.70,55867
178.99,1480.26,55879
165.82,1477.06,55890
186.05,1479.66,55903
190.16,1480.56,55914
174.02,1481.59,55926
184.73,1479.49,55938
167.78,1474.68,55950
180.67,1474.74,55961
190.86,1482.83,55973
174.45,1486.95,55985
180.32,1490.75,55997
185.68,1488.55,56008
166.87,1482.28,56020
175.10,1479.43,56032
192.32,1483.39,56044
178.07,1484.16,56055
177.53,1484.29,56068
188.18,1481.16,56079
170.63,1474.72,56091
172.87,1472.37,56102
193.65,1479.08,56115
180.58,1482.54,56126
175.04,1486.68,56138
188.52,1486.08,56150
172.79,1482.45,56161
169.20,1482.15,56173
189.16,1486.83,56184
181.77,1488.64,56197
173.77,1488.08,56208
187.12,1484.20,56220
177.70,1476.74,56231
167.89,1473.60,56244
187.33,1479.26,56255
187.28,1481.12,56267
175.07,1484.22,56279
186.58,1482.19,56291
179.99,1478.35,56302
166.20,1478.37,56314
190.30,1484.80,56326
174.00,1487.88,56338
181.86,1488.72,56349
182.64,1486.20,56361
167.34,1479.61,56373
181.56,1478.15,56385
190.42,1482.13,56396
175.19,1483.00,56409
180.41,1485.28,56420
186.37,1483.31,56432
169.62,1478.50,56443
175.97,1477.83,56456
190.20,1483.64,56467
178.33,1486.88,56479
178.84,1488.82,56491
186.53,1486.36,56503
170.37,1480.94,56514
171.72,1479.49,56526
190.92,1484.30,56538
181.54,1484.81,56550
174.75,1486.22,56561
187.29,1482.52,56573
174.18,1476.83,56585
170.09,1476.04,56596
189.76,1481.60,56608
183.60,1486.02,56620
173.33,1488.26,56632
186.21,1487.42,56643
177.48,1482.13,56655
167.46,1481.02,56667
186.15,1485.36,56679
186.14,1486.03,56690
174.58,1487.22,56702
181.18,1483.43,56714
167.48,1476.98,56726
182.79,1475.54,56737
191.20,1480.55,56750
174.94,1483.73,56761
181.04,1485.61,56773
184.60,1485.03,56784
167.11,1480.06,56797
179.39,1480.38,56808
190.84,1486.36,56820
174.61,1487.35,56832
178.88,1488.24,56844
187.41,1483.54,56855
169.20,1477.00,56867
175.41,1474.66,56879
191.32,1480.29,56891
179.25,1482.49,56902
178.38,1484.97,56914
187.35,1482.63,56926
171.43,1478.03,56938
171.62,1478.16,56949
191.05,1484.45,56962
181.80,1486.90,56973
174.07,1489.19,56985
186.57,1485.48,56996
174.61,1479.35,57008
169.60,1477.28,57020
189.26,1481.20,57031
184.76,1482.65,57043
173.99,1483.89,57055
187.28,1481.43,57067
179.80,1475.59,57078
167.59,1476.36,57091
186.76,1482.95,57102
174.08,1486.53,57114
184.84,1488.89,57125
180.49,1485.94,57138
166.43,1480.43,57149
182.67,1479.00,57161
190.03,1483.30,57172
175.09,1484.06,57185
183.33,1484.20,57196
184.15,1480.75,57208
168.09,1474.17,57220
180.32,1475.16,57232
191.84,1480.34,57243
176.01,1485.41,57255
179.02,1487.52,57267
186.43,1486.49,57279
168.94,1481.71,57290
174.02,1481.70,57303
190.91,1486.20,57314
178.45,1486.88,57326
176.34,1487.28,57337
188.86,1482.52,57350
172.30,1474.96,57361
170.98,1474.58,57373
191.86,1479.01,57384
183.50,1482.26,57397
175.63,1485.18,57408
188.14,1483.71,57420
175.04,1479.80,57432
167.16,1481.23,57443
189.06,1487.26,57455
185.52,1489.07,57466
172.52,1489.74,57479
186.20,1485.05,57490
167.39,1477.19,57502
186.86,1475.98,57513
188.55,1479.39,57526
173.99,1482.63,57537
184.47,1484.60,57549
182.60,1483.01,57561
166.37,1478.57,57573
181.58,1480.55,57584
189.44,1486.41,57596
174.18,1489.20,57608
180.47,1489.83,57620
184.91,1485.63,57631
167.49,1478.16,57644
177.50,1476.47,57655
192.23,1478.91,57667
177.62,1480.55,57678
179.97,1481.77,57691
188.09,1478.46,57702
169.51,1474.04,57714
173.77,1476.54,57725
192.44,1483.57,57738
179.20,1488.51,57749
175.58,1490.83,57761
186.22,1488.31,57773
170.89,1482.46,57785
169.95,1482.01,57796
190.21,1484.49,57808
181.55,1485.44,57820
174.38,1484.02,57832
187.93,1480.48,57843
176.55,1473.22,57854
169.03,1474.30,57867
188.87,1480.05,57878
185.24,1484.28,57890
185.72,1487.57,57902
178.33,1485.44,57914
165.85,1480.92,57925
185.17,1481.01,57937
187.94,1484.89,57949
173.42,1485.40,57961
185.22,1484.17,57972
182.06,1479.78,57985
168.08,1472.50,57996
183.41,1473.30,58008
190.49,1478.63,58019
175.39,1482.77,58032
180.97,1485.94,58043
186.32,1484.61,58055
167.86,1480.71,58066
176.48,1482.52,58079
190.06,1487.28,58090
176.44,1488.71,58102
179.02,1488.08,58114
186.97,1482.23,58126
170.67,1473.86,58137
173.78,1473.25,58149
193.24,1476.57,58161
182.41,1480.53,58173
176.50,1483.12,58184
187.73,1482.64,58196
173.27,1479.64,58208
170.46,1482.81,58220
190.34,1487.49,58231
181.76,1491.09,58244
