9⸮5893.00
9235.00
6.12,0.41,1134
5.54,0.53,1135
4.82,0.49,1141
5.34,0.63,1153
7.37,1.00,1165
6.93,0.54,1176
5.18,0.78,1187
4.20,0.54,1199
7.34,0.37,1210
7.81,0.60,1221
4.19,0.60,1232
3.80,0.32,1244
4.90,0.64,1256
6.21,0.70,1267
7.81,0.59,1278
5.69,0.70,1290
2.89,0.91,1301
5.92,0.83,1312
7.57,0.48,1325
5.45,0.71,1336
4.87,0.45,1348
4.05,0.62,1359
6.42,0.27,1372
7.65,0.13,1383
4.71,0.58,1394
4.56,0.18,1406
5.40,0.85,1418
6.84,1.19,1430
7.89,1.03,1441
5.64,0.89,1454
4.05,0.87,1465
5.76,0.51,1477
6.85,0.32,1488
6.23,0.50,1501
4.79,0.08,1512
3.66,-0.04,1524
6.70,0.02,1536
6.89,0.12,1548
5.79,0.32,1559
5.56,0.25,1570
5.32,0.59,1583
7.87,0.69,1594
7.58,0.45,1606
4.92,0.49,1617
4.88,0.66,1630
5.31,0.65,1641
6.71,0.38,1653
7.34,0.17,1665
3.79,-0.07,1677
4.09,-0.20,1688
5.58,0.05,1700
6.49,0.44,1712
5.96,0.74,1724
3.71,0.93,1735
6.36,0.82,1746
7.65,1.05,1759
5.97,0.94,1770
4.69,0.88,1782
4.69,0.75,1794
6.64,0.34,1806
6.27,0.22,1817
5.25,0.29,1829
5.16,0.29,1841
4.71,0.27,1853
6.12,0.29,1864
6.72,0.59,1876
4.80,0.59,1888
4.87,0.75,1900
6.38,0.60,1911
6.84,0.99,1923
6.61,1.12,1935
5.37,0.77,1946
4.92,0.54,1958
7.51,0.16,1970
7.65,-0.11,1982
5.95,0.08,1993
5.43,0.36,2006
4.39,-0.04,2017
5.67,-0.45,2029
6.50,0.03,2040
5.67,0.28,2053
5.05,0.19,2064
5.19,0.69,2075
7.43,0.79,2087
5.64,1.08,2099
4.97,1.44,2111
5.10,1.33,2122
6.28,1.18,2135
7.26,0.45,2146
5.08,-0.07,2158
3.96,0.31,2169
5.69,0.08,2182
5.60,-0.24,2193
5.91,-0.16,2205
6.38,0.31,2216
4.98,0.79,2229
6.84,0.98,2240
7.80,1.19,2251
6.37,1.24,2264
5.22,1.21,2275
5.88,0.67,2287
7.83,0.49,2298
5.82,0.62,2311
5.07,0.42,2322
5.20,0.14,2334
3.89,0.02,2345
5.56,-0.13,2358
6.90,0.03,2369
4.80,0.02,2381
4.50,0.38,2393
5.22,0.62,2405
6.10,0.70,2416
7.05,0.87,2427
6.41,1.28,2440
5.28,0.71,2451
5.54,0.06,2463
5.88,0.02,2475
4.92,-0.16,2487
4.66,-0.04,2498
6.24,0.29,2510
5.78,0.41,2522
5.35,0.65,2534
5.10,0.83,2545
5.17,0.87,2557
7.45,0.62,2569
7.08,0.66,2581
5.13,0.93,2592
5.66,1.02,2604
5.19,0.76,2616
5.59,0.12,2627
7.28,-0.02,2639
5.50,0.39,2651
3.69,-0.10,2663
5.70,0.21,2674
6.96,0.45,2686
5.00,0.42,2698
5.39,0.53,2710
5.94,0.57,2721
4.73,0.79,2734
5.56,0.69,2745
6.80,0.48,2756
7.20,0.73,2768
5.54,1.04,2780
4.75,0.90,2792
6.13,0.82,2803
5.43,0.25,2816
4.88,-0.12,2827
5.84,-0.11,2839
4.88,-0.28,2850
5.13,-0.25,2863
4.80,0.19,2874
4.61,0.71,2886
6.85,1.01,2897
5.64,1.02,2910
6.09,1.09,2921
6.06,1.09,2932
5.00,0.72,2945
4.92,0.62,2956
5.09,0.56,2968
6.35,0.62,2979
4.95,0.46,2992
4.29,0.18,3003
5.66,0.00,3015
4.93,0.02,3026
6.04,0.07,3039
6.21,0.22,3050
3.71,0.65,3062
5.37,0.99,3074
7.34,0.97,3086
5.86,1.02,3097
5.38,1.08,3108
4.86,0.82,3121
5.34,0.12,3132
8.07,-0.24,3144
5.93,-0.04,3155
2.70,-0.18,3168
3.82,0.21,3179
6.29,0.49,3191
7.67,0.05,3203
6.50,0.15,3215
3.00,0.20,3226
3.37,0.34,3238
6.94,0.67,3250
5.19,0.84,3262
3.98,0.80,3273
5.68,0.75,3284
6.81,0.74,3297
6.07,0.66,3308
4.21,0.71,3320
2.49,0.12,3332
4.76,0.42,3344
8.41,0.91,3355
5.62,0.87,3367
3.72,1.08,3379
5.23,1.07,3391
5.83,0.61,3402
6.84,0.71,3415
6.65,0.53,3426
3.17,0.49,3437
3.73,0.72,3449
6.80,0.73,3461
6.28,0.21,3473
6.32,0.59,3484
4.63,0.45,3496
3.98,-0.06,3508
6.82,0.19,3520
7.67,0.62,3531
6.55,0.85,3544
3.32,1.10,3555
4.63,0.53,3567
7.83,0.09,3578
7.79,-0.06,3591
5.98,-0.28,3602
4.13,-0.09,3613
3.93,-0.20,3625
6.62,0.16,3637
4.10,0.30,3649
4.30,0.52,3660
6.32,0.75,3673
7.72,0.53,3684
7.30,0.56,3696
3.78,0.75,3707
4.99,0.94,3720
7.38,0.74,3731
5.42,0.64,3743
5.56,0.83,3755
4.35,0.34,3767
3.69,-0.02,3778
7.25,-0.12,3789
8.00,0.14,3802
4.55,0.78,3813
3.55,1.14,3825
5.87,1.27,3836
6.38,1.13,3849
6.29,1.06,3860
5.17,0.64,3872
4.04,0.04,3884
6.79,0.08,3896
7.46,0.10,3907
4.78,0.02,3919
3.70,0.40,3931
4.99,0.73,3943
6.48,0.83,3954
5.09,0.25,3965
5.09,-0.12,3978
5.07,0.30,3989
5.55,0.69,4001
7.15,0.94,4013
6.02,1.43,4025
4.95,1.02,4036
5.71,0.29,4048
6.08,0.54,4060
6.81,0.42,4072
5.39,0.32,4083
3.72,0.21,4096
6.22,0.12,4107
5.87,0.50,4118
5.16,0.55,4130
5.24,0.73,4142
4.17,1.15,4154
6.70,1.10,4165
7.22,1.14,4177
4.35,1.02,4189
4.57,0.72,4201
6.99,0.50,4212
6.83,0.28,4225
5.07,0.22,4236
3.79,-0.09,4248
3.60,-0.33,4259
5.73,-0.13,4272
7.68,-0.22,4283
5.26,0.11,4294
3.67,0.18,4306
5.93,0.71,4318
7.62,1.30,4330
7.27,1.13,4341
5.39,1.04,4354
4.18,0.70,4365
6.41,0.04,4377
6.95,-0.31,4388
6.68,0.09,4401
5.10,0.06,4412
3.09,0.20,4424
7.54,0.27,4435
5.19,0.16,4448
3.89,0.31,4459
5.83,0.52,4470
7.47,1.08,4483
6.55,1.21,4494
5.12,1.37,4506
4.40,1.87,4517
6.10,1.25,4530
7.11,0.47,4541
6.18,0.18,4553
4.54,0.00,4564
3.72,-0.09,4577
5.66,0.04,4588
6.12,0.31,4600
5.10,0.39,4612
4.24,0.40,4624
4.23,0.48,4635
6.58,0.74,4646
7.65,0.85,4659
6.00,0.97,4670
5.16,1.00,4682
6.33,0.76,4694
6.60,0.45,4706
6.58,0.47,4717
5.92,0.09,4729
3.56,-0.05,4741
3.85,-0.10,4753
6.60,-0.01,4764
6.43,0.34,4776
5.20,0.61,4788
4.20,0.83,4799
5.37,0.90,4811
5.80,1.21,4823
5.60,1.40,4835
6.30,1.02,4846
5.99,1.05,4858
6.41,0.90,4870
5.62,0.39,4882
2.97,0.30,4893
4.17,-0.23,4905
6.27,-0.31,4917
6.68,0.22,4929
5.25,0.23,4940
3.51,0.14,4953
4.57,0.49,4964
6.05,0.74,4975
5.99,0.98,4987
6.28,1.22,4999
5.34,1.41,5011
5.41,1.10,5022
7.09,0.87,5035
6.63,0.51,5046
4.91,0.08,5058
4.13,0.06,5069
4.33,0.01,5082
5.98,0.05,5093
6.69,-0.05,5105
4.43,0.36,5116
4.22,0.83,5129
6.25,1.12,5140
5.47,0.90,5151
6.66,0.88,5164
6.44,0.91,5175
5.35,0.79,5187
7.11,0.66,5198
7.03,0.64,5211
3.79,0.52,5222
4.49,-0.14,5234
6.18,-0.07,5245
6.78,0.05,5258
5.18,0.25,5269
3.56,0.34,5281
5.30,0.79,5293
6.05,1.14,5305
7.40,1.23,5316
5.71,1.30,5327
3.73,1.09,5340
6.66,0.84,5351
6.94,0.46,5363
6.12,0.29,5374
4.21,0.26,5387
3.71,0.39,5398
6.48,-0.22,5410
6.26,-0.38,5422
4.66,-0.46,5434
4.05,-0.15,5445
4.56,0.81,5457
6.30,0.66,5469
8.23,0.81,5480
6.23,0.64,5492
4.33,0.56,5504
6.27,0.53,5516
7.08,0.46,5527
7.04,0.59,5539
5.20,0.20,5551
3.84,-0.17,5563
5.56,-0.23,5574
6.90,-0.20,5586
5.96,0.07,5598
4.72,0.55,5610
5.89,0.81,5621
6.80,0.90,5634
7.51,0.75,5645
4.59,0.73,5656
3.56,0.95,5668
6.47,0.78,5680
7.66,0.59,5692
4.88,0.22,5703
3.71,-0.13,5715
4.85,0.30,5727
5.70,0.47,5739
6.92,0.25,5750
5.62,0.36,5763
3.39,0.03,5774
4.20,0.22,5786
7.84,0.47,5797
7.59,0.94,5810
4.63,1.25,5821
5.07,0.96,5832
5.99,0.51,5844
6.17,0.30,5856
6.39,0.39,5868
3.96,-0.05,5879
3.05,-0.14,5892
6.03,-0.12,5903
7.71,0.11,5915
5.88,0.48,5926
4.68,0.62,5939
5.30,0.65,5950
7.00,0.97,5962
7.83,1.04,5974
5.58,0.54,5985
4.84,0.24,5997
6.96,0.47,6008
6.74,0.80,6021
4.28,0.70,6032
2.88,0.42,6044
5.66,1.11,6055
7.56,0.91,6068
5.61,0.66,6079
4.56,0.78,6091
4.80,1.02,6103
6.84,1.03,6115
8.50,1.03,6126
6.20,1.50,6138
3.72,1.03,6150
5.67,0.68,6161
6.95,0.67,6173
6.58,0.31,6184
5.29,0.11,6197
3.56,-0.06,6208
4.85,0.07,6220
6.18,0.25,6232
6.60,0.42,6244
5.30,0.43,6255
3.22,0.46,6267
5.94,0.88,6279
8.26,0.85,6291
5.71,0.88,6302
4.55,0.79,6315
5.56,0.63,6326
5.75,0.41,6337
7.23,0.45,6349
5.36,0.11,6361
2.82,-0.35,6373
5.62,-0.37,6384
6.29,0.08,6396
6.03,0.10,6408
4.75,0.42,6420
5.31,0.88,6431
6.52,0.96,6444
5.71,0.98,6455
5.01,0.88,6467
5.74,0.76,6478
6.74,0.85,6491
7.16,0.66,6502
5.85,0.66,6513
5.02,0.40,6525
4.77,0.13,6537
5.30,0.32,6549
7.03,0.26,6560
5.84,0.53,6573
4.19,0.54,6584
6.33,0.89,6596
7.01,0.79,6607
5.65,0.65,6620
5.11,0.73,6631
4.65,0.56,6643
5.18,0.36,6654
6.66,0.31,6666
6.42,0.19,6678
5.23,-0.01,6689
4.43,0.22,6702
5.88,0.28,6713
7.45,0.12,6725
5.92,0.55,6736
3.93,0.73,6749
6.28,0.65,6760
5.87,0.48,6772
6.33,0.50,6784
4.81,0.57,6796
4.72,0.50,6807
6.11,0.58,6819
6.58,0.40,6831
5.16,0.27,6842
4.85,0.47,6854
6.18,0.30,6865
5.12,0.34,6878
5.29,0.59,6889
5.63,0.72,6901
5.26,0.75,6913
6.37,0.68,6925
7.66,0.47,6936
6.37,1.04,6948
5.25,0.99,6960
6.02,0.38,6972
6.46,0.05,6983
6.89,-0.19,6995
5.46,-0.15,7007
3.62,0.00,7018
5.46,0.25,7030
6.85,0.48,7042
6.30,0.34,7054
4.63,0.60,7065
5.14,0.84,7077
6.65,1.04,7089
6.22,0.77,7101
6.24,0.61,7112
5.73,0.40,7124
4.62,0.25,7136
6.45,-0.27,7148
6.49,-0.41,7159
4.22,-0.04,7172
5.06,0.20,7183
6.48,0.29,7194
6.21,0.60,7206
5.81,1.02,7218
5.46,1.03,7230
4.85,1.07,7241
7.04,0.92,7254
7.53,0.72,7265
4.38,0.98,7277
4.62,0.81,7288
6.23,0.36,7301
6.54,0.04,7312
6.65,-0.10,7324
5.96,0.00,7335
4.00,0.05,7347
5.75,0.24,7359
7.42,0.68,7370
6.63,0.59,7383
4.63,0.79,7394
4.47,0.78,7406
5.86,0.74,7417
5.95,0.62,7430
6.46,0.39,7441
5.54,0.09,7453
4.09,-0.06,7464
6.17,0.07,7477
7.06,-0.04,7488
4.82,-0.12,7500
4.69,0.11,7512
6.57,0.19,7523
6.13,0.45,7535
6.40,0.39,7546
6.16,0.66,7559
6.54,1.04,7570
6.92,1.06,7582
6.22,1.32,7593
5.61,1.07,7606
4.58,0.33,7617
6.05,-0.02,7629
6.19,0.28,7641
5.52,0.17,7653
4.90,0.02,7664
4.65,0.60,7676
5.86,0.77,7688
6.98,0.90,7699
6.29,0.92,7711
5.54,0.93,7723
6.05,0.97,7735
5.24,1.02,7746
7.11,0.97,7758
6.40,0.73,7770
4.61,0.68,7782
5.99,-0.06,7793
4.84,-0.34,7805
5.39,-0.06,7817
6.48,0.15,7829
5.16,0.26,7840
5.85,0.45,7852
6.42,0.42,7864
5.35,0.58,7875
5.11,0.65,7887
5.34,0.67,7899
5.06,0.79,7911
6.45,0.64,7922
6.12,0.29,7934
5.50,0.05,7946
5.83,-0.15,7958
6.27,-0.04,7969
4.87,0.37,7982
4.76,0.27,7993
5.88,0.30,8005
4.95,0.65,8016
6.18,0.93,8028
7.04,1.03,8040
5.37,1.16,8051
4.92,0.89,8064
6.62,0.81,8075
6.59,0.75,8087
4.67,0.63,8098
5.27,0.26,8111
5.83,0.22,8122
5.42,-0.05,8134
5.53,-0.12,8145
5.64,0.05,8158
5.27,0.13,8169
5.55,0.21,8181
6.97,0.62,8193
6.59,0.65,8204
5.30,0.66,8216
6.19,0.68,8227
6.68,0.73,8240
6.37,0.51,8251
5.81,0.42,8263
5.11,0.39,8274
4.90,0.13,8287
5.74,0.04,8298
6.22,0.14,8310
4.96,0.36,8322
5.01,0.61,8334
5.13,0.09,8345
6.34,0.37,8357
6.04,0.89,8369
3.50,1.01,8380
5.22,0.85,8392
7.68,0.68,8403
5.13,0.68,8416
6.00,0.76,8427
6.36,0.62,8439
4.38,0.11,8451
6.74,-0.11,8463
7.71,0.29,8474
4.17,0.55,8486
4.47,0.54,8498
6.94,0.58,8510
6.25,0.91,8521
6.42,0.70,8532
6.04,0.70,8545
6.40,0.45,8556
6.14,0.64,8568
4.72,0.49,8580
6.02,0.02,8592
4.91,-0.24,8603
4.23,-0.02,8615
6.95,-0.25,8627
5.92,-0.25,8639
5.01,0.18,8650
6.46,0.48,8663
5.18,0.25,8674
6.03,0.27,8686
6.01,0.79,8697
4.62,0.74,8709
6.70,0.58,8721
6.57,0.51,8732
6.40,0.05,8744
5.15,0.09,8756
5.03,0.31,8768
6.28,0.06,8779
5.22,-0.02,8792
5.88,-0.06,8803
5.59,0.19,8815
4.20,0.45,8826
6.10,0.56,8839
6.33,0.42,8850
4.92,0.79,8862
7.17,1.08,8873
5.30,0.95,8885
4.73,0.96,8897
7.50,0.48,8908
6.44,0.08,8921
4.75,-0.12,8932
4.47,-0.26,8944
4.78,-0.17,8955
5.38,-0.22,8968
5.89,0.06,8979
6.56,0.10,8991
5.09,0.35,9003
4.29,1.04,9015
6.61,0.86,9026
7.52,0.67,9038
4.74,0.66,9050
5.16,0.50,9061
6.78,0.38,9073
6.00,0.30,9084
6.47,0.30,9097
4.90,-0.08,9108
3.15,-0.45,9120
6.39,-0.46,9132
5.40,0.22,9144
4.57,0.66,9155
4.93,0.88,9167
7.66,0.67,9179
6.82,0.91,9191
4.93,0.95,9202
6.17,1.35,9214
3.41,1.25,9226
5.83,0.87,9237
8.82,0.19,9249
3.18,0.21,9261
3.86,0.03,9273
5.56,-0.19,9284
4.65,-0.14,9296
6.54,-0.00,9308
4.39,0.44,9320
4.66,0.71,9331
7.02,0.77,9344
6.13,1.05,9355
6.77,1.04,9367
5.37,0.91,9378
5.16,0.52,9390
7.34,0.06,9402
5.72,-0.02,9413
5.47,-0.30,9425
5.68,-0.41,9437
3.70,-0.70,9449
6.36,-0.51,9460
6.15,-0.04,9473
5.14,0.11,9484
6.60,0.67,9496
5.05,0.95,9507
7.70,0.74,9520
4.26,1.00,9531
4.87,0.92,9543
6.41,0.65,9554
4.85,0.40,9566
5.57,0.45,9578
5.26,0.33,9589
3.63,0.04,9602
5.97,0.07,9613
7.89,0.25,9625
4.87,0.46,9636
3.40,0.44,9649
5.62,0.67,9660
6.84,0.96,9672
7.71,1.29,9683
5.81,1.25,9696
4.26,1.12,9707
5.94,0.58,9719
6.44,0.23,9731
6.52,-0.11,9742
3.64,-0.03,9754
3.64,-0.05,9765
5.45,0.19,9778
7.01,0.49,9789
6.52,0.65,9801
3.99,0.93,9812
3.80,0.92,9825
6.15,0.98,9836
7.86,0.86,9848
4.70,0.66,9860
4.50,0.99,9872
6.82,0.76,9883
5.85,0.47,9895
5.41,0.16,9907
3.06,-0.19,9918
5.75,-0.21,9930
6.52,0.25,9942
6.91,0.43,9954
4.73,0.70,9965
5.30,0.78,9977
6.23,0.42,9989
6.15,0.85,10001
6.97,1.21,10012
5.45,1.05,10024
5.22,0.80,10036
5.52,0.52,10048
7.25,0.26,10059
5.92,-0.03,10072
2.91,-0.05,10083
5.65,0.26,10094
4.99,0.11,10106
6.19,0.37,10118
6.59,0.65,10130
5.10,0.65,10141
5.45,0.70,10153
6.95,0.89,10165
7.14,0.91,10177
5.01,0.70,10188
4.95,0.64,10201
5.87,0.81,10212
6.30,0.34,10224
6.17,0.45,10235
4.69,0.10,10247
4.02,-0.33,10259
4.57,-0.29,10270
7.90,-0.21,10283
5.28,0.21,10294
6.27,0.48,10306
5.07,0.61,10317
6.31,0.98,10330
7.69,0.82,10341
4.39,0.68,10353
4.33,0.82,10364
7.25,0.58,10377
6.93,0.26,10388
4.77,-0.03,10400
4.80,0.18,10412
5.28,0.36,10423
6.18,0.19,10435
7.47,-0.08,10446
5.85,0.12,10459
4.89,0.95,10470
5.02,1.18,10482
7.27,1.24,10493
6.96,1.19,10506
5.04,1.17,10517
4.73,0.87,10529
5.88,0.44,10541
6.74,0.35,10553
5.80,0.36,10564
4.62,-0.01,10576
4.80,-0.43,10588
6.40,-0.39,10599
7.60,-0.15,10611
4.75,0.16,10622
3.59,0.41,10635
6.08,0.90,10646
6.90,0.88,10658
6.78,0.76,10670
5.02,0.64,10682
5.39,0.86,10693
7.94,0.79,10705
7.80,0.74,10717
3.23,0.57,10729
2.56,0.21,10740
7.38,-0.02,10753
7.35,0.27,10764
4.77,0.48,10775
5.63,0.73,10787
4.29,0.95,10799
5.36,1.25,10811
9.38,1.20,10822
6.20,1.00,10834
2.75,0.92,10846
6.02,0.70,10858
7.72,0.43,10869
5.89,0.07,10882
4.68,0.11,10893
4.66,0.17,10905
4.84,0.09,10916
6.34,0.07,10929
7.09,0.04,10940
4.03,-0.00,10951
4.12,0.37,10963
7.85,0.87,10975
7.39,1.14,10987
6.48,0.92,10998
5.97,0.88,11011
4.38,0.48,11022
6.06,0.29,11034
8.30,0.23,11045
5.05,-0.05,11058
3.38,-0.29,11069
6.88,-0.12,11081
6.22,0.42,11092
5.14,0.69,11104
4.13,0.74,11116
5.70,1.34,11127
7.28,1.33,11140
6.57,1.11,11151
4.92,1.31,11163
3.74,0.92,11174
5.86,0.49,11187
7.85,0.30,11198
5.38,0.45,11210
4.38,0.05,11222
5.14,-0.10,11234
5.40,0.08,11245
5.80,0.27,11257
5.16,0.60,11269
4.60,0.72,11280
5.78,0.90,11292
7.63,0.85,11303
6.33,0.56,11316
4.36,0.83,11327
5.02,0.64,11339
6.47,0.23,11351
6.70,-0.19,11363
5.29,-0.24,11374
5.05,-0.02,11386
4.80,-0.02,11398
4.75,-0.15,11410
6.93,-0.20,11421
5.51,0.09,11433
3.87,0.35,11445
5.51,0.55,11456
5.91,0.89,11468
5.69,1.08,11480
5.97,1.14,11492
5.61,0.87,11503
5.70,0.67,11515
6.45,0.30,11527
4.66,0.12,11539
3.94,-0.22,11550
5.90,-0.05,11563
6.32,0.04,11574
5.12,0.49,11586
4.84,0.32,11597
5.27,0.21,11610
6.06,0.59,11621
7.11,0.79,11633
6.47,1.01,11644
5.42,0.97,11656
5.93,0.72,11668
5.84,0.59,11679
5.79,0.11,11692
4.80,0.14,11703
4.35,0.03,11715
5.69,-0.05,11726
5.62,0.01,11739
4.98,0.12,11750
5.78,0.26,11762
6.25,0.54,11773
6.93,0.37,11786
7.03,0.56,11797
6.05,0.90,11809
4.58,0.72,11821
5.70,0.46,11832
8.73,0.42,11844
4.45,0.32,11855
5.47,0.32,11868
4.35,0.20,11879
5.36,-0.01,11891
6.44,0.11,11902
4.30,0.58,11915
3.87,0.81,11926
6.46,1.05,11938
6.17,1.15,11950
5.83,1.31,11962
6.34,1.47,11973
4.46,1.10,11985
6.42,1.03,11997
7.41,0.91,12009
5.22,0.50,12020
4.81,0.34,12032
4.78,0.15,12044
6.09,0.17,12055
6.19,-0.12,12067
5.44,-0.24,12079
4.49,0.12,12091
5.12,0.59,12102
6.90,1.00,12114
7.21,0.91,12126
5.48,0.69,12138
4.47,0.66,12149
6.86,0.71,12162
7.01,0.18,12173
5.32,-0.01,12185
4.95,0.07,12196
4.76,-0.10,12209
5.92,-0.48,12220
6.56,-0.32,12231
4.52,0.15,12243
4.57,0.73,12255
7.62,1.22,12267
6.38,1.31,12278
3.94,1.21,12291
6.16,1.12,12302
5.11,0.98,12314
4.51,0.75,12325
7.18,0.71,12338
5.30,0.53,12349
3.89,0.07,12361
5.83,0.14,12372
7.13,0.23,12385
6.44,0.22,12396
3.55,0.77,12407
4.88,0.91,12420
7.53,0.78,12431
5.66,1.07,12443
5.79,1.00,12454
6.31,0.60,12467
4.45,0.39,12478
6.36,0.20,12490
7.00,-0.07,12502
4.42,0.22,12514
4.69,-0.04,12525
6.17,-0.03,12537
6.00,0.51,12549
5.51,0.46,12561
4.95,0.47,12572
4.39,0.36,12584
4.83,0.42,12596
5.72,0.56,12607
6.24,0.75,12619
5.66,0.90,12631
6.59,0.64,12643
5.42,0.67,12654
6.70,0.37,12666
5.50,0.34,12678
3.31,0.29,12690
6.51,0.23,12701
6.09,0.19,12713
3.70,0.38,12725
5.13,0.44,12737
5.69,0.75,12748
5.45,0.52,12761
7.16,0.71,12772
5.99,0.88,12784
4.03,0.58,12795
5.88,0.06,12807
6.94,0.33,12819
6.01,0.16,12830
4.21,-0.03,12843
4.69,-0.03,12854
6.73,0.18,12866
5.70,0.34,12877
5.76,0.41,12890
5.86,0.42,12901
4.92,0.55,12913
6.14,0.58,12924
6.33,0.46,12937
6.31,0.84,12948
6.07,0.82,12960
4.84,0.65,12972
6.69,0.32,12984
7.66,0.29,12995
5.79,0.30,13006
5.69,-0.07,13019
5.34,0.05,13030
5.71,0.43,13042
6.16,0.17,13053
4.38,0.15,13066
4.72,0.13,13077
6.07,0.18,13089
6.09,0.55,13101
6.33,0.78,13113
4.75,0.78,13124
5.14,0.87,13136
6.16,0.82,13148
5.40,0.42,13160
5.72,0.30,13171
5.93,0.25,13182
5.60,0.13,13195
5.46,0.15,13206
5.89,0.35,13218
5.81,0.44,13230
4.74,0.61,13242
5.45,0.65,13253
6.27,0.52,13265
6.07,0.19,13277
5.52,0.21,13289
5.59,0.18,13300
5.30,0.31,13313
5.56,0.15,13324
6.41,0.49,13336
5.10,0.59,13347
5.33,0.16,13360
5.23,-0.00,13371
4.87,0.32,13382
6.44,0.65,13394
5.29,0.47,13406
7.56,0.80,13418
5.62,0.99,13429
4.70,1.01,13442
6.48,0.95,13453
5.29,0.64,13465
4.92,0.22,13476
6.34,0.32,13489
5.13,-0.15,13500
3.46,0.23,13512
4.93,0.72,13523
5.78,0.72,13536
4.82,0.51,13547
4.57,0.62,13559
5.52,0.68,13571
6.04,0.79,13582
6.02,1.06,13594
5.90,1.03,13605
4.90,0.42,13618
5.11,0.13,13629
6.70,0.21,13641
5.96,0.35,13652
5.23,0.15,13665
5.19,-0.05,13676
5.10,0.14,13688
4.97,-0.08,13700
5.19,0.28,13712
4.85,0.36,13723
5.63,0.64,13735
5.78,1.00,13747
5.75,0.97,13758
6.39,0.52,13770
5.58,0.33,13782
5.77,0.20,13794
5.88,0.50,13805
6.34,0.60,13817
7.12,0.02,13829
4.96,-0.13,13841
4.52,-0.05,13852
6.51,0.52,13864
5.49,0.87,13876
4.87,0.67,13888
6.66,0.72,13899
6.66,1.06,13912
5.81,1.09,13923
5.86,1.10,13935
6.09,0.89,13946
4.57,0.52,13958
5.74,0.23,13970
7.69,0.14,13981
4.89,0.32,13993
4.33,0.14,14005
6.67,-0.14,14017
5.34,-0.00,14028
6.05,0.29,14041
6.28,0.54,14052
3.94,0.72,14064
5.30,0.81,14075
7.60,0.91,14088
5.88,0.63,14099
6.19,0.68,14111
7.07,0.56,14123
5.45,0.32,14135
5.97,-0.16,14146
6.55,-0.50,14157
4.82,-0.01,14170
6.12,0.18,14181
6.23,0.50,14193
5.39,0.51,14204
5.68,0.57,14217
6.36,0.66,14228
5.19,0.73,14240
6.90,0.96,14252
6.80,0.92,14264
4.75,0.61,14275
5.54,0.54,14287
5.58,0.67,14299
4.92,0.39,14311
5.87,0.06,14322
5.32,0.72,14333
4.35,0.70,14346
5.96,0.41,14357
6.82,0.14,14369
6.08,0.19,14381
6.16,0.39,14393
4.16,0.69,14404
5.88,0.95,14416
7.55,0.78,14428
5.65,0.44,14440
5.99,0.45,14451
5.33,0.08,14464
4.65,-0.32,14475
7.02,0.05,14487
6.89,0.19,14498
4.87,0.07,14511
4.45,0.35,14522
6.17,0.60,14533
6.24,0.73,14545
6.31,0.80,14557
5.23,0.72,14569
5.04,0.60,14580
6.59,0.92,14593
7.48,0.74,14604
4.52,0.49,14616
5.59,0.37,14627
6.76,0.01,14640
5.34,0.34,14651
6.50,0.32,14663
5.40,0.11,14674
4.07,0.27,14687
7.00,0.74,14698
7.64,0.84,14710
5.15,0.83,14722
4.78,0.85,14733
5.21,0.70,14745
5.23,0.66,14756
7.60,0.30,14769
5.80,0.26,14780
3.31,0.28,14792
4.68,-0.02,14803
5.85,-0.33,14816
5.81,-0.26,14827
5.77,-0.33,14839
5.56,0.12,14851
5.14,0.60,14863
6.28,0.63,14874
6.29,0.60,14886
5.06,0.84,14898
5.90,0.74,14909
6.02,0.51,14921
5.85,0.50,14932
7.03,0.15,14945
3.89,-0.33,14956
6.31,-0.04,14968
6.97,0.39,14980
4.67,-0.12,14992
5.20,-0.11,15003
5.90,0.36,15015
5.67,0.57,15027
6.25,0.21,15039
5.85,0.71,15050
5.69,1.27,15063
7.10,1.30,15074
6.90,0.93,15086
5.05,0.57,15097
5.79,0.43,15109
6.82,0.33,15121
4.59,0.30,15132
5.48,0.37,15144
6.65,0.39,15156
5.15,-0.06,15168
5.27,-0.02,15179
5.84,0.74,15192
5.46,1.05,15203
6.12,0.67,15215
7.16,0.82,15226
5.29,0.87,15239
5.40,0.51,15250
6.30,0.45,15262
5.03,0.42,15273
6.83,0.18,15286
6.25,0.34,15297
5.00,0.16,15308
5.72,-0.14,15321
6.04,-0.24,15332
6.45,0.14,15344
5.30,0.68,15355
5.09,0.90,15368
5.99,1.00,15379
6.12,0.85,15391
4.81,0.94,15403
6.15,0.78,15415
4.73,0.69,15426
4.97,0.51,15438
6.38,0.26,15450
6.29,0.41,15462
5.25,0.56,15473
4.78,0.55,15484
7.20,0.52,15497
6.18,0.43,15508
5.12,0.31,15520
6.34,0.27,15532
4.66,0.44,15544
6.34,0.72,15555
6.38,1.25,15567
5.15,0.91,15579
5.62,0.28,15591
5.31,0.28,15602
5.26,0.52,15614
6.46,0.21,15626
6.72,0.39,15638
3.66,0.55,15649
5.53,0.33,15662
6.77,0.46,15673
3.86,0.66,15684
6.87,0.50,15696
5.78,0.36,15708
6.37,0.31,15720
5.66,0.79,15731
6.15,0.96,15744
4.90,0.70,15755
5.18,0.94,15767
5.67,0.40,15778
5.03,0.55,15791
6.21,0.60,15802
5.14,0.69,15814
5.09,0.50,15825
4.62,0.10,15838
5.12,-0.00,15849
5.25,0.02,15860
4.42,0.26,15873
5.91,0.71,15884
6.61,0.58,15896
6.84,0.50,15907
4.58,0.48,15920
5.14,0.29,15931
7.07,0.55,15943
4.00,0.68,15954
7.69,0.46,15967
6.67,0.15,15978
3.34,0.35,15990
7.28,0.30,16002
5.95,0.39,16014
3.63,0.60,16025
6.60,0.98,16036
5.99,0.57,16049
4.89,0.21,16060
8.18,0.10,16072
6.02,0.10,16083
3.29,0.05,16096
7.07,0.37,16107
4.56,0.25,16119
5.63,0.21,16131
5.74,0.60,16143
4.99,0.44,16154
5.23,0.53,16166
7.53,0.46,16178
4.68,0.54,16190
3.54,0.85,16201
7.28,0.77,16212
5.25,0.52,16225
5.12,0.81,16236
8.61,0.85,16248
5.01,0.69,16260
4.29,0.90,16272
8.34,0.53,16283
5.54,0.10,16295
4.35,-0.13,16307
7.35,0.06,16319
5.20,0.13,16330
5.76,0.29,16343
6.63,0.46,16354
4.89,0.38,16366
5.88,0.17,16377
6.40,0.34,16389
5.24,0.85,16401
6.03,0.94,16412
6.06,0.79,16424
5.19,0.50,16436
5.66,0.10,16448
6.55,0.05,16459
6.11,0.02,16472
4.92,0.03,16483
5.37,0.24,16495
6.54,0.33,16506
6.17,0.03,16519
4.49,0.29,16530
4.53,0.80,16542
5.99,0.68,16553
5.75,0.50,16565
5.61,0.53,16577
5.50,0.77,16588
4.68,0.74,16601
6.05,0.89,16612
7.12,0.46,16624
4.66,0.20,16635
4.68,0.25,16648
5.59,0.30,16659
5.90,0.73,16671
5.38,0.61,16683
5.30,0.45,16695
5.39,0.46,16706
4.55,0.07,16717
6.28,0.33,16730
5.82,0.63,16741
5.46,0.80,16753
7.10,0.62,16764
5.11,0.56,16777
6.17,0.62,16788
6.33,0.39,16800
4.44,0.17,16812
5.56,0.19,16824
5.37,0.36,16835
4.68,0.41,16847
5.76,0.09,16859
5.53,0.26,16871
4.20,0.21,16882
7.15,0.22,16893
4.16,0.30,16906
5.68,0.46,16917
6.99,0.72,16929
5.28,0.56,16941
5.23,0.39,16953
5.75,0.58,16964
5.89,0.70,16976
4.83,0.53,16988
5.16,0.28,17000
6.10,0.63,17011
5.13,0.11,17024
6.27,0.01,17035
5.10,0.47,17047
6.20,0.62,17058
6.65,0.72,17070
4.26,0.83,17082
5.97,0.86,17093
6.40,0.49,17105
5.16,0.45,17117
6.78,0.59,17129
6.25,0.36,17140
3.75,0.27,17153
5.79,0.02,17164
6.66,-0.07,17176
4.54,0.13,17187
4.93,0.67,17200
5.18,0.80,17211
5.32,0.69,17223
6.02,0.69,17234
5.89,0.61,17246
5.70,0.35,17258
5.73,0.00,17269
6.20,0.15,17282
3.84,0.36,17293
5.82,0.48,17305
6.91,0.53,17316
4.67,0.39,17329
6.53,0.21,17340
5.54,0.55,17352
4.28,0.43,17363
6.06,0.68,17376
6.04,0.89,17387
5.99,0.79,17399
6.00,0.85,17411
5.44,0.97,17422
5.83,0.85,17434
6.15,0.47,17445
5.56,0.32,17458
5.17,0.30,17469
5.56,0.36,17481
4.92,0.29,17492
6.41,0.01,17505
4.72,0.14,17516
4.11,0.24,17528
7.03,0.52,17540
4.70,0.54,17552
6.70,0.74,17563
7.16,1.01,17575
3.98,0.36,17587
6.26,0.27,17598
6.51,0.58,17610
5.56,0.30,17622
5.29,0.21,17634
5.66,0.25,17645
6.52,0.03,17657
6.35,0.19,17669
5.03,0.07,17681
4.46,0.18,17692
5.83,0.32,17704
7.37,0.63,17716
5.18,0.96,17728
4.83,0.99,17739
7.10,1.01,17751
4.95,0.94,17763
6.20,0.88,17774
6.94,0.98,17786
3.54,0.44,17798
5.76,0.33,17810
6.57,0.50,17821
3.89,0.36,17833
4.48,0.15,17845
5.11,0.05,17857
6.49,0.16,17868
7.10,0.22,17881
5.64,0.68,17892
4.86,0.90,17904
5.08,0.84,17915
7.50,0.59,17927
7.14,0.42,17939
4.84,0.25,17950
4.95,0.09,17963
5.27,-0.08,17974
5.96,-0.21,17986
5.84,0.12,17997
5.07,0.50,18010
4.69,0.12,18021
5.38,0.08,18033
6.58,0.38,18044
5.95,0.77,18057
5.68,0.80,18068
5.02,0.62,18080
8.18,1.00,18092
7.02,0.59,18103
4.71,0.58,18115
5.86,0.67,18126
5.52,0.54,18139
4.74,0.46,18150
5.77,0.15,18162
4.95,0.42,18173
3.92,0.76,18186
6.69,0.45,18197
6.57,0.69,18209
5.18,1.00,18221
6.72,1.15,18233
4.85,0.79,18244
6.01,0.60,18256
7.49,0.58,18268
4.69,0.47,18279
5.51,0.66,18291
5.43,0.43,18302
5.61,-0.10,18315
7.22,-0.13,18326
5.46,-0.27,18338
5.32,0.08,18350
6.13,0.58,18362
5.14,0.58,18373
5.66,0.45,18385
5.33,0.48,18397
5.21,0.48,18409
6.79,0.53,18420
6.82,0.46,18432
5.91,0.16,18444
5.71,-0.06,18455
5.44,-0.15,18467
6.32,0.26,18479
4.59,0.60,18491
5.24,0.44,18502
5.55,0.73,18514
4.74,0.64,18526
5.99,0.53,18538
5.72,0.67,18549
3.74,0.61,18562
6.52,0.41,18573
5.93,0.42,18585
3.96,1.03,18596
6.99,0.74,18608
5.19,0.59,18620
4.34,0.47,18631
6.83,0.48,18643
6.29,0.61,18655
4.99,0.37,18667
5.50,0.56,18678
6.20,0.67,18691
5.50,0.69,18702
6.37,0.83,18714
5.92,0.69,18725
5.76,0.49,18738
6.41,0.64,18749
5.12,0.79,18761
5.97,0.74,18772
5.50,0.52,18784
5.73,0.51,18796
6.25,0.43,18807
5.04,0.31,18820
6.40,0.45,18831
4.97,0.34,18843
7.16,0.19,18854
4.32,0.41,18867
5.06,0.55,18878
7.33,0.53,18890
4.19,0.72,18902
4.56,0.75,18914
7.47,0.61,18925
5.03,0.34,18937
5.39,0.73,18949
7.39,0.87,18960
4.83,0.79,18972
6.25,0.55,18983
7.03,0.71,18996
4.40,0.62,19007
5.54,0.43,19019
5.82,0.48,19031
4.41,0.37,19043
5.90,0.25,19054
6.07,0.09,19066
4.65,0.12,19078
6.11,0.75,19090
7.22,0.93,19101
4.77,0.81,19112
5.62,0.82,19125
6.21,0.52,19136
4.73,0.30,19148
4.71,0.26,19160
6.72,0.37,19172
6.47,0.38,19183
3.98,0.28,19195
4.37,0.23,19207
4.83,0.14,19219
4.96,0.29,19230
6.29,0.30,19243
4.84,0.46,19254
6.24,0.56,19266
6.01,0.24,19277
5.45,0.46,19289
6.81,0.87,19301
5.41,0.98,19312
4.74,1.15,19324
7.54,0.62,19336
5.72,0.47,19348
3.91,0.54,19359
6.70,0.36,19372
6.25,0.27,19383
4.11,0.09,19395
5.55,0.23,19406
5.86,0.40,19419
4.99,0.34,19430
6.62,0.81,19442
5.97,0.86,19453
4.34,0.59,19465
5.10,0.55,19477
5.80,0.72,19488
5.80,0.38,19501
5.94,0.42,19512
6.17,0.86,19524
5.81,0.48,19535
5.67,-0.10,19548
4.98,0.03,19559
4.52,0.28,19571
5.47,0.20,19582
6.20,0.14,19595
5.52,0.12,19606
5.19,0.71,19618
6.16,0.70,19630
5.75,0.77,19641
6.23,1.22,19653
6.01,1.30,19664
3.73,0.68,19677
6.38,0.61,19688
7.73,0.42,19700
4.83,0.18,19712
6.53,0.16,19724
6.27,0.37,19735
4.28,0.54,19747
7.55,0.40,19759
5.94,0.92,19771
3.83,0.85,19782
6.18,0.63,19794
5.62,0.97,19806
6.32,0.29,19817
6.11,0.47,19829
3.42,0.54,19841
5.72,0.44,19853
6.34,0.18,19864
4.81,0.02,19876
6.25,0.48,19888
3.99,0.66,19900
4.62,0.58,19911
7.82,0.49,19923
4.68,0.72,19935
5.21,0.84,19947
6.05,0.75,19958
4.73,0.91,19970
7.27,0.75,19982
6.30,0.31,19993
3.85,-0.01,20005
6.59,-0.21,20017
6.18,0.09,20029
5.65,0.27,20040
4.43,0.24,20052
5.73,0.63,20064
6.23,0.71,20076
5.72,1.04,20087
5.57,0.91,20100
3.96,0.63,20111
6.14,0.52,20123
8.54,0.37,20134
5.50,0.71,20146
4.92,0.74,20158
4.91,1.04,20169
6.95,0.34,20182
6.37,-0.09,20193
6.00,0.17,20205
6.57,0.18,20216
2.76,0.48,20229
6.23,0.35,20240
8.41,0.39,20252
2.99,0.69,20263
4.14,0.66,20276
5.41,0.45,20287
6.19,0.44,20299
8.10,0.27,20311
4.49,0.26,20322
5.01,0.16,20334
6.16,0.10,20345
6.03,0.07,20358
7.89,0.15,20369
4.85,0.38,20381
2.62,-0.06,20392
8.21,0.11,20405
3.51,0.36,20416
6.58,0.59,20428
3.48,0.84,20440
5.80,0.78,20452
8.63,0.71,20463
4.29,0.58,20475
4.90,0.55,20487
4.30,0.38,20498
6.08,0.50,20510
8.54,0.05,20521
4.13,0.12,20534
4.84,0.45,20545
5.82,0.38,20557
6.19,0.57,20569
7.44,0.47,20581
5.29,0.57,20592
2.94,0.65,20604
5.78,0.28,20616
6.50,0.63,20628
5.13,0.54,20639
6.80,0.39,20651
3.05,0.54,20663
4.75,0.42,20674
9.98,0.03,20686
5.06,0.15,20698
4.79,0.09,20710
5.76,0.21,20721
5.38,0.28,20733
7.51,0.56,20745
4.88,0.25,20757
3.95,0.39,20768
5.49,0.61,20781
5.73,0.45,20792
6.11,-0.05,20804
3.54,0.06,20815
6.99,0.48,20827
7.43,0.70,20839
4.32,0.98,20850
5.68,0.58,20862
4.30,0.70,20874
4.58,0.67,20886
7.35,0.46,20897
5.90,1.05,20910
5.36,0.61,20921
4.66,0.33,20933
6.23,0.19,20944
8.37,0.14,20957
4.05,0.27,20968
5.13,0.50,20980
7.29,0.48,20992
4.43,0.53,21003
6.53,-0.01,21015
6.76,-0.00,21026
4.47,0.09,21039
7.51,0.18,21050
6.68,0.54,21062
4.23,0.67,21073
5.12,0.15,21086
5.22,0.15,21097
5.63,0.31,21109
7.27,0.24,21121
4.81,0.26,21133
4.81,0.52,21144
5.93,0.32,21156
5.36,0.56,21168
6.62,0.31,21179
5.16,0.06,21191
6.22,0.47,21202
6.38,1.02,21215
6.00,1.11,21226
3.82,0.78,21238
5.66,0.96,21250
7.02,1.00,21262
5.16,1.07,21273
6.10,0.77,21285
4.86,0.50,21297
4.30,0.61,21309
6.87,0.32,21320
6.23,0.31,21332
4.30,0.30,21344
4.56,0.26,21355
5.81,0.44,21367
5.89,0.54,21379
6.89,0.94,21391
5.16,1.25,21402
3.99,0.80,21414
7.25,0.54,21426
7.39,0.89,21438
6.20,0.51,21449
4.79,0.10,21462
5.35,0.16,21473
5.53,0.17,21485
4.72,-0.02,21496
7.41,-0.25,21508
4.10,0.18,21520
3.94,0.32,21531
8.50,0.14,21543
6.47,0.30,21555
5.46,0.50,21567
6.44,0.19,21578
6.04,0.17,21591
7.29,0.37,21602
4.78,0.44,21614
3.87,0.58,21625
6.21,0.16,21638
5.70,0.44,21649
5.74,0.51,21661
5.60,0.32,21672
3.65,0.50,21684
5.82,0.54,21696
7.18,0.89,21707
6.17,0.98,21720
5.67,1.00,21731
5.73,0.92,21743
6.14,0.90,21754
6.39,0.81,21767
6.42,0.34,21778
4.01,-0.07,21790
4.73,-0.02,21801
7.69,0.23,21814
5.78,0.38,21825
4.52,0.03,21837
5.23,0.23,21849
5.15,0.19,21860
5.26,0.55,21872
7.40,0.89,21883
6.07,0.49,21896
3.81,0.68,21907
7.05,0.48,21919
7.04,0.11,21931
3.89,0.10,21943
5.22,-0.11,21954
5.26,0.20,21966
7.49,-0.05,21978
5.10,-0.04,21990
3.57,0.21,22001
6.29,0.53,22013
7.01,1.32,22025
5.81,1.13,22036
5.81,0.82,22048
4.50,0.58,22060
5.66,0.34,22072
7.47,0.22,22083
5.75,0.09,22095
4.55,-0.22,22107
4.53,-0.12,22119
6.09,-0.11,22130
6.65,0.02,22142
4.93,0.20,22154
4.59,0.36,22166
4.74,0.64,22177
5.84,0.77,22189
5.74,0.67,22201
5.52,0.83,22212
5.21,0.48,22224
5.57,0.38,22236
6.76,0.61,22248
6.56,0.64,22259
5.06,0.44,22272
4.18,0.04,22283
5.52,-0.11,22295
5.82,-0.02,22306
5.32,0.01,22319
5.83,0.07,22330
3.87,0.40,22342
5.29,0.37,22353
5.35,0.26,22365
4.41,0.55,22377
5.58,0.77,22388
6.55,0.79,22401
5.62,0.77,22412
5.31,0.37,22424
5.69,0.09,22435
4.62,0.16,22448
6.33,0.16,22459
5.48,0.39,22471
3.82,0.32,22482
5.26,0.08,22495
5.34,0.16,22506
5.96,0.16,22518
6.86,0.74,22530
5.82,1.12,22541
4.38,1.10,22553
5.99,0.77,22564
6.64,0.27,22577
4.54,0.07,22588
6.61,-0.29,22600
4.97,-0.01,22611
3.43,-0.23,22624
6.82,-0.28,22635
4.92,0.33,22647
4.65,0.40,22659
5.75,0.64,22671
5.97,0.61,22682
5.87,0.66,22694
5.62,1.02,22706
6.33,0.85,22717
5.91,0.55,22729
5.40,0.34,22740
5.77,0.05,22753
5.60,-0.10,22764
5.44,-0.04,22776
5.02,0.08,22788
5.39,0.59,22800
6.31,0.74,22811
5.51,0.78,22823
5.88,0.80,22835
7.08,1.20,22847
4.97,1.30,22858
6.75,0.83,22870
6.86,0.64,22882
3.68,0.49,22893
6.41,0.50,22905
6.34,-0.02,22917
3.68,-0.09,22929
6.17,0.16,22940
6.21,0.00,22952
3.98,0.05,22964
6.83,0.38,22976
7.03,0.58,22987
4.16,0.58,23000
5.90,0.88,23011
6.54,0.99,23023
4.83,0.80,23034
6.43,0.82,23046
6.75,0.37,23058
5.07,0.24,23069
5.29,0.04,23081
6.61,-0.14,23093
4.90,-0.27,23105
4.68,-0.25,23116
6.93,0.03,23129
5.63,0.20,23140
7.72,0.39,23152
6.45,0.87,23163
4.15,1.05,23176
7.44,1.38,23187
7.52,1.00,23199
4.60,0.82,23211
6.31,0.74,23222
6.34,0.31,23234
4.44,0.09,23245
6.42,0.24,23258
6.05,0.21,23269
4.22,0.02,23281
4.87,-0.06,23292
6.34,0.11,23305
5.95,0.30,23316
4.91,0.71,23328
5.02,1.00,23340
6.08,0.69,23352
6.36,0.52,23363
4.77,0.66,23374
4.92,0.72,23387
5.49,0.09,23398
5.56,-0.33,23410
6.85,-0.11,23421
5.56,-0.06,23434
4.18,0.15,23445
4.83,0.18,23457
6.37,0.55,23469
5.38,0.79,23481
5.12,0.77,23492
5.81,0.69,23504
5.21,0.70,23516
5.77,0.51,23528
5.78,0.59,23539
4.33,0.21,23552
4.90,0.28,23563
5.66,0.14,23574
5.54,0.39,23586
6.19,0.46,23598
5.10,0.28,23610
4.74,0.25,23621
7.16,0.33,23633
6.98,0.60,23645
4.85,0.66,23657
5.54,0.67,23668
6.60,0.79,23681
5.40,0.63,23692
5.70,0.86,23704
6.46,0.60,23715
3.77,0.12,23727
4.82,-0.02,23739
6.82,0.23,23750
4.98,0.34,23762
4.95,0.21,23774
5.61,0.28,23786
4.89,0.45,23797
5.84,0.38,23810
6.73,0.52,23821
6.64,0.61,23833
4.09,0.42,23844
5.46,0.31,23857
7.20,0.37,23868
6.12,0.09,23880
5.40,0.14,23891
5.50,0.00,23903
5.76,-0.35,23915
6.62,-0.01,23926
4.50,0.04,23939
4.64,0.19,23950
6.13,0.65,23962
6.02,0.94,23973
6.43,0.82,23986
4.69,0.64,23997
4.63,0.69,24009
6.47,0.69,24020
6.22,0.74,24033
5.97,0.89,24044
4.92,0.59,24055
4.83,0.49,24068
6.95,0.40,24079
6.65,0.02,24091
4.56,0.26,24102
5.92,0.64,24115
6.28,0.56,24126
4.66,0.69,24138
7.02,0.88,24150
7.00,0.96,24162
4.11,0.50,24173
6.30,0.43,24185
6.90,0.25,24197
4.88,-0.15,24209
5.46,-0.04,24220
5.82,0.01,24231
5.10,-0.22,24244
5.39,-0.23,24255
5.89,0.10,24267
5.58,0.17,24279
5.70,0.55,24291
6.56,0.52,24302
7.13,0.38,24314
5.66,0.49,24326
6.37,0.37,24338
4.19,0.17,24349
5.62,0.64,24361
6.44,0.72,24373
4.37,0.36,24385
5.30,0.27,24396
5.45,0.27,24408
4.45,0.49,24420
5.59,0.35,24431
5.78,0.42,24443
5.44,0.51,24455
5.68,1.35,24467
6.72,1.17,24478
6.17,0.74,24491
5.87,1.08,24502
5.23,0.85,24514
4.88,0.54,24525
4.52,0.31,24538
4.59,-0.15,24549
5.65,-0.44,24560
4.84,-0.12,24572
5.24,0.16,24584
6.24,0.47,24596
5.61,0.90,24607
5.95,0.81,24620
6.94,0.96,24631
6.00,0.87,24643
4.81,0.60,24654
5.59,0.85,24667
6.80,0.54,24678
5.44,-0.19,24690
6.07,-0.80,24701
3.51,-0.57,24714
4.21,-0.10,24725
6.01,0.09,24736
4.40,0.32,24749
5.25,0.93,24760
7.08,1.07,24772
5.94,0.76,24783
6.15,0.85,24796
7.28,0.75,24807
5.08,1.13,24819
6.18,1.15,24830
7.35,0.75,24843
5.30,0.36,24854
5.42,-0.32,24866
5.25,-0.05,24878
4.93,0.05,24890
5.67,0.08,24901
5.50,0.05,24912
4.92,0.37,24925
5.13,0.89,24936
6.89,1.15,24948
6.55,1.23,24960
5.62,1.38,24972
5.74,1.35,24983
6.43,0.75,24995
6.23,0.70,25007
5.87,-0.04,25019
5.53,-0.23,25030
3.95,-0.46,25042
4.80,-0.47,25054
6.00,0.09,25066
4.67,-0.03,25077
5.52,0.24,25089
5.12,0.54,25101
8.14,0.50,25112
6.37,0.70,25124
4.07,0.92,25136
6.78,1.07,25148
6.14,0.80,25159
5.12,0.61,25171
7.13,0.40,25183
4.20,-0.09,25195
3.76,-0.14,25206
6.73,-0.17,25219
4.99,-0.08,25230
5.30,0.24,25241
6.31,0.45,25253
5.03,0.84,25265
6.84,0.72,25277
7.14,1.09,25288
5.39,1.07,25300
6.52,1.04,25312
6.57,0.55,25324
6.07,-0.08,25335
5.74,-0.44,25348
4.47,-0.45,25359
4.50,-0.49,25371
5.35,-0.11,25382
5.56,-0.10,25395
5.80,0.22,25406
5.08,0.87,25417
5.09,0.84,25430
6.92,0.84,25441
6.18,1.09,25453
7.58,1.10,25464
6.99,0.60,25477
4.07,0.10,25488
6.81,-0.17,25500
4.17,-0.33,25511
5.83,0.07,25524
5.05,0.20,25535
4.17,0.04,25547
6.73,0.19,25559
5.08,0.21,25571
3.93,0.62,25582
8.02,0.42,25593
6.88,0.85,25606
4.50,1.16,25617
6.68,0.94,25629
6.24,0.81,25640
5.32,0.39,25653
6.36,0.28,25664
5.62,0.04,25676
4.44,-0.08,25688
5.43,-0.00,25700
6.63,-0.05,25711
4.62,0.16,25723
4.77,0.18,25735
6.76,0.72,25746
6.10,0.58,25758
5.59,0.61,25769
6.12,1.22,25782
5.29,1.10,25793
5.90,0.55,25805
7.72,0.22,25817
5.33,0.17,25829
3.99,0.20,25840
5.98,-0.16,25852
5.20,-0.23,25864
5.66,-0.26,25876
3.93,0.19,25887
4.21,0.58,25900
6.71,0.79,25911
6.50,1.14,25922
6.51,1.10,25934
5.64,1.33,25946
5.21,1.03,25958
5.49,0.44,25969
5.69,0.49,25981
5.08,0.31,25993
5.00,0.12,26005
5.56,0.12,26016
5.62,0.33,26029
4.93,0.04,26040
5.33,0.00,26052
5.81,0.22,26063
5.84,0.49,26076
6.87,1.02,26087
6.20,1.43,26098
5.29,1.10,26110
6.58,0.56,26122
4.94,0.24,26134
5.43,-0.09,26145
6.55,0.09,26158
3.40,-0.06,26169
5.11,-0.12,26181
7.01,0.18,26192
5.05,0.19,26205
5.81,-0.09,26216
5.65,-0.04,26228
5.11,0.57,26240
6.79,0.70,26251
6.96,0.80,26263
6.20,0.89,26274
4.89,0.51,26287
4.69,0.65,26298
5.66,0.89,26310
5.41,0.33,26321
5.31,-0.27,26334
4.98,0.09,26345
5.07,0.32,26357
4.53,0.24,26369
4.39,0.37,26381
6.69,0.62,26392
6.51,0.66,26404
5.10,0.59,26416
7.70,0.75,26427
5.56,0.95,26439
5.02,0.83,26450
7.57,0.66,26463
4.84,0.15,26474
4.97,-0.30,26486
6.79,0.12,26498
3.72,0.08,26510
4.11,0.12,26521
7.52,-0.03,26533
5.39,0.09,26545
4.93,0.66,26557
7.01,0.90,26568
4.59,1.16,26580
5.63,0.88,26592
8.33,0.70,26603
5.20,0.71,26615
5.19,0.35,26627
6.56,-0.12,26639
6.01,0.00,26650
4.90,0.32,26662
5.50,-0.13,26674
4.05,-0.25,26686
6.16,0.32,26697
6.44,0.55,26710
4.22,0.47,26721
5.69,0.91,26733
7.76,1.30,26744
4.91,1.24,26757
5.93,1.26,26768
8.42,0.89,26779
4.54,0.69,26791
6.05,0.60,26803
7.35,-0.11,26815
4.38,0.03,26826
5.03,0.04,26839
5.71,0.06,26850
3.94,0.18,26862
5.15,0.17,26873
6.69,0.81,26886
5.14,1.32,26897
5.82,1.45,26909
7.81,1.11,26920
5.32,0.58,26932
5.67,0.37,26944
6.11,0.35,26955
4.99,0.40,26968
5.47,-0.05,26979
5.58,-0.35,26991
5.88,-0.53,27002
4.10,-0.33,27015
5.54,0.12,27026
6.76,0.54,27038
5.03,0.41,27049
5.83,0.84,27062
6.14,0.98,27073
5.92,0.92,27085
6.31,0.73,27097
7.36,1.06,27108
4.75,0.43,27120
5.31,-0.32,27131
6.60,-0.54,27144
5.80,-0.28,27155
4.58,0.24,27167
5.60,0.44,27179
6.85,0.27,27191
4.87,0.39,27202
6.27,0.67,27214
7.12,0.94,27226
5.37,1.01,27238
6.33,1.10,27249
6.75,0.87,27261
4.85,0.55,27273
5.09,0.47,27284
6.13,0.17,27296
4.17,-0.15,27308
4.86,-0.17,27320
6.62,-0.29,27331
4.49,-0.09,27343
5.00,0.25,27355
6.83,0.52,27367
4.78,0.67,27378
6.55,0.54,27390
7.29,0.74,27402
4.00,0.49,27414
5.97,0.31,27425
7.13,0.29,27437
5.26,-0.01,27449
6.25,-0.13,27460
5.97,0.12,27472
5.05,0.32,27484
5.83,0.30,27496
5.45,0.34,27507
4.32,0.82,27520
6.92,0.76,27531
6.98,0.84,27543
4.79,0.98,27554
5.86,1.09,27567
6.28,0.77,27578
5.89,0.42,27590
5.88,0.29,27601
5.74,0.07,27613
5.00,-0.41,27625
5.48,-0.27,27636
5.64,0.26,27649
5.18,0.18,27660
6.87,0.23,27672
4.99,0.75,27683
5.07,0.76,27696
6.91,0.79,27707
5.31,0.84,27719
5.26,1.04,27730
5.80,1.06,27743
5.89,0.47,27754
5.50,0.64,27766
5.56,0.40,27778
5.09,-0.12,27789
5.38,0.12,27801
6.10,0.08,27812
4.73,0.16,27825
5.07,0.50,27836
5.25,0.66,27848
6.43,0.95,27859
6.52,0.72,27872
5.57,0.63,27883
5.22,1.02,27895
7.13,1.36,27907
6.22,0.67,27919
4.50,0.50,27930
6.21,0.11,27941
4.97,-0.49,27954
4.78,0.04,27965
6.37,0.33,27977
6.04,-0.10,27988
3.76,0.44,28001
6.51,0.77,28012
7.66,1.14,28024
4.58,1.00,28036
5.88,1.12,28048
5.95,0.85,28059
5.20,0.54,28071
6.90,0.42,28083
6.67,-0.01,28095
4.09,-0.05,28106
4.67,-0.29,28118
6.62,-0.30,28130
4.85,0.11,28141
5.89,0.04,28153
6.17,0.20,28165
4.57,0.63,28177
7.45,0.70,28188
7.16,0.89,28200
4.37,0.85,28212
5.07,0.77,28224
5.78,0.24,28235
5.38,0.27,28248
6.20,0.39,28259
5.39,0.09,28271
5.51,0.33,28282
7.14,0.13,28294
5.14,0.33,28306
4.17,0.43,28317
5.91,0.60,28329
6.24,0.99,28341
6.01,0.90,28353
5.64,0.98,28364
5.29,1.15,28377
5.14,0.98,28388
6.63,0.76,28400
5.88,0.65,28411
4.99,0.43,28424
6.22,-0.10,28435
5.05,-0.11,28447
6.45,0.28,28459
6.99,0.24,28470
3.49,0.41,28482
5.29,0.36,28493
6.73,0.72,28506
5.57,0.81,28517
5.58,0.46,28529
5.59,0.69,28540
5.20,0.44,28553
6.04,0.09,28564
6.69,0.14,28576
4.56,0.51,28588
4.80,0.14,28600
6.64,-0.25,28611
5.87,0.06,28622
5.43,0.06,28635
5.51,0.40,28646
5.51,0.66,28658
7.23,0.62,28669
6.23,1.03,28682
3.61,0.94,28693
5.53,1.58,28705
6.54,1.19,28717
5.58,0.73,28729
7.20,0.58,28740
5.41,0.53,28752
4.56,0.40,28764
6.89,0.23,28776
6.05,-0.09,28787
4.33,-0.13,28798
6.24,0.51,28811
6.78,0.78,28822
4.96,0.66,28834
6.42,0.81,28846
6.42,0.88,28858
5.42,0.85,28869
7.26,0.84,28881
6.89,0.35,28893
5.90,0.44,28905
5.86,0.48,28916
5.56,0.07,28929
5.13,-0.25,28940
5.25,0.09,28952
6.13,0.10,28963
4.57,0.26,28975
4.99,0.67,28987
6.20,0.81,28998
5.47,0.72,29010
6.78,0.84,29022
6.29,0.66,29034
5.24,0.82,29045
5.88,0.65,29058
5.59,0.44,29069
5.25,0.47,29081
6.08,-0.02,29092
5.36,-0.06,29105
5.79,0.26,29116
5.13,0.32,29127
4.70,0.40,29139
6.18,0.34,29151
6.56,0.61,29163
5.74,0.75,29174
6.21,0.94,29187
7.05,1.27,29198
4.77,0.95,29210
6.13,0.55,29221
7.50,0.37,29234
5.47,0.22,29245
5.24,0.00,29257
6.02,0.00,29268
5.07,0.04,29281
4.13,0.25,29292
6.11,0.14,29303
6.08,0.05,29316
4.98,0.56,29327
6.55,0.90,29339
6.58,1.10,29350
5.60,1.05,29363
6.58,0.88,29374
6.38,0.37,29386
4.23,-0.11,29398
6.64,-0.32,29410
4.73,0.04,29421
5.73,0.35,29433
4.99,0.44,29445
4.91,0.38,29457
6.77,0.36,29468
5.44,0.61,29479
4.43,1.07,29492
6.77,1.02,29503
6.55,0.87,29515
5.64,1.41,29527
6.41,1.03,29539
4.73,0.35,29550
4.69,-0.09,29562
5.61,-0.14,29574
5.18,-0.19,29586
5.15,-0.44,29597
4.87,-0.29,29609
5.48,0.29,29621
5.63,0.49,29633
6.69,0.77,29644
5.70,1.21,29656
3.80,1.46,29668
7.15,0.94,29679
8.09,0.96,29691
5.86,0.80,29703
4.75,0.16,29715
5.70,-0.07,29726
5.30,-0.32,29739
6.67,-0.40,29750
7.27,0.11,29762
3.27,-0.09,29773
5.28,0.12,29786
6.33,0.07,29797
6.28,0.39,29808
3.79,0.72,29820
5.51,0.80,29832
6.72,0.58,29844
7.37,0.71,29855
5.92,1.16,29868
3.00,0.85,29879
5.34,0.08,29891
6.55,-0.01,29902
6.65,0.10,29915
4.58,0.40,29926
3.58,0.81,29938
6.51,0.36,29949
7.63,0.38,29962
6.97,0.54,29973
4.77,0.81,29984
5.21,0.57,29997
5.86,0.54,30008
7.87,0.70,30020
7.34,0.85,30031
2.25,0.46,30044
6.01,-0.03,30055
6.78,-0.08,30067
5.74,0.17,30078
6.92,0.33,30091
3.32,0.56,30102
4.43,0.35,30114
7.33,0.28,30126
7.36,0.54,30138
5.49,0.59,30149
4.83,0.78,30160
6.38,0.67,30173
6.25,0.34,30184
4.54,0.21,30196
3.65,0.49,30208
6.34,0.36,30220
6.18,0.31,30231
6.57,0.64,30243
3.86,0.91,30255
4.34,0.79,30267
6.45,0.51,30278
5.74,0.58,30290
6.89,0.68,30302
4.18,0.87,30314
4.92,0.95,30325
8.24,0.70,30337
7.65,0.62,30349
5.28,0.63,30360
5.04,0.49,30372
5.32,0.42,30384
5.50,0.36,30396
8.23,0.51,30407
5.13,0.22,30419
4.20,0.29,30431
6.53,0.48,30443
5.66,0.81,30454
7.19,1.10,30467
4.16,0.62,30478
4.07,0.26,30489
6.85,0.18,30501
5.88,0.13,30513
6.57,0.19,30525
4.90,-0.01,30536
5.24,-0.12,30548
6.72,0.24,30560
5.96,0.37,30572
4.40,0.00,30583
5.48,0.18,30596
6.86,0.56,30607
7.36,0.54,30619
4.37,0.78,30630
4.13,0.86,30643
7.82,1.24,30654
5.78,1.17,30665
6.88,0.80,30678
5.15,0.77,30689
3.46,0.61,30701
7.09,-0.07,30712
5.04,0.06,30725
5.08,0.44,30736
5.06,0.95,30748
4.95,0.47,30759
6.15,0.37,30772
5.44,0.54,30783
5.48,0.43,30795
4.59,0.25,30807
6.48,0.69,30819
7.41,0.79,30830
5.74,0.48,30841
4.21,0.32,30854
5.51,0.37,30865
6.43,0.32,30877
5.10,0.04,30888
6.83,0.18,30901
4.19,0.09,30912
3.23,0.07,30924
7.81,0.30,30936
5.67,0.63,30948
4.28,0.40,30959
5.67,0.47,30971
7.10,0.54,30983
5.82,0.41,30994
5.81,0.42,31006
5.69,0.55,31017
5.31,0.57,31030
7.03,0.49,31041
5.75,0.31,31053
3.91,0.32,31065
5.77,0.11,31077
6.52,-0.10,31088
5.04,0.31,31100
4.56,0.42,31112
5.61,0.07,31124
4.95,0.45,31135
6.38,0.71,31148
6.67,0.80,31159
4.82,0.78,31170
5.01,0.49,31182
5.62,0.43,31194
6.94,0.44,31206
6.56,0.12,31217
5.90,0.37,31229
4.04,0.32,31241
5.18,-0.03,31253
6.89,0.28,31264
5.23,0.38,31277
5.31,0.32,31288
5.20,0.51,31300
6.49,0.71,31311
8.09,0.66,31324
4.89,0.88,31335
5.16,0.49,31346
5.72,-0.02,31358
6.83,-0.29,31370
4.63,0.09,31382
3.26,0.50,31393
6.28,0.72,31406
8.15,0.74,31417
4.92,0.59,31429
5.21,0.59,31440
5.96,0.47,31453
5.92,0.53,31464
7.77,0.72,31476
4.88,0.84,31488
3.90,0.67,31500
5.46,0.58,31511
6.24,0.49,31522
7.11,0.40,31535
4.46,0.64,31546
4.56,0.45,31558
6.00,0.24,31569
6.23,0.52,31582
5.72,0.76,31593
4.97,0.69,31605
5.48,0.52,31617
5.87,0.52,31629
6.86,0.69,31640
4.50,0.47,31652
4.39,0.20,31664
6.59,0.07,31675
5.88,0.12,31687
5.99,0.11,31698
4.94,0.12,31711
3.75,0.16,31722
6.07,0.06,31734
7.62,0.07,31746
5.21,0.22,31758
5.74,0.58,31769
6.40,1.25,31781
7.00,1.11,31793
5.64,0.87,31805
4.06,0.81,31816
5.78,0.25,31828
7.08,0.22,31840
6.87,0.29,31851
4.60,0.27,31863
3.15,0.53,31875
6.16,0.48,31887
6.27,0.30,31898
5.39,0.53,31910
5.30,0.46,31922
4.89,0.40,31934
6.85,0.72,31945
7.40,0.99,31958
4.89,0.98,31969
4.01,0.57,31981
5.29,0.25,31992
6.89,0.14,32005
7.35,0.13,32016
5.00,-0.04,32027
2.76,0.18,32039
5.47,0.53,32051
6.77,0.33,32063
5.76,0.32,32074
6.34,0.44,32087
3.96,0.76,32098
6.28,0.65,32110
8.04,0.53,32121
4.50,0.40,32134
5.50,0.56,32145
5.69,0.28,32157
7.68,-0.06,32168
4.58,0.39,32181
4.07,0.34,32192
4.88,0.35,32203
7.02,0.63,32216
6.60,0.43,32227
4.58,0.36,32239
4.93,0.61,32250
6.09,0.76,32263
6.39,0.89,32274
6.14,0.89,32286
5.23,0.72,32297
3.71,0.40,32310
5.12,0.34,32321
8.03,-0.03,32333
5.06,0.17,32345
4.33,0.12,32356
4.88,0.11,32368
5.32,0.43,32379
7.89,0.21,32392
4.46,0.45,32403
3.68,0.66,32415
5.16,0.42,32427
6.95,0.31,32439
8.20,0.37,32450
5.19,0.58,32462
4.12,0.40,32474
5.33,0.53,32486
6.44,0.48,32497
7.18,0.00,32509
3.97,-0.12,32521
3.92,0.00,32532
6.92,0.22,32544
5.73,0.45,32556
4.67,0.71,32568
4.57,0.82,32579
6.35,0.21,32591
8.04,0.65,32603
6.38,0.97,32615
3.81,0.77,32626
4.97,0.45,32638
7.48,0.22,32650
7.53,0.45,32662
4.56,0.48,32673
4.33,0.48,32686
5.81,0.27,32697
6.68,0.07,32708
7.50,0.01,32720
4.37,0.26,32732
2.49,0.78,32744
6.95,0.39,32755
7.58,0.48,32768
7.27,0.76,32779
4.43,0.75,32791
3.73,0.37,32802
7.54,0.00,32815
8.28,0.41,32826
6.51,0.42,32838
4.09,0.30,32849
3.31,0.43,32862
7.82,0.22,32873
8.38,-0.04,32884
4.63,0.19,32897
3.83,0.08,32908
5.19,0.12,32920
7.92,0.19,32931
5.02,0.55,32944
2.41,0.79,32955
6.60,1.08,32967
7.74,0.79,32978
6.29,0.44,32991
4.54,0.11,33002
3.46,0.03,33014
6.36,0.16,33026
7.40,0.16,33038
6.22,0.50,33049
4.92,0.59,33060
2.78,0.67,33073
7.45,0.81,33084
8.77,1.17,33096
4.93,1.07,33107
4.23,0.82,33120
4.69,0.63,33131
6.67,0.35,33143
8.01,0.39,33155
4.88,0.40,33167
3.05,0.08,33178
6.10,-0.21,33190
8.29,-0.06,33202
5.44,0.34,33213
4.71,0.43,33225
3.91,0.43,33236
5.79,0.26,33249
8.27,0.54,33260
6.22,0.69,33272
3.93,0.73,33284
4.30,0.47,33296
7.95,0.41,33307
4.30,0.21,33319
4.26,0.21,33331
4.64,0.51,33343
6.90,0.11,33354
8.54,-0.05,33367
4.76,0.09,33378
2.99,0.13,33389
5.28,0.38,33401
7.70,0.44,33413
7.20,1.01,33425
4.38,0.75,33436
3.78,0.60,33448
6.28,0.84,33460
7.82,0.71,33472
6.22,0.54,33483
3.87,0.32,33496
4.54,0.24,33507
7.02,0.19,33519
7.59,0.29,33530
4.85,0.19,33543
3.56,0.24,33554
5.55,0.64,33565
7.27,0.63,33577
6.74,0.37,33589
4.06,0.72,33601
2.88,0.68,33612
6.51,0.70,33625
8.33,0.69,33636
6.42,0.43,33648
4.36,0.44,33659
4.02,0.06,33672
6.75,-0.10,33683
8.11,-0.14,33695
5.91,0.22,33707
4.37,-0.01,33719
8.15,0.08,33730
7.23,0.53,33741
4.89,1.00,33754
4.78,1.18,33765
5.65,1.04,33777
7.71,1.08,33788
6.53,0.76,33801
4.54,0.56,33812
4.51,0.52,33824
5.20,0.21,33836
7.87,-0.08,33848
6.28,-0.04,33859
3.02,0.25,33871
4.02,0.53,33883
7.16,0.45,33894
7.39,0.66,33906
5.53,0.68,33917
4.22,0.51,33930
3.76,0.60,33941
6.90,0.49,33953
7.03,0.55,33965
4.74,0.43,33977
4.71,0.16,33988
5.11,-0.00,34000
7.39,-0.31,34012
6.62,0.02,34024
3.20,0.07,34035
4.08,0.12,34048
6.54,-0.02,34059
7.99,0.28,34070
6.01,0.56,34082
3.75,0.56,34094
7.25,0.34,34106
6.90,0.66,34117
6.24,0.91,34129
3.75,0.77,34141
5.06,0.62,34153
8.24,0.51,34164
6.06,0.32,34177
3.63,0.11,34188
4.00,0.14,34200
5.34,-0.11,34211
6.89,0.17,34224
7.02,0.75,34235
4.11,0.94,34246
3.53,0.90,34258
6.81,0.73,34270
8.24,0.59,34282
5.96,0.71,34293
3.91,0.71,34306
5.27,0.39,34317
6.74,0.05,34329
6.94,-0.04,34340
5.19,0.09,34353
2.99,0.43,34364
5.38,0.44,34376
7.94,0.77,34387
6.46,0.70,34400
4.88,0.31,34411
5.09,0.49,34422
6.24,0.81,34435
7.90,0.97,34446
6.96,0.57,34458
4.16,0.11,34469
4.05,-0.47,34482
7.63,-0.62,34493
5.80,0.32,34505
3.38,0.58,34516
4.92,0.58,34529
6.46,0.45,34540
5.55,0.39,34552
5.99,0.89,34564
5.71,0.88,34576
5.91,1.04,34587
8.42,0.84,34598
6.51,0.72,34611
3.99,0.75,34622
4.45,0.35,34634
6.21,0.51,34646
7.39,0.36,34658
5.63,0.34,34669
3.38,0.48,34681
5.65,0.32,34693
6.67,0.38,34705
6.51,0.84,34716
6.07,1.04,34728
3.63,0.75,34740
5.66,0.62,34752
8.79,1.19,34763
6.99,0.99,34775
4.90,0.35,34787
4.82,-0.17,34798
6.08,-0.18,34810
6.41,-0.01,34822
5.40,0.05,34834
4.16,0.12,34845
3.63,-0.02,34857
5.78,0.09,34869
5.58,-0.14,34881
3.66,0.31,34892
5.73,0.93,34905
5.54,0.92,34916
6.89,0.95,34927
6.28,0.84,34939
4.06,0.50,34951
6.06,0.43,34963
7.46,0.37,34974
5.93,0.57,34987
4.96,0.50,34998
5.01,0.10,35010
5.77,0.07,35021
6.84,0.16,35034
6.40,0.24,35045
4.54,0.16,35057
5.91,0.49,35068
6.92,0.79,35081
7.32,0.80,35092
5.31,0.53,35103
4.25,0.62,35116
8.39,0.52,35127
6.05,0.42,35139
5.60,-0.02,35150
5.66,-0.24,35163
3.54,-0.51,35174
6.25,-0.44,35186
6.94,-0.03,35197
5.27,0.18,35210
4.97,0.06,35221
6.51,0.41,35233
6.60,0.74,35245
6.64,0.52,35257
6.29,0.69,35268
6.37,0.46,35279
7.46,0.40,35292
5.91,0.46,35303
4.29,0.26,35315
2.90,0.01,35326
7.16,0.15,35339
6.35,0.05,35350
5.09,0.25,35362
5.58,0.50,35374
3.80,0.91,35386
7.80,0.70,35397
7.54,0.60,35409
4.65,0.66,35421
5.05,0.47,35433
5.37,0.72,35444
6.60,0.67,35456
7.52,0.27,35468
4.90,0.03,35479
2.67,-0.21,35491
5.56,0.08,35503
6.77,0.11,35515
5.94,0.30,35526
5.31,0.44,35538
3.43,0.43,35550
7.58,0.28,35562
8.00,0.19,35573
5.14,0.39,35586
6.89,0.42,35597
4.16,0.59,35609
6.87,0.35,35620
9.32,0.19,35632
3.99,0.06,35644
4.36,-0.13,35655
5.23,0.07,35667
6.22,0.34,35679
4.91,0.54,35691
3.59,0.45,35702
5.98,0.35,35715
7.21,0.47,35726
6.57,0.71,35738
4.85,0.87,35749
4.64,0.85,35762
5.94,0.40,35773
5.49,0.25,35785
5.99,-0.03,35796
6.33,-0.12,35808
4.31,0.23,35820
5.55,0.38,35831
6.86,0.41,35844
4.12,0.16,35855
4.98,0.20,35867
6.73,0.29,35878
6.29,0.48,35891
6.39,0.75,35902
5.24,0.89,35914
4.90,0.51,35926
7.05,0.39,35938
7.35,0.40,35949
6.03,-0.03,35960
3.87,-0.26,35973
5.18,0.00,35984
8.03,0.41,35996
5.18,0.36,36007
4.22,0.29,36020
5.94,0.23,36031
4.49,0.34,36043
7.17,0.32,36055
4.18,0.60,36067
4.83,0.75,36078
7.38,0.60,36090
7.66,0.60,36102
4.73,0.49,36114
3.46,0.49,36125
5.57,0.29,36136
5.91,-0.18,36149
6.20,-0.19,36160
7.05,0.19,36172
4.07,0.68,36184
4.13,0.67,36196
8.61,0.38,36207
6.66,0.64,36219
4.78,0.98,36231
6.48,0.88,36243
5.15,0.61,36254
6.50,0.44,36267
8.74,0.39,36278
4.57,0.33,36290
3.42,0.17,36301
5.40,-0.05,36313
7.20,-0.31,36325
7.26,-0.05,36336
4.70,0.33,36348
3.67,0.18,36360
5.90,-0.02,36372
7.28,0.33,36383
7.34,0.47,36396
4.02,0.63,36407
2.56,0.52,36419
6.85,0.25,36430
-392.22,0.29,36443
445.92,0.21,36454
2.24,0.13,36466
5.51,0.17,36477
9.23,0.15,36489
5.18,0.67,36501
3.37,0.58,36512
5.33,0.74,36525
6.88,0.53,36536
8.93,0.34,36548
5.61,0.84,36559
3.11,0.78,36572
4.93,0.61,36583
6.96,0.79,36595
8.51,0.72,36606
6.20,0.29,36619
2.08,0.41,36630
3.21,0.83,36641
7.70,0.40,36654
6.30,0.27,36665
5.06,0.43,36677
5.65,0.50,36688
5.29,0.29,36701
8.03,0.29,36712
7.00,0.38,36724
4.48,0.42,36736
4.78,0.46,36748
5.72,0.36,36759
7.64,0.42,36771
5.55,0.71,36783
4.11,0.26,36795
6.89,0.05,36806
6.53,0.15,36817
6.45,0.05,36830
3.96,0.37,36841
5.37,0.47,36853
6.78,0.97,36865
6.49,1.07,36877
5.90,0.91,36888
3.91,0.58,36900
5.02,0.52,36912
7.09,0.29,36924
5.94,0.61,36935
4.31,0.43,36947
4.78,0.77,36959
6.98,0.72,36971
6.88,0.59,36982
4.63,0.64,36994
5.11,0.82,37006
6.04,0.64,37017
6.41,0.46,37029
7.24,0.37,37041
5.68,0.33,37053
3.25,0.30,37064
6.89,-0.01,37076
7.93,0.22,37088
5.55,0.16,37100
5.07,-0.05,37111
3.85,0.33,37124
6.30,0.57,37135
7.21,0.32,37147
5.49,0.31,37158
6.21,0.32,37170
4.50,0.26,37182
7.00,0.09,37193
7.41,0.46,37206
4.30,0.49,37217
4.92,0.33,37229
6.79,0.27,37240
7.60,0.57,37253
4.27,0.75,37264
4.13,0.55,37276
6.09,0.25,37287
7.57,0.25,37300
6.49,0.11,37311
5.24,0.56,37323
3.57,0.70,37335
5.74,0.57,37346
8.83,0.66,37358
5.57,0.84,37369
4.57,0.66,37382
4.69,0.75,37393
5.70,0.72,37405
7.12,0.59,37416
6.17,0.61,37429
4.59,0.48,37440
4.32,0.36,37452
6.60,0.36,37464
6.87,0.60,37476
5.08,0.87,37487
5.11,0.85,37499
6.32,0.48,37511
6.81,0.45,37522
5.25,0.52,37534
6.26,0.32,37545
4.10,0.23,37558
4.64,0.43,37569
8.19,0.33,37581
5.63,0.16,37593
5.13,0.17,37605
5.12,0.00,37616
6.81,0.05,37628
6.71,0.32,37640
5.82,0.58,37652
5.16,0.68,37663
5.74,0.51,37675
5.96,-0.00,37687
5.91,0.32,37698
4.87,0.49,37710
4.78,0.57,37722
6.30,0.69,37734
5.12,0.47,37745
5.73,0.19,37757
4.06,0.45,37769
4.52,0.19,37781
7.46,0.01,37792
5.34,0.14,37805
4.89,0.37,37816
5.25,0.65,37828
5.50,0.86,37839
6.56,0.49,37851
6.70,0.34,37863
5.70,0.25,37874
3.98,0.50,37886
5.60,0.55,37898
7.20,0.27,37910
4.29,0.34,37921
6.79,0.41,37934
7.63,0.24,37945
2.03,0.38,37957
7.30,0.31,37968
7.35,0.40,37981
1.19,0.24,37992
8.16,0.42,38004
4.36,0.60,38016
7.42,0.43,38027
4.51,0.96,38039
5.34,0.96,38050
6.58,0.41,38063
5.67,0.38,38074
6.53,0.34,38086
3.64,0.51,38097
5.26,0.74,38110
8.58,0.53,38121
4.78,0.35,38133
5.25,0.33,38145
7.30,0.53,38157
1.87,0.53,38168
7.76,0.35,38180
9.24,0.27,38192
1.49,0.41,38203
7.67,0.71,38215
6.44,0.49,38226
3.10,0.12,38239
8.40,-0.03,38250
4.32,0.22,38262
3.95,-0.04,38274
7.25,0.25,38286
6.03,0.51,38297
6.02,0.56,38309
5.09,0.11,38321
4.26,-0.04,38333
6.93,0.17,38344
7.36,0.50,38356
5.39,0.40,38368
6.54,0.04,38379
3.91,-0.02,38391
8.78,0.16,38403
1.76,0.14,38415
5.10,0.35,38426
8.20,0.39,38438
5.53,0.15,38450
6.07,0.35,38462
5.21,0.71,38473
5.99,0.82,38486
6.43,0.52,38497
7.27,0.70,38509
6.94,0.44,38520
4.59,0.30,38532
5.00,0.59,38544
7.80,0.31,38555
5.84,-0.10,38567
4.59,0.45,38579
5.80,0.30,38591
3.77,0.31,38602
6.66,0.42,38615
7.39,0.56,38626
3.76,0.58,38638
6.57,0.58,38649
6.46,0.82,38662
7.45,0.50,38673
7.89,0.77,38685
4.24,1.05,38696
5.26,0.77,38708
5.40,0.36,38720
6.58,-0.25,38731
7.62,-0.42,38744
4.11,-0.28,38755
4.16,-0.09,38767
6.95,0.16,38778
5.63,0.20,38791
5.63,0.54,38802
4.06,0.69,38814
7.26,0.73,38825
8.03,0.92,38838
4.25,0.74,38849
5.30,0.56,38861
5.39,0.49,38873
5.59,0.52,38884
7.40,0.59,38896
4.12,0.25,38907
3.30,0.24,38920
7.08,0.27,38931
7.67,0.14,38943
3.98,0.36,38955
5.16,0.78,38967
5.39,0.86,38978
5.92,0.72,38990
9.96,0.71,39002
4.55,0.49,39014
3.12,0.34,39025
6.88,0.50,39037
5.60,0.28,39049
7.96,0.06,39060
5.12,0.28,39072
1.43,0.15,39084
7.86,-0.04,39096
6.25,0.05,39107
5.50,0.42,39119
6.33,0.35,39131
2.22,0.33,39143
7.25,0.77,39154
8.98,0.75,39166
4.88,0.54,39178
4.68,0.55,39190
5.99,0.93,39201
8.96,0.76,39214
4.04,0.59,39225
3.40,0.16,39236
6.90,-0.05,39248
4.54,0.25,39260
7.13,0.45,39272
5.49,0.63,39283
1.64,0.85,39296
7.89,0.60,39307
7.44,0.48,39319
5.44,0.36,39330
6.63,0.48,39343
4.01,0.61,39354
5.31,0.48,39366
9.11,0.53,39377
5.62,0.25,39389
3.47,0.28,39401
5.35,0.52,39412
5.59,0.43,39425
6.91,0.29,39436
6.46,0.34,39448
3.86,0.55,39459
6.15,0.56,39472
6.19,0.43,39483
6.23,0.39,39495
7.21,0.38,39506
5.21,0.50,39519
6.16,0.55,39530
7.54,0.25,39542
5.71,0.07,39554
5.14,-0.04,39565
5.86,-0.33,39577
7.35,-0.16,39588
6.09,-0.15,39601
3.76,0.03,39612
5.26,0.88,39624
6.13,0.71,39635
7.27,0.71,39648
6.35,0.86,39659
3.64,0.72,39671
4.28,0.56,39683
6.09,0.41,39695
7.07,0.39,39706
5.87,0.77,39718
4.42,0.29,39730
6.23,0.40,39741
6.97,0.48,39753
6.14,0.08,39764
5.02,0.22,39777
5.33,0.28,39788
5.35,0.35,39800
6.19,0.13,39812
6.90,0.31,39824
5.31,0.22,39835
5.41,0.53,39847
6.12,0.73,39859
6.78,0.32,39871
6.14,0.02,39882
6.04,0.45,39895
4.87,0.64,39906
4.78,0.24,39917
7.76,-0.13,39929
6.59,0.25,39941
5.02,-0.02,39953
5.04,0.16,39964
7.47,0.52,39976
5.09,0.97,39988
6.29,0.78,40000
6.76,0.30,40011
4.36,0.69,40024
6.95,0.82,40035
5.77,0.66,40047
3.42,0.69,40058
5.54,0.72,40070
6.96,0.98,40082
5.43,0.69,40093
4.94,0.20,40105
5.90,0.36,40117
6.17,0.03,40129
7.02,0.04,40140
5.33,0.31,40153
4.99,0.38,40164
5.58,0.58,40176
6.97,0.63,40187
8.09,0.74,40200
3.57,0.81,40211
4.22,0.80,40223
7.02,0.94,40235
6.27,0.42,40246
7.37,-0.02,40258
4.73,-0.04,40269
3.73,0.30,40282
7.54,0.28,40293
6.61,0.49,40305
5.66,0.63,40316
4.78,0.71,40329
3.90,0.13,40340
7.02,-0.01,40352
4.93,0.61,40364
4.04,0.71,40376
4.87,1.38,40387
6.19,1.17,40399
8.34,0.76,40411
4.70,0.53,40422
2.21,0.46,40434
5.87,0.47,40445
6.22,0.25,40458
7.40,0.19,40469
4.15,0.58,40481
4.20,0.69,40493
6.22,0.62,40505
6.60,0.36,40516
7.04,0.24,40528
3.78,0.58,40540
3.41,0.37,40552
6.65,0.16,40563
8.03,0.61,40576
6.44,0.48,40587
4.25,0.07,40598
3.99,0.23,40610
5.60,0.31,40622
7.87,0.12,40634
6.82,0.28,40645
4.51,0.44,40657
4.76,0.69,40669
6.22,0.77,40681
7.98,0.35,40692
5.57,0.25,40705
4.29,-0.06,40716
5.64,0.21,40728
7.83,0.55,40739
4.09,0.43,40751
4.12,0.57,40763
5.54,0.48,40774
6.15,0.93,40786
7.47,0.98,40798
5.09,0.38,40810
4.20,0.37,40821
6.06,0.29,40834
6.88,0.47,40845
5.80,0.89,40857
2.91,0.85,40868
4.61,0.83,40881
7.17,0.47,40892
8.21,0.11,40904
6.74,0.21,40915
4.89,0.61,40927
4.61,0.57,40939
6.47,0.35,40950
7.58,0.44,40963
5.44,0.50,40974
3.94,0.29,40986
5.97,0.18,40997
8.11,0.03,41010
6.14,-0.02,41021
4.78,0.05,41033
3.50,0.18,41044
4.27,0.43,41057
8.18,0.48,41068
6.76,0.41,41080
4.10,0.00,41092
5.42,0.38,41103
6.80,0.58,41115
6.70,0.61,41126
5.54,0.55,41139
4.97,0.31,41150
5.66,0.26,41162
7.37,0.34,41174
7.10,0.29,41186
3.23,0.49,41197
4.55,0.61,41209
7.62,0.59,41221
5.60,0.69,41233
5.48,0.94,41244
5.37,0.84,41256
4.40,0.32,41268
7.58,0.33,41279
7.53,0.61,41291
5.23,0.92,41303
5.09,0.93,41315
4.80,0.50,41326
6.32,-0.14,41338
7.00,-0.01,41350
4.44,0.22,41362
4.72,0.33,41373
6.04,0.55,41385
6.46,0.34,41397
7.11,0.21,41409
5.49,0.63,41420
5.16,0.84,41432
7.61,1.09,41444
6.81,0.69,41455
5.10,0.52,41467
6.28,0.27,41479
4.36,-0.13,41491
4.47,0.28,41502
7.94,0.30,41515
5.89,0.21,41526
6.19,0.35,41538
3.82,0.41,41549
7.15,0.44,41562
7.13,0.51,41573
6.08,0.35,41585
5.45,0.83,41596
3.96,0.98,41608
6.52,1.03,41620
6.58,1.03,41631
5.96,0.95,41644
6.20,0.69,41655
5.21,0.32,41667
4.64,0.25,41678
7.75,0.17,41691
6.94,0.16,41702
3.42,0.12,41714
5.51,0.08,41725
5.12,0.06,41738
7.21,0.20,41749
8.59,0.76,41761
2.78,0.98,41773
3.96,0.86,41784
6.27,0.51,41796
8.12,0.18,41807
8.91,0.31,41820
2.30,0.40,41831
3.17,0.29,41843
7.41,-0.14,41854
8.63,0.09,41867
7.44,0.57,41878
2.93,0.21,41890
3.41,0.41,41902
7.99,0.44,41914
4.44,0.25,41925
3.16,0.45,41936
5.32,0.33,41949
8.21,0.64,41960
8.77,0.66,41972
4.36,0.33,41984
3.48,0.54,41996
5.50,0.32,42007
7.60,-0.00,42019
7.59,0.33,42031
3.35,0.83,42043
2.57,0.66,42054
7.20,0.47,42066
8.49,0.50,42078
6.99,0.58,42090
4.28,0.97,42101
3.90,1.04,42113
6.41,0.66,42125
7.41,0.30,42136
6.43,0.16,42148
4.58,0.49,42160
3.93,0.56,42172
6.99,-0.06,42183
8.50,-0.34,42195
5.62,0.25,42207
3.85,0.19,42219
4.90,0.05,42230
6.25,0.46,42243
6.68,0.49,42254
5.89,0.42,42266
4.60,0.65,42277
5.48,0.99,42289
6.75,0.81,42301
5.17,0.50,42312
4.20,0.49,42324
6.45,0.56,42336
7.11,0.37,42348
4.80,0.41,42359
4.28,0.36,42372
6.06,0.36,42383
6.22,0.40,42395
5.06,0.64,42406
4.84,0.75,42419
4.83,0.50,42430
6.63,0.44,42441
7.73,0.82,42454
6.21,0.82,42465
4.77,0.52,42477
5.89,0.30,42488
7.70,0.36,42501
6.86,0.41,42512
5.52,0.13,42524
4.32,-0.21,42535
5.71,0.09,42548
8.22,0.24,42559
4.94,0.70,42571
3.54,0.84,42583
4.93,0.46,42595
5.66,0.51,42606
7.93,0.53,42617
6.29,0.34,42630
3.03,0.37,42641
4.22,0.24,42653
7.48,0.13,42664
7.75,0.06,42677
4.41,0.20,42688
5.36,0.08,42700
8.61,-0.08,42712
6.07,0.54,42724
4.41,0.79,42735
3.84,0.64,42747
5.00,1.02,42759
9.69,1.21,42770
7.09,0.94,42782
3.03,0.85,42793
3.61,0.87,42806
5.68,0.80,42817
7.85,0.34,42829
5.83,0.39,42841
2.53,0.53,42853
3.88,0.54,42864
7.64,0.32,42876
8.39,0.22,42888
5.03,0.43,42900
3.18,0.72,42911
5.08,0.99,42924
7.86,0.73,42935
7.40,0.51,42946
5.18,0.72,42958
4.43,0.36,42970
5.18,0.35,42982
7.89,0.51,42993
7.32,0.62,43005
3.72,0.37,43017
3.59,-0.12,43029
6.09,-0.09,43040
7.40,-0.03,43053
6.06,0.03,43064
3.47,0.33,43076
4.10,0.42,43087
8.17,0.53,43100
4.89,0.85,43111
4.25,0.90,43122
5.06,0.71,43134
7.46,0.48,43146
7.72,0.52,43158
4.19,0.50,43169
3.01,0.45,43182
5.47,0.72,43193
7.76,0.70,43205
7.37,0.54,43216
3.83,0.04,43229
3.87,-0.03,43240
6.31,0.22,43252
8.02,0.58,43264
6.91,0.46,43276
4.70,0.43,43287
5.03,0.33,43298
6.22,0.08,43311
8.34,0.13,43322
5.77,0.27,43334
3.39,0.17,43345
5.87,-0.07,43358
6.66,-0.36,43369
7.56,-0.14,43381
5.36,-0.01,43393
3.25,-0.39,43405
5.47,-0.15,43416
6.75,-0.15,43428
7.37,-0.29,43440
6.36,-0.03,43451
4.70,-0.38,43463
5.07,-0.04,43474
5.86,-0.50,43487
4.88,-0.26,43498
3.93,0.16,43510
6.78,-0.13,43522
8.89,0.05,43534
3.81,0.14,43545
5.26,0.45,43557
5.56,0.21,43569
3.78,0.41,43581
9.53,0.53,43592
5.34,0.09,43604
2.46,-0.08,43616
7.57,0.05,43627
5.98,-0.02,43639
5.79,-0.17,43651
5.72,0.32,43663
4.01,0.00,43674
6.12,-0.31,43686
7.36,-0.28,43698
6.30,0.10,43710
3.63,0.12,43721
5.36,-0.12,43734
7.34,0.01,43745
7.38,-0.06,43757
5.55,-0.39,43768
4.05,-0.22,43781
5.17,-0.01,43792
6.78,-0.42,43803
8.98,-0.59,43815
4.69,-0.59,43827
3.00,-0.59,43839
6.66,-0.53,43850
7.13,-0.63,43863
4.88,-0.53,43874
3.73,-0.02,43886
7.73,0.49,43897
8.48,0.42,43910
5.50,0.68,43921
3.59,0.66,43933
4.61,0.23,43944
7.05,0.10,43957
8.06,-0.17,43968
6.33,0.25,43979
4.19,0.35,43992
4.49,0.07,44003
6.89,0.00,44015
8.50,-0.10,44026
5.32,-0.27,44039
3.77,-0.33,44050
6.12,0.05,44062
8.18,0.11,44073
7.04,0.06,44086
4.38,0.03,44097
4.26,-0.26,44109
6.09,-0.15,44121
8.01,-0.22,44133
6.42,-0.39,44144
3.73,-0.33,44155
3.57,-0.70,44168
6.89,-0.67,44179
9.20,-0.21,44191
5.51,-0.08,44203
3.49,-0.26,44215
6.22,-0.19,44226
6.13,-0.23,44238
7.53,-0.35,44250
3.21,-0.37,44262
4.69,-0.29,44273
8.04,0.10,44285
7.86,0.10,44297
5.05,0.21,44309
3.78,0.12,44320
5.43,-0.03,44333
6.80,-0.14,44344
7.10,0.34,44355
4.82,0.12,44367
3.63,-0.07,44379
6.14,0.33,44391
7.96,0.40,44402
6.61,-0.23,44414
4.98,0.11,44426
3.79,-0.36,44438
7.42,-0.25,44449
5.15,-0.20,44462
4.97,-0.10,44473
5.69,-0.32,44485
4.00,-0.25,44496
7.66,-0.49,44509
7.87,-0.21,44520
2.62,-0.07,44532
4.77,-0.47,44544
8.05,-0.19,44555
6.88,-0.21,44567
8.03,-0.42,44578
3.97,-0.42,44591
4.97,-0.30,44602
8.53,-0.43,44614
6.36,-0.76,44625
5.18,-0.97,44638
5.65,-0.83,44649
7.05,-0.67,44661
6.75,-0.19,44673
5.39,0.09,44685
2.83,0.48,44696
4.64,0.36,44708
9.17,0.66,44720
6.40,0.51,44731
3.75,0.51,44743
7.38,0.30,44754
6.26,0.31,44767
5.71,0.31,44778
7.55,0.05,44790
5.05,-0.07,44802
3.97,-0.58,44814
6.94,-0.89,44825
7.33,-0.69,44837
5.02,-0.06,44849
4.58,0.51,44861
6.23,0.70,44872
5.62,0.35,44884
5.57,0.43,44896
8.00,-0.09,44907
5.34,0.17,44919
4.66,-0.06,44931
8.24,-0.63,44943
6.09,-0.57,44954
3.67,-0.78,44966
5.08,-0.61,44978
6.85,-0.54,44990
6.25,-0.52,45001
6.06,-0.69,45014
5.84,-0.69,45025
5.83,-0.35,45037
8.41,0.36,45048
5.56,1.14,45061
4.38,1.12,45072
6.76,0.71,45084
6.52,0.64,45095
5.79,-0.34,45107
7.30,0.16,45119
4.05,-0.11,45130
5.22,-0.31,45143
7.89,-0.12,45154
4.96,-0.25,45166
5.42,-0.05,45177
5.67,0.10,45190
6.43,0.80,45201
7.70,0.42,45213
4.73,0.35,45224
5.19,0.34,45237
5.79,0.65,45248
4.85,0.43,45260
8.74,0.48,45272
5.19,0.00,45284
3.47,-0.27,45295
7.36,-0.23,45306
5.05,-0.14,45319
6.73,0.48,45330
5.71,0.73,45342
4.22,0.71,45353
6.48,0.78,45366
6.80,0.90,45377
6.58,0.87,45389
7.28,0.74,45401
4.71,0.47,45413
7.58,0.29,45424
3.65,0.05,45436
5.26,0.09,45448
6.63,0.42,45460
3.41,0.21,45471
6.15,-0.18,45483
5.64,0.35,45495
4.63,0.27,45506
4.94,0.71,45518
4.99,1.14,45530
6.91,0.91,45542
6.62,0.48,45553
6.07,0.32,45565
6.56,0.54,45577
6.00,-0.05,45589
5.61,-0.04,45600
5.00,-0.05,45613
4.35,-0.29,45624
6.19,-0.47,45636
6.15,-0.36,45647
4.74,0.19,45660
5.54,0.22,45671
6.30,0.65,45682
5.45,0.39,45694
6.81,0.69,45706
5.55,0.38,45718
5.32,0.40,45729
8.58,0.36,45742
6.08,-0.12,45753
4.09,-0.43,45765
6.07,-0.60,45776
5.27,-0.80,45789
5.49,-0.67,45800
5.56,-0.26,45812
4.49,0.27,45824
6.27,0.71,45836
6.89,0.60,45847
6.77,0.78,45858
4.97,1.41,45871
6.16,0.71,45882
6.34,0.61,45894
5.65,0.23,45905
7.36,0.07,45918
4.76,-0.23,45929
3.83,-0.19,45941
6.48,-0.20,45953
6.21,-0.53,45965
6.30,-0.33,45976
6.37,-0.02,45988
4.16,0.28,46000
6.26,0.85,46012
7.58,0.68,46023
5.96,0.49,46035
6.47,0.12,46047
4.55,0.22,46058
5.44,0.12,46070
7.27,-0.37,46082
4.28,-0.82,46094
3.79,-0.62,46105
5.45,-0.72,46117
5.48,-0.73,46129
5.67,-0.12,46141
5.85,-0.20,46152
5.28,-0.19,46164
4.81,0.41,46176
6.49,0.3