962790.00
8733.00
-413.41,25.60,1123
-412.92,25.22,1124
-413.97,25.02,1125
-414.03,25.18,1136
-412.13,25.39,1148
-412.62,25.68,1160
-411.95,26.03,1171
-411.84,26.01,1183
-412.39,25.92,1195
-411.10,26.00,1207
-412.05,25.78,1218
-413.03,25.58,1230
-411.32,25.34,1242
-413.03,25.07,1254
-413.27,25.17,1265
-413.40,25.34,1276
-413.56,25.51,1289
-410.89,25.87,1300
-411.88,26.09,1312
-412.55,26.14,1324
-411.50,26.09,1336
-412.54,25.84,1347
-412.37,25.61,1359
-411.62,25.33,1371
-413.29,25.08,1383
-412.84,24.95,1394
-412.26,25.16,1406
-413.59,25.54,1418
-413.86,25.91,1430
-413.33,26.23,1441
-411.52,26.21,1453
-410.29,26.18,1465
-412.33,25.82,1476
-412.96,25.32,1488
-412.98,25.11,1500
-412.70,25.08,1512
-412.39,25.27,1523
-413.55,25.47,1536
-412.12,25.66,1547
-410.86,25.89,1559
-412.45,26.10,1570
-412.85,26.23,1583
-412.22,26.02,1594
-412.38,25.91,1605
-412.40,25.50,1617
-413.27,25.30,1629
-413.04,25.24,1641
-412.06,25.22,1652
-412.18,25.49,1665
-412.83,25.67,1676
-412.86,25.78,1688
-412.82,25.90,1699
-411.84,25.94,1712
-411.72,25.93,1723
-413.27,25.85,1735
-411.95,25.54,1746
-412.04,25.22,1758
-413.05,25.03,1770
-412.22,25.11,1781
-413.89,25.22,1794
-412.62,25.65,1805
-410.60,26.04,1817
-412.31,26.04,1828
-413.05,26.02,1841
-412.16,25.94,1852
-411.64,25.66,1864
-412.41,25.41,1875
-413.39,25.27,1888
-412.65,25.20,1899
-412.38,25.23,1910
-412.89,25.57,1923
-412.56,25.70,1934
-414.42,25.92,1946
-412.13,25.98,1957
-411.27,25.96,1970
-413.51,26.02,1981
-412.30,25.72,1993
-411.29,25.60,2004
-413.23,25.28,2017
-412.57,25.07,2028
-411.92,25.13,2040
-413.83,25.25,2052
-413.14,25.54,2063
-411.50,25.90,2075
-412.53,26.10,2086
-412.15,26.12,2099
-412.02,25.98,2110
-413.13,25.59,2122
-412.53,25.37,2134
-412.69,25.38,2146
-413.31,25.15,2157
-413.41,25.11,2169
-412.39,25.36,2181
-412.79,25.45,2193
-413.99,25.75,2204
-411.99,25.98,2215
-411.81,26.08,2228
-413.25,26.06,2239
-411.79,25.76,2251
-412.24,25.57,2263
-412.86,25.36,2275
-412.03,25.29,2286
-413.01,25.16,2298
-413.32,25.18,2310
-412.27,25.48,2322
-412.63,25.60,2333
-413.29,25.89,2345
-412.00,26.24,2357
-411.37,26.11,2368
-413.19,26.02,2380
-412.06,25.67,2392
-412.23,25.20,2404
-413.77,25.10,2415
-411.76,25.09,2427
-412.14,25.26,2439
-413.45,25.52,2451
-412.27,25.81,2462
-412.51,25.92,2475
-412.75,26.08,2486
-412.22,26.08,2498
-411.84,26.02,2509
-412.63,25.72,2521
-412.75,25.30,2533
-412.23,25.21,2544
-413.12,25.10,2556
-413.66,25.04,2568
-412.50,25.36,2580
-411.47,25.62,2591
-412.84,25.98,2604
-412.01,26.17,2615
-411.35,26.13,2627
-413.65,25.92,2638
-411.22,25.55,2651
-411.82,25.27,2662
-414.54,25.09,2673
-412.37,25.22,2685
-412.85,25.29,2697
-414.32,25.42,2709
-411.86,25.84,2720
-413.54,25.96,2733
-411.75,26.04,2744
-412.92,26.04,2756
-413.00,25.67,2767
-410.96,25.46,2780
-412.46,25.30,2791
-412.64,25.20,2803
-412.83,25.10,2814
-412.31,25.41,2826
-412.11,25.59,2838
-412.88,25.76,2849
-411.34,25.94,2862
-412.31,25.94,2873
-413.40,26.02,2885
-411.19,25.72,2896
-412.95,25.64,2909
-413.62,25.58,2920
-411.86,25.32,2932
-413.63,25.30,2944
-413.21,25.31,2956
-411.69,25.43,2967
-413.00,25.62,2979
-411.63,25.78,2991
-411.30,25.89,3002
-413.27,25.88,3014
-412.36,25.87,3025
-412.64,25.47,3038
-413.42,25.26,3049
-412.46,25.39,3061
-413.25,25.42,3073
-412.66,25.57,3085
-412.00,25.60,3096
-411.59,25.69,3108
-412.53,25.83,3120
-412.82,25.77,3132
-412.25,25.70,3143
-413.10,25.80,3154
-413.24,25.67,3167
-413.02,25.71,3178
-412.36,25.70,3190
-412.57,25.54,3202
-412.74,25.43,3214
-412.70,25.48,3225
-412.81,25.36,3237
-411.97,25.55,3249
-412.13,25.95,3261
-412.27,25.84,3272
-412.44,25.83,3284
-412.63,25.72,3296
-411.89,25.39,3307
-412.04,25.40,3319
-413.05,25.42,3331
-413.06,25.46,3343
-412.11,25.49,3354
-412.81,25.52,3366
-413.23,25.56,3378
-412.15,25.76,3390
-412.47,26.02,3401
-412.90,25.88,3414
-411.82,25.75,3425
-411.81,25.57,3437
-413.01,25.40,3448
-413.51,25.42,3460
-412.46,25.47,3472
-412.90,25.53,3483
-411.69,25.57,3495
-412.45,25.56,3507
-413.08,25.78,3519
-412.02,25.75,3530
-412.22,25.80,3543
-412.67,25.81,3554
-411.39,25.62,3566
-412.55,25.40,3577
-414.03,25.24,3590
-411.97,25.38,3601
-412.79,25.37,3612
-413.42,25.54,3624
-412.03,25.63,3636
-412.51,25.79,3648
-411.83,26.02,3659
-411.08,25.95,3672
-413.00,25.89,3683
-412.90,25.64,3695
-411.93,25.31,3706
-412.32,25.16,3719
-412.51,25.17,3730
-412.62,25.44,3742
-413.01,25.58,3753
-412.57,25.83,3765
-411.26,25.84,3777
-411.72,25.78,3788
-412.82,25.95,3801
-412.06,25.78,3812
-411.21,25.55,3824
-413.32,25.33,3835
-413.24,25.21,3848
-412.07,25.14,3859
-413.35,25.37,3871
-411.98,25.70,3883
-412.88,25.77,3895
-412.35,25.87,3906
-411.74,26.03,3917
-413.09,26.03,3930
-413.49,25.78,3941
-412.21,25.43,3953
-412.34,25.37,3964
-413.09,25.26,3977
-412.91,25.36,3988
-413.31,25.62,4000
-412.77,25.61,4012
-412.01,25.78,4024
-412.12,25.91,4035
-412.86,25.87,4047
-412.59,25.88,4059
-411.89,25.72,4071
-413.08,25.58,4082
-412.93,25.36,4093
-412.40,25.19,4106
-413.05,25.17,4117
-412.86,25.41,4129
-412.40,25.81,4141
-412.70,25.81,4153
-412.36,25.93,4164
-411.53,25.83,4176
-412.13,25.68,4188
-412.72,25.67,4200
-412.71,25.58,4211
-412.85,25.36,4224
-412.65,25.31,4235
-412.52,25.44,4246
-413.34,25.53,4258
-413.51,25.61,4270
-411.41,25.65,4282
-412.39,25.62,4293
-412.29,25.84,4305
-412.30,25.77,4317
-412.90,25.70,4329
-412.24,25.70,4340
-412.18,25.50,4353
-412.80,25.40,4364
-412.83,25.41,4376
-412.26,25.45,4387
-412.33,25.62,4399
-413.26,25.77,4411
-412.79,25.76,4422
-411.34,25.79,4434
-412.64,25.73,4446
-413.76,25.75,4458
-412.89,25.48,4469
-412.61,25.35,4482
-411.92,25.30,4493
-412.68,25.53,4505
-413.87,25.48,4516
-412.73,25.65,4529
-411.86,25.71,4540
-412.78,25.57,4551
-413.56,25.70,4563
-412.58,25.61,4575
-411.63,25.49,4587
-411.26,25.62,4598
-412.84,25.54,4611
-413.14,25.53,4622
-412.06,25.65,4634
-412.61,25.66,4645
-412.72,25.48,4658
-413.70,25.44,4669
-411.53,25.51,4681
-413.21,25.52,4692
-413.20,25.81,4704
-411.66,25.76,4716
-412.71,25.51,4727
-412.42,25.60,4740
-411.75,25.58,4751
-413.12,25.53,4763
-412.21,25.58,4774
-411.60,25.62,4787
-412.15,25.58,4798
-412.56,25.61,4810
-412.91,25.79,4822
-411.97,25.68,4834
-412.56,25.54,4845
-412.71,25.45,4856
-412.69,25.36,4869
-413.85,25.49,4880
-413.10,25.63,4892
-411.37,25.73,4903
-412.31,25.70,4916
-413.50,25.63,4927
-411.80,25.67,4939
-412.44,25.52,4951
-413.55,25.54,4963
-412.40,25.64,4974
-412.22,25.63,4986
-412.12,25.64,4998
-412.21,25.64,5009
-412.73,25.44,5021
-412.76,25.35,5032
-412.39,25.38,5045
-412.01,25.34,5056
-412.99,25.45,5068
-412.47,25.68,5080
-412.54,25.49,5092
-412.07,25.70,5103
-411.59,25.78,5115
-412.90,25.64,5127
-412.96,25.56,5139
-411.77,25.49,5150
-412.84,25.51,5161
-412.70,25.49,5174
-411.72,25.69,5185
-412.28,25.75,5197
-412.18,25.74,5209
-412.30,25.62,5221
-412.56,25.40,5232
-411.83,25.49,5244
-412.22,25.60,5256
-412.28,25.67,5268
-412.14,25.88,5279
-412.90,25.75,5292
-412.13,25.63,5303
-411.98,25.48,5314
-412.85,25.56,5326
-411.91,25.75,5338
-412.54,25.68,5350
-413.30,25.60,5361
-411.57,25.53,5373
-413.04,25.63,5385
-412.94,25.58,5397
-411.93,25.64,5408
-412.70,25.66,5421
-412.07,25.53,5432
-412.36,25.61,5444
-411.67,25.55,5455
-412.53,25.68,5468
-412.56,25.87,5479
-412.11,25.55,5490
-412.83,25.45,5502
-412.88,25.43,5514
-412.82,25.44,5526
-412.59,25.56,5537
-411.69,25.65,5550
-412.99,25.70,5561
-413.53,25.64,5573
-412.00,25.65,5584
-412.72,25.57,5597
-412.64,25.60,5608
-411.77,25.61,5619
-412.44,25.42,5632
-413.31,25.47,5643
-412.94,25.66,5655
-412.37,25.62,5666
-412.46,25.72,5679
-412.42,25.69,5690
-411.32,25.67,5702
-412.96,25.74,5713
-413.94,25.66,5726
-412.20,25.56,5737
-412.54,25.50,5749
-413.50,25.59,5761
-412.47,25.42,5773
-412.30,25.39,5784
-413.03,25.49,5795
-412.45,25.63,5808
-413.27,25.90,5819
-413.60,25.80,5831
-412.37,25.70,5842
-412.67,25.60,5855
-412.55,25.45,5866
-412.74,25.52,5878
-413.00,25.61,5890
-412.45,25.75,5902
-412.87,25.69,5913
-413.08,25.56,5925
-412.11,25.47,5937
-412.82,25.56,5948
-412.26,25.47,5960
-411.54,25.53,5971
-412.54,25.91,5984
-412.60,25.91,5995
-413.26,25.81,6007
-412.68,25.73,6019
-411.98,25.62,6031
-412.61,25.55,6042
-413.21,25.52,6054
-412.22,25.50,6066
-412.47,25.50,6078
-412.65,25.58,6089
-411.96,25.74,6100
-412.72,25.68,6113
-411.87,25.72,6124
-411.88,25.66,6136
-412.75,25.56,6148
-412.15,25.46,6160
-413.19,25.47,6171
-412.26,25.64,6183
-411.09,25.63,6195
-413.09,25.68,6207
-413.25,25.77,6218
-412.21,25.65,6231
-411.93,25.59,6242
-412.27,25.60,6253
-412.99,25.61,6265
-413.09,25.49,6277
-412.45,25.49,6289
-412.22,25.61,6300
-412.41,25.54,6312
-413.01,25.66,6324
-411.49,25.57,6336
-411.63,25.61,6347
-413.46,25.76,6360
-411.97,25.59,6371
-412.07,25.80,6383
-412.77,25.87,6394
-411.94,25.63,6406
-413.24,25.54,6418
-413.42,25.35,6429
-411.65,25.32,6441
-412.68,25.45,6453
-413.27,25.64,6465
-411.73,25.76,6476
-411.89,25.69,6489
-412.32,25.63,6500
-412.36,25.55,6512
-413.08,25.76,6523
-412.53,25.71,6536
-412.52,25.82,6547
-412.12,25.84,6558
-412.51,25.56,6571
-413.81,25.55,6582
-411.36,25.57,6594
-411.87,25.48,6605
-413.61,25.48,6618
-412.58,25.49,6629
-412.67,25.66,6641
-411.84,25.74,6652
-413.28,25.78,6665
-413.11,25.61,6676
-411.38,25.51,6688
-413.03,25.50,6700
-413.11,25.28,6711
-412.56,25.50,6723
-412.44,25.58,6734
-412.30,25.72,6747
-413.04,25.82,6758
-412.48,25.68,6770
-412.62,25.76,6781
-412.87,25.65,6794
-412.29,25.54,6805
-413.15,25.53,6817
-413.18,25.55,6829
-412.08,25.46,6841
-412.82,25.37,6852
-412.97,25.53,6864
-411.94,25.58,6876
-412.60,25.56,6887
-412.28,25.79,6899
-411.13,25.74,6910
-413.23,25.86,6923
-412.68,25.77,6934
-411.34,25.67,6946
-412.67,25.66,6958
-412.11,25.49,6970
-412.70,25.44,6981
-413.01,25.37,6993
-411.57,25.58,7005
-412.38,25.68,7017
-412.79,25.79,7028
-412.38,25.79,7040
-412.10,25.70,7052
-412.93,25.69,7063
-413.41,25.46,7075
-411.98,25.50,7087
-411.90,25.55,7099
-412.86,25.44,7110
-412.41,25.67,7122
-412.40,25.65,7134
-411.24,25.70,7146
-411.26,25.67,7157
-412.58,25.69,7170
-412.78,25.52,7181
-413.38,25.57,7192
-412.41,25.61,7204
-411.69,25.48,7216
-412.75,25.50,7228
-412.37,25.65,7239
-411.80,25.58,7251
-412.62,25.71,7263
-412.57,25.70,7275
-411.87,25.62,7286
-412.38,25.59,7299
-412.75,25.43,7310
-412.27,25.50,7322
-412.50,25.49,7333
-412.76,25.46,7345
-412.82,25.57,7357
-412.54,25.65,7368
-412.68,25.65,7380
-411.85,25.64,7392
-412.53,25.57,7404
-411.96,25.47,7415
-412.70,25.52,7428
-412.85,25.66,7439
-412.32,25.48,7451
-412.44,25.57,7462
-411.44,25.46,7475
-412.24,25.55,7486
-413.00,25.73,7497
-412.44,25.63,7510
-412.83,25.55,7521
-411.88,25.57,7533
-412.51,25.67,7544
-413.45,25.67,7557
-412.58,25.61,7568
-412.00,25.75,7580
-411.65,25.84,7591
-411.75,25.88,7604
-412.54,25.69,7615
-412.70,25.50,7627
-411.91,25.53,7639
-412.71,25.51,7650
-413.09,25.72,7662
-412.44,25.73,7673
-412.30,25.72,7686
-412.19,25.66,7697
-412.71,25.56,7709
-413.07,25.56,7720
-412.99,25.50,7733
-412.87,25.57,7744
-411.42,25.59,7756
-412.88,25.53,7768
-413.76,25.61,7780
-411.64,25.57,7791
-412.58,25.49,7802
-411.85,25.51,7815
-412.71,25.65,7826
-412.73,25.73,7838
-412.02,25.67,7849
-412.41,25.74,7862
-412.83,25.69,7873
-412.02,25.75,7885
-411.88,25.71,7897
-412.80,25.54,7909
-413.22,25.56,7920
-411.69,25.57,7932
-411.50,25.57,7944
-412.66,25.58,7955
-412.60,25.66,7967
-412.52,25.65,7979
-412.99,25.47,7991
-412.12,25.57,8002
-412.89,25.61,8014
-412.98,25.54,8026
-412.02,25.65,8038
-411.70,25.61,8049
-411.91,25.67,8061
-412.83,25.69,8073
-412.33,25.60,8085
-411.11,25.57,8096
-411.76,25.71,8108
-413.64,25.75,8120
-412.84,25.56,8131
-411.97,25.61,8143
-412.67,25.58,8155
-412.00,25.64,8167
-413.16,25.75,8178
-412.76,25.56,8190
-412.75,25.70,8202
-413.95,25.63,8214
-412.58,25.58,8225
-412.77,25.57,8238
-412.47,25.56,8249
-411.85,25.50,8261
-412.90,25.55,8272
-412.89,25.68,8284
-410.62,25.71,8296
-412.52,25.72,8307
-413.92,25.74,8320
-412.20,25.62,8331
-412.14,25.61,8343
-412.65,25.56,8354
-413.53,25.63,8367
-413.56,25.59,8378
-411.76,25.51,8390
-411.82,25.70,8401
-412.22,25.62,8414
-412.72,25.55,8425
-413.47,25.64,8436
-412.50,25.68,8449
-411.35,25.72,8460
-412.89,25.61,8472
-413.42,25.59,8483
-412.47,25.53,8496
-412.79,25.53,8507
-411.83,25.52,8519
-412.88,25.54,8530
-413.14,25.76,8543
-411.74,25.70,8554
-412.04,25.69,8566
-411.92,25.76,8578
-412.78,25.55,8589
-411.85,25.58,8601
-412.82,25.56,8612
-412.98,25.52,8625
-412.52,25.57,8636
-412.86,25.49,8648
-412.21,25.62,8659
-412.36,25.72,8672
-413.72,25.78,8683
-411.64,25.57,8695
-412.01,25.68,8707
-412.69,25.77,8719
-412.65,25.58,8730
-412.47,25.66,8741
-412.35,25.44,8754
-412.34,25.35,8765
-412.64,25.54,8777
-412.58,25.54,8788
-413.32,25.65,8801
-411.90,25.77,8812
-411.16,25.76,8824
-413.26,25.75,8836
-413.51,25.71,8848
-411.85,25.64,8859
-412.22,25.48,8871
-412.61,25.60,8883
-412.30,25.37,8894
-411.84,25.26,8906
-411.92,25.57,8918
-412.82,25.73,8930
-413.38,25.80,8941
-412.66,25.88,8953
-412.26,25.78,8965
-412.17,25.66,8977
-413.21,25.37,8988
-412.55,25.29,9000
-412.05,25.37,9012
-412.53,25.61,9024
-412.88,25.80,9035
-413.20,25.71,9047
-412.17,25.70,9059
-411.04,25.63,9070
-412.45,25.69,9082
-412.63,25.55,9094
-412.41,25.63,9106
-412.97,25.65,9117
-412.58,25.60,9129
-413.10,25.70,9141
-413.34,25.63,9153
-411.72,25.66,9164
-412.31,25.66,9177
-412.47,25.64,9188
-412.36,25.73,9199
-413.11,25.73,9211
-411.92,25.87,9223
-411.68,25.76,9235
-412.33,25.68,9246
-411.73,25.45,9259
-413.13,25.24,9270
-412.70,25.59,9282
-411.12,25.65,9293
-413.57,25.68,9306
-412.55,25.84,9317
-410.91,25.67,9329
-413.17,25.68,9340
-413.11,25.75,9352
-411.59,25.59,9364
-412.46,25.42,9375
-412.06,25.27,9388
-413.47,25.41,9399
-412.02,25.44,9411
-412.05,25.64,9422
-412.97,25.74,9435
-411.43,25.86,9446
-412.65,25.89,9458
-412.98,25.54,9469
-412.12,25.62,9482
-413.28,25.63,9493
-412.88,25.62,9504
-412.23,25.60,9517
-412.53,25.41,9528
-412.08,25.40,9540
-412.44,25.48,9551
-412.47,25.59,9564
-411.99,25.75,9575
-412.21,25.90,9587
-411.39,25.79,9598
-411.31,25.58,9611
-413.79,25.63,9622
-411.94,25.44,9634
-411.05,25.43,9646
-414.04,25.44,9657
-412.87,25.30,9669
-412.42,25.53,9680
-413.69,25.63,9693
-411.97,25.77,9704
-412.30,26.00,9716
-413.06,25.97,9728
-412.47,25.86,9740
-411.87,25.65,9751
-413.25,25.44,9763
-412.39,25.37,9775
-412.22,25.40,9787
-412.83,25.47,9798
-412.22,25.48,9809
-412.59,25.71,9822
-413.40,25.79,9833
-412.09,25.94,9845
-412.49,25.92,9857
-413.17,25.75,9869
-411.93,25.77,9880
-412.28,25.64,9892
-413.38,25.52,9904
-412.90,25.40,9916
-412.20,25.35,9927
-413.71,25.47,9939
-412.99,25.57,9951
-411.14,25.81,9962
-412.46,25.71,9974
-412.74,25.60,9986
-411.26,25.68,9998
-411.42,25.64,10009
-413.05,25.77,10021
-412.27,25.64,10033
-412.14,25.39,10045
-413.13,25.34,10056
-412.39,25.46,10068
-413.06,25.68,10080
-412.27,25.77,10092
-411.38,25.91,10103
-413.02,25.86,10115
-413.26,25.71,10127
-412.07,25.70,10138
-411.67,25.48,10150
-412.54,25.53,10162
-412.83,25.44,10174
-413.34,25.29,10185
-412.03,25.50,10198
-411.09,25.65,10209
-413.36,25.74,10221
-412.73,25.68,10232
-410.33,25.78,10245
-412.31,25.74,10256
-413.38,25.73,10267
-411.28,25.91,10279
-411.99,25.83,10291
-412.54,25.53,10303
-411.84,25.39,10314
-412.99,25.39,10327
-413.36,25.43,10338
-411.99,25.54,10350
-413.05,25.94,10361
-413.48,25.93,10374
-412.16,25.91,10385
-411.83,25.91,10397
-412.29,25.49,10408
-412.81,25.54,10420
-412.93,25.47,10432
-412.69,25.38,10443
-412.82,25.42,10456
-412.21,25.41,10467
-412.80,25.51,10479
-413.15,25.60,10490
-411.71,25.82,10503
-411.92,25.83,10514
-413.57,25.82,10526
-412.11,25.74,10537
-411.91,25.56,10550
-411.93,25.58,10561
-413.44,25.52,10572
-413.14,25.37,10585
-410.96,25.50,10596
-412.78,25.52,10608
-413.52,25.71,10619
-412.36,25.80,10632
-412.34,25.90,10643
-412.58,25.77,10655
-411.60,25.78,10667
-412.40,25.80,10679
-413.77,25.63,10690
-413.37,25.53,10702
-411.39,25.38,10714
-412.26,25.40,10725
-413.95,25.45,10737
-412.72,25.46,10748
-411.75,25.89,10761
-413.18,25.97,10772
-412.19,26.05,10784
-412.59,25.85,10796
-413.23,25.54,10808
-412.11,25.46,10819
-412.76,25.29,10831
-413.22,25.28,10843
-412.14,25.47,10855
-412.28,25.58,10866
-412.80,25.76,10877
-412.36,25.84,10890
-413.24,25.92,10901
-413.02,25.79,10913
-412.10,25.79,10925
-412.59,25.78,10937
-412.39,25.62,10948
-412.48,25.74,10960
-412.77,25.55,10972
-413.23,25.39,10984
-412.05,25.40,10995
-411.99,25.35,11008
-413.78,25.56,11019
-412.22,25.79,11030
-411.85,25.98,11042
-413.72,26.01,11054
-411.63,25.99,11066
-411.72,25.82,11077
-413.79,25.43,11089
-412.36,25.36,11101
-412.41,25.18,11113
-413.76,25.18,11124
-412.61,25.51,11137
-412.13,25.71,11148
-413.20,25.81,11160
-412.58,25.81,11171
-411.88,25.75,11183
-413.20,25.70,11195
-413.13,25.64,11206
-411.12,25.59,11218
-411.92,25.50,11230
-412.76,25.45,11242
-412.07,25.43,11253
-412.88,25.46,11266
-413.43,25.62,11277
-412.12,25.68,11289
-411.66,25.94,11300
-412.72,25.87,11313
-412.23,25.77,11324
-411.43,25.87,11335
-412.72,25.61,11347
-411.95,25.56,11359
-413.55,25.47,11371
-412.98,25.44,11382
-411.87,25.41,11395
-413.41,25.40,11406
-413.16,25.60,11418
-411.39,25.81,11429
-411.61,25.96,11442
-412.06,25.79,11453
-411.70,25.86,11465
-412.14,25.81,11476
-412.13,25.51,11488
-411.40,25.43,11500
-412.77,25.29,11511
-413.15,25.29,11524
-412.94,25.54,11535
-412.99,25.75,11547
-412.24,25.78,11558
-412.03,25.75,11571
-411.81,25.86,11582
-412.07,25.76,11594
-412.33,25.70,11606
-411.96,25.72,11618
-412.54,25.50,11629
-412.86,25.45,11640
-412.37,25.36,11653
-413.11,25.42,11664
-413.79,25.62,11676
-411.96,25.64,11687
-411.68,25.87,11700
-413.29,25.97,11711
-412.81,25.85,11723
-411.72,25.69,11735
-412.90,25.43,11747
-412.50,25.40,11758
-412.65,25.28,11770
-412.99,25.41,11782
-411.91,25.51,11793
-412.57,25.65,11805
-413.52,25.81,11816
-411.94,25.81,11829
-411.88,25.95,11840
-412.34,25.70,11852
-412.57,25.68,11864
-412.89,25.69,11876
-412.71,25.36,11887
-412.91,25.43,11899
-412.43,25.43,11911
-412.93,25.46,11923
-413.03,25.54,11934
-411.28,25.72,11945
-412.44,25.91,11958
-413.47,25.84,11969
-412.23,25.89,11981
-411.85,25.76,11993
-412.40,25.62,12005
-412.01,25.57,12016
-412.80,25.44,12028
-413.57,25.40,12040
-411.89,25.41,12052
-412.65,25.47,12063
-413.33,25.63,12076
-411.99,25.77,12087
-411.74,25.92,12098
-412.22,25.96,12110
-412.54,25.91,12122
-412.43,25.73,12134
-411.77,25.45,12145
-411.36,25.22,12157
-413.40,25.36,12169
-413.23,25.50,12181
-411.76,25.46,12192
-411.60,25.72,12205
-412.49,25.83,12216
-411.43,25.87,12228
-411.87,25.90,12239
-412.69,25.68,12251
-411.29,25.70,12263
-411.87,25.64,12274
-413.27,25.43,12286
-411.76,25.38,12298
-412.34,25.33,12310
-413.78,25.37,12321
-412.69,25.45,12334
-412.47,25.71,12345
-411.72,25.80,12357
-411.89,25.83,12368
-413.38,26.00,12381
-411.79,25.77,12392
-412.65,25.57,12403
-412.15,25.32,12416
-412.12,25.06,12427
-413.91,25.26,12439
-412.16,25.49,12450
-411.41,25.71,12463
-412.77,25.88,12474
-412.23,26.00,12486
-412.45,25.86,12497
-412.17,25.71,12510
-413.03,25.60,12521
-413.13,25.51,12533
-411.63,25.45,12545
-412.87,25.46,12556
-412.96,25.41,12568
-412.34,25.45,12579
-413.22,25.48,12592
-410.71,25.66,12603
-411.68,25.87,12615
-413.63,26.05,12626
-411.76,26.06,12639
-412.13,25.91,12650
-412.39,25.58,12662
-411.86,25.38,12674
-413.06,25.17,12686
-413.18,25.12,12697
-411.70,25.05,12708
-412.07,25.56,12721
-412.63,25.74,12732
-413.13,25.87,12744
-412.55,26.04,12755
-410.99,25.92,12768
-413.66,25.90,12779
-413.67,25.52,12791
-411.83,25.18,12803
-413.05,25.02,12815
-411.80,25.05,12826
-413.43,25.30,12838
-414.65,25.57,12850
-411.55,25.86,12861
-411.87,25.90,12873
-414.12,25.97,12884
-412.23,26.00,12897
-413.12,25.86,12908
-411.77,25.79,12920
-413.62,25.48,12932
-414.06,25.29,12944
-412.14,25.25,12955
-412.73,25.25,12967
-413.53,25.35,12979
-412.73,25.61,12991
-411.87,25.94,13002
-412.16,26.05,13015
-412.48,25.93,13026
-411.35,25.84,13037
-412.90,25.72,13049
-412.67,25.64,13061
-410.83,25.32,13073
-413.05,25.35,13084
-414.62,25.38,13096
-412.48,25.22,13108
-413.12,25.59,13120
-413.08,25.77,13131
-411.51,26.06,13144
-412.97,26.17,13155
-412.51,25.87,13167
-411.12,25.88,13178
-412.55,25.64,13190
-413.43,25.40,13202
-412.82,25.22,13213
-412.30,25.12,13225
-413.54,25.16,13237
-413.70,25.47,13249
-412.36,25.94,13260
-411.85,25.95,13273
-412.00,26.12,13284
-411.28,26.09,13296
-413.55,25.66,13307
-411.49,25.63,13320
-412.41,25.36,13331
-414.19,25.17,13342
-412.64,25.20,13355
-412.56,25.24,13366
-413.19,25.53,13378
-412.36,25.81,13389
-412.02,26.08,13402
-412.63,26.16,13413
-410.76,26.07,13425
-411.21,25.87,13436
-413.21,25.52,13449
-413.02,25.29,13460
-412.45,25.13,13472
-412.26,25.07,13484
-413.26,25.19,13495
-412.75,25.52,13507
-411.73,25.78,13518
-412.83,25.88,13531
-411.87,26.18,13542
-411.54,26.25,13554
-412.61,26.01,13565
-412.29,25.72,13578
-411.99,25.26,13589
-413.70,25.11,13601
-413.34,25.09,13613
-412.18,25.30,13625
-412.46,25.45,13636
-412.63,25.57,13647
-412.25,25.94,13660
-412.86,25.94,13671
-411.97,25.96,13683
-411.94,25.97,13694
-412.26,25.67,13707
-412.13,25.44,13718
-411.93,25.19,13730
-412.98,25.10,13742
-413.37,25.21,13754
-412.38,25.46,13765
-412.82,25.72,13777
-412.49,25.81,13789
-411.43,26.00,13800
-412.97,25.98,13812
-412.23,25.93,13824
-410.65,25.73,13836
-412.78,25.50,13847
-413.31,25.37,13859
-412.27,25.24,13871
-413.13,25.26,13883
-413.06,25.33,13894
-411.94,25.47,13906
-412.74,25.66,13918
-412.50,25.80,13930
-410.89,25.92,13941
-411.89,25.91,13953
-412.81,25.88,13965
-411.79,25.72,13976
-411.56,25.34,13988
-412.83,25.22,14000
-413.72,25.04,14012
-412.70,25.16,14023
-412.66,25.54,14035
-412.15,25.78,14047
-411.37,26.03,14059
-412.79,25.98,14070
-412.11,25.96,14083
-412.52,25.93,14094
-412.49,25.68,14105
-412.60,25.40,14117
-413.05,25.19,14129
-412.38,25.12,14141
-412.17,25.11,14152
-413.82,25.32,14164
-412.70,25.55,14176
-411.56,25.81,14188
-412.51,26.13,14199
-412.86,26.04,14212
-412.24,25.76,14223
-411.65,25.61,14235
-413.16,25.33,14246
-413.13,25.20,14258
-412.59,25.26,14270
-413.50,25.48,14281
-412.28,25.52,14294
-411.57,25.72,14305
-413.10,25.89,14317
-412.54,25.91,14328
-412.02,26.00,14341
-412.28,25.76,14352
-412.52,25.69,14364
-412.79,25.58,14375
-412.60,25.34,14388
-412.83,25.33,14399
-413.18,25.31,14410
-412.45,25.37,14423
-412.08,25.58,14434
-412.89,25.82,14446
-412.73,25.95,14457
-411.70,25.94,14470
-412.27,25.89,14481
-411.90,25.71,14493
-412.07,25.58,14504
-413.64,25.31,14517
-413.29,25.17,14528
-412.02,25.39,14540
-412.26,25.57,14552
-412.39,25.82,14563
-412.93,25.84,14575
-413.05,25.82,14586
-412.78,25.83,14599
-412.17,25.70,14610
-412.81,25.65,14622
-413.36,25.57,14633
-413.17,25.38,14646
-412.61,25.38,14657
-412.54,25.47,14669
-412.89,25.53,14681
-412.61,25.56,14693
-411.74,25.77,14704
-411.64,25.88,14715
-412.29,25.91,14728
-412.48,25.92,14739
-411.89,25.65,14751
-411.91,25.61,14763
-412.27,25.57,14775
-412.36,25.34,14786
-412.51,25.35,14798
-412.74,25.51,14810
-411.64,25.69,14822
-411.96,25.80,14833
-413.15,25.84,14845
-411.39,25.87,14857
-411.12,25.78,14868
-413.24,25.79,14880
-412.39,25.65,14892
-411.77,25.59,14904
-411.76,25.43,14915
-412.29,25.34,14927
-413.51,25.60,14939
-412.87,25.42,14951
-411.59,25.50,14962
-411.96,25.77,14974
-412.82,25.86,14986
-412.98,25.99,14998
-412.75,25.87,15009
-412.65,25.74,15021
-411.01,25.51,15033
-412.88,25.43,15044
-413.84,25.25,15056
-411.27,25.28,15068
-412.01,25.51,15080
-413.97,25.56,15091
-412.45,26.01,15104
-411.52,26.04,15115
-411.56,25.79,15127
-412.10,25.83,15138
-412.18,25.58,15151
-412.59,25.44,15162
-412.47,25.55,15173
-412.03,25.59,15185
-412.96,25.67,15197
-413.56,25.65,15209
-411.97,25.73,15220
-412.29,25.76,15233
-413.07,25.73,15244
-411.96,25.77,15256
-411.49,25.66,15267
-412.24,25.65,15280
-413.18,25.49,15291
-412.90,25.41,15303
-411.42,25.57,15314
-411.86,25.51,15326
-412.85,25.53,15338
-412.99,25.60,15349
-411.97,25.71,15362
-412.15,25.70,15373
-412.09,25.81,15385
-412.20,25.83,15396
-413.23,25.59,15409
-412.59,25.51,15420
-411.48,25.42,15432
-412.11,25.56,15443
-413.51,25.65,15456
-412.30,25.62,15467
-411.93,25.78,15479
-413.19,25.80,15491
-412.66,25.91,15502
-412.60,25.82,15514
-412.89,25.54,15525
-412.27,25.56,15538
-411.86,25.49,15549
-413.84,25.54,15561
-413.95,25.47,15572
-412.19,25.47,15585
-412.63,25.58,15596
-412.61,25.71,15608
-412.08,25.75,15620
-412.48,25.45,15632
-412.20,25.54,15643
-412.22,25.57,15654
-412.94,25.47,15667
-412.13,25.62,15678
-411.84,25.67,15690
-412.52,25.63,15702
-412.70,25.69,15714
-412.16,25.63,15725
-412.71,25.50,15737
-411.96,25.59,15749
-412.29,25.71,15761
-413.07,25.66,15772
-412.38,25.56,15784
-411.43,25.41,15796
-412.61,25.43,15807
-413.21,25.55,15819
-411.88,25.48,15831
-412.11,25.69,15843
-411.83,25.79,15854
-412.23,25.74,15866
-413.32,25.83,15878
-412.56,25.62,15890
-411.65,25.51,15901
-413.31,25.49,15913
-413.70,25.38,15925
-412.54,25.45,15937
-412.46,25.47,15948
-413.20,25.64,15960
-412.17,25.59,15972
-412.32,25.66,15983
-412.10,25.70,15995
-411.43,25.79,16007
-412.03,25.72,16019
-413.11,25.62,16030
-412.56,25.73,16043
-411.93,25.61,16054
-412.84,25.37,16066
-412.69,25.39,16077
-412.38,25.37,16090
-412.02,25.48,16101
-412.80,25.80,16112
-412.29,25.94,16124
-411.67,25.94,16136
-411.47,25.86,16148
-411.38,25.81,16159
-413.01,25.62,16172
-412.50,25.49,16183
-412.11,25.32,16195
-413.27,25.20,16206
-413.17,25.44,16219
-413.36,25.53,16230
-413.15,25.72,16242
-411.59,25.88,16253
-411.71,26.01,16265
-413.57,25.97,16277
-411.79,25.66,16288
-411.45,25.62,16301
-412.65,25.39,16312
-412.39,25.29,16324
-412.96,25.38,16335
-411.85,25.33,16348
-412.10,25.42,16359
-413.18,25.57,16371
-412.25,25.79,16382
-412.01,25.90,16395
-412.00,25.90,16406
-412.00,25.85,16417
-412.30,25.67,16430
-412.27,25.55,16441
-412.52,25.32,16453
-412.24,25.26,16464
-413.01,25.25,16477
-413.22,25.38,16488
-411.47,25.61,16500
-412.30,25.69,16512
-413.04,26.03,16524
-411.08,25.88,16535
-411.60,25.64,16547
-412.36,25.47,16559
-412.54,25.35,16570
-413.26,25.41,16582
-412.58,25.33,16593
-411.91,25.34,16606
-412.92,25.61,16617
-412.35,25.60,16629
-413.20,25.69,16641
-412.83,25.88,16653
-411.42,25.99,16664
-412.92,25.77,16676
-413.00,25.45,16688
-411.48,25.38,16700
-413.04,25.20,16711
-413.88,25.26,16722
-412.71,25.45,16735
-413.12,25.50,16746
-412.52,25.80,16758
-411.92,25.86,16770
-412.61,25.99,16782
-412.21,26.03,16793
-412.11,25.84,16805
-412.53,25.72,16817
-412.12,25.47,16829
-412.56,25.35,16840
-412.44,25.28,16852
-413.33,25.37,16864
-412.51,25.46,16875
-412.02,25.55,16887
-413.06,25.82,16899
-411.45,25.84,16911
-412.19,25.86,16922
-413.07,25.83,16934
-411.45,25.73,16946
-412.07,25.74,16958
-412.46,25.49,16969
-411.68,25.31,16982
-412.72,25.17,16993
-412.23,25.13,17005
-411.02,25.39,17016
-412.90,25.75,17028
-413.98,25.93,17040
-411.53,25.79,17051
-411.14,25.73,17063
-412.41,25.64,17075
-412.59,25.54,17087
-411.79,25.46,17098
-412.78,25.25,17111
-413.21,25.34,17122
-411.96,25.42,17134
-413.10,25.52,17145
-413.42,25.72,17158
-411.78,25.86,17169
-411.95,26.03,17181
-412.51,25.97,17192
-412.06,25.87,17204
-412.42,25.84,17216
-412.83,25.72,17227
-412.54,25.40,17240
-413.79,25.12,17251
-412.72,25.30,17263
-412.16,25.33,17274
-412.57,25.52,17287
-412.22,25.93,17298
-411.75,25.85,17310
-411.85,25.89,17321
-412.50,25.92,17334
-412.05,25.73,17345
-412.56,25.60,17356
-413.30,25.38,17369
-412.09,25.31,17380
-412.35,25.19,17392
-413.41,25.33,17403
-413.01,25.57,17416
-412.28,25.86,17427
-412.94,26.07,17439
-412.26,26.00,17451
-411.34,26.11,17463
-412.51,25.80,17474
-412.89,25.52,17486
-412.06,25.43,17498
-413.20,25.29,17509
-413.44,25.32,17521
-412.03,25.37,17532
-412.98,25.53,17545
-414.19,25.75,17556
-412.64,25.80,17568
-412.24,25.88,17580
-411.79,25.88,17592
-411.72,25.85,17603
-412.53,25.56,17615
-412.68,25.22,17627
-412.42,25.18,17639
-412.46,25.24,17650
-413.03,25.46,17661
-412.99,25.62,17674
-412.17,25.76,17685
-412.57,26.01,17697
-412.57,26.08,17709
-412.37,26.01,17721
-412.04,25.72,17732
-411.64,25.48,17744
-413.18,25.41,17756
-413.00,25.21,17768
-412.60,25.28,17779
-412.60,25.36,17792
-412.33,25.53,17803
-412.70,25.68,17814
-412.66,25.82,17826
-412.21,25.87,17838
-411.13,25.78,17850
-412.40,25.91,17861
-413.28,25.71,17873
-412.64,25.28,17885
-412.56,25.17,17897
-412.37,25.10,17908
-413.62,25.26,17921
-412.57,25.46,17932
-412.49,25.66,17944
-413.35,25.95,17955
-411.62,26.04,17967
-411.88,25.95,17979
-412.46,25.77,17990
-411.86,25.58,18002
-412.52,25.33,18014
-413.16,25.24,18026
-412.13,25.45,18037
-412.48,25.44,18050
-412.37,25.49,18061
-412.57,25.68,18073
-412.54,25.82,18084
-411.69,26.02,18097
-412.52,26.04,18108
-412.64,25.83,18119
-412.64,25.69,18131
-413.03,25.61,18143
-412.61,25.39,18155
-413.44,25.16,18166
-413.34,25.40,18179
-412.06,25.53,18190
-412.45,25.74,18202
-412.57,25.74,18213
-412.55,25.79,18226
-412.76,25.90,18237
-411.71,25.76,18249
-412.11,25.84,18260
-413.36,25.70,18272
-413.07,25.41,18284
-412.37,25.21,18295
-412.30,25.25,18308
-412.81,25.54,18319
-413.13,25.61,18331
-412.59,25.75,18342
-411.85,25.89,18355
-412.40,25.93,18366
-412.62,25.96,18378
-412.93,25.57,18390
-413.26,25.50,18402
-413.10,25.33,18413
-413.99,25.33,18424
-412.69,25.54,18437
-412.20,25.47,18448
-412.23,25.58,18460
-412.78,25.68,18471
-412.85,25.76,18484
-411.87,25.74,18495
-412.33,25.85,18507
-412.19,25.83,18519
-412.17,25.54,18531
-412.15,25.47,18542
-412.55,25.24,18554
-412.93,25.20,18566
-412.76,25.45,18577
-412.42,25.66,18589
-412.63,25.96,18600
-412.46,25.88,18613
-412.13,25.72,18624
-412.70,25.74,18636
-412.88,25.76,18648
-412.37,25.70,18660
-412.52,25.53,18671
-412.97,25.44,18683
-413.55,25.36,18695
-412.81,25.34,18707
-412.23,25.50,18718
-412.43,25.61,18729
-412.35,25.87,18742
-412.26,25.80,18753
-412.20,25.76,18765
-412.42,25.84,18777
-413.08,25.58,18789
-412.12,25.42,18800
-413.11,25.33,18812
-412.32,25.31,18824
-413.64,25.39,18836
-413.19,25.59,18847
-411.41,25.89,18860
-411.85,26.05,18871
-412.56,26.05,18882
-412.19,25.85,18894
-412.34,25.65,18906
-413.36,25.51,18918
-412.47,25.32,18929
-411.95,25.40,18941
-412.13,25.46,18953
-412.22,25.51,18965
-412.57,25.78,18976
-413.10,25.72,18989
-413.26,25.75,19000
-411.79,25.91,19012
-412.17,25.83,19023
-412.81,25.65,19035
-411.84,25.54,19047
-412.44,25.40,19058
-412.94,25.25,19070
-411.93,25.50,19082
-412.16,25.56,19094
-412.78,25.55,19105
-412.56,25.70,19118
-412.19,25.67,19129
-412.52,25.79,19141
-412.58,25.96,19152
-411.37,25.87,19165
-411.74,25.59,19176
-413.04,25.40,19187
-412.67,25.35,19200
-412.66,25.32,19211
-412.25,25.38,19223
-412.84,25.70,19234
-413.09,25.83,19247
-412.21,25.78,19258
-412.60,25.76,19270
-413.26,25.96,19281
-412.93,25.87,19294
-412.08,25.59,19305
-411.96,25.53,19317
-412.70,25.32,19329
-412.84,25.38,19341
-412.59,25.50,19352
-412.89,25.47,19363
-411.83,25.52,19376
-412.41,25.69,19387
-413.99,25.87,19399
-412.13,25.97,19410
-411.75,26.01,19423
-412.80,25.82,19434
-411.64,25.51,19446
-412.36,25.31,19458
-413.11,25.06,19470
-412.97,25.20,19481
-412.90,25.24,19493
-413.56,25.47,19505
-413.07,25.95,19516
-412.44,26.04,19528
-412.30,26.10,19539
-412.69,26.02,19552
-412.34,25.76,19563
-412.52,25.51,19575
-412.33,25.25,19587
-413.04,24.99,19599
-412.95,24.93,19610
-412.80,25.24,19622
-412.41,25.50,19634
-412.51,25.91,19646
-412.18,26.24,19657
-411.69,26.20,19668
-411.49,26.02,19681
-411.92,25.80,19692
-413.10,25.59,19704
-412.71,25.46,19716
-412.39,25.30,19728
-412.75,25.28,19739
-412.38,25.23,19751
-413.01,25.44,19763
-413.31,25.56,19775
-413.02,25.80,19786
-412.05,26.00,19799
-412.29,26.00,19810
-413.14,25.95,19821
-412.24,25.70,19833
-412.54,25.49,19845
-413.50,25.37,19857
-412.76,25.14,19868
-412.39,25.29,19880
-413.02,25.31,19892
-412.80,25.52,19904
-412.17,25.85,19915
-413.00,25.99,19928
-412.62,26.04,19939
-410.92,25.93,19951
-411.97,25.80,19962
-413.26,25.43,19974
-412.38,25.21,19986
-412.59,25.24,19997
-412.63,25.28,20009
-412.96,25.42,20021
-412.61,25.51,20033
-412.16,25.66,20044
-412.03,25.90,20057
-412.51,25.86,20068
-412.11,25.91,20080
-411.39,25.84,20091
-412.61,25.68,20104
-412.65,25.52,20115
-412.29,25.32,20126
-413.95,25.18,20139
-413.70,25.23,20150
-411.20,25.68,20162
-412.23,25.82,20173
-413.87,25.96,20186
-411.25,26.23,20197
-411.68,26.03,20209
-412.79,25.80,20220
-411.66,25.51,20233
-412.74,25.21,20244
-413.57,25.12,20256
-411.72,25.11,20268
-412.87,25.36,20279
-413.54,25.56,20291
-411.67,25.83,20302
-411.71,25.84,20315
-412.49,25.90,20326
-412.02,26.02,20338
-412.06,25.76,20349
-412.25,25.67,20362
-411.78,25.44,20373
-412.98,25.25,20385
-413.38,25.23,20397
-412.10,25.22,20409
-412.26,25.50,20420
-413.47,25.77,20431
-411.73,25.86,20444
-411.98,26.05,20455
-412.66,25.94,20467
-411.58,25.85,20478
-413.08,25.73,20491
-413.27,25.43,20502
-411.79,25.17,20514
-413.04,25.13,20526
-413.18,25.34,20538
-412.52,25.48,20549
-412.89,25.84,20561
-411.92,26.01,20573
-411.39,26.06,20584
-412.66,25.98,20596
-412.84,25.56,20608
-412.72,25.40,20620
-412.29,25.45,20631
-412.46,25.43,20643
-413.67,25.38,20655
-412.12,25.35,20667
-412.11,25.48,20678
-413.68,25.63,20690
-412.68,25.83,20702
-412.15,25.86,20714
-411.69,26.01,20725
-410.65,25.96,20737
-412.99,25.67,20749
-414.67,25.50,20760
-411.76,25.31,20772
-413.33,25.20,20784
-412.91,25.27,20796
-413.13,25.37,20807
-411.70,25.64,20819
-411.44,25.92,20831
-412.27,26.13,20843
-411.60,26.25,20854
-412.26,25.96,20867
-412.30,25.67,20878
-411.42,25.21,20889
-413.39,25.09,20901
-413.05,25.17,20913
-411.85,25.22,20925
-413.42,25.47,20936
-412.44,25.65,20948
-411.99,25.91,20960
-412.70,25.97,20972
-411.45,26.03,20983
-411.90,25.97,20996
-413.42,25.72,21007
-413.02,25.62,21019
-412.29,25.40,21030
-412.69,25.18,21042
-413.19,25.20,21054
-411.92,25.39,21065
-412.06,25.56,21078
-412.44,25.74,21089
-411.96,25.97,21101
-412.29,25.97,21112
-412.57,25.82,21125
-411.80,25.73,21136
-412.24,25.32,21148
-413.26,25.19,21159
-412.50,25.09,21172
-412.97,25.15,21183
-412.33,25.51,21194
-412.13,25.78,21207
-412.66,25.94,21218
-411.10,26.00,21230
-411.30,25.97,21241
-413.33,25.64,21254
-412.38,25.57,21265
-410.63,25.37,21277
-411.73,25.10,21288
-413.31,25.26,21301
-413.35,25.30,21312
-412.66,25.33,21324
-411.79,25.69,21336
-412.73,25.82,21347
-413.08,26.03,21359
-413.32,25.89,21370
-411.86,25.77,21383
-410.81,25.76,21394
-413.04,25.54,21406
-413.89,25.44,21417
-412.16,25.22,21430
-412.62,25.28,21441
-412.53,25.48,21453
-412.99,25.75,21465
-413.72,25.95,21477
-412.34,26.00,21488
-410.97,26.18,21500
-412.48,25.88,21512
-413.55,25.63,21523
-412.74,25.50,21535
-412.53,25.25,21547
-413.12,25.21,21559
-413.21,25.29,21570
-412.35,25.41,21582
-412.28,25.56,21594
-412.68,25.91,21606
-412.88,26.15,21617
-412.15,26.02,21629
-410.75,26.06,21641
-412.12,25.76,21653
-413.50,25.49,21664
-413.11,25.30,21676
-412.84,25.02,21688
-412.47,25.21,21699
-411.65,25.42,21711
-413.29,25.65,21723
-412.80,25.87,21735
-410.43,26.06,21746
-412.28,26.22,21758
-413.07,26.03,21770
-412.17,25.83,21782
-412.03,25.51,21793
-412.24,25.19,21806
-413.60,25.13,21817
-412.85,25.09,21828
-412.63,25.35,21840
-412.39,25.61,21852
-411.14,25.93,21864
-412.34,26.12,21875
-412.81,26.06,21888
-411.86,26.10,21899
-412.28,25.87,21911
-413.13,25.44,21922
-412.71,25.24,21935
-413.05,24.95,21946
-412.09,24.93,21958
-413.99,25.27,21969
-413.29,25.65,21981
-412.13,25.96,21993
-411.75,26.22,22004
-411.20,26.29,22017
-413.07,26.11,22028
-412.82,25.92,22040
-411.82,25.56,22051
-412.90,25.24,22064
-413.19,25.15,22075
-413.66,25.04,22087
-414.17,25.18,22098
-412.66,25.49,22111
-412.02,25.93,22122
-412.85,26.19,22133
-412.18,26.31,22146
-412.15,26.11,22157
-412.84,25.72,22169
-412.46,25.45,22180
-412.94,25.11,22193
-413.33,24.96,22204
-411.94,25.18,22216
-413.04,25.27,22227
-413.75,25.66,22240
-412.65,25.97,22251
-412.19,26.22,22263
-411.40,26.06,22275
-412.53,26.44,22286
-412.40,25.30,22298
-411.39,25.61,22309
-413.37,25.10,22322
-413.30,24.97,22333
-415.27,25.51,22345
-410.55,25.13,22356
-411.61,25.49,22369
-415.60,25.79,22380
-410.76,25.71,22392
-411.55,26.08,22404
-413.86,26.14,22416
-409.12,25.94,22427
-414.06,25.56,22438
-413.41,25.34,22451
-410.92,24.88,22462
-414.43,24.95,22474
-412.99,25.18,22486
-413.04,25.16,22498
-413.22,25.84,22509
-410.59,26.00,22521
-412.64,26.08,22533
-412.53,26.32,22545
-411.26,25.92,22556
-412.30,25.44,22568
-411.46,25.17,22580
-413.62,25.01,22591
-415.38,25.05,22603
-412.23,25.36,22615
-412.53,25.52,22627
-413.46,25.80,22638
-411.04,26.12,22650
-413.22,26.17,22662
-411.12,26.26,22674
-411.06,25.97,22685
-414.08,25.83,22697
-411.68,25.44,22709
-412.35,24.98,22721
-411.36,25.03,22732
-414.64,24.93,22744
-412.08,25.39,22756
-410.89,25.63,22767
-413.07,26.02,22779
-411.37,26.17,22791
-412.90,26.00,22803
-412.86,25.94,22814
-410.39,25.56,22827
-412.46,25.37,22838
-413.52,25.09,22850
-412.47,25.00,22861
-413.10,25.25,22874
-411.55,25.50,22885
-412.30,26.15,22896
-413.07,26.02,22908
-410.47,26.59,22920
-412.06,25.76,22932
-412.71,26.01,22943
-413.22,25.66,22956
-412.65,24.94,22967
-411.79,25.35,22979
-412.53,24.77,22990
-411.46,25.17,23003
-414.14,25.45,23014
-412.93,25.45,23026
-410.95,26.10,23037
-413.29,26.09,23049
-412.57,26.38,23061
-410.45,25.86,23072
-413.72,25.71,23085
-412.59,25.29,23096
-411.65,25.04,23108
-414.56,25.25,23119
-412.31,24.93,23132
-413.47,25.23,23143
-412.85,25.46,23155
-411.12,25.80,23166
-411.28,26.18,23179
-412.72,26.31,23190
-411.89,26.28,23201
-411.74,25.75,23214
-413.16,25.38,23225
-412.44,25.19,23237
-413.02,24.94,23248
-413.60,25.20,23261
-411.52,25.17,23272
-412.95,25.60,23284
-414.54,25.91,23296
-410.83,26.15,23308
-412.05,26.22,23319
-412.47,26.10,23331
-410.76,25.86,23343
-414.17,25.39,23354
-413.81,25.16,23366
-411.89,24.92,23377
-413.48,25.03,23390
-412.70,25.20,23401
-413.03,25.43,23413
-412.92,25.83,23425
-411.61,26.07,23437
-413.11,26.21,23448
-412.09,26.25,23460
-411.60,26.00,23472
-412.11,25.61,23484
-412.31,25.07,23495
-414.17,24.85,23506
-410.96,24.86,23519
-413.94,25.31,23530
-413.41,25.41,23542
-411.50,25.74,23554
-412.68,26.21,23566
-411.98,26.27,23577
-411.45,26.17,23589
-412.60,25.86,23601
-411.37,25.48,23613
-412.00,25.12,23624
-414.99,24.91,23636
-413.54,24.98,23648
-412.40,25.26,23659
-412.45,25.41,23671
-411.46,25.58,23683
-413.81,25.95,23695
-411.84,26.36,23706
-410.87,25.93,23718
-412.19,26.03,23730
-412.43,25.43,23742
-413.88,25.17,23753
-410.78,25.19,23766
-412.68,24.79,23777
-413.57,25.25,23789
-412.88,25.31,23800
-413.25,25.62,23812
-410.91,26.16,23824
-411.66,26.25,23835
-414.70,26.21,23847
-411.83,25.95,23859
-410.91,25.59,23871
-412.12,25.19,23882
-412.95,25.11,23895
-414.41,24.81,23906
-410.81,25.18,23918
-412.22,25.51,23929
-413.72,25.67,23942
-411.92,26.36,23953
-411.71,26.05,23964
-411.84,26.10,23976
-412.32,25.97,23988
-413.18,25.60,24000
-412.65,25.29,24011
-412.65,24.84,24024
-412.45,24.98,24035
-414.08,25.26,24047
-414.22,25.71,24058
-410.34,25.76,24071
-411.87,26.15,24082
-412.64,26.20,24094
-412.40,25.78,24105
-413.35,25.94,24117
-411.13,25.52,24129
-411.27,25.36,24140
-414.08,25.22,24153
-413.86,24.99,24164
-412.77,25.31,24176
-412.22,25.24,24187
-412.67,25.69,24200
-413.65,25.99,24211
-412.34,26.09,24223
-410.70,26.18,24235
-410.84,25.95,24247
-412.41,25.81,24258
-412.72,25.33,24270
-412.77,25.15,24282
-411.94,25.06,24293
-414.42,25.25,24305
-410.78,25.55,24316
-411.79,25.61,24329
-411.44,26.06,24340
-411.45,26.06,24352
-413.31,26.03,24364
-411.47,25.80,24376
-411.67,25.43,24387
-413.32,25.55,24399
-414.15,25.27,24411
-412.26,25.15,24423
-411.62,25.21,24434
-412.79,25.26,24445
-413.20,25.65,24458
-412.38,25.87,24469
-411.37,26.06,24481
-411.37,26.08,24493
-412.13,25.93,24505
-412.72,25.64,24516
-412.47,25.43,24528
-411.59,25.35,24540
-412.74,25.30,24552
-413.74,25.37,24563
-413.06,25.30,24576
-413.10,25.39,24587
-411.62,25.82,24598
-412.47,26.07,24610
-413.10,26.15,24622
-411.44,26.01,24634
-411.47,25.75,24645
-411.79,25.43,24657
-413.06,25.19,24669
-413.79,25.03,24681
-411.81,25.25,24692
-413.15,25.46,24705
-413.46,25.57,24716
-412.31,25.80,24728
-411.69,26.07,24739
-411.59,25.99,24751
-412.74,25.93,24763
-412.47,25.70,24774
-411.72,25.37,24786
-412.05,25.33,24798
-412.66,25.20,24810
-413.15,25.27,24821
-412.90,25.31,24834
-411.33,25.45,24845
-412.74,25.75,24857
-413.54,25.91,24868
-412.73,25.98,24881
-412.29,26.15,24892
-411.25,25.87,24903
-411.25,25.57,24915
-413.44,25.25,24927
-412.97,25.14,24939
-411.77,25.09,24950
-412.41,25.29,24963
-412.94,25.56,24974
-413.22,25.76,24986
-412.35,26.02,24997
-411.54,25.99,25010
-412.12,25.91,25021
-412.71,25.83,25033
-412.79,25.53,25044
-412.27,25.24,25056
-412.77,25.09,25068
-414.48,25.32,25079
-412.09,25.48,25092
-411.78,25.77,25103
-412.19,25.98,25115
-412.96,25.97,25126
-412.60,26.12,25139
-411.73,25.87,25150
-411.39,25.72,25162
-413.19,25.51,25174
-413.62,25.17,25186
-411.85,25.12,25197
-411.79,25.17,25208
-412.93,25.32,25221
-413.47,25.65,25232
-412.57,25.78,25244
-411.64,25.76,25255
-412.06,25.80,25268
-412.40,25.94,25279
-412.70,25.85,25291
-411.84,25.76,25303
-411.85,25.56,25315
-413.07,25.11,25326
-413.48,25.06,25338
-413.40,25.13,25350
-413.11,25.45,25361
-412.59,25.77,25373
-411.74,25.77,25384
-412.44,25.89,25397
-412.64,25.77,25408
-412.10,25.71,25420
-413.82,25.57,25432
-413.32,25.51,25444
-411.90,25.40,25455
-412.73,25.39,25467
-412.89,25.43,25479
-412.99,25.34,25491
-412.02,25.66,25502
-412.06,25.92,25513
-412.66,25.96,25526
-412.39,26.05,25537
-412.07,25.73,25549
-412.21,25.59,25561
-413.07,25.46,25573
-413.83,25.16,25584
-412.91,25.24,25596
-412.54,25.27,25608
-413.41,25.46,25620
-412.87,25.72,25631
-412.27,26.04,25644
-412.10,26.06,25655
-411.50,26.03,25666
-412.83,25.92,25678
-413.60,25.50,25690
-412.24,25.36,25702
-412.82,25.20,25713
-414.13,25.04,25725
-413.65,25.40,25737
-413.19,25.56,25749
-413.10,25.69,25760
-411.33,25.90,25773
-412.27,26.00,25784
-413.35,25.98,25796
-411.50,25.83,25807
-412.08,25.53,25819
-412.94,25.26,25831
-412.82,25.23,25842
-412.21,25.41,25854
-411.74,25.35,25866
-412.85,25.45,25878
-413.28,25.50,25889
-413.22,25.60,25902
-412.02,25.68,25913
-411.74,25.89,25925
-412.44,25.84,25936
-412.35,25.73,25949
-411.46,25.69,25960
-412.71,25.42,25971
-413.96,25.21,25984
-413.03,25.25,25995
-411.98,25.34,26007
-411.24,25.62,26018
-412.49,25.79,26031
-413.16,25.89,26042
-412.60,26.06,26054
-411.84,25.82,26065
-411.49,25.81,26078
-412.78,25.56,26089
-414.14,25.24,26101
-412.23,25.16,26113
-411.36,25.23,26124
-413.19,25.45,26136
-412.84,25.69,26147
-412.20,25.97,26160
-410.75,26.00,26171
-411.56,26.02,26183
-413.89,25.97,26194
-412.53,25.68,26207
-411.63,25.54,26218
-413.05,25.29,26230
-413.57,25.29,26242
-412.83,25.40,26254
-412.07,25.27,26265
-413.22,25.46,26277
-412.58,25.77,26289
-412.23,25.97,26300
-411.88,26.05,26312
-411.49,25.96,26323
-412.25,25.82,26336
-413.10,25.46,26347
-412.45,25.22,26359
-412.67,25.17,26371
-414.08,25.24,26383
-412.68,25.37,26394
-411.17,25.51,26406
-412.53,26.01,26418
-412.20,26.09,26429
-411.86,26.17,26441
-411.90,26.11,26452
-412.15,25.73,26465
-412.99,25.45,26476
-413.36,25.14,26488
-412.79,25.07,26500
-413.11,25.14,26512
-413.18,25.32,26523
-412.75,25.55,26535
-411.88,25.82,26547
-411.57,26.14,26559
-412.48,26.05,26570
-411.94,25.96,26583
-412.16,25.83,26594
-412.90,25.51,26605
-412.00,25.42,26617
-413.00,25.18,26629
-414.11,25.09,26641
-413.05,25.22,26652
-413.17,25.39,26664
-412.22,25.65,26676
-412.84,25.74,26688
-412.21,25.99,26699
-411.36,26.14,26712
-412.44,26.04,26723
-413.12,25.81,26735
-413.02,25.47,26746
-412.68,25.28,26758
-412.72,25.02,26770
-412.76,25.07,26781
-412.88,25.48,26793
-413.28,25.72,26805
-411.99,26.05,26817
-411.44,26.16,26828
-411.93,26.00,26841
-412.56,25.77,26852
-412.76,25.50,26864
-412.16,25.30,26875
-412.14,25.24,26888
-412.60,25.31,26899
-413.70,25.32,26910
-412.60,25.40,26923
-411.46,25.75,26934
-413.02,25.97,26946
-412.88,26.17,26957
-412.04,26.02,26970
-412.25,25.90,26981
-412.11,25.77,26993
-412.17,25.45,27004
-412.71,25.30,27017
-413.25,25.07,27028
-412.18,24.99,27040
-413.19,25.16,27052
-413.02,25.49,27063
-412.23,25.94,27075
-411.31,26.10,27086
-412.31,26.22,27099
-411.75,26.13,27110
-412.28,25.67,27122
-412.86,25.31,27133
-412.52,25.12,27146
-413.36,25.25,27157
-412.36,25.22,27169
-412.22,25.44,27181
-412.54,25.82,27193
-412.25,25.88,27204
-411.93,25.99,27215
-411.70,26.04,27228
-411.99,26.00,27239
-412.39,25.74,27251
-412.89,25.42,27262
-412.93,25.20,27275
-412.25,25.10,27286
-412.62,25.29,27298
-413.27,25.32,27310
-413.12,25.60,27322
-411.52,25.87,27333
-411.77,25.95,27345
-411.96,26.14,27357
-412.11,26.03,27368
-412.81,25.86,27380
-411.78,25.50,27392
-412.15,25.11,27404
-413.53,24.98,27415
-413.39,25.11,27427
-413.23,25.29,27439
-411.90,25.61,27451
-412.64,26.03,27462
-412.63,26.24,27474
-411.22,26.13,27486
-412.04,26.03,27498
-412.32,25.69,27509
-412.03,25.48,27521
-413.31,25.27,27533
-412.73,24.97,27544
-413.17,25.04,27556
-413.93,25.30,27568
-412.40,25.59,27580
-412.30,26.02,27591
-411.10,26.23,27603
-411.58,26.23,27615
-413.20,25.99,27627
-412.60,25.80,27638
-411.67,25.37,27651
-412.78,25.32,27662
-412.87,25.21,27673
-412.21,24.96,27685
-413.58,25.17,27697
-412.03,25.32,27709
-412.97,25.61,27720
-413.41,26.00,27732
-411.65,26.06,27744
-412.18,26.12,27756
-411.72,25.94,27767
-412.25,25.69,27780
-412.89,25.38,27791
-411.84,25.11,27803
-412.49,24.92,27814
-413.47,24.99,27826
-412.67,25.38,27838
-412.61,25.72,27849
-411.62,26.25,27862
-412.43,26.28,27873
-412.12,26.06,27885
-410.83,25.78,27896
-413.27,25.42,27909
-413.44,25.03,27920
-412.37,24.87,27932
-413.29,24.78,27943
-412.24,25.14,27956
-412.84,25.53,27967
-413.04,25.83,27978
-411.72,25.98,27991
-411.40,26.35,28002
-410.98,26.23,28014
-412.97,25.81,28025
-413.92,25.64,28038
-412.65,25.29,28049
-413.19,25.15,28061
-413.98,25.13,28072
-412.85,25.03,28085
-413.62,25.31,28096
-412.73,25.70,28108
-411.26,26.07,28120
-413.29,26.31,28131
-412.63,26.32,28143
-411.14,26.11,28154
-411.36,25.69,28167
-412.70,25.44,28178
-413.82,25.11,28190
-412.83,25.09,28201
-412.32,25.18,28214
-412.92,25.42,28225
-412.32,25.82,28237
-412.56,26.05,28249
-410.63,26.11,28261
-411.34,26.05,28272
-414.13,25.89,28283
-412.73,25.74,28296
-412.01,25.43,28307
-412.32,25.20,28319
-412.94,25.20,28331
-413.13,25.31,28343
-412.80,25.39,28354
-411.60,25.50,28366
-412.05,25.84,28378
-412.62,26.02,28390
-411.62,26.09,28401
-411.37,26.01,28413
-412.69,25.74,28425
-413.66,25.58,28437
-413.01,25.17,28448
-411.96,25.05,28460
-412.46,25.13,28472
-412.92,25.31,28483
-413.60,25.62,28495
-413.36,25.79,28507
-411.53,25.99,28519
-412.25,26.12,28530
-413.26,26.03,28542
-412.32,25.78,28554
-411.62,25.33,28566
-412.34,25.21,28577
-413.38,25.06,28590
-413.59,25.16,28601
-412.30,25.57,28612
-412.94,25.77,28624
-413.02,26.01,28636
-412.31,26.11,28648
-411.72,26.02,28659
-411.67,25.85,28672
-412.84,25.74,28683
-413.54,25.45,28695
-412.65,25.26,28706
-412.48,25.26,28719
-412.67,25.30,28730
-412.27,25.54,28742
-412.98,25.67,28753
-412.81,25.64,28765
-412.16,25.95,28777
-412.70,25.97,28788
-412.88,26.01,28801
-411.96,25.93,28812
-412.42,25.58,28824
-412.77,25.36,28835
-412.81,25.11,28848
-413.89,25.20,28859
-413.03,25.47,28871
-411.40,25.61,28882
-412.16,25.69,28895
-412.71,25.89,28906
-412.05,26.17,28917
-411.40,25.88,28930
-411.89,25.75,28941
-413.18,25.54,28953
-413.15,25.27,28964
-411.91,25.15,28977
-412.23,25.12,28988
-413.32,25.44,29000
-413.03,25.82,29011
-411.96,25.95,29024
-411.17,25.97,29035
-413.15,25.79,29047
-413.15,25.76,29059
-412.04,25.61,29070
-412.13,25.50,29082
-412.05,25.38,29093
-412.91,25.34,29106
-413.39,25.47,29117
-412.11,25.47,29129
-412.51,25.62,29140
-413.13,25.88,29153
-412.34,25.83,29164
-412.24,25.91,29176
-411.92,25.87,29188
-412.79,25.58,29200
-413.85,25.40,29211
-412.60,25.23,29222
-412.58,25.08,29235
-413.71,25.23,29246
-412.76,25.62,29258
-413.35,25.73,29270
-412.81,25.89,29282
-410.81,26.06,29293
-411.39,26.00,29305
-412.74,25.76,29317
-412.26,25.26,29329
-412.28,25.09,29340
-412.89,25.25,29352
-413.25,25.22,29364
-413.13,25.44,29375
-411.91,25.61,29387
-412.18,25.79,29399
-412.49,25.93,29411
-412.12,25.89,29422
-411.68,25.74,29434
-412.33,25.62,29446
-413.21,25.45,29458
-412.80,25.19,29469
-412.92,25.26,29481
-413.13,25.38,29493
-412.61,25.56,29505
-413.07,25.80,29516
-413.00,25.75,29528
-411.77,25.80,29540
-412.16,25.85,29551
-413.25,25.78,29563
-412.15,25.76,29575
-411.88,25.50,29587
-412.35,25.36,29598
-412.23,25.22,29611
-413.78,25.36,29622
-414.28,25.45,29634
-412.12,25.52,29645
-412.37,25.61,29658
-413.19,25.61,29669
-412.64,25.95,29680
-413.04,25.84,29692
-413.11,25.81,29704
-412.33,25.75,29716
-413.05,25.41,29727
-413.18,25.32,29740
-411.58,25.32,29751
-413.06,25.35,29763
-413.69,25.54,29774
-412.31,25.73,29787
-411.70,25.95,29798
-413.46,25.78,29810
-412.39,25.69,29821
-411.35,25.78,29833
-412.83,25.71,29845
-411.83,25.80,29856
-412.74,25.48,29869
-413.54,25.26,29880
-412.30,25.28,29892
-412.24,25.36,29903
-413.26,25.68,29916
-411.89,25.89,29927
-412.29,25.86,29939
-412.47,25.83,29950
-410.82,25.79,29963
-413.81,25.69,29974
-413.20,25.44,29985
-411.57,25.33,29998
-413.06,25.24,30009
-412.63,25.35,30021
-413.47,25.57,30032
-413.21,25.58,30045
-410.96,25.87,30056
-411.72,26.08,30068
-412.49,25.96,30080
-411.72,25.82,30092
-412.76,25.57,30103
-412.98,25.32,30115
-412.52,25.20,30127
-413.70,25.22,30138
-411.31,25.33,30150
-411.24,25.51,30161
-413.70,25.64,30174
-411.75,25.78,30185
-412.66,25.94,30197
-411.29,25.90,30209
-412.39,25.85,30221
-413.60,25.73,30232
-412.94,25.50,30244
-412.96,25.30,30256
-413.05,25.21,30268
-412.52,25.22,30279
-412.22,25.39,30290
-412.48,25.72,30303
-412.98,26.00,30314
-412.54,26.12,30326
-412.17,26.18,30338
-411.71,25.87,30350
-411.73,25.61,30361
-412.71,25.38,30373
-413.26,25.07,30385
-412.66,25.15,30397
-412.82,25.12,30408
-413.14,25.36,30420
-412.81,25.68,30432
-412.69,25.76,30443
-412.59,26.01,30455
-411.40,26.07,30467
-412.83,25.77,30479
-414.23,25.63,30490
-412.46,25.36,30502
-412.50,25.24,30514
-412.93,25.20,30526
-412.56,25.32,30537
-412.26,25.59,30550
-413.37,25.73,30561
-411.84,25.88,30573
-413.14,25.93,30584
-412.05,25.87,30597
-412.48,25.95,30608
-413.55,25.45,30619
-412.68,25.30,30631
-413.22,25.18,30643
-412.01,24.98,30655
-411.47,25.20,30666
-413.48,25.41,30679
-412.85,25.80,30690
-411.95,26.13,30702
-412.81,26.09,30713
-410.91,26.08,30726
-412.20,25.98,30737
-412.80,25.52,30748
-411.83,25.31,30760
-413.79,25.14,30772
-413.95,24.96,30784
-413.56,25.23,30795
-413.43,25.52,30808
-411.15,25.84,30819
-412.37,26.17,30831
-413.40,26.08,30842
-411.94,26.01,30855
-412.32,25.69,30866
-412.61,25.60,30878
-412.52,25.32,30889
-413.43,25.29,30901
-412.32,25.32,30913
-412.25,25.29,30924
-413.53,25.59,30937
-412.44,25.62,30948
-412.61,25.85,30960
-412.42,25.96,30971
-413.49,25.80,30984
-412.33,25.90,30995
-410.90,25.61,31007
-413.48,25.35,31019
-413.11,25.20,31031
-412.69,25.24,31042
-413.13,25.40,31053
-411.72,25.59,31066
-412.65,25.82,31077
-412.98,25.78,31089
-411.02,25.94,31100
-411.99,25.82,31113
-412.33,25.67,31124
-411.96,25.70,31136
-413.51,25.54,31148
-412.76,25.44,31160
-411.99,25.24,31171
-412.97,25.31,31183
-412.47,25.53,31195
-412.34,25.59,31207
-412.53,25.66,31218
-411.92,25.72,31229
-413.52,25.93,31242
-413.56,25.85,31253
-412.13,25.73,31265
-412.19,25.56,31277
-412.40,25.27,31289
-413.31,25.26,31300
-413.05,25.32,31312
-412.21,25.36,31324
-412.04,25.54,31336
-412.66,25.71,31347
-413.04,25.94,31360
-412.07,26.07,31371
-412.65,26.04,31382
-413.00,25.75,31394
-412.69,25.52,31406
-412.28,25.40,31418
-412.74,25.21,31429
-413.03,25.41,31441
-413.45,25.32,31453
-412.13,25.44,31465
-411.25,25.58,31476
-411.93,25.84,31489
-413.18,25.97,31500
-412.26,25.99,31512
-410.91,25.61,31523
-413.44,25.56,31535
-413.11,25.32,31547
-413.29,25.20,31558
-413.97,25.15,31570
-410.26,25.11,31582
-412.36,25.43,31594
-416.06,25.65,31605
-411.16,25.99,31618
-410.77,25.97,31629
-412.40,25.79,31641
-412.46,25.82,31652
-414.38,25.50,31665
-412.36,25.50,31676
-410.98,25.31,31687
-414.04,25.25,31699
-413.97,25.32,31711
-412.65,25.07,31723
-411.90,25.45,31734
-412.39,25.86,31747
-414.29,26.17,31758
-411.09,26.18,31770
-412.33,26.05,31781
-411.75,25.85,31794
-414.64,25.43,31805
-414.03,25.23,31817
-410.05,25.09,31828
-414.03,25.33,31840
-414.61,25.56,31852
-411.39,25.74,31863
-412.15,26.15,31876
-412.19,25.57,31887
-411.56,26.28,31899
-413.21,25.70,31910
-412.01,25.74,31923
-412.98,25.34,31934
-412.54,24.91,31946
-412.00,25.19,31958
-415.54,25.44,31970
-410.40,25.57,31981
-411.85,25.97,31992
-414.90,25.57,32005
-409.83,25.86,32016
-411.32,25.91,32028
-415.23,25.74,32039
-408.83,25.96,32052
-414.63,25.63,32063
-413.68,25.34,32075
-410.24,25.21,32087
-416.03,24.96,32099
-412.35,25.38,32110
-411.48,25.73,32122
-414.14,25.82,32134
-411.07,26.23,32145
-411.42,25.98,32157
-412.51,25.68,32168
-413.98,25.56,32181
-410.67,25.45,32192
-413.78,25.25,32204
-414.41,25.32,32216
-410.51,25.29,32228
-415.13,25.38,32239
-413.51,25.87,32251
-409.05,25.76,32263
-416.16,26.02,32275
-412.16,25.92,32286
-409.77,25.61,32297
-415.77,25.66,32310
-412.54,25.44,32321
-411.80,25.29,32333
-414.62,25.32,32345
-411.03,25.25,32357
-412.94,25.30,32368
-412.60,25.62,32380
-411.04,25.82,32392
-412.43,26.08,32404
-411.21,26.10,32415
-413.01,25.71,32428
-414.10,25.62,32439
-410.70,25.41,32450
-412.46,25.24,32462
-413.36,25.45,32474
-412.39,25.38,32486
-413.49,25.61,32497
-411.45,25.81,32509
-411.77,25.89,32521
-413.18,26.44,32533
-410.91,25.57,32544
-413.10,26.20,32557
-413.91,25.48,32568
-411.50,25.16,32580
-413.48,25.66,32591
-412.03,25.06,32603
-412.32,25.62,32615
-415.42,25.38,32626
-410.95,25.53,32638
-411.21,25.95,32650
-414.22,26.02,32662
-410.85,26.24,32673
-412.69,25.69,32686
-413.57,25.77,32697
-411.57,25.30,32709
-413.93,25.38,32720
-413.36,25.40,32733
-411.69,25.12,32744
-413.63,25.51,32756
-413.04,25.40,32768
-412.80,25.83,32779
-411.60,26.14,32791
-412.02,25.65,32802
-412.41,26.77,32815
-411.63,25.03,32826
-412.44,25.87,32838
-414.42,24.96,32849
-414.14,24.66,32862
-411.00,25.72,32873
-414.92,25.08,32885
-412.03,26.11,32897
-412.06,25.94,32908
-415.35,25.47,32920
-409.06,26.18,32931
-417.33,25.62,32944
-408.89,26.09,32955
-412.55,25.78,32967
-413.84,25.49,32978
-410.44,25.13,32991
-415.91,25.18,33002
-412.75,25.07,33014
-409.52,25.50,33026
-412.70,25.99,33038
-412.40,25.62,33049
-414.50,26.42,33061
-411.14,25.73,33073
-410.92,25.62,33084
-415.35,25.79,33096
-411.16,24.86,33107
-412.76,25.29,33120
-415.31,24.79,33131
-410.25,25.43,33143
-414.39,25.58,33155
-413.27,26.04,33167
-409.05,26.24,33178
-414.37,25.91,33190
-410.71,26.05,33202
-411.79,25.35,33214
-415.61,25.51,33225
-410.84,25.23,33236
-412.95,24.92,33249
-415.09,25.17,33260
-409.49,24.79,33272
-416.02,25.61,33284
-411.13,25.97,33296
-409.87,26.15,33307
-416.88,26.27,33319
-412.61,25.91,33331
-413.98,25.52,33343
-408.57,25.27,33354
-414.87,25.17,33367
-413.77,24.93,33378
-410.74,25.27,33389
-413.96,25.18,33401
-412.24,25.56,33413
