9⸮3727.00
8603.00
-415.22,25.18,1134
-413.01,24.98,1136
-411.47,25.06,1137
-413.82,25.97,1148
-411.59,26.25,1160
-412.31,26.50,1172
-413.04,26.53,1183
-409.87,26.16,1196
-413.04,25.93,1207
-414.77,25.49,1219
-410.65,25.22,1230
-412.20,24.94,1243
-413.71,25.15,1254
-412.59,25.51,1266
-413.10,25.83,1277
-411.23,26.13,1289
-410.84,25.99,1301
-412.49,26.06,1312
-413.30,26.03,1325
-412.17,25.80,1336
-410.61,25.86,1348
-412.81,25.61,1359
-413.38,25.48,1372
-412.32,25.08,1383
-413.48,25.02,1395
-412.50,25.31,1406
-411.99,25.79,1419
-414.34,26.32,1430
-412.04,26.42,1442
-409.34,26.41,1454
-412.94,26.20,1465
-413.37,25.73,1477
-411.71,25.39,1488
-412.78,24.98,1501
-412.40,24.97,1512
-412.72,25.19,1524
-413.60,25.58,1536
-411.15,26.12,1548
-410.67,26.40,1559
-413.89,26.39,1571
-413.45,25.97,1583
-410.84,25.62,1595
-413.24,25.45,1606
-413.02,25.35,1618
-412.04,25.37,1630
-413.37,25.31,1641
-411.85,25.35,1653
-411.26,25.53,1665
-413.58,25.70,1677
-413.56,26.02,1688
-411.74,26.28,1700
-411.77,26.37,1712
-412.48,26.29,1724
-412.84,25.94,1735
-411.88,25.54,1747
-411.82,25.05,1759
-413.56,24.92,1771
-412.91,25.06,1782
-413.23,25.38,1795
-412.87,25.75,1806
-410.52,26.20,1817
-412.73,26.49,1829
-412.82,26.29,1841
-410.52,26.07,1853
-412.23,25.77,1864
-412.93,24.94,1876
-413.20,25.52,1888
-413.68,24.78,1900
-412.64,25.50,1911
-413.59,25.93,1924
-411.81,25.65,1935
-412.07,26.40,1947
-412.09,25.78,1958
-411.24,26.02,1971
-415.18,25.98,1982
-412.75,25.49,1993
-410.00,25.63,2006
-414.61,25.42,2017
-413.27,25.43,2029
-412.74,25.12,2040
-414.43,25.66,2053
-410.78,25.63,2064
-411.39,25.88,2076
-415.56,26.49,2087
-411.00,26.26,2100
-409.54,26.41,2111
-412.98,25.89,2123
-412.26,25.54,2135
-413.10,25.18,2147
-413.90,24.74,2158
-410.11,25.31,2169
-413.60,25.57,2182
-415.73,26.20,2193
-410.98,26.37,2205
-409.68,26.29,2216
-412.15,26.45,2229
-414.23,25.85,2240
-412.87,25.39,2252
-411.88,25.29,2264
-411.96,25.07,2276
-412.51,25.27,2287
-416.43,25.58,2299
-408.10,25.72,2311
-413.08,25.85,2323
-415.76,26.15,2334
-411.19,25.79,2345
-411.46,25.87,2358
-411.58,26.16,2369
-411.70,25.85,2381
-415.07,25.87,2393
-412.18,25.51,2405
-409.78,25.05,2416
-413.97,25.20,2428
-415.71,25.27,2440
-412.57,25.69,2452
-410.46,25.92,2463
-411.96,26.10,2476
-413.56,26.40,2487
-413.33,26.32,2499
-413.47,25.84,2510
-411.52,25.42,2522
-410.85,25.25,2534
-415.47,25.00,2545
-414.48,25.23,2557
-409.34,25.62,2569
-412.13,25.84,2581
-413.62,26.08,2592
-412.11,26.05,2605
-412.70,25.93,2616
-410.78,26.00,2628
-412.32,25.87,2639
-415.10,25.75,2652
-413.18,25.65,2663
-411.03,25.41,2675
-412.00,25.29,2686
-414.21,25.44,2699
-411.28,25.63,2710
-411.74,25.75,2721
-413.20,25.97,2734
-412.46,26.07,2745
-412.12,26.39,2757
-411.22,25.87,2768
-410.03,25.85,2781
-414.15,25.54,2792
-413.31,25.17,2804
-412.05,25.27,2816
-411.72,25.33,2828
-412.40,25.70,2839
-415.40,26.16,2851
-411.99,26.16,2863
-409.96,26.22,2875
-413.79,26.00,2886
-413.25,25.67,2897
-413.09,25.50,2910
-412.48,25.31,2921
-410.24,25.18,2933
-414.41,25.38,2945
-414.52,25.54,2957
-411.09,25.79,2968
-411.62,25.92,2980
-411.55,25.99,2992
-412.88,26.11,3004
-413.09,26.20,3015
-411.32,25.91,3027
-411.36,25.60,3039
-412.94,25.45,3051
-413.06,25.26,3062
-412.29,25.32,3074
-413.07,25.37,3086
-413.95,25.69,3097
-411.70,25.99,3109
-411.30,25.86,3121
-411.31,25.94,3133
-411.43,26.17,3144
-413.71,25.93,3156
-411.92,25.87,3168
-411.86,25.46,3180
-414.51,25.12,3191
-413.09,25.35,3204
-413.52,25.42,3215
-412.77,25.45,3227
-412.20,25.72,3238
-413.62,25.89,3250
-412.07,25.98,3262
-411.22,26.13,3273
-412.16,26.11,3286
-413.11,25.82,3297
-413.45,25.64,3309
-411.91,25.27,3320
-411.40,25.13,3333
-412.92,25.46,3344
-414.36,25.46,3356
-412.94,25.71,3367
-411.56,25.78,3380
-411.72,26.01,3391
-412.52,26.23,3403
-414.21,26.01,3415
-412.29,25.84,3426
-411.59,25.40,3438
-413.23,25.03,3449
-413.96,25.16,3462
-411.55,25.34,3473
-412.34,25.57,3485
-413.89,25.91,3496
-412.61,26.06,3509
-412.64,25.89,3520
-411.56,26.19,3532
-411.62,26.07,3544
-413.73,25.79,3556
-413.15,25.54,3567
-411.56,25.03,3579
-412.38,25.10,3591
-413.05,25.40,3602
-413.34,25.63,3614
-412.37,25.91,3625
-410.45,26.02,3638
-412.49,26.16,3649
-413.81,26.26,3661
-412.30,26.12,3673
-412.69,25.89,3685
-411.98,25.45,3696
-411.94,25.21,3708
-413.67,25.26,3720
-413.06,25.08,3732
-411.94,25.84,3743
-413.47,26.01,3756
-411.90,25.91,3767
-411.88,26.04,3778
-412.72,26.09,3790
-410.76,25.92,3802
-413.74,25.93,3814
-413.75,25.55,3825
-411.17,25.36,3837
-413.23,25.34,3849
-411.08,25.27,3861
-414.49,25.49,3872
-412.00,25.72,3885
-410.91,25.95,3896
-413.69,26.15,3908
-412.09,26.12,3919
-412.34,26.03,3932
-413.22,25.87,3943
-411.92,25.71,3954
-412.26,25.52,3966
-412.57,25.24,3978
-413.19,25.33,3990
-412.66,25.23,4001
-411.08,25.75,4014
-413.49,26.06,4025
-412.83,26.14,4037
-411.31,26.29,4048
-412.86,26.02,4061
-412.13,25.72,4072
-412.91,25.68,4084
-414.31,25.02,4096
-411.60,25.35,4108
-412.35,25.15,4119
-413.54,25.41,4130
-412.73,25.70,4143
-413.61,25.77,4154
-410.86,26.12,4166
-411.53,26.15,4177
-413.60,26.07,4190
-411.61,25.83,4201
-413.43,25.73,4213
-412.21,25.54,4225
-412.11,25.22,4237
-411.63,25.43,4248
-411.18,25.17,4260
-415.16,25.52,4272
-411.58,25.84,4284
-412.63,26.04,4295
-412.73,26.33,4306
-409.45,26.18,4319
-412.50,26.04,4330
-413.58,25.49,4342
-412.04,25.33,4354
-412.47,25.17,4366
-412.30,25.09,4377
-413.80,25.40,4389
-413.16,25.67,4401
-410.84,26.02,4413
-413.34,26.24,4424
-412.43,26.40,4436
-410.63,26.15,4448
-413.24,25.75,4460
-411.15,25.42,4471
-412.08,25.16,4483
-415.70,25.27,4495
-412.23,25.29,4506
-412.20,25.62,4518
-413.07,25.75,4530
-411.71,25.87,4542
-413.07,26.15,4553
-411.95,26.13,4566
-410.82,26.13,4577
-412.50,25.89,4589
-411.85,25.59,4600
-411.97,25.32,4613
-413.15,25.17,4624
-412.79,25.26,4636
-413.60,25.63,4647
-412.29,25.90,4659
-412.57,26.10,4671
-411.38,26.06,4682
-412.10,26.12,4695
-413.23,26.11,4706
-410.23,26.03,4718
-412.21,25.71,4729
-414.34,25.38,4742
-411.63,25.35,4753
-412.65,25.38,4765
-412.82,25.47,4776
-411.82,25.84,4789
-412.75,25.95,4800
-412.20,25.96,4812
-412.16,26.04,4824
-413.06,25.85,4835
-412.22,25.91,4847
-412.59,25.84,4858
-412.95,25.42,4871
-412.18,25.31,4882
-412.53,25.34,4894
-412.71,25.48,4905
-412.69,25.70,4918
-412.88,25.98,4929
-412.45,25.93,4941
-411.62,25.95,4953
-412.02,25.92,4965
-412.59,25.70,4976
-412.94,25.85,4988
-413.32,25.61,5000
-412.72,25.60,5011
-412.78,25.38,5023
-413.56,25.17,5035
-413.08,25.45,5047
-411.78,25.76,5058
-412.47,26.11,5070
-411.61,26.28,5082
-411.40,26.20,5094
-413.95,25.83,5105
-413.53,25.53,5117
-411.41,25.39,5129
-413.03,25.40,5141
-413.09,25.51,5152
-412.01,25.49,5165
-413.13,25.46,5176
-412.60,25.62,5187
-411.55,25.79,5199
-412.04,26.04,5211
-412.86,26.15,5223
-411.69,26.01,5234
-411.70,25.70,5246
-412.93,25.45,5258
-412.74,25.36,5270
-412.22,25.29,5281
-412.67,25.46,5294
-412.52,25.49,5305
-412.93,25.61,5317
-413.42,25.91,5328
-411.99,26.15,5341
-411.44,26.30,5352
-412.99,26.28,5363
-412.48,25.87,5376
-412.21,25.42,5387
-412.76,25.16,5399
-412.69,25.19,5410
-412.03,25.53,5423
-412.70,25.70,5434
-411.93,25.81,5446
-412.31,25.87,5457
-414.14,26.00,5470
-412.63,25.89,5481
-411.65,26.03,5493
-412.63,25.71,5505
-412.89,25.36,5517
-413.43,25.40,5528
-412.02,25.18,5539
-412.89,25.59,5552
-412.28,25.83,5563
-413.15,25.63,5575
-413.52,26.10,5586
-411.85,25.82,5599
-411.57,25.83,5610
-414.40,26.07,5622
-410.91,25.55,5634
-411.40,25.63,5646
-413.48,25.49,5657
-412.34,25.51,5669
-413.59,25.59,5681
-413.60,25.63,5693
-410.38,25.66,5704
-412.25,25.77,5715
-413.86,25.99,5728
-411.42,25.96,5739
-412.67,26.21,5751
-413.09,25.78,5763
-411.43,25.58,5775
-414.21,25.48,5786
-410.99,25.35,5798
-413.32,25.65,5810
-413.41,25.54,5822
-413.08,25.78,5833
-411.57,25.88,5846
-412.27,25.73,5857
-413.08,25.92,5869
-411.39,25.81,5880
-412.18,25.74,5892
-413.10,25.52,5904
-411.47,25.57,5915
-413.47,25.64,5927
-414.33,25.59,5939
-411.08,25.78,5951
-412.27,25.66,5962
-412.84,25.81,5975
-411.89,25.72,5986
-412.97,25.68,5998
-412.04,25.94,6009
-411.95,25.86,6022
-413.33,25.96,6033
-413.03,25.68,6045
-413.05,25.26,6056
-411.98,25.34,6068
-412.49,25.45,6080
-414.06,25.56,6091
-412.08,25.90,6104
-412.12,25.96,6115
-412.60,25.95,6127
-411.66,25.86,6138
-413.26,25.73,6151
-413.44,25.68,6162
-411.30,25.78,6174
-413.20,25.60,6185
-411.97,25.60,6198
-414.10,25.60,6209
-411.88,25.58,6221
-412.32,25.76,6233
-414.03,25.76,6244
-411.93,25.80,6256
-411.70,26.00,6267
-412.72,25.72,6280
-412.66,25.76,6291
-412.74,25.73,6303
-411.40,25.43,6315
-411.80,25.50,6327
-413.72,25.58,6338
-413.77,25.43,6350
-413.62,25.66,6362
-412.18,25.99,6374
-410.94,26.01,6385
-412.87,26.01,6397
-412.99,26.01,6409
-412.39,25.68,6420
-412.87,25.62,6432
-412.44,25.51,6444
-412.21,25.32,6456
-413.11,25.41,6467
-411.90,25.45,6479
-412.37,25.82,6491
-413.63,26.01,6503
-412.05,26.07,6514
-411.61,26.05,6526
-412.52,25.72,6538
-412.94,25.70,6550
-413.42,25.57,6561
-412.22,25.49,6574
-412.34,25.54,6585
-412.39,25.48,6596
-412.52,25.61,6608
-412.89,25.58,6620
-411.58,25.79,6632
-412.64,26.03,6643
-412.86,26.05,6656
-411.50,25.87,6667
-413.23,25.58,6679
-412.72,25.44,6690
-412.69,25.40,6703
-413.51,25.34,6714
-412.54,25.55,6726
-412.32,25.51,6737
-412.73,25.59,6750
-412.79,25.79,6761
-412.76,25.93,6772
-411.35,25.94,6785
-411.60,25.77,6796
-413.59,25.66,6808
-412.32,25.39,6819
-412.15,25.41,6832
-412.68,25.63,6843
-412.10,25.72,6855
-413.43,25.84,6866
-412.60,25.77,6879
-411.18,25.68,6890
-412.74,25.85,6902
-413.31,25.96,6914
-412.64,25.73,6926
-412.79,25.62,6937
-411.90,25.64,6948
-414.15,25.48,6961
-413.37,25.74,6972
-411.38,25.80,6984
-411.30,25.65,6995
-413.37,25.62,7008
-413.19,25.78,7019
-412.70,25.60,7031
-412.56,25.90,7043
-411.84,25.93,7055
-412.50,25.74,7066
-413.62,25.63,7078
-411.28,25.53,7090
-411.87,25.49,7102
-413.72,25.80,7113
-412.42,25.81,7124
-411.63,25.72,7137
-412.73,25.77,7148
-412.13,25.67,7160
-412.91,25.62,7172
-414.06,25.69,7184
-412.06,25.58,7195
-412.27,25.65,7207
-413.25,25.89,7219
-412.92,26.01,7231
-412.63,25.91,7242
-411.76,25.69,7255
-413.70,25.32,7266
-412.31,26.06,7278
-411.42,25.00,7289
-412.91,25.90,7301
-414.04,25.69,7313
-411.26,25.26,7324
-411.09,26.18,7336
-408.66,25.58,7348
-412.72,25.79,7360
-417.15,25.69,7371
-406.87,25.30,7384
-414.35,25.77,7395
-417.20,25.49,7407
-405.33,26.16,7418
-415.76,25.91,7431
-412.34,25.84,7442
-408.93,25.74,7454
-417.21,25.24,7465
-409.87,25.86,7477
-412.14,25.67,7489
-414.47,25.78,7500
-410.35,26.05,7513
-415.32,25.37,7524
-411.23,25.58,7536
-412.02,25.51,7547
-416.01,25.62,7560
-407.97,25.80,7571
-413.89,25.72,7583
-415.14,25.62,7595
-409.06,25.50,7607
-415.62,25.67,7618
-412.99,25.88,7630
-408.57,25.97,7642
-417.11,25.85,7654
-410.34,26.00,7665
-411.08,25.70,7676
-416.33,25.70,7689
-410.07,25.58,7700
-413.13,25.61,7712
-413.04,25.70,7724
-416.19,25.61,7736
-410.68,25.74,7747
-411.86,25.77,7759
-415.42,25.94,7771
-408.34,25.90,7783
-412.44,25.82,7794
-414.42,25.91,7806
-409.53,25.52,7818
-414.84,25.78,7830
-412.66,25.74,7841
-410.74,25.61,7853
-414.31,26.04,7865
-411.19,25.49,7876
-412.51,25.76,7888
-414.00,25.69,7900
-411.15,25.71,7912
-412.65,26.04,7923
-413.00,25.86,7936
-412.23,25.89,7947
-414.14,25.68,7959
-412.64,25.39,7970
-412.12,25.43,7983
-414.09,25.46,7994
-412.44,25.64,8006
-412.58,25.59,8017
-413.10,25.78,8029
-411.21,25.61,8041
-414.22,25.87,8052
-413.68,25.93,8065
-410.77,25.79,8076
-413.47,25.87,8088
-411.97,25.54,8099
-412.58,25.40,8112
-411.61,25.56,8123
-412.04,25.66,8135
-412.84,25.80,8146
-411.35,25.98,8159
-412.00,25.99,8170
-412.57,25.80,8182
-412.25,25.71,8194
-412.97,25.21,8205
-411.12,25.60,8217
-412.13,25.41,8228
-413.44,25.70,8241
-412.06,25.91,8252
-412.97,25.53,8264
-412.61,26.05,8275
-412.15,25.78,8288
-412.45,25.88,8299
-413.92,25.89,8311
-412.24,25.55,8323
-410.56,25.67,8335
-414.07,25.61,8346
-412.37,25.75,8358
-411.79,25.71,8370
-413.98,25.65,8381
-410.74,25.75,8393
-413.46,25.63,8404
-414.54,25.87,8417
-408.61,25.68,8428
-412.77,25.63,8440
-412.67,25.96,8452
-412.11,25.76,8464
-413.53,25.91,8475
-411.16,25.83,8487
-412.69,25.61,8499
-412.25,25.60,8511
-412.32,25.56,8522
-411.59,25.52,8535
-412.82,25.60,8546
-414.19,25.64,8557
-410.87,25.79,8569
-411.69,25.81,8581
-414.08,25.93,8593
-411.46,26.08,8604
-413.12,25.83,8616
-413.76,25.82,8628
-411.51,25.08,8640
-413.25,25.86,8651
-412.68,25.08,8664
-411.26,26.01,8675
-413.58,25.91,8687
-412.69,25.50,8698
-410.53,26.29,8711
-415.75,25.85,8722
-409.95,25.66,8733
-411.94,25.96,8745
-415.41,24.97,8757
-408.53,25.98,8769
-413.30,25.76,8780
-416.62,25.64,8793
-406.96,26.15,8804
-416.40,25.58,8816
-413.21,25.85,8827
-408.95,25.92,8840
-417.42,25.20,8851
-409.84,25.76,8863
-411.64,25.48,8875
-417.13,25.29,8887
-414.28,25.91,8898
-411.95,25.57,8909
-411.03,25.98,8922
-416.95,25.88,8933
-409.49,25.70,8945
-412.81,25.84,8956
-414.80,26.08,8969
-408.45,25.79,8980
-415.46,25.38,8992
-412.53,25.44,9004
-408.31,25.13,9016
-418.50,25.55,9027
-411.08,25.73,9039
-409.55,25.61,9051
-415.61,26.03,9063
-411.02,25.74,9074
-413.41,25.74,9085
-414.80,25.85,9098
-409.97,25.67,9109
-413.76,25.88,9121
-411.52,25.72,9133
-413.07,25.70,9145
-415.96,25.77,9156
-408.39,25.77,9168
-413.26,25.65,9180
-414.74,25.81,9192
-408.38,25.68,9203
-415.33,25.64,9216
-413.01,25.80,9227
-410.30,25.58,9239
-415.45,25.78,9250
-410.07,25.63,9262
-411.28,25.57,9274
-411.17,25.56,9285
-413.24,25.53,9297
-412.43,25.72,9309
-410.96,25.75,9321
-413.19,25.97,9332
-412.84,25.73,9345
-412.45,25.58,9356
-412.87,25.77,9368
-411.24,25.55,9379
-412.52,25.72,9392
-413.64,25.59,9403
-409.75,25.67,9415
-413.38,25.57,9426
-413.68,25.54,9438
-411.63,25.69,9450
-414.50,25.60,9461
-411.12,25.84,9474
-410.97,25.98,9485
-415.23,25.72,9497
-411.57,25.79,9508
-411.85,25.62,9521
-412.95,25.51,9532
-413.33,25.64,9544
-413.91,25.55,9555
-411.86,25.43,9568
-412.56,25.58,9579
-413.39,25.62,9591
-412.58,25.98,9603
-413.61,26.07,9614
-412.33,25.91,9626
-410.63,25.79,9637
-413.89,25.74,9650
-414.10,25.54,9661
-413.85,25.74,9673
-411.72,25.73,9684
-412.33,25.58,9697
-414.05,25.63,9708
-411.06,25.54,9720
-413.18,25.76,9732
-413.16,26.07,9744
-411.65,25.90,9755
-412.28,25.96,9767
-411.21,25.84,9779
-413.14,25.23,9790
-413.11,26.10,9802
-412.43,25.10,9814
-412.51,25.92,9826
-413.17,25.69,9837
-411.48,25.40,9849
-413.10,26.03,9861
-414.05,25.37,9873
-409.17,26.01,9884
-415.11,25.88,9896
-412.39,25.67,9908
-408.96,25.92,9920
-417.53,25.41,9931
-411.22,25.77,9944
-411.17,25.48,9955
-416.52,25.64,9966
-408.86,25.64,9978
-413.49,25.58,9990
-413.72,26.10,10002
-409.51,25.81,10013
-415.83,25.81,10025
-410.78,25.64,10037
-411.90,25.63,10049
-409.94,25.71,10060
-414.35,25.60,10073
-413.35,25.73,10084
-410.23,25.69,10096
-414.65,25.67,10107
-411.51,25.60,10120
-412.09,25.76,10131
-414.69,25.92,10142
-409.66,26.11,10155
-413.87,25.60,10166
-414.42,26.08,10178
-408.79,25.39,10189
-413.51,25.50,10202
-413.72,25.86,10213
-410.77,25.36,10225
-413.61,25.79,10236
-412.42,25.83,10249
-410.38,25.51,10260
-414.91,26.16,10272
-414.39,25.55,10284
-409.47,26.20,10296
-413.61,25.56,10307
-415.28,25.87,10318
-410.30,25.55,10331
-413.54,25.52,10342
-414.32,25.70,10354
-411.09,25.51,10365
-414.41,25.54,10378
-413.22,26.05,10389
-409.37,25.82,10401
-414.30,25.95,10413
-414.93,25.85,10425
-410.76,25.57,10436
-413.42,25.99,10448
-412.14,25.81,10460
-413.59,25.41,10472
-412.74,25.57,10483
-411.35,25.37,10494
-414.21,25.54,10507
-414.10,25.88,10518
-411.31,25.90,10530
-410.53,25.85,10542
-413.68,26.07,10554
-412.74,25.80,10565
-412.85,25.81,10577
-413.33,26.02,10589
-410.48,25.51,10601
-413.43,25.47,10612
-415.28,25.60,10625
-410.55,25.34,10636
-412.67,25.79,10648
-414.09,25.96,10659
-411.59,25.88,10671
-412.40,26.05,10683
-412.86,25.72,10694
-411.38,25.53,10706
-412.44,25.72,10718
-413.66,25.71,10730
-411.41,25.67,10741
-411.51,25.48,10754
-413.91,25.40,10765
-412.50,25.46,10777
-412.28,25.78,10788
-412.86,25.88,10801
-411.98,25.99,10812
-412.27,25.93,10824
-412.89,25.66,10835
-411.48,25.81,10847
-412.06,25.72,10859
-414.37,25.72,10870
-412.45,25.51,10883
-413.11,25.39,10894
-413.93,25.62,10906
-410.98,25.63,10917
-412.93,25.86,10930
-414.11,25.93,10941
-411.12,25.85,10953
-412.44,25.84,10964
-414.45,25.70,10977
-412.25,25.64,10988
-411.82,25.54,11000
-412.80,25.48,11012
-411.59,25.48,11023
-412.92,25.50,11035
-414.21,25.65,11046
-411.95,25.69,11059
-410.98,26.01,11070
-413.34,26.14,11082
-412.38,26.09,11094
-411.06,25.84,11106
-413.32,25.49,11117
-412.98,25.57,11129
-411.57,25.41,11141
-413.41,25.37,11153
-412.67,25.59,11164
-411.88,25.48,11176
-413.96,25.75,11188
-413.77,26.00,11199
-411.80,26.10,11211
-412.91,26.03,11223
-412.49,25.83,11235
-411.42,25.63,11246
-413.79,25.35,11258
-413.57,25.36,11270
-412.40,25.36,11282
-413.37,25.71,11293
-412.24,25.97,11305
-411.90,25.84,11317
-413.69,26.01,11329
-412.60,25.85,11340
-412.02,26.04,11353
-413.24,25.06,11364
-411.45,26.52,11375
-413.10,24.83,11387
-413.23,25.80,11399
-416.06,25.96,11411
-410.65,24.91,11422
-410.21,26.58,11435
-416.99,25.52,11446
-407.84,25.83,11458
-414.65,26.31,11469
-416.51,25.39,11482
-404.73,26.03,11493
-417.94,25.76,11505
-413.52,25.76,11516
-405.87,25.49,11529
-418.64,25.49,11540
-410.57,25.63,11551
-411.57,25.39,11564
-418.51,26.06,11575
-405.62,25.60,11587
-414.29,25.78,11598
-409.19,26.05,11611
-414.83,25.50,11622
-409.56,25.91,11634
-411.98,25.72,11645
-415.98,25.49,11658
-408.58,25.69,11669
-413.96,25.52,11681
-412.81,25.58,11693
-409.92,25.92,11705
-416.09,25.69,11716
-409.45,25.96,11727
-410.17,25.84,11740
-417.95,25.71,11751
-408.85,26.01,11763
-412.08,25.60,11774
-415.89,25.54,11787
-407.91,25.46,11798
-415.52,25.29,11810
-414.52,25.65,11822
-409.76,25.69,11834
-415.14,25.81,11845
-410.31,25.87,11857
-413.16,25.97,11869
-414.30,25.87,11881
-408.42,25.77,11892
-415.32,26.04,11904
-413.28,25.56,11916
-410.48,25.38,11927
-415.26,25.99,11939
-411.04,25.19,11951
-412.75,26.29,11963
-415.29,25.61,11974
-410.81,25.50,11986
-415.61,26.16,11998
-410.98,25.28,12010
-412.22,26.18,12021
-416.19,25.74,12034
-409.27,25.50,12045
-412.55,25.98,12057
-416.31,25.40,12068
-409.10,25.63,12080
-413.64,25.64,12092
-413.69,25.58,12103
-409.73,25.80,12115
-414.68,25.90,12127
-411.31,25.67,12139
-411.37,25.97,12150
-413.62,25.94,12163
-411.47,25.60,12174
-414.02,25.95,12186
-411.26,25.39,12197
-411.69,25.66,12210
-414.98,25.74,12221
-412.00,25.54,12233
-412.49,25.87,12244
-413.67,25.75,12256
-410.59,25.97,12268
-413.92,26.05,12279
-413.18,25.79,12292
-409.60,25.51,12303
-415.20,25.63,12315
-413.67,25.50,12326
-410.62,25.39,12339
-414.62,25.97,12350
-410.92,25.59,12362
-411.73,25.83,12374
-414.62,26.03,12386
-412.91,25.76,12397
-412.41,26.21,12409
-413.13,25.80,12421
-414.51,25.74,12432
-411.12,25.78,12444
-413.04,25.56,12455
-413.25,25.67,12468
-411.69,25.87,12479
-413.09,25.84,12491
-413.26,25.57,12503
-412.65,25.72,12515
-414.14,25.60,12526
-413.67,25.63,12538
-411.39,25.89,12550
-412.29,25.71,12562
-412.72,25.87,12573
-413.17,25.68,12585
-412.87,25.53,12597
-411.18,25.86,12608
-412.27,25.69,12620
-412.79,25.26,12632
-412.43,25.97,12644
-412.76,24.97,12655
-413.35,25.99,12667
-412.99,25.75,12679
-412.52,25.40,12691
-409.83,25.97,12702
-413.77,25.23,12715
-410.37,25.84,12726
-411.78,25.72,12738
-414.81,25.51,12749
-408.67,25.86,12762
-412.56,25.54,12773
-409.58,25.67,12784
-415.15,25.77,12796
-412.82,25.84,12808
-409.51,25.72,12820
-416.10,25.93,12831
-411.01,25.88,12844
-410.73,25.65,12855
-415.36,25.92,12867
-410.88,25.47,12878
-412.66,25.77,12891
-413.28,25.45,12902
-411.21,25.55,12914
-413.55,25.85,12925
-412.06,25.63,12938
-412.04,25.87,12949
-413.04,25.80,12960
-409.96,25.75,12973
-413.80,25.82,12984
-413.95,25.82,12996
-409.33,25.62,13007
-414.86,25.74,13020
-412.46,25.72,13031
-410.96,25.51,13043
-415.52,25.75,13054
-411.27,25.77,13067
-411.64,25.74,13078
-414.54,26.00,13090
-411.07,25.61,13102
-413.03,25.69,13114
-412.91,25.61,13125
-412.04,25.49,13136
-413.55,25.87,13149
-412.17,25.91,13160
-412.92,25.78,13172
-411.21,25.82,13184
-414.50,25.68,13196
-412.20,25.67,13207
-411.96,25.78,13219
-414.98,25.94,13231
-411.62,25.90,13243
-411.77,25.41,13254
-414.64,25.95,13266
-411.66,25.38,13278
-410.58,26.29,13290
-414.24,25.67,13301
-411.17,25.63,13313
-410.94,25.91,13325
-416.02,25.06,13336
-410.66,26.08,13348
-411.98,25.74,13360
-415.25,25.76,13372
-411.54,26.30,13383
-413.21,25.34,13395
-415.40,25.87,13407
-410.42,25.72,13419
-412.08,25.78,13430
-412.88,25.84,13443
-412.69,25.84,13454
-413.72,25.21,13466
-412.07,25.63,13477
-413.70,25.87,13489
-412.50,25.60,13501
-412.48,26.24,13512
-412.10,25.39,13524
-409.87,25.75,13536
-414.40,25.98,13548
-410.40,25.63,13559
-412.57,26.04,13572
-412.34,25.48,13583
-412.69,25.37,13595
-415.41,25.48,13606
-412.20,25.60,13619
-410.73,25.77,13630
-414.37,26.06,13642
-411.62,26.09,13654
-411.30,25.84,13665
-412.94,25.90,13677
-412.00,25.38,13688
-414.09,25.58,13701
-412.63,25.72,13712
-411.48,25.21,13724
-412.33,25.76,13735
-412.98,25.44,13748
-414.32,25.77,13759
-411.37,26.17,13771
-410.71,25.94,13783
-413.10,25.99,13795
-412.45,25.71,13806
-412.56,25.39,13818
-412.66,25.56,13830
-411.67,25.49,13841
-413.28,25.44,13853
-414.93,25.60,13864
-411.59,25.46,13877
-411.34,25.63,13888
-413.38,26.16,13900
-412.32,25.94,13912
-412.47,26.03,13924
-411.93,25.97,13935
-413.35,25.37,13947
-413.46,25.46,13959
-413.10,25.51,13971
-411.79,25.62,13982
-412.82,25.84,13995
-413.20,25.97,14006
-412.66,25.80,14017
-412.00,26.01,14029
-412.60,25.90,14041
-412.73,25.85,14053
-412.88,26.06,14064
-413.03,25.47,14076
-411.87,25.51,14088
-413.09,25.45,14100
-414.07,25.40,14111
-413.23,25.84,14124
-412.41,25.74,14135
-412.66,25.78,14147
-412.53,25.92,14158
-412.89,25.82,14171
-412.80,25.86,14182
-411.82,25.87,14194
-412.15,25.81,14205
-413.45,25.56,14217
-413.95,25.39,14229
-412.48,25.20,14240
-411.88,25.41,14253
-413.60,25.74,14264
-413.08,25.74,14276
-411.93,26.01,14287
-411.37,25.77,14300
-411.83,25.82,14311
-412.83,25.89,14323
-411.73,25.58,14334
-412.41,25.75,14347
-414.10,25.66,14358
-414.35,25.52,14370
-412.36,25.44,14382
-412.36,25.49,14393
-413.18,25.75,14405
-412.75,25.80,14416
-413.03,25.89,14429
-411.80,25.79,14440
-411.43,25.86,14452
-413.58,25.71,14464
-413.30,25.61,14476
-411.60,25.54,14487
-412.28,25.28,14499
-413.29,25.52,14511
-413.29,25.55,14523
-413.39,25.66,14534
-411.49,25.92,14545
-411.63,25.85,14558
-414.28,26.00,14569
-413.27,25.83,14581
-411.65,25.68,14593
-412.29,25.71,14605
-411.85,25.53,14616
-413.73,25.50,14628
-413.79,25.48,14640
-411.34,25.59,14652
-412.04,25.81,14663
-413.39,26.02,14675
-412.33,25.90,14687
-411.98,25.56,14699
-412.73,25.62,14710
-413.98,25.61,14722
-413.82,25.77,14734
-411.06,25.70,14745
-411.47,25.37,14757
-412.63,25.47,14769
-412.97,25.38,14781
-412.45,25.55,14792
-411.82,25.90,14804
-412.77,25.98,14816
-413.45,25.92,14828
-413.07,25.84,14839
-412.17,25.67,14852
-411.03,25.73,14863
-413.06,25.76,14875
-413.70,25.71,14886
-412.21,25.58,14898
-412.14,25.57,14910
-413.00,25.55,14921
-412.80,25.65,14934
-412.19,25.82,14945
-412.21,25.69,14957
-411.51,25.86,14968
-412.04,25.80,14981
-413.76,25.69,14992
-412.97,25.64,15004
-410.84,25.52,15015
-412.76,25.51,15028
-414.53,25.68,15039
-412.90,25.69,15051
-411.97,25.75,15063
-412.02,25.82,15074
-412.13,25.77,15086
-413.46,25.61,15097
-412.26,25.70,15110
-412.61,25.84,15121
-413.28,25.71,15133
-413.16,25.68,15144
-411.77,25.44,15157
-411.21,25.39,15168
-412.45,25.53,15180
-413.35,25.72,15192
-412.97,25.90,15204
-411.55,25.88,15215
-411.93,25.98,15227
-413.52,25.85,15239
-413.14,25.68,15250
-411.17,25.71,15262
-411.96,25.57,15273
-413.13,25.69,15286
-413.03,25.64,15297
-412.24,25.55,15309
-412.52,25.64,15321
-412.23,25.59,15333
-412.46,25.72,15344
-414.17,25.81,15356
-412.21,25.85,15368
-409.95,25.90,15380
-413.66,25.72,15391
-413.34,25.58,15404
-411.10,25.60,15415
-412.29,25.79,15426
-411.99,25.76,15438
-412.57,25.81,15450
-413.47,25.64,15462
-412.18,25.61,15473
-411.76,25.92,15485
-413.76,25.88,15497
-411.95,25.81,15509
-410.88,25.80,15520
-412.34,25.56,15533
-413.82,25.49,15544
-413.60,25.53,15556
-411.84,25.57,15567
-411.40,25.72,15580
-411.88,25.84,15591
-413.07,25.88,15602
-412.31,25.84,15614
-411.44,25.87,15626
-411.98,25.74,15638
-412.42,25.88,15649
-413.50,25.31,15662
-412.20,25.72,15673
-412.74,25.20,15685
-413.78,25.78,15696
-412.89,25.90,15709
-412.64,25.69,15720
-410.43,26.21,15732
-413.77,25.68,15744
-413.62,25.90,15756
-413.63,25.74,15767
-412.79,25.54,15778
-410.30,25.81,15791
-413.83,25.40,15802
-414.58,25.62,15814
-410.49,25.46,15825
-414.27,25.49,15838
-412.35,25.77,15849
-410.47,25.85,15861
-415.34,25.96,15873
-409.99,26.02,15885
-414.90,25.99,15896
-412.92,25.77,15908
-411.52,25.71,15920
-412.70,25.29,15932
-412.53,25.60,15943
-413.05,25.69,15954
-413.70,25.50,15967
-412.16,25.65,15978
-411.41,25.82,15990
-412.72,25.80,16002
-413.55,25.73,16014
-411.50,25.87,16025
-410.53,25.53,16037
-414.28,25.58,16049
-413.10,25.63,16061
-412.19,25.66,16072
-413.93,25.80,16084
-410.74,25.49,16096
-411.72,25.83,16108
-415.92,25.98,16119
-412.65,25.74,16131
-412.17,26.04,16143
-412.27,25.85,16154
-411.94,25.96,16166
-413.95,25.70,16178
-412.16,25.53,16190
-412.73,25.61,16201
-413.81,25.67,16214
-412.61,25.61,16225
-412.64,25.65,16237
-412.78,25.64,16248
-411.03,26.20,16261
-413.52,25.54,16272
-411.22,26.24,16284
-412.92,25.62,16295
-411.19,25.13,16307
-414.06,25.67,16319
-413.21,25.39,16330
-411.84,25.56,16343
-412.89,25.92,16354
-411.75,25.46,16366
-412.66,25.89,16377
-415.34,25.90,16390
-410.37,25.82,16401
-413.12,25.53,16413
-414.25,25.84,16424
-411.65,25.41,16437
-414.29,25.36,16448
-413.15,25.76,16460
-411.42,25.52,16472
-414.14,25.88,16483
-413.36,25.84,16495
-411.18,25.64,16506
-412.25,25.99,16519
-414.26,25.70,16530
-412.64,25.71,16542
-411.74,25.59,16553
-413.27,25.60,16566
-413.08,25.69,16577
-412.30,25.50,16589
-413.73,25.72,16601
-413.27,25.61,16613
-409.50,25.79,16624
-415.00,25.62,16636
-414.22,25.90,16648
-413.31,25.73,16659
-412.01,25.69,16671
-411.66,25.84,16683
-414.08,25.38,16695
-411.82,25.60,16706
-412.13,25.52,16718
-413.28,25.55,16730
-413.69,25.63,16742
-412.73,25.60,16753
-410.59,25.79,16765
-414.35,25.65,16777
-413.44,26.00,16789
-410.58,25.94,16800
-413.19,25.84,16813
-411.90,25.91,16824
-411.48,25.69,16835
-415.35,25.63,16847
-412.22,25.30,16859
-410.02,25.55,16871
-414.01,25.46,16882
-413.86,25.52,16894
-412.08,25.84,16906
-412.18,25.60,16918
-412.14,25.98,16929
-413.66,26.05,16942
-412.94,25.82,16953
-412.38,25.91,16965
-413.17,25.45,16976
-411.40,25.43,16989
-414.14,25.50,17000
-414.79,25.51,17011
-409.09,25.61,17024
-413.26,26.01,17035
-409.98,25.98,17047
-414.33,25.89,17058
-412.45,25.99,17071
-410.79,25.61,17082
-415.47,25.61,17094
-413.30,25.57,17105
-410.70,25.53,17118
-413.14,25.68,17129
-413.28,25.72,17141
-412.94,25.81,17153
-412.61,25.87,17165
-411.13,25.87,17176
-413.19,26.08,17187
-413.12,25.89,17200
-412.65,25.67,17211
-414.03,25.46,17223
-410.92,25.45,17234
-413.64,25.62,17247
-414.82,25.62,17258
-409.71,25.76,17270
-413.12,25.92,17282
-414.40,25.45,17294
-411.41,26.33,17305
-414.16,25.32,17317
-410.61,26.15,17329
-410.42,25.84,17341
-414.73,25.13,17352
-412.12,25.85,17363
-413.05,25.25,17376
-411.45,25.72,17387
-412.45,26.08,17399
-414.96,25.57,17411
-411.79,26.16,17423
-414.29,25.68,17434
-411.05,26.03,17446
-413.56,25.94,17458
-412.83,25.72,17470
-409.34,25.45,17481
-414.63,25.19,17494
-414.77,25.37,17505
-411.21,25.48,17517
-411.96,25.87,17528
-410.69,25.71,17540
-413.46,25.86,17552
-413.02,25.87,17563
-412.02,25.58,17575
-413.31,26.12,17587
-411.63,25.89,17599
-413.57,25.67,17610
-414.37,25.46,17623
-409.63,25.16,17634
-413.10,25.49,17646
-415.29,25.60,17657
-411.17,25.86,17670
-412.96,25.92,17681
-411.24,26.23,17693
-410.65,25.84,17704
-414.48,25.81,17716
-413.60,25.66,17728
-410.29,25.37,17739
-411.91,25.57,17752
-413.67,25.32,17763
-414.14,25.60,17775
-412.12,25.77,17786
-410.71,25.84,17799
-413.10,26.34,17810
-412.48,25.97,17822
-411.80,25.77,17833
-410.18,25.74,17846
-414.42,25.53,17857
-413.73,25.69,17869
-411.69,25.61,17881
-411.97,25.47,17892
-412.19,25.49,17904
-414.02,25.72,17915
-413.57,25.66,17928
-411.29,25.71,17939
-411.34,25.99,17951
-412.91,25.93,17963
-414.04,26.04,17975
-412.94,25.58,17986
-411.24,25.39,17998
-412.47,25.61,18010
-414.55,25.51,18022
-413.26,25.64,18033
-411.84,25.66,18045
-412.12,25.62,18057
-413.54,25.79,18068
-413.93,25.91,18080
-411.99,25.89,18092
-411.11,25.89,18104
-413.36,25.57,18115
-414.12,25.37,18127
-413.26,25.48,18139
-411.99,25.51,18151
-412.48,25.90,18162
-412.75,26.04,18174
-412.14,25.81,18186
-412.39,25.78,18198
-411.44,25.80,18209
-412.99,25.78,18222
-413.11,25.73,18233
-412.59,25.72,18244
-412.66,25.55,18256
-413.85,25.51,18268
-413.81,25.71,18280
-412.62,25.69,18291
-412.09,25.80,18304
-412.95,25.82,18315
-413.05,25.91,18327
-413.04,25.92,18338
-412.41,25.75,18351
-411.99,25.77,18362
-412.84,25.60,18374
-413.33,25.56,18385
-413.16,25.45,18398
-411.77,25.63,18409
-412.37,25.87,18420
-413.41,25.99,18433
-413.01,26.01,18444
-412.05,25.85,18456
-412.42,25.72,18467
-412.35,25.75,18480
-412.85,25.63,18491
-413.05,25.86,18503
-411.43,25.58,18514
-413.16,25.72,18527
-413.40,25.41,18538
-412.50,25.55,18550
-412.12,25.68,18562
-412.92,25.57,18574
-412.07,25.73,18585
-413.33,25.63,18596
-411.74,25.66,18609
-412.28,25.66,18620
-413.03,25.73,18632
-412.79,25.77,18643
-412.59,25.66,18656
-411.87,25.66,18667
-413.67,25.62,18679
-412.91,25.85,18691
-411.70,25.85,18703
-412.75,25.43,18714
-412.73,25.94,18726
-413.92,25.40,18738
-413.85,25.70,18750
-411.79,25.50,18761
-411.62,25.49,18772
-413.18,25.75,18785
-413.00,25.53,18796
-413.17,25.60,18808
-411.66,25.64,18820
-411.48,25.82,18832
-412.98,25.80,18843
-412.62,25.84,18855
-411.86,25.67,18867
-412.36,25.48,18879
-412.01,25.57,18890
-412.74,25.60,18903
-413.03,25.69,18914
-411.84,25.92,18926
-412.77,25.73,18937
-413.57,25.73,18949
-411.36,25.52,18961
-412.82,25.48,18972
-412.49,25.72,18984
-414.54,25.85,18996
-412.59,25.78,19008
-411.00,25.86,19019
-413.48,25.86,19032
-413.44,25.71,19043
-412.36,25.67,19055
-412.47,25.57,19066
-411.89,25.43,19079
-413.59,25.50,19090
-413.82,25.37,19102
-411.49,25.80,19113
-412.47,25.91,19125
-411.52,25.88,19137
-412.32,26.03,19148
-413.91,25.76,19161
-411.52,25.69,19172
-412.98,25.63,19184
-414.41,25.61,19195
-411.35,25.58,19208
-411.84,25.56,19219
-412.84,25.54,19231
-412.77,25.69,19243
-413.49,25.81,19255
-412.55,25.81,19266
-411.28,26.02,19278
-412.39,26.06,19290
-413.77,25.86,19301
-413.78,25.86,19313
-411.52,25.64,19324
-411.31,25.36,19337
-414.28,25.29,19348
-412.74,25.17,19360
-412.24,25.40,19372
-412.30,25.94,19384
-411.98,26.11,19395
-412.91,26.03,19407
-410.88,25.84,19419
-411.19,25.81,19431
-414.19,25.73,19442
-414.05,25.68,19454
-411.27,25.71,19466
-411.92,25.57,19477
-413.86,25.72,19489
-413.24,25.67,19501
-412.39,25.59,19513
-412.05,25.83,19524
-411.78,25.83,19536
-413.80,25.97,19548
-414.39,25.95,19560
-411.24,25.80,19571
-411.86,25.93,19584
-413.90,25.66,19595
-413.00,25.65,19607
-412.80,25.50,19618
-412.45,25.30,19631
-411.91,25.46,19642
-414.00,25.51,19653
-413.79,25.83,19665
-412.11,25.79,19677
-412.12,26.17,19689
-412.07,26.09,19700
-412.72,25.84,19713
-412.41,25.83,19724
-411.58,25.39,19736
-413.52,25.62,19747
-413.64,25.72,19760
-411.93,25.69,19771
-412.77,26.00,19783
-413.24,25.77,19794
-413.08,25.65,19807
-412.60,25.57,19818
-411.69,25.89,19829
-411.97,25.92,19842
-414.18,25.81,19853
-411.80,25.62,19865
-411.29,25.25,19876
-412.84,25.47,19889
-413.27,25.49,19900
-413.80,25.57,19912
-412.66,25.73,19923
-410.81,25.65,19936
-412.94,25.89,19947
-414.03,26.05,19959
-411.21,25.93,19971
-411.56,25.76,19983
-412.65,25.80,19994
-413.21,25.49,20005
-414.16,25.30,20018
-412.68,25.53,20029
-411.52,25.63,20041
-412.89,25.89,20052
-413.18,25.87,20065
-413.32,25.68,20076
-411.46,25.77,20088
-410.64,25.65,20100
-413.22,25.70,20112
-412.58,25.78,20123
-411.47,25.73,20135
-412.52,25.72,20147
-412.79,25.69,20159
-413.08,25.73,20170
-412.08,25.60,20182
-412.08,25.59,20194
-412.72,25.59,20205
-413.66,25.85,20217
-412.04,25.83,20229
-410.97,26.24,20241
-413.63,25.56,20252
-413.80,25.97,20264
-413.29,25.27,20276
-412.62,25.22,20288
-411.70,25.85,20299
-413.23,25.56,20312
-413.16,26.03,20323
-413.05,25.70,20335
-412.16,25.64,20346
-412.83,25.97,20358
-414.44,25.58,20370
-412.34,25.77,20381
-411.33,25.48,20393
-413.81,25.56,20405
-412.69,25.46,20417
-412.41,25.60,20428
-413.87,25.73,20441
-411.09,25.82,20452
-411.47,25.98,20464
-413.74,25.48,20475
-412.90,25.90,20488
-411.64,25.72,20499
-412.51,25.71,20511
-413.61,25.85,20523
-412.24,25.35,20534
-413.53,25.73,20546
-411.75,25.58,20557
-412.45,25.81,20570
-414.78,26.02,20581
-411.70,25.93,20593
-411.07,25.99,20604
-414.31,25.75,20617
-411.69,25.72,20628
-412.22,25.40,20640
-414.63,25.49,20652
-410.94,25.38,20664
-412.70,25.44,20675
-414.78,25.77,20687
-412.22,25.61,20699
-411.74,26.03,20710
-412.26,25.92,20722
-412.85,25.92,20733
-413.11,26.01,20746
-412.48,25.56,20757
-412.36,25.57,20769
-412.98,25.41,20781
-413.24,25.59,20793
-413.03,25.74,20804
-411.95,25.71,20816
-412.93,25.82,20828
-414.14,25.80,20840
-412.00,25.82,20851
-411.34,25.71,20862
-412.99,25.81,20875
-412.37,25.55,20886
-412.62,25.49,20898
-413.56,25.54,20910
-411.83,25.49,20922
-413.85,25.73,20933
-412.36,25.64,20945
-410.74,25.76,20957
-412.45,25.97,20969
-414.26,25.99,20980
-411.29,26.00,20993
-411.41,25.88,21004
-413.65,25.72,21016
-412.60,25.41,21027
-414.25,25.36,21040
-414.50,25.29,21051
-410.57,25.51,21062
-411.61,25.86,21074
-414.77,25.72,21086
-412.60,25.89,21098
-411.72,25.94,21109
-413.72,25.89,21122
-412.54,25.88,21133
-413.05,25.64,21145
-413.72,25.36,21156
-411.78,25.48,21169
-413.43,25.42,21180
-414.16,25.53,21192
-412.57,25.77,21203
-411.27,25.67,21215
-411.45,25.94,21227
-412.97,25.73,21238
-412.81,26.38,21251
-411.42,25.73,21262
-411.54,26.13,21274
-411.37,25.09,21285
-415.65,25.41,21298
-412.55,25.31,21309
-414.06,25.22,21321
-411.16,26.09,21332
-414.11,25.62,21345
-413.78,25.75,21356
-408.96,26.40,21368
-414.57,25.47,21380
-413.07,26.45,21391
-410.84,25.54,21403
-411.78,25.15,21414
-412.50,25.09,21427
-414.10,25.06,21438
-414.55,25.28,21450
-411.49,26.15,21462
-410.55,26.03,21474
-412.35,25.78,21485
-414.21,26.33,21497
-411.90,25.61,21509
-411.31,25.96,21521
-412.78,26.09,21532
-413.31,25.16,21544
-412.48,25.56,21556
-414.62,25.14,21567
-412.58,25.40,21579
-411.30,25.80,21591
-415.36,25.95,21603
-411.46,26.15,21614
-409.93,26.11,21626
-414.25,26.02,21638
-411.41,25.87,21650
-412.24,25.74,21661
-414.35,25.32,21673
-410.49,25.57,21685
-413.05,25.25,21697
-413.04,25.17,21708
-412.83,25.91,21721
-411.25,25.69,21732
-411.95,26.25,21743
-412.87,26.39,21755
-411.78,26.02,21767
-412.62,25.84,21779
-412.58,25.51,21790
-412.31,25.40,21803
-414.12,25.47,21814
-413.10,25.32,21826
-411.17,25.37,21837
-413.39,25.71,21850
-413.23,25.88,21861
-412.10,25.86,21873
-412.30,26.27,21884
-410.33,25.86,21897
-412.09,26.01,21908
-413.91,25.90,21919
-412.64,25.31,21932
-412.32,25.53,21943
-412.59,25.31,21955
-413.11,25.22,21966
-413.95,25.54,21979
-411.57,25.59,21990
-411.93,26.00,22002
-413.39,26.34,22013
-412.59,26.18,22026
-412.73,25.89,22037
-412.11,25.84,22049
-411.46,25.25,22061
-413.19,25.24,22073
-414.16,25.38,22084
-412.10,25.21,22095
-412.94,25.76,22108
-413.80,25.69,22119
-412.98,25.76,22131
-411.76,26.15,22142
-412.64,26.04,22155
-412.98,26.04,22166
-413.17,25.79,22178
-413.71,25.32,22190
-412.46,25.14,22202
-413.24,25.34,22213
-414.32,25.42,22225
-412.50,25.62,22237
-410.91,25.71,22249
-412.05,25.69,22260
-413.08,26.08,22272
-412.27,26.16,22284
-411.78,26.26,22295
-412.04,26.16,22307
-410.93,25.66,22319
-413.91,25.37,22331
-415.09,25.10,22342
-410.55,25.14,22354
-412.54,25.41,22366
-414.91,25.65,22378
-411.87,25.86,22389
-412.49,26.16,22402
-412.92,26.36,22413
-410.99,26.25,22425
-413.36,26.09,22436
-412.81,25.75,22448
-410.71,25.46,22460
-413.23,25.06,22471
-413.07,25.00,22483
-412.39,25.23,22495
-411.56,25.64,22507
-411.39,25.98,22518
-412.74,26.32,22531
-412.95,26.37,22542
-412.08,26.17,22554
-411.67,25.89,22565
-412.94,25.52,22578
-413.69,25.50,22589
-413.30,24.93,22601
-412.31,25.58,22612
-413.25,24.89,22624
-412.95,25.77,22636
-413.25,25.81,22647
-411.32,25.86,22660
-411.24,26.68,22671
-413.06,26.05,22683
-411.83,26.22,22694
-413.39,25.73,22707
-412.70,25.00,22718
-411.79,25.36,22730
-415.53,24.96,22742
-413.54,25.41,22754
-410.96,25.37,22765
-413.84,25.76,22777
-412.24,26.20,22789
-411.79,26.24,22800
-412.58,26.42,22812
-409.92,26.16,22823
-411.16,25.94,22836
-413.31,25.36,22847
-414.11,25.29,22859
-412.02,24.99,22871
-414.63,25.05,22883
-414.28,25.53,22894
-412.60,25.31,22906
-413.64,25.97,22918
-411.24,26.32,22930
-411.68,26.28,22941
-414.54,26.43,22953
-411.02,26.12,22965
-411.87,25.41,22976
-415.39,25.40,22988
-411.92,25.04,23000
-411.78,25.08,23012
-414.14,25.48,23023
-411.74,25.49,23035
-412.25,25.95,23047
-413.32,26.37,23059
-411.26,26.38,23070
-411.98,26.47,23083
-411.92,26.01,23094
-412.60,25.29,23106
-413.25,25.02,23117
-413.47,24.82,23129
-413.34,24.99,23141
-412.65,25.38,23152
-412.15,25.73,23164
-413.68,26.16,23176
-412.62,26.54,23188
-410.54,26.51,23199
-413.02,26.27,23212
-411.83,26.03,23223
-411.36,25.17,23235
-413.34,24.76,23246
-412.43,24.83,23259
-413.99,25.00,23270
-412.67,25.44,23282
-411.37,25.76,23293
-411.73,26.04,23306
-411.66,26.44,23317
-412.68,26.50,23328
-411.88,26.31,23341
-412.03,26.07,23352
-414.20,25.72,23364
-412.66,25.10,23375
-413.88,24.95,23388
-413.92,24.81,23399
-411.96,25.29,23411
-414.14,25.82,23422
-413.19,26.00,23435
-410.45,26.20,23446
-412.03,26.31,23458
-412.22,26.38,23470
-412.18,25.94,23481
-412.58,25.51,23493
-411.73,25.25,23504
-412.80,25.03,23517
-413.73,25.20,23528
-413.00,25.35,23540
-413.00,25.74,23552
-411.57,26.00,23564
-412.69,26.25,23575
-413.54,26.49,23587
-410.91,26.16,23599
-412.10,26.08,23611
-412.81,25.74,23622
-411.99,25.45,23634
-412.76,25.13,23646
-412.55,24.87,23658
-414.75,25.34,23669
-412.69,25.46,23681
-411.81,25.91,23693
-413.18,26.33,23704
-411.15,26.39,23716
-410.24,26.35,23728
-413.58,26.01,23740
-412.12,25.65,23751
-412.76,25.32,23763
-414.27,24.99,23775
-412.82,24.95,23787
-413.07,25.20,23798
-413.08,25.52,23811
-412.62,26.03,23822
-412.73,26.51,23833
-411.65,26.62,23845
-411.20,26.41,23857
-412.54,26.03,23869
-412.87,25.38,23880
-412.36,25.22,23892
-412.13,25.02,23904
-412.33,25.13,23916
-414.20,25.27,23927
-413.89,25.49,23940
-412.12,25.87,23951
-412.13,26.20,23963
-411.90,26.46,23974
-413.05,26.36,23987
-412.36,26.09,23998
-411.54,25.67,24009
-412.40,25.41,24022
-413.66,25.30,24033
-413.23,25.17,24045
-412.17,25.22,24056
-412.30,25.50,24069
-414.53,25.75,24080
-412.10,26.15,24092
-411.19,26.44,24103
-411.61,26.37,24116
-411.63,26.19,24127
-413.04,25.73,24139
-413.05,25.13,24151
-412.42,25.02,24163
-413.79,24.99,24174
-413.66,25.47,24185
-412.74,25.53,24198
-412.05,25.93,24209
-411.92,26.22,24221
-412.42,26.33,24232
-413.07,26.44,24245
-411.41,25.97,24256
-410.81,25.81,24268
-413.05,25.43,24280
-413.59,25.10,24292
-413.48,25.19,24303
-412.66,25.18,24315
-412.53,25.54,24327
-413.60,25.72,24339
-413.85,26.07,24350
-411.74,26.29,24361
-411.02,26.23,24374
-412.12,26.20,24385
-412.77,25.88,24397
-413.46,25.54,24409
-412.02,25.12,24421
-414.26,25.24,24432
-412.79,25.39,24444
-410.76,25.57,24456
-411.42,25.96,24468
-412.16,26.07,24479
-413.39,26.23,24492
-412.65,26.31,24503
-411.28,25.94,24515
-412.03,25.78,24526
-413.35,25.35,24538
-413.18,25.13,24550
-412.61,25.02,24561
-412.10,25.15,24573
-412.94,25.54,24585
-414.20,25.87,24597
-412.01,26.20,24608
-410.47,26.15,24621
-412.82,26.25,24632
-413.92,25.98,24644
-412.55,25.77,24655
-412.59,25.73,24668
-412.74,25.45,24679
-413.20,25.69,24691
-414.09,25.41,24702
-412.47,25.31,24714
-411.74,25.64,24726
-413.43,25.85,24737
-413.58,26.28,24750
-412.06,26.24,24761
-411.94,26.19,24773
-411.66,25.81,24784
-413.80,25.46,24797
-414.18,25.31,24808
-412.11,25.30,24820
-413.91,25.56,24832
-414.47,25.53,24844
-412.92,25.52,24855
-410.69,25.74,24867
-412.00,26.00,24879
-412.68,26.20,24890
-412.50,26.13,24902
-412.27,25.95,24913
-411.24,25.71,24926
-412.41,25.59,24937
-413.94,25.46,24949
-412.32,25.33,24961
-411.72,25.43,24973
-412.73,25.54,24984
-413.28,25.85,24996
-412.83,26.05,25008
-410.93,26.17,25020
-411.66,26.24,25031
-412.98,26.18,25043
-412.06,25.76,25055
-412.70,25.52,25066
-412.51,25.42,25078
-411.30,25.40,25090
-413.80,25.38,25102
-413.87,25.48,25113
-411.52,25.69,25125
-411.11,25.92,25137
-412.87,26.16,25149
-413.30,26.07,25160
-411.86,25.89,25172
-412.28,25.74,25184
-412.63,25.61,25196
-413.55,25.43,25207
-413.42,25.28,25220
-411.52,25.40,25231
-412.98,25.59,25242
-413.54,25.70,25254
-410.66,25.99,25266
-411.91,26.06,25278
-413.63,26.07,25289
-412.22,25.87,25302
-413.82,25.65,25313
-412.71,25.58,25325
-410.72,25.32,25336
-413.73,25.31,25349
-413.49,25.22,25360
-411.97,25.35,25372
-413.04,25.68,25383
-412.58,25.86,25396
-412.73,26.20,25407
-412.29,26.02,25418
-411.80,25.83,25431
-412.41,25.71,25442
-412.89,25.74,25454
-413.29,25.64,25465
-413.05,25.42,25478
-412.35,25.50,25489
-413.70,25.48,25501
-414.47,25.52,25512
-412.85,25.76,25525
-413.32,26.02,25536
-412.55,26.33,25548
-411.68,26.16,25560
-413.51,25.91,25572
-412.44,25.65,25583
-413.32,25.29,25594
-412.67,25.24,25607
-413.20,25.22,25618
-413.66,25.30,25630
-412.81,25.39,25641
-413.15,25.64,25654
-412.65,26.06,25665
-411.42,26.26,25677
-411.97,26.25,25689
-412.34,25.98,25701
-412.34,25.75,25712
-413.10,25.45,25724
-413.00,25.19,25736
-412.96,25.25,25747
-413.28,25.30,25759
-412.72,25.59,25771
-412.91,25.86,25783
-412.31,25.91,25794
-412.34,26.13,25806
-412.72,26.07,25818
-412.43,25.82,25830
-412.76,25.57,25841
-412.80,25.39,25853
-412.23,25.21,25865
-412.91,25.09,25877
-413.27,25.25,25888
-413.07,25.48,25901
-413.04,25.86,25912
-412.59,26.14,25923
-412.29,26.24,25935
-412.14,26.19,25947
-412.31,26.22,25959
-412.65,25.83,25970
-412.00,25.38,25982
-413.96,25.22,25994
-412.95,24.92,26006
-412.95,25.30,26017
-414.65,25.61,26030
-411.84,25.96,26041
-412.73,26.35,26053
-412.48,26.11,26064
-409.21,26.07,26077
-413.13,26.04,26088
-413.14,25.69,26099
-411.28,25.53,26112
-414.31,25.11,26123
-412.10,25.11,26135
-412.57,25.51,26146
-414.06,25.55,26159
-411.02,25.99,26170
-412.58,26.09,26182
-411.93,26.13,26193
-412.98,26.15,26206
-413.48,25.79,26217
-410.41,25.91,26229
-412.45,25.64,26241
-412.83,25.52,26253
-411.81,25.42,26264
-414.41,25.11,26275
-412.41,25.43,26288
-411.79,25.81,26299
-414.00,26.28,26311
-411.07,26.36,26322
-411.49,26.24,26335
-413.00,25.88,26346
-411.32,25.61,26358
-413.12,25.57,26370
-411.60,25.24,26382
-414.23,25.24,26393
-413.25,25.27,26405
-412.30,25.42,26417
-413.40,25.92,26429
-410.54,26.15,26440
-411.79,26.31,26451
-413.74,26.23,26464
-411.64,25.86,26475
-413.05,25.73,26487
-412.54,25.58,26499
-412.31,25.51,26511
-413.82,25.34,26522
-412.52,25.26,26534
-413.26,25.36,26546
-413.52,25.85,26558
-411.99,26.19,26569
-412.41,26.26,26582
-411.85,26.29,26593
-410.93,25.97,26605
-413.50,25.62,26616
-412.86,25.45,26628
-412.22,25.30,26640
-414.57,25.30,26651
-412.55,25.28,26663
-413.21,25.46,26675
-414.21,25.83,26687
-411.09,26.13,26698
-412.95,26.40,26711
-413.29,26.39,26722
-410.95,26.17,26734
-412.34,25.89,26745
-412.51,25.45,26758
-413.07,25.26,26769
-412.39,25.21,26781
-413.18,25.35,26792
-412.63,25.47,26804
-412.33,25.65,26816
-413.43,26.10,26827
-412.39,26.16,26840
-411.46,26.29,26851
-412.80,26.25,26863
-411.26,25.91,26874
-411.56,25.73,26887
-414.11,25.29,26898
-413.02,25.22,26910
-413.04,25.15,26921
-413.66,25.34,26934
-411.98,25.58,26945
-412.08,26.01,26957
-412.80,26.60,26969
-409.96,24.51,26980
-414.86,24.40,26992
-418.53,25.69,27003
-401.33,26.77,27016
-416.59,28.59,27027
-431.00,28.04,27039
-390.52,27.18,27051
-390.46,25.98,27063
-430.90,23.26,27074
-433.41,20.77,27086
-416.96,20.90,27098
-402.30,23.70,27110
-390.29,26.97,27121
-424.04,28.59,27133
-401.45,28.81,27145
-376.41,29.74,27156
-413.09,29.52,27168
-438.69,27.31,27180
-419.38,23.76,27192
-398.17,20.37,27203
-403.92,20.68,27215
-423.82,23.75,27227
-439.07,26.64,27239
-408.15,28.34,27250
-373.52,28.12,27262
-405.84,26.90,27274
-446.67,25.99,27286
-426.32,24.99,27297
-389.38,24.96,27310
-388.16,26.39,27321
-426.94,26.88,27332
-444.92,25.22,27344
-405.17,23.21,27356
-382.75,23.19,27368
-413.20,24.81,27379
-440.70,26.32,27392
-427.82,26.75,27403
-387.80,27.44,27415
-388.94,28.56,27426
-427.90,28.99,27439
-431.74,27.24,27450
-404.37,23.46,27462
-394.00,21.36,27473
-407.87,21.47,27486
-437.37,22.87,27497
-433.52,25.14,27508
-394.70,27.79,27521
-416.54,29.36,27532
-428.25,28.75,27544
-413.46,26.66,27555
-394.53,25.00,27568
-408.77,24.70,27579
-430.76,25.61,27591
-423.10,25.70,27602
-401.60,24.84,27615
-395.47,24.26,27626
-418.82,24.66,27638
-436.05,25.39,27650
-411.71,25.59,27661
-391.85,26.32,27673
-406.77,27.53,27684
-423.78,27.89,27697
-423.02,27.11,27708
-404.72,25.67,27720
-395.92,24.59,27731
-415.18,23.78,27744
-432.13,22.98,27755
-420.72,23.38,27767
-401.23,25.03,27779
-402.77,27.59,27791
-419.84,29.30,27802
-420.46,28.50,27814
-404.32,26.71,27826
-399.26,25.59,27837
-414.05,24.84,27849
-428.36,24.34,27860
-419.86,24.33,27873
-398.52,24.37,27884
-402.14,24.74,27896
-422.96,25.20,27908
-410.20,25.40,27920
-400.05,26.11,27931
-407.95,27.12,27943
-423.22,27.63,27955
-419.45,27.11,27967
-402.60,25.91,27978
-401.36,25.33,27991
-419.09,25.05,28002
-427.23,24.36,28013
-412.33,23.87,28025
-400.84,23.84,28037
-411.29,25.38,28049
-423.39,27.24,28060
-417.49,28.11,28072
-402.25,27.78,28084
-399.26,27.14,28096
-416.81,25.97,28107
-426.59,24.26,28120
-412.98,23.47,28131
-402.94,23.50,28143
-411.74,24.28,28154
-422.15,25.39,28167
-418.80,26.00,28178
-405.60,26.57,28190
-402.44,27.37,28201
-415.24,27.52,28213
-421.18,26.87,28225
-412.79,25.79,28236
-402.78,25.31,28249
-408.40,24.98,28260
-423.00,24.91,28272
-419.91,24.40,28283
-406.61,24.16,28296
-416.13,24.74,28307
-423.81,25.69,28319
-414.18,26.72,28331
-400.72,27.19,28343
-404.51,27.56,28354
-418.94,27.23,28365
-419.51,25.75,28378
-407.27,24.20,28389
-404.98,23.43,28401
-417.65,23.96,28412
-424.71,24.92,28425
-412.95,25.80,28436
-402.41,26.37,28448
-408.20,27.29,28460
-418.14,28.01,28472
-418.61,27.28,28483
-406.88,26.02,28495
-402.86,25.17,28507
-415.40,24.60,28519
-423.72,24.29,28530
-415.34,24.07,28541
-405.05,24.56,28554
-407.89,25.30,28565
-418.67,26.09,28577
-419.53,26.50,28589
-407.21,26.74,28601
-402.96,27.34,28612
-413.61,27.35,28624
-419.71,26.50,28636
-413.73,25.34,28648
-405.79,24.23,28659
-409.80,23.96,28672
-420.70,24.30,28683
-408.65,24.70,28695
-403.80,25.73,28706
-412.12,26.74,28718
-419.28,27.39,28730
-413.20,27.29,28741
-403.48,26.49,28753
-407.27,25.77,28765
-418.82,25.28,28777
-420.93,24.51,28788
-409.89,23.85,28801
-404.31,24.29,28812
-413.41,25.09,28824
-419.65,26.00,28835
-413.81,26.61,28848
-404.19,26.90,28859
-407.28,27.25,28871
-416.87,27.05,28882
-417.78,26.28,28894
-410.29,25.33,28906
-406.03,24.57,28917
-413.44,24.31,28930
-421.51,24.21,28941
-416.36,24.44,28953
-406.55,25.21,28964
-407.51,26.38,28977
-415.57,27.29,28988
-416.91,27.37,29000
-410.15,26.94,29011
-405.61,26.36,29024
-412.01,25.66,29035
-419.43,24.97,29047
-416.20,24.12,29059
-408.86,24.10,29070
-417.16,24.82,29082
-418.93,25.63,29093
-409.61,26.28,29106
-405.56,26.84,29117
-410.56,27.44,29129
-417.22,27.20,29140
-415.11,26.28,29153
-407.84,25.05,29164
-408.54,24.42,29176
-417.41,24.33,29188
-418.77,24.25,29200
-411.38,24.64,29211
-408.28,25.33,29223
-411.21,26.19,29235
-416.00,27.08,29246
-415.10,27.30,29258
-407.04,27.01,29270
-406.95,26.64,29282
-416.02,25.90,29293
-418.32,25.01,29305
-411.38,24.37,29317
-408.38,24.31,29329
-413.45,24.72,29340
-417.51,25.40,29352
-415.39,25.93,29364
-408.21,26.37,29376
-407.15,27.06,29387
-414.09,27.06,29400
-415.94,26.54,29411
-410.46,25.67,29422
-407.71,24.98,29434
-412.88,24.64,29446
-418.86,24.45,29458
23.52,24.79,29469
-6309.76,25.40,29481
-414.96,26.21,29493
-416.95,26.75,29505
-411.20,26.88,29516
-406.70,26.87,29529
-411.38,26.70,29540
-416.65,26.26,29552
-414.40,25.24,29563
-410.54,24.44,29576
-410.60,24.31,29587
-415.60,24.54,29598
-417.93,25.18,29611
-411.71,25.70,29622
-406.81,26.29,29634
-410.85,26.85,29645
-415.88,27.06,29658
-413.46,26.83,29669
-408.13,26.17,29681
-408.48,25.53,29692
-414.79,24.92,29705
-418.24,24.54,29716
-413.71,24.55,29728
-409.45,24.90,29740
-411.45,25.74,29752
-415.98,26.51,29763
-414.25,26.74,29774
-408.45,26.76,29787
-408.05,26.62,29798
-413.48,26.10,29810
-416.62,25.31,29821
-412.71,24.68,29834
-409.22,24.48,29845
-412.59,24.65,29857
-415.19,25.11,29869
-409.61,25.37,29881
-408.64,26.18,29892
-412.89,26.79,29904
-415.50,26.93,29916
-411.46,26.78,29927
-407.96,25.98,29939
-411.83,25.57,29950
-416.22,25.13,29963
-415.79,24.54,29974
-411.69,24.47,29986
-410.23,24.71,29998
-413.85,25.38,30010
-415.78,26.05,30021
-411.31,26.67,30033
-408.22,26.89,30045
-410.57,26.79,30057
-414.74,26.39,30068
-414.62,25.54,30081
-410.85,25.03,30092
-410.21,24.65,30103
-415.13,24.69,30115
-416.68,24.96,30127
-412.85,25.28,30139
-410.32,25.98,30150
-410.67,26.75,30162
-413.86,26.95,30174
-414.04,26.72,30186
-409.00,26.07,30197
-409.28,25.34,30210
-414.79,24.81,30221
-416.36,24.66,30233
-412.37,24.54,30244
-412.30,24.89,30257
-415.42,25.43,30268
-415.09,25.71,30279
-410.47,26.32,30291
-408.77,26.73,30303
-412.29,26.98,30315
-414.71,26.61,30326
-412.64,25.57,30339
-410.78,24.90,30350
-412.46,24.59,30362
-415.39,24.65,30373
-415.10,25.09,30386
-411.06,25.41,30397
-410.30,25.81,30409
-413.19,26.26,30420
-413.94,26.59,30433
-411.74,26.67,30444
-409.58,26.41,30455
-411.05,25.97,30468
-415.27,24.35,30479
-414.19,25.76,30491
-412.14,23.30,30502
-410.25,25.59,30515
-415.29,25.56,30526
-414.39,25.03,30538
-409.21,27.35,30550
-414.66,25.93,30562
-408.39,26.87,30573
-414.16,27.25,30585
-416.06,25.26,30597
-405.31,26.14,30609
-412.62,24.52,30620
-418.74,24.42,30631
-417.09,24.70,30644
-411.15,24.81,30655
-407.96,25.72,30667
-418.43,26.21,30679
-409.45,26.71,30691
-409.43,26.60,30702
-413.92,26.95,30714
-410.79,25.78,30726
-414.90,25.71,30738
-412.95,25.22,30749
-411.44,24.03,30761
-415.89,25.24,30773
-413.30,24.58,30785
-413.56,25.47,30796
-412.87,26.58,30808
-408.20,26.33,30820
-413.76,27.23,30831
-414.56,26.52,30843
-406.89,26.07,30855
-415.07,25.61,30867
-411.95,25.19,30878
-411.06,24.36,30891
-418.36,24.64,30902
-411.80,24.83,30914
-410.85,25.10,30925
-416.20,26.54,30938
-410.15,26.39,30949
-412.70,27.12,30961
-411.14,26.87,30972
-409.59,25.99,30984
-416.08,25.92,30996
-411.62,24.96,31007
-412.12,24.72,31020
-410.74,24.43,31031
-414.72,24.83,31043
-415.56,25.17,31054
-409.42,25.82,31067
-412.12,26.82,31078
-411.90,26.82,31090
-410.43,27.24,31101
-414.95,26.10,31114
-411.73,25.45,31125
-411.74,25.03,31137
-417.10,24.36,31149
-411.87,24.68,31160
-412.05,24.64,31172
-414.26,25.13,31183
-411.26,25.96,31196
-413.32,26.51,31207
-411.79,26.88,31219
-408.52,26.84,31230
-412.26,26.51,31243
-411.82,25.71,31254
-414.01,25.34,31266
-413.81,24.56,31278
-411.12,24.70,31290
-414.69,24.77,31301
-413.75,24.86,31313
-411.86,25.78,31325
-412.59,26.04,31336
-411.04,26.92,31348
-411.47,26.91,31360
-412.93,26.50,31372
-410.57,26.03,31383
-412.24,25.21,31395
-413.93,24.72,31407
-415.00,24.48,31419
-411.63,24.94,31430
-412.00,25.12,31442
-415.05,25.81,31454
-411.63,26.41,31466
-411.51,26.45,31477
-411.37,27.01,31489
-410.60,26.54,31501
-413.55,26.34,31512
-411.88,25.50,31524
-411.93,24.57,31536
-415.05,24.84,31548
-413.29,24.61,31559
-412.20,25.07,31571
-412.69,25.70,31583
-411.00,26.13,31595
-411.89,26.60,31606
-412.96,26.77,31619
-411.50,26.58,31630
-410.64,26.04,31642
-412.74,25.67,31653
-412.84,24.90,31665
-412.91,24.67,31677
-413.54,24.90,31688
-413.55,24.93,31700
-413.37,25.83,31712
-413.28,26.24,31724
-412.59,26.55,31735
-410.71,26.75,31748
-411.20,26.42,31759
-413.76,26.21,31771
-412.55,25.59,31782
-412.68,24.98,31795
-412.82,24.61,31806
-414.06,24.63,31818
-412.87,25.01,31830
-412.64,25.63,31841
-411.57,26.44,31853
-411.72,26.52,31864
-412.72,26.65,31877
-411.63,26.40,31888
-412.78,26.01,31900
-413.13,25.96,31911
-412.43,25.29,31924
-413.81,24.96,31935
-413.25,24.69,31947
-413.51,24.65,31959
-414.39,25.31,31971
-413.35,26.10,31982
-411.51,26.58,31994
-411.07,26.81,32006
-412.36,26.56,32017
-412.52,25.91,32029
-412.04,25.58,32040
-411.85,25.20,32053
-412.97,24.73,32064
-414.57,24.80,32076
-413.56,24.58,32088
-412.82,25.74,32100
-412.98,25.57,32111
-412.43,26.73,32123
-411.84,26.78,32135
-410.82,26.32,32147
-409.69,26.46,32158
-413.86,25.28,32171
-412.94,25.19,32182
-413.57,25.05,32193
-411.52,24.52,32205
-413.66,25.27,32217
-416.17,25.10,32229
-410.14,25.97,32240
-411.69,26.33,32252
-412.33,26.70,32264
-410.42,26.82,32276
-413.44,26.08,32287
-412.24,25.63,32300
-412.43,25.01,32311
-414.20,24.97,32323
-413.58,24.81,32334
-413.14,24.91,32347
-410.71,25.37,32358
-412.81,25.73,32369
-414.94,26.48,32381
-410.25,26.57,32393
-410.97,26.77,32405
-412.23,26.45,32416
-411.27,25.65,32429
