764⸮9⸮3088.00
7944.00
-413.28,25.05,1134
-413.12,24.91,1136
-411.20,25.17,1137
-413.09,25.47,1148
-413.48,25.81,1160
-410.94,26.32,1172
-411.75,26.49,1183
-411.60,26.60,1196
-411.33,26.46,1207
-414.13,26.18,1219
-412.89,25.57,1230
-411.22,25.00,1243
-414.47,24.98,1254
-413.95,24.98,1265
-411.58,25.40,1277
-413.56,26.06,1289
-411.95,26.56,1301
-410.95,26.76,1312
-413.39,26.53,1325
-411.72,26.14,1336
-410.38,25.60,1348
-413.79,25.07,1359
-413.89,25.09,1372
-412.44,24.95,1383
-413.24,25.22,1395
-412.14,25.79,1406
-412.27,26.14,1419
-413.74,26.18,1430
-410.87,26.27,1441
-410.42,26.27,1454
-412.70,25.95,1465
-412.41,25.75,1477
-412.08,25.51,1488
-412.44,25.30,1501
-411.96,25.36,1512
-412.80,25.35,1524
-411.96,25.59,1536
-411.93,25.83,1548
-413.27,26.21,1559
-412.02,26.45,1571
-411.30,26.40,1583
-411.72,26.28,1595
-411.77,26.01,1606
-413.61,25.75,1617
-414.34,25.25,1630
-411.76,24.91,1641
-412.30,25.22,1653
-414.46,25.48,1665
-412.63,26.10,1677
-411.82,26.47,1688
-412.30,26.39,1700
-411.11,26.47,1712
-412.54,26.12,1724
-413.41,25.70,1735
-410.84,25.36,1747
-411.42,25.32,1759
-413.71,25.30,1771
-413.03,25.35,1782
-412.79,25.62,1794
-412.29,25.78,1806
-410.93,26.13,1817
-413.39,26.38,1829
-413.22,26.35,1841
-410.33,26.22,1853
-413.12,26.00,1864
-414.34,25.90,1876
-411.96,25.57,1888
-412.98,25.40,1900
-412.42,25.25,1911
-415.54,25.24,1924
-412.94,25.67,1935
-410.46,26.03,1947
-412.09,26.54,1958
-413.01,26.70,1970
-412.65,26.33,1982
-412.88,25.83,1993
-412.18,25.52,2006
-411.99,25.39,2017
-414.13,25.36,2029
-414.40,25.41,2040
-412.27,25.46,2053
-412.02,25.61,2064
-413.56,26.03,2076
-412.70,26.24,2087
-410.97,26.42,2100
-411.55,26.32,2111
-412.62,25.91,2123
-413.16,25.67,2135
-413.76,25.36,2146
-412.54,25.39,2158
-411.91,25.40,2169
-413.11,25.24,2182
-413.89,25.37,2193
-412.04,25.69,2205
-411.71,26.19,2216
-412.52,26.56,2229
-412.08,26.52,2240
-412.00,26.24,2252
-412.13,25.59,2264
-412.25,25.29,2276
-414.39,25.21,2287
-413.65,25.23,2299
-413.16,25.43,2311
-413.01,25.69,2322
-412.17,25.97,2334
-412.81,26.24,2345
-410.55,26.47,2358
-410.71,26.37,2369
-413.76,25.98,2381
-413.35,25.54,2393
-411.41,25.14,2405
-413.42,25.20,2416
-413.36,25.44,2428
-411.61,25.64,2440
-413.23,25.83,2452
-412.28,25.89,2463
-411.14,26.14,2476
-413.23,26.33,2487
-412.27,26.29,2498
-411.51,26.08,2510
-411.83,25.70,2522
-412.20,25.54,2534
-414.18,25.35,2545
-413.86,25.40,2557
-412.50,25.49,2569
-413.01,25.59,2581
-412.47,26.03,2592
-411.77,26.11,2605
-412.09,26.33,2616
-410.98,26.33,2628
-411.99,25.99,2639
-412.58,25.75,2652
-411.24,25.52,2663
-413.82,25.32,2674
-413.92,25.19,2686
-413.94,25.45,2698
-412.51,25.67,2710
-411.24,25.92,2721
-412.48,26.43,2734
-412.33,26.39,2745
-412.29,26.30,2757
-412.32,26.01,2768
-412.23,25.69,2781
-413.49,25.69,2792
-413.57,25.37,2804
-412.70,25.21,2816
-413.72,25.33,2828
-412.62,25.51,2839
-412.17,25.94,2850
-413.42,26.31,2863
-410.70,26.51,2874
-410.41,26.29,2886
-413.96,26.10,2897
-412.07,25.69,2910
-411.71,25.31,2921
-414.11,25.16,2933
-411.69,25.10,2945
-411.73,25.33,2957
-413.85,25.67,2968
-411.78,26.02,2980
-411.91,26.42,2992
-413.24,26.55,3004
-411.79,26.41,3015
-411.65,26.05,3026
-412.10,25.72,3039
-412.28,25.53,3050
-413.42,25.43,3062
-413.02,25.37,3074
-413.11,25.21,3086
-412.82,25.39,3097
-413.26,25.60,3109
-413.11,26.11,3121
-410.54,26.73,3133
-412.34,26.58,3144
-413.15,26.32,3156
-411.18,26.02,3168
-413.84,25.38,3180
-413.85,25.09,3191
-411.45,25.20,3203
-413.87,25.32,3215
-413.83,25.52,3226
-410.45,25.97,3238
-413.60,26.28,3250
-413.57,26.47,3262
-409.67,26.67,3273
-412.27,26.33,3286
-413.21,25.92,3297
-411.19,25.50,3309
-413.85,25.07,3320
-414.03,24.98,3333
-411.40,25.04,3344
-413.44,25.33,3356
-414.13,25.73,3367
-411.30,26.18,3379
-412.57,26.41,3391
-412.57,26.48,3402
-410.92,26.50,3415
-412.63,26.05,3426
-412.61,25.56,3438
-412.18,25.07,3449
-414.30,24.84,3462
-412.34,24.92,3473
-412.25,25.23,3485
-411.84,25.74,3496
-413.16,26.21,3509
-412.31,26.44,3520
-410.23,26.65,3532
-411.66,26.47,3544
-412.52,26.13,3555
-413.14,25.59,3567
-414.35,25.05,3578
-411.35,24.85,3591
-411.46,25.06,3602
-415.06,25.36,3614
-413.17,25.71,3625
-411.56,26.13,3638
-412.83,26.33,3649
-410.69,26.38,3661
-411.60,26.58,3673
-412.90,26.09,3685
-412.02,25.71,3696
-413.04,25.44,3708
-413.28,25.13,3720
-412.76,25.17,3731
-412.46,25.37,3743
-412.38,25.56,3755
-412.42,25.80,3767
-412.04,26.32,3778
-412.58,26.43,3790
-412.28,26.36,3802
-410.53,26.26,3814
-411.38,25.73,3825
-413.20,25.32,3837
-412.87,25.17,3849
-413.26,24.97,3861
-412.52,25.19,3872
-412.94,25.54,3885
-412.58,25.93,3896
-411.33,26.08,3907
-412.86,26.41,3919
-411.67,26.44,3931
-412.23,26.10,3943
-413.81,25.98,3954
-411.58,25.53,3966
-413.32,25.31,3978
-414.89,25.27,3990
-410.70,25.31,4001
-412.41,25.71,4014
-414.44,25.94,4025
-411.38,26.15,4037
-412.70,26.12,4048
-411.73,26.10,4061
-409.42,26.07,4072
-413.52,25.85,4083
-413.53,25.77,4096
-411.12,25.47,4107
-413.20,25.35,4119
-413.12,25.40,4130
-412.49,25.47,4143
-414.02,25.70,4154
-412.33,25.91,4166
-411.88,26.15,4177
-412.43,26.23,4190
-412.77,26.07,4201
-412.14,26.00,4213
-410.97,25.67,4225
-412.90,25.56,4237
-411.74,25.43,4248
-412.80,25.32,4259
-412.66,25.61,4272
-412.09,25.94,4283
-412.84,26.17,4295
-411.31,26.12,4306
-411.33,26.02,4319
-413.54,25.84,4330
-413.23,25.73,4342
-411.75,25.98,4354
-411.53,25.83,4366
-412.90,25.62,4377
-413.36,25.67,4389
-411.92,25.62,4401
-412.13,25.70,4413
-413.12,25.76,4424
-412.07,25.92,4435
-412.60,26.08,4448
-412.68,26.18,4459
-410.58,26.12,4471
-411.82,25.95,4483
-413.41,25.70,4495
-411.97,25.42,4506
-412.07,25.32,4518
-413.00,25.28,4530
-413.16,25.53,4542
-413.43,25.88,4553
-412.57,26.09,4566
-410.71,26.30,4577
-411.65,26.34,4589
-412.90,26.10,4600
-412.75,25.87,4612
-412.63,25.67,4624
-412.27,25.47,4635
-413.40,25.49,4647
-411.58,25.66,4659
-412.42,25.74,4671
-414.02,25.94,4682
-412.27,26.22,4695
-412.66,26.21,4706
-412.41,26.12,4718
-410.99,25.99,4729
-412.52,25.80,4742
-414.07,25.66,4753
-411.50,25.56,4765
-410.85,25.49,4776
-413.00,25.48,4788
-412.02,25.56,4800
-412.41,25.82,4811
-413.16,26.08,4824
-410.74,26.21,4835
-411.21,26.13,4847
-413.23,26.06,4858
-411.55,25.83,4871
-412.05,25.38,4882
-414.07,25.38,4894
-412.40,25.12,4905
-412.10,25.42,4918
-412.79,25.70,4929
-411.49,25.87,4941
-412.63,26.24,4953
-412.90,26.18,4964
-411.32,26.06,4976
-411.44,25.91,4987
-413.13,25.54,5000
-413.13,25.22,5011
-412.58,25.23,5023
-412.07,25.41,5035
-413.43,25.62,5047
-412.91,25.99,5058
-411.63,26.03,5070
-412.08,26.05,5082
-411.57,26.26,5094
-412.86,26.20,5105
-412.76,26.08,5117
-411.35,25.87,5129
-411.45,25.41,5140
-414.27,25.32,5152
-413.34,25.38,5164
-411.85,25.58,5176
-413.33,25.84,5187
-412.03,26.15,5199
-412.51,26.27,5211
-413.39,26.23,5223
-410.83,26.23,5234
-410.69,25.93,5246
-413.52,25.68,5258
-413.33,25.23,5270
-412.50,25.07,5281
-413.70,25.43,5294
-413.29,25.62,5305
-412.10,25.90,5316
-412.87,26.04,5328
-411.30,26.02,5340
-410.77,26.15,5352
-413.69,26.22,5363
-413.09,26.26,5376
-410.38,25.86,5387
-412.64,25.49,5399
-411.95,25.24,5410
-414.69,25.08,5423
-413.23,25.49,5434
-409.93,25.73,5446
-413.55,26.09,5457
-414.28,26.18,5470
-410.19,25.96,5481
-411.92,26.17,5492
-413.76,26.18,5505
-411.35,26.03,5516
-413.58,25.77,5528
-412.71,25.27,5539
-411.04,25.05,5552
-414.56,25.17,5563
-413.79,25.61,5575
-410.71,25.88,5586
-410.12,26.40,5599
-411.30,26.45,5610
-414.46,26.34,5622
-413.67,26.26,5634
-410.54,25.81,5646
-413.07,25.59,5657
-412.89,25.50,5668
-412.73,25.18,5681
-415.27,25.10,5692
-412.19,25.51,5704
-411.36,26.06,5715
-414.29,26.37,5728
-412.20,26.44,5739
-410.41,26.23,5751
-412.78,25.89,5763
-412.92,25.85,5775
-413.18,25.61,5786
-410.68,25.50,5798
-412.38,25.40,5810
-414.65,25.32,5822
-413.43,25.51,5833
-411.45,25.75,5844
-410.91,26.21,5857
-411.55,26.50,5868
-411.63,26.40,5880
-412.81,26.27,5892
-412.64,25.93,5904
-411.39,25.67,5915
-413.20,25.58,5927
-413.04,25.43,5939
-410.73,25.22,5951
-413.10,25.41,5962
-414.47,25.66,5975
-411.84,25.93,5986
-412.43,26.44,5998
-410.97,26.35,6009
-410.59,26.11,6021
-414.41,26.09,6033
-411.99,25.69,6044
-411.42,25.45,6056
-414.34,25.25,6068
-411.71,25.09,6080
-412.60,25.19,6091
-414.05,25.64,6104
-411.14,26.06,6115
-413.15,26.31,6127
-413.98,26.69,6138
-410.11,26.51,6151
-411.37,26.06,6162
-413.55,25.86,6174
-413.07,25.24,6185
-412.89,25.03,6197
-410.84,25.08,6209
-413.19,25.29,6220
-414.23,25.93,6233
-411.33,26.24,6244
-412.36,26.33,6256
-412.64,26.28,6267
-411.13,26.21,6280
-413.03,26.03,6291
-412.47,25.82,6303
-410.87,25.73,6315
-413.75,25.45,6327
-414.06,25.37,6338
-411.49,25.27,6350
-412.73,25.32,6362
-413.17,25.82,6373
-411.33,26.03,6385
-413.71,26.44,6396
-412.15,26.58,6409
-409.99,26.31,6420
-413.13,26.04,6432
-413.74,25.67,6444
-413.02,25.43,6456
-412.82,25.18,6467
-412.83,25.33,6479
-412.92,25.57,6491
-413.25,25.88,6503
-412.45,26.26,6514
-410.84,26.25,6526
-412.25,26.38,6538
-412.44,26.05,6549
-411.86,25.73,6561
-412.36,25.64,6573
-412.46,25.25,6585
-412.93,25.32,6596
-412.64,25.50,6608
-411.74,25.61,6620
-412.34,25.80,6632
-413.45,26.10,6643
-411.97,26.07,6656
-410.85,26.00,6667
-411.98,26.21,6679
-412.67,26.02,6690
-412.40,25.74,6703
-413.50,25.50,6714
-412.85,24.98,6725
-411.93,25.19,6737
-413.55,25.59,6749
-412.92,25.85,6761
-411.11,26.19,6772
-411.87,26.43,6785
-412.82,26.45,6796
-411.05,26.29,6808
-411.54,26.03,6819
-413.57,25.60,6832
-412.76,25.13,6843
-412.98,25.05,6855
-412.85,25.24,6866
-411.59,25.68,6879
-412.15,26.16,6890
-413.04,26.33,6901
-411.57,26.19,6914
-411.62,25.93,6925
-412.26,25.88,6937
-412.36,25.83,6948
-412.66,25.74,6961
-412.07,25.62,6972
-411.82,25.45,6984
-413.71,25.59,6995
-413.78,25.50,7008
-410.97,25.66,7019
-411.90,25.95,7031
-412.43,26.18,7043
-411.93,26.26,7055
-413.08,26.18,7066
-411.29,26.10,7077
-410.58,25.73,7090
-414.40,25.32,7101
-414.14,25.17,7113
-411.31,25.15,7124
-412.96,25.52,7137
-413.52,25.96,7148
-412.08,26.27,7160
-412.16,26.34,7172
-410.88,26.24,7184
-411.98,26.12,7195
-414.12,25.87,7207
-413.37,25.82,7219
-411.41,25.51,7231
-411.08,25.32,7242
-414.22,25.50,7254
-413.48,25.58,7266
-411.98,25.84,7277
-412.63,25.96,7289
-411.54,26.12,7301
-413.13,26.35,7313
-413.98,26.27,7324
-410.71,26.11,7336
-413.70,25.84,7348
-412.17,25.61,7360
-412.52,25.37,7371
-412.97,25.20,7384
-410.99,25.36,7395
-413.96,25.68,7407
-413.77,26.10,7418
-410.32,26.19,7431
-411.46,26.30,7442
-412.14,26.38,7453
-413.30,25.93,7465
-413.89,25.72,7477
-410.63,25.49,7489
-411.59,25.29,7500
-414.71,25.33,7513
-413.39,25.39,7524
-412.29,25.75,7536
-411.17,25.99,7547
-411.44,26.25,7560
-414.18,26.40,7571
-412.75,26.18,7583
-410.84,25.96,7595
-412.03,25.63,7607
-412.78,25.54,7618
-413.81,25.34,7629
-412.20,25.24,7642
-411.30,25.38,7653
-413.77,25.50,7665
-413.76,25.88,7676
-411.17,26.09,7689
-410.82,26.31,7700
-411.52,26.33,7712
-412.57,26.21,7724
-412.23,26.02,7736
-412.18,25.60,7747
-412.72,25.42,7759
-414.29,25.29,7771
-413.20,25.23,7783
-409.98,25.46,7794
-411.49,25.80,7805
-413.48,26.18,7818
-411.18,26.35,7829
-412.08,26.29,7841
-412.63,26.09,7853
-411.00,25.63,7865
-414.91,25.43,7876
-414.61,25.17,7888
-410.25,25.28,7900
-413.20,25.52,7912
-414.19,25.76,7923
-411.22,26.17,7936
-411.79,26.18,7947
-410.71,26.25,7959
-410.10,26.19,7970
-414.49,25.94,7982
-413.28,25.68,7994
-410.00,25.56,8005
-413.17,25.32,8017
-414.03,25.40,8029
-413.07,25.47,8041
-411.85,25.75,8052
-410.48,26.00,8065
-413.57,26.07,8076
-412.89,26.21,8088
-411.24,26.23,8099
-411.85,26.07,8112
-413.40,25.80,8123
-414.58,25.66,8134
-410.98,25.25,8146
-412.39,25.57,8158
-414.64,25.49,8170
-412.04,25.99,8181
-412.92,26.04,8194
-411.90,26.19,8205
-411.57,26.43,8217
-413.38,26.20,8228
-413.26,26.00,8241
-412.57,25.65,8252
-411.14,25.27,8264
-413.25,25.41,8275
-414.07,25.13,8288
-412.16,25.71,8299
-412.61,25.77,8311
-412.47,25.72,8323
-411.56,25.90,8334
-414.33,25.99,8346
-412.75,26.09,8357
-410.87,26.25,8370
-413.06,26.05,8381
-411.29,25.65,8393
-411.55,25.58,8404
-413.91,25.31,8417
-411.77,25.46,8428
-412.53,25.77,8440
-413.02,25.85,8452
-411.47,26.00,8464
-412.30,26.07,8475
-412.03,25.94,8487
-412.66,26.17,8499
-411.82,26.09,8510
-412.56,25.70,8522
-413.39,25.56,8534
-413.08,25.37,8546
-413.60,25.44,8557
-412.31,25.86,8569
-411.95,25.96,8581
-413.86,25.94,8593
-413.16,25.95,8604
-412.78,25.86,8616
-412.01,25.88,8628
-412.29,25.87,8640
-413.13,25.90,8651
-411.50,25.83,8664
-412.53,25.71,8675
-412.47,25.56,8686
-411.69,25.64,8698
-414.19,25.82,8710
-413.02,25.89,8722
-410.16,25.94,8733
-412.87,25.96,8745
-413.26,25.83,8757
-411.88,25.93,8769
-413.12,25.85,8780
-411.58,25.74,8793
-412.61,25.63,8804
-414.11,25.63,8816
-412.27,25.55,8827
-412.98,25.77,8840
-413.21,25.86,8851
-412.37,25.85,8862
-412.77,25.99,8875
-412.21,25.78,8886
-413.55,25.82,8898
-411.80,25.79,8909
-411.69,25.85,8922
-412.63,25.76,8933
-412.44,25.66,8945
-413.23,25.48,8956
-413.27,25.48,8969
-411.42,25.75,8980
-411.60,25.93,8992
-413.45,26.13,9004
-412.07,26.10,9016
-410.62,25.83,9027
-412.80,25.92,9038
-412.44,25.90,9051
-411.76,25.60,9062
-413.16,25.53,9074
-413.13,25.26,9085
-411.05,25.37,9098
-412.66,25.76,9109
-414.19,25.85,9121
-412.20,26.06,9133
-412.40,26.04,9145
-412.33,26.04,9156
-411.31,25.83,9168
-413.13,25.94,9180
-413.29,25.73,9192
-410.86,25.38,9203
-412.30,25.35,9214
-413.21,25.34,9227
-412.46,25.68,9238
-413.32,26.12,9250
-411.83,26.20,9262
-412.98,26.32,9274
-412.41,26.11,9285
-411.16,25.90,9297
-413.47,25.73,9309
-413.04,25.66,9321
-411.79,25.51,9332
-412.56,25.25,9345
-412.42,25.47,9356
-412.55,25.62,9368
-413.74,26.08,9379
-412.17,26.31,9391
-410.53,26.09,9403
-411.92,26.11,9414
-412.63,25.83,9426
-412.51,25.77,9438
-412.77,25.65,9450
-411.94,25.53,9461
-412.25,25.50,9474
-412.93,25.52,9485
-413.58,25.55,9497
-412.27,25.60,9508
-411.44,26.03,9521
-413.20,26.15,9532
-413.14,26.06,9544
-411.84,25.99,9555
-412.40,25.63,9567
-412.85,25.92,9579
-413.11,25.49,9590
-413.59,25.52,9603
-412.18,25.76,9614
-413.74,25.38,9626
-412.38,25.87,9637
-412.74,25.90,9650
-409.51,26.10,9661
-413.23,25.95,9673
-414.00,25.74,9684
-410.10,25.63,9697
-413.95,25.53,9708
-412.45,25.67,9720
-410.85,25.71,9732
-415.04,25.75,9743
-410.71,25.97,9755
-410.39,25.90,9766
-414.97,25.96,9779
-412.25,25.83,9790
-411.50,25.55,9802
-413.00,25.71,9814
-412.53,26.02,9826
-412.73,25.82,9837
-413.12,26.04,9849
-411.60,25.72,9861
-410.86,25.54,9873
-413.66,25.74,9884
-414.33,25.63,9896
-411.41,25.74,9908
-411.92,25.78,9919
-412.80,25.88,9931
-411.73,25.86,9943
-413.67,25.96,9955
-413.03,25.80,9966
-410.52,25.70,9978
-414.22,25.75,9990
-413.24,25.44,10002
-411.02,25.71,10013
-413.43,25.71,10025
-411.54,25.87,10037
-413.37,26.02,10049
-410.45,26.06,10060
-412.97,25.94,10073
-413.34,25.76,10084
-411.98,25.85,10095
-413.36,25.57,10107
-411.22,25.61,10119
-413.13,25.51,10131
-414.34,25.35,10142
-410.80,25.73,10155
-412.22,25.89,10166
-411.84,26.29,10178
-410.54,26.30,10189
-412.86,26.20,10202
-411.64,25.93,10213
-411.81,25.58,10225
-413.48,25.53,10236
-412.36,25.24,10249
-411.57,25.35,10260
-412.22,25.41,10271
-412.95,25.74,10284
-412.39,26.17,10295
-412.32,26.43,10307
-411.42,26.67,10318
-411.18,26.18,10331
-411.53,25.55,10342
-413.67,25.28,10354
-412.72,24.77,10365
-412.75,25.17,10378
-414.23,25.49,10389
-411.52,25.53,10401
-412.32,26.16,10413
-413.06,26.15,10425
-413.13,26.42,10436
-412.46,26.43,10447
-410.25,26.00,10460
-413.00,25.72,10471
-412.65,25.29,10483
-412.74,25.31,10494
-414.07,25.25,10507
-411.65,25.61,10518
-412.10,25.60,10530
-412.67,25.77,10542
-413.41,26.13,10554
-411.81,26.09,10565
-411.01,26.55,10577
-412.18,26.33,10589
-412.78,25.98,10601
-412.03,25.55,10612
-413.31,25.01,10624
-413.53,25.23,10636
-411.97,25.47,10647
-413.78,25.87,10659
-411.33,25.94,10671
-410.48,25.74,10683
-414.55,26.37,10694
-411.89,25.78,10706
-411.21,26.42,10718
-412.72,25.81,10730
-411.80,25.42,10741
-412.70,25.29,10754
-414.90,24.88,10765
-414.18,25.75,10777
-410.92,25.82,10788
-413.64,26.00,10800
-413.61,26.43,10812
-413.23,25.61,10823
-413.12,26.34,10835
-412.08,26.03,10847
-412.61,25.75,10859
-411.32,25.79,10870
-411.58,25.14,10883
-413.98,25.11,10894
-414.82,25.48,10906
-411.95,25.58,10917
-410.56,25.88,10930
-411.79,26.39,10941
-411.81,26.06,10953
-412.80,26.14,10964
-413.14,26.21,10976
-411.59,25.60,10988
-412.21,25.95,10999
-413.03,25.53,11012
-412.93,25.16,11023
-412.37,25.46,11035
-412.02,25.43,11046
-412.88,25.85,11059
-412.78,26.23,11070
-410.76,26.01,11082
-411.73,26.02,11094
-413.88,25.88,11106
-412.86,25.81,11117
-411.98,25.48,11129
-411.97,25.82,11141
-410.92,25.42,11153
-413.61,25.49,11164
-413.56,25.68,11175
-412.21,25.64,11188
-413.09,26.29,11199
-412.52,26.26,11211
-412.41,25.93,11223
-410.24,26.04,11235
-413.45,25.66,11246
-413.13,25.74,11258
-411.34,25.68,11270
-412.14,25.48,11282
-412.22,25.60,11293
-413.20,25.61,11305
-413.60,25.82,11317
-411.16,26.00,11329
-411.13,26.07,11340
-413.07,26.06,11352
-412.09,25.92,11364
-413.11,25.86,11375
-412.02,25.56,11387
-411.27,25.58,11399
-414.38,25.49,11411
-413.07,25.65,11422
-411.10,25.77,11435
-413.66,25.77,11446
-412.78,25.99,11458
-412.39,26.02,11469
-413.05,26.12,11482
-411.65,26.04,11493
-412.78,25.68,11505
-413.83,25.45,11516
-412.65,25.40,11528
-412.92,25.51,11540
-412.35,25.86,11551
-411.55,26.06,11564
-413.14,26.01,11575
-412.25,25.83,11587
-411.91,25.73,11598
-413.22,25.86,11611
-412.61,26.03,11622
-411.28,25.78,11634
-411.52,25.76,11645
-413.66,25.79,11658
-413.10,25.53,11669
-413.01,25.65,11681
-413.01,25.57,11693
-410.46,25.84,11704
-412.48,25.99,11716
-413.50,25.86,11727
-410.65,25.81,11740
-412.19,26.05,11751
-413.09,25.91,11763
-411.64,25.92,11774
-412.58,25.67,11787
-411.79,25.42,11798
-412.04,25.72,11810
-414.44,25.81,11822
-412.81,25.76,11834
-411.44,25.96,11845
-412.43,25.84,11857
-412.19,25.69,11869
-413.41,25.87,11880
-413.81,25.85,11892
-412.00,25.77,11904
-412.69,25.81,11916
-413.25,25.56,11927
-412.17,25.64,11939
-412.56,25.61,11951
-413.45,25.66,11963
-413.10,26.00,11974
-413.11,26.04,11986
-412.97,26.07,11998
-411.48,25.92,12010
-413.44,25.82,12021
-413.28,25.81,12034
-411.21,25.89,12045
-412.48,25.81,12056
-412.56,25.82,12068
-412.30,25.63,12080
-413.78,25.55,12092
-412.03,25.76,12103
-411.78,26.04,12115
-413.07,26.00,12127
-412.50,25.92,12139
-412.12,25.63,12150
-413.16,25.51,12163
-412.78,25.60,12174
-411.76,25.67,12186
-412.12,25.93,12197
-413.19,25.81,12210
-412.55,25.56,12221
-412.17,25.67,12232
-413.39,25.74,12244
-411.85,25.99,12256
-411.83,26.09,12268
-413.15,25.81,12279
-411.41,25.85,12292
-411.96,25.81,12303
-413.46,25.75,12315
-411.63,25.61,12326
-411.70,25.54,12339
-413.06,25.45,12350
-412.67,25.54,12362
-413.05,25.68,12374
-411.49,25.86,12386
-412.18,26.18,12397
-412.00,26.09,12408
-412.27,25.98,12421
-413.17,25.75,12432
-412.17,25.38,12444
-412.40,25.51,12455
-412.95,25.48,12468
-411.40,25.58,12479
-412.10,25.73,12491
-413.11,25.66,12503
-411.75,25.84,12515
-412.32,26.03,12526
-411.80,26.21,12538
-411.27,26.23,12550
-413.44,26.00,12562
-412.46,25.46,12573
-412.07,25.34,12584
-414.13,25.42,12597
-412.56,25.37,12608
-412.40,25.62,12620
-413.04,25.71,12632
-412.32,25.89,12644
-413.03,26.34,12655
-412.82,26.23,12667
-412.22,26.16,12679
-411.92,26.00,12691
-412.12,25.60,12702
-413.46,25.30,12715
-413.31,25.18,12726
-412.34,25.41,12738
-412.67,25.67,12749
-411.83,25.89,12761
-412.23,25.93,12773
-410.78,26.12,12784
-412.12,26.19,12796
-413.77,26.16,12808
-411.26,25.94,12820
-412.10,25.61,12831
-413.65,25.34,12844
-412.22,25.25,12855
-413.27,25.28,12867
-413.25,25.66,12878
-410.71,26.03,12891
-412.03,26.21,12902
-412.62,26.26,12914
-410.54,26.16,12925
-411.99,26.05,12937
-413.04,25.92,12949
-411.47,25.60,12960
-412.82,25.39,12973
-412.51,25.25,12984
-411.74,25.35,12996
-412.96,25.49,13007
-412.40,25.99,13020
-411.53,26.21,13031
-412.00,26.29,13043
-411.43,26.32,13054
-411.41,26.02,13067
-412.84,25.76,13078
-412.87,25.44,13090
-412.50,25.27,13102
-412.15,25.54,13113
-412.52,25.64,13125
-413.05,25.82,13136
-413.55,26.07,13149
-412.22,26.29,13160
-411.53,26.27,13172
-412.52,26.30,13184
-412.41,26.09,13196
-412.01,25.70,13207
-412.79,25.55,13219
-412.86,25.40,13231
-412.59,25.41,13243
-412.22,25.61,13254
-411.80,25.82,13266
-412.69,26.14,13278
-412.71,25.99,13289
-412.12,26.24,13301
-412.22,26.16,13313
-411.47,26.01,13325
-413.02,25.78,13336
-413.62,25.41,13348
-412.55,25.23,13360
-412.75,25.42,13372
-413.89,25.36,13383
-413.08,25.80,13395
-412.20,26.02,13407
-412.11,25.93,13419
-410.58,26.03,13430
-413.04,26.20,13443
-414.20,26.07,13454
-410.30,25.86,13465
-411.88,25.61,13477
-413.24,25.45,13489
-412.35,25.62,13501
-413.71,25.59,13512
-412.14,25.71,13524
-413.13,26.12,13536
-412.63,26.09,13548
-411.60,26.31,13559
-412.72,26.17,13572
-412.15,25.89,13583
-411.80,25.92,13595
-413.14,25.75,13606
-412.19,25.54,13619
-412.67,25.47,13630
-413.25,25.29,13641
-412.97,25.44,13654
-411.86,25.76,13665
-412.32,26.00,13677
-412.40,26.26,13688
-411.21,26.41,13701
-412.76,26.16,13712
-411.97,25.87,13724
-411.84,25.66,13735
-413.80,25.32,13748
-412.41,25.28,13759
-412.10,25.39,13771
-412.96,25.52,13783
-412.66,25.88,13795
-412.30,26.07,13806
-411.96,26.33,13817
-410.70,26.09,13830
-411.83,26.00,13841
-413.13,25.89,13853
-411.39,25.68,13864
-413.00,25.54,13877
-413.19,25.47,13888
-412.73,25.51,13900
-414.01,25.47,13912
-412.75,25.70,13924
-412.25,25.95,13935
-412.13,26.19,13947
-411.99,26.65,13959
-411.80,26.39,13971
-412.52,26.10,13982
-411.85,25.79,13993
-412.36,25.46,14006
-413.42,25.37,14017
-413.24,25.26,14029
-412.12,25.24,14041
-412.09,25.47,14053
-412.85,25.99,14064
-411.67,26.52,14076
-412.14,26.68,14088
-412.60,26.47,14100
-411.37,25.89,14111
-412.78,25.66,14124
-413.03,25.50,14135
-412.31,25.24,14147
-412.77,25.31,14158
-413.31,25.37,14170
-411.98,25.76,14182
-412.23,26.07,14193
-412.75,26.25,14205
-411.56,26.42,14217
-412.04,26.15,14229
-411.95,26.01,14240
-410.81,25.74,14253
-412.67,25.43,14264
-413.48,25.41,14276
-412.62,25.29,14287
-412.39,25.31,14300
-411.93,25.68,14311
-411.80,25.98,14323
-412.76,26.29,14334
-411.33,26.37,14346
-411.12,26.29,14358
-412.94,25.99,14369
-412.45,25.88,14382
-412.01,25.56,14393
-413.01,25.34,14405
-412.46,25.28,14416
-412.52,25.29,14429
-412.96,25.79,14440
-411.14,26.02,14452
-412.44,26.16,14464
-413.20,26.37,14476
-411.34,26.14,14487
-411.61,26.06,14499
-412.46,25.83,14511
-412.46,25.44,14522
-413.25,25.54,14534
-412.62,25.19,14545
-411.63,25.94,14558
-413.14,25.56,14569
-411.69,26.23,14581
-411.34,26.10,14593
-414.70,26.15,14605
-409.18,26.40,14616
-412.76,26.03,14628
-414.65,26.03,14640
-408.91,25.77,14652
-415.55,25.24,14663
-413.01,25.27,14675
-408.34,25.47,14687
-410.85,25.60,14698
-409.34,25.92,14710
-416.18,26.03,14722
-408.06,26.14,14734
-412.18,26.21,14745
-416.13,25.59,14757
-407.57,25.78,14769
-413.17,25.84,14781
-414.39,25.47,14792
-410.65,25.89,14804
-413.63,25.46,14816
-411.57,25.87,14828
-412.42,25.88,14839
-413.19,25.79,14852
-411.13,26.11,14863
-413.66,25.91,14874
-411.94,26.00,14886
-412.29,25.71,14898
-414.00,25.93,14910
-409.41,25.79,14921
-412.70,25.75,14934
-414.38,25.57,14945
-410.95,25.33,14957
-414.36,25.50,14968
-412.40,25.61,14981
-409.75,26.07,14992
-413.93,26.41,15004
-410.52,26.21,15015
-412.16,26.25,15028
-413.10,25.83,15039
-410.19,25.74,15050
-414.57,25.65,15063
-411.93,25.45,15074
-415.01,25.29,15086
-410.80,25.56,15097
-412.74,25.73,15110
-414.76,26.03,15121
-408.58,26.32,15133
-412.83,26.05,15144
-414.60,26.07,15157
-409.72,25.67,15168
-413.77,25.63,15180
-413.21,25.78,15192
-410.35,25.57,15204
-413.92,25.73,15215
-412.90,25.52,15226
-411.37,25.52,15239
-413.47,25.77,15250
-411.73,26.03,15262
-412.21,26.33,15273
-412.65,26.23,15286
-410.54,26.16,15297
-413.47,25.69,15309
-413.42,25.51,15321
-412.01,25.35,15333
-412.46,25.25,15344
-410.92,25.72,15356
-412.75,25.77,15368
-413.32,26.01,15380
-410.89,26.26,15391
-412.42,26.14,15403
-412.11,26.19,15415
-410.92,25.98,15426
-413.52,25.76,15438
-411.48,25.50,15450
-412.75,25.29,15462
-410.04,25.92,15473
-411.31,25.66,15485
-414.09,26.22,15497
-411.54,25.97,15509
-411.50,25.85,15520
-413.14,26.01,15533
-411.06,25.90,15544
-411.56,26.01,15555
-415.69,26.04,15567
-411.88,25.65,15579
-410.05,25.49,15591
-414.55,25.43,15602
-412.92,25.70,15614
-412.00,25.74,15626
-412.88,26.01,15638
-409.93,25.98,15649
-412.13,26.13,15662
-414.06,26.07,15673
-410.84,25.97,15685
-411.69,25.82,15696
-412.17,25.49,15709
-413.46,25.29,15720
-413.71,25.38,15732
-411.76,25.63,15744
-413.10,25.91,15755
-412.61,26.22,15767
-411.61,26.20,15778
-414.19,25.95,15791
-411.44,25.85,15802
-410.58,25.70,15814
-415.34,25.86,15825
-410.76,25.84,15838
-409.50,25.70,15849
-410.54,25.82,15861
-411.76,25.58,15873
-415.91,25.81,15885
-410.24,25.86,15896
-410.37,25.68,15907
-414.42,26.13,15920
-410.42,25.87,15931
-413.00,25.65,15943
-413.84,26.14,15954
-408.24,25.33,15967
-414.40,25.88,15978
-414.18,25.86,15990
-409.58,25.32,16002
-414.58,26.08,16014
-411.81,25.62,16025
-410.07,25.82,16037
-417.03,26.11,16049
-408.78,25.58,16061
-410.89,25.82,16072
-415.77,25.51,16083
-410.55,25.67,16096
-414.42,25.37,16107
-412.88,26.02,16119
-408.60,25.90,16131
-414.92,25.90,16143
-413.83,26.38,16154
-410.16,25.65,16166
-411.11,26.07,16178
-412.25,25.63,16190
-414.63,25.71,16201
-413.38,25.68,16214
-410.76,25.34,16225
-412.99,25.93,16237
-412.87,25.58,16248
-414.49,26.04,16260
-408.19,25.87,16272
-412.04,25.81,16283
-414.18,25.94,16295
-410.54,25.95,16307
-412.59,25.80,16319
-411.91,25.43,16330
-412.00,25.78,16343
-415.57,25.40,16354
-410.92,25.47,16366
-411.23,25.68,16377
-413.40,25.44,16390
-411.41,26.24,16401
-414.77,26.05,16413
-411.45,26.14,16424
-409.73,26.29,16436
-414.47,25.87,16448
-411.58,25.67,16459
-411.89,25.67,16472
-412.88,25.46,16483
-410.08,25.39,16495
-414.30,25.77,16506
-413.62,25.63,16519
-408.71,25.87,16530
-413.27,26.08,16542
-412.90,25.86,16553
-410.45,26.28,16566
-413.50,25.78,16577
-411.24,25.61,16589
-411.23,25.74,16601
-414.49,25.47,16612
-412.07,25.61,16624
-413.25,25.72,16635
-412.58,25.65,16648
-413.81,25.87,16659
-412.17,26.10,16671
-410.97,25.97,16683
-413.37,26.11,16695
-412.81,26.16,16706
-411.21,25.92,16718
-412.06,25.85,16730
-413.64,25.45,16742
-412.92,25.41,16753
-412.66,25.54,16765
-413.44,25.53,16777
-411.28,25.81,16788
-412.27,26.08,16800
-413.84,26.25,16812
-410.95,26.22,16824
-411.29,26.19,16835
-414.65,25.84,16847
-411.24,25.62,16859
-412.44,25.38,16871
-414.79,25.12,16882
-411.38,25.41,16894
-412.73,25.62,16906
-413.81,26.21,16918
-411.56,26.27,16929
-412.38,26.19,16942
-411.72,26.09,16953
-411.12,25.83,16964
-413.37,26.03,16976
-411.79,25.80,16988
-412.08,25.47,17000
-412.85,25.39,17011
-413.63,25.30,17024
-411.79,25.39,17035
-412.44,25.72,17047
-413.32,26.22,17058
-409.98,26.29,17071
-410.91,26.46,17082
-412.80,26.24,17094
-411.20,25.93,17105
-412.57,25.89,17118
-413.48,25.08,17129
-411.27,24.95,17140
-413.14,25.17,17153
-413.64,25.47,17164
-412.07,25.96,17176
-413.89,26.76,17187
-410.59,26.31,17200
-411.77,26.46,17211
-412.83,26.19,17223
-411.31,25.37,17234
-414.85,25.59,17247
-411.69,25.40,17258
-411.24,25.06,17270
-415.42,25.77,17282
-409.83,25.58,17294
-414.69,26.07,17305
-413.11,26.20,17316
-408.86,26.17,17329
-414.90,25.92,17340
-411.86,26.18,17352
-409.75,25.52,17363
-415.43,25.48,17376
-412.25,25.65,17387
-412.99,24.94,17399
-411.15,25.76,17411
-413.39,25.56,17423
-413.85,25.81,17434
-410.71,26.47,17446
-413.10,26.24,17458
-411.51,26.39,17470
-411.13,26.20,17481
-414.10,25.91,17492
-411.57,25.53,17505
-414.47,25.66,17516
-413.52,24.69,17528
-409.66,26.29,17540
-414.32,25.00,17552
-411.73,25.79,17563
-412.17,26.38,17575
-412.72,25.53,17587
-410.08,26.61,17599
-413.99,26.30,17610
-410.88,25.72,17623
-412.47,26.32,17634
-414.74,25.01,17646
-408.14,25.74,17657
-415.65,24.91,17669
-413.16,26.02,17681
-409.96,25.40,17692
-413.70,26.18,17704
-411.61,26.27,17716
-413.23,25.70,17728
-412.86,26.87,17739
-408.36,25.48,17752
-412.34,25.88,17763
-413.43,25.84,17775
-414.10,24.49,17786
-411.05,25.97,17799
-415.08,24.88,17810
-412.56,25.95,17822
-412.00,25.79,17833
-412.73,25.69,17845
-409.87,26.38,17857
-413.81,26.12,17868
-414.48,26.41,17881
-408.01,25.63,17892
-411.29,25.57,17904
-416.02,24.86,17915
-411.47,25.41,17928
-412.77,25.49,17939
-413.47,25.52,17951
-409.45,26.48,17963
-413.72,25.55,17975
-413.04,26.27,17986
-410.93,26.13,17998
-411.14,25.67,18010
-413.29,26.17,18021
-414.79,25.51,18033
-410.34,25.45,18044
-412.79,25.22,18057
-414.47,25.71,18068
-411.26,25.54,18080
-413.91,26.09,18092
-411.50,26.20,18104
-409.46,25.82,18115
-415.09,26.58,18127
-412.73,25.71,18139
-411.02,26.21,18151
-412.84,25.87,18162
-411.42,25.18,18174
-413.62,25.52,18186
-412.69,25.07,18198
-412.72,25.61,18209
-411.64,25.99,18221
-412.95,26.12,18233
-413.18,26.13,18244
-410.05,26.14,18256
-412.80,25.96,18268
-415.20,25.59,18280
-410.28,25.87,18291
-412.51,25.33,18304
-414.48,26.01,18315
-411.29,24.74,18327
-413.14,26.79,18338
-413.47,25.10,18351
-407.29,26.56,18362
-416.21,26.62,18373
-414.50,25.52,18385
-408.31,26.47,18397
-416.69,25.60,18409
-410.61,25.52,18420
-411.60,26.15,18433
-418.08,24.78,18444
-406.95,26.30,18456
-411.81,25.22,18467
-416.94,26.05,18480
-409.90,25.60,18491
-414.33,25.90,18503
-410.45,26.18,18514
-410.57,25.90,18527
-416.90,26.23,18538
-411.52,25.52,18549
-411.64,25.84,18562
-411.96,25.47,18573
-414.81,25.39,18585
-411.29,25.78,18596
-411.06,25.29,18609
-413.92,26.47,18620
-412.01,26.05,18632
-413.53,26.29,18643
-412.34,26.05,18656
-410.07,25.49,18667
-415.06,25.67,18679
-413.05,25.54,18691
-410.23,25.94,18703
-415.26,25.68,18714
-410.48,26.13,18725
-411.32,25.72,18738
-415.03,25.78,18749
-409.66,26.17,18761
-412.41,25.58,18772
-413.27,26.24,18785
-411.19,25.79,18796
-414.02,25.71,18808
-410.35,25.70,18820
-412.42,25.41,18832
-415.35,25.77,18843
-409.53,25.52,18855
-413.14,25.97,18867
-414.22,25.54,18879
-409.30,26.03,18890
-414.41,25.82,18902
-412.75,26.06,18914
-408.42,26.21,18925
-414.60,25.61,18937
-412.27,26.02,18949
-415.48,25.24,18961
-411.33,25.68,18972
-410.76,25.93,18984
-414.47,25.48,18996
-411.18,26.24,19008
-411.60,25.63,19019
-413.36,25.78,19032
-412.22,25.80,19043
-411.65,25.80,19055
-413.22,25.97,19066
-412.51,25.87,19078
-409.61,25.79,19090
-413.44,25.69,19101
-414.43,26.07,19113
-408.83,25.37,19125
-413.74,25.77,19137
-413.70,25.68,19148
-410.00,25.43,19161
-414.85,26.30,19172
-412.14,25.85,19184
-409.24,26.02,19195
-414.65,26.06,19208
-412.04,25.51,19219
-412.01,25.71,19231
-414.16,25.72,19243
-410.68,25.67,19254
-412.97,25.66,19266
-414.91,26.05,19277
-410.79,25.79,19290
-412.85,26.14,19301
-413.49,26.14,19313
-411.59,25.78,19324
-413.80,26.04,19337
-411.34,25.29,19348
-413.37,25.58,19360
-410.56,25.94,19372
-413.67,25.96,19384
-412.06,26.16,19395
-411.16,25.80,19407
-415.48,25.58,19419
-411.35,25.41,19430
-410.67,25.89,19442
-413.70,26.04,19453
-411.62,25.91,19466
-412.77,25.93,19477
-413.16,25.42,19489
-411.34,25.67,19501
-412.72,25.60,19513
-412.90,25.83,19524
-411.39,25.84,19536
-412.10,25.56,19548
-412.23,25.88,19560
-412.65,25.75,19571
-412.77,26.16,19584
-411.88,26.08,19595
-411.83,25.58,19606
-411.62,25.45,19618
-412.60,25.43,19630
-413.84,25.80,19642
-411.54,26.05,19653
-412.91,26.30,19665
-412.56,25.85,19677
-410.27,25.50,19689
-413.47,25.55,19700
-412.44,25.51,19713
-411.93,25.87,19724
-413.36,25.69,19736
-411.65,25.80,19747
-414.00,25.92,19760
-412.17,25.81,19771
-413.29,25.97,19782
-412.48,25.89,19794
-410.45,25.72,19806
-412.99,25.86,19818
-414.02,26.13,19829
-412.66,25.39,19842
-411.89,26.83,19853
-411.38,24.90,19865
-411.34,26.17,19876
-415.47,25.07,19889
-412.37,24.88,19900
-411.82,26.37,19912
-413.95,25.64,19923
-409.29,26.60,19936
-413.66,26.50,19947
-413.42,25.24,19958
-408.51,26.25,19971
-415.63,25.60,19982
-413.68,25.50,19994
-410.25,25.59,20005
-415.26,25.48,20018
-410.13,25.42,20029
-411.23,25.99,20041
-417.99,25.89,20052
-410.78,25.95,20065
-409.28,26.64,20076
-413.33,25.34,20088
-413.47,26.40,20100
-412.58,25.74,20112
-412.92,25.24,20123
-412.85,26.16,20134
-413.86,24.81,20147
-413.74,25.37,20158
-412.33,25.52,20170
-410.01,25.54,20182
-414.29,26.34,20194
-412.35,26.53,20205
-408.58,26.41,20217
-413.62,26.08,20229
-411.29,26.02,20241
-413.45,25.14,20252
-417.49,25.53,20264
-409.26,25.17,20276
-410.99,25.28,20288
-415.23,26.15,20299
-412.63,25.50,20311
-410.68,26.71,20323
-410.39,26.63,20334
-410.97,26.00,20346
-413.37,26.22,20358
-413.76,25.22,20370
-411.40,25.11,20381
-412.61,25.44,20393
-414.09,25.47,20405
-413.19,25.57,20417
-410.92,25.82,20428
-410.44,25.87,20441
-413.27,26.10,20452
-411.92,26.74,20464
-411.94,26.09,20475
-411.05,26.25,20487
-409.63,25.77,20499
-414.11,25.24,20510
-411.32,25.55,20523
-414.25,25.18,20534
-412.99,25.58,20546
-412.42,25.86,20557
-414.76,25.80,20570
-410.27,26.12,20581
-411.13,26.26,20593
-414.57,26.21,20604
-411.41,26.08,20617
-411.16,25.78,20628
-411.61,25.18,20640
-412.72,25.28,20652
-415.79,25.21,20663
-412.82,25.47,20675
-409.39,25.99,20686
-412.08,25.98,20699
-413.84,26.41,20710
-413.37,26.27,20722
-412.48,25.70,20733
-410.35,26.16,20746
-412.55,26.11,20757
-414.51,25.69,20769
-412.68,25.47,20781
-411.84,25.18,20793
-411.72,25.19,20804
-413.24,25.69,20816
-414.37,25.77,20828
-410.75,25.81,20839
-410.69,26.03,20851
-413.68,25.94,20862
-413.19,26.22,20875
-413.97,26.10,20886
-410.79,25.90,20898
-414.82,25.77,20910
-415.61,25.29,20922
-411.41,25.16,20933
-411.04,25.38,20945
-413.69,25.77,20957
-412.89,26.14,20969
-411.72,26.36,20980
-411.06,26.07,20993
-411.50,25.99,21004
-414.41,25.87,21015
-414.08,25.40,21027
-411.35,25.50,21039
-410.62,25.30,21051
-413.47,25.38,21062
-414.92,25.77,21074
-412.53,25.90,21086
-410.58,26.31,21098
-410.66,26.23,21109
-412.44,26.10,21122
-414.08,25.99,21133
-412.25,25.61,21145
-411.04,25.58,21156
-412.98,25.59,21169
-414.44,25.52,21180
-412.50,25.18,21191
-411.11,25.61,21203
-412.98,25.48,21215
-413.39,25.97,21227
-413.02,26.45,21238
-411.47,25.94,21251
-409.91,26.31,21262
-411.88,25.89,21274
-414.21,25.61,21285
-409.94,25.62,21298
-411.60,24.98,21309
-413.94,25.53,21321
-413.93,25.46,21332
-413.07,25.97,21345
-411.05,25.97,21356
-411.07,26.48,21367
-413.67,26.38,21380
-413.49,25.69,21391
-410.89,25.69,21403
-411.30,25.17,21414
-413.81,25.68,21427
-413.40,25.71,21438
-412.28,25.72,21450
-410.73,25.86,21462
-411.15,25.73,21474
-413.47,26.05,21485
-414.96,25.98,21497
-410.65,25.99,21509
-409.21,25.96,21521
-413.62,25.66,21532
-415.33,25.71,21543
-411.78,25.53,21556
-410.57,25.75,21567
-411.33,25.73,21579
-413.44,25.85,21591
-414.78,25.80,21603
-411.35,25.68,21614
-409.06,26.17,21626
-413.76,26.12,21638
-414.55,26.01,21650
-411.09,25.56,21661
-410.71,25.44,21673
-414.27,25.49,21685
-414.77,25.70,21697
-411.71,25.97,21708
-409.77,25.78,21720
-413.80,26.01,21732
-415.01,26.16,21743
-411.58,25.80,21755
-410.30,25.79,21767
-411.92,25.72,21779
-413.06,25.62,21790
-414.81,25.51,21803
-411.72,25.55,21814
-409.84,25.50,21826
-413.62,25.72,21837
-414.04,25.79,21850
-410.89,25.86,21861
-410.61,26.08,21873
-412.01,26.08,21884
-413.06,26.02,21896
-413.55,25.96,21908
-410.93,25.63,21919
-410.64,25.54,21932
-413.85,25.77,21943
-414.72,25.89,21955
-413.00,25.65,21966
-410.71,25.91,21979
-410.41,25.71,21990
-413.36,26.09,22002
-412.79,26.09,22013
-411.29,25.79,22026
-411.55,25.85,22037
-411.45,25.52,22049
-412.97,25.63,22061
-410.58,25.59,22072
-412.68,25.45,22084
-413.90,25.71,22095
-412.25,25.90,22108
-411.57,26.01,22119
-411.31,26.08,22131
-412.17,26.13,22142
-413.49,25.80,22155
-411.73,25.63,22166
-411.00,25.54,22178
-413.43,25.48,22190
-414.39,25.86,22202
-414.12,25.65,22213
-411.15,25.70,22225
-410.02,25.82,22237
-412.80,25.96,22248
-413.95,26.11,22260
-412.67,26.00,22272
-411.38,25.84,22284
-410.76,25.59,22295
-413.89,25.52,22307
-414.01,25.44,22319
-411.41,25.65,22331
-412.33,25.81,22342
-412.39,25.78,22354
-412.46,26.10,22366
-413.85,26.01,22378
-411.50,25.98,22389
-411.83,26.08,22402
-413.43,25.88,22413
-412.57,25.66,22424
-411.24,25.39,22436
-411.96,25.50,22448
-413.67,25.46,22460
-412.88,25.64,22471
-410.18,26.02,22483
-411.65,26.03,22495
-412.77,26.11,22507
-412.72,26.08,22518
-412.14,25.90,22531
-411.08,25.74,22542
-412.44,25.79,22554
-414.18,25.59,22565
-412.83,25.41,22578
-412.13,25.51,22589
-412.36,25.57,22600
-413.41,25.94,22612
-414.11,26.22,22624
-411.31,26.15,22636
-411.07,26.20,22647
-413.05,26.12,22660
-412.79,25.75,22671
-411.90,25.56,22683
-412.19,25.33,22694
-412.02,25.28,22707
-412.86,25.63,22718
-414.09,25.79,22730
-411.66,25.82,22742
-410.93,26.08,22754
-412.88,25.99,22765
-412.46,26.07,22776
-412.73,25.88,22789
-412.23,25.64,22800
-411.29,25.61,22812
-412.84,25.56,22823
-413.55,25.52,22836
-412.11,25.55,22847
-413.08,25.68,22859
-411.47,25.79,22871
-412.88,26.08,22883
-411.19,26.22,22894
-410.19,26.05,22906
-413.52,26.03,22918
-413.13,25.74,22930
-411.03,25.65,22941
-412.52,25.52,22952
-413.37,25.53,22965
-413.10,25.69,22976
-413.33,25.71,22988
-411.70,25.88,23000
-410.94,26.00,23012
-412.83,26.12,23023
-413.06,26.21,23035
-411.34,26.06,23047
-411.65,25.97,23059
-413.36,25.61,23070
-413.05,25.51,23083
-412.47,25.47,23094
-412.91,25.63,23106
-412.18,25.80,23117
-412.32,25.86,23129
-413.97,25.90,23141
-412.01,25.82,23152
-410.80,26.00,23164
-412.79,26.16,23176
-412.05,26.27,23188
-412.83,25.99,23199
-412.55,25.52,23212
-410.89,25.45,23223
-414.52,25.39,23235
-411.29,25.49,23246
-412.78,25.84,23259
-412.52,26.19,23270
-411.70,26.09,23282
-414.37,25.99,23293
-411.08,25.86,23305
-410.61,25.66,23317
-414.18,25.77,23328
-411.62,25.77,23341
-411.86,25.52,23352
-414.07,25.76,23364
-411.45,25.79,23375
-412.52,25.87,23388
-414.76,26.02,23399
-410.12,25.91,23411
-410.64,26.07,23422
-414.89,25.69,23435
-412.28,25.82,23446
-411.60,25.94,23458
-413.37,25.66,23470
-410.33,25.75,23481
-412.01,25.62,23493
-415.93,25.41,23504
-411.37,25.53,23517
-411.04,25.81,23528
-413.25,26.08,23540
-412.46,26.24,23552
-412.60,26.17,23564
-411.81,25.79,23575
-411.07,25.77,23587
-413.52,25.76,23599
-413.31,25.46,23611
-412.71,25.53,23622
-412.70,25.72,23634
-413.08,25.81,23646
-412.53,25.85,23657
-410.78,25.90,23669
-411.90,26.10,23681
-412.98,26.00,23693
-412.58,25.74,23704
-411.31,25.40,23716
-411.27,25.47,23728
-412.26,25.82,23740
-413.69,25.88,23751
-413.01,25.77,23763
-411.38,25.66,23775
-411.77,25.62,23787
-414.15,25.77,23798
-412.74,26.11,23811
-410.40,26.16,23822
-412.64,26.14,23833
-411.66,26.11,23845
-412.40,25.76,23857
-413.86,25.42,23869
-411.26,25.36,23880
-412.41,25.45,23892
-414.70,25.70,23904
-412.56,25.77,23916
-411.73,25.88,23927
-410.66,26.02,23940
-411.74,26.07,23951
-414.46,26.08,23963
-412.02,25.83,23974
-410.79,25.68,23986
-413.47,25.62,23998
-412.20,25.64,24009
-412.81,25.80,24022
-411.96,25.77,24033
-412.32,25.67,24045
-413.20,25.57,24056
-410.88,25.78,24069
-411.77,25.94,24080
-413.48,25.88,24092
-412.60,26.04,24103
-412.35,25.84,24116
-411.90,25.75,24127
-412.34,25.78,24139
-413.34,25.50,24151
-413.28,25.42,24163
-411.94,25.42,24174
-411.36,25.59,24185
-412.88,25.93,24198
-413.85,26.02,24209
-412.36,26.01,24221
-411.21,25.88,24232
-411.94,25.85,24245
-412.46,25.69,24256
-413.44,25.77,24268
-412.57,25.59,24280
-411.12,25.48,24292
-412.07,25.73,24303
-413.14,25.59,24315
-412.80,25.70,24327
-411.38,25.78,24338
-411.52,25.78,24350
-413.77,25.81,24361
-412.66,25.80,24374
-411.28,26.00,24385
-411.07,25.95,24397
-413.67,25.87,24409
-412.89,25.70,24421
-410.75,25.53,24432
-412.03,25.46,24444
-413.88,25.59,24456
-412.83,25.85,24468
-411.55,25.87,24479
-411.00,26.14,24492
-411.89,26.16,24503
-413.58,26.02,24514
-411.80,25.87,24526
-410.74,25.57,24538
-412.80,25.49,24550
-413.71,25.65,24561
-413.41,25.52,24573
-412.03,25.58,24585
-411.95,25.83,24597
-412.95,25.96,24608
-413.61,26.10,24621
-412.69,26.05,24632
-411.04,25.97,24644
-412.45,25.77,24655
-413.80,25.65,24668
-412.65,25.71,24679
-411.76,25.60,24690
-411.89,25.69,24702
-413.19,25.66,24714
-413.58,25.74,24726
-412.66,25.84,24737
-411.50,25.85,24750
-412.72,25.99,24761
-412.15,26.03,24773
-411.65,26.06,24784
-412.19,25.94,24797
-413.41,25.85,24808
-413.35,25.64,24820
-411.71,25.47,24832
-412.62,25.63,24844
-412.88,25.61,24855
-412.67,25.82,24866
-413.05,25.90,24879
-411.51,25.97,24890
-411.89,26.08,24902
-413.57,25.89,24913
-412.22,25.71,24926
-412.74,25.69,24937
-413.21,25.76,24949
-411.52,25.80,24961
-413.18,25.81,24973
-412.95,25.77,24984
-410.55,25.57,24996
-413.17,25.73,25008
-414.41,25.93,25020
-411.86,25.86,25031
-412.93,25.98,25042
-412.44,25.74,25055
-411.36,25.60,25066
-413.87,25.59,25078
-412.66,25.65,25090
-410.80,25.81,25102
-413.41,25.80,25113
-412.81,25.74,25125
-411.86,25.69,25137
-413.70,25.79,25149
-411.86,25.90,25160
-411.90,25.93,25172
-412.51,26.03,25184
-412.01,25.65,25196
-413.55,25.66,25207
-413.41,25.73,25219
-412.34,25.59,25231
-411.72,25.75,25242
-411.47,25.91,25254
-411.31,25.78,25266
-413.09,25.73,25278
-413.00,25.85,25289
-410.69,25.90,25302
-411.81,25.95,25313
-413.68,25.76,25325
-412.90,25.60,25336
-412.42,25.71,25349
-412.65,25.77,25360
-411.71,25.83,25372
-413.19,26.12,25383
-413.23,25.73,25395
-411.21,25.64,25407
-413.27,25.68,25418
-412.75,25.68,25431
-412.13,25.95,25442
-412.84,25.93,25454
-411.16,25.84,25465
-411.66,25.88,25478
-413.52,25.84,25489
-412.09,25.70,25501
-411.64,25.77,25512
-412.43,25.95,25525
-412.75,25.79,25536
-412.96,25.78,25548
-412.29,25.63,25560
-413.51,25.49,25571
-413.22,25.81,25583
-411.60,25.78,25594
-412.34,25.79,25607
-412.74,25.78,25618
-413.03,25.71,25630
-412.93,25.65,25641
-411.67,25.69,25654
-411.04,25.90,25665
-412.66,25.87,25677
-413.55,25.90,25689
-411.98,25.79,25701
-411.05,25.61,25712
-412.95,25.79,25724
-412.46,25.85,25736
-412.26,25.91,25747
-412.95,25.95,25759
-411.25,25.79,25771
-411.76,25.82,25783
-413.45,25.83,25794
-411.97,25.83,25806
-412.03,25.64,25818
-413.44,25.73,25830
-412.01,25.75,25841
-412.17,25.76,25853
-412.98,25.79,25865
-412.12,25.65,25877
-412.28,25.81,25888
-412.69,25.86,25901
-412.41,25.83,25912
-412.87,26.02,25923
-412.68,25.94,25935
-412.11,25.94,25947
-412.34,25.91,25959
-412.06,25.84,25970
-412.60,25.87,25982
-413.24,25.67,25994
-412.21,25.43,26006
-411.47,25.66,26017
-412.52,25.76,26030
-412.64,25.88,26041
-414.29,25.79,26053
-412.07,25.70,26064
-410.73,25.85,26077
-414.23,25.75,26088
-412.27,25.81,26099
-411.97,25.52,26112
-413.63,25.55,26123
-410.75,25.80,26135
-412.03,25.86,26146
-413.50,26.12,26159
-410.21,25.97,26170
-412.44,25.87,26182
-413.06,25.68,26193
-412.41,25.65,26206
-412.53,25.68,26217
-411.22,25.87,26229
-413.06,25.96,26241
-413.09,25.80,26253
-412.41,25.83,26264
-412.19,25.65,26275
-411.10,25.77,26288
-413.31,25.76,26299
-413.68,25.57,26311
-411.46,25.78,26322
-413.03,25.77,26335
-410.62,25.96,26346
-412.69,26.01,26358
-412.47,25.85,26370
-411.54,25.60,26382
-414.80,25.59,26393
-412.35,25.88,26405
-410.92,25.95,26417
-412.80,26.21,26429
-412.19,26.12,26440
-412.84,25.77,26451
-413.13,25.71,26464
-412.53,25.52,26475
-413.24,25.66,26487
-412.03,25.74,26499
-411.79,25.76,26511
-411.93,25.67,26522
-411.86,25.76,26534
-413.83,25.90,26546
-413.32,25.84,26558
-411.50,25.94,26569
-411.15,25.83,26582
-412.69,25.67,26593
-413.40,25.67,26605
-413.42,25.60,26616
-411.89,25.80,26628
-410.39,25.87,26640
-413.16,25.56,26651
-412.48,25.56,26663
-411.10,25.79,26675
-413.21,25.86,26687
-412.78,25.89,26698
-410.66,25.86,26711
-412.07,25.87,26722
-411.14,25.66,26734
-414.02,25.63,26745
-412.86,25.54,26758
-410.04,25.68,26769
-411.86,25.81,26781
-413.02,25.64,26792
-412.04,25.67,26804
-412.59,25.80,26816
-412.73,26.02,26827
-411.59,26.00,26840
-412.65,25.99,26851
-412.72,25.75,26863
-412.03,25.50,26874
-413.38,25.55,26887
-412.92,25.70,26898
-412.41,25.82,26910
-412.32,25.78,26921
-412.07,25.69,26934
-411.95,25.74,26945
-412.81,25.76,26957
-412.81,25.99,26969
-411.79,26.01,26980
-411.69,25.85,26992
-413.01,25.71,27003
-411.88,25.31,27016
-412.02,25.47,27027
-413.13,25.85,27039
-412.52,25.85,27051
-411.56,25.90,27063
-412.07,26.11,27074
-411.94,25.94,27086
-412.17,25.94,27098
-413.53,25.98,27110
-411.23,25.70,27121
-412.32,25.73,27133
-411.57,25.69,27145
-413.30,25.38,27156
-413.11,25.65,27168
-411.27,25.91,27180
-411.92,26.02,27192
-411.96,26.15,27203
-412.40,26.02,27215
-413.57,25.90,27227
-413.11,25.71,27239
-411.79,25.62,27250
-413.41,25.68,27262
-412.34,25.74,27274
-412.09,25.74,27286
-414.04,25.59,27297
-411.16,25.65,27310
-412.04,25.85,27321
-414.11,25.96,27332
-411.73,26.09,27344
-412.46,25.89,27356
-413.93,25.69,27368
-411.91,25.73,27379
-411.34,25.79,27392
-413.22,25.89,27403
-411.90,25.78,27415
-412.48,25.55,27426
-413.29,25.81,27439
-411.40,25.47,27450
-411.46,26.16,27462
-413.34,26.25,27473
-411.53,25.96,27486
-410.54,25.99,27497
-411.50,25.40,27508
-411.63,25.66,27521
-415.32,25.65,27532
-408.59,25.83,27544
-411.47,25.86,27555
-416.20,25.81,27568
-409.91,25.84,27579
-413.68,25.83,27591
-413.33,26.10,27602
-409.56,26.13,27615
-416.09,25.92,27626
-413.04,25.55,27638
-410.81,25.35,27650
-414.56,25.69,27662
-411.93,25.89,27673
-411.33,26.20,27684
-411.90,25.94,27697
-411.26,25.63,27708
-412.93,25.53,27720
-414.01,25.67,27731
-411.18,25.95,27744
-410.89,25.86,27755
-412.86,25.77,27767
-412.89,25.69,27779
-413.02,25.63,27791
-412.07,25.89,27802
-412.48,26.07,27814
-412.22,26.12,27826
-411.67,25.69,27838
-413.34,25.72,27849
-411.35,25.74,27860
-412.79,25.69,27873
-414.24,26.03,27884
-412.02,25.73,27896
-413.07,25.60,27908
-412.83,25.50,27920
-413.91,25.57,27931
-410.36,26.11,27943
-410.52,26.33,27955
-412.35,26.44,27967
-412.35,25.92,27978
-412.73,25.39,27991
-413.41,25.50,28002
-412.07,25.48,28014
-412.22,25.79,28025
-413.47,25.66,28037
-412.05,25.58,28049
-412.80,25.64,28060
-413.10,25.91,28072
-412.36,26.40,28084
-411.64,26.23,28096
-410.94,26.14,28107
-411.98,25.83,28120
-413.92,25.36,28131
-412.69,25.22,28143
-412.05,25.49,28154
-412.97,25.66,28167
-411.76,25.64,28178
-412.23,25.58,28190
-414.15,25.60,28201
-411.47,26.09,28213
-410.69,26.58,28225
-413.07,26.46,28236
-412.49,26.02,28249
-411.39,25.34,28260
-412.89,25.01,28272
-413.61,25.21,28283
-413.63,25.57,28296
-411.12,25.84,28307
-411.56,25.85,28319
-413.48,25.99,28331
-413.24,26.03,28343
-412.78,26.21,28354
-412.02,26.32,28366
-411.12,25.95,28378
-412.14,25.55,28389
-414.22,25.20,28401
-413.26,25.10,28412
-412.64,25.50,28425
-412.45,25.99,28436
-411.94,26.12,28448
-412.74,25.90,28460
-411.30,25.80,28472
-412.95,25.89,28483
-413.25,26.09,28495
-410.59,26.29,28507
-411.97,26.03,28519
-412.76,25.40,28530
-411.32,24.97,28542
-414.37,25.12,28554
-414.94,25.67,28565
-410.36,26.03,28577
-411.83,26.24,28589
-413.72,26.10,28601
-411.55,26.00,28612
-412.31,26.15,28624
-412.67,26.04,28636
-411.37,26.00,28648
-412.30,25.62,28659
-413.21,25.05,28672
-412.79,25.15,28683
-412.71,25.47,28695
-412.55,25.96,28706
-410.80,26.24,28719
-410.83,26.31,28730
-412.43,26.03,28741
-412.99,25.77,28753
-412.96,25.82,28765
-412.11,25.64,28777
-410.08,25.71,28788
-413.28,25.79,28801
-414.49,25.43,28812
-411.46,25.43,28824
-412.41,25.67,28835
-413.22,26.00,28848
-410.76,26.24,28859
-412.83,26.19,28871
-413.69,25.95,28882
-410.94,25.81,28895
-413.54,25.79,28906
-414.07,25.81,28917
-409.88,25.82,28930
-411.12,25.46,28941
-413.43,25.25,28953
-412.94,25.42,28964
-413.10,25.70,28977
-412.40,26.23,28988
-411.69,26.49,29000
-412.30,26.32,29011
-412.94,25.92,29024
-412.14,25.55,29035
-411.85,25.54,29047
-412.98,25.49,29059
-413.10,25.48,29071
-411.31,25.51,29082
-412.58,25.55,29093
-414.50,25.87,29106
-411.97,26.08,29117
-410.83,26.22,29129
-411.31,26.12,29140
-411.57,25.93,29153
-414.79,25.81,29164
-413.45,25.54,29176
-410.81,25.48,29188
-412.36,25.47,29200
-412.75,25.67,29211
-411.59,25.71,29223
-413.42,25.74,29235
-412.33,25.95,29247
-411.27,26.09,29258
-414.04,26.38,29270
-412.14,26.24,29282
-410.07,25.84,29293
-413.54,25.66,29305
-413.33,25.23,29317
-412.71,25.31,29329
-413.96,25.65,29340
-411.40,25.86,29352
-411.65,26.11,29364
-413.36,26.06,29376
-411.67,25.96,29387
-411.42,25.91,29400
-412.68,25.90,29411
-411.41,25.77,29423
-412.41,25.60,29434
-413.16,25.48,29446
-412.50,25.36,29458
-412.95,25.70,29469
-411.41,26.04,29481
-412.09,26.07,29493
-411.39,26.12,29505
-412.10,25.99,29516
-412.81,25.81,29529
-411.37,25.85,29540
-412.50,25.81,29552
-412.98,25.74,29563
-411.68,25.56,29576
-412.00,25.37,29587
-413.21,25.54,29599
-412.88,25.93,29611
-413.01,26.03,29622
-411.56,26.02,29634
-411.64,26.00,29645
-412.84,25.92,29658
-412.11,25.88,29669
-413.28,25.68,29681
-412.77,25.66,29692
-411.28,25.64,29705
-413.27,25.48,29716
-413.75,25.54,29728
-411.14,25.72,29740
-412.46,26.06,29752
-413.25,26.32,29763
-411.12,26.26,29775
-412.98,25.93,29787
-412.51,25.50,29798
-411.10,25.55,29810
-413.18,25.47,29821
-412.96,25.49,29834
-412.74,25.78,29845
-411.98,25.70,29857
-412.08,25.74,29869
-413.65,25.95,29881
-411.98,26.05,29892
-410.85,26.14,29904
-413.69,26.03,29916
-412.70,26.00,29928
-411.44,25.76,29939
-413.94,25.63,29952
-413.05,25.59,29963
-411.27,25.65,29974
-413.49,25.70,29986
-412.58,25.47,29998
-411.52,25.67,30010
-413.32,25.99,30021
-412.37,26.21,30033
-411.05,26.47,30045
-412.43,26.06,30057
-411.03,25.91,30068
-411.47,25.36,30081
-413.83,25.43,30092
-411.82,25.34,30104
-413.24,25.29,30115
-412.84,25.70,30128
-411.56,25.65,30139
-412.29,26.06,30150
-412.60,26.27,30162
-412.65,26.13,30174
-411.33,26.11,30186
-412.04,25.73,30197
-414.19,25.55,30210
-411.36,25.44,30221
-413.30,25.43,30233
-411.34,25.77,30244
-413.48,25.83,30257
-412.60,25.78,30268
-410.73,25.95,30280
-413.03,25.99,30291
-413.08,26.06,30304
-412.89,26.13,30315
-411.14,25.79,30326
-411.44,25.78,30339
-413.49,25.61,30350
-411.94,25.38,30362
-413.08,25.42,30373
-412.92,25.58,30386
-409.81,25.86,30397
-412.90,26.15,30409
-412.97,26.38,30420
-410.25,26.14,30433
-413.61,26.03,30444
-412.40,25.89,30456
-410.80,25.55,30468
-413.86,25.33,30480
-412.14,25.20,30491
-412.45,25.35,30502
-414.74,25.61,30515
-412.16,26.03,30526
-412.13,26.17,30538
-410.84,26.11,30550
-411.67,25.88,30562
-414.12,25.56,30573
-411.11,25.45,30585
-412.68,25.53,30597
-413.99,25.80,30609
-413.91,25.72,30620
-412.62,25.60,30632
-410.43,25.62,30644
-414.98,25.77,30655
-412.84,26.11,30667
-410.27,26.08,30679
-413.04,26.21,30691
-411.59,25.83,30702
-411.68,25.63,30714
-414.50,25.68,30726
-411.57,25.57,30738
-410.58,25.66,30749
-414.74,25.51,30761
-412.66,25.25,30773
-411.88,25.60,30785
-413.52,25.82,30796
-411.25,26.21,30809
-411.67,26.39,30820
-412.64,26.09,30832
-411.56,25.61,30843
-412.81,25.28,30855
-413.09,25.40,30867
-412.56,25.51,30878
-412.27,25.80,30891
-411.21,25.94,30902
-411.68,25.87,30914
-414.42,25.72,30925
-412.04,26.19,30938
-410.40,26.09,30949
-414.12,26.16,30961
-411.81,25.57,30972
-413.29,25.36,30985
-412.10,25.28,30996
-413.46,25.47,31007
-410.98,26.22,31020
-414.13,25.84,31031
-411.14,25.95,31043
-409.09,25.86,31054
-416.91,25.59,31067
-412.59,26.20,31078
-409.43,26.37,31090
-413.81,25.91,31101
-410.42,25.73,31114
-415.06,25.45,31125
-415.41,24.73,31137
-408.41,25.72,31149
-413.83,25.74,31161
-411.59,26.11,31172
-413.24,26.89,31183
-414.33,25.51,31196
-407.66,26.07,31207
-413.19,25.95,31219
-414.12,25.79,31230
-410.01,25.92,31243
-413.31,25.07,31254
-411.86,25.45,31266
-413.15,25.45,31278
-416.07,25.80,31290
-408.63,26.14,31301
-409.33,26.06,31313
-414.99,26.24,31325
-410.96,26.02,31337
-414.12,25.89,31348
-412.19,25.64,31360
-409.38,25.87,31372
-414.56,25.65,31383
-414.14,25.16,31395
-413.06,25.54,31407
-407.44,25.26,31419
-416.90,26.15,31430
-411.70,26.40,31442
-407.70,26.12,31454
-415.78,26.08,31466
-411.58,25.86,31477
-413.54,25.68,31490
-414.95,25.57,31501
-408.14,25.71,31513
-413.98,25.49,31524
-414.18,25.71,31536
-411.22,25.73,31548
-414.24,25.63,31559
-410.61,26.25,31571
-411.92,25.98,31583
-414.96,26.11,31595
-410.53,25.82,31606
-412.53,25.53,31619
-413.82,25.85,31630
-412.53,25.63,31642
-414.93,25.79,31653
-410.86,25.62,31666
-410.41,25.71,31677
-416.39,25.63,31689
-412.68,25.94,31700
-411.38,26.17,31712
-412.97,26.17,31724
-410.34,26.10,31735
-414.17,25.67,31748
-413.46,25.48,31759
-410.75,25.55,31771
-411.52,25.47,31782
-413.56,25.72,31795
-413.69,25.63,31806
-410.30,25.65,31818
-413.66,25.84,31830
-414.79,26.12,31842
-410.93,26.14,31853
-411.59,26.12,31865
-411.78,25.64,31877
-412.89,25.63,31888
-414.67,25.64,31900
-412.25,25.37,31911
-411.27,25.87,31924
-411.81,25.64,31935
-412.74,25.88,31947
-413.65,25.73,31959
-410.89,25.77,31971
-410.79,25.90,31982
-415.36,25.67,31994
-412.41,25.44,32006
-412.40,25.37,32018
-412.77,25.38,32029
-410.89,25.73,32041
-415.52,25.83,32053
-412.45,26.12,32064
-408.14,25.93,32076
-413.22,26.00,32088
-412.16,25.66,32100
-413.28,25.64,32111
-413.65,25.78,32123
-409.82,25.75,32135
-411.83,25.95,32147
-414.72,25.86,32158
-411.02,25.63,32171
-410.79,25.73,32182
-413.62,25.75,32194
-412.63,25.76,32205
-410.61,25.66,32218
-411.62,25.86,32229
-412.42,25.76,32240
-413.21,25.74,32252
-413.96,25.82,32264
-411.50,25.47,32276
-411.72,25.67,32287
-414.67,25.69,32300
-412.36,25.67,32311
-413.20,25.65,32323
-411.57,25.78,32334
-409.44,26.04,32347
-415.34,25.97,32358
-413.75,25.97,32370
-409.81,25.72,32381
-412.57,25.51,32394
-412.06,25.45,32405
-413.18,25.54,32416
-413.65,25.79,32429
-411.06,26.03,32440
-412.06,26.09,32452
-412.80,25.99,32463
-412.32,25.98,32476
-412.93,25.75,32487
-410.63,25.56,32499
-412.48,25.93,32510
-415.10,25.67,32523
-410.52,25.84,32534
-411.11,25.97,32546
-411.15,25.82,32558
-413.10,25.87,32570
-412.58,25.68,32581
-410.28,25.61,32592
-414.72,25.81,32605
-413.73,26.17,32616
-411.51,26.05,32628
-411.84,25.87,32640
-411.52,25.84,32652
-412.63,25.49,32663
-412.44,25.38,32675
-414.03,25.34,32687
-410.86,25.56,32699
-411.10,26.00,32710
-415.13,26.20,32722
-411.30,26.25,32734
-409.79,26.09,32746
-414.37,26.09,32757
-412.06,25.70,32769
-412.44,25.51,32781
-413.24,25.67,32792
-412.53,25.43,32804
-412.63,25.42,32816
-412.72,25.80,32828
-412.20,25.68,32839
-410.86,26.09,32851
-411.82,26.16,32863
-413.44,25.68,32875
-411.33,25.97,32886
-411.62,25.67,32899
-412.41,25.66,32910
-412.54,25.73,32922
-413.57,25.49,32933
-411.20,25.57,32945
-414.27,25.44,32957
-414.19,25.61,32968
-410.69,25.94,32980
-412.28,26.06,32992
-412.80,26.03,33004
-412.64,26.03,33015
-413.01,25.93,33028
-411.83,25.63,33039
-412.10,25.81,33051
-412.45,25.52,33062
-413.00,25.50,33075
-413.80,25.62,33086
-410.17,25.66,33098
-412.42,26.06,33110
-414.05,26.06,33121
-410.20,26.04,33133
-412.58,25.96,33144
-412.68,25.73,33157
-413.22,25.64,33168
-413.74,25.67,33180
-410.24,25.75,33191
-411.41,25.84,33204
-412.45,25.94,33215
-412.27,25.69,33227
-411.39,25.73,33239
-411.11,25.92,3325