962198.00
8720.00
-413.64,26.41,1134
-414.43,25.90,1135
-411.17,25.54,1137
-410.44,25.40,1148
-414.22,25.48,1160
-415.27,25.79,1171
-411.35,26.08,1183
-410.28,26.34,1195
-411.77,26.59,1207
-413.06,26.72,1218
-414.36,26.60,1230
-410.39,26.28,1242
-409.61,26.03,1254
-414.84,25.69,1265
-414.37,25.42,1277
-412.51,25.47,1289
-409.98,25.59,1300
-411.17,25.90,1312
-415.23,26.23,1324
-413.36,26.39,1336
-409.60,26.40,1347
-410.93,26.45,1359
-413.48,26.42,1371
-414.62,26.24,1383
-411.59,25.94,1394
-409.90,25.64,1406
-412.90,25.73,1418
-414.36,25.74,1430
-413.81,25.83,1441
-410.45,26.11,1453
-409.26,26.27,1465
-413.92,26.49,1476
-414.19,26.31,1488
-409.93,26.12,1500
-410.34,26.06,1512
-412.13,25.68,1523
-414.17,25.62,1536
-414.38,25.53,1547
-411.18,25.49,1559
-415.16,25.80,1570
-413.25,26.19,1583
-410.60,26.50,1594
-410.76,26.59,1605
-412.24,26.65,1617
-414.08,26.38,1629
-413.12,26.03,1641
-409.98,25.81,1652
-410.65,25.54,1665
-415.41,25.54,1676
-414.92,25.45,1688
-410.34,25.51,1699
-411.99,25.84,1712
-414.45,26.17,1723
-412.01,26.45,1735
-411.79,26.46,1746
-410.36,26.36,1758
-410.88,26.20,1770
-414.83,25.91,1781
-414.08,25.61,1794
-410.53,25.51,1805
-411.60,25.81,1817
-414.55,25.80,1828
-414.92,25.92,1841
-412.13,26.27,1852
-410.05,26.45,1864
-411.53,26.60,1875
-413.25,26.48,1888
-412.79,25.94,1899
-411.13,25.63,1911
-410.85,25.47,1923
-414.06,25.55,1934
-410.99,25.60,1946
-410.76,25.91,1957
-412.70,26.09,1970
-413.37,26.40,1981
-412.21,26.64,1993
-410.08,26.54,2004
-410.57,26.56,2017
-414.33,26.33,2028
-414.49,25.95,2040
-411.26,25.65,2052
-410.78,25.51,2064
-413.08,25.47,2075
-414.46,25.54,2086
-412.24,25.88,2099
-410.23,26.16,2110
-411.93,26.47,2122
-414.20,26.52,2134
-413.53,26.38,2146
-409.78,26.24,2157
-410.55,25.89,2169
-412.95,25.69,2181
-413.59,25.74,2193
-412.75,25.66,2204
-410.91,25.89,2216
-411.52,26.04,2228
-413.95,26.31,2239
-414.06,26.58,2251
-409.47,26.56,2263
-410.39,26.44,2275
-414.39,26.23,2286
-412.68,25.89,2298
-411.80,25.41,2310
-411.62,25.22,2322
-412.33,25.47,2333
-413.41,25.77,2345
-411.08,25.96,2357
-412.51,26.17,2369
-412.34,26.48,2380
-412.94,26.78,2392
-412.69,26.60,2404
-409.85,26.34,2415
-412.11,25.89,2427
-415.10,25.61,2439
-411.29,25.55,2451
-410.84,25.43,2462
-413.83,25.50,2475
-413.27,25.77,2486
-412.08,26.13,2498
-411.43,26.28,2509
-410.71,26.54,2522
-411.94,26.51,2533
-413.61,26.13,2544
-411.28,25.96,2556
-411.26,25.79,2568
-413.19,25.61,2580
-413.54,25.69,2591
-412.63,25.69,2604
-411.10,26.04,2615
-411.94,26.29,2627
-413.52,26.40,2638
-412.07,26.49,2651
-410.75,26.58,2662
-411.06,26.36,2674
-413.08,26.07,2685
-414.95,25.65,2697
-412.03,25.24,2709
-410.59,25.28,2720
-413.58,25.43,2733
-413.48,25.73,2744
-411.50,26.20,2756
-409.38,26.31,2767
-413.83,26.46,2780
-415.34,26.70,2791
-410.26,26.46,2803
-410.21,26.24,2814
-412.99,25.90,2827
-414.01,25.60,2838
-413.87,25.36,2850
-410.95,25.46,2862
-411.69,25.78,2873
-413.60,25.97,2885
-412.89,26.26,2896
-411.74,26.28,2909
-409.60,26.47,2920
-411.44,26.47,2932
-415.03,26.04,2944
-411.68,25.77,2956
-409.40,25.42,2967
-413.08,25.48,2979
-414.02,25.68,2991
-413.60,25.76,3003
-412.17,26.22,3014
-408.48,26.38,3025
-412.14,26.68,3038
-414.78,26.49,3049
-410.59,26.28,3061
-410.28,26.16,3073
-411.26,25.72,3085
-414.20,25.67,3096
-414.96,25.35,3108
-410.30,25.48,3120
-414.57,25.85,3132
-413.77,26.01,3143
-412.04,26.38,3155
-409.59,26.56,3167
-410.22,26.55,3178
-414.62,26.47,3190
-413.61,26.21,3202
-409.85,25.83,3214
-411.49,25.68,3225
-413.17,25.73,3237
-415.07,25.74,3249
-413.51,25.84,3261
-408.43,26.00,3272
-411.66,26.10,3284
-414.89,26.46,3296
-410.68,26.41,3308
-410.21,26.35,3319
-412.05,26.23,3331
-412.54,25.89,3343
-415.27,25.56,3354
-411.86,25.57,3366
-409.54,25.56,3378
-413.99,25.92,3390
-413.96,26.23,3401
-411.31,26.23,3414
-409.24,26.61,3425
-410.49,26.62,3437
-413.90,26.26,3448
-413.52,26.20,3461
-411.65,25.84,3472
-410.83,25.57,3483
-413.80,25.67,3495
-416.03,25.53,3507
-410.80,25.70,3519
-411.64,26.03,3530
-413.77,26.24,3543
-414.19,26.37,3554
-409.97,26.42,3566
-410.30,26.34,3577
-412.64,26.18,3590
-413.75,26.24,3601
-413.41,25.83,3613
-410.23,25.63,3624
-411.93,25.76,3637
-415.03,25.81,3648
-411.75,26.08,3659
-411.52,26.37,3672
-411.07,26.38,3683
-410.40,26.47,3695
-415.18,26.23,3706
-411.79,25.89,3719
-409.68,25.69,3730
-413.65,25.59,3742
-412.91,25.53,3753
-413.43,25.55,3766
-412.58,25.83,3777
-409.44,26.07,3789
-412.58,26.44,3801
-414.27,26.66,3812
-411.38,26.45,3824
-411.07,26.33,3835
-412.14,26.15,3848
-413.58,26.15,3859
-414.14,25.83,3871
-410.48,25.57,3883
-411.15,25.39,3895
-414.01,25.54,3906
-412.35,25.92,3918
-410.24,26.20,3930
-411.72,26.55,3942
-413.82,26.56,3953
-411.67,26.27,3964
-411.03,26.35,3977
-412.29,25.93,3988
-412.60,25.83,4000
-414.55,25.65,4012
-411.64,25.51,4024
-410.80,25.72,4035
-414.74,25.94,4047
-413.72,26.23,4059
-412.49,26.33,4071
-410.49,26.51,4082
-410.50,26.25,4094
-414.59,26.26,4106
-413.33,26.14,4117
-409.20,25.75,4129
-412.03,25.85,4141
-413.65,25.72,4153
-412.30,25.64,4164
-413.39,25.93,4176
-411.28,26.08,4188
-411.80,26.43,4200
-415.06,26.58,4211
-411.50,26.45,4224
-409.66,26.32,4235
-412.06,26.17,4247
-413.27,25.96,4258
-414.04,25.77,4270
-411.09,25.67,4282
-410.07,25.58,4293
-413.03,25.67,4305
-412.64,25.86,4317
-411.13,26.28,4329
-410.50,26.44,4340
-415.03,26.60,4353
-412.14,26.38,4364
-409.59,26.19,4376
-412.57,25.87,4387
-412.98,25.83,4400
-413.97,25.91,4411
-413.22,25.72,4423
-410.23,26.04,4434
-412.74,26.11,4446
-414.17,26.39,4458
-411.18,26.49,4469
-410.38,26.45,4482
-411.44,26.33,4493
-413.53,26.03,4505
-413.98,25.69,4516
-411.67,25.36,4529
-413.03,25.38,4540
-413.86,25.47,4552
-414.23,25.72,4563
-413.26,26.14,4576
-409.28,26.30,4587
-411.20,26.60,4598
-413.47,26.51,4611
-411.69,26.32,4622
-411.16,26.16,4634
-410.83,25.81,4645
-413.16,25.76,4658
-414.77,25.48,4669
-412.19,25.58,4681
23.48,25.89,4692
-413.62,26.22,4705
-410.51,26.46,4727
-409.15,26.29,4739
-413.74,26.40,4750
-413.98,26.23,4761
-411.05,25.94,4772
-411.65,25.84,4785
-411.17,25.48,4796
-414.17,25.58,4807
-414.83,25.74,4818
-409.92,25.87,4830
-411.20,26.15,4841
-413.81,26.45,4852
-412.20,26.64,4865
-411.47,26.47,4876
-411.15,26.38,4887
-411.69,26.02,4898
-414.55,25.78,4910
-413.35,25.62,4921
-409.74,25.44,4932
-412.14,25.69,4943
-413.74,25.86,4956
-412.91,26.04,4967
-411.77,26.45,4978
-410.80,26.51,4989
-412.99,26.53,5001
-413.44,26.38,5012
-411.56,26.25,5023
-411.50,25.90,5035
-411.14,25.59,5047
-414.15,25.60,5058
-414.91,25.55,5069
-410.12,25.90,5081
-412.29,26.19,5092
-413.87,26.25,5103
-411.97,26.41,5115
-411.86,26.27,5127
-410.01,26.27,5139
-411.91,26.27,5150
-414.75,25.93,5163
-412.56,25.58,5174
-410.47,25.56,5186
-411.19,25.57,5197
-414.43,25.86,5210
-414.22,26.24,5221
-410.24,26.23,5232
-410.13,26.63,5244
-412.64,26.72,5256
-413.89,26.38,5268
-413.78,26.06,5279
-410.02,25.67,5292
-409.74,25.40,5303
-416.25,25.66,5315
-414.86,25.62,5326
-409.83,25.78,5339
-411.71,26.22,5350
-412.88,26.41,5362
-413.55,26.45,5373
-412.38,26.31,5385
-408.56,26.09,5397
-411.60,26.12,5408
-415.47,25.93,5421
-414.33,25.78,5432
-410.80,25.63,5444
-410.06,25.91,5455
-414.02,25.81,5468
-411.86,26.11,5479
-409.93,26.28,5491
-411.18,26.26,5502
-414.51,26.54,5515
-414.89,26.19,5526
-409.37,25.67,5537
-410.04,25.71,5550
-415.06,25.63,5561
-414.34,25.67,5573
-411.72,25.61,5584
-409.58,25.92,5597
-411.90,26.24,5608
-414.89,26.60,5620
-413.04,26.68,5632
-409.06,26.50,5644
-409.24,26.30,5655
-414.41,25.79,5667
-415.13,25.84,5679
-411.46,25.45,5690
-409.54,25.63,5702
-411.51,25.78,5713
-415.15,25.88,5726
-414.09,25.96,5737
-409.69,26.10,5749
-410.37,26.33,5761
-414.02,26.44,5773
-414.68,26.19,5784
-410.32,26.21,5796
-409.70,25.85,5808
-414.05,25.84,5820
-414.81,25.59,5831
-412.17,25.56,5842
-409.34,25.85,5855
-410.98,26.06,5866
-413.44,26.31,5878
-410.19,26.35,5890
-409.97,26.55,5902
-412.47,26.34,5913
-414.58,26.00,5925
-411.44,25.67,5937
-410.00,25.38,5949
-413.37,25.61,5960
-414.81,25.63,5972
-413.76,25.80,5984
-409.71,26.04,5996
-409.33,26.15,6007
-413.45,26.55,6019
-413.55,26.46,6031
-411.17,26.39,6042
-410.00,26.23,6054
-412.04,26.03,6066
-414.82,25.86,6078
-413.58,25.72,6089
-410.46,25.70,6102
-412.12,25.77,6113
-413.72,25.92,6125
-413.64,26.03,6136
-412.22,26.04,6149
-410.08,26.28,6160
-411.92,26.31,6171
-415.06,26.15,6183
-412.31,25.93,6195
-410.42,25.74,6207
-411.02,25.40,6218
-413.15,25.92,6231
-414.24,25.93,6242
-411.17,26.13,6254
-413.68,26.66,6265
-413.39,26.44,6278
-412.68,26.46,6289
-411.08,26.46,6301
-411.24,26.07,6312
-414.74,25.95,6324
-413.66,25.68,6336
-409.71,25.53,6347
-411.12,25.59,6360
-414.03,26.00,6371
-413.13,26.00,6383
-412.34,26.25,6394
-410.28,26.37,6407
-410.42,26.25,6418
-414.38,26.51,6430
-413.71,26.07,6441
-410.48,26.21,6454
-411.09,25.97,6465
-414.94,25.66,6476
-414.06,25.61,6489
-410.90,25.65,6500
-411.17,25.97,6512
-412.14,26.23,6523
-413.67,26.53,6536
-413.91,26.39,6547
-409.27,26.41,6559
-410.59,26.24,6571
-415.54,25.82,6583
-413.94,25.67,6594
-411.10,25.31,6606
-411.66,25.57,6618
-413.37,26.05,6629
-413.95,26.13,6641
-412.70,26.36,6652
-411.11,26.32,6665
-414.42,26.47,6676
-412.78,26.41,6688
-410.33,26.24,6700
-410.21,26.04,6712
-412.63,26.03,6723
-415.06,25.73,6735
-412.41,25.25,6747
-410.04,25.67,6759
-411.77,25.91,6770
-413.11,26.08,6781
-414.21,26.56,6794
-409.88,25.91,6805
-408.61,26.17,6817
-414.94,26.28,6829
-414.36,25.91,6841
-411.20,26.18,6852
-410.26,25.56,6864
-409.64,25.84,6876
-415.10,26.02,6888
-414.97,26.03,6899
-409.48,26.14,6912
-409.13,26.35,6923
-413.07,26.49,6934
-413.89,26.19,6946
-412.81,26.19,6958
-410.07,25.81,6970
-410.66,25.71,6981
-415.99,25.82,6993
-414.34,25.34,7005
-409.21,25.87,7017
-412.03,25.71,7028
-414.65,26.21,7041
-411.88,26.26,7052
-408.23,26.26,7064
-412.11,26.48,7075
-417.34,26.27,7087
-412.66,26.12,7099
-408.34,25.92,7110
-411.55,25.94,7122
-414.02,25.76,7134
-415.16,25.56,7146
-411.12,25.72,7157
-407.67,25.75,7170
-413.47,26.06,7181
-414.98,26.31,7193
-410.71,26.23,7204
-409.88,26.33,7217
-411.60,26.39,7228
-413.89,26.03,7239
-415.17,25.72,7251
-411.62,25.72,7263
-408.59,25.49,7275
-414.08,25.98,7286
-417.41,25.79,7299
-410.10,26.21,7310
-409.20,26.57,7322
-411.66,26.38,7333
-414.31,26.44,7346
-414.25,25.95,7357
-409.34,25.80,7369
-408.67,25.95,7380
-413.78,25.72,7393
-416.66,25.64,7404
-412.12,25.51,7415
-408.10,25.66,7428
-412.48,26.09,7439
-412.85,26.51,7451
-409.27,26.30,7462
-409.50,26.59,7475
-413.97,26.35,7486
-416.09,26.14,7498
-411.58,26.05,7510
-408.82,25.67,7522
-412.26,25.75,7533
-415.26,25.74,7545
-414.04,25.51,7557
-409.55,25.86,7568
-408.40,26.14,7580
-413.69,26.18,7591
-415.58,26.53,7604
-410.23,26.31,7615
-409.47,25.99,7627
-411.84,26.10,7639
-415.51,25.75,7651
-415.61,25.47,7662
-408.81,25.68,7674
-409.83,25.54,7686
-415.32,26.09,7698
-413.53,26.28,7709
-410.39,26.20,7720
-409.06,26.47,7733
-411.51,26.44,7744
-416.31,26.20,7756
-411.98,26.02,7768
-408.24,25.84,7780
-411.73,25.62,7791
-414.23,25.74,7803
-415.78,25.66,7815
-410.81,25.56,7827
-413.93,26.23,7838
-414.36,26.46,7851
-413.18,26.51,7862
-410.24,26.53,7873
-408.92,26.09,7885
-415.59,26.24,7897
-414.75,25.69,7909
-409.26,25.52,7920
-412.28,25.52,7932
-412.64,25.71,7944
-413.37,25.97,7956
-413.77,26.08,7967
-409.32,26.25,7980
-411.13,26.21,7991
-414.56,26.31,8003
-412.28,26.26,8014
-411.72,26.17,8026
-411.14,26.16,8038
-412.84,25.89,8049
-415.49,25.99,8061
-411.32,25.76,8073
-410.30,25.84,8085
-412.88,26.15,8096
-413.42,26.29,8109
-412.88,26.55,8120
-410.40,26.29,8132
-410.66,26.04,8143
-413.51,25.86,8156
-413.67,25.63,8167
-411.75,25.72,8178
-411.03,25.61,8190
-413.00,25.65,8202
-413.95,25.83,8214
-413.67,26.02,8225
-411.06,26.35,8238
-413.95,26.67,8249
-412.85,26.46,8261
-411.05,26.19,8272
-410.92,26.01,8285
-412.00,25.71,8296
-414.28,25.73,8308
-412.97,25.62,8320
-410.66,25.68,8331
-412.46,25.89,8343
-414.08,25.98,8354
-413.54,26.11,8367
-411.72,26.34,8378
-410.74,26.27,8390
-412.21,26.37,8401
-413.91,26.15,8414
-412.48,25.86,8425
-410.53,25.73,8437
-412.90,25.75,8449
-413.96,25.80,8461
-412.90,25.85,8472
-411.91,25.95,8483
-411.01,26.21,8496
-412.92,26.30,8507
-414.65,26.48,8519
-412.31,26.07,8530
-410.11,26.01,8543
-412.24,25.89,8554
-412.87,25.65,8566
-413.02,25.72,8578
-412.66,25.69,8590
-411.41,25.71,8601
-412.33,25.99,8613
-412.58,26.24,8625
-411.02,26.41,8636
-412.26,26.36,8648
-411.96,26.19,8659
-411.58,26.48,8672
-412.37,26.06,8683
-412.80,25.76,8695
-413.23,25.71,8707
-410.86,25.33,8719
-410.87,25.73,8730
-413.30,26.02,8742
-412.23,25.87,8754
-412.79,26.54,8766
-411.46,26.09,8777
-410.11,26.46,8788
-415.08,26.38,8801
-412.15,25.78,8812
-410.82,25.82,8824
-412.58,25.42,8836
-412.03,25.51,8848
-415.02,25.88,8859
-413.90,25.99,8871
-407.95,26.22,8883
-411.44,26.36,8895
-414.67,26.31,8906
-413.42,26.16,8919
-411.05,26.32,8930
-409.69,25.89,8941
-413.29,25.98,8953
-415.69,25.57,8965
-412.40,25.33,8977
-411.29,25.78,8988
-411.82,25.77,9000
-414.29,26.09,9012
-408.99,26.17,9024
-409.10,26.35,9035
-415.17,26.58,9048
-414.25,26.62,9059
-412.12,26.18,9071
-411.21,25.99,9082
-410.82,25.88,9094
-415.79,25.40,9106
-414.69,25.97,9117
-409.98,25.68,9129
-410.45,26.12,9141
-413.49,26.43,9153
-414.11,26.07,9164
-411.91,26.22,9177
-409.42,25.96,9188
-411.33,25.72,9200
-416.35,25.92,9211
-414.42,25.62,9224
-408.32,25.86,9235
-411.31,25.88,9246
-414.86,26.19,9259
-414.39,26.03,9270
-411.68,26.21,9282
-408.72,26.44,9293
-411.95,26.11,9306
-416.30,26.30,9317
-413.85,25.93,9329
-408.86,25.86,9340
-410.38,25.96,9353
-416.21,25.73,9364
-415.23,25.70,9376
-411.19,25.40,9388
-409.88,25.93,9399
-415.59,26.13,9411
-414.14,26.30,9422
-407.79,26.31,9435
-409.13,26.21,9446
-416.16,26.45,9458
-415.37,26.00,9469
-410.95,25.80,9482
-409.93,25.67,9493
-412.32,25.88,9505
-416.10,26.26,9517
-414.24,26.22,9529
-408.51,26.27,9540
-410.11,26.09,9552
-415.16,26.10,9564
-415.26,25.91,9575
-410.15,25.82,9587
-408.94,26.00,9598
-412.98,25.89,9611
-415.37,26.04,9622
-412.86,25.86,9634
-409.17,25.87,9646
-410.90,25.96,9658
-414.63,26.19,9669
-415.31,26.38,9681
-410.83,26.23,9693
-407.65,26.51,9705
-413.18,26.09,9716
-415.96,26.21,9728
-411.20,25.76,9740
-410.31,25.53,9751
-412.31,25.84,9763
-413.70,25.77,9775
-415.00,25.91,9787
-410.40,26.23,9798
-413.84,26.15,9810
-414.57,26.35,9822
-411.79,26.07,9834
-407.40,26.03,9845
-411.06,25.92,9858
-416.00,25.89,9869
-413.36,25.78,9880
-410.05,25.98,9892
-410.46,26.07,9904
-412.94,26.13,9916
-414.83,26.35,9927
-412.34,26.08,9939
-409.09,26.20,9951
-411.72,26.29,9963
-416.01,26.07,9974
-414.23,25.91,9987
-409.84,25.71,9998
-409.73,25.57,10010
-415.02,25.57,10021
-416.26,25.71,10033
-411.18,25.74,10045
-409.65,26.29,10056
-412.09,26.59,10068
-414.75,26.54,10080
-413.91,26.50,10092
-408.60,26.16,10103
-409.94,26.13,10116
-414.44,25.88,10127
-414.57,25.67,10139
-412.06,25.59,10150
-409.12,25.69,10163
-412.19,26.03,10174
-415.36,25.93,10185
-409.84,26.15,10198
-410.91,26.03,10209
-413.53,26.13,10221
-415.01,26.34,10232
-410.45,26.10,10245
-407.55,26.12,10256
-412.94,25.98,10268
-415.84,25.93,10279
-413.14,25.82,10292
-410.32,25.74,10303
-410.58,25.88,10315
-414.17,26.16,10327
-415.15,26.51,10338
-410.21,26.38,10350
-409.80,26.37,10361
-413.44,26.19,10374
-413.88,25.77,10385
-411.98,25.62,10397
-409.86,25.56,10408
-411.23,25.66,10421
-415.13,25.98,10432
-414.01,26.17,10444
-409.28,26.26,10456
-410.34,26.29,10468
-414.60,26.61,10479
-412.95,26.16,10490
-411.20,26.27,10503
-410.64,25.98,10514
-411.56,25.89,10526
-414.66,26.04,10537
-413.56,25.73,10550
-410.91,25.54,10561
-410.99,25.99,10573
-413.74,25.90,10585
-411.71,26.20,10597
-410.06,26.43,10608
-411.66,26.25,10620
-413.98,26.43,10632
-412.59,25.99,10643
-411.25,25.68,10655
-411.72,25.51,10667
-414.19,25.47,10679
-414.19,25.61,10690
-410.56,26.03,10702
-410.33,26.36,10714
-411.79,26.64,10726
-413.18,26.50,10737
-412.69,26.24,10749
-410.14,26.08,10761
-411.15,26.00,10773
-414.97,25.77,10784
-413.25,25.58,10797
-410.73,25.52,10808
-412.02,25.74,10819
-413.14,26.12,10831
-414.07,26.22,10843
-412.32,26.29,10855
-409.23,26.34,10866
-412.42,26.43,10878
-414.66,26.28,10890
-412.40,25.95,10902
-411.00,25.86,10913
-410.86,25.81,10926
-413.16,25.95,10937
-414.66,25.86,10949
-411.44,25.95,10960
-410.71,26.27,10972
-413.33,26.39,10984
-413.27,26.29,10995
-408.93,26.10,11008
-410.63,26.16,11019
-414.89,25.94,11031
-413.37,25.75,11042
-411.57,25.70,11055
-410.58,25.69,11066
-412.64,26.04,11078
-415.12,26.07,11089
-412.31,26.26,11102
-409.69,26.40,11113
-411.54,26.20,11125
-413.43,26.27,11137
-413.13,26.03,11148
-411.25,25.93,11160
-410.20,25.91,11171
-413.02,25.92,11184
-413.85,25.94,11195
-411.22,25.95,11207
-410.56,25.99,11218
-412.54,25.88,11231
-413.33,26.08,11242
-412.15,26.09,11254
-410.41,25.99,11266
-411.08,26.24,11278
-413.66,26.19,11289
-413.37,26.06,11300
-411.30,26.02,11313
-410.62,25.85,11324
-412.47,25.90,11336
-415.81,25.88,11347
-411.22,26.09,11360
-412.97,26.18,11371
-413.76,26.17,11383
-412.42,26.13,11395
-411.28,25.94,11407
-410.51,25.97,11418
-413.09,25.84,11430
-414.44,25.86,11442
-411.56,25.73,11454
-409.55,25.81,11465
-412.83,26.15,11476
-415.58,26.24,11489
-412.62,26.33,11500
-409.01,26.26,11512
-410.48,26.23,11524
-414.54,26.31,11536
-414.36,25.99,11547
-410.51,25.86,11559
-409.53,25.79,11571
-412.91,25.93,11583
-415.41,25.90,11594
-413.30,25.80,11607
-408.72,25.98,11618
-410.99,26.14,11630
-413.97,26.42,11641
-413.40,26.10,11653
-410.95,25.76,11665
-408.82,25.91,11676
-412.13,25.91,11688
-416.68,25.93,11700
-413.59,25.89,11712
-409.50,25.93,11723
-411.55,26.06,11736
-414.81,26.22,11747
-411.28,26.22,11759
-409.61,26.05,11770
-411.29,26.14,11783
-414.98,26.05,11794
-412.93,25.91,11806
-409.08,25.88,11817
-411.67,25.65,11829
-415.01,25.76,11841
-413.46,25.79,11852
-411.18,25.79,11865
-410.43,25.95,11876
-412.14,26.26,11888
-415.81,26.50,11899
-412.93,26.37,11912
-408.39,26.38,11923
-411.52,26.24,11935
-414.95,26.09,11947
-413.96,25.99,11959
-411.71,25.70,11970
-410.88,25.78,11982
-412.01,25.76,11994
-414.70,25.88,12005
-413.84,25.91,12017
-409.12,26.14,12028
-411.00,26.44,12041
-414.59,26.25,12052
-413.34,26.08,12064
-411.02,25.92,12076
-409.46,25.68,12088
-413.68,25.62,12099
-416.70,25.74,12111
-411.59,25.96,12123
-409.56,26.13,12135
-412.92,26.42,12146
-413.79,26.41,12158
-410.96,26.36,12170
-408.32,26.27,12181
-413.78,26.09,12193
-414.90,25.87,12205
-411.21,25.54,12217
-410.89,25.33,12228
-411.43,25.41,12240
-415.08,25.64,12252
-414.62,26.04,12264
-408.14,26.15,12275
-409.21,26.27,12288
-415.09,26.51,12299
-413.83,26.38,12311
-412.12,26.27,12322
-410.71,26.05,12334
-410.83,25.88,12346
-416.19,25.97,12357
-413.86,25.73,12369
-409.21,25.77,12381
-411.92,25.88,12393
-412.54,25.94,12404
-414.05,26.04,12417
-411.87,26.01,12428
-409.08,26.07,12440
-412.96,26.22,12451
-414.05,26.14,12464
-411.44,25.81,12475
-410.66,25.67,12486
-411.02,25.75,12498
-413.65,25.71,12510
-415.35,25.90,12522
-411.14,26.04,12533
-413.42,26.23,12546
-412.77,26.49,12557
-412.19,26.39,12569
-411.04,26.20,12580
-410.57,25.90,12593
-413.60,25.77,12604
-413.67,25.74,12616
-411.35,25.60,12627
-411.14,25.70,12639
-412.19,25.63,12651
-415.08,25.97,12662
-411.61,26.13,12675
-409.08,26.20,12686
-413.30,26.36,12698
-413.45,26.21,12709
-412.22,26.27,12722
-412.75,26.03,12733
-410.88,25.79,12745
-412.11,25.85,12756
-414.98,25.57,12769
-412.73,25.76,12780
-409.20,25.96,12791
-412.03,26.11,12804
-414.66,26.19,12815
-412.60,26.18,12827
-409.46,26.11,12838
-410.50,25.95,12851
-413.46,25.94,12862
-414.24,25.66,12874
-412.56,25.66,12886
-411.31,25.88,12898
-412.08,25.93,12909
-414.90,25.92,12921
-410.55,26.17,12933
-411.05,26.30,12945
-414.01,26.39,12956
-413.04,26.60,12967
-410.95,26.02,12980
-411.81,25.85,12991
-411.88,26.01,13003
-414.22,25.48,13015
-414.82,25.72,13027
-409.43,25.75,13038
-410.18,25.84,13050
-415.94,26.25,13062
-413.47,26.24,13074
-410.00,26.17,13085
-411.10,26.21,13096
-412.98,26.14,13109
-413.61,25.99,13120
-413.63,25.84,13132
-410.53,25.60,13144
-410.76,25.71,13156
-414.46,25.95,13167
-414.41,25.88,13179
-409.71,26.10,13191
-409.47,26.10,13203
-413.70,26.05,13214
-413.71,26.13,13227
-411.82,25.97,13238
-410.32,25.79,13250
-411.15,25.82,13261
-414.77,25.75,13273
-413.49,25.68,13285
-410.44,25.89,13296
-411.34,25.89,13308
-413.78,26.14,13320
-412.01,26.25,13332
-410.43,26.14,13343
-412.04,26.32,13356
-414.25,26.38,13367
-412.59,26.18,13379
-410.83,25.95,13390
-411.63,25.68,13403
-413.02,25.78,13414
-413.80,25.65,13425
-411.55,25.80,13437
-410.45,25.94,13449
-413.19,26.23,13461
-413.81,26.37,13472
-411.96,26.11,13485
-411.09,26.11,13496
-411.68,26.20,13508
-413.06,26.18,13519
-413.29,25.84,13532
-410.98,25.88,13543
-410.91,25.83,13555
-413.41,25.83,13566
-413.65,26.08,13578
-411.70,26.02,13590
-410.37,26.19,13601
-412.30,26.19,13614
-413.13,25.93,13625
-411.18,25.98,13637
-410.83,25.77,13648
-412.30,25.78,13661
-413.28,25.82,13672
-414.32,25.85,13684
-411.40,25.80,13696
-410.79,26.05,13708
-412.85,26.26,13719
-411.30,26.21,13731
-411.81,26.29,13743
-411.34,25.95,13754
-413.45,26.01,13766
-413.67,26.09,13777
-409.94,25.87,13790
-411.65,25.96,13801
-414.23,25.93,13813
-413.16,25.70,13825
-412.13,25.88,13837
-410.18,26.00,13848
-411.92,26.00,13860
-414.62,26.26,13872
-411.55,26.17,13883
-410.58,26.05,13895
-413.09,26.13,13906
-413.45,25.84,13919
-413.80,25.62,13930
-411.88,25.69,13942
-409.96,25.72,13954
-412.94,25.99,13966
-414.17,26.31,13977
-411.62,26.31,13989
-410.46,26.38,14001
-412.60,26.24,14013
-414.05,25.94,14024
-413.25,25.68,14035
-410.97,25.54,14048
-411.33,25.70,14059
-413.78,25.82,14071
-413.66,25.93,14083
-412.47,26.05,14095
-411.15,26.41,14106
-414.17,26.40,14118
-413.78,26.22,14130
-409.95,26.22,14142
-411.16,25.96,14153
-413.65,25.91,14166
-413.52,26.27,14177
-412.66,25.83,14188
-410.77,25.93,14200
-411.21,25.80,14212
-413.31,25.80,14224
-412.18,25.93,14235
-411.07,25.99,14247
-411.08,26.05,14259
-412.96,26.14,14271
-413.96,26.02,14282
-411.99,25.83,14295
-411.39,25.84,14306
-412.18,25.89,14318
-412.04,25.82,14329
-414.01,26.04,14341
-411.80,26.08,14353
-409.64,26.14,14364
-413.92,26.25,14376
-413.15,26.16,14388
-410.12,26.19,14400
-411.67,26.03,14411
-410.60,25.76,14424
-412.30,25.67,14435
-413.09,25.65,14447
-410.35,25.82,14458
-411.84,25.98,14471
-413.21,26.05,14482
-412.50,26.13,14494
-409.74,25.94,14505
-412.48,26.22,14517
-414.67,26.18,14529
-410.90,26.29,14540
-411.26,26.11,14553
-412.59,25.98,14564
-412.69,25.84,14576
-413.14,25.81,14587
-411.84,25.97,14600
-411.20,26.15,14611
-412.80,26.13,14623
-413.76,25.96,14635
-411.83,25.96,14647
-409.83,26.18,14658
-411.88,26.13,14669
-413.42,26.20,14682
-413.04,26.01,14693
-411.27,25.76,14705
-410.97,25.80,14716
-413.35,25.87,14729
-414.05,26.03,14740
-411.84,26.22,14752
-410.24,26.32,14764
-411.84,26.23,14776
-415.20,26.31,14787
-412.09,26.22,14799
-410.42,26.18,14811
-412.91,25.95,14822
-413.27,25.70,14834
-413.36,25.57,14845
-412.17,25.73,14858
-410.26,25.73,14869
-413.43,26.03,14881
-414.50,26.00,14893
-409.75,26.05,14905
-411.78,26.34,14916
-413.69,26.23,14928
-413.98,26.29,14940
-410.17,26.14,14952
-411.04,25.99,14963
-413.72,25.83,14974
-414.14,25.78,14987
-413.50,25.72,14998
-409.13,25.88,15010
-411.17,26.19,15022
-415.42,26.21,15034
-412.20,26.16,15045
-409.71,26.15,15057
-412.01,25.87,15069
-414.26,26.04,15081
-414.63,25.88,15092
-411.80,25.64,15105
-409.54,25.72,15116
-413.34,25.78,15127
-415.57,25.99,15139
-411.81,26.20,15151
-410.03,26.36,15163
-410.64,26.36,15174
-413.62,26.30,15186
-415.32,26.18,15198
-410.19,25.84,15210
-409.73,25.82,15221
-414.50,25.66,15234
-414.83,25.57,15245
-412.62,25.66,15257
-410.45,25.81,15268
-411.52,26.13,15280
-413.80,26.38,15292
-409.39,26.39,15303
-410.00,26.44,15315
-413.42,26.32,15327
-414.57,26.03,15339
-413.90,25.73,15350
-410.03,25.75,15363
-411.52,25.82,15374
-415.12,25.93,15386
-413.25,26.02,15397
-409.71,26.03,15410
-409.58,26.37,15421
-413.71,26.40,15432
-414.57,26.20,15444
-410.42,26.20,15456
-409.98,25.88,15468
-412.81,25.85,15479
-414.75,25.87,15492
-415.22,25.91,15503
-409.67,25.66,15515
-409.31,25.89,15526
-415.27,26.02,15539
-414.25,25.96,15550
-411.47,26.32,15562
-409.52,26.41,15574
-410.22,26.62,15585
-415.52,26.60,15597
-413.63,25.86,15608
-409.16,25.69,15621
-410.26,25.60,15632
-413.16,25.65,15644
-415.27,25.79,15655
-412.15,25.94,15668
-408.84,26.14,15679
-414.89,26.37,15691
-412.88,26.44,15703
-410.60,26.20,15715
-410.00,26.06,15726
-413.80,25.87,15738
-415.79,25.72,15750
-411.67,25.76,15761
-409.87,25.69,15773
-412.49,25.82,15784
-413.62,26.17,15797
-413.57,26.20,15808
-410.74,26.40,15820
-409.74,26.45,15832
-414.18,26.41,15844
-415.11,25.66,15855
-410.37,26.36,15867
-410.60,25.12,15879
-411.82,25.84,15891
-416.07,25.81,15902
-413.59,25.23,15913
-409.19,26.15,15926
-411.48,26.18,15937
-412.88,26.36,15949
-414.97,27.39,15961
-413.24,25.94,15973
-406.37,26.51,15984
-413.72,25.80,15996
-416.75,25.62,16008
-410.84,25.70,16020
-411.26,25.43,16031
-411.45,25.63,16044
-414.01,25.81,16055
-415.56,26.31,16066
-408.43,26.36,16078
-414.31,26.70,16090
-414.29,26.44,16102
-410.95,25.83,16113
-409.93,25.93,16125
-411.16,25.35,16137
-415.77,26.01,16149
-414.17,25.61,16160
-409.84,25.72,16173
-411.18,26.29,16184
-413.82,26.13,16196
-415.24,26.62,16207
-411.33,26.50,16219
-407.41,26.45,16231
-413.00,26.23,16242
-416.33,25.96,16254
-412.35,25.27,16266
-409.82,25.29,16278
-411.37,25.46,16289
-415.72,25.53,16302
-415.53,26.00,16313
-411.08,25.83,16325
-408.05,26.34,16336
-411.65,26.76,16349
-416.41,26.62,16360
-413.10,26.61,16371
-407.81,25.92,16384
-410.39,25.64,16395
-417.00,25.54,16407
-415.45,25.43,16418
-410.18,25.56,16431
-409.64,25.97,16442
-412.71,26.24,16454
-415.21,26.43,16465
-408.33,26.44,16478
-410.45,26.75,16489
-415.19,25.86,16501
-414.85,26.41,16513
-410.75,25.27,16524
-408.83,25.37,16536
-413.66,25.69,16547
-416.22,25.82,16560
-411.81,26.19,16571
-409.92,26.52,16583
-411.37,26.06,16594
-412.80,26.83,16607
-416.18,26.37,16618
-409.35,26.25,16630
-409.72,26.14,16642
-415.14,25.25,16654
-413.47,25.69,16665
-412.03,25.28,16676
-410.38,25.37,16689
-412.60,26.08,16700
-414.18,26.06,16712
-413.02,26.37,16723
-409.05,26.78,16736
-408.12,26.62,16747
-414.05,26.51,16759
-414.91,26.01,16771
-409.82,25.49,16783
-410.66,25.27,16794
-414.17,25.66,16806
-414.01,25.67,16818
-414.13,26.18,16829
-410.59,26.29,16841
-409.65,26.21,16852
-413.17,26.65,16865
-409.81,26.36,16876
-410.22,26.21,16888
-413.93,26.18,16900
-414.81,25.60,16912
-412.47,25.52,16923
-410.06,25.34,16935
-412.21,25.50,16947
-413.92,25.97,16959
-413.46,26.21,16970
-410.39,26.49,16983
-409.59,26.80,16994
-413.64,26.69,17005
-414.54,26.44,17017
-411.22,26.21,17029
-410.22,25.55,17041
-413.19,25.51,17052
-413.60,25.46,17064
-413.81,25.42,17076
-410.93,25.72,17088
-408.94,26.00,17099
-413.52,26.31,17112
-414.65,26.50,17123
-409.93,26.36,17135
-409.96,26.36,17146
-412.46,26.27,17158
-413.92,25.80,17170
-413.30,25.68,17181
-410.49,25.61,17193
-411.25,25.62,17205
-414.13,26.06,17217
-413.98,26.01,17228
-411.11,26.30,17241
-412.61,26.60,17252
-414.79,26.42,17264
-411.71,26.28,17275
-410.52,25.86,17288
-410.97,25.48,17299
-413.65,25.74,17310
-414.88,25.90,17323
-411.61,25.58,17334
-410.23,25.78,17346
-413.06,25.93,17357
-415.23,26.31,17370
-412.03,26.34,17381
-409.19,26.80,17393
-411.17,26.05,17404
-412.15,26.72,17417
-414.36,25.91,17428
-411.03,25.53,17440
-408.46,25.65,17452
-412.98,25.40,17463
-414.95,25.58,17475
-413.35,25.86,17486
-411.10,25.60,17499
-409.51,26.52,17510
-412.83,26.55,17522
-414.97,26.56,17533
-410.41,26.37,17546
-410.63,25.99,17557
-413.24,25.56,17569
-414.35,25.66,17581
-414.59,25.40,17593
-410.33,25.61,17604
-411.12,26.26,17615
-415.66,26.16,17628
-413.16,26.71,17639
-410.49,26.62,17651
-412.32,26.43,17662
-413.64,26.48,17675
-411.99,25.75,17686
-411.21,25.62,17698
-411.69,25.50,17710
-414.21,25.37,17722
-413.69,25.78,17733
-410.25,25.95,17745
-410.99,26.19,17757
-414.04,26.30,17768
-413.10,26.64,17780
-411.42,26.31,17792
-410.95,26.38,17804
-411.04,26.14,17815
-413.79,25.72,17827
-414.06,25.69,17839
-411.18,25.47,17851
-411.55,25.85,17862
-413.06,26.04,17874
-413.93,26.19,17886
-411.73,26.48,17898
-409.47,26.35,17909
-412.16,26.52,17921
-413.61,26.37,17933
-411.48,26.01,17944
-411.30,25.66,17956
-411.33,25.46,17968
-412.80,25.50,17980
-415.12,25.78,17991
-411.43,26.14,18003
-409.62,26.26,18015
-413.91,26.65,18027
-411.79,26.57,18038
-411.68,26.33,18051
-410.42,26.34,18062
-413.33,25.91,18073
-412.61,25.75,18085
-411.59,25.47,18097
-412.78,25.30,18109
-413.18,25.31,18120
-413.76,25.73,18132
-411.30,26.13,18144
-411.53,26.65,18156
-413.14,26.75,18167
-411.34,26.51,18180
-411.70,26.47,18191
-412.48,26.02,18203
-411.92,25.44,18214
-413.36,25.60,18226
-413.51,25.28,18238
-411.20,25.55,18249
-411.87,26.00,18262
-412.59,26.04,18273
-411.76,26.27,18285
-411.81,26.34,18296
-410.27,26.15,18309
-412.50,26.33,18320
-414.68,25.95,18332
-411.37,25.73,18343
-410.87,25.85,18356
-413.30,25.48,18367
-413.16,25.59,18379
-413.45,25.88,18391
-412.07,25.96,18402
-409.57,26.34,18414
-413.93,26.67,18425
-409.95,26.57,18438
-411.04,26.39,18449
-411.88,26.15,18461
-412.59,25.80,18472
-414.84,25.56,18485
-411.03,25.25,18496
-411.46,25.11,18508
-415.25,25.63,18520
-414.10,25.97,18532
-412.17,26.45,18543
-410.34,26.82,18554
-411.40,26.68,18567
-413.37,26.48,18578
-411.36,26.01,18590
-411.51,25.72,18601
-411.50,25.59,18614
-413.37,25.56,18625
-414.32,25.62,18637
-410.55,25.72,18649
-410.27,26.11,18661
-413.06,26.22,18672
-412.91,26.43,18684
-411.78,26.51,18696
-409.69,26.38,18707
-410.71,26.26,18719
-414.21,25.93,18731
-413.33,25.60,18743
-411.23,25.44,18754
-411.25,25.38,18766
-412.57,25.63,18778
-413.93,25.93,18790
-412.25,26.47,18801
-410.24,26.60,18813
-412.32,26.57,18825
-411.57,26.58,18837
-411.19,26.18,18848
-410.94,25.97,18860
-413.52,25.59,18872
-414.77,25.40,18883
-411.08,25.45,18895
-409.47,25.66,18907
-413.56,26.04,18919
-414.04,26.17,18930
-411.77,26.51,18942
-410.76,26.43,18954
-410.87,26.48,18966
-413.68,26.41,18977
-413.14,25.86,18990
-411.31,25.95,19001
-411.33,25.69,19012
-412.48,25.67,19024
-414.17,25.64,19036
-412.74,25.71,19048
-410.00,26.09,19059
-411.92,26.22,19072
-414.71,26.43,19083
-411.83,26.35,19095
-409.94,26.19,19106
-411.83,26.02,19119
-412.70,25.75,19130
-414.29,25.67,19142
-412.87,25.28,19153
-409.75,25.75,19165
-412.27,26.16,19177
-414.72,26.19,19188
-413.09,26.51,19201
-410.11,26.33,19212
-412.64,26.45,19224
-413.91,26.49,19235
-412.42,26.19,19248
-409.86,25.85,19259
-412.18,25.74,19271
-413.77,25.64,19282
-413.85,25.82,19295
-412.64,25.81,19306
-409.56,25.77,19317
-412.56,26.16,19330
-414.08,26.35,19341
-410.23,26.24,19353
-411.57,26.44,19364
-411.81,26.20,19377
-411.81,26.19,19388
-414.94,25.90,19400
-410.50,25.63,19411
-411.26,25.62,19424
-414.37,25.83,19435
-412.38,25.97,19447
-411.98,26.10,19459
-411.39,26.34,19471
-409.99,26.24,19482
-413.21,26.27,19493
-412.76,26.19,19506
-410.61,25.88,19517
-411.69,25.76,19529
-412.78,25.61,19540
-413.65,25.54,19553
-412.26,25.70,19564
-410.29,26.07,19576
-412.98,26.25,19588
-414.25,26.56,19600
-410.96,26.48,19611
-410.88,26.38,19623
-411.93,26.29,19635
-414.14,25.90,19646
-411.04,25.68,19658
-409.78,25.70,19670
-414.68,25.76,19682
-413.75,25.58,19693
-411.33,25.79,19705
-411.17,26.13,19717
-411.74,26.24,19729
-414.07,26.51,19740
-412.59,26.37,19752
-409.93,26.18,19764
-411.43,26.03,19776
-413.75,25.70,19787
-414.00,25.91,19799
-412.53,25.72,19811
-410.41,25.59,19822
-413.50,26.15,19834
-415.01,25.58,19846
-411.49,26.50,19858
-410.81,26.62,19869
-409.63,26.34,19881
-412.95,26.53,19893
-415.01,25.60,19905
-409.69,25.57,19916
-411.66,25.62,19929
-413.57,25.68,19940
-413.71,25.69,19951
-412.99,25.73,19963
-411.28,26.10,19975
-410.87,26.21,19987
-414.79,26.67,19998
-409.70,26.35,20011
-411.09,26.47,20022
-414.72,26.36,20034
-412.59,25.92,20045
-412.12,25.90,20058
-411.33,25.29,20069
-411.11,25.57,20081
-415.46,25.55,20092
-412.94,25.74,20104
-410.18,26.21,20116
-411.92,26.24,20127
-413.04,26.67,20140
-412.96,26.45,20151
-411.41,26.32,20163
-410.08,25.82,20174
-412.05,25.81,20187
-414.74,25.53,20198
-413.87,25.63,20210
-411.22,26.06,20221
-411.14,25.96,20234
-413.75,26.42,20245
-414.55,26.49,20256
-409.75,26.25,20269
-409.94,26.56,20280
-412.85,26.17,20292
-411.86,25.96,20303
-413.41,25.55,20316
-410.83,25.45,20327
-409.74,25.44,20339
-415.69,25.66,20350
-414.68,25.89,20363
-410.15,26.16,20374
-411.07,26.57,20386
-414.27,26.53,20398
-412.19,26.55,20409
-409.17,26.26,20421
-411.27,25.84,20432
-413.47,25.81,20445
-414.53,25.49,20456
-412.34,25.36,20468
-408.70,25.69,20480
-412.75,25.94,20492
-415.87,26.48,20503
-411.10,26.60,20515
-408.91,26.42,20527
-411.24,26.18,20539
-412.60,26.15,20550
-415.15,25.74,20562
-412.18,25.62,20574
-408.97,25.68,20585
-413.36,25.65,20597
-416.85,26.00,20609
-412.50,26.34,20621
-409.00,26.45,20632
-410.73,26.65,20644
-412.67,26.48,20656
-414.35,26.15,20668
-410.89,25.92,20679
-408.12,25.78,20691
-412.95,25.62,20703
-415.92,25.63,20715
-413.45,25.50,20726
-408.74,25.70,20738
-410.32,25.89,20750
-415.82,26.13,20761
-413.54,26.32,20773
-409.30,26.32,20785
-412.46,26.38,20797
-414.80,26.26,20808
-414.08,25.96,20820
-407.62,25.65,20832
-411.29,25.82,20844
-417.41,26.14,20855
-412.51,25.94,20868
-410.23,26.06,20879
-409.65,25.99,20890
-412.17,26.24,20902
-416.29,26.34,20914
-410.64,26.00,20926
-408.08,25.80,20937
-412.59,25.75,20950
-414.72,25.96,20961
-414.47,25.75,20973
-410.17,25.83,20984
-408.45,25.95,20997
-414.73,26.01,21008
-415.58,26.61,21020
-410.51,26.24,21031
-409.64,26.47,21043
-412.23,26.17,21055
-414.66,25.99,21066
-414.09,25.75,21079
-409.48,25.55,21090
-409.31,25.97,21102
-414.48,25.80,21113
-415.44,25.81,21126
-409.00,26.03,21137
-409.14,25.79,21149
-413.75,26.51,21160
-413.77,26.29,21173
-409.02,26.24,21184
-410.49,26.10,21195
-415.46,25.66,21208
-414.66,25.67,21219
-411.22,25.82,21231
-409.36,26.03,21242
-412.81,26.26,21255
-414.05,26.53,21266
-410.35,26.26,21278
-409.12,26.36,21289
-410.87,26.48,21302
-414.63,26.05,21313
-414.70,26.00,21325
-410.08,25.46,21337
-409.76,25.34,21348
-415.33,25.75,21360
-415.30,25.80,21371
-410.04,26.17,21384
-409.41,26.36,21395
-411.79,26.25,21407
-414.35,26.19,21419
-414.21,26.01,21431
-409.51,25.92,21442
-408.63,26.00,21454
-413.98,26.14,21466
-415.55,25.76,21478
-411.41,25.72,21489
-409.01,25.74,21500
-412.87,26.00,21513
-414.72,26.49,21524
-412.26,26.39,21536
-409.82,26.26,21548
-409.89,26.19,21560
-416.17,25.98,21571
-411.50,25.79,21583
-409.04,25.60,21595
-413.42,25.56,21607
-414.63,25.91,21618
-413.51,25.91,21630
-411.10,26.21,21642
-409.55,26.33,21654
-413.18,26.61,21665
-414.46,26.30,21677
-410.98,26.50,21689
-410.66,25.88,21700
-412.51,25.70,21712
-414.18,25.62,21724
-413.86,25.47,21736
-409.85,25.72,21747
-411.05,25.88,21760
-413.69,25.99,21771
-412.69,26.44,21783
-411.91,26.23,21794
-409.56,26.34,21807
-410.64,26.49,21818
-414.88,26.11,21829
-412.66,26.00,21841
-409.66,25.66,21853
-412.19,25.76,21865
-412.87,25.71,21876
-414.88,26.00,21889
-411.93,26.07,21900
-409.33,26.30,21912
-412.99,26.56,21923
-414.32,26.33,21936
-411.15,26.22,21947
-410.40,25.98,21959
-413.50,25.81,21970
-415.88,25.71,21982
-410.99,25.52,21994
-409.43,25.70,22005
-413.70,25.77,22018
-413.96,26.08,22029
-412.02,26.42,22041
-410.12,26.46,22052
-410.86,26.55,22065
-413.30,26.41,22076
-412.58,26.09,22088
-411.67,26.03,22099
-411.84,25.74,22112
-412.30,25.51,22123
-414.63,25.74,22134
-413.37,25.84,22147
-409.57,26.06,22158
-411.46,26.28,22170
-413.66,26.30,22181
-412.28,26.29,22194
-411.48,26.36,22205
-410.85,26.17,22217
-411.77,26.04,22228
-413.97,25.88,22241
-412.35,25.56,22252
-411.59,25.78,22264
-412.90,25.88,22276
-413.66,25.85,22287
-413.10,26.21,22299
-410.07,26.32,22310
-411.47,26.45,22323
-413.58,26.39,22334
-412.01,26.21,22346
-410.76,25.88,22358
-411.91,25.55,22370
-414.34,25.63,22381
-412.19,25.54,22393
-410.63,25.80,22405
-412.23,25.98,22417
-413.76,26.19,22428
-413.09,26.40,22439
-410.99,26.19,22452
-411.22,26.41,22463
-413.09,26.16,22475
-413.80,25.86,22487
-412.08,25.77,22499
-411.00,25.66,22510
-412.72,25.72,22522
-414.15,25.65,22534
-412.68,25.83,22546
-410.64,26.08,22557
-411.72,26.37,22569
-413.23,26.56,22581
-413.75,26.39,22592
-410.74,26.39,22604
-409.46,25.92,22616
-413.13,25.80,22628
-414.73,25.64,22639
-413.00,25.60,22651
-410.94,25.43,22663
-412.39,25.78,22675
-413.37,25.81,22686
-412.78,26.36,22699
-411.49,26.58,22710
-410.66,26.57,22722
-412.34,26.48,22733
-413.64,26.09,22746
-411.18,25.78,22757
-412.47,25.74,22768
-412.92,25.60,22780
-413.27,25.52,22792
-409.48,25.63,22804
-410.35,25.99,22815
-413.91,25.99,22828
-412.52,26.44,22839
-411.28,26.32,22851
-410.45,26.31,22862
-411.29,26.32,22875
-413.20,26.08,22886
-412.55,25.79,22898
-411.44,25.54,22909
-412.35,25.40,22921
-412.46,25.48,22933
-413.51,25.99,22944
-411.84,26.24,22957
-410.15,26.51,22968
-411.70,26.63,22980
-413.20,26.33,22991
-411.03,26.34,23004
-410.41,25.91,23015
-412.89,25.62,23027
-413.12,25.52,23038
-413.02,25.27,23051
-412.69,25.67,23062
-410.85,25.90,23073
-412.30,26.40,23086
-412.95,26.59,23097
-410.10,26.51,23109
-410.56,26.36,23120
-412.46,26.04,23133
-412.51,26.02,23144
-410.58,25.56,23156
-411.46,25.53,23168
-413.77,25.44,23180
-414.03,25.37,23191
-412.09,25.99,23203
-410.93,26.08,23215
-411.99,26.44,23226
-412.82,26.60,23238
-411.37,26.60,23249
-409.88,26.78,23262
-412.56,26.16,23273
-413.88,25.98,23285
-412.31,25.44,23297
-412.05,25.22,23309
-412.49,25.44,23320
-413.76,25.55,23332
-413.99,26.00,23344
-411.06,26.44,23356
-408.24,26.70,23367
-411.29,26.91,23378
-413.50,26.51,23391
-412.90,26.07,23402
-410.93,25.66,23414
-411.95,25.56,23426
-414.33,25.44,23438
-414.77,25.62,23449
-412.69,25.83,23461
-410.57,26.12,23473
-411.05,26.64,23485
-414.06,26.51,23496
-413.05,26.52,23508
-408.58,26.40,23520
-409.88,25.89,23531
-414.26,25.62,23543
-411.33,25.38,23555
-410.08,25.38,23567
-413.02,25.72,23578
-414.89,25.87,23590
-413.17,26.02,23602
-409.37,26.27,23614
-409.90,26.57,23625
-414.44,26.65,23638
-414.67,26.60,23649
-409.58,26.03,23661
-409.31,25.64,23672
-413.94,25.50,23685
-415.60,25.37,23696
-412.94,25.58,23707
-409.72,25.78,23719
-409.77,26.06,23731
-413.88,26.34,23743
-415.11,26.40,23754
-409.60,26.39,23767
-408.58,26.26,23778
-414.01,26.16,23790
-414.81,25.85,23801
-411.79,25.64,23814
-410.24,25.77,23825
-411.26,25.78,23837
-414.87,26.06,23848
-415.33,26.00,23860
-409.12,26.14,23872
-408.14,26.50,23883
-413.75,26.53,23896
-415.79,26.35,23907
-412.25,26.08,23919
-410.99,25.87,23930
-415.77,25.86,23943
-415.68,25.62,23954
-410.87,25.38,23966
-409.36,25.45,23977
-412.89,25.94,23990
-416.33,26.38,24001
-411.82,26.47,24012
-407.68,26.55,24025
-411.98,26.35,24036
-414.18,26.35,24048
-413.94,26.01,24059
-411.93,25.47,24072
-408.62,25.65,24083
-413.84,25.64,24095
-417.04,25.71,24107
-410.91,25.93,24119
-408.17,26.03,24130
-411.74,26.32,24142
-414.64,26.29,24154
-413.52,26.27,24165
-408.83,26.07,24177
-409.14,25.95,24188
-414.57,26.00,24201
-416.35,25.66,24212
-411.30,25.47,24224
-408.70,25.54,24236
-412.20,26.02,24248
-415.22,26.36,24259
-414.26,26.33,24271
-409.44,26.49,24283
-408.45,26.46,24295
-414.07,26.39,24306
-415.71,26.06,24317
-409.10,25.72,24330
-413.46,25.36,24341
-416.54,25.32,24353
-412.47,25.54,24365
-409.58,25.72,24377
-410.83,26.17,24388
-414.43,26.54,24400
-415.30,26.63,24412
-410.75,26.52,24424
-408.15,26.23,24435
-412.50,26.06,24448
-415.91,25.87,24459
-412.88,25.70,24470
-409.86,25.64,24482
-410.32,25.72,24494
-414.87,26.13,24506
-415.09,26.21,24517
-409.63,26.41,24529
-409.37,26.39,24541
-412.35,26.21,24553
-415.57,26.13,24564
-413.33,25.86,24577
-408.23,25.86,24588
-410.88,25.76,24600
-415.74,25.66,24611
-414.23,25.63,24624
-410.38,25.67,24635
-409.15,26.08,24646
-412.04,26.43,24658
-415.97,26.60,24670
-412.96,26.57,24682
-407.94,26.36,24693
-411.16,26.13,24706
-413.65,25.78,24717
-410.83,25.54,24729
-410.56,25.50,24740
-412.61,25.55,24753
-415.44,26.03,24764
-412.26,26.06,24776
-408.88,26.26,24787
-411.65,26.26,24799
-413.72,26.26,24811
-413.59,26.23,24822
-411.18,25.86,24835
-410.43,25.86,24846
-413.54,25.79,24858
-415.05,25.77,24869
-411.32,25.83,24882
-409.07,25.91,24893
-412.83,26.09,24905
-413.79,26.18,24916
-412.93,26.29,24929
-409.56,26.33,24940
-409.23,26.11,24951
-414.47,25.96,24964
-413.42,25.71,24975
-410.86,25.71,24987
-410.73,25.70,24998
-411.40,25.76,25011
-414.27,25.95,25022
-412.01,25.95,25034
-409.66,26.15,25046
-412.16,26.46,25058
-413.48,26.56,25069
-412.50,26.37,25081
-410.86,26.04,25093
-410.22,25.76,25104
-414.76,25.57,25116
-411.33,25.56,25127
-410.69,25.75,25140
-411.90,25.87,25151
-412.72,26.11,25163
-413.75,26.01,25175
-410.40,26.10,25187
-409.81,26.27,25198
-413.60,26.24,25210
-414.26,26.08,25222
-411.39,25.72,25234
-410.41,25.67,25245
-411.81,25.64,25256
-414.68,25.94,25269
-412.36,26.02,25280
-408.97,26.01,25292
-411.17,26.25,25304
-413.24,26.27,25316
-414.09,26.34,25327
-412.01,26.27,25339
-409.26,26.05,25351
-412.80,25.87,25363
-415.24,25.60,25374
-412.85,25.36,25387
-410.93,25.52,25398
-411.51,25.73,25409
-413.25,25.99,25421
-413.76,26.31,25433
-411.59,26.41,25445
-409.12,26.30,25456
-412.45,26.44,25468
-414.82,26.17,25480
-411.86,25.82,25492
-412.56,25.96,25503
-414.52,25.80,25516
-413.47,25.84,25527
-410.53,25.86,25539
-410.30,25.91,25550
-412.78,26.17,25562
-414.26,26.29,25574
-411.55,26.32,25585
-409.44,26.25,25597
-411.61,26.17,25609
-414.38,25.96,25621
-414.32,25.67,25632
-410.34,25.59,25645
-410.44,25.46,25656
-414.62,25.76,25668
-413.35,26.03,25679
-410.87,26.30,25692
-411.09,26.56,25703
-412.32,26.63,25714
-413.38,26.69,25726
-413.17,26.26,25738
-410.10,25.91,25750
-410.56,25.72,25761
-414.39,25.41,25774
-414.63,25.43,25785
-411.60,25.54,25797
-410.88,25.95,25808
-412.98,26.34,25821
-413.00,26.56,25832
-412.00,26.60,25844
-410.26,26.43,25856
-410.49,26.17,25867
-414.43,25.89,25879
-414.64,25.64,25890
-410.64,25.53,25903
-413.30,25.66,25914
-413.25,25.97,25926
-412.62,26.14,25937
-411.59,26.29,25950
-410.04,26.39,25961
-412.97,26.36,25973
-414.49,26.28,25985
-411.15,25.94,25997
-410.55,25.83,26008
-413.56,25.60,26019
-414.73,25.54,26032
-412.03,25.71,26043
-411.90,25.71,26055
-412.49,26.05,26066
-412.03,26.31,26079
-413.76,26.48,26090
-410.88,26.68,26102
-408.35,26.52,26114
-413.84,26.26,26126
-413.81,25.77,26137
-411.13,25.58,26149
-412.12,25.42,26161
-412.08,25.37,26172
-412.14,25.68,26184
-413.96,25.81,26195
-411.71,26.09,26208
-410.43,26.22,26219
-413.29,26.20,26231
-413.15,26.14,26243
-411.86,26.09,26255
-411.26,25.96,26266
-412.58,25.86,26278
-412.73,25.79,26290
-411.46,25.83,26302
-412.55,25.94,26313
-411.72,26.15,26326
-413.91,26.23,26337
-413.27,26.47,26348
-409.49,26.40,26360
-412.56,26.17,26372
-414.85,26.12,26384
-410.76,25.80,26395
-411.46,25.70,26407
-412.69,25.53,26419
-411.55,25.63,26431
-413.20,25.91,26442
-412.10,26.07,26455
-410.67,26.31,26466
-412.87,26.44,26478
-412.80,26.54,26489
-411.22,26.50,26501
-410.16,26.23,26513
-412.34,26.08,26524
-413.98,25.84,26536
-412.39,25.80,26548
-410.52,25.84,26560
-411.26,25.87,26571
-412.42,26.17,26584
-412.60,26.03,26595
-412.08,26.08,26607
-410.28,26.25,26618
-411.67,26.06,26631
-414.01,26.14,26642
-412.39,26.09,26653
-410.94,26.00,26665
-412.13,26.00,26677
-412.40,26.02,26689
-412.21,25.87,26700
-411.11,26.03,26713
-410.60,26.31,26724
-414.43,26.20,26736
-412.75,26.39,26747
-409.41,26.31,26760
-412.84,26.21,26771
-413.89,26.13,26783
-412.69,25.79,26795
-412.02,25.58,26806
-410.68,25.55,26818
-412.92,25.81,26829
-413.95,25.99,26842
-412.33,26.10,26853
-410.16,26.51,26865
-410.94,26.40,26876
-414.58,26.39,26889
-413.10,26.20,26900
-409.57,25.90,26912
-411.91,25.98,26924
-413.48,25.86,26936
-413.86,25.87,26947
-412.23,25.86,26958
-409.95,26.02,26971
-412.61,26.34,26982
-414.16,26.37,26994
-411.61,26.27,27005
-410.24,26.15,27018
-411.07,26.04,27029
-413.16,25.94,27041
-414.09,25.84,27053
-410.43,25.69,27065
-413.13,25.50,27076
-413.72,25.84,27088
-413.08,26.02,27100
-410.92,26.27,27111
-410.76,26.56,27123
-413.12,26.38,27134
-412.41,26.45,27147
-410.74,26.36,27158
-411.45,25.92,27170
-413.10,25.63,27182
-413.97,25.40,27194
-411.80,25.38,27205
-410.11,25.67,27217
-412.94,26.09,27229
-413.51,26.44,27241
-412.11,26.53,27252
-411.18,26.46,27264
-410.52,26.23,27276
-413.11,26.16,27287
-414.25,25.77,27299
-411.71,25.51,27311
-410.90,25.72,27323
-411.95,25.85,27334
-413.43,26.08,27346
-413.16,26.04,27358
-410.39,26.13,27370
-411.25,26.33,27381
-413.62,26.26,27394
-413.92,26.15,27405
-411.56,25.86,27416
-410.25,25.69,27428
-412.52,25.53,27440
-414.35,25.69,27452
-413.34,25.77,27463
-410.65,25.86,27475
-413.16,26.18,27487
-414.04,26.31,27499
-411.09,26.47,27510
-409.75,26.59,27523
-412.42,26.36,27534
-414.28,26.12,27546
-412.21,25.72,27557
-410.23,25.51,27569
-411.31,25.45,27581
-413.37,25.83,27592
-414.20,26.05,27604
-411.68,26.04,27616
-408.81,26.25,27628
-411.86,26.24,27639
-414.38,26.16,27652
-412.35,26.14,27663
-410.54,25.88,27675
-411.54,25.96,27686
-413.81,26.03,27699
-414.04,25.93,27710
-410.96,25.98,27721
-409.54,26.02,27734
-412.47,26.10,27745
-414.26,26.12,27757
-412.14,26.16,27768
-407.89,26.19,27781
-410.27,26.24,27792
-414.93,26.19,27804
-413.77,25.79,27815
-410.62,25.81,27828
-409.93,25.73,27839
-412.97,25.83,27851
-411.84,26.01,27863
-409.90,26.03,27874
-411.14,26.33,27886
-414.94,26.42,27897
-414.02,26.11,27910
-409.09,26.03,27921
-410.60,26.09,27933
-414.47,26.03,27944
-414.02,25.97,27957
-412.58,26.05,27968
-409.14,25.97,27980
-411.83,26.07,27992
-416.04,26.10,28004
-412.72,25.77,28015
-409.78,25.99,28027
-411.08,26.09,28039
-414.10,26.09,28050
-415.45,26.12,28062
-410.50,25.93,28073
-409.27,25.94,28086
-414.62,25.96,28097
-415.38,26.04,28109
-412.06,25.96,28121
-410.27,26.09,28133
-410.20,26.36,28144
-414.24,26.22,28156
-415.40,26.17,28168
-408.31,26.12,28180
-409.07,26.18,28191
-413.74,26.14,28203
-413.88,25.69,28215
-413.37,25.51,28226
-409.87,25.46,28238
-410.72,25.73,28250
-413.94,25.95,28262
-409.68,26.04,28273
-410.12,26.32,28285
-413.73,26.30,28297
-414.93,26.22,28309
-411.05,26.06,28320
-409.31,25.92,28333
-412.21,26.08,28344
-415.33,25.86,28355
-412.82,25.83,28367
-409.11,25.73,28379
-410.39,25.92,28391
-414.24,26.14,28402
-414.30,26.03,28414
-410.07,25.97,28426
-408.42,25.96,28438
-411.82,26.07,28449
-414.49,26.09,28462
-413.90,25.93,28473
-410.08,25.81,28485
-409.93,25.77,28496
-414.38,25.89,28508
-415.50,25.99,28520
-411.33,26.13,28531
-409.20,26.26,28544
-411.20,26.22,28555
-414.47,26.27,28567
-413.24,26.11,28578
-408.99,25.83,28591
-410.78,25.98,28602
-414.57,25.73,28614
-413.65,25.63,28625
-411.04,25.81,28638
-412.18,26.01,28649
-415.20,26.22,28660
-413.50,26.31,28673
-408.51,26.27,28684
-410.62,26.18,28696
-414.81,26.23,28707
-414.06,26.04,28720
-410.42,25.85,28731
-410.05,26.00,28743
-412.19,25.93,28754
-414.33,26.06,28767
-412.51,26.07,28778
-409.09,26.04,28790
-409.97,26.06,28802
-414.40,26.02,28813
-413.99,26.21,28825
-409.37,25.98,28836
-410.36,25.86,28849
-414.01,26.00,28860
-413.54,25.92,28872
-413.21,25.75,28883
-410.49,25.70,28896
-411.24,26.06,28907
-415.53,26.10,28919
-413.25,26.12,28931
-409.50,26.30,28943
-411.40,26.16,28954
-414.07,26.18,28965
-414.02,26.09,28978
-411.76,25.87,28989
-409.90,25.93,29001
-411.62,25.92,29012
-414.44,25.86,29025
-413.33,25.83,29036
-410.39,26.04,29048
-413.79,26.13,29060
-414.67,26.13,29072
-410.85,26.23,29083
-409.94,26.10,29095
-413.58,26.09,29107
-414.53,26.09,29118
-412.49,25.98,29130
-409.86,26.05,29142
-410.21,25.98,29154
-415.25,26.08,29165
-413.79,25.97,29177
-410.05,26.00,29189
-411.12,26.08,29201
-412.08,26.11,29212
-414.45,26.12,29224
-412.80,25.96,29236
-408.67,26.00,29248
-411.83,25.83,29259
-415.47,25.84,29272
-412.76,25.93,29283
-410.20,25.81,29294
-410.78,25.94,29306
-412.99,26.04,29318
-415.12,26.28,29330
-411.01,26.38,29341
-408.50,26.33,29353
-413.84,26.24,29365
-414.77,25.86,29377
-412.82,25.56,29388
-409.98,25.72,29401
-408.65,25.90,29412
-415.19,25.93,29424
-408.92,25.78,29435
-410.40,26.03,29447
-412.66,26.19,29459
-414.72,26.24,29470
-413.55,26.22,29483
-408.67,25.95,29494
-411.21,25.94,29506
-415.86,25.97,29517
-414.45,25.98,29530
-410.20,26.02,29541
-409.47,26.16,29553
-412.72,26.14,29564
-415.83,26.14,29577
-412.93,26.13,29588
-408.07,26.09,29599
-411.04,26.06,29612
-415.14,26.12,29623
-414.05,25.79,29635
-410.69,25.72,29646
-408.98,25.80,29659
-413.94,25.87,29670
-416.24,25.87,29682
-410.85,25.80,29693
-409.01,26.05,29706
-411.42,26.20,29717
-414.32,26.27,29729
-413.89,26.07,29741
-408.97,25.84,29752
-409.50,25.96,29764
-414.06,25.89,29775
-415.36,25.89,29788
-411.74,25.89,29799
-409.12,26.07,29811
-411.80,26.20,29822
-413.92,25.79,29835
-410.79,25.79,29846
-409.16,25.80,29858
-414.28,25.97,29870
-416.05,26.18,29882
-410.65,25.95,29893
-409.51,25.78,29904
-411.98,25.84,29917
-414.86,26.03,29928
-415.09,26.07,29940
-409.60,25.97,29952
-409.79,26.09,29964
-414.50,26.20,29975
-414.45,26.22,29987
-411.20,25.97,29999
-409.79,25.99,30011
-411.82,26.08,30022
-414.84,25.83,30034
-413.15,25.77,30046
-410.01,25.73,30057
-411.42,25.92,30069
-413.92,26.19,30081
-413.28,26.17,30093
-411.05,26.13,30104
-409.55,26.06,30116
-411.86,26.11,30128
-414.50,25.96,30140
-412.39,25.99,30151
-410.85,25.99,30163
-412.22,25.92,30175
-413.27,26.22,30187
-414.23,26.05,30198
-411.94,26.01,30210
-413.53,26.06,30222
-413.79,25.94,30233
-411.32,25.90,30245
-411.11,25.88,30257
-412.49,25.84,30269
-414.17,25.71,30280
-413.31,25.72,30292
-409.71,25.84,30304
-410.62,26.07,30316
-413.97,26.32,30327
-414.12,26.12,30340
-411.97,26.06,30351
-409.79,26.21,30362
-411.82,26.21,30374
-415.34,26.27,30386
-412.81,25.96,30398
-409.93,25.76,30409
-411.11,25.78,30422
-413.99,25.84,30433
-414.34,25.81,30445
-410.88,26.22,30456
-409.52,25.90,30469
-411.42,26.40,30480
-415.28,26.20,30492
-413.54,25.95,30503
-409.06,26.18,30515
-412.37,25.86,30527
-413.15,25.89,30538
-414.54,25.96,30551
-413.91,25.89,30562
-408.07,26.12,30574
-413.17,26.31,30585
-415.96,26.18,30598
-410.46,26.09,30609
-411.13,26.03,30621
-413.08,26.05,30632
-415.84,26.02,30645
-409.40,25.75,30656
-410.11,25.67,30667
-413.89,25.80,30680
-413.96,25.97,30691
-412.84,25.98,30703
-409.89,26.03,30714
-410.25,26.38,30727
-414.80,26.18,30738
-413.44,26.14,30750
-409.89,26.12,30761
-411.03,25.83,30774
-413.35,25.95,30785
-415.43,25.78,30797
-412.20,25.72,30809
-409.25,25.88,30821
-414.02,25.95,30832
-414.06,26.12,30843
-412.32,26.00,30856
-410.75,26.31,30867
-409.95,26.30,30879
-414.67,25.90,30891
-414.26,25.87,30903
-409.89,25.57,30914
-410.24,25.84,30926
-413.28,26.08,30938
-414.96,26.10,30950
-412.86,26.16,30961
-409.75,26.14,30973
-410.67,26.33,30985
-414.28,26.17,30996
-410.43,26.05,31008
-408.38,25.86,31020
-413.33,25.92,31032
-414.62,25.95,31043
-412.25,25.65,31055
-410.37,25.72,31067
-409.79,25.77,31079
-414.39,26.17,31090
-414.62,26.12,31102
-410.40,26.04,31114
-410.95,26.35,31126
-413.07,26.36,31137
-413.77,26.28,31149
-412.21,26.10,31161
-409.43,25.87,31172
-412.24,25.61,31184
-415.80,25.84,31196
-412.70,26.19,31208
-409.44,26.07,31219
-411.37,26.20,31232
-413.01,26.00,31243
-412.77,25.76,31255
-412.30,25.86,31266
-410.78,25.67,31279
-412.44,25.89,31290
-415.19,25.95,31301
-413.06,25.84,31313
-410.97,25.95,31325
-412.16,25.94,31337
-413.17,26.11,31348
-413.27,26.19,31361
-411.02,26.27,31372
-409.97,26.31,31384
-414.05,26.16,31395
-412.03,26.08,31408
-409.50,25.74,31419
-411.03,25.94,31431
-414.68,26.10,31442
-413.13,25.91,31454
-411.16,25.92,31466
-412.10,25.86,31477
-412.03,25.98,31490
-413.30,26.33,31501
-412.78,26.20,31513
-408.90,26.25,31524
-411.81,25.71,31537
-414.30,26.51,31548
-410.18,25.48,31560
-411.42,26.58,31571
-414.19,25.74,31584
-411.22,25.74,31595
-412.26,26.29,31607
-413.98,25.72,31619
-409.35,26.66,31630
-412.91,26.05,31642
-414.22,25.82,31653
-409.42,26.10,31666
-411.45,25.79,31677
-415.22,26.02,31689
-410.83,25.96,31700
-411.60,26.01,31713
-412.76,25.82,31724
-411.03,26.16,31736
-413.87,25.74,31748
-413.55,26.33,31760
-409.62,26.69,31771
-411.48,26.23,31782
-411.11,26.88,31795
-410.62,26.01,31806
-411.86,25.68,31818
-412.98,25.84,31830
-412.96,25.35,31842
-413.30,25.53,31853
-412.60,25.58,31865
-410.48,25.88,31877
-414.30,26.12,31889
-414.94,26.81,31900
-408.57,25.93,31912
-411.89,26.50,31924
-413.36,25.90,31935
-411.24,25.43,31947
-415.05,26.17,31959
-412.47,25.43,31971
-408.53,26.09,31982
-415.49,26.23,31994
-413.28,25.88,32006
-409.67,26.23,32018
-411.12,26.09,32029
-410.78,26.32,32041
-413.36,26.26,32053
-414.33,26.06,32065
-409.79,25.68,32076
-411.16,25.77,32088
-412.28,25.69,32100
-412.00,25.68,32111
-413.45,26.01,32123
-408.29,25.68,32135
-411.40,26.24,32147
-414.96,26.27,32158
-411.67,26.20,32171
-410.67,26.58,32182
-411.21,25.76,32194
-413.93,26.25,32205
-411.27,25.82,32218
-408.97,25.67,32229
-415.33,25.56,32240
-413.34,25.88,32252
-410.85,25.91,32264
-413.78,26.10,32276
-408.30,26.69,32287
-413.27,25.75,32300
-416.75,26.25,32311
-407.87,26.18,32323
-411.18,25.40,32334
-415.59,26.56,32347
-411.38,25.59,32358
-412.58,25.79,32370
-410.77,26.08,32381
-410.59,25.98,32394
-415.25,26.40,32405
-413.14,26.71,32416
-408.85,26.52,32429
-409.41,26.15,32440
-414.98,26.37,32452
-415.83,25.29,32463
-409.85,25.48,32476
-410.92,25.73,32487
-413.79,25.24,32499
-412.47,26.12,32510
-414.95,25.75,32523
-409.90,26.24,32534
-408.25,26.76,32546
-417.04,26.66,32558
-413.72,26.49,32569
-412.67,25.98,32581
-413.12,25.66,32592
-413.92,25.66,32605
-415.19,25.80,32616
-408.84,25.56,32628
-409.49,26.05,32640
-415.40,26.18,32652
-414.43,26.08,32663
-410.99,26.44,32675
-407.76,26.20,32687
-411.76,26.36,32699
-415.92,26.37,32710
-411.73,25.53,32721
-409.18,25.48,32734
-411.88,25.56,32745
-414.23,25.74,32757
-415.58,26.26,32769
-410.70,26.23,32781
-407.93,26.24,32792
-413.97,26.61,32804
-414.52,26.26,32816
-410.43,26.13,32828
-409.53,26.15,32839
-410.05,25.66,32851
-414.65,25.65,32863
-415.53,25.31,32874
-408.79,25.36,32886
-409.42,25.88,32898
-414.71,25.94,32910
-414.49,26.18,32921
-411.62,26.19,32933
-408.65,26.26,32945
-411.19,26.45,32957
-413.98,26.12,32968
-410.97,25.76,32980
