962130.00
8259.00
-411.87,26.50,1134
-411.49,26.74,1135
-411.07,26.52,1137
-412.37,26.57,1148
-413.63,26.57,1160
-411.89,26.11,1171
-411.87,26.27,1183
-412.36,26.22,1195
-410.60,26.31,1207
-415.19,26.58,1218
-414.24,26.33,1230
-406.79,26.65,1242
-411.77,26.79,1254
-415.14,26.63,1265
-412.64,26.63,1276
-410.78,26.16,1289
-409.61,26.29,1300
-414.21,26.21,1312
-416.01,26.11,1324
-408.79,26.28,1336
-409.04,26.39,1347
-414.23,26.38,1359
-413.49,26.57,1371
-411.98,26.57,1383
-410.80,26.58,1394
-411.06,26.54,1406
-413.19,26.45,1418
-413.87,26.15,1429
-411.95,26.27,1441
-409.88,26.18,1453
-412.03,26.11,1465
-416.16,26.12,1476
-411.10,26.25,1488
-409.04,26.31,1500
-412.50,26.58,1512
-413.81,26.64,1523
-412.95,26.63,1536
-409.08,26.34,1547
-415.89,26.25,1559
-413.28,26.18,1570
-409.00,25.99,1582
-412.18,26.16,1594
-412.47,26.41,1605
-412.35,26.75,1617
-412.21,26.74,1629
-410.66,26.54,1641
-411.80,26.53,1652
-413.09,26.24,1665
-413.41,26.18,1676
-410.81,26.03,1688
-409.89,26.12,1699
-412.84,26.22,1712
-414.90,26.35,1723
-412.27,26.54,1735
-408.18,26.60,1746
-409.68,26.73,1758
-414.28,26.65,1770
-411.50,26.68,1781
-409.05,26.61,1794
-413.28,26.45,1805
-414.22,26.47,1817
-411.24,26.20,1828
-410.40,26.32,1841
-411.87,26.30,1852
-413.25,26.29,1864
-413.09,26.34,1875
-410.83,26.35,1888
-411.00,26.55,1899
-412.24,26.76,1910
-411.84,26.87,1923
-412.29,26.67,1934
-411.21,26.35,1946
-412.79,26.34,1957
-412.67,25.97,1970
-411.99,26.05,1981
-410.11,26.22,1993
-411.50,26.33,2004
-414.65,26.79,2017
-411.66,26.68,2028
-410.19,26.56,2040
-412.81,26.36,2052
-413.15,26.51,2063
-411.04,26.30,2075
-411.77,26.32,2086
-412.58,26.27,2099
-412.60,26.30,2110
-412.04,26.49,2122
-412.26,26.42,2134
-412.01,26.24,2146
-412.09,26.46,2157
-411.52,26.27,2169
-413.11,26.46,2181
-412.30,26.49,2193
-410.01,26.25,2204
-411.36,26.54,2215
-413.80,26.28,2228
-413.43,26.24,2239
-411.02,26.21,2251
-411.60,26.32,2263
-412.75,26.53,2275
-412.21,26.53,2286
-410.94,26.60,2298
-411.44,26.49,2310
-412.98,26.36,2322
-412.37,26.17,2333
-412.55,25.90,2345
-411.30,26.13,2357
-411.85,26.22,2368
-413.43,26.64,2380
-411.28,26.46,2392
-410.93,26.61,2404
-411.87,26.68,2415
-414.18,26.43,2427
-412.84,26.44,2439
-410.29,26.29,2451
-411.18,26.28,2462
-413.23,26.23,2475
-410.92,26.28,2486
-410.63,26.36,2498
-412.18,26.15,2509
-412.51,26.26,2521
-412.53,26.12,2533
-411.06,26.29,2544
-411.50,26.52,2556
-412.75,26.64,2568
-412.10,26.72,2580
-412.05,26.59,2591
-412.13,26.31,2604
-412.08,26.12,2615
-412.83,25.98,2627
-412.51,26.19,2638
-412.53,26.15,2651
-411.01,26.48,2662
-412.63,26.61,2673
-413.50,26.77,2685
-411.13,26.67,2697
-408.88,26.40,2709
-413.31,26.12,2720
-410.95,26.30,2733
-410.23,26.27,2744
-412.58,26.30,2756
-412.90,26.43,2767
-410.51,26.43,2780
-410.89,26.49,2791
-413.62,26.55,2803
-412.68,26.47,2814
-411.19,26.33,2826
-411.27,26.33,2838
-410.93,26.65,2849
-412.80,26.12,2862
-413.27,26.49,2873
-411.74,26.05,2885
-411.10,26.26,2896
-411.05,26.44,2909
-413.17,26.29,2920
-412.69,26.71,2932
-411.34,26.55,2944
-410.19,26.43,2956
-412.69,26.60,2967
-414.51,26.09,2978
-410.20,26.09,2991
-410.06,26.04,3002
-415.13,26.31,3014
-412.21,26.44,3025
-411.59,26.48,3038
-411.76,26.35,3049
-409.58,26.62,3061
-413.52,26.47,3073
-412.27,26.46,3085
-412.50,26.44,3096
-412.27,26.41,3108
-410.75,26.34,3120
-412.77,26.16,3131
-410.69,26.27,3143
-412.22,26.26,3154
-412.91,26.20,3167
-413.26,26.35,3178
-410.60,26.51,3190
-409.06,26.55,3202
-415.03,26.46,3214
-414.73,26.48,3225
-408.26,26.61,3237
-411.70,26.42,3249
-413.23,26.59,3261
-411.69,26.39,3272
-412.33,26.19,3284
-411.83,26.23,3296
-411.62,26.07,3307
-412.30,26.29,3319
-411.17,26.39,3331
-412.22,26.50,3343
-410.98,26.37,3354
-411.42,26.23,3366
-413.28,26.43,3378
-411.65,26.34,3390
-411.70,26.57,3401
-411.62,26.60,3414
-412.15,26.22,3425
-414.05,26.30,3436
-409.97,26.20,3448
-409.12,26.43,3460
-413.97,26.74,3472
-412.32,26.75,3483
-410.15,26.59,3495
-413.29,26.27,3507
-412.29,26.18,3519
-413.06,26.23,3530
-413.74,26.36,3543
-412.08,25.98,3554
-410.83,27.11,3566
-411.55,26.37,3577
-414.18,26.72,3590
-413.61,26.72,3601
-406.21,25.82,3612
-412.05,26.70,3624
-414.89,26.16,3636
-411.86,25.94,3648
-412.78,26.40,3659
-409.14,26.18,3672
-410.35,26.84,3683
-417.39,26.94,3695
-409.71,26.55,3706
-410.60,26.28,3719
-415.07,26.10,3730
-410.29,26.05,3742
-415.82,26.19,3753
-414.22,26.87,3765
-407.02,26.55,3777
-413.32,26.84,3788
-415.23,26.31,3801
-412.35,25.94,3812
-409.35,26.10,3824
-411.36,25.97,3835
-415.39,26.43,3848
-412.94,26.58,3859
-409.56,26.52,3871
-411.45,26.68,3883
-411.85,26.26,3895
-413.85,26.13,3906
-407.75,26.08,3917
-413.37,26.27,3930
-413.86,26.45,3941
-410.85,26.90,3953
-413.05,26.54,3964
-410.05,26.46,3977
-410.38,26.55,3988
-417.33,25.97,4000
-411.86,26.14,4012
-409.96,26.05,4024
-411.87,26.16,4035
-413.43,26.71,4047
-415.64,26.59,4059
-408.70,26.90,4070
-409.69,26.74,4082
-415.51,26.80,4093
-411.11,26.31,4106
-411.60,26.15,4117
-411.95,25.83,4129
-408.98,26.01,4141
-414.30,26.34,4153
-413.78,26.13,4164
-409.16,26.57,4176
-411.50,26.46,4188
-410.79,26.65,4200
-414.04,26.73,4211
-415.28,26.18,4222
-409.08,26.32,4235
-409.37,26.20,4246
-414.68,26.39,4258
-413.74,26.57,4270
-409.96,26.62,4282
-409.40,26.57,4293
-413.42,26.40,4305
-409.98,26.30,4317
-411.97,25.96,4329
-411.91,26.36,4340
-410.72,26.48,4353
-415.31,26.61,4364
-411.79,26.83,4375
-409.84,26.38,4387
-412.83,26.51,4399
-412.28,26.30,4411
-412.60,26.25,4422
-410.82,26.43,4434
-409.48,26.31,4446
-413.84,26.65,4458
-413.11,26.50,4469
-409.66,26.49,4482
-412.41,26.31,4493
-413.14,26.26,4505
-412.39,26.53,4516
-412.01,26.35,4528
-410.89,26.49,4540
-412.97,26.31,4551
-412.36,26.45,4563
-410.79,26.43,4575
-413.66,26.37,4587
-411.81,26.54,4598
-411.16,26.35,4611
-413.61,26.42,4622
-411.06,26.25,4634
-411.33,26.33,4645
-412.43,26.42,4658
-412.00,26.12,4669
-414.45,26.33,4680
-412.01,26.34,4692
-413.96,26.62,4704
-412.55,26.64,4716
-410.07,26.69,4727
-412.17,26.32,4740
-413.19,26.55,4751
-411.55,25.82,4763
-411.71,26.26,4774
-411.69,26.31,4787
-411.35,26.37,4798
-412.89,26.67,4810
-411.80,26.34,4822
-411.58,26.32,4833
-412.79,26.47,4845
-410.39,26.20,4856
-412.30,26.38,4869
-414.44,26.30,4880
-410.87,26.40,4892
-410.51,26.22,4903
-413.86,26.49,4916
-412.19,26.56,4927
-410.63,26.57,4939
-411.70,26.70,4951
-412.51,26.38,4963
-412.75,26.42,4974
-411.43,26.36,4986
-411.63,26.49,4998
-412.07,26.31,5009
-412.21,26.39,5021
-411.36,26.37,5032
-410.50,26.29,5045
-412.57,26.53,5056
-412.55,26.52,5068
-411.87,26.48,5080
-413.42,26.47,5092
-410.25,26.18,5103
-414.05,26.45,5115
-411.94,26.33,5127
-409.04,26.49,5139
-412.48,26.31,5150
-412.19,26.54,5161
-413.19,26.39,5174
-411.71,26.32,5185
-409.90,26.62,5197
-414.11,26.34,5209
-413.63,26.53,5221
-410.16,26.28,5232
-412.99,26.25,5244
-411.69,26.50,5256
-411.66,26.43,5268
-412.14,26.38,5279
-411.41,26.46,5292
-411.22,26.54,5303
-411.43,26.55,5314
-412.52,26.29,5326
-413.50,26.23,5338
-409.97,26.03,5350
-410.35,26.55,5361
-414.72,26.39,5373
-413.25,26.63,5385
-411.31,26.52,5397
-410.53,26.29,5408
-411.91,26.32,5421
-414.68,26.34,5432
-412.74,26.24,5444
-409.71,26.39,5455
-413.07,26.28,5467
-413.35,26.29,5479
-412.59,26.33,5490
-410.82,26.30,5502
-411.05,26.37,5514
-413.80,26.29,5526
-413.06,26.15,5537
-410.62,26.01,5550
-410.91,26.23,5561
-413.75,26.41,5573
-413.56,26.74,5584
-409.48,26.79,5597
-409.62,26.65,5608
-412.50,26.55,5619
-413.90,26.50,5632
-412.02,26.20,5643
-409.85,26.30,5655
-411.91,25.69,5666
-415.43,26.32,5679
-412.39,25.96,5690
-410.56,26.51,5702
-412.10,26.60,5713
-412.90,26.68,5726
-411.81,26.84,5737
-413.29,26.53,5749
-409.97,26.66,5761
-411.35,26.27,5772
-415.51,26.18,5784
-412.36,26.11,5795
-410.68,25.99,5808
-412.17,26.31,5819
-412.18,26.23,5831
-415.75,26.44,5842
-411.46,26.52,5855
-407.86,26.65,5866
-413.99,26.53,5878
-410.73,26.62,5890
-410.34,26.53,5902
-412.32,26.01,5913
-413.87,26.34,5924
-412.22,25.92,5937
-411.10,26.15,5948
-412.53,26.24,5960
-411.18,26.37,5971
-412.36,26.77,5984
-413.96,26.66,5995
-410.44,26.61,6007
-409.35,26.34,6019
-414.32,26.38,6031
-413.33,26.15,6042
-412.69,26.25,6054
-409.82,26.11,6066
-411.53,26.28,6077
-415.15,26.61,6089
-412.26,26.44,6100
-409.59,26.52,6113
-411.74,26.56,6124
-413.07,26.34,6136
-412.74,26.21,6148
-412.31,26.03,6160
-411.92,26.20,6171
-412.56,26.27,6183
-413.08,26.36,6195
-413.61,26.28,6207
-412.17,26.54,6218
-410.13,26.49,6230
-412.67,26.59,6242
-414.39,26.58,6253
-411.77,26.35,6265
-411.27,26.49,6277
-414.10,26.37,6289
-413.86,26.40,6300
-411.27,26.40,6312
-412.51,26.15,6324
-413.39,26.25,6336
-411.75,26.09,6347
-412.73,26.33,6360
-412.48,26.43,6371
-410.30,26.70,6382
-411.75,26.90,6394
-413.32,26.71,6406
-412.62,26.76,6418
-411.07,26.44,6429
-411.07,26.42,6441
-414.46,26.13,6453
-413.37,26.16,6465
-409.83,26.16,6476
-411.82,26.10,6489
-414.60,26.44,6500
-411.75,26.54,6512
-410.90,26.56,6523
-412.02,26.77,6535
-411.00,26.54,6547
-412.40,26.40,6558
-413.00,26.23,6571
-411.56,26.17,6582
-411.51,26.25,6594
-411.87,26.34,6605
-413.41,26.29,6618
-412.84,26.35,6629
-410.42,26.57,6641
-410.49,26.50,6652
-413.17,26.63,6665
-409.87,26.63,6676
-410.58,26.27,6687
-413.64,26.30,6700
-413.14,26.13,6711
-410.69,25.90,6723
-411.39,26.20,6734
-412.30,26.23,6747
-412.59,26.62,6758
-411.18,26.69,6770
-410.95,26.66,6781
-411.76,26.48,6794
-412.21,26.46,6805
-412.87,26.32,6817
-413.24,26.11,6829
-412.12,26.02,6840
-411.76,26.11,6852
-413.42,26.39,6863
-414.09,26.62,6876
-411.66,26.55,6887
-410.34,26.90,6899
-413.16,26.66,6910
-414.81,26.67,6923
-410.88,26.48,6934
-409.97,26.16,6946
-413.41,26.05,6958
-412.64,25.98,6970
-412.31,25.87,6981
-413.27,25.94,6992
-410.01,26.46,7005
-411.95,26.70,7016
-412.60,26.56,7028
-411.96,26.71,7040
-410.89,26.67,7052
-413.81,26.62,7063
-414.77,26.56,7075
-409.62,26.23,7087
-410.06,25.97,7099
-413.25,25.87,7110
-413.67,25.99,7122
-411.27,26.27,7134
-410.84,26.68,7145
-411.66,26.77,7157
-413.82,26.83,7169
-411.61,26.71,7181
-410.13,26.59,7192
-412.56,26.36,7204
-413.14,26.28,7216
-412.05,26.07,7228
-412.82,26.32,7239
-411.37,26.40,7251
-412.61,26.52,7263
-413.11,26.62,7275
-412.12,26.60,7286
-410.61,26.48,7298
-410.14,26.39,7310
-414.52,26.47,7321
-414.32,26.50,7333
-409.82,26.34,7345
-410.71,26.31,7357
-414.38,26.02,7368
-413.48,26.23,7380
-410.06,26.18,7392
-412.20,26.36,7404
-413.24,26.65,7415
-410.68,26.83,7428
-410.11,26.97,7439
-410.89,26.61,7451
-411.59,26.41,7462
-411.98,26.26,7474
-412.30,26.03,7486
-411.85,26.02,7497
-412.33,26.11,7510
-412.58,26.46,7521
-412.26,26.58,7533
-410.60,26.65,7544
-410.08,26.80,7557
-412.81,26.64,7568
-412.39,26.60,7580
-410.88,26.23,7591
-412.17,26.24,7604
-412.91,26.13,7615
-411.57,25.99,7626
-410.94,26.14,7639
-413.19,26.22,7650
-412.70,26.40,7662
-410.98,26.60,7673
-411.05,26.69,7686
-412.19,26.82,7697
-412.74,26.77,7709
-410.64,26.67,7720
-411.60,26.39,7733
-413.31,26.25,7744
-413.30,26.20,7756
-410.64,26.18,7768
-412.39,25.89,7779
-412.95,26.51,7791
-410.69,26.28,7802
-411.07,26.63,7815
-413.01,26.60,7826
-411.21,26.39,7838
-413.71,26.58,7849
-413.58,26.36,7862
-409.11,26.27,7873
-412.50,26.20,7885
-413.70,26.23,7897
-410.48,26.46,7909
-412.51,26.58,7920
-411.33,26.55,7931
-411.55,26.53,7944
-414.02,26.54,7955
-410.11,26.16,7967
-412.06,26.54,7979
-414.42,26.47,7991
-411.06,26.39,8002
-411.99,26.44,8014
-412.42,26.12,8026
-413.45,26.12,8038
-412.10,26.09,8049
-410.99,26.46,8061
-413.23,26.65,8073
-412.19,26.77,8084
-410.68,26.84,8096
-413.14,26.72,8108
-411.67,26.57,8120
-411.09,26.25,8131
-414.17,26.13,8143
-412.00,25.88,8155
-411.22,26.03,8167
-412.96,26.49,8178
-410.51,26.18,8190
-413.15,26.63,8202
-412.73,26.80,8214
-407.92,26.89,8225
-413.75,26.82,8237
-409.95,26.56,8249
-410.67,26.34,8260
-413.23,26.10,8272
-414.72,25.88,8284
-410.91,26.07,8296
-410.72,26.07,8307
-413.81,26.24,8320
-411.36,26.59,8331
-411.05,26.88,8343
-413.11,26.78,8354
-410.50,26.71,8367
-411.19,26.62,8378
-414.30,26.29,8389
-411.93,26.11,8401
-410.96,26.15,8413
-411.65,25.96,8425
-412.50,26.27,8436
-413.71,26.43,8449
-411.42,26.65,8460
-409.67,26.62,8472
-413.57,26.79,8483
-413.49,26.68,8496
-409.30,26.32,8507
-411.29,26.10,8519
-413.14,25.96,8530
-412.59,26.06,8542
-411.77,26.33,8554
-412.20,26.44,8565
-412.78,26.75,8578
-411.33,26.62,8589
-411.01,26.52,8601
-413.45,26.17,8612
-412.24,26.38,8625
-412.79,26.51,8636
-412.26,26.34,8648
-411.18,26.52,8659
-412.62,26.29,8672
-413.20,26.16,8683
-412.66,25.92,8694
-411.09,25.97,8707
-410.72,26.51,8718
-413.58,26.80,8730
-413.02,26.87,8741
-410.02,26.82,8754
-411.91,26.61,8765
-413.37,26.12,8777
-411.17,26.00,8788
-411.57,25.78,8801
-413.35,25.98,8812
-412.83,26.31,8824
-411.14,26.20,8836
-410.55,26.68,8847
-413.39,26.71,8859
-412.53,26.94,8870
-410.84,26.76,8883
-411.58,26.51,8894
-413.13,26.30,8906
-410.66,26.29,8918
-412.43,25.47,8930
-412.45,26.46,8941
-412.18,25.59,8953
-411.46,26.45,8965
-412.92,26.52,8977
-412.91,26.09,8988
-410.58,26.88,8999
-413.90,26.63,9012
-410.88,26.56,9023
-415.12,26.77,9035
-407.65,25.96,9047
-413.28,26.17,9059
-417.81,26.02,9070
-406.25,26.10,9082
-413.41,26.27,9094
-413.79,26.43,9106
-407.58,26.93,9117
-415.72,26.80,9129
-411.92,27.17,9141
-410.43,26.32,9152
-413.27,25.96,9164
-409.39,26.14,9176
-414.42,25.79,9188
-412.78,26.30,9199
-409.89,26.50,9211
-414.46,26.68,9223
-410.63,26.94,9235
-411.64,26.53,9246
-412.95,26.60,9259
-409.43,26.64,9270
-415.36,26.52,9282
-412.51,26.37,9293
-407.42,26.30,9305
-416.54,26.05,9317
-412.27,26.13,9328
-409.76,26.07,9340
-415.73,26.18,9352
-410.16,26.70,9364
-411.24,26.77,9375
-414.36,26.87,9388
-410.07,26.91,9399
-413.43,26.86,9411
-410.64,26.47,9422
-416.36,26.08,9435
-411.22,25.75,9446
-410.63,25.72,9457
-414.34,26.04,9469
-412.10,26.21,9481
-413.75,26.72,9493
-409.17,26.74,9504
-409.18,26.75,9517
-415.78,26.85,9528
-410.51,26.33,9540
-409.73,26.34,9551
-414.08,26.33,9564
-411.62,26.03,9575
-411.76,26.10,9587
-413.20,26.16,9598
-410.87,26.08,9610
-413.48,26.51,9622
-413.18,26.45,9633
-411.15,26.50,9646
-412.48,26.80,9657
-409.81,26.60,9669
-411.54,26.70,9680
-415.24,26.58,9693
-410.97,25.97,9704
-410.39,26.05,9716
-414.89,25.79,9728
-414.03,26.23,9740
-411.38,26.38,9751
-409.82,26.94,9762
-412.66,26.95,9775
-414.88,26.86,9786
-410.89,26.61,9798
-409.98,26.22,9809
-412.49,26.07,9822
-412.22,25.89,9833
-413.21,25.85,9845
-410.94,26.12,9857
-412.77,26.32,9869
-412.06,26.68,9880
-411.63,26.83,9892
-411.55,26.77,9904
-410.78,26.70,9916
-412.68,26.49,9927
-413.17,26.43,9938
-410.64,26.16,9951
-411.32,26.16,9962
-414.46,26.04,9974
-414.22,26.25,9986
-411.46,26.04,9998
-410.40,26.78,10009
-413.96,26.35,10021
-412.18,27.15,10033
-409.27,27.14,10045
-412.50,26.30,10056
-412.40,26.60,10068
-413.77,26.05,10080
-410.09,25.89,10091
-411.57,26.13,10103
-416.76,25.86,10115
-408.20,26.33,10127
-411.29,26.82,10138
-416.36,26.54,10150
-405.55,26.84,10162
-413.70,26.55,10174
-413.09,26.45,10185
-406.39,26.56,10198
-418.45,25.96,10209
-407.75,26.23,10221
-417.61,26.20,10232
-408.62,26.00,10244
-411.52,26.44,10256
-415.23,26.26,10267
-408.52,26.83,10279
-412.08,26.47,10291
-413.47,26.58,10303
-410.73,26.41,10314
-412.80,26.05,10327
-409.16,26.59,10338
-415.26,25.58,10350
-415.67,26.51,10361
-407.85,25.98,10374
-412.80,26.19,10385
-414.52,26.99,10396
-411.21,26.62,10408
-412.23,26.98,10420
-412.72,26.71,10432
-410.21,26.06,10443
-412.22,26.75,10456
-413.82,25.72,10467
-409.28,26.32,10479
-412.52,25.95,10490
-415.14,25.89,10503
-409.43,26.63,10514
-413.66,26.28,10526
-411.69,26.77,10537
-407.24,27.07,10549
-417.36,26.20,10561
-411.53,26.81,10572
-406.60,26.28,10585
-414.43,26.25,10596
-411.98,26.24,10608
-411.84,25.78,10619
-410.22,26.06,10632
-415.85,26.34,10643
-412.51,26.21,10655
-408.91,26.74,10667
-413.64,26.91,10679
-409.43,26.56,10690
-414.66,27.04,10701
-412.51,26.28,10714
-407.82,26.26,10725
-416.07,26.25,10737
-411.55,25.90,10748
-410.57,25.94,10761
-416.64,26.18,10772
-407.14,26.41,10784
-411.92,26.74,10796
-416.28,26.91,10808
-407.85,26.73,10819
-410.97,26.52,10831
-412.79,26.57,10843
-411.58,25.82,10854
-416.09,26.25,10866
-409.31,26.16,10877
-410.61,26.14,10890
-416.83,26.73,10901
-410.85,26.47,10913
-411.51,26.73,10925
-411.84,26.70,10937
-410.96,26.38,10948
-414.99,26.63,10960
-411.29,26.06,10972
-411.74,26.03,10984
-414.71,26.22,10995
-413.20,26.16,11006
-413.32,26.42,11019
-409.71,26.35,11030
-412.57,26.53,11042
-414.53,26.69,11054
-411.13,26.54,11066
-410.01,26.64,11077
-411.87,26.54,11089
-413.86,26.35,11101
-412.88,26.29,11113
-410.38,26.01,11124
-412.53,26.04,11137
-414.09,26.06,11148
-411.07,26.44,11159
-411.29,26.55,11171
-413.73,26.68,11183
-412.31,26.86,11195
-412.29,26.01,11206
-410.16,27.03,11218
-412.52,25.87,11230
-412.50,26.25,11242
-413.18,26.67,11253
-412.09,25.64,11266
-411.04,26.97,11277
-413.49,26.17,11289
-408.61,26.47,11300
-414.75,26.67,11312
-415.16,26.08,11324
-404.83,26.50,11335
-415.54,26.50,11347
-415.51,26.63,11359
-406.45,26.14,11371
-416.15,26.27,11382
-410.74,26.33,11395
-417.96,26.17,11406
-406.82,26.74,11418
-412.55,26.33,11429
-414.88,26.39,11442
-407.42,26.84,11453
-415.82,26.28,11464
-411.37,26.58,11476
-408.12,26.38,11488
-414.67,26.10,11500
-411.00,26.16,11511
-414.04,26.08,11524
-413.06,25.82,11535
-408.15,26.53,11547
-415.84,26.69,11558
-411.88,26.78,11571
-407.54,26.83,11582
-415.89,26.33,11594
-409.92,26.30,11606
-411.14,26.21,11618
-415.71,26.14,11629
-408.48,26.43,11640
-412.56,26.34,11653
-414.15,26.41,11664
-410.75,26.52,11676
-415.22,26.48,11687
-409.58,26.52,11700
-409.73,26.52,11711
-415.97,26.66,11723
-409.53,26.45,11735
-410.92,26.47,11747
-412.38,26.23,11758
-411.11,26.25,11770
-415.04,26.19,11782
-410.85,25.92,11793
-416.98,26.21,11805
-411.39,26.23,11816
-410.58,26.51,11829
-413.29,26.94,11840
-411.13,26.58,11852
-413.02,26.69,11864
-412.86,26.39,11876
-411.33,26.27,11887
-412.82,26.45,11899
-412.16,26.14,11911
-411.78,26.31,11923
-413.53,26.46,11934
-411.01,26.21,11945
-412.51,26.39,11958
-414.57,26.44,11969
-410.08,26.53,11981
-411.64,26.63,11993
-412.82,26.50,12005
-412.49,26.48,12016
-412.58,26.48,12028
-409.86,26.33,12040
-411.86,26.33,12052
-414.82,26.33,12063
-411.43,26.13,12076
-410.79,26.26,12087
-412.80,26.63,12098
-413.23,26.71,12110
-410.80,26.69,12122
-410.76,26.56,12134
-412.49,26.26,12145
-413.44,26.30,12157
-412.09,26.00,12169
-412.63,26.12,12181
-411.16,26.22,12192
-412.08,26.32,12205
-413.29,26.49,12216
-412.38,26.81,12228
-410.79,26.74,12239
-411.58,26.89,12251
-412.71,26.54,12263
-411.42,26.38,12274
-411.45,26.08,12286
-414.47,26.21,12298
-412.65,26.01,12310
-410.64,26.28,12321
-411.74,26.28,12334
-412.90,26.19,12345
-412.89,26.51,12357
-409.49,26.51,12368
-412.21,26.91,12381
-414.38,26.86,12392
-410.72,26.54,12403
-410.46,26.34,12416
-413.47,25.99,12427
-413.08,25.97,12439
-412.91,26.07,12450
-412.47,26.20,12463
-411.76,26.41,12474
-412.10,26.68,12486
-412.67,26.87,12497
-411.76,26.64,12510
-412.14,26.88,12521
-410.94,26.36,12533
-411.80,26.25,12545
-414.27,26.12,12556
-411.96,26.14,12568
-411.60,26.36,12579
-414.31,26.44,12592
-412.83,26.51,12603
-408.76,26.48,12615
-413.02,26.43,12626
-414.91,26.67,12639
-410.55,26.61,12650
-411.39,26.50,12662
-412.62,26.35,12674
-411.98,26.20,12686
-413.01,26.15,12697
-411.94,26.16,12708
-410.90,26.33,12721
-412.64,26.37,12732
-410.90,26.44,12744
-411.83,26.60,12755
-412.20,26.51,12768
-411.16,26.48,12779
-411.62,26.50,12791
-413.44,26.34,12803
-412.15,26.23,12815
-411.49,26.20,12826
-412.40,26.25,12838
-412.88,26.25,12850
-411.59,26.52,12862
-410.61,26.51,12873
-412.36,26.55,12884
-412.97,26.81,12897
-411.63,26.63,12908
-412.25,26.43,12920
-412.54,26.29,12932
-412.81,26.21,12944
-411.26,26.18,12955
-413.31,26.11,12967
-413.02,26.33,12979
-409.98,26.24,12991
-413.25,26.43,13002
-413.47,26.46,13015
-410.52,26.52,13026
-411.43,26.54,13037
-412.84,26.34,13049
-412.09,26.63,13061
-413.03,26.23,13073
-411.65,26.18,13084
-411.50,26.22,13096
-412.75,26.11,13108
-412.54,26.21,13120
-413.59,26.35,13131
-411.58,26.41,13144
-410.42,26.59,13155
-413.11,26.65,13167
-414.24,26.57,13178
-412.01,26.24,13190
-410.77,26.47,13202
-412.03,26.18,13213
-414.42,26.28,13225
-413.38,26.32,13237
-409.33,26.25,13249
-412.40,26.37,13260
-414.22,26.55,13273
-411.10,26.51,13284
-411.48,26.55,13296
-412.26,26.39,13307
-411.09,26.48,13320
-412.07,26.19,13331
-413.47,26.10,13342
-411.91,26.12,13355
-412.62,26.17,13366
-413.16,26.52,13378
-411.76,26.60,13389
-410.99,26.65,13402
-412.54,26.60,13413
-413.19,26.59,13425
-411.51,26.58,13436
-411.32,26.32,13449
-412.60,26.05,13460
-414.06,26.04,13472
-412.00,26.08,13484
-411.29,26.33,13495
-413.83,26.33,13507
-412.86,26.47,13518
-410.04,26.39,13531
-410.82,26.77,13542
-412.93,26.74,13554
-412.10,26.68,13565
-410.67,26.61,13578
-413.11,26.32,13589
-412.89,26.25,13601
-411.72,26.23,13613
-413.85,26.10,13625
-412.36,26.41,13636
-410.60,26.37,13647
-411.92,26.62,13660
-413.26,26.69,13671
-411.66,26.69,13683
-411.81,26.39,13694
-411.29,26.47,13707
-413.09,26.32,13718
-413.50,26.12,13730
-410.90,26.12,13742
-413.93,26.12,13754
-412.41,26.30,13765
-410.60,26.70,13777
-411.47,26.68,13789
-413.20,26.73,13801
-411.61,26.60,13812
-410.30,26.38,13824
-413.71,26.30,13836
-412.99,26.17,13847
-411.03,26.16,13859
-413.11,26.28,13871
-412.26,26.39,13883
-411.49,26.56,13894
-412.61,26.66,13906
-411.50,26.71,13918
-411.90,26.67,13930
-410.64,26.49,13941
-410.44,26.06,13954
-413.96,26.11,13965
-412.96,26.20,13976
-409.55,26.04,13988
-413.77,26.15,14000
-414.35,26.30,14012
-410.23,26.53,14023
-411.31,26.97,14035
-412.72,26.78,14047
-411.56,26.65,14059
-411.52,26.35,14070
-411.39,26.33,14083
-411.63,26.01,14094
-414.18,26.09,14106
-411.50,26.09,14117
-411.61,26.10,14129
-412.62,26.36,14141
-410.92,26.55,14152
-412.82,26.60,14164
-413.33,26.65,14176
-410.08,26.39,14188
-411.40,26.38,14199
-414.55,26.30,14212
-411.71,26.31,14223
-410.25,26.33,14235
-412.42,26.40,14246
-412.91,26.46,14259
-412.72,26.41,14270
-411.64,26.43,14281
-412.72,26.24,14294
-412.69,26.45,14305
-411.82,26.59,14317
-412.01,26.53,14328
-412.98,26.47,14341
-412.36,26.38,14352
-411.08,26.27,14364
-412.77,26.45,14375
-413.19,26.37,14388
-412.00,26.41,14399
-411.52,26.34,14411
-411.79,26.46,14423
-412.65,26.53,14435
-411.08,26.61,14446
-411.61,26.62,14457
-414.17,26.39,14470
-411.41,26.48,14481
-410.45,26.34,14493
-413.38,26.23,14504
-412.74,26.33,14517
-410.21,26.33,14528
-414.23,26.54,14540
-413.41,26.54,14552
-409.67,26.54,14564
-411.75,26.63,14575
-412.56,26.42,14587
-411.34,26.50,14599
-412.08,26.34,14610
-412.03,26.34,14622
-411.61,26.23,14633
-412.64,26.32,14646
-412.28,26.33,14657
-412.68,26.25,14669
-412.99,26.51,14681
-411.08,26.44,14693
-412.24,26.67,14704
-413.02,26.84,14716
-410.32,26.56,14728
-411.92,26.39,14740
-413.29,26.16,14751
-411.32,26.10,14763
-411.73,26.13,14775
-413.34,26.10,14786
-412.72,26.29,14798
-411.25,26.44,14810
-410.32,26.60,14822
-413.06,26.55,14833
-413.35,26.67,14845
-410.17,26.74,14857
-410.39,26.40,14869
-413.37,26.46,14880
-413.66,26.24,14893
-412.43,26.24,14904
-410.41,26.44,14915
-413.08,26.49,14927
-410.54,26.44,14939
-410.75,26.52,14951
-412.51,26.59,14962
-411.54,26.75,14974
-412.36,26.54,14986
-413.02,26.39,14998
-411.39,26.04,15009
-412.04,26.12,15022
-413.58,26.11,15033
-412.08,26.29,15045
-411.62,26.60,15056
-411.37,26.61,15068
-412.08,26.70,15080
-413.88,26.67,15091
-411.87,26.41,15104
-411.46,26.29,15115
-413.67,26.16,15127
-412.08,26.19,15138
-410.70,26.12,15151
-411.92,26.29,15162
-413.39,26.25,15174
-411.60,26.57,15185
-411.00,26.81,15198
-412.58,26.69,15209
-413.29,26.68,15220
-410.88,26.45,15233
-411.91,26.33,15244
-413.45,26.19,15256
-412.33,26.16,15267
-410.35,26.35,15280
-411.65,26.31,15291
-412.65,26.41,15303
-413.66,26.33,15314
-412.17,26.51,15327
-411.85,26.58,15338
-411.12,26.72,15350
-412.21,26.70,15362
-412.59,26.39,15373
-411.00,26.35,15385
-410.35,26.37,15396
-413.62,26.30,15409
-413.97,26.14,15420
-409.24,26.20,15432
-409.97,26.20,15443
-415.13,26.34,15456
-413.73,26.46,15467
-410.71,26.57,15479
-409.38,26.39,15491
-412.75,26.52,15503
-415.79,26.33,15514
-411.06,26.25,15526
-411.01,26.35,15538
-411.80,26.44,15549
-413.04,26.53,15561
-412.99,26.29,15572
-410.68,26.26,15585
-409.68,26.39,15596
-412.84,26.23,15608
-413.45,26.37,15620
-412.58,26.24,15632
-410.81,26.30,15643
-410.22,26.38,15655
-414.30,26.47,15667
-415.91,26.56,15679
-408.62,26.35,15690
-409.94,26.54,15702
-412.99,26.59,15714
-411.99,26.58,15725
-409.81,26.24,15737
-412.09,26.18,15749
-413.73,26.47,15761
-412.17,26.31,15772
-412.26,26.28,15784
-411.01,26.24,15796
-412.62,26.31,15808
-414.17,26.47,15819
-412.20,26.29,15832
-410.68,26.40,15843
-410.98,26.47,15854
-412.39,26.61,15866
-414.41,26.59,15878
-412.32,26.50,15890
-408.31,26.25,15901
-413.14,26.11,15913
-414.56,26.12,15925
-411.02,26.25,15937
-410.27,26.26,15948
-411.82,26.43,15961
-413.26,26.41,15972
-412.89,26.40,15984
-411.39,26.53,15995
-411.52,26.31,16007
-412.01,26.31,16019
-412.23,26.43,16030
-413.10,26.37,16043
-410.69,26.26,16054
-409.61,26.14,16066
-413.51,26.19,16077
-413.11,26.16,16090
-412.00,26.32,16101
-411.17,26.59,16113
-414.87,26.80,16124
-412.05,26.79,16137
-408.96,26.26,16148
-413.32,26.20,16159
-414.55,26.08,16172
-411.62,26.08,16183
-411.44,26.25,16195
-412.20,26.52,16206
-412.33,26.81,16219
-413.01,26.70,16230
-410.81,26.67,16242
-410.74,26.48,16253
-411.87,26.47,16266
-412.14,26.24,16277
-412.73,25.93,16289
-411.86,26.26,16301
-410.07,26.25,16312
-412.61,26.45,16324
-413.04,26.55,16335
-410.88,26.37,16348
-409.97,26.36,16359
-412.66,26.42,16371
-412.96,26.50,16382
-410.95,26.60,16395
-411.55,26.41,16406
-411.96,26.22,16418
-412.24,26.14,16430
-412.89,26.26,16442
-412.61,25.92,16453
-412.58,26.14,16464
-411.77,26.41,16477
-411.31,26.70,16488
-413.33,26.95,16500
-410.40,26.81,16512
-409.62,26.59,16524
-413.82,26.47,16535
-413.87,26.12,16547
-410.80,26.14,16559
-412.27,26.05,16571
-413.46,26.22,16582
-412.41,26.30,16594
-412.03,26.33,16606
-411.91,26.54,16617
-410.88,26.59,16629
-412.41,26.69,16641
-413.55,26.32,16653
-412.33,26.28,16664
-410.73,26.35,16676
-410.77,26.41,16688
-414.35,26.39,16700
-414.03,26.29,16711
-409.30,26.24,16723
-409.59,26.37,16735
-414.54,26.36,16747
-414.32,26.62,16758
-409.72,26.41,16771
-410.06,26.57,16782
-413.92,26.37,16793
-414.08,26.57,16805
-411.45,26.40,16817
-409.52,26.18,16829
-412.53,26.19,16840
-414.56,26.04,16852
-411.71,26.10,16864
-410.36,26.37,16876
-411.73,26.57,16887
-413.01,26.92,16900
-412.78,26.83,16911
-408.94,26.56,16923
-410.72,26.32,16934
-415.10,26.16,16946
-413.81,26.18,16958
-409.01,26.15,16969
-410.26,26.44,16982
-414.76,26.42,16993
-415.43,26.53,17005
-408.91,26.26,17016
-409.40,26.47,17029
-413.76,26.61,17040
-413.64,26.80,17052
-411.13,26.50,17063
-410.53,26.37,17076
-411.38,26.28,17087
-413.61,26.19,17098
-413.67,25.89,17111
-411.86,26.03,17122
-411.33,26.24,17134
-411.39,26.48,17145
-414.15,26.65,17158
-413.02,26.68,17169
-409.00,26.72,17181
-409.84,26.59,17192
-414.26,26.34,17205
-414.67,26.23,17216
-410.90,26.08,17228
-409.24,26.12,17240
-414.65,26.02,17251
-414.93,26.20,17263
-410.40,26.49,17274
-411.75,26.55,17287
-412.21,26.70,17298
-413.16,26.52,17310
-411.14,26.41,17321
-410.44,26.23,17334
-413.24,26.36,17345
-414.01,26.20,17357
-412.42,26.05,17369
-409.54,26.26,17381
-409.52,26.42,17392
-414.89,26.61,17403
-414.22,26.73,17416
-409.61,26.49,17427
-409.44,26.68,17439
-414.10,26.53,17451
-415.42,26.38,17463
-410.60,25.94,17474
-408.15,25.84,17486
-414.20,25.89,17498
-416.31,26.16,17510
-411.65,26.45,17521
-410.09,26.87,17533
-411.51,26.87,17545
-412.79,26.93,17556
-413.05,26.48,17568
-410.62,26.37,17580
-410.73,26.14,17592
-411.38,26.16,17603
-415.26,26.13,17615
-414.08,26.01,17627
-409.15,26.19,17639
-409.26,26.34,17650
-414.68,26.59,17662
-414.67,26.60,17674
-408.50,26.58,17686
-413.65,26.75,17697
-414.65,26.69,17709
-412.17,26.48,17721
-407.47,26.23,17732
-411.22,26.20,17744
-416.75,26.16,17756
-413.38,25.95,17768
-409.94,26.15,17779
-411.42,26.12,17792
-412.88,26.65,17803
-413.46,26.93,17815
-412.80,26.83,17826
-408.57,26.76,17839
-409.54,26.55,17850
-416.11,26.45,17862
-414.96,26.05,17873
-409.82,25.86,17885
-409.84,26.05,17897
-413.79,26.44,17908
-415.05,26.91,17921
-411.34,26.69,17932
-408.54,26.66,17944
-411.32,26.48,17955
-414.69,26.25,17968
-414.06,26.16,17979
-409.83,25.98,17991
-410.57,26.04,18002
-414.34,26.31,18015
-413.56,26.44,18026
-411.11,26.46,18037
-410.96,26.58,18050
-409.90,26.61,18061
-415.05,26.62,18073
-409.95,26.33,18084
-409.38,26.13,18097
-414.04,26.15,18108
-415.49,26.26,18120
-411.27,26.08,18131
-409.68,26.18,18144
-411.28,26.44,18155
-414.90,26.49,18167
-413.79,26.53,18179
-409.82,26.46,18190
-409.80,26.45,18202
-412.67,26.63,18213
-412.84,26.44,18226
-413.00,26.38,18237
-410.54,26.20,18249
-410.64,26.38,18260
-413.70,26.30,18273
-415.08,26.38,18284
-410.53,26.26,18296
-408.10,26.34,18308
-413.67,26.68,18320
-415.81,26.48,18331
-412.45,26.50,18342
-409.22,26.42,18355
-411.35,26.31,18366
-415.48,26.38,18378
-413.82,26.31,18390
-410.49,26.50,18402
-410.70,26.43,18413
-412.74,26.43,18425
-414.50,26.26,18437
-412.56,26.00,18449
-410.20,26.17,18460
-413.53,26.39,18472
-414.47,26.70,18484
-411.67,26.39,18495
-408.85,26.36,18507
-411.59,26.47,18519
-416.14,26.32,18531
-414.04,26.28,18542
-407.76,26.08,18554
-411.19,26.29,18566
-414.69,26.59,18578
-413.64,26.65,18589
-410.30,26.64,18601
-410.85,26.51,18613
-410.80,26.50,18625
-414.96,26.40,18636
-413.87,26.09,18648
-410.16,26.14,18660
-410.48,26.22,18671
-412.37,26.60,18683
-413.99,26.78,18695
-412.66,26.68,18707
-408.22,26.76,18718
-410.74,26.59,18731
-416.58,26.20,18742
-413.29,26.09,18754
-408.04,26.01,18765
-410.85,26.20,18778
-414.94,26.26,18789
-414.32,26.46,18800
-409.50,26.52,18812
-408.97,26.67,18824
-413.43,26.86,18836
-414.14,26.56,18847
-409.29,26.58,18860
-412.02,26.36,18871
-413.65,26.37,18883
-413.08,26.18,18894
-411.60,25.97,18907
-410.24,26.17,18918
-411.65,26.20,18930
-415.41,26.55,18941
-412.50,26.64,18954
-407.25,26.82,18965
-409.85,26.80,18976
-414.83,26.69,18989
-413.97,26.34,19000
-410.07,25.94,19012
-410.24,25.87,19023
-413.42,26.15,19036
-414.35,26.42,19047
-410.84,26.61,19059
-409.28,26.53,19070
-410.81,26.81,19083
-412.99,26.72,19094
-412.39,26.37,19106
-411.66,26.05,19118
-410.31,25.91,19129
-411.16,26.04,19141
-413.90,26.12,19152
-414.20,26.29,19165
-410.02,26.51,19176
-408.91,26.74,19188
-412.81,26.67,19200
-414.59,26.45,19212
-410.57,26.33,19223
-408.35,26.32,19235
-414.17,26.30,19247
-410.97,26.46,19259
-412.04,26.20,19270
-411.07,26.34,19281
-413.19,26.30,19294
-414.60,26.17,19305
-410.72,26.22,19317
-409.39,26.34,19329
-411.83,26.60,19341
-413.09,26.63,19352
-413.97,26.60,19364
-410.87,26.49,19376
-407.46,26.30,19388
-413.56,26.48,19399
-415.82,26.17,19411
-410.88,26.15,19423
-409.47,26.20,19434
-412.27,26.33,19446
-415.21,26.40,19458
-413.03,26.37,19470
-409.79,26.23,19481
-411.24,26.44,19493
-414.44,26.60,19505
-413.85,26.60,19517
-412.30,26.50,19528
-408.96,26.48,19540
-410.78,26.27,19552
-413.92,26.26,19564
-413.12,26.08,19575
-410.89,26.33,19587
-410.72,26.63,19599
-412.14,26.57,19610
-415.85,26.48,19622
-411.77,26.35,19634
-412.50,26.38,19646
-416.43,26.41,19657
-412.83,26.31,19670
-409.43,26.16,19681
-410.77,26.41,19693
-414.62,26.36,19704
-414.45,26.54,19717
-411.10,26.53,19728
-408.91,26.43,19739
-412.43,26.33,19751
-414.83,26.53,19763
-413.58,26.41,19775
-409.68,26.22,19786
-410.33,26.41,19799
-413.47,26.45,19810
-414.72,26.38,19822
-412.41,26.35,19833
-408.23,26.23,19846
-411.46,26.63,19857
-417.26,26.59,19869
-412.59,26.41,19880
-407.17,26.45,19892
-410.80,26.57,19904
-415.06,26.35,19915
-413.13,26.19,19928
-410.38,26.07,19939
-409.92,26.06,19951
-412.14,26.27,19962
-413.77,26.45,19975
-413.47,26.22,19986
-410.03,26.59,19998
-410.99,26.64,20009
-412.28,26.95,20022
-411.63,26.64,20033
-409.10,26.43,20045
-410.70,26.36,20057
-415.37,26.25,20068
-414.66,26.22,20080
-409.45,26.23,20091
-410.06,26.17,20104
-415.59,26.54,20115
-414.06,26.53,20127
-409.31,26.57,20139
-411.41,26.43,20151
-413.58,26.65,20162
-412.09,26.34,20174
-413.35,26.30,20186
-411.85,26.22,20198
-409.26,26.44,20209
-413.79,26.53,20220
-413.73,26.48,20233
-410.05,26.27,20244
-411.30,26.27,20256
-410.96,26.45,20268
-413.91,26.37,20280
-413.98,26.39,20291
-409.86,26.47,20303
-410.01,26.42,20315
-413.72,26.26,20327
-414.44,26.19,20338
-410.95,25.92,20350
-409.43,26.29,20362
-413.16,26.64,20373
-413.75,26.74,20385
-410.60,26.90,20397
-411.43,26.60,20409
-410.93,26.52,20420
-414.53,26.38,20432
-412.03,25.97,20444
-409.25,25.79,20456
-412.10,25.93,20467
-414.80,26.26,20480
-414.45,26.31,20491
-409.81,26.82,20503
-408.29,26.71,20514
-414.81,26.99,20526
-415.46,26.70,20538
-409.55,26.28,20549
-410.18,26.37,20561
-412.89,26.13,20573
-413.65,26.07,20585
-413.18,25.81,20596
-411.66,25.70,20609
-411.09,26.19,20620
-415.06,26.27,20632
-412.16,26.73,20643
-410.23,27.00,20656
-410.70,26.71,20667
-409.92,26.90,20678
-414.02,26.47,20690
-415.00,25.91,20702
-411.55,25.82,20714
-409.91,25.70,20725
-413.88,25.91,20738
-415.39,26.36,20749
-411.43,26.50,20761
-409.22,27.07,20772
-413.89,27.00,20785
-412.82,27.03,20796
-409.51,26.48,20808
-411.47,26.05,20819
-411.88,25.97,20831
-415.08,25.95,20843
-412.60,25.92,20854
-410.73,25.92,20867
-411.21,26.53,20878
-411.38,26.70,20890
-413.99,26.85,20901
-410.83,26.77,20914
-409.64,26.52,20925
-413.09,26.64,20937
-412.44,26.42,20948
-413.88,26.16,20961
-410.65,25.77,20972
-411.39,25.80,20984
-415.44,25.97,20996
-411.53,26.26,21007
-411.48,26.54,21019
-411.33,26.71,21030
-409.17,27.24,21043
-412.75,27.13,21054
-413.19,26.75,21066
-410.06,26.30,21078
-410.68,25.95,21090
-412.78,25.82,21101
-414.85,25.55,21113
-414.44,25.90,21125
-408.58,26.09,21137
-409.54,26.59,21148
-416.68,26.85,21159
-413.52,26.80,21172
-408.41,26.92,21183
-409.38,26.77,21195
-414.52,26.59,21207
-410.12,26.27,21219
-410.01,26.00,21230
-412.19,25.99,21242
-414.43,25.86,21254
-413.80,25.92,21266
-409.26,26.43,21277
-409.09,26.50,21289
-413.71,26.77,21301
-413.80,26.85,21312
-409.14,26.71,21324
-410.66,26.53,21336
-411.47,26.20,21348
-413.27,26.23,21359
-414.65,25.95,21371
-409.21,25.86,21383
-408.89,26.14,21395
-416.06,26.30,21406
-413.36,26.88,21419
-408.58,26.89,21430
-410.82,26.96,21442
-412.75,26.70,21453
-412.88,26.59,21465
-412.08,26.34,21477
-411.16,26.02,21488
-413.18,26.02,21500
-413.11,25.95,21512
-411.61,26.18,21524
-412.40,26.43,21535
-410.81,26.74,21548
-412.06,26.98,21559
-412.31,26.83,21571
-411.12,26.87,21582
-410.98,26.44,21595
-413.47,26.17,21606
-414.23,26.03,21617
-410.49,25.83,21629
-411.42,25.78,21641
-415.03,26.10,21653
-412.65,26.24,21664
-410.78,26.54,21677
-412.56,26.92,21688
-412.59,27.13,21700
-410.79,27.04,21711
-410.35,26.72,21724
-413.23,26.07,21735
-413.19,25.70,21747
-411.17,25.64,21758
-412.44,25.70,21770
-413.85,26.02,21782
-410.81,26.41,21793
-410.91,26.80,21806
-411.56,27.11,21817
-412.07,26.99,21829
-412.66,26.72,21840
-410.06,26.48,21853
-411.50,26.15,21864
-414.63,26.06,21876
-411.97,25.93,21888
-412.62,26.02,21900
-413.23,26.08,21911
-411.17,26.28,21922
-412.56,26.50,21935
-413.39,26.66,21946
-410.61,26.97,21958
-410.76,26.78,21969
-411.59,26.78,21982
-412.71,26.49,21993
-411.16,26.15,22005
-411.75,25.92,22017
-413.32,25.76,22029
-412.30,25.92,22040
-411.78,26.15,22052
-410.60,26.45,22064
-411.16,26.64,22075
-414.25,27.18,22087
-409.43,26.96,22098
-411.06,26.45,22111
-413.93,26.39,22122
-409.84,25.82,22134
-413.34,25.84,22146
-416.10,25.60,22158
-409.56,25.79,22169
-411.33,26.46,22181
-413.52,26.58,22193
-411.60,27.20,22205
-411.88,26.92,22216
-409.07,26.94,22228
-412.12,26.62,22240
-413.54,26.16,22251
-410.91,26.27,22263
-413.20,25.66,22275
-411.55,25.92,22287
-411.75,26.10,22298
-413.56,26.12,22310
-410.61,26.83,22322
-413.12,26.69,22334
-412.50,27.00,22345
-409.28,27.32,22358
-414.39,26.73,22369
-412.51,26.54,22381
-414.42,26.14,22392
-412.61,25.60,22404
-411.51,25.55,22416
-412.21,25.59,22427
-410.71,26.12,22439
-413.69,26.89,22451
-410.54,27.18,22463
-409.36,27.10,22474
-415.63,26.94,22487
-411.33,26.57,22498
-410.78,26.23,22510
-415.53,26.15,22521
-410.58,26.13,22534
-412.01,26.05,22545
-413.06,26.16,22556
-411.31,26.24,22568
-413.93,26.42,22580
-411.08,26.66,22592
-410.75,26.80,22603
-414.36,26.92,22616
-410.92,26.61,22627
-411.02,26.49,22639
-412.35,26.13,22650
-412.56,25.96,22663
-413.10,26.05,22674
-411.67,25.82,22686
-412.15,25.95,22697
-413.47,26.56,22709
-409.83,26.80,22721
-411.13,27.05,22732
-412.74,26.91,22745
-409.85,26.80,22756
-411.02,26.41,22768
-412.28,26.04,22779
-412.72,25.67,22792
-411.02,25.74,22803
-412.52,25.84,22815
-414.77,26.16,22827
-411.02,26.63,22839
-409.55,26.96,22850
-412.66,27.26,22861
-411.85,27.19,22874
-410.40,26.57,22885
-412.11,26.42,22897
-412.08,25.98,22908
-410.71,25.75,22921
-414.48,25.63,22932
-413.79,25.94,22944
-410.17,26.24,22956
-411.77,26.34,22968
-413.21,26.80,22979
-410.92,26.88,22991
-411.46,27.23,23003
-410.30,26.84,23014
-410.76,26.48,23026
-414.05,26.28,23037
-412.53,25.62,23050
-409.39,25.55,23061
-413.97,25.76,23073
-414.42,26.02,23085
-410.32,26.63,23097
-410.78,26.69,23108
-412.03,27.03,23120
-412.60,26.95,23132
-411.83,26.87,23144
-412.13,26.50,23155
-411.87,26.39,23166
-413.02,25.98,23179
-413.65,25.83,23190
-409.70,26.04,23202
-412.32,26.19,23214
-414.48,26.41,23226
-411.76,26.65,23237
-410.52,26.81,23249
-409.59,27.05,23261
-412.68,26.97,23273
-415.22,26.58,23284
-410.84,26.12,23297
-408.80,25.85,23308
-415.71,25.69,23320
-414.98,25.63,23331
-409.86,25.88,23343
-411.48,26.32,23355
-413.08,26.79,23366
-412.00,27.14,23378
-410.99,27.12,23390
-409.93,26.86,23402
-412.14,26.48,23413
-410.90,26.04,23426
-413.65,25.88,23437
-414.22,25.65,23449
-410.14,25.70,23460
-411.07,26.01,23473
-413.87,26.39,23484
-413.49,26.87,23495
-410.77,26.80,23507
-409.46,27.18,23519
-412.37,26.84,23531
-414.43,26.78,23542
-410.98,26.20,23555
-413.28,25.88,23566
-413.48,25.97,23578
-411.97,25.70,23589
-411.89,25.87,23602
-412.90,26.23,23613
-412.29,26.32,23625
-411.34,27.04,23636
-412.00,27.02,23648
-410.96,27.05,23660
-409.86,26.90,23671
-412.61,26.62,23684
-413.55,26.10,23695
-411.67,25.90,23707
-409.94,25.98,23718
-413.23,25.85,23731
-414.29,26.11,23742
-411.32,26.28,23754
-408.95,26.68,23766
-411.70,27.08,23778
-412.34,27.16,23789
-411.55,26.90,23800
-410.29,26.53,23813
-411.67,26.01,23824
-414.04,25.81,23836
-413.35,25.58,23847
-413.89,25.73,23860
-411.97,26.04,23871
-409.89,26.60,23883
-414.50,26.83,23895
-413.10,27.07,23907
-409.85,27.18,23918
-409.81,26.85,23930
-411.40,26.56,23942
-415.51,25.91,23953
-408.57,25.31,23965
-413.99,25.44,23976
-415.49,25.72,23989
-410.32,26.20,24000
-411.10,26.85,24012
-410.83,27.01,24024
-411.58,27.32,24036
-412.20,27.18,24047
-410.28,26.83,24059
-411.85,26.19,24071
-412.98,25.79,24083
-412.34,25.41,24094
-415.40,25.44,24105
-411.50,25.80,24118
-409.30,26.13,24129
-413.66,26.82,24141
-413.42,26.79,24153
-410.92,27.20,24165
-410.46,27.22,24176
-409.94,27.03,24188
-414.02,26.75,24200
-413.36,26.16,24212
-409.25,25.62,24223
-412.93,25.61,24236
-414.35,25.59,24247
-411.46,26.03,24259
-412.44,26.55,24270
-411.25,26.93,24282
-411.39,27.15,24294
-413.32,27.02,24305
-411.57,26.77,24317
-411.67,26.48,24329
-410.61,26.09,24341
-414.53,25.98,24352
-413.01,25.75,24365
-410.19,25.87,24376
-412.40,26.14,24388
-413.51,26.44,24399
-412.69,26.96,24412
-409.22,27.04,24423
-409.39,27.17,24434
-414.05,26.78,24446
-413.12,26.63,24458
-409.14,26.01,24470
-413.74,26.00,24481
-413.00,25.69,24494
-412.02,25.70,24505
-414.97,26.13,24517
-411.54,26.56,24528
-409.86,27.16,24541
-412.84,27.38,24552
-411.99,27.13,24564
-411.92,26.73,24576
-410.48,26.26,24587
-410.14,26.10,24599
-415.07,25.56,24610
-413.27,25.86,24623
-409.30,25.72,24634
-412.55,26.23,24646
-415.12,26.62,24657
-412.31,26.74,24670
-409.96,27.10,24681
-409.86,27.04,24693
-413.53,26.70,24705
-413.01,26.72,24717
-410.06,26.17,24728
-412.19,26.05,24739
-412.02,25.91,24752
-414.47,25.83,24763
-412.10,25.90,24775
-410.01,26.36,24786
-412.55,26.54,24799
-413.51,26.94,24810
-411.29,26.88,24822
-410.00,27.04,24834
-411.24,26.61,24846
-413.27,26.53,24857
-413.90,26.03,24869
-410.95,25.82,24881
-411.65,25.71,24892
-414.39,25.90,24904
-413.60,26.29,24915
-410.73,26.59,24928
-411.58,26.99,24939
-410.63,26.96,24951
-412.02,27.02,24963
-412.74,26.70,24975
-411.09,26.17,24986
-412.39,26.00,24998
-411.44,25.81,25010
-413.01,25.82,25022
-414.81,25.85,25033
-411.10,26.22,25046
-410.48,26.60,25057
-413.08,26.99,25068
-414.11,27.19,25080
-409.60,26.90,25092
-409.01,26.57,25104
-412.29,26.31,25115
-413.04,25.84,25127
-412.69,25.57,25139
-412.70,25.54,25151
-412.53,25.94,25162
-413.15,26.25,25175
-412.22,26.74,25186
-409.89,27.05,25198
-411.45,27.23,25209
-410.91,27.24,25221
-412.74,26.80,25233
-412.96,26.40,25244
-409.49,25.80,25256
-411.84,25.51,25268
-415.63,25.61,25280
-411.91,25.80,25291
-410.69,26.22,25304
-412.29,26.62,25315
-412.23,27.02,25327
-411.55,27.07,25338
-411.43,26.91,25351
-411.96,26.82,25362
-412.05,26.29,25373
-412.18,26.22,25385
-413.75,25.77,25397
-412.13,25.52,25409
-410.95,26.13,25420
-413.44,26.29,25433
-413.42,26.41,25444
-412.79,26.75,25456
-410.49,26.66,25467
-410.57,26.87,25480
-415.33,26.53,25491
-413.61,26.34,25503
-406.90,26.38,25515
-414.52,26.07,25526
-410.71,26.11,25538
-412.66,26.16,25549
-411.67,26.19,25562
-411.40,26.40,25573
-412.82,26.60,25585
-411.07,26.68,25596
-412.64,26.60,25609
-409.13,26.73,25620
-411.10,26.50,25632
-416.10,26.36,25644
-411.30,26.23,25656
-408.89,25.91,25667
-412.79,26.00,25678
-413.81,26.26,25691
-413.82,26.49,25702
-409.45,26.62,25714
-408.85,26.76,25725
-414.32,26.67,25738
-412.93,26.34,25749
-410.50,26.16,25761
-412.75,25.92,25773
-411.40,26.14,25785
-413.14,26.29,25796
-413.61,26.19,25808
-410.14,26.44,25820
-411.39,26.59,25831
-412.40,26.73,25843
-413.16,26.61,25854
-413.30,26.39,25867
-408.38,26.51,25878
-411.25,26.18,25890
-415.24,26.11,25902
-412.05,26.23,25914
-409.91,26.14,25925
-413.48,26.51,25937
-416.06,26.28,25949
-409.07,26.47,25961
-409.75,26.45,25972
-414.15,26.51,25985
-411.88,26.57,25996
-412.04,26.32,26007
-411.09,26.22,26019
-410.56,26.18,26031
-413.75,26.16,26043
-413.23,26.24,26054
-410.66,26.39,26066
-410.99,26.54,26078
-410.60,26.64,26090
-414.04,26.80,26101
-412.63,26.25,26114
-408.80,26.50,26125
-410.70,26.35,26137
-413.77,26.46,26148
-415.08,26.47,26160
-411.14,26.20,26172
-407.57,26.49,26183
-415.28,26.56,26195
-414.35,26.56,26207
-409.09,26.39,26219
-412.62,26.51,26230
-409.84,26.55,26243
-412.79,26.55,26254
-415.94,26.52,26266
-408.30,26.23,26277
-411.26,26.29,26290
-414.28,26.37,26301
-416.46,26.13,26312
-410.55,26.28,26324
-407.20,26.45,26336
-416.30,26.66,26348
-413.16,26.77,26359
-408.76,26.88,26372
-411.22,26.32,26383
-412.12,26.43,26395
-415.38,26.15,26406
-411.78,26.09,26419
-408.48,26.03,26430
-414.41,25.93,26442
-414.32,26.36,26454
-411.64,26.63,26465
-412.15,26.66,26477
-407.87,26.66,26488
-412.75,26.75,26501
-414.56,26.49,26512
-410.65,26.24,26524
-411.99,26.37,26535
-411.45,26.02,26548
-411.90,26.18,26559
-415.23,25.96,26571
-410.84,26.07,26583
-408.78,26.42,26595
-414.01,26.49,26606
-414.31,26.81,26617
-409.89,26.71,26630
-409.82,26.43,26641
-412.69,26.48,26653
-413.11,26.24,26664
-411.15,26.01,26677
-411.07,25.85,26688
-412.08,26.16,26700
-413.43,26.12,26712
-412.69,26.42,26724
-410.10,26.63,26735
-410.84,26.81,26747
-411.96,26.79,26759
-413.67,26.67,26770
-412.03,26.44,26782
-409.06,26.09,26793
-412.08,26.13,26806
-414.37,26.11,26817
-412.08,25.91,26829
-409.77,26.07,26841
-410.82,26.47,26853
-413.19,26.69,26864
-412.53,26.97,26876
-409.82,26.76,26888
-411.45,26.68,26900
-412.13,26.27,26911
-412.02,26.14,26923
-414.90,25.89,26935
-411.30,25.98,26946
-409.82,26.16,26958
-413.68,26.29,26970
-413.86,26.34,26982
-411.50,26.35,26993
-409.67,26.99,27005
-410.80,26.67,27017
-414.48,26.86,27029
-413.43,26.49,27040
-408.73,26.09,27053
-410.67,26.10,27064
-415.35,25.89,27075
-412.36,25.94,27087
-411.04,26.22,27099
-412.31,26.23,27111
-413.77,26.72,27122
-412.33,26.86,27134
-410.86,26.92,27146
-411.39,26.55,27158
-412.21,26.51,27169
-414.85,26.13,27182
-412.25,25.78,27193
-409.06,26.04,27205
-412.83,26.15,27216
-414.48,26.38,27229
-412.25,26.58,27240
-409.78,26.45,27251
-409.57,26.60,27264
-414.86,26.70,27275
-414.60,26.57,27287
-408.34,26.41,27298
-410.51,26.18,27311
-414.83,26.12,27322
-412.93,26.08,27334
-412.03,26.21,27345
-412.17,26.25,27358
-410.05,26.54,27369
-413.52,26.62,27381
-412.29,26.57,27393
-409.86,26.65,27404
-411.07,26.70,27416
-411.53,26.47,27427
-413.96,26.07,27440
-412.37,25.89,27451
-409.59,25.75,27463
-411.79,26.09,27474
-413.96,26.25,27487
-409.27,26.57,27498
-410.26,26.74,27510
-414.88,26.87,27522
-412.51,26.75,27534
-409.39,26.52,27545
-411.75,26.42,27556
-412.72,26.24,27569
-411.76,26.13,27580
-412.82,26.03,27592
-410.89,25.88,27603
-410.94,26.18,27616
-413.00,26.29,27627
-412.53,26.59,27639
-411.45,26.54,27651
-411.91,26.77,27663
-411.03,26.92,27674
-412.96,26.61,27686
-413.21,26.65,27698
-409.19,26.25,27709
-410.19,26.03,27721
-415.57,25.90,27732
-413.49,26.11,27745
-409.94,26.26,27756
-411.35,26.48,27768
-413.73,26.72,27780
-411.49,26.79,27792
-409.94,26.87,27803
-412.30,26.75,27815
-412.32,26.43,27827
-411.16,26.14,27839
-413.18,25.84,27850
-412.09,25.88,27862
-410.35,26.07,27874
-412.99,26.22,27885
-411.35,26.48,27897
-411.26,26.60,27909
-410.61,26.78,27921
-413.85,26.73,27932
-413.78,26.74,27944
-409.08,26.41,27956
-410.27,26.25,27968
-414.09,26.29,27979
-412.73,26.14,27992
-411.19,26.07,28003
-411.20,26.19,28014
-411.47,26.24,28026
-412.71,26.76,28038
-411.72,26.70,28050
-410.32,26.66,28061
-411.42,26.57,28073
-411.50,26.59,28085
-413.37,26.25,28097
-413.96,25.89,28108
-410.23,25.96,28121
-410.60,25.89,28132
-416.06,26.04,28144
-413.23,26.32,28155
-410.37,26.52,28168
-410.40,26.99,28179
-412.48,26.96,28190
-414.92,26.90,28203
-410.75,26.58,28214
-409.06,26.18,28226
-413.21,26.02,28237
-414.55,25.95,28250
-411.47,25.89,28261
-412.00,26.05,28273
-412.32,26.45,28284
-412.54,26.67,28297
-412.13,26.81,28308
-411.73,26.86,28320
-410.75,26.57,28332
-413.01,26.44,28343
-414.50,26.20,28355
-411.17,25.94,28366
-410.67,26.06,28379
-413.45,26.09,28390
-413.00,26.22,28402
-411.22,26.44,28413
-410.02,26.52,28426
-412.94,26.67,28437
-413.69,26.88,28449
-410.97,26.73,28461
-409.73,26.45,28473
-412.58,26.22,28484
-414.53,25.87,28495
-412.36,25.78,28508
-410.91,25.93,28519
-412.59,26.27,28531
-411.71,26.70,28542
-412.20,26.82,28555
-412.31,26.72,28566
-409.76,26.91,28578
-410.37,26.48,28590
-413.86,26.22,28602
-413.36,26.03,28613
-410.67,25.96,28625
-410.70,25.90,28637
-414.57,26.00,28648
-414.89,26.18,28660
-409.22,26.58,28672
-413.15,26.82,28684
-413.05,26.84,28695
-411.86,26.86,28707
-410.20,26.63,28719
-410.89,26.52,28731
-413.28,26.44,28742
-413.51,26.21,28754
-412.73,25.88,28766
-412.22,25.94,28778
-410.83,25.93,28789
-413.21,26.34,28801
-413.85,26.76,28813
-410.24,27.08,28824
-410.47,26.77,28836
-412.55,26.74,28848
-414.26,26.50,28860
-411.54,26.14,28871
-409.08,25.96,28883
-413.05,26.01,28895
-413.73,25.96,28907
-411.93,26.25,28918
-411.60,26.31,28931
-412.19,26.37,28942
-412.35,26.58,28953
-411.80,26.46,28965
-410.95,26.50,28977
-411.01,26.45,28989
-412.46,26.55,29000
-412.58,26.38,29012
-412.99,26.23,29024
-411.98,26.08,29036
-411.20,26.10,29047
-413.14,26.38,29060
-412.09,26.48,29071
-410.01,26.63,29083
-412.72,26.85,29094
-414.10,26.56,29107
-409.98,26.48,29118
-410.46,26.22,29129
-413.93,26.23,29142
-412.69,26.10,29153
-411.38,26.03,29165
-411.08,26.22,29176
-412.16,26.27,29189
-413.62,26.49,29200
-410.98,26.68,29212
-410.08,26.77,29223
-413.18,26.56,29236
-412.82,26.36,29247
-411.72,26.45,29259
-413.49,26.30,29271
-411.82,26.21,29282
-411.21,26.11,29294
-412.60,26.14,29305
-412.45,26.36,29318
-412.50,26.33,29329
-410.47,26.48,29341
-412.19,26.70,29352
-413.43,26.71,29365
-410.53,26.46,29376
-410.19,26.49,29388
-411.95,26.41,29400
-411.64,26.20,29412
-413.03,26.02,29423
-412.83,25.96,29434
-410.31,26.21,29447
-413.25,26.66,29458
-412.88,26.58,29470
-412.55,26.54,29481
-409.78,26.68,29494
-410.79,26.61,29505
-415.65,26.53,29517
-412.35,26.26,29529
-408.02,26.18,29541
-411.22,26.08,29552
-414.63,26.16,29564
-413.34,26.15,29576
-409.79,26.26,29587
-410.43,26.58,29599
-413.45,26.45,29611
-414.47,26.57,29623
-410.45,26.50,29634
-410.16,26.32,29646
-412.15,26.38,29658
-412.82,26.22,29670
-413.58,26.18,29681
-412.41,26.18,29693
-409.96,26.31,29705
-412.78,26.64,29717
-415.10,26.54,29728
-411.49,26.60,29740
-408.75,26.43,29752
-411.85,26.45,29763
-414.71,26.28,29775
-412.17,26.17,29787
-408.24,26.24,29799
-410.55,26.25,29810
-415.57,26.45,29822
-413.45,26.38,29834
-411.36,26.32,29846
-413.13,26.65,29857
-412.54,26.68,29870
-411.21,26.76,29881
-411.38,26.48,29892
-412.01,26.25,29904
-412.57,26.26,29916
-413.50,26.29,29928
-412.50,26.16,29939
-410.94,26.29,29952
-410.85,26.40,29963
-413.91,26.38,29975
-412.27,26.32,29986
-408.82,26.44,29999
-410.88,26.63,30010
-413.80,26.75,30022
-412.11,26.76,30033
-409.49,26.32,30045
-412.64,26.39,30057
-413.15,26.25,30068
-411.94,26.22,30081
-412.43,26.22,30092
-412.77,26.17,30104
-411.36,26.34,30115
-411.73,26.51,30128
-413.06,26.62,30139
-411.85,26.36,30151
-411.55,26.46,30162
-410.93,26.51,30175
-411.70,26.31,30186
-413.82,26.24,30197
-411.51,26.09,30210
-409.77,26.25,30221
-413.72,26.38,30233
-411.28,26.31,30244
-411.58,26.26,30257
-412.70,26.41,30268
-411.86,26.72,30280
-412.43,26.78,30291
-412.27,26.67,30304
-411.54,26.41,30315
-411.12,26.38,30327
-412.95,26.34,30339
-413.24,26.02,30351
-410.95,26.21,30362
-409.50,26.26,30373
-411.86,26.54,30386
-414.57,26.67,30397
-411.79,26.54,30409
-409.70,26.43,30420
-413.60,26.40,30433
-415.82,26.19,30444
-411.86,26.22,30456
-409.58,26.22,30468
-411.78,26.31,30480
-414.14,26.22,30491
-412.27,26.36,30503
-410.63,26.37,30515
-410.62,26.49,30526
-412.05,26.59,30538
-412.78,26.48,30550
-412.79,26.45,30562
-410.03,26.49,30573
-410.98,26.34,30585
-413.51,26.35,30597
-414.22,26.16,30609
-411.67,26.07,30620
-412.55,26.19,30632
-415.57,26.36,30644
-411.39,26.43,30656
-409.17,26.54,30667
-411.86,26.87,30679
-414.29,26.77,30691
-412.57,26.64,30702
-410.62,26.28,30714
-411.07,26.00,30726
-412.62,26.26,30738
-413.45,26.14,30749
-412.98,26.30,30761
-409.63,26.28,30773
-409.80,26.31,30785
-413.61,26.56,30796
-413.30,26.52,30809
-411.40,26.43,30820
-410.94,26.26,30831
-411.65,26.29,30843
-415.23,26.32,30855
-413.51,26.25,30867
-409.46,26.33,30878
-411.80,26.31,30891
-413.75,26.39,30902
-411.11,26.52,30914
-411.56,26.66,30925
-411.71,26.60,30938
-411.52,26.51,30949
-412.19,26.46,30961
-413.27,26.18,30972
-412.25,26.12,30984
-411.96,26.10,30996
-411.89,26.38,31007
-412.64,26.39,31020
-410.89,26.40,31031
-409.60,26.61,31043
-413.80,26.51,31054
-413.74,26.62,31067
-410.50,26.50,31078
-410.42,26.16,31090
-414.39,26.35,31101
-413.05,26.44,31114
-410.45,26.25,31125
-412.32,26.12,31136
-412.53,26.19,31149
-411.74,26.22,31160
-412.99,26.36,31172
-411.74,26.53,31183
-410.79,26.66,31196
-412.47,26.81,31207
-412.46,26.57,31219
-413.27,26.18,31230
-411.92,26.06,31243
-409.74,26.23,31254
-413.39,26.23,31266
-414.26,26.30,31278
-409.83,26.19,31289
-410.07,26.43,31301
-414.10,26.61,31312
-413.61,26.65,31325
-409.83,26.67,31336
-411.03,26.58,31348
-412.20,26.29,31360
-411.89,26.35,31372
-412.28,26.26,31383
-412.95,26.21,31395
-411.44,26.19,31407
-413.31,26.38,31419
-412.84,26.25,31430
-411.95,26.31,31441
-410.66,26.36,31454
-411.39,26.56,31465
-414.14,26.78,31477
-412.36,26.67,31489
-409.71,26.38,31501
-412.74,26.34,31512
-413.99,26.06,31524
-411.69,26.19,31536
-410.06,26.29,31548
-412.11,26.37,31559
-411.85,26.50,31571
-411.71,26.45,31583
-412.33,26.44,31595
-412.10,26.29,31606
-410.88,26.27,31618
-411.64,26.39,31630
-413.23,26.21,31641
-410.69,26.51,31653
-411.26,26.37,31665
-411.96,26.56,31677
-410.88,26.63,31688
-412.70,26.53,31700
-411.66,26.50,31712
-410.86,26.48,31724
-413.77,26.45,31735
-412.42,26.33,31748
-408.35,26.42,31759
-414.03,26.19,31770
-413.62,26.43,31782
-409.67,26.24,31794
-412.85,26.11,31806
-410.57,26.50,31817
-410.92,26.39,31830
-413.07,26.68,31841
-412.59,26.69,31853
-410.21,26.44,31864
-412.01,26.62,31877
-413.07,26.47,31888
-412.28,26.27,31900
-412.13,26.08,31911
-410.88,26.24,31923
-411.22,26.28,31935
-413.68,26.46,31946
-411.87,26.52,31959
-410.94,26.33,31970
-412.90,26.53,31982
-411.47,26.32,31993
-412.05,26.30,32006
-412.98,26.66,32017
-410.40,26.41,32029
-409.95,26.43,32040
-413.58,26.41,32053
-414.15,26.08,32064
-411.61,26.13,32075
-410.25,26.21,32088
-413.52,26.53,32099
-414.11,26.67,32111
-410.97,26.70,32122
-410.58,26.20,32135
-412.69,26.82,32146
-414.60,25.80,32158
-411.51,26.28,32169
-410.46,26.11,32182
-413.18,26.08,32193
-413.20,26.79,32205
-411.53,26.31,32217
-409.03,26.77,32228
-412.87,26.69,32240
-411.75,26.28,32251
-412.58,26.50,32264
-413.74,26.23,32275
-409.07,26.33,32287
-413.66,26.20,32299
-415.01,26.15,32311
-409.82,26.26,32322
-412.16,26.33,32334
-412.90,26.58,32346
-412.69,26.61,32358
-411.38,26.80,32369
-409.88,26.64,32380
-413.11,26.63,32393
-412.73,26.29,32404
-410.87,26.29,32416
-413.03,26.28,32428
-411.50,25.94,32440
-412.09,26.15,32451
-414.26,25.83,32463
-410.35,26.79,32475
-412.38,26.25,32487
-412.48,27.09,32498
-408.67,26.86,32510
-415.17,26.48,32522
-410.02,26.82,32533
-409.35,25.87,32545
-415.11,26.29,32557
-411.35,26.03,32569
-411.95,25.89,32580
-410.27,26.81,32592
-415.94,26.12,32604
-408.97,26.97,32616
-410.04,26.52,32627
-415.24,26.30,32640
-410.03,26.72,32651
-411.88,26.39,32663
-413.78,26.35,32674
-411.20,26.20,32687
-413.36,26.30,32698
-412.66,25.89,32709
-412.11,26.43,32721
-412.82,26.35,32733
-410.97,26.38,32745
-411.94,27.10,32756
