95550
⸮961394.00
8936.00
-410.56,26.97,1134
-411.87,26.92,1135
-411.91,26.84,1137
-410.34,26.47,1148
-413.19,26.57,1160
-414.19,26.02,1171
-410.15,26.21,1183
-411.16,26.69,1195
-414.98,26.90,1207
-410.32,27.16,1218
-409.70,27.20,1230
-413.21,27.13,1242
-412.19,27.02,1254
-410.83,26.76,1265
-411.93,26.47,1276
-411.26,26.33,1289
-410.84,26.16,1300
-412.75,26.14,1312
-413.04,26.28,1324
-410.79,26.80,1336
-411.10,26.97,1347
-412.73,27.22,1359
-410.64,27.05,1371
-410.77,26.93,1383
-412.74,26.68,1394
-411.21,26.73,1406
-409.89,26.86,1418
-413.68,26.25,1429
-412.55,26.23,1441
-409.34,26.12,1453
-412.48,26.13,1465
-415.59,26.60,1476
-410.54,26.85,1488
-408.87,27.22,1500
-412.31,27.18,1512
-411.51,26.96,1523
-410.59,26.76,1536
-412.97,26.56,1547
-409.26,26.52,1559
-413.29,26.43,1570
-414.88,26.21,1582
-409.30,26.20,1594
-410.69,26.83,1605
-413.71,26.88,1617
-411.71,27.21,1629
-410.58,27.08,1641
-410.59,26.83,1652
-411.69,26.69,1665
-413.25,26.69,1676
-412.84,26.56,1688
-410.26,26.58,1699
-410.21,26.51,1712
-413.00,26.54,1723
-414.20,26.47,1734
-410.32,26.55,1746
-410.08,26.81,1758
-412.05,27.02,1770
-412.20,27.17,1781
-412.14,27.08,1794
-411.30,26.66,1805
-409.82,26.46,1817
-412.01,26.43,1828
-414.83,26.50,1841
-411.96,26.47,1852
-408.96,26.56,1864
-411.44,26.84,1875
-414.67,26.79,1887
-411.24,27.03,1899
-409.07,26.87,1910
-412.21,26.69,1923
-413.01,26.49,1934
-412.03,26.42,1946
-411.04,26.39,1957
-409.80,26.49,1970
-413.88,26.72,1981
-413.13,26.95,1993
-408.60,26.81,2004
-409.76,27.06,2017
-415.00,26.95,2028
-412.49,26.85,2039
-409.00,26.96,2052
-412.69,26.44,2063
-412.06,26.39,2075
-412.31,26.42,2086
-413.65,26.46,2099
-411.07,26.52,2110
-411.69,26.88,2122
-412.65,27.20,2134
-411.84,27.21,2146
-411.55,27.14,2157
-409.66,27.01,2169
-411.64,26.73,2181
-413.83,26.23,2192
-409.92,26.23,2204
-412.82,25.95,2215
-412.53,26.20,2228
-410.97,26.95,2239
-412.75,26.88,2251
-410.95,27.01,2263
-409.65,27.30,2275
-411.78,27.26,2286
-412.32,26.97,2298
-411.74,26.81,2310
-410.52,26.60,2322
-411.13,26.30,2333
-411.62,26.30,2344
-411.79,26.35,2357
-412.86,26.34,2368
-410.11,26.76,2380
-412.55,27.05,2392
-413.38,27.18,2404
-409.01,27.17,2415
-412.25,26.93,2427
-413.12,26.99,2439
-410.05,26.69,2451
-412.68,26.59,2462
-413.16,26.27,2475
-410.41,26.12,2486
-412.72,26.34,2497
-415.06,26.43,2509
-411.70,26.87,2521
-408.65,27.15,2533
-413.10,27.19,2544
-414.34,27.26,2556
-409.92,26.82,2568
-410.88,26.83,2580
-413.36,26.69,2591
-412.30,26.41,2604
-411.31,26.54,2615
-412.01,26.41,2627
-412.08,26.54,2638
-412.04,26.57,2650
-412.95,26.72,2662
-412.16,26.84,2673
-409.56,27.00,2685
-411.74,27.07,2697
-414.91,26.94,2709
-411.80,26.73,2720
-409.74,26.59,2733
-412.58,26.41,2744
-411.60,26.67,2756
-413.56,26.46,2767
-410.93,26.62,2780
-409.78,26.79,2791
-414.23,26.90,2802
-412.23,26.93,2814
-409.89,26.67,2826
-411.98,26.66,2838
-412.70,26.70,2849
-411.64,26.81,2862
-411.70,26.59,2873
-412.08,26.47,2885
-412.51,26.64,2896
-411.08,26.64,2909
-413.17,26.87,2920
-412.62,26.94,2932
-409.18,27.02,2944
-412.82,26.79,2955
-413.95,26.56,2967
-410.90,26.56,2978
-411.64,26.32,2991
-413.14,26.49,3002
-411.64,26.55,3014
-411.96,26.98,3025
-412.62,26.78,3038
-410.60,26.98,3049
-411.37,27.27,3061
-411.17,26.67,3073
-411.55,26.88,3085
-411.20,26.67,3096
-411.30,26.16,3107
-414.63,26.57,3120
-410.58,26.20,3131
-415.27,26.51,3143
-410.55,26.92,3154
-409.84,26.87,3167
-414.74,27.23,3178
-410.32,26.97,3190
-409.69,26.88,3202
-415.59,26.86,3214
-408.92,26.38,3225
-410.47,26.33,3237
-414.26,26.32,3249
-411.83,26.40,3260
-411.37,26.43,3272
-410.93,26.74,3283
-412.64,26.85,3296
-413.23,26.84,3307
-409.36,27.14,3319
-413.09,26.73,3331
-413.27,26.86,3343
-409.86,26.51,3354
-413.89,26.36,3366
-411.51,26.29,3378
-408.79,26.24,3390
-415.25,26.44,3401
-412.76,26.63,3412
-409.79,26.95,3425
-413.52,27.10,3436
-410.85,27.31,3448
-412.02,27.24,3460
-413.13,26.95,3472
-410.76,26.52,3483
-412.22,26.35,3495
-411.24,26.28,3507
-412.11,26.29,3519
-409.86,26.36,3530
-411.58,26.46,3543
-414.77,26.96,3554
-409.45,26.92,3565
-410.68,27.25,3577
-412.69,26.84,3589
-409.93,26.84,3601
-412.67,26.84,3612
-412.15,26.33,3624
-410.80,26.62,3636
-412.09,26.48,3648
-411.94,26.58,3659
-414.21,26.83,3672
-411.68,26.80,3683
-408.79,26.85,3695
-414.23,26.97,3706
-412.46,26.83,3718
-410.07,26.61,3730
-414.87,26.58,3741
-410.39,26.28,3753
-410.58,26.60,3765
-415.84,26.71,3777
-411.06,26.60,3788
-409.34,26.98,3801
-413.32,26.92,3812
-410.97,26.93,3824
-410.87,26.98,3835
-412.39,26.68,3848
-412.29,26.63,3859
-411.86,26.43,3870
-411.61,26.49,3883
-413.60,26.46,3894
-411.00,26.57,3906
-414.10,26.88,3917
-412.45,26.93,3930
-408.76,26.90,3941
-412.81,26.89,3953
-411.49,26.88,3964
-410.49,26.78,3977
-413.45,26.53,3988
-411.93,26.41,4000
-410.98,26.20,4012
-412.44,26.52,4024
-412.18,26.65,4035
-411.13,26.59,4046
-411.57,27.03,4059
-412.62,26.94,4070
-412.31,27.10,4082
-409.46,27.03,4093
-411.27,26.88,4106
-412.54,26.64,4117
-410.95,26.28,4129
-411.60,26.46,4141
-413.38,26.17,4153
-412.35,26.27,4164
-411.11,26.64,4176
-412.33,26.68,4188
-412.65,26.90,4199
-410.62,27.17,4211
-410.87,27.13,4222
-412.37,27.05,4235
-411.04,26.84,4246
-409.54,26.52,4258
-412.67,26.06,4270
-413.29,26.06,4282
-411.66,26.19,4293
-412.61,26.37,4305
-410.99,26.96,4317
-412.66,27.33,4329
-412.56,27.30,4340
-410.21,27.12,4352
-411.45,27.01,4364
-413.97,26.75,4375
-411.72,26.45,4387
-411.80,26.39,4399
-412.33,26.15,4411
-411.13,26.05,4422
-412.32,26.31,4434
-413.63,26.67,4446
-411.46,26.90,4458
-409.19,27.11,4469
-412.27,27.16,4482
-412.07,27.06,4493
-409.95,27.20,4504
-413.38,26.85,4516
-412.26,26.29,4528
-410.48,26.24,4540
-413.38,26.11,4551
-413.19,26.16,4563
-410.57,26.50,4575
-410.54,26.85,4587
-413.77,27.12,4598
-411.42,27.08,4611
-409.14,27.08,4622
-413.10,26.68,4634
-413.15,26.45,4645
-409.15,26.36,4657
-413.00,26.36,4669
-414.01,26.53,4680
-409.83,26.76,4692
23.45,26.84,4704
2979.30,26.83,4716
-411.22,26.92,4727
-412.82,26.82,4740
-411.95,26.65,4751
-410.72,26.81,4763
-411.97,26.65,4774
-413.40,26.82,4787
-411.73,26.68,4798
-411.38,26.59,4809
-412.38,26.46,4822
-410.95,26.42,4833
-410.83,27.00,4845
-412.28,26.96,4856
-410.23,26.93,4869
-411.67,26.79,4880
-413.00,26.44,4892
-411.11,26.22,4903
-412.25,26.38,4916
-412.89,26.47,4927
-410.97,26.78,4939
-411.97,27.09,4951
-413.32,27.27,4962
-411.89,26.96,4974
-411.09,27.52,4985
-410.61,26.60,4998
-414.02,26.65,5009
-411.98,26.28,5021
-411.58,25.88,5032
-411.75,26.50,5045
-415.23,26.16,5056
-411.44,27.02,5068
-409.54,26.80,5080
-414.92,26.97,5092
-409.06,27.12,5103
-418.12,26.78,5114
-409.85,26.92,5127
-408.14,26.83,5138
-417.18,26.51,5150
-411.64,26.48,5161
-409.98,26.59,5174
-414.89,26.09,5185
-411.58,26.66,5197
-411.07,26.52,5209
-413.05,26.63,5221
-413.11,27.16,5232
-410.05,26.85,5244
-410.64,27.27,5256
-414.82,26.98,5267
-411.56,26.49,5279
-409.01,26.54,5291
-414.55,26.28,5303
-413.11,26.08,5314
-410.33,26.52,5326
-414.56,26.83,5338
-409.70,26.76,5350
-410.42,27.40,5361
-415.68,27.07,5373
-409.48,26.83,5385
-410.44,26.98,5397
-413.85,26.56,5408
-411.08,26.51,5420
-411.96,26.49,5432
-412.38,26.22,5443
-412.19,26.36,5455
-411.97,26.31,5467
-410.42,26.54,5479
-413.19,26.82,5490
-408.94,26.91,5502
-413.43,27.07,5514
-412.36,27.00,5526
-407.84,26.90,5537
-411.31,26.72,5550
-412.86,26.69,5561
-412.11,26.25,5572
-411.78,26.52,5584
-411.76,26.50,5596
-412.68,26.38,5608
-411.95,26.98,5619
-410.31,26.70,5632
-412.54,26.77,5643
-411.32,26.76,5655
-410.79,26.52,5666
-414.19,26.63,5679
-411.67,26.50,5690
-410.28,26.68,5702
-413.25,26.56,5713
-411.34,26.75,5725
-410.67,26.75,5737
-413.05,26.74,5748
-410.61,27.02,5761
-410.72,26.71,5772
-412.91,26.82,5784
-412.83,26.47,5795
-409.68,26.67,5808
-411.82,26.79,5819
-415.45,26.40,5831
-411.36,26.68,5842
-410.35,26.49,5855
-413.71,26.78,5866
-412.55,26.97,5877
-413.25,27.15,5890
-410.54,26.98,5901
-410.34,26.77,5913
-413.34,26.56,5924
-412.78,26.25,5937
-411.87,26.28,5948
-412.19,26.35,5960
-411.96,26.69,5971
-412.59,26.78,5984
-411.71,27.03,5995
-411.34,27.02,6007
-410.89,27.17,6019
-411.33,27.07,6030
-414.19,26.96,6042
-411.01,26.50,6053
-410.11,26.31,6066
-414.31,26.30,6077
-413.23,26.20,6089
-409.97,26.55,6100
-411.79,26.73,6113
-412.91,26.95,6124
-410.64,27.20,6136
-411.48,26.99,6148
-413.52,27.08,6160
-409.73,26.86,6171
-409.98,26.58,6182
-414.58,26.44,6195
-411.75,26.20,6206
-409.84,26.30,6218
-413.82,26.48,6230
-413.22,26.64,6242
-409.77,26.83,6253
-412.50,27.06,6265
-412.40,27.16,6277
-412.02,27.19,6289
-412.66,27.24,6300
-410.39,26.71,6312
-410.63,26.55,6324
-413.51,26.31,6335
-412.77,26.09,6347
-410.92,26.39,6359
-412.27,26.50,6371
-412.36,26.73,6382
-411.11,26.90,6394
-411.11,27.11,6406
-412.71,26.70,6418
-410.51,26.85,6429
-409.15,27.38,6441
-413.52,26.19,6453
-412.97,27.00,6465
-412.41,26.24,6476
-409.81,26.11,6488
-415.02,26.88,6500
-411.26,26.56,6511
-408.46,26.85,6523
-417.40,27.16,6535
-408.74,26.60,6547
-406.02,27.26,6558
-422.51,26.52,6571
-407.02,26.93,6582
-407.28,26.41,6594
-419.87,26.43,6605
-406.03,26.65,6618
-412.15,26.22,6629
-417.26,27.06,6640
-405.69,26.62,6652
-412.75,26.88,6664
-413.05,27.07,6676
-411.97,26.43,6687
-408.08,27.02,6700
-416.27,26.67,6711
-412.90,26.63,6723
-406.96,26.69,6734
-415.95,26.38,6747
-410.98,26.42,6758
-410.46,26.64,6770
-417.09,26.99,6781
-406.58,26.48,6793
-411.06,26.99,6805
-415.31,26.71,6816
-408.76,26.53,6829
-414.95,26.59,6840
-409.72,26.51,6852
-408.05,26.70,6863
-418.17,26.77,6876
-408.88,26.82,6887
-410.01,26.69,6899
-414.06,26.82,6910
-407.63,26.83,6923
-416.82,26.63,6934
-412.19,26.60,6945
-405.39,26.39,6958
-416.22,26.50,6969
-413.39,26.34,6981
-411.15,26.48,6992
-413.05,26.82,7005
-408.91,26.56,7016
-415.03,27.08,7028
-414.29,26.70,7040
-407.86,26.76,7052
-413.94,27.02,7063
-410.77,26.83,7075
-417.06,26.90,7087
-407.75,26.35,7098
-408.66,26.58,7110
-416.31,26.35,7121
-411.25,26.35,7134
-411.07,26.77,7145
-413.01,26.32,7157
-409.77,26.64,7169
-414.36,26.99,7181
-410.79,26.94,7192
-410.31,27.04,7204
-413.03,27.04,7216
-409.50,26.89,7228
-416.41,26.50,7239
-412.16,26.22,7250
-405.94,26.43,7263
-417.88,26.34,7274
-413.65,26.50,7286
-407.52,26.90,7298
-415.51,26.66,7310
-409.58,27.20,7321
-410.03,27.15,7333
-415.47,26.83,7345
-409.67,27.00,7357
-410.26,26.50,7368
-412.39,26.42,7380
-413.36,26.17,7392
-411.95,26.22,7403
-408.57,26.70,7415
-414.35,26.67,7427
-414.56,26.76,7439
-407.70,26.98,7450
-411.20,27.25,7462
-406.88,26.90,7474
-417.41,27.02,7486
-410.35,26.75,7497
-406.86,26.54,7510
-416.38,26.69,7521
-411.52,26.19,7533
-409.79,26.51,7544
-412.96,26.73,7556
-411.21,26.56,7568
-412.21,27.10,7579
-412.05,27.06,7591
-412.90,26.83,7603
-412.17,26.87,7615
-409.25,26.57,7626
-415.36,26.48,7639
-413.22,26.34,7650
-406.11,26.48,7662
-413.29,26.62,7673
-415.38,26.89,7686
-409.42,26.85,7697
-411.37,26.43,7708
-412.40,27.14,7720
-412.02,26.29,7732
-410.63,27.07,7744
-413.39,26.82,7755
-411.48,26.44,7768
-409.11,27.25,7779
-415.21,26.34,7791
-411.64,26.75,7802
-410.17,26.60,7815
-413.58,26.43,7826
-409.50,26.98,7838
-412.78,26.62,7849
-408.09,26.77,7861
-414.48,26.60,7873
-410.87,26.80,7884
-410.47,26.84,7897
-416.09,26.38,7908
-408.36,26.98,7920
-412.01,26.60,7931
-415.12,26.82,7944
-409.31,26.92,7955
-411.60,26.60,7967
-411.49,26.99,7979
-410.66,26.76,7991
-412.94,25.99,8002
-411.30,27.05,8013
-412.28,25.84,8026
-410.49,26.92,8037
-414.29,26.86,8049
-412.00,26.34,8060
-408.26,27.18,8073
-412.99,26.83,8084
-412.58,26.93,8096
-410.62,27.21,8108
-412.42,26.47,8120
-410.26,26.49,8131
-413.81,26.91,8143
-411.97,26.12,8155
-408.98,26.40,8166
-416.35,26.52,8178
-408.91,26.33,8189
-409.59,26.81,8202
-418.89,26.92,8213
-406.16,27.06,8225
-411.24,27.22,8237
-406.64,27.13,8249
-411.87,26.71,8260
-414.09,26.48,8272
-409.28,26.53,8284
-413.59,25.95,8296
-412.23,26.64,8307
-411.40,26.38,8318
-410.72,26.35,8331
-410.52,27.17,8342
-415.60,26.73,8354
-407.47,27.37,8366
-409.83,27.12,8378
-420.98,26.80,8389
-405.00,26.89,8401
-410.11,26.29,8413
-419.31,26.30,8425
-407.88,26.16,8436
-412.54,26.33,8449
-414.36,26.59,8460
-408.94,26.63,8471
-414.20,26.93,8483
-411.19,27.21,8495
-410.75,27.13,8507
-412.69,26.98,8518
-408.77,26.97,8530
-414.21,26.58,8542
-412.31,26.50,8554
-408.36,26.47,8565
-415.83,26.16,8578
-412.12,26.37,8589
-409.77,26.98,8601
-414.42,26.56,8612
-409.35,26.89,8624
-411.78,27.13,8636
-408.90,26.47,8647
-411.79,27.01,8659
-413.97,26.77,8671
-411.72,26.49,8683
-412.83,26.64,8694
-411.55,26.41,8707
-410.94,26.47,8718
-413.70,26.84,8730
-410.86,26.75,8741
-412.55,26.71,8754
-414.01,26.85,8765
-409.14,26.62,8776
-412.30,26.80,8788
-414.63,26.69,8800
-409.64,26.58,8812
-411.91,26.93,8823
-414.35,26.27,8836
-411.14,27.00,8847
-410.09,26.49,8859
-411.52,26.72,8870
-414.53,27.18,8883
-410.49,26.56,8894
-410.68,27.10,8906
-415.20,26.51,8918
-406.56,26.68,8929
-415.30,26.50,8941
-416.09,26.62,8952
-404.48,26.56,8965
-415.71,26.68,8976
-414.57,26.96,8988
-407.23,26.87,8999
-414.85,26.95,9012
-409.97,26.87,9023
-415.96,26.18,9035
-408.17,26.52,9047
-414.04,26.15,9059
-412.06,26.06,9070
-410.27,26.88,9081
-415.82,26.40,9094
-408.55,27.04,9105
-410.42,27.04,9117
-415.78,26.78,9128
-407.40,27.18,9141
-412.12,26.78,9152
-413.67,26.76,9164
-407.62,26.67,9176
-414.17,26.62,9188
-413.25,26.34,9199
-410.46,26.52,9211
-413.70,26.51,9223
-409.94,26.66,9234
-413.05,27.01,9246
-413.50,26.70,9257
-407.82,27.11,9270
-414.55,27.14,9281
-411.30,26.68,9293
-409.86,26.73,9305
-415.50,26.34,9317
-410.17,26.06,9328
-410.22,26.59,9340
-414.54,26.55,9352
-411.44,26.55,9364
-412.76,27.00,9375
-411.26,26.75,9387
-411.03,26.84,9399
-415.01,26.94,9410
-410.34,26.74,9422
-413.18,27.02,9434
-410.59,26.69,9446
-412.85,26.46,9457
-413.64,26.57,9469
-409.39,25.96,9481
-413.22,26.75,9493
-414.08,26.34,9504
-410.13,26.78,9517
-411.98,26.84,9528
-412.26,26.65,9539
-411.41,27.13,9551
-412.42,26.94,9563
-409.71,26.86,9575
-413.35,26.56,9586
-411.04,26.47,9598
-410.67,26.48,9610
-415.68,26.59,9622
-407.63,26.69,9633
-411.16,26.85,9646
-418.41,26.85,9657
-407.43,26.80,9669
-410.57,26.81,9680
-415.47,26.83,9692
-409.83,26.94,9704
-413.47,26.67,9715
-411.45,26.38,9728
-409.47,26.57,9739
-413.87,26.46,9751
-412.70,26.65,9762
-412.02,26.58,9775
-410.77,26.87,9786
-410.31,26.85,9798
-416.06,26.69,9809
-408.45,26.82,9822
-414.81,26.35,9833
-411.39,26.65,9844
-410.88,26.71,9857
-416.15,26.63,9868
-408.20,26.69,9880
-409.99,26.68,9891
-415.79,26.81,9904
-411.69,26.67,9915
-409.39,26.89,9927
-410.84,26.79,9938
-414.76,26.66,9951
-412.66,26.70,9962
-408.41,26.48,9974
-413.34,26.62,9986
-411.90,26.77,9997
-409.33,26.74,10009
-415.54,26.93,10020
-410.92,26.76,10033
-408.05,26.83,10044
-413.76,26.70,10056
-412.57,26.66,10067
-411.15,26.76,10080
-411.48,26.58,10091
-411.88,26.65,10103
-414.06,26.60,10115
-411.10,26.49,10127
-410.10,26.38,10138
-414.89,26.62,10149
-411.99,26.81,10162
-412.17,26.95,10173
-412.49,27.24,10185
-409.21,26.96,10196
-412.32,26.85,10209
-408.82,26.58,10220
-412.69,26.37,10232
-413.80,26.17,10244
-412.00,26.31,10256
-413.10,26.10,10267
-411.79,26.45,10279
-410.79,26.81,10291
-411.32,26.93,10302
-414.13,27.28,10314
-412.85,27.01,10326
-407.22,27.00,10338
-413.29,26.71,10349
-416.12,26.43,10361
-408.55,26.29,10373
-412.35,26.19,10385
-413.87,26.32,10396
-409.48,26.49,10408
-413.09,26.93,10420
-411.99,27.02,10432
-409.81,27.15,10443
-413.15,27.16,10455
-411.71,27.17,10467
-411.66,26.86,10478
-410.75,26.61,10490
-411.28,26.45,10502
-413.73,25.96,10514
-410.73,26.24,10525
-411.69,26.43,10537
-414.44,26.47,10549
-411.64,26.90,10561
-411.14,27.03,10572
-413.12,27.02,10585
-409.54,27.19,10596
-412.61,27.27,10607
-411.22,26.84,10619
-411.79,26.51,10631
-411.84,26.51,10643
-412.48,26.05,10654
-412.28,26.25,10667
-410.57,26.41,10678
-412.67,26.73,10690
-412.46,27.09,10701
-410.17,26.95,10714
-412.64,27.09,10725
-411.16,27.02,10737
-409.35,26.93,10748
-412.81,27.04,10760
-413.02,26.43,10772
-409.19,26.08,10783
-411.74,26.44,10796
-413.54,26.52,10807
-411.38,26.67,10819
-410.69,26.85,10830
-411.91,26.86,10843
-411.95,26.93,10854
-412.28,27.10,10866
-412.57,27.20,10877
-412.79,25.96,10890
-409.93,28.06,10901
-411.84,24.74,10912
-412.59,27.30,10925
-412.79,26.42,10936
-412.44,25.63,10948
-408.30,28.35,10959
-414.20,26.11,10972
-409.42,27.18,10983
-413.05,27.25,10995
-404.46,25.84,11006
-413.35,27.46,11019
-420.23,25.74,11030
-401.94,27.21,11042
-415.07,25.66,11054
-414.64,27.14,11065
-408.30,27.13,11077
-414.94,26.32,11088
-409.90,27.94,11101
-409.18,26.08,11112
-411.23,27.41,11124
-415.48,26.55,11136
-414.70,26.00,11148
-403.69,26.84,11159
-416.65,25.91,11171
-415.20,26.74,11183
-406.56,26.17,11195
-416.23,26.67,11206
-409.81,27.07,11217
-407.60,27.00,11230
-418.89,27.57,11241
-407.89,26.92,11253
-407.04,26.78,11265
-417.52,26.17,11277
-411.36,26.72,11288
-412.10,26.26,11300
-414.13,26.47,11312
-407.55,26.79,11324
-413.79,26.05,11335
-415.27,27.61,11347
-408.69,26.72,11359
-411.73,27.27,11370
-409.85,27.45,11382
-413.34,26.48,11394
-408.12,26.76,11406
-413.61,25.89,11417
-412.79,26.38,11429
-412.75,25.93,11441
-414.42,26.42,11453
-406.91,26.73,11464
-413.63,26.65,11476
-414.68,27.58,11488
-407.76,26.88,11500
-411.93,27.77,11511
-411.23,26.97,11524
-408.94,26.66,11535
-414.78,26.58,11546
-413.79,25.32,11558
-408.80,26.11,11570
-412.57,26.18,11582
-415.48,26.43,11593
-410.51,26.93,11606
-408.67,27.18,11617
-411.96,27.39,11629
-412.10,27.21,11640
-411.24,27.21,11653
-410.56,26.63,11664
-410.13,26.75,11675
-411.61,26.30,11687
-414.93,26.20,11699
-413.39,26.17,11711
-408.05,26.25,11722
-412.18,26.86,11735
-414.09,26.67,11746
-409.95,27.18,11758
-412.46,27.21,11769
-410.48,27.13,11782
-414.03,27.02,11793
-412.36,26.59,11805
-407.70,26.39,11816
-411.56,26.09,11829
-416.72,26.41,11840
-411.03,26.18,11851
-408.98,26.52,11864
-412.22,26.90,11875
-412.87,26.77,11887
-410.97,27.20,11898
-411.82,26.93,11911
-412.26,26.93,11922
-409.62,26.74,11934
-411.94,26.50,11945
-414.59,26.59,11958
-409.70,26.42,11969
-410.88,26.72,11981
-414.69,26.49,11993
-412.88,26.66,12004
-410.46,26.66,12016
-410.47,26.88,12027
-413.64,27.19,12040
-412.83,26.89,12051
-411.16,27.04,12063
-411.18,26.54,12075
-410.63,26.45,12087
-413.49,26.38,12098
-412.54,26.31,12110
-412.09,26.63,12122
-411.10,26.70,12134
-411.79,27.02,12145
-413.42,26.98,12156
-410.73,26.83,12169
-411.95,26.81,12180
-410.38,26.66,12192
-412.32,26.67,12204
-414.20,26.37,12216
-410.25,26.30,12227
-410.35,26.55,12239
-414.04,26.85,12251
-412.13,27.11,12263
-410.51,26.80,12274
-411.44,27.13,12286
-410.96,26.99,12298
-411.90,26.88,12309
-412.91,26.89,12321
-410.42,26.06,12333
-411.39,26.53,12345
-411.98,26.16,12356
-413.75,26.18,12368
-413.71,26.75,12380
-411.11,26.76,12392
-409.72,27.56,12403
-414.75,27.19,12416
-409.98,27.52,12427
-409.94,26.88,12439
-415.12,26.42,12450
-407.45,26.23,12462
-412.27,25.93,12474
-417.93,26.21,12485
-406.21,26.23,12497
-412.48,26.78,12509
-416.29,27.03,12521
-408.32,27.18,12532
-413.23,27.12,12545
-410.07,27.17,12556
-409.60,26.89,12568
-409.66,26.57,12579
-411.96,26.46,12592
-412.40,25.91,12603
-410.96,26.26,12614
-415.51,26.17,12626
-410.23,26.33,12638
-407.99,27.00,12650
-415.37,27.12,12661
-411.50,27.22,12674
-409.21,27.56,12685
-413.50,27.16,12697
-410.06,26.72,12708
-413.04,26.69,12721
-413.74,25.89,12732
-409.76,25.83,12744
-414.13,26.16,12755
-410.02,26.40,12767
-413.23,26.75,12779
-415.66,27.18,12790
-404.63,27.28,12803
-413.70,27.30,12814
-417.35,27.09,12826
-404.86,26.84,12837
-416.04,26.49,12850
-413.00,26.32,12861
-405.45,26.29,12873
-419.15,26.31,12884
-412.60,26.53,12897
-406.11,26.73,12908
-414.91,26.81,12919
-412.02,26.95,12932
-412.07,26.81,12943
-410.86,27.00,12955
-415.57,26.88,12966
-412.64,26.73,12979
-410.97,26.45,12990
-412.77,26.07,13002
-409.56,26.40,13014
-413.79,26.60,13026
-416.07,26.76,13037
-407.07,26.66,13049
-411.51,27.02,13061
-413.63,26.77,13072
-408.27,26.88,13084
-411.28,26.87,13095
-411.71,26.21,13108
-410.56,26.42,13119
-412.88,26.34,13131
-413.40,26.68,13143
-411.85,26.88,13155
-407.40,27.01,13166
-411.98,26.97,13178
-416.37,26.98,13190
-408.23,26.89,13202
-410.54,26.55,13213
-414.78,26.85,13224
-411.07,26.28,13237
-412.91,26.64,13248
-411.86,26.51,13260
-408.68,26.62,13272
-413.45,27.05,13284
-412.46,26.62,13295
-409.99,26.92,13307
-411.40,26.86,13319
-409.90,26.88,13331
-413.46,26.82,13342
-412.95,26.41,13355
-411.86,26.38,13366
-413.53,26.24,13377
-411.00,26.25,13389
-413.18,26.52,13401
-411.57,26.43,13413
-410.10,26.88,13424
-414.55,27.10,13436
-411.13,27.01,13448
-408.89,26.90,13460
-411.77,26.78,13471
-411.74,26.59,13484
-411.80,26.41,13495
-411.56,26.47,13507
-412.29,26.17,13518
-412.80,26.24,13530
-411.45,26.59,13542
-412.58,26.60,13553
-412.84,26.93,13565
-409.45,27.10,13577
-412.59,27.11,13589
-413.22,27.16,13600
-409.10,26.81,13613
-412.11,26.74,13624
-413.79,26.40,13636
-411.52,26.24,13647
-411.51,26.20,13660
-412.64,26.32,13671
-413.78,26.39,13682
-411.52,26.80,13694
-410.79,27.10,13706
-412.77,27.05,13718
-409.80,27.08,13729
-411.71,26.73,13742
-411.13,26.54,13753
-408.67,26.44,13765
-413.06,26.33,13776
-412.79,26.29,13789
-411.65,26.26,13800
-412.50,26.23,13812
-412.82,26.68,13824
-410.80,27.05,13835
-411.73,27.10,13847
-413.22,27.05,13858
-410.65,27.03,13871
-410.91,26.90,13882
-414.71,26.72,13894
-412.69,26.48,13905
-410.28,26.14,13918
-412.84,26.16,13929
-411.64,26.24,13941
-411.56,26.52,13953
-413.38,26.78,13965
-411.04,26.86,13976
-409.67,27.13,13987
-412.63,27.10,14000
-413.05,26.95,14011
-411.18,26.60,14023
-411.48,26.47,14034
-411.97,26.49,14047
-411.85,26.43,14058
-412.23,26.28,14070
-412.21,26.42,14082
-410.51,26.52,14094
-411.65,27.02,14105
-413.72,27.04,14117
-411.26,26.86,14129
-410.28,26.82,14140
-412.60,26.55,14152
-411.20,26.39,14163
-412.00,26.46,14176
-411.99,26.47,14187
-411.14,26.57,14199
-412.22,26.76,14211
-411.62,26.88,14223
-411.50,26.82,14234
-411.50,26.98,14246
-412.71,26.88,14258
-412.47,26.57,14270
-410.23,26.42,14281
-410.93,26.24,14292
-413.49,26.51,14305
-411.87,26.62,14316
-411.00,26.80,14328
-411.47,27.05,14340
-411.39,26.84,14352
-411.10,26.96,14363
-412.39,26.69,14375
-412.12,26.61,14387
-410.25,26.66,14399
-411.67,26.52,14410
-414.28,26.46,14423
-411.43,26.20,14434
-410.79,26.55,14445
-413.01,26.62,14457
-412.18,26.80,14469
-411.85,27.04,14481
-410.87,26.86,14492
-409.93,27.14,14504
-411.32,27.05,14516
-412.67,26.63,14528
-410.81,26.52,14539
-411.69,26.34,14552
-413.53,26.31,14563
-412.76,26.32,14575
-409.93,26.74,14586
-411.00,26.70,14598
-413.37,27.05,14610
-411.04,27.12,14621
-411.69,26.98,14633
-412.34,26.93,14645
-410.90,26.71,14657
-413.25,26.69,14668
-412.57,26.47,14681
-409.06,26.33,14692
-413.50,26.41,14704
-413.84,26.48,14715
-409.97,26.73,14728
-411.91,26.89,14739
-412.36,27.15,14750
-410.63,26.70,14763
-411.57,27.46,14774
-411.24,26.27,14786
-409.88,26.60,14797
-412.22,26.58,14810
-412.06,25.67,14821
-413.03,26.58,14833
-412.86,26.28,14844
-408.35,26.72,14857
-416.15,27.29,14868
-413.07,26.85,14880
-405.63,27.27,14892
-414.18,27.27,14903
-414.91,26.80,14915
-415.56,26.69,14926
-412.81,26.29,14939
-407.56,26.46,14950
-415.44,26.47,14962
-413.02,26.49,14973
-408.31,26.66,14986
-411.50,27.01,14997
-415.27,26.94,15009
-411.72,26.95,15021
-409.04,27.01,15033
-414.01,26.70,15044
-412.31,26.60,15055
-409.02,26.43,15068
-415.22,26.38,15079
-412.33,26.49,15091
-408.25,26.57,15102
-415.24,27.04,15115
-412.87,27.02,15126
-406.53,26.69,15138
-414.83,27.11,15150
-412.35,26.84,15162
-410.06,26.49,15173
-414.86,26.52,15185
-412.26,26.17,15197
-410.46,26.12,15208
-413.18,26.73,15220
-414.06,26.59,15232
-411.37,26.83,15244
-408.21,27.26,15255
-413.45,26.76,15267
-413.72,26.83,15279
-409.40,26.62,15291
-412.28,26.43,15302
-412.67,26.30,15314
-413.50,26.32,15326
-412.22,26.39,15338
-409.71,26.53,15349
-413.13,27.03,15361
-412.24,26.92,15373
-411.81,27.22,15384
-410.73,27.06,15396
-409.67,27.02,15408
-413.20,26.88,15420
-413.25,26.40,15431
-410.64,26.42,15443
-412.52,26.07,15455
-412.33,26.31,15467
-410.95,26.37,15478
-413.44,26.65,15491
-411.60,27.01,15502
-409.04,27.11,15513
-412.95,27.35,15525
-412.23,27.14,15537
-408.56,27.06,15549
-410.74,26.53,15560
-413.25,26.32,15572
-412.64,26.22,15584
-411.88,26.10,15596
-412.70,26.47,15607
-411.22,26.59,15620
-411.96,26.95,15631
-412.99,27.08,15643
-410.79,27.16,15654
-410.47,27.28,15666
-412.84,26.89,15678
-411.75,26.76,15689
-411.80,26.41,15702
-411.65,26.19,15713
-412.74,26.37,15725
-412.97,26.49,15736
-411.00,26.64,15749
-411.54,26.89,15760
-410.62,27.13,15772
-411.39,27.26,15783
-413.06,27.00,15796
-410.02,26.81,15807
-410.79,26.61,15818
-414.59,26.46,15831
-412.93,26.30,15842
-410.12,26.25,15854
-412.41,26.38,15865
-412.68,26.40,15878
-412.05,26.78,15889
-412.58,27.00,15901
-411.48,26.78,15912
-410.57,26.93,15925
-412.45,26.93,15936
-412.47,26.85,15948
-410.85,26.63,15960
-410.30,26.61,15971
-412.73,26.54,15983
-413.03,26.53,15994
-410.45,26.75,16007
-412.26,26.61,16018
-411.80,26.81,16030
-410.88,26.96,16041
-414.00,26.70,16054
-412.12,26.64,16065
-408.30,26.76,16077
-412.69,26.78,16089
-415.24,26.56,16101
-410.24,26.55,16112
-412.82,26.73,16123
-411.83,26.57,16136
-411.78,26.89,16147
-412.49,26.82,16159
-411.22,26.96,16171
-410.18,26.78,16183
-413.47,26.58,16194
-412.42,26.45,16206
-409.95,26.40,16218
-412.20,26.64,16230
-414.53,26.56,16241
-410.67,26.65,16253
-411.60,26.93,16265
-412.67,26.89,16276
-409.21,26.87,16288
-412.27,26.95,16300
-413.97,26.66,16312
-409.07,26.55,16323
-410.94,26.49,16335
-415.10,26.47,16347
-411.44,26.55,16359
-410.90,26.54,16370
-412.38,26.59,16382
-413.26,26.63,16394
-412.40,26.89,16406
-411.36,26.86,16417
-412.20,26.98,16429
-411.36,27.01,16441
-411.58,26.89,16452
-413.58,26.71,16464
-410.94,26.30,16476
-408.59,26.26,16488
-414.27,26.26,16499
-410.71,26.43,16512
-411.60,26.66,16523
-412.90,26.76,16535
-411.59,27.09,16546
-411.97,27.12,16559
-411.78,27.20,16570
-410.65,26.99,16581
-411.87,26.63,16593
-413.32,26.40,16605
-412.25,26.26,16617
-410.49,26.30,16628
-412.22,26.39,16641
-413.26,26.34,16652
-411.98,26.77,16664
-409.32,26.82,16675
-412.44,27.07,16688
-413.88,27.04,16699
-411.31,27.10,16711
-411.33,26.99,16722
-412.27,26.51,16734
-409.55,26.46,16746
-412.30,26.25,16757
-414.29,26.37,16770
-410.26,26.23,16781
-411.29,26.50,16793
-413.63,26.86,16804
-411.33,26.92,16817
-411.21,27.14,16828
-411.82,26.96,16840
-410.59,26.96,16851
-412.73,26.78,16864
-412.57,26.60,16875
-411.28,26.28,16886
-413.64,26.35,16899
-411.69,26.53,16910
-410.92,26.46,16922
-412.54,26.71,16933
-411.94,26.74,16946
-411.49,26.74,16957
-411.92,26.86,16969
-413.52,26.89,16980
-411.35,26.69,16993
-410.92,27.01,17004
-412.83,26.67,17016
-412.50,26.60,17028
-409.80,26.61,17039
-411.92,26.61,17051
-413.14,26.70,17062
-411.28,26.64,17075
-412.23,26.84,17086
-413.83,26.52,17098
-410.23,26.77,17110
-410.08,26.82,17122
-414.36,26.65,17133
-412.47,26.77,17145
-409.34,26.46,17157
-413.37,26.54,17169
-414.08,26.64,17180
-410.40,26.84,17191
-411.56,26.70,17204
-413.37,26.74,17215
-410.85,26.72,17227
-410.86,26.49,17239
-413.18,26.49,17251
-411.41,26.54,17262
-410.97,26.56,17274
-411.25,26.62,17286
-410.46,26.57,17298
-413.05,26.83,17309
-412.34,26.89,17321
-410.33,26.88,17333
-412.44,26.99,17344
-411.82,26.70,17356
-411.01,26.68,17368
-411.75,26.57,17380
-412.89,26.50,17391
-411.02,26.52,17403
-411.30,26.48,17415
-413.19,26.59,17427
-411.38,26.49,17438
-409.33,26.92,17451
-413.64,26.94,17462
-411.34,27.13,17474
-409.40,27.12,17485
-412.29,26.78,17497
-411.33,26.46,17509
-411.00,26.29,17520
-412.97,26.38,17532
-412.34,26.44,17544
-411.28,26.55,17556
-411.66,26.70,17567
-411.15,26.84,17580
-412.55,27.00,17591
-412.07,27.00,17603
-410.76,27.02,17614
-412.29,26.87,17627
-411.04,26.55,17638
-411.91,26.36,17649
-412.65,26.25,17661
-411.29,26.26,17673
-412.10,26.57,17685
-411.17,26.54,17696
-411.53,26.91,17709
-412.42,27.23,17720
-412.84,27.14,17732
-411.25,27.10,17743
-411.90,27.00,17756
-413.53,26.77,17767
-411.01,26.46,17779
-410.73,26.52,17790
-414.15,26.27,17802
-411.14,26.07,17814
-408.87,26.51,17825
-413.83,26.67,17838
-412.87,26.93,17849
-409.42,27.13,17861
-411.55,26.99,17872
-411.63,27.09,17885
-410.49,26.81,17896
-413.43,26.51,17908
-412.13,26.41,17920
-410.24,26.33,17932
-412.94,26.32,17943
-413.80,26.43,17954
-410.51,26.70,17967
-411.83,26.79,17978
-414.18,27.00,17990
-411.13,26.99,18001
-410.61,26.88,18014
-412.86,26.84,18025
-411.16,26.31,18037
-410.69,26.57,18049
-414.62,26.37,18061
-411.10,26.36,18072
-412.39,26.68,18084
-413.33,26.63,18096
-411.05,26.76,18107
-410.14,27.03,18119
-412.73,26.93,18130
-413.57,26.75,18143
-410.29,26.61,18154
-411.72,26.53,18166
-414.14,26.51,18178
-411.21,26.50,18190
-411.91,26.63,18201
-412.36,26.75,18213
-411.17,26.96,18225
-410.70,27.00,18237
-413.67,27.04,18248
-411.83,26.83,18259
-410.82,26.66,18272
-411.65,26.59,18283
-413.77,26.39,18295
-411.79,26.57,18307
-410.70,26.34,18319
-412.68,26.77,18330
-411.16,26.79,18342
-411.03,26.99,18354
-414.25,27.01,18366
-410.57,26.88,18377
-410.11,27.13,18390
-413.24,26.87,18401
-412.37,26.66,18412
-409.74,26.44,18424
-411.77,26.22,18436
-414.88,26.12,18448
-410.97,26.21,18459
-413.91,26.34,18471
-410.33,26.79,18483
-409.92,27.04,18495
-415.02,27.40,18506
-410.00,27.23,18519
-407.54,27.16,18530
-413.96,26.76,18542
-413.15,26.36,18553
-408.89,26.02,18565
-413.82,25.81,18577
-412.79,26.22,18588
-410.59,26.50,18600
-414.07,26.96,18612
-410.64,27.13,18624
-408.51,27.39,18635
-413.26,27.34,18648
-412.38,27.02,18659
-409.49,26.79,18671
-411.57,26.54,18682
-411.21,26.25,18695
-412.88,25.97,18706
-412.66,25.93,18717
-412.08,26.05,18729
-411.23,26.49,18741
-411.92,26.90,18753
-414.11,27.33,18764
-411.68,27.15,18777
-409.02,27.19,18788
-411.86,27.12,18800
-414.09,26.71,18811
-411.82,26.22,18824
-411.33,25.82,18835
-411.63,25.88,18847
-412.30,25.94,18859
-412.36,26.62,18870
-410.43,26.88,18882
-410.46,27.32,18893
-412.70,27.64,18906
-412.84,27.28,18917
-409.76,27.03,18929
-411.31,26.40,18940
-414.18,26.28,18953
-412.16,26.16,18964
-412.05,26.17,18976
-412.23,26.41,18988
-410.67,26.42,19000
-411.50,26.82,19011
-413.30,26.79,19022
-411.90,27.03,19035
-410.38,27.03,19046
-410.89,26.97,19058
-413.89,26.67,19069
-412.47,26.36,19082
-408.29,26.30,19093
-413.69,26.39,19105
-413.64,26.48,19117
-410.36,26.66,19129
-412.47,26.76,19140
-411.74,26.93,19152
-409.05,27.04,19164
-414.14,26.85,19175
-413.98,26.69,19187
-408.90,26.50,19198
-411.29,26.40,19211
-413.20,26.34,19222
-411.97,26.41,19234
-412.15,26.79,19246
-411.62,26.82,19258
-412.93,27.13,19269
-410.73,27.02,19281
-410.46,26.77,19293
-410.30,26.83,19305
-412.37,26.62,19316
-413.79,26.69,19328
-409.83,26.58,19340
-410.75,26.41,19351
-414.52,26.47,19363
-411.25,26.50,19375
-411.58,26.77,19387
-411.38,26.67,19398
-408.90,27.17,19410
-411.66,27.14,19422
-414.12,26.97,19434
-411.45,26.76,19445
-409.50,26.55,19458
-411.82,26.46,19469
-415.83,26.14,19480
-412.48,26.27,19492
-409.03,26.29,19504
-413.92,26.52,19516
-413.60,27.03,19527
-409.17,27.34,19539
-412.25,27.24,19551
-411.07,26.95,19563
-409.87,26.82,19574
-415.34,26.42,19587
-412.51,26.26,19598
-408.12,26.26,19610
-413.84,26.12,19621
-414.50,26.15,19633
-411.95,26.41,19645
-409.91,26.86,19656
-411.83,27.36,19668
-412.90,27.41,19680
-411.15,27.21,19692
-410.56,27.03,19703
-409.89,26.64,19716
-412.88,26.55,19727
-414.92,26.00,19739
-410.00,25.93,19750
-410.31,26.21,19763
-414.91,26.44,19774
-412.18,26.93,19785
-410.13,27.08,19798
-411.36,27.25,19809
-409.94,27.06,19821
-411.39,27.00,19832
-413.74,26.62,19845
-410.88,26.31,19856
-410.02,26.24,19868
-413.47,26.16,19879
-414.62,26.19,19892
-411.17,26.28,19903
-410.26,26.57,19915
-413.95,26.99,19927
-411.35,27.17,19938
-410.69,27.29,19950
-413.40,27.11,19961
-410.19,26.85,19974
-409.76,26.69,19985
-414.86,26.16,19997
-411.87,26.09,20008
-409.06,26.24,20021
-412.86,26.37,20032
-409.57,26.57,20044
-410.98,26.93,20056
-412.13,27.07,20068
-412.43,27.20,20079
-411.57,27.03,20090
-413.03,26.61,20103
-412.32,26.44,20114
-410.82,26.26,20126
-413.51,26.28,20137
-412.93,26.40,20150
-409.45,26.68,20161
-410.43,26.81,20173
-413.46,27.14,20185
-411.44,27.01,20197
-411.11,27.18,20208
-412.44,26.86,20220
-411.08,26.65,20232
-412.47,26.52,20243
-413.82,26.11,20255
-411.51,26.34,20267
-410.41,26.47,20279
-413.60,26.75,20290
-414.30,26.89,20302
-409.59,27.16,20314
-410.51,27.25,20326
-414.12,27.00,20337
-410.77,26.97,20349
-410.84,26.43,20361
-413.73,26.33,20373
-411.03,26.25,20384
-410.99,26.19,20396
-414.57,26.47,20408
-412.13,26.64,20419
-408.73,26.92,20431
-413.17,27.08,20443
-409.06,27.23,20455
-410.20,27.27,20466
-412.86,26.77,20478
-411.62,26.47,20490
-412.26,26.25,20502
-414.34,26.08,20513
-411.49,26.05,20526
-410.82,26.38,20537
-413.49,26.85,20548
-412.26,26.93,20560
-410.32,27.13,20572
-412.35,27.08,20584
-411.79,27.05,20595
-411.32,27.09,20608
-412.12,26.79,20619
-411.41,26.34,20631
-411.28,26.21,20642
-412.21,26.19,20655
-413.82,26.12,20666
-412.05,26.36,20678
-411.09,26.77,20689
-412.58,27.10,20701
-414.30,27.30,20713
-410.23,27.37,20724
-410.19,27.23,20737
-412.54,27.09,20748
-411.13,26.59,20760
-413.72,26.40,20771
-413.03,26.03,20784
-407.97,26.17,20795
-412.65,26.56,20807
-416.37,26.61,20818
-409.53,26.82,20831
-412.97,26.94,20842
-412.21,27.18,20853
-412.67,27.28,20866
-411.35,27.20,20877
-409.47,26.82,20889
-413.55,26.37,20900
-413.43,26.14,20913
-411.96,25.92,20924
-411.30,25.99,20936
-410.73,26.46,20947
-414.55,26.86,20960
-413.19,27.06,20971
-408.23,27.28,20983
-410.41,27.35,20995
-414.87,27.18,21006
-410.63,26.81,21018
-410.17,26.46,21029
-412.73,26.22,21042
-410.28,26.06,21053
-412.44,26.32,21065
-413.58,26.48,21076
-410.90,26.85,21089
-409.62,27.02,21100
-412.98,27.04,21112
-412.92,27.14,21124
-409.22,26.86,21136
-409.56,27.01,21147
-413.24,26.48,21158
-412.51,26.47,21171
-412.14,26.18,21182
-412.73,26.28,21194
-411.81,26.48,21206
-411.69,26.67,21218
-411.99,27.16,21229
-409.62,26.96,21241
-411.58,27.26,21253
-413.42,26.91,21265
-411.81,26.63,21276
-410.20,26.57,21288
-411.72,26.13,21300
-412.93,26.37,21311
-412.86,26.51,21323
-411.82,26.64,21335
-409.62,26.86,21347
-410.44,27.28,21358
-412.72,27.15,21370
-411.94,27.00,21382
-409.04,26.88,21394
-411.47,26.43,21405
-413.82,26.30,21417
-412.08,26.15,21429
-411.59,26.30,21441
-411.94,26.36,21452
-411.93,26.83,21464
-412.53,26.93,21476
-412.37,27.09,21487
-409.88,27.03,21499
-410.34,27.18,21511
-412.83,26.99,21523
-413.61,26.60,21534
-410.19,26.28,21547
-410.95,25.98,21558
-414.03,26.19,21570
-413.01,26.31,21581
-411.07,26.45,21594
-412.29,26.77,21605
-410.76,27.21,21616
-413.30,27.49,21628
-410.87,27.26,21640
-407.84,26.98,21652
-413.86,26.79,21663
-414.08,26.32,21676
-409.66,26.02,21687
-412.28,25.88,21699
-413.44,26.20,21710
-410.33,26.58,21723
-411.55,26.94,21734
-413.08,27.13,21746
-409.18,27.11,21757
-408.99,27.56,21769
-414.71,27.21,21781
-412.49,26.96,21792
-408.77,26.52,21805
-412.99,25.97,21816
-413.52,25.86,21828
-410.13,25.91,21839
-411.78,26.15,21852
-413.64,26.63,21863
-410.41,27.16,21875
-412.94,27.41,21886
-412.05,27.41,21899
-409.56,27.24,21910
-411.61,26.96,21921
-412.35,26.60,21934
-412.08,26.26,21945
-411.60,26.00,21957
-412.30,26.21,21968
-412.84,26.33,21981
-411.43,26.78,21992
-412.35,27.13,22004
-409.77,27.27,22016
-410.46,27.46,22028
-413.47,27.18,22039
-411.16,26.92,22051
-410.33,26.53,22063
-413.65,26.14,22074
-411.64,26.09,22086
-410.84,26.10,22097
-413.25,26.56,22110
-411.56,26.67,22121
-410.78,27.03,22133
-412.32,27.23,22145
-412.80,27.17,22157
-410.11,27.02,22168
-410.94,26.62,22180
-414.22,26.44,22192
-413.17,26.07,22204
-410.32,26.22,22215
-412.22,26.44,22226
-413.59,26.48,22239
-411.36,26.78,22250
-411.56,26.93,22262
-412.47,27.10,22274
-410.62,26.86,22286
-412.64,26.77,22297
-413.85,26.64,22309
-411.02,26.25,22321
-411.83,26.13,22333
-413.72,26.11,22344
-412.01,26.20,22356
-410.17,26.71,22368
-413.83,26.88,22379
-411.30,27.08,22391
-413.33,27.27,22403
-411.22,27.26,22415
-409.77,26.80,22426
-412.93,26.57,22438
-413.72,26.41,22450
-411.84,25.98,22462
-411.25,26.22,22473
-413.09,26.32,22486
-413.03,26.63,22497
-409.95,27.13,22509
-412.00,27.38,22520
-411.82,27.41,22532
-410.76,27.27,22544
-411.55,26.98,22555
-412.31,26.53,22567
-410.47,26.19,22579
-413.24,26.12,22591
-413.03,25.97,22602
-411.33,26.09,22615
-411.39,26.56,22626
-412.10,26.70,22638
-412.31,27.19,22649
-411.55,27.29,22662
-409.28,27.49,22673
-411.32,27.24,22684
-411.43,26.95,22696
-411.14,26.39,22708
-412.52,25.86,22720
-410.34,25.89,22731
-412.48,25.88,22744
-414.87,26.21,22755
-410.72,26.77,22767
-409.21,27.41,22778
-411.95,27.50,22791
-411.42,27.59,22802
-410.95,27.37,22814
-411.97,26.78,22825
-412.92,26.24,22837
-411.92,26.12,22849
-413.00,25.74,22860
-413.39,25.83,22873
-410.39,26.16,22884
-412.47,26.52,22896
-412.03,27.00,22907
-408.92,27.53,22920
-411.02,27.48,22931
-413.69,27.10,22943
-410.37,26.90,22955
-411.62,26.40,22967
-412.20,26.20,22978
-411.11,26.12,22989
-413.43,26.12,23002
-412.92,26.13,23013
-410.71,26.68,23025
-410.84,26.98,23036
-412.57,27.29,23049
-412.40,27.17,23060
-410.37,27.17,23072
-410.69,26.90,23084
-414.77,26.38,23096
-410.87,26.29,23107
-411.25,25.80,23119
-414.94,25.96,23131
-410.42,26.30,23142
-410.14,26.79,23154
-414.37,27.11,23165
-409.85,27.41,23178
-413.49,27.41,23189
-411.18,26.95,23201
-410.11,26.70,23213
-413.99,26.29,23225
-412.89,26.00,23236
-410.81,26.11,23248
-412.26,26.33,23260
-412.83,26.50,23272
-410.76,26.85,23283
-409.91,27.07,23294
-412.17,27.31,23307
-412.16,27.01,23318
-409.40,27.06,23330
-411.77,26.52,23342
-414.46,26.37,23354
-411.07,26.16,23365
-412.55,25.79,23377
-413.25,26.23,23389
-410.69,26.44,23401
-412.51,26.92,23412
-412.62,27.12,23425
-408.58,27.38,23436
-409.67,27.38,23447
-413.39,26.94,23459
-410.75,26.62,23471
-409.70,26.23,23483
-413.27,26.05,23494
-413.12,25.95,23506
-411.50,26.21,23518
-413.36,26.61,23530
-411.02,26.79,23541
-410.19,27.18,23554
-412.22,27.49,23565
-411.87,27.36,23577
-411.33,27.32,23588
-413.04,26.73,23600
-412.47,26.26,23612
-411.87,25.84,23623
-412.61,25.78,23635
-412.96,26.03,23647
-411.85,26.49,23659
-411.39,27.02,23670
-411.05,27.05,23683
-410.29,27.55,23694
-412.19,27.36,23706
-412.67,27.16,23717
-409.90,26.83,23730
-410.87,26.43,23741
-413.93,26.22,23752
-412.65,26.06,23764
-411.79,25.99,23776
-413.05,26.27,23788
-412.56,26.63,23799
-411.71,27.02,23812
-412.08,27.28,23823
-412.49,27.48,23835
-409.89,27.30,23846
-410.01,26.97,23859
-414.34,26.66,23870
-411.66,26.08,23882
-409.25,26.22,23894
-413.45,26.12,23905
-413.52,26.32,23917
-410.36,26.61,23928
-412.65,26.70,23941
-413.72,27.00,23952
-409.37,27.29,23964
-411.35,27.16,23975
-409.87,27.02,23988
-410.79,26.84,23999
-412.36,26.50,24011
-412.09,26.33,24023
-411.90,26.34,24035
-411.97,26.33,24046
-411.28,26.48,24057
-411.91,26.78,24070
-411.95,26.96,24081
-410.81,27.03,24093
-411.17,27.02,24104
-411.66,27.05,24117
-411.64,26.80,24128
-411.35,26.44,24140
-411.31,26.38,24152
-413.22,26.30,24164
-412.22,26.41,24175
-410.65,26.80,24187
-412.71,26.90,24199
-410.95,26.99,24210
-408.56,27.02,24222
-412.60,26.97,24233
-414.17,26.93,24246
-409.11,26.74,24257
-410.51,26.69,24269
-415.29,26.21,24281
-412.15,26.35,24293
-409.93,26.42,24304
-413.34,26.55,24316
-412.80,26.94,24328
-408.90,26.92,24340
-411.97,27.14,24351
-412.65,26.99,24363
-412.10,26.96,24375
-413.78,26.66,24386
-409.53,26.20,24398
-411.80,26.27,24410
-413.87,26.06,24422
-412.23,26.42,24433
-411.92,26.79,24445
-412.28,26.95,24457
-410.79,27.14,24469
-411.32,27.19,24480
-411.83,27.29,24493
-410.94,26.84,24504
-410.90,26.68,24515
-411.80,26.28,24527
-414.61,26.15,24539
-411.29,26.30,24551
-411.26,26.24,24562
-414.70,26.51,24574
-412.02,26.85,24586
-410.17,27.22,24598
-413.29,27.24,24609
-410.81,27.11,24622
-409.87,27.01,24633
-413.35,26.68,24645
-412.36,26.38,24656
-409.87,26.07,24668
-412.51,25.94,24680
-414.07,26.14,24691
-411.36,26.49,24704
-411.63,26.81,24715
-413.22,27.10,24727
-410.54,27.48,24738
-409.08,27.51,24751
-412.94,26.97,24762
-408.50,26.83,24774
-412.14,26.49,24785
-414.84,26.10,24798
-409.92,26.24,24809
-410.41,26.21,24820
-413.81,26.30,24833
-411.94,26.49,24844
-410.27,26.90,24856
-412.80,27.22,24867
-412.28,27.41,24880
-409.32,27.34,24891
-412.81,26.93,24903
-413.02,26.74,24914
-409.14,26.47,24927
-412.38,26.32,24938
-414.79,26.20,24950
-410.30,26.30,24962
-410.94,26.51,24973
-413.95,26.87,24985
-410.59,27.15,24996
-411.05,27.45,25009
-412.25,26.98,25020
-410.63,26.64,25032
-411.19,26.67,25043
-413.66,26.35,25056
-412.11,26.42,25067
-410.51,26.48,25079
-412.70,26.58,25091
-411.82,26.74,25103
-410.34,27.10,25114
-412.79,27.03,25125
-412.52,26.80,25138
-409.00,27.06,25149
-414.35,26.60,25161
-412.40,26.55,25172
-408.97,26.65,25185
-412.34,26.76,25196
-413.18,26.83,25208
-410.05,26.57,25220
-411.81,26.59,25232
-412.94,26.49,25243
-410.80,26.62,25255
-412.40,26.71,25267
-412.93,26.77,25279
-410.23,26.83,25290
-410.76,26.72,25302
-414.51,26.68,25314
-412.03,26.60,25325
-409.96,26.67,25337
-412.78,26.61,25349
-412.64,26.58,25361
-410.25,26.88,25372
-412.60,26.77,25384
-412.57,26.68,25396
-410.75,26.85,25408
-411.94,26.83,25419
-414.01,26.71,25432
-411.41,26.53,25443
-411.12,26.67,25454
-414.35,26.61,25466
-413.84,26.62,25478
-409.96,26.87,25490
-412.04,26.63,25501
-413.73,26.79,25513
-410.62,26.82,25525
-411.37,26.73,25537
-413.96,26.82,25548
-411.31,26.74,25561
-414.76,26.55,25572
-411.04,26.52,25584
-409.85,26.52,25595
-413.36,26.46,25607
-412.10,26.60,25619
-410.27,26.80,25630
-412.19,26.87,25643
-411.37,27.05,25654
-410.16,27.18,25666
-411.75,27.06,25677
-412.39,26.80,25690
-410.73,26.30,25701
-410.76,26.50,25713
-414.33,26.28,25724
-412.79,26.44,25737
-409.99,26.71,25748
-412.44,26.83,25759
-412.22,27.02,25772
-410.47,26.96,25783
-411.71,27.07,25795
-412.66,26.72,25806
-409.30,26.93,25819
-413.08,26.71,25830
-413.26,26.44,25842
-410.01,26.32,25853
-411.10,26.41,25866
-413.77,26.55,25877
-411.63,26.77,25889
-410.39,26.84,25901
-412.14,26.85,25912
-411.40,26.92,25924
-410.76,27.01,25935
-412.29,26.92,25948
-409.63,26.74,25959
-411.39,26.56,25971
-414.04,26.39,25982
-411.32,26.50,25995
-409.86,26.56,26006
-413.05,26.61,26018
-413.28,26.69,26030
-410.00,26.72,26042
-410.88,27.00,26053
-412.93,26.81,26064
-411.10,26.80,26077
-411.01,26.94,26088
-412.87,26.71,26100
-410.89,26.81,26112
-411.80,26.68,26124
-413.93,26.54,26135
-411.29,26.48,26147
-410.34,26.42,26159
-413.38,26.48,26171
-412.40,26.46,26182
-410.34,26.81,26194
-413.05,26.87,26206
-412.28,26.91,26217
-409.93,26.91,26229
-412.77,26.57,26241
-412.53,26.68,26253
-410.47,26.61,26264
-411.93,26.64,26276
-414.24,26.46,26288
-411.37,26.50,26300
-410.42,26.61,26311
-413.18,26.73,26323
-412.87,26.95,26335
-413.15,26.96,26347
-413.00,26.87,26358
-410.62,26.80,26370
-412.58,26.66,26382
-412.81,26.48,26393
-410.48,26.41,26405
-410.81,26.46,26417
-413.78,26.73,26429
-411.64,26.66,26440
-410.09,26.89,26452
-411.97,26.68,26464
-412.43,26.70,26476
-410.52,26.64,26487
-413.01,26.51,26500
-413.01,26.71,26511
-410.38,26.56,26522
-411.87,26.85,26534
-414.27,26.74,26546
-409.98,26.88,26558
-411.15,26.91,26569
-414.01,26.70,26582
-410.44,26.76,26593
-410.58,26.61,26605
-412.39,26.57,26616
-411.48,26.45,26629
-411.69,26.50,26640
-414.11,26.49,26652
-411.41,26.64,26663
-409.79,26.84,26675
-412.89,26.98,26687
-413.44,27.11,26698
-410.53,27.04,26711
-410.19,26.77,26722
-413.44,26.56,26734
-410.75,26.19,26745
-411.16,26.13,26758
-413.20,26.31,26769
-411.91,26.52,26781
-412.26,26.89,26792
-411.46,26.89,26805
-410.12,27.10,26816
-412.41,27.14,26827
-412.93,27.06,26840
-410.63,26.96,26851
-411.68,26.68,26863
-411.39,26.23,26874
-412.45,26.08,26887
-411.93,26.20,26898
-411.99,26.44,26910
-412.38,26.61,26921
-411.50,26.97,26934
-411.04,26.89,26945
-413.13,27.03,26957
-410.90,27.15,26969
-409.37,27.00,26980
-413.75,27.05,26992
-413.92,26.48,27003
-409.97,26.32,27016
-411.39,26.13,27027
-414.62,26.33,27039
-411.85,26.51,27051
-411.35,26.58,27063
-413.02,27.05,27074
-410.58,27.19,27086
-411.01,27.30,27098
-413.99,27.07,27110
-410.48,26.76,27121
-413.68,26.62,27132
-411.57,26.33,27145
-410.27,26.16,27156
-413.47,26.49,27168
-411.41,26.58,27180
-410.47,26.69,27192
-413.08,26.84,27203
-411.63,26.94,27215
-409.95,27.02,27227
-411.74,27.03,27239
-413.22,26.82,27250
-411.71,26.33,27262
-411.03,26.53,27274
-412.60,26.38,27285
-413.23,26.50,27297
-410.20,26.79,27309
-411.62,26.73,27321
-413.08,26.87,27332
-409.71,26.82,27344
-411.47,26.87,27356
-414.89,26.71,27368
-409.74,26.73,27379
-410.36,26.58,27392
-415.07,26.47,27403
-412.65,26.61,27415
-409.45,26.69,27426
-412.95,26.71,27438
-412.23,26.85,27450
-409.86,26.78,27461
-413.40,26.69,27473
-412.21,26.55,27485
-409.04,26.65,27497
-412.44,26.56,27508
-409.85,26.56,27521
-409.68,26.69,27532
-415.05,26.58,27544
-411.69,26.76,27555
-409.75,26.77,27568
-412.91,26.76,27579
-412.16,26.83,27590
-410.02,26.97,27602
-413.23,27.05,27614
-414.02,26.78,27626
-409.15,26.83,27637
-411.23,26.71,27650
-415.39,26.43,27661
-410.39,26.52,27673
-410.39,26.51,27684
-414.12,26.51,27697
-412.05,26.82,27708
-410.91,26.86,27720
-412.31,26.76,27731
-410.79,26.64,27743
-411.00,26.83,27755
-413.19,26.64,27766
-410.65,26.58,27779
-410.42,26.54,27790
-413.50,26.29,27802
-411.85,26.42,27813
-411.81,26.43,27826
-412.65,26.74,27837
-411.24,27.04,27849
-410.88,27.03,27860
-412.11,27.09,27873
-412.63,26.73,27884
-410.72,26.76,27895
-410.66,26.51,27908
-412.82,26.35,27919
-409.59,26.29,27931
-411.85,26.46,27942
-413.39,26.42,27955
-412.61,26.56,27966
-410.61,26.78,27978
-411.68,26.78,27990
-412.46,26.90,28002
-411.42,26.89,28013
-412.26,26.76,28025
-412.67,26.82,28037
-410.06,26.79,28048
-410.84,26.42,28060
-414.83,26.47,28071
-410.38,26.32,28084
-408.32,26.53,28095
-414.04,26.55,28107
-412.80,26.65,28119
-409.59,26.87,28131
-411.45,26.73,28142
-412.36,26.90,28154
-412.24,26.91,28166
-410.51,27.08,28178
-411.91,26.77,28189
-411.41,26.61,28200
-409.72,26.49,28213
-413.86,26.20,28224
-412.82,26.52,28236
-409.64,26.54,28248
-412.31,26.67,28260
-414.37,26.82,28271
-410.48,26.88,28283
-411.82,26.87,28295
-410.46,26.99,28307
-413.30,27.15,28318
-412.75,26.89,28331
-408.68,26.57,28342
-411.89,26.67,28354
-414.62,26.30,28365
-412.42,26.21,28377
-410.09,26.47,28389
-411.86,26.64,28400
-413.03,26.88,28412
-410.68,26.96,28424
-410.98,27.09,28436
-411.95,26.80,28447
-410.11,26.87,28460
-412.40,26.70,28471
-414.01,26.49,28483
-409.28,26.54,28494
-411.74,26.53,28507
-415.13,26.62,28518
-410.84,26.79,28529
-410.23,26.82,28541
-413.20,26.75,28553
-410.45,26.53,28565
-411.63,26.64,28576
-414.17,26.76,28589
-411.82,26.54,28600
-410.59,26.93,28612
-412.55,26.74,28623
-412.25,26.62,28636
-410.53,26.69,28647
-409.43,26.91,28659
-412.74,26.73,28670
-412.27,26.60,28682
-409.76,26.76,28694
-412.19,26.50,28705
-410.58,26.67,28718
-413.55,26.74,28729
-411.99,26.63,28741
-410.18,26.74,28752
-414.10,26.74,28765
-413.02,26.84,28776
-410.74,26.89,28788
-412.45,26.86,28800
-412.47,26.80,28812
-410.36,26.81,28823
-412.13,26.56,28834
-412.68,26.37,28847
-411.77,26.38,28858
-411.75,26.40,28870
-412.15,26.56,28881
-413.06,26.81,28894
-409.47,26.76,28905
-410.40,26.98,28917
-414.33,26.97,28929
-410.36,26.75,28941
-410.26,26.79,28952
-413.69,26.53,28964
-411.15,26.56,28976
-410.01,26.43,28987
-413.08,26.41,28999
-412.16,26.64,29010
-410.66,26.57,29023
-413.16,26.67,29034
-413.05,26.67,29046
-410.59,26.97,29058
-410.83,27.19,29070
-411.84,27.11,29081
-411.26,26.90,29093
-412.11,26.57,29105
-412.17,26.39,29117
-411.19,26.27,29128
-413.47,26.36,29139
-412.61,26.39,29152
-410.46,26.59,29163
-412.29,26.91,29175
-413.41,26.93,29187
-411.34,27.11,29199
-410.18,27.12,29210
-412.19,26.93,29222
-412.53,26.72,29234
-410.94,26.54,29246
-411.25,26.30,29257
-411.99,26.34,29270
-411.31,26.55,29281
-411.64,26.83,29292
-412.26,26.71,29304
-410.43,26.73,29316
-411.56,26.90,29328
-412.57,26.74,29339
-411.43,26.75,29351
-410.64,26.79,29363
-411.63,26.67,29375
-412.69,26.56,29386
-412.12,26.61,29399
-411.42,26.56,29410
-411.17,26.49,29422
-411.93,26.75,29433
-412.42,26.56,29445
-412.17,26.67,29457
-410.55,26.94,29468
-411.07,26.79,29480
-411.13,26.70,29492
-410.13,26.68,29504
-413.74,26.74,29515
-412.11,26.58,29528
-411.30,26.53,29539
-413.19,26.68,29551
-411.88,26.67,29562
-409.53,26.68,29575
-412.89,26.58,29586
-414.11,26.51,29597
-408.93,26.53,29609
-410.32,26.71,29621
-415.38,26.85,29633
-411.54,26.76,29644
-409.71,26.75,29657
-414.77,26.84,29668
-411.39,26.78,29680
-409.61,26.86,29691
-414.54,26.60,29704
-412.40,26.61,29715
-408.68,26.60,29727
-412.76,26.43,29739
-413.89,26.54,29750
-410.43,26.57,29762
-410.19,26.79,29773
-412.83,26.76,29786
-413.85,26.88,29797
-410.65,26.94,29809
-411.42,26.82,29820
-411.77,27.19,29833
-410.86,26.84,29844
-413.35,26.49,29856
-412.00,26.27,29868
-409.72,26.46,29880
-413.87,26.29,29891
-411.57,26.65,29902
-411.35,26.96,29915
-412.20,26.75,29926
-411.15,26.95,29938
-412.93,26.91,29949
-412.48,26.81,29962
-409.60,26.80,29973
-410.48,26.61,29985
-413.90,26.47,29997
-413.74,26.32,30009
-409.21,26.15,30020
-410.15,26.52,30032
-415.62,26.68,30044
-412.42,26.81,30055
-409.69,26.86,30067
-412.75,26.90,30078
-411.19,26.97,30091
-411.29,27.01,30102
-414.34,26.93,30114
-409.95,26.36,30126
-408.12,26.45,30138
-415.33,26.23,30149
-413.98,26.28,30161
-408.94,26.58,30173
-411.71,26.68,30185
-411.75,26.87,30196
-411.78,26.94,30208
-412.47,26.83,30220
-410.97,26.50,30231
-411.75,26.63,30243
-413.09,26.84,30255
-412.68,26.61,30267
-408.73,26.62,30278
-411.90,26.70,30290
-415.48,26.48,30302
-411.48,26.66,30314
-409.44,26.69,30325
-413.35,26.68,30338
-411.77,26.91,30349
-410.64,26.78,30360
-414.06,26.78,30372
-410.47,26.58,30384
-409.05,26.71,30396
-413.78,26.63,30407
-412.64,26.66,30419
-409.59,26.71,30431
-411.16,26.68,30443
-413.56,26.85,30454
-411.45,26.74,30467
-409.10,26.57,30478
-412.80,26.45,30490
-413.03,26.43,30501
-410.09,26.57,30513
-412.71,26.54,30525
-412.62,26.69,30536
-408.06,26.92,30548
-411.54,26.93,30560
-414.25,26.90,30572
-410.69,26.92,30583
-409.58,26.85,30596
-412.48,26.59,30607
-412.56,26.61,30619
-411.49,26.44,30630
-412.83,26.37,30643
-411.86,26.67,30654
-409.91,26.78,30665
-413.82,26.95,30678
-408.77,26.98,30689
-411.21,27.09,30701
-414.19,27.04,30712
-410.40,26.89,30725
-411.02,26.74,30736
-412.58,26.52,30748
-410.57,26.52,30759
-412.36,26.40,30772
-414.06,26.20,30783
-410.76,26.41,30795
-410.75,26.72,30807
-413.63,27.09,30818
-413.24,27.16,30830
-409.61,27.10,30841
-410.20,27.14,30854
-413.22,26.46,30865
-410.46,27.01,30877
-411.75,25.79,30888
-412.96,26.71,30901
-412.07,26.16,30912
-409.39,26.19,30924
-413.83,27.22,30936
-413.82,26.28,30948
-406.65,27.41,30959
-414.60,27.29,30970
-413.74,26.41,30983
-407.84,27.20,30994
-415.34,26.07,31006
-411.02,26.60,31017
-409.00,26.55,31030
-418.20,26.22,31041
-408.45,26.44,31053
-415.20,26.32,31065
-410.00,26.78,31077
-414.40,26.57,31088
-411.03,26.96,31100
-409.36,26.75,31112
-414.90,26.79,31123
-409.60,26.91,31135
-413.00,26.49,31147
-413.58,26.73,31159
-407.87,26.45,31170
-414.78,26.70,31182
-413.62,26.76,31194
-408.74,26.49,31206
-411.78,26.85,31217
-412.06,26.85,31229
-413.25,26.82,31241
-413.80,26.78,31253
-407.44,26.61,31264
-414.40,26.41,31276
-414.01,26.75,31288
-408.79,26.68,31299
-415.53,26.69,31311
-409.97,26.83,31323
-408.93,26.55,31335
-416.51,26.77,31346
-409.56,26.58,31358
-409.48,26.78,31370
-412.53,26.79,31382
-411.05,26.82,31393
-414.05,26.93,31406
-411.09,26.45,31417
-409.82,26.67,31428
-414.76,26.41,31440
-410.73,26.62,31452
-412.61,26.60,31464
-407.64,26.93,31475
-414.59,27.13,31488
-412.53,26.86,31499
-407.25,26.73,31511
-414.59,26.40,31522
-413.44,26.22,31535
-410.23,26.19,31546
-414.35,26.41,31558
-409.70,26.64,31569
-410.97,26.82,31582
-414.68,27.20,31593
-410.20,27.15,31604
-410.49,27.13,31617
-409.73,27.00,31628
-412.99,26.81,31640
-415.69,26.37,31651
-408.19,26.29,31664
-411.53,26.31,31675
-416.22,26.16,31687
-410.30,26.61,31698
-411.77,26.84,31711
-412.69,26.70,31722
-409.90,27.07,31734
-411.64,27.13,31746
-411.89,26.96,31757
-411.16,27.00,31769
-411.76,26.51,31780
-410.13,26.25,31793
-414.44,26.08,31804
-413.01,25.99,31816
-409.79,26.19,31827
-414.68,26.61,31840
-410.48,27.00,31851
-414.76,27.18,31863
-409.43,27.24,31875
-409.88,26.85,31887
-413.99,26.88,31898
-410.56,26.49,31909
-410.44,26.26,31922
-412.00,26.33,31933
-411.71,26.00,31945
-412.17,26.27,31956
-410.85,26.63,31969
-412.41,26.84,31980
-411.55,27.18,31992
-409.87,27.12,32004
-414.42,26.96,32016
-410.15,27.10,32027
-409.75,26.97,32039
-415.73,26.58,32051
-411.64,26.29,32062
-409.41,26.26,32074
-413.85,25.93,32086
-413.19,26.45,32098
-410.59,26.45,32109
-412.58,27.11,32121
-411.49,27.26,32133
-410.73,26.98,32145
-410.80,27.10,32156
-413.18,26.51,32168
-410.70,26.44,32180
-409.35,26.30,32192
-414.43,26.24,32203
-412.86,26.50,32215
-409.01,26.54,32227
-413.48,26.83,32238
-410.47,26.97,32250
-412.26,26.99,32262
-411.07,26.87,32274
-411.90,26.75,32285
-413.08,26.68,32297
-411.99,26.46,32309
-412.95,26.49,32321
-412.18,26.39,32332
-412.12,26.64,32345
-411.66,26.85,32356
-410.99,26.74,32367
-412.42,27.03,32379
-410.66,27.04,32391
-409.20,26.91,32403
-413.31,26.91,32414
-412.60,26.42,32427
-409.88,26.25,32438
-413.45,26.22,32450
-413.22,26.09,32461
-410.56,26.38,32474
-411.28,26.85,32485
-413.06,27.03,32497
-411.89,27.31,32508
-410.22,27.25,32520
-411.75,27.17,32532
-413.52,26.87,32543
-411.38,25.97,32556
-409.67,26.72,32567
-414.57,25.43,32579
-413.57,26.35,32590
-411.16,26.73,32603
-413.15,26.27,32614
-410.83,27.64,32626
-410.66,27.44,32637
-412.01,27.37,32650
-412.49,27.58,32661
-408.73,26.70,32672
-412.15,26.38,32685
-416.86,26.36,32696
-408.61,25.82,32708
-413.20,25.73,32719
-415.55,26.27,32732
-408.26,26.38,32743
-414.31,27.14,32755
-412.95,27.53,32766
-407.89,27.45,32779
-412.01,27.85,32790
-414.63,27.10,32802
-409.42,26.57,32814
-410.55,26.55,32825
-415.16,25.65,32837
-413.38,25.77,32848
-409.68,26.09,32861
-414.21,26.33,32872
-413.42,27.15,32884
-408.62,27.43,32896
-414.06,27.50,32908
-411.74,27.67,32919
-405.09,27.21,32931
-415.50,26.45,32943
-413.60,26.54,32955
-407.85,25.60,32966
-414.11,25.84,32977
-413.21,26.35,32990
-411.12,26.21,33001
-413.26,27.43,33013
