961511.00
7868.00
-407.22,26.34,1134
-410.32,26.57,1135
-415.99,27.01,1137
-409.56,26.94,1148
-409.58,26.96,1160
-414.12,27.00,1171
-410.32,26.61,1183
-412.47,26.28,1195
-413.94,26.38,1207
-409.40,26.59,1218
-412.30,27.17,1230
-412.54,27.80,1242
-408.23,27.51,1254
-411.36,27.20,1265
-413.56,26.71,1276
-409.97,25.98,1289
-412.59,25.83,1300
-413.84,26.19,1312
-410.35,26.63,1324
-411.96,27.04,1336
-413.83,27.54,1347
-409.81,27.60,1359
-410.78,27.20,1371
-412.37,27.20,1383
-411.42,26.63,1394
-411.43,26.38,1406
-411.68,26.54,1418
-411.24,26.43,1429
-412.24,26.65,1441
-413.54,26.81,1453
-411.85,26.61,1465
-409.72,26.54,1476
-412.29,26.75,1488
-413.04,27.08,1500
-410.80,27.34,1512
-410.68,27.82,1523
-412.13,27.32,1536
23.50,26.72,1547
8890.52,26.29,1559
-410.67,25.68,1570
-412.11,25.88,1582
-414.48,26.36,1594
-410.62,26.89,1605
-408.98,27.40,1617
-413.16,27.77,1629
-410.14,27.43,1641
-409.48,27.21,1652
-413.79,27.02,1665
-412.50,26.45,1676
-409.63,26.30,1688
-413.08,26.34,1699
-413.21,26.39,1712
-409.30,26.49,1723
-413.38,26.76,1735
-413.57,26.63,1746
-408.60,26.78,1758
-412.76,27.31,1770
-414.37,27.28,1781
-408.20,27.39,1794
-412.33,27.48,1805
-414.12,26.93,1817
-409.02,26.22,1828
-412.72,26.27,1841
-414.50,25.94,1852
-409.70,25.91,1864
-412.72,26.75,1875
-414.23,27.09,1888
-408.64,27.40,1899
-411.40,27.57,1910
-412.31,27.21,1923
-408.21,26.90,1934
-413.31,26.77,1946
-409.78,26.37,1957
-412.37,26.31,1970
-413.90,26.61,1981
-410.42,26.52,1993
-411.17,26.72,2004
-413.10,27.07,2017
-412.17,26.98,2028
-410.10,27.17,2040
-411.77,27.05,2052
-414.10,26.90,2063
-410.03,26.68,2075
-410.84,26.70,2086
-413.73,26.67,2099
-409.81,26.58,2110
-411.12,26.75,2122
-414.85,26.57,2134
-409.26,26.78,2146
-411.67,27.09,2157
-415.32,27.19,2169
-408.33,27.30,2181
-411.80,27.16,2193
-414.56,26.92,2204
-408.58,26.40,2215
-412.05,26.63,2228
-414.98,26.58,2239
-408.89,26.46,2251
-411.12,27.00,2263
-414.46,27.00,2275
-410.98,26.99,2286
-411.08,27.17,2298
-411.58,26.95,2310
-411.44,26.68,2322
-412.17,26.70,2333
-413.45,26.60,2345
-412.14,26.32,2357
-411.00,26.81,2368
-412.31,27.03,2380
-410.11,26.91,2392
-411.79,27.31,2404
-413.20,27.01,2415
-409.52,26.82,2427
-411.84,26.97,2439
-414.01,26.65,2451
-409.10,26.47,2462
-412.74,26.47,2475
-414.82,26.65,2486
-409.39,26.41,2498
-411.68,26.90,2509
-413.08,27.31,2521
-408.71,27.09,2533
-411.62,27.32,2544
-413.13,26.99,2556
-408.67,26.44,2568
-411.97,26.52,2580
-415.05,26.66,2591
-412.39,26.41,2604
-410.75,26.27,2615
-412.95,26.69,2627
-413.58,26.85,2638
-411.17,27.37,2651
-411.20,27.64,2662
-410.33,27.41,2673
-409.40,27.37,2685
-412.77,26.75,2697
-413.90,26.04,2709
-410.25,25.80,2720
-414.26,25.87,2733
-412.18,26.36,2744
-411.11,26.70,2756
-412.02,27.34,2767
-409.61,27.62,2780
-412.21,27.70,2791
-412.19,27.53,2803
-406.91,26.99,2814
-410.97,26.81,2826
-414.89,26.33,2838
-410.42,26.22,2849
-411.69,26.32,2862
-414.03,26.46,2873
-409.64,26.62,2885
-411.95,26.95,2896
-414.90,27.39,2909
-409.69,27.41,2920
-408.10,27.52,2932
-414.21,27.63,2944
-412.15,27.01,2956
-409.00,26.73,2967
-413.66,26.33,2978
-413.16,25.77,2991
-411.02,26.05,3002
-413.89,26.22,3014
-412.66,26.47,3025
-408.75,27.25,3038
-414.26,27.79,3049
-411.90,27.75,3061
-407.62,27.55,3073
-414.05,27.59,3085
-412.14,26.60,3096
-408.26,26.04,3108
-414.14,26.00,3120
-408.92,25.48,3131
-414.18,26.27,3143
-413.46,26.91,3154
-408.14,27.08,3167
-411.78,27.60,3178
-413.89,27.71,3190
-409.51,27.58,3202
-410.79,27.34,3214
-414.28,27.19,3225
-410.22,26.50,3237
-411.25,26.13,3249
-414.82,26.08,3261
-411.60,25.80,3272
-411.09,26.34,3283
-415.36,26.90,3296
-410.93,27.13,3307
-408.08,27.47,3319
-414.77,27.89,3331
-410.67,27.59,3343
-408.82,27.37,3354
-415.20,26.99,3366
-412.51,25.97,3378
-409.13,25.92,3390
-414.10,25.99,3401
-414.35,26.17,3414
-410.02,27.13,3425
-411.34,27.67,3436
-412.18,27.66,3448
-409.70,27.45,3460
-410.69,27.35,3472
-413.41,26.72,3483
-410.43,26.49,3495
-410.74,26.61,3507
-411.12,26.35,3519
-411.39,26.52,3530
-413.91,26.55,3543
-408.98,26.43,3554
-409.60,26.71,3566
-415.90,27.32,3577
-410.13,27.28,3589
-408.29,27.36,3601
-414.57,27.47,3612
-411.98,26.86,3624
-408.88,26.62,3636
-413.49,26.56,3648
-412.73,26.16,3659
-408.60,26.14,3672
-413.12,26.71,3683
-413.48,26.91,3695
-409.32,27.20,3706
-411.65,27.51,3719
-413.19,27.23,3730
-410.36,26.90,3741
-412.37,26.83,3753
-412.55,26.44,3765
-411.50,26.18,3777
-413.55,26.81,3788
-411.45,26.69,3801
-409.61,26.73,3812
-413.30,27.19,3824
-412.26,26.88,3835
-410.09,26.84,3848
-411.21,26.88,3859
-413.53,26.60,3871
-411.35,26.52,3883
-410.80,26.94,3894
-411.84,26.98,3906
-410.18,26.84,3917
-413.40,27.13,3930
-410.65,26.78,3941
-409.12,26.59,3953
-414.94,26.83,3964
-412.44,26.74,3977
-409.36,26.88,3988
-412.95,27.13,4000
-411.66,27.05,4012
-411.17,26.91,4024
-414.47,26.52,4035
-411.13,26.41,4046
-409.71,26.72,4059
-414.27,27.30,4070
-412.44,27.34,4082
-409.23,27.11,4093
-410.69,27.16,4106
-412.27,26.82,4117
-411.45,26.66,4129
-411.01,26.64,4141
-414.10,26.44,4153
-409.87,26.46,4164
-410.64,26.50,4176
-415.66,26.88,4188
-409.96,26.93,4199
-407.78,27.27,4211
-413.57,27.61,4222
-410.58,27.22,4235
-410.75,27.08,4246
-415.26,26.74,4258
-409.00,26.55,4270
-410.45,26.56,4282
-416.74,26.52,4293
-408.54,26.47,4305
-415.53,26.65,4317
-412.11,27.03,4329
-408.74,27.36,4340
-412.37,27.37,4352
-411.77,27.40,4364
-408.28,27.11,4375
-411.89,26.80,4387
-415.01,26.49,4399
-410.64,26.02,4411
-411.30,26.13,4422
-413.97,26.10,4434
-410.69,26.63,4446
-410.62,27.09,4458
-414.50,27.42,4469
-409.69,27.58,4482
-409.91,27.42,4493
-414.61,27.40,4504
-410.27,26.87,4516
-410.06,26.88,4528
-413.74,26.34,4540
-412.11,25.93,4551
-412.07,26.41,4563
-414.12,26.36,4575
-410.92,26.66,4587
-410.82,27.22,4598
-413.39,27.35,4611
-411.32,27.34,4622
-409.15,27.66,4634
-412.22,27.44,4645
-411.60,26.70,4657
-410.55,26.58,4669
-412.58,26.14,4680
-411.83,25.81,4692
-412.65,26.26,4704
-413.03,26.58,4716
-409.85,27.05,4727
-411.95,27.66,4740
-413.03,27.85,4751
-409.62,27.37,4763
-410.98,27.37,4774
-411.61,27.13,4787
-411.85,26.31,4798
-412.90,26.34,4809
-412.14,26.07,4822
-410.98,25.92,4833
-413.31,26.62,4845
-413.49,26.80,4856
-409.55,27.13,4869
-410.30,27.54,4880
-411.93,27.78,4892
-409.99,27.51,4903
-412.89,27.38,4916
-412.44,27.14,4927
-408.41,26.33,4939
-412.27,26.27,4951
-415.89,25.88,4962
-411.65,25.81,4974
-410.40,26.51,4985
-413.65,27.17,4998
-411.39,27.53,5009
-410.79,27.60,5021
-412.15,27.58,5032
-409.41,27.16,5045
-410.71,27.00,5056
-415.50,26.82,5068
-409.43,26.35,5080
-414.93,26.21,5092
-412.70,26.19,5103
-410.85,26.36,5114
-413.73,26.78,5127
-410.56,27.23,5138
-408.51,27.43,5150
-415.94,27.46,5161
-412.35,27.26,5174
-407.22,26.79,5185
-414.47,26.67,5197
-414.16,26.74,5209
-410.04,26.35,5221
-412.40,26.20,5232
-412.92,26.48,5244
-410.09,26.58,5256
-412.42,27.05,5267
-413.32,27.22,5279
-409.49,27.14,5291
-410.42,27.25,5303
-415.83,26.99,5314
-412.78,26.68,5326
-409.19,26.63,5338
-412.71,26.95,5350
-411.91,26.66,5361
-409.79,26.55,5373
-412.96,26.87,5385
-412.18,26.49,5397
-408.89,26.98,5408
-413.84,27.24,5421
-413.58,26.99,5432
-407.87,27.12,5443
-412.18,26.82,5455
-414.47,26.67,5467
-412.98,26.39,5479
-412.22,26.58,5490
-408.70,26.84,5502
-414.31,26.72,5514
-414.56,27.21,5526
-407.44,26.78,5537
-411.61,26.82,5550
-414.61,27.07,5561
-409.64,26.88,5572
-410.48,26.83,5584
-413.87,26.39,5596
-410.11,26.68,5608
-411.21,26.53,5619
-415.36,26.79,5632
-409.44,27.12,5643
-408.61,27.00,5655
-415.24,27.20,5666
-412.22,26.70,5679
-408.27,26.84,5690
-413.73,26.73,5702
-412.94,26.40,5713
-411.02,26.51,5725
-414.13,26.54,5737
-411.69,26.79,5748
-409.23,27.08,5761
-413.06,27.46,5772
-413.85,27.30,5784
-408.65,27.04,5795
-410.64,26.82,5808
-412.89,26.36,5819
-411.19,26.45,5831
-412.88,26.56,5842
-414.06,26.40,5855
-411.82,26.82,5866
-416.15,27.03,5878
-409.85,27.07,5890
-409.16,27.10,5901
-414.00,27.23,5913
-410.73,27.15,5924
-410.41,26.77,5937
-413.12,26.95,5948
-410.67,26.46,5960
-411.83,26.26,5971
-414.52,26.40,5984
-412.12,26.13,5995
-408.75,26.69,6007
-412.85,27.12,6019
-413.13,27.29,6031
-409.36,27.34,6042
-410.88,27.42,6053
-411.42,27.18,6066
-409.08,26.80,6077
-413.08,26.69,6089
-414.46,26.07,6100
-408.34,26.02,6113
-413.07,26.39,6124
-414.80,26.43,6136
-409.07,26.98,6148
-411.26,27.51,6160
-413.24,27.36,6171
-409.92,27.51,6183
-412.91,27.50,6195
-412.22,27.18,6206
-408.41,26.64,6218
-412.43,26.43,6230
-413.51,26.00,6242
-412.33,25.87,6253
-411.64,26.45,6265
-410.64,26.55,6277
-413.92,27.22,6289
-412.34,27.52,6300
-409.21,27.36,6312
-411.42,27.34,6324
-412.98,27.31,6336
-409.55,26.97,6347
-409.79,26.45,6359
-413.95,26.45,6371
-411.93,26.16,6382
-411.83,26.06,6394
-414.97,26.72,6406
-410.00,26.77,6418
-409.19,27.27,6429
-414.90,27.52,6441
-411.22,27.32,6453
-409.18,27.32,6465
-412.76,26.95,6476
-411.75,26.72,6489
-411.69,26.27,6500
-412.89,26.19,6511
-410.79,26.04,6523
-412.23,26.15,6535
-413.60,26.77,6547
-412.10,26.95,6558
-411.48,27.23,6571
-410.78,27.53,6582
-411.31,27.51,6594
-412.02,27.23,6605
-411.02,27.08,6618
-411.70,26.53,6629
-409.75,26.14,6641
-415.77,26.12,6652
-409.05,26.14,6664
-409.77,26.48,6676
-415.75,27.31,6687
-409.35,27.31,6700
-408.92,27.20,6711
-415.01,27.43,6723
-410.04,27.04,6734
-410.75,26.85,6747
-416.07,26.91,6758
-409.21,26.70,6770
-408.84,26.48,6781
-415.35,26.45,6794
-412.92,26.41,6805
-410.36,26.66,6816
-411.34,27.29,6829
-411.36,27.26,6840
-412.20,27.23,6852
-411.67,27.19,6863
-411.31,26.73,6876
-411.46,26.68,6887
-412.13,26.59,6899
-412.59,26.48,6910
-411.19,26.30,6923
-410.57,26.63,6934
-412.06,26.72,6946
-411.75,27.06,6958
-411.68,27.50,6969
-411.55,27.24,6981
-408.83,26.75,6992
-411.89,26.59,7005
-415.08,26.51,7016
-410.49,26.29,7028
-409.29,26.97,7040
-411.51,27.13,7052
-410.16,26.93,7063
-412.33,27.00,7075
-410.89,26.91,7087
-411.32,26.87,7099
-413.94,26.90,7110
-410.91,26.82,7121
-408.93,26.48,7134
-414.82,26.68,7145
-414.31,26.77,7157
-410.36,26.80,7169
-411.08,27.13,7181
-410.88,27.09,7192
-411.31,27.16,7204
-413.16,27.06,7216
-411.88,27.05,7228
-409.51,26.95,7239
-412.63,26.79,7251
-413.56,26.53,7263
-411.13,26.01,7274
-411.95,26.32,7286
-413.87,26.52,7298
-412.19,26.98,7310
-410.57,27.36,7321
-411.18,27.42,7333
-409.33,27.21,7345
-411.67,26.95,7357
-413.88,27.13,7368
-410.76,26.31,7380
-410.16,26.47,7392
-414.11,26.37,7404
-412.98,26.14,7415
-410.61,27.02,7427
-410.22,27.02,7439
-411.38,27.20,7450
-413.09,27.41,7462
-411.29,27.29,7474
-408.76,27.13,7486
-412.32,26.90,7497
-414.29,26.85,7510
-409.91,26.41,7521
-411.05,26.44,7533
-412.98,26.31,7544
-412.11,26.30,7557
-412.56,26.77,7568
-413.67,27.00,7579
-409.20,27.18,7591
-411.24,27.63,7603
-413.05,27.46,7615
-411.11,27.20,7626
-410.32,26.85,7639
-411.81,26.39,7650
-412.64,26.03,7662
-412.43,26.11,7673
-413.20,26.40,7686
-410.54,26.49,7697
-410.87,27.41,7709
-413.43,27.54,7720
-412.87,27.40,7732
-409.52,27.49,7744
-411.16,26.97,7755
-413.79,26.68,7768
-411.02,26.46,7779
-412.13,26.31,7791
-412.74,26.29,7802
-411.18,26.42,7815
-413.30,26.78,7826
-410.30,26.66,7838
-411.22,27.24,7849
-412.84,27.38,7862
-411.62,27.27,7873
-411.70,27.38,7884
-411.08,27.18,7897
-410.17,26.90,7908
-413.60,26.43,7920
-413.17,26.44,7931
-409.28,26.14,7944
-411.69,26.10,7955
-414.48,26.76,7967
-411.20,26.83,7979
-409.27,27.25,7991
-412.28,27.64,8002
-411.09,27.52,8014
-411.52,27.41,8026
-413.98,27.07,8037
-410.02,26.51,8049
-409.99,26.07,8060
-415.12,26.26,8073
-412.17,26.17,8084
-409.91,26.47,8096
-413.18,27.05,8108
-413.20,26.96,8120
-411.45,27.12,8131
-412.83,27.31,8143
-410.49,27.02,8155
-410.18,27.06,8167
-414.16,27.22,8178
-413.31,26.55,8190
-409.76,26.24,8202
-411.39,26.43,8213
-412.34,26.28,8225
-411.36,26.30,8237
-412.62,27.07,8249
-409.46,27.19,8260
-411.99,27.41,8272
-414.43,27.67,8284
-408.65,27.18,8296
-409.62,26.84,8307
-413.71,26.74,8320
-410.94,26.36,8331
-411.43,26.31,8343
-414.06,26.45,8354
-409.63,26.62,8366
-410.15,26.66,8378
-415.68,27.00,8389
-411.69,27.09,8401
-407.52,26.88,8413
-413.18,26.98,8425
-413.78,27.13,8436
-408.56,26.98,8449
-412.52,26.88,8460
-413.52,26.81,8472
-409.28,26.50,8483
-413.71,26.39,8496
-413.94,26.36,8507
-408.38,26.62,8518
-413.87,27.04,8530
-415.51,27.10,8542
-408.80,27.23,8554
-409.59,27.35,8565
-413.46,27.10,8578
-410.50,27.03,8589
-411.60,26.64,8601
-408.72,26.24,8612
-408.77,26.41,8625
-415.51,26.59,8636
-413.56,26.72,8648
-407.85,26.79,8659
-411.87,26.88,8671
-414.81,26.83,8683
-409.80,26.82,8694
-411.61,27.06,8707
-413.09,26.78,8718
-409.79,26.75,8730
-413.73,26.76,8741
-412.59,26.68,8754
-408.03,26.64,8765
-413.54,26.93,8777
-413.49,26.79,8788
-409.25,26.46,8801
-413.32,26.99,8812
-412.17,27.00,8823
-408.48,27.08,8836
-414.09,27.32,8847
-413.76,26.77,8859
-407.38,26.71,8870
-411.85,26.94,8883
-415.78,26.72,8894
-411.05,26.96,8906
-408.60,27.18,8918
-412.62,26.93,8930
-412.48,26.86,8941
-412.34,27.07,8953
-413.21,26.76,8965
-410.30,26.53,8976
-411.85,26.80,8988
-414.15,26.65,8999
-411.62,26.89,9012
-410.75,27.42,9023
-407.78,27.17,9035
-412.71,27.23,9047
-413.37,26.91,9059
-408.97,26.37,9070
-411.63,26.20,9082
-415.45,26.41,9094
-412.38,26.64,9106
-408.84,26.81,9117
-412.84,27.15,9128
-412.64,27.06,9141
-411.29,27.16,9152
-412.24,27.04,9164
-411.83,26.86,9176
-410.04,26.93,9188
-412.53,26.73,9199
-413.47,26.49,9211
-409.80,26.22,9223
-411.23,26.60,9235
-412.71,26.61,9246
-411.69,26.94,9259
-412.45,27.28,9270
-411.54,26.93,9281
-411.46,27.18,9293
-413.06,27.32,9305
-411.37,26.86,9317
-409.59,26.73,9328
-410.70,26.82,9340
-412.94,26.46,9352
-412.64,26.31,9364
-410.90,26.61,9375
-412.06,26.80,9388
-410.55,26.90,9399
-412.51,27.32,9411
-412.91,27.06,9422
-409.40,26.79,9434
-412.48,27.43,9446
-413.25,27.04,9457
-410.09,26.53,9469
-411.21,26.61,9481
-411.62,26.36,9493
-412.01,26.33,9504
-414.10,26.81,9517
-410.73,26.99,9528
-410.77,26.74,9540
-413.26,27.15,9551
-412.07,27.24,9564
-411.16,26.88,9575
-412.34,27.24,9586
-410.42,27.09,9598
-411.24,26.63,9610
-412.85,26.69,9622
-412.31,26.66,9633
-410.16,26.29,9646
-411.20,26.54,9657
-415.17,26.83,9669
-412.09,26.62,9680
-409.38,27.13,9693
-413.17,27.43,9704
-411.82,27.20,9716
-409.55,27.18,9728
-413.56,26.71,9739
-410.53,26.38,9751
-409.22,26.19,9762
-415.02,26.52,9775
-409.49,26.39,9786
-413.33,26.79,9798
-411.62,27.07,9809
-410.91,26.71,9822
-413.27,27.14,9833
-410.69,26.99,9845
-410.03,26.75,9857
-413.80,26.98,9869
-412.00,26.92,9880
-408.89,26.68,9891
-412.32,26.66,9904
-413.93,26.91,9915
-410.15,26.74,9927
-411.29,26.80,9938
-414.11,26.92,9951
-410.49,26.72,9962
-410.86,26.97,9974
-416.85,26.98,9986
-409.77,26.89,9998
-407.65,27.05,10009
-416.68,27.08,10021
-411.13,26.89,10033
-408.87,26.50,10044
-415.01,26.77,10056
-410.99,26.62,10067
-410.64,26.69,10080
-415.54,26.88,10091
-409.64,26.45,10103
-409.79,26.68,10115
-416.03,26.91,10127
-411.43,26.98,10138
-408.73,27.06,10150
-413.32,27.24,10162
-410.96,27.12,10174
-413.88,26.87,10185
-412.12,26.84,10198
-409.57,26.35,10209
-413.21,26.16,10220
-414.71,26.41,10232
-409.90,26.23,10244
-410.61,26.83,10256
-413.97,27.26,10267
-410.60,27.42,10279
-409.70,27.63,10291
-411.51,27.22,10303
-410.21,27.02,10314
-412.40,26.72,10327
-413.57,26.42,10338
-411.66,26.26,10349
-411.42,26.07,10361
-412.08,26.34,10373
-412.90,26.56,10385
-410.94,27.15,10396
-411.42,27.72,10408
-410.56,27.63,10420
-411.24,27.63,10432
-412.61,27.29,10443
-411.42,26.68,10456
-409.96,26.52,10467
-413.54,26.13,10479
-413.65,26.12,10490
-410.89,26.17,10503
-413.11,26.70,10514
-413.30,26.86,10525
-411.42,27.16,10537
-411.92,27.51,10549
-411.89,27.37,10561
-411.87,27.28,10572
-412.95,26.96,10585
-410.77,26.58,10596
-410.92,26.40,10608
-414.00,26.15,10619
-412.38,26.18,10632
-411.01,26.24,10643
-414.32,26.70,10655
-410.95,27.09,10667
-408.51,27.40,10678
-413.85,27.75,10690
-410.77,27.38,10701
-408.02,27.18,10714
-412.97,26.80,10725
-413.16,26.48,10737
-410.07,26.23,10748
-413.21,26.03,10761
-412.67,26.03,10772
-410.60,26.28,10784
-413.03,26.83,10796
-412.94,27.27,10808
-410.26,27.43,10819
-411.52,27.67,10830
-412.53,27.34,10843
-410.22,26.77,10854
-413.11,26.75,10866
-411.79,26.22,10877
-408.57,26.16,10890
-414.82,26.43,10901
-414.71,26.26,10913
-408.31,26.71,10925
-412.45,27.24,10937
-413.74,27.53,10948
-408.87,27.57,10960
-414.17,27.41,10972
-409.52,26.78,10983
-411.18,26.35,10995
-414.61,26.65,11006
-411.27,26.17,11019
-411.13,26.45,11030
-412.20,26.65,11042
-412.67,26.70,11054
-411.45,27.04,11066
-410.56,27.43,11077
-411.64,27.26,11089
-411.97,27.23,11101
-412.24,27.14,11113
-411.86,26.51,11124
-411.46,26.60,11136
-412.51,26.69,11148
-411.53,26.30,11159
-411.78,26.58,11171
-411.78,26.72,11183
-410.86,26.90,11195
-412.68,27.07,11206
-412.09,27.24,11218
-411.13,26.85,11230
-410.04,26.64,11242
-412.83,26.70,11253
-413.34,26.61,11266
-410.87,26.30,11277
-411.44,26.73,11288
-411.79,26.71,11300
-410.89,26.88,11312
-410.69,27.32,11324
-412.52,27.40,11335
-409.94,27.18,11347
-414.29,26.87,11359
-410.90,26.69,11371
-410.13,26.04,11382
-414.32,26.31,11395
-412.50,26.54,11406
-411.89,26.36,11418
-412.68,27.20,11429
-408.36,27.17,11441
-410.96,27.29,11453
-415.82,27.14,11464
-410.09,26.99,11476
-408.49,26.53,11488
-415.55,26.47,11500
-413.69,26.54,11511
-410.05,26.21,11524
-413.58,26.38,11535
-412.76,26.49,11547
-409.68,26.67,11558
-412.87,27.28,11571
-413.86,27.37,11582
-407.52,27.36,11593
-410.51,27.43,11606
-415.27,26.84,11617
-410.44,26.19,11629
-410.64,26.19,11640
-413.72,26.12,11653
-412.72,26.02,11664
-412.58,26.45,11676
-413.52,26.92,11687
-410.04,27.22,11700
-410.44,27.77,11711
-413.79,27.82,11723
-411.04,27.24,11735
-407.95,27.10,11746
-413.95,26.38,11758
-411.24,25.75,11769
-413.23,25.89,11782
-411.59,26.04,11793
-410.47,26.34,11805
-414.67,27.27,11816
-412.30,27.40,11829
-406.90,27.57,11840
-411.55,27.99,11852
-412.89,27.62,11864
-409.04,27.07,11876
-412.57,26.53,11887
-413.35,25.96,11898
-411.17,25.79,11911
-413.36,25.94,11922
-414.26,26.29,11934
-409.55,26.55,11945
-410.45,27.15,11958
-414.77,27.76,11969
-410.52,27.62,11981
-409.67,27.98,11993
-411.80,27.42,12005
-409.59,26.65,12016
-413.12,26.20,12028
-416.58,25.69,12040
-408.59,25.70,12051
-411.32,25.96,12063
-417.50,26.94,12075
-410.16,27.11,12087
-408.77,27.45,12098
-413.53,27.98,12110
-409.87,27.44,12122
-410.69,27.64,12134
-409.89,27.04,12145
-409.37,26.22,12157
-414.10,25.94,12169
-414.24,25.59,12181
-410.93,25.82,12192
-410.98,26.11,12204
-413.02,27.13,12216
-410.93,27.25,12227
-411.68,27.64,12239
-410.64,28.00,12251
-408.98,27.66,12263
-413.27,27.58,12274
-413.95,26.92,12286
-408.03,25.89,12298
-412.03,25.58,12310
-415.33,25.63,12321
-411.50,25.93,12334
-412.20,26.71,12345
-412.24,27.53,12356
-409.14,27.62,12368
-410.68,27.74,12380
-413.40,27.77,12392
-410.39,27.20,12403
-410.07,26.78,12416
-413.02,26.47,12427
-413.56,26.01,12439
-410.85,26.05,12450
-413.30,26.04,12463
-413.07,26.51,12474
-410.08,26.95,12486
-414.22,27.38,12497
-411.13,27.63,12510
-406.62,27.52,12521
-414.80,27.43,12532
-407.06,26.70,12545
-412.37,26.41,12556
-412.74,26.55,12568
-410.01,25.92,12579
-414.08,26.53,12592
-414.40,26.46,12603
-407.99,26.62,12615
-411.47,27.51,12626
-414.35,27.21,12639
-409.06,27.38,12650
-412.28,27.06,12662
-412.30,27.04,12674
-410.52,26.66,12685
-414.91,26.58,12697
-411.07,26.38,12708
-409.24,26.20,12721
-413.91,26.85,12732
-412.31,27.03,12744
-411.03,27.11,12755
-411.10,27.33,12768
-409.96,27.41,12779
-413.54,26.82,12791
-411.95,26.50,12803
-411.25,26.62,12815
-412.02,26.06,12826
-410.38,26.60,12837
-414.51,26.71,12850
-413.61,26.62,12861
-408.08,27.09,12873
-412.35,27.07,12884
-414.13,27.06,12897
-409.92,26.94,12908
-412.60,27.01,12920
-409.82,26.69,12932
-415.26,26.61,12944
-412.98,26.99,12955
-409.62,26.76,12967
-412.58,26.78,12979
-412.38,27.03,12990
-410.93,27.00,13002
-410.74,27.10,13014
-410.76,27.05,13026
-411.59,27.09,13037
-412.58,26.73,13049
-414.15,26.68,13061
-410.20,26.60,13073
-410.53,26.38,13084
-413.56,26.77,13096
-410.71,26.90,13108
-409.97,26.82,13120
-414.17,27.05,13131
-410.81,27.35,13143
-409.71,27.15,13155
-413.82,27.17,13166
-411.21,26.72,13178
-409.44,26.35,13190
-414.68,26.31,13202
-414.11,26.19,13213
-409.42,26.47,13225
-412.75,26.68,13237
-413.32,27.05,13249
-409.15,27.20,13260
-413.05,27.41,13273
-413.17,27.28,13284
-407.46,27.10,13295
-411.07,26.92,13307
-410.47,26.44,13319
-412.11,26.16,13331
-415.21,26.21,13342
-410.54,26.19,13355
-409.45,26.76,13366
-413.82,27.25,13378
-412.29,27.37,13389
-410.27,27.40,13402
-413.15,27.52,13413
-409.93,27.04,13425
-409.70,26.70,13436
-414.07,26.71,13448
-411.70,26.19,13460
-410.55,26.23,13471
-413.72,26.50,13484
-411.14,26.62,13495
-410.10,26.88,13507
-412.64,27.13,13518
-411.09,27.38,13531
-411.36,27.14,13542
-412.32,27.39,13554
-411.26,27.24,13565
-409.19,26.59,13578
-410.36,26.57,13589
-415.64,26.24,13600
-411.98,26.06,13613
-410.07,26.47,13624
-414.05,26.85,13636
-409.10,26.93,13647
-409.45,27.22,13660
-415.99,27.35,13671
-409.34,27.06,13683
-408.70,27.46,13694
-416.11,27.20,13707
-410.24,26.67,13718
-416.59,26.48,13730
-409.64,25.94,13742
-411.20,26.16,13753
-416.88,26.59,13765
-409.57,26.87,13776
-410.25,27.21,13789
-413.78,27.41,13800
-410.79,27.28,13812
-411.30,27.17,13824
-411.66,27.04,13836
-411.71,26.64,13847
-412.53,26.47,13859
-413.55,26.47,13871
-412.42,26.27,13883
-410.55,26.39,13894
-412.39,27.01,13905
-413.21,27.03,13918
-410.62,27.14,13929
-410.80,27.22,13941
-414.70,27.14,13953
-411.11,26.79,13965
-410.22,27.12,13976
-414.40,26.75,13988
-409.78,26.33,14000
-410.38,26.72,14012
-415.53,26.34,14023
-410.89,26.55,14035
-410.16,26.96,14047
-413.19,26.94,14058
-411.34,26.97,14070
-411.61,27.03,14082
-413.61,27.20,14094
-410.83,26.85,14105
-413.81,26.97,14117
-410.44,26.83,14129
-410.79,26.41,14141
-414.27,26.70,14152
-411.59,26.53,14164
-411.00,26.88,14176
-414.36,26.99,14188
-410.77,27.04,14199
-408.99,26.76,14211
-415.36,26.67,14223
-413.68,26.87,14234
-409.41,26.65,14246
-411.78,26.86,14258
-412.57,26.99,14270
-410.69,26.77,14281
-412.28,26.89,14294
-413.11,26.79,14305
-409.49,26.71,14317
-411.86,26.98,14328
-413.72,26.55,14341
-410.32,26.80,14352
-411.29,26.75,14363
-414.44,26.84,14375
-410.96,26.95,14387
-409.71,27.02,14399
-411.99,27.20,14410
-411.08,26.89,14423
-411.18,26.98,14434
-413.70,26.75,14446
-411.13,26.56,14457
-409.68,26.75,14470
-413.01,26.56,14481
-414.13,26.47,14493
-411.21,26.56,14504
-414.84,26.82,14516
-410.63,26.95,14528
-410.29,27.34,14539
-412.68,27.49,14552
-410.68,27.09,14563
-411.08,27.10,14575
-412.93,26.72,14586
-410.86,26.39,14599
-410.40,26.31,14610
-414.60,26.46,14622
-411.89,26.43,14633
-411.06,26.52,14646
-413.77,27.12,14657
-409.67,26.97,14669
-408.87,27.45,14681
-412.94,27.34,14692
-410.33,26.90,14704
-408.85,26.92,14715
-414.07,26.59,14728
-412.34,26.32,14739
-410.83,26.33,14751
-412.99,26.30,14763
-412.37,26.45,14775
-411.45,26.96,14786
-412.38,27.43,14798
-411.51,27.33,14810
-410.49,27.70,14822
-410.59,27.43,14833
-411.65,26.82,14844
-412.86,26.50,14857
-411.66,26.18,14868
-410.06,26.25,14880
-413.82,25.76,14892
-412.82,26.28,14904
-410.22,26.93,14915
-411.66,26.79,14927
-415.42,27.78,14939
-408.57,27.59,14951
-410.25,26.99,14962
-413.17,27.81,14974
-408.77,26.59,14986
-413.69,26.59,14997
-415.86,26.46,15009
-407.01,25.96,15021
-413.37,26.23,15033
-414.31,26.46,15044
-410.54,26.91,15056
-413.40,26.78,15068
-409.70,27.87,15080
-410.69,27.37,15091
-412.00,27.45,15104
-410.14,27.56,15115
-412.22,26.18,15127
-409.79,26.63,15138
-412.91,25.96,15150
-416.13,25.88,15162
-409.20,26.38,15173
-410.89,26.59,15185
-415.10,27.26,15197
-408.89,27.32,15209
-412.42,27.63,15220
-412.72,27.35,15233
-406.19,27.37,15244
-414.73,26.95,15256
-413.17,26.52,15267
-407.35,26.22,15280
-413.51,26.09,15291
-411.22,26.27,15302
-413.15,26.13,15314
-411.80,26.93,15326
-410.31,27.17,15338
-411.53,27.33,15349
-413.58,27.96,15362
-409.81,27.40,15373
-409.32,26.97,15385
-415.09,26.90,15396
-411.32,26.35,15409
-410.02,26.06,15420
-415.42,26.79,15432
-410.42,26.53,15443
-410.78,26.47,15455
-414.90,27.31,15467
-408.96,26.92,15478
-410.42,27.37,15491
-415.65,27.50,15502
-410.61,27.05,15514
-409.92,27.01,15525
-412.26,26.59,15538
-412.03,26.50,15549
-411.30,26.41,15561
-413.01,26.38,15572
-412.78,26.49,15585
-409.79,26.73,15596
-410.84,27.12,15607
-415.49,27.26,15620
-409.91,27.57,15631
-407.47,27.41,15643
-415.70,27.23,15654
-411.11,26.91,15667
-416.12,26.49,15678
-410.29,26.48,15690
-409.26,26.14,15702
-415.86,26.62,15714
-410.57,26.72,15725
-409.33,26.63,15737
-413.58,27.28,15749
-411.78,27.19,15760
-411.25,26.98,15772
-412.33,27.07,15783
-409.83,26.77,15796
-410.55,26.55,15807
-414.19,26.93,15819
-412.84,26.71,15831
-409.44,26.42,15843
-412.08,26.99,15854
-413.28,26.74,15866
-409.33,26.83,15878
-412.95,27.25,15890
-414.15,26.84,15901
-407.15,26.85,15912
-413.20,26.85,15925
-415.51,26.40,15936
-407.33,26.55,15948
-412.28,26.62,15960
-416.26,26.64,15972
-409.36,26.79,15983
-410.50,27.13,15995
-412.35,27.13,16007
-411.52,27.01,16019
-411.75,27.12,16030
-411.58,26.88,16043
-410.71,26.61,16054
-413.13,26.73,16065
-412.84,26.56,16077
-409.94,26.62,16089
-412.13,26.96,16101
-412.33,27.02,16112
-410.12,27.02,16124
-412.58,27.18,16136
-411.93,27.04,16148
-410.19,26.63,16159
-414.87,26.87,16172
-412.74,27.03,16183
-408.80,26.64,16195
-412.80,26.57,16206
-413.38,26.92,16219
-410.58,26.45,16230
-412.28,26.93,16241
-412.30,27.13,16253
-409.30,27.23,16265
-412.67,27.55,16277
-413.33,27.11,16288
-407.95,26.50,16301
-411.98,26.54,16312
-416.08,26.44,16324
-409.06,26.38,16335
-411.00,26.48,16348
-415.36,26.97,16359
-410.77,27.04,16371
-411.45,27.35,16382
-412.99,27.53,16394
-409.07,27.41,16406
-409.88,27.11,16417
-413.17,26.74,16430
-412.56,26.26,16441
-410.61,26.04,16453
-414.72,26.39,16464
-410.11,26.24,16477
-412.48,26.55,16488
-413.49,27.12,16500
-407.93,27.35,16512
-413.37,27.51,16524
-413.38,27.73,16535
-405.79,27.12,16546
-412.63,26.71,16559
-414.79,26.49,16570
-407.90,25.77,16582
-414.06,25.97,16593
-413.85,26.18,16606
-409.30,26.29,16617
-413.16,27.12,16629
-412.94,27.63,16641
-409.52,27.61,16653
-411.22,27.62,16664
-411.58,27.60,16676
-411.43,26.90,16688
-411.94,26.52,16699
-412.32,26.10,16711
-413.82,25.59,16722
-411.03,26.15,16735
-412.94,26.41,16746
-413.12,26.88,16758
-408.79,27.42,16770
-412.06,27.72,16782
-412.65,27.42,16793
-409.06,27.16,16805
-412.32,27.01,16817
-413.08,26.47,16829
-409.44,26.37,16840
-414.47,26.30,16851
-408.61,26.26,16864
-411.07,26.41,16875
-414.78,26.74,16887
-410.50,27.04,16899
-410.26,27.32,16911
-412.78,27.61,16922
-410.71,27.46,16934
-410.71,27.24,16946
-412.51,27.31,16958
-411.48,26.64,16969
-409.42,26.17,16982
-415.28,26.28,16993
-412.47,25.98,17004
-409.10,26.31,17016
-414.00,27.02,17028
-410.70,27.26,17040
-409.28,27.55,17051
-414.48,27.64,17063
-409.74,27.41,17075
-408.20,26.90,17087
-415.62,26.80,17098
-412.46,26.35,17111
-409.31,25.99,17122
-414.10,26.25,17134
-411.81,26.36,17145
-410.84,26.67,17157
-414.68,27.10,17169
-411.28,27.15,17180
-410.24,27.29,17192
-413.47,27.31,17204
-412.50,27.34,17216
-409.74,26.93,17227
-411.90,26.85,17240
-411.00,26.25,17251
-412.66,26.08,17263
-413.37,26.31,17274
-409.33,26.48,17287
-412.63,26.91,17298
-413.68,27.24,17309
-409.10,27.09,17321
-408.99,27.21,17333
-414.24,27.15,17345
-412.46,26.84,17356
-410.20,26.59,17369
-411.81,26.58,17380
-411.28,26.49,17392
-411.43,26.33,17403
-413.16,27.05,17416
-410.86,26.38,17427
-409.01,26.88,17439
-414.14,27.36,17451
-413.29,26.87,17462
-409.29,27.26,17474
-411.05,27.14,17485
-410.40,26.78,17498
-412.07,26.99,17509
-413.66,26.69,17521
-410.31,26.55,17532
-409.19,26.42,17545
-413.24,26.77,17556
-412.37,26.67,17568
-411.02,26.94,17580
-411.01,27.08,17592
-411.61,27.07,17603
-412.72,27.11,17614
-410.87,26.67,17627
-412.16,26.52,17638
-410.69,26.55,17650
-413.93,26.73,17661
-411.82,27.07,17674
-409.03,26.96,17685
-411.46,27.32,17697
-412.28,26.86,17709
-410.72,26.83,17721
-412.84,26.95,17732
-410.36,26.37,17744
-411.30,26.66,17756
-416.19,26.43,17767
-408.82,26.65,17779
-410.93,26.86,17790
-413.32,27.29,17803
-409.99,27.54,17814
-412.42,27.18,17826
-409.86,27.25,17838
-410.01,26.80,17850
-413.37,26.27,17861
-410.09,26.55,17873
-415.07,26.26,17885
-410.97,26.40,17897
-407.56,26.92,17908
-416.96,26.88,17920
-410.80,27.48,17932
-408.62,27.40,17943
-415.62,27.03,17955
-407.50,27.01,17967
-411.19,26.46,17979
-415.03,26.58,17990
-408.18,26.32,18002
-414.27,26.79,18014
-409.11,26.52,18026
-412.69,27.08,18037
-411.77,26.34,18050
-412.32,27.00,18061
-414.82,26.75,18072
-409.38,26.67,18084
-413.14,27.80,18096
-410.32,27.02,18108
-410.55,27.40,18119
-418.21,27.16,18131
-405.88,26.06,18143
-410.67,26.24,18155
-420.60,26.43,18166
-404.15,25.82,18179
-414.90,27.01,18190
-416.06,27.27,18202
-402.45,27.10,18213
-417.61,27.80,18226
-412.84,27.84,18237
-403.08,26.75,18248
-416.92,26.82,18260
-412.51,25.89,18272
-409.50,25.63,18284
-413.86,26.29,18295
-410.64,26.50,18308
-410.27,27.11,18319
-412.99,27.42,18331
-412.80,27.22,18342
-411.52,27.35,18355
-409.16,27.09,18366
-413.61,27.28,18378
-413.28,26.94,18390
-406.90,26.56,18401
-416.37,26.53,18413
-406.99,26.17,18424
-419.02,26.32,18437
-411.66,26.50,18448
-405.37,26.60,18460
-417.35,26.84,18471
-411.10,27.44,18484
-408.49,27.53,18495
-415.20,27.60,18507
-409.83,27.38,18519
-410.46,26.61,18531
-412.65,26.08,18542
-412.87,26.07,18553
-412.15,26.21,18566
-409.50,26.69,18577
-415.41,27.25,18589
-412.62,27.03,18600
-407.60,27.21,18613
-415.33,27.20,18624
-411.89,26.67,18636
-407.19,27.10,18648
-416.14,26.94,18660
-410.31,26.61,18671
-406.82,26.65,18683
-417.79,26.17,18695
-411.37,25.91,18706
-407.89,26.48,18718
-415.28,26.54,18729
-410.79,26.81,18742
-410.41,27.52,18753
-413.72,27.58,18765
-409.88,27.73,18777
-411.79,27.42,18789
-412.06,26.62,18800
-410.96,26.05,18812
-410.58,25.88,18824
-415.45,26.25,18836
-411.90,26.45,18847
-409.58,27.18,18859
-412.37,27.60,18871
-410.30,27.20,18882
-411.25,27.28,18894
-414.26,27.19,18906
-410.85,26.83,18918
-411.52,26.02,18929
-412.19,27.65,18941
-411.29,25.73,18953
-409.67,26.83,18965
-413.85,27.26,18976
-411.06,25.59,18989
-410.31,27.37,19000
-415.23,26.74,19011
-406.84,26.62,19023
-413.33,27.99,19035
-415.36,27.05,19047
-406.18,27.56,19058
-414.25,27.00,19070
-412.61,26.47,19082
-408.34,25.88,19094
-416.07,25.91,19105
-411.59,26.56,19118
-411.57,26.71,19129
-415.65,27.42,19141
-407.91,27.65,19152
-410.63,27.19,19164
-411.64,26.96,19176
-411.21,26.40,19187
-414.27,26.48,19200
-413.22,26.29,19211
-415.21,26.88,19223
-405.62,27.19,19234
-415.59,26.87,19247
-411.98,27.22,19258
-405.57,26.78,19270
-416.52,26.12,19281
-412.64,26.88,19294
-407.78,26.51,19305
-415.83,26.76,19316
-411.80,27.52,19329
-409.43,27.07,19340
-411.08,27.03,19352
-410.41,27.14,19363
-413.61,26.53,19376
-410.49,26.47,19387
-412.40,26.81,19399
-415.91,26.72,19410
-407.47,26.89,19423
-412.73,27.13,19434
-415.28,26.85,19446
-405.99,27.04,19458
-415.18,26.64,19469
-414.96,26.62,19481
-405.33,26.40,19492
-413.71,26.73,19505
-412.78,27.08,19516
-409.77,26.94,19528
-412.32,27.43,19539
-411.82,27.08,19552
-409.66,26.62,19563
-411.57,26.55,19575
-414.14,26.21,19587
-410.88,26.40,19599
-416.97,26.93,19610
-408.78,27.29,19621
-408.33,27.18,19634
-416.70,27.35,19645
-408.89,27.00,19657
-409.61,26.48,19668
-416.31,26.85,19681
-409.87,26.47,19692
-408.45,26.73,19704
-415.25,26.72,19716
-411.62,26.76,19728
-409.27,26.68,19739
-413.08,26.95,19751
-412.16,26.65,19763
-411.08,26.61,19774
-411.06,27.22,19786
-411.69,27.22,19798
-410.98,27.34,19810
-410.71,27.40,19821
-413.01,26.68,19833
-410.55,26.41,19845
-410.87,26.13,19857
-414.64,25.90,19868
-410.30,26.15,19880
-411.20,27.19,19892
-413.87,27.25,19904
-409.57,27.47,19915
-411.02,27.88,19927
-412.19,27.05,19939
-409.99,26.85,19950
-412.10,26.33,19962
-412.45,26.38,19974
-410.80,26.42,19986
-413.15,26.67,19997
-410.13,26.93,20009
-412.56,26.61,20021
-413.25,26.86,20033
-410.20,26.81,20044
-411.05,26.85,20057
-412.87,27.42,20068
-411.50,27.72,20079
-408.40,27.55,20091
-412.17,26.83,20103
-412.63,26.43,20115
-408.57,25.59,20126
-413.32,25.68,20139
-415.29,26.30,20150
-409.19,26.63,20162
-411.14,27.76,20173
-414.41,27.99,20186
-409.63,28.04,20197
-409.49,27.94,20209
-412.93,27.00,20220
-410.70,26.33,20232
-412.14,25.90,20244
-414.28,25.54,20255
-412.07,25.79,20268
-412.21,26.77,20279
-413.22,27.02,20291
-410.25,27.28,20302
-410.19,27.62,20315
-412.40,27.36,20326
-411.59,27.38,20338
-410.90,27.37,20349
-411.73,26.84,20362
-411.79,26.26,20373
-411.98,26.09,20384
-413.85,25.77,20397
-411.92,25.89,20408
-410.26,26.64,20420
-412.51,27.17,20431
-411.65,27.58,20444
-410.47,27.88,20455
-413.10,27.61,20467
-410.68,27.33,20478
-409.92,26.93,20491
-412.90,26.52,20502
-411.89,25.83,20514
-411.28,25.72,20526
-413.43,25.97,20537
-412.36,26.26,20549
-409.60,27.23,20560
-410.64,27.74,20573
-410.90,27.42,20584
-409.68,27.59,20596
-413.15,27.21,20608
-413.37,26.58,20620
-410.33,26.57,20631
-411.46,26.53,20643
-412.25,26.13,20655
-411.74,26.46,20667
-412.41,26.87,20678
-411.54,26.05,20689
-411.16,27.87,20702
-412.48,26.84,20713
-412.21,27.19,20725
-409.08,27.05,20737
-417.16,26.81,20749
-407.82,26.87,20760
-410.03,26.57,20772
-402.52,27.14,20784
-414.77,26.38,20796
-418.78,26.35,20807
-403.54,26.69,20819
-417.79,26.26,20831
-413.23,27.39,20843
-404.05,27.39,20854
-417.55,27.29,20866
-409.15,27.07,20878
-411.17,26.80,20889
-414.98,26.15,20901
-407.09,26.87,20913
-414.51,26.82,20925
-411.54,26.27,20936
-410.25,27.56,20948
-412.73,26.24,20960
-408.72,27.28,20972
-415.02,27.03,20983
-412.34,26.73,20995
-406.88,27.23,21007
-414.58,26.45,21018
-412.33,27.14,21030
-411.09,26.52,21042
-412.51,27.49,21054
-408.78,26.96,21065
-411.95,26.67,21078
-413.73,26.98,21089
-409.44,25.95,21101
-413.04,27.05,21112
-411.76,26.72,21125
-409.25,27.41,21136
-415.47,27.13,21148
-409.06,26.52,21159
-416.16,27.15,21171
-410.99,26.13,21183
-412.95,27.04,21194
-411.10,26.74,21207
-409.75,26.82,21218
-414.56,27.24,21230
-409.55,27.16,21241
-409.65,26.82,21254
-412.80,26.62,21265
-410.77,26.91,21277
-413.60,26.00,21288
-412.47,26.82,21301
-411.40,26.71,21312
-411.94,26.94,21323
-411.14,27.77,21336
-411.65,27.16,21347
-409.55,27.50,21359
-409.55,26.53,21370
-414.50,26.76,21383
-411.85,26.67,21394
-410.25,26.13,21406
-411.86,27.16,21417
-410.99,26.31,21430
-411.38,26.78,21441
-414.58,26.80,21453
-410.63,26.92,21465
-410.26,27.08,21476
-414.75,27.08,21488
-409.91,27.41,21499
-409.75,26.49,21512
-412.08,27.16,21523
-410.49,26.53,21535
-413.22,26.06,21547
-414.11,26.78,21559
-411.88,26.07,21570
-412.99,26.55,21582
-413.83,26.86,21594
-409.44,27.32,21606
-409.32,27.31,21617
-413.73,27.80,21628
-409.61,27.27,21641
-410.20,26.50,21652
-415.80,26.72,21664
-409.87,25.82,21676
-411.55,26.36,21688
-417.24,26.48,21699
-408.95,26.55,21711
-409.00,27.28,21723
-417.24,27.21,21735
-409.68,27.56,21746
-409.63,27.24,21758
-413.67,27.13,21770
-408.89,26.85,21781
-411.07,26.60,21793
-413.22,26.53,21805
-413.49,26.11,21817
-409.77,26.50,21828
-411.53,26.33,21840
-415.24,26.70,21852
-410.69,26.86,21864
-411.38,27.24,21875
-413.37,27.68,21888
-410.29,27.60,21899
-410.49,27.61,21911
-413.84,26.68,21922
-409.85,26.42,21934
-409.36,26.15,21946
-413.34,25.86,21957
-407.76,26.56,21969
-413.61,26.99,21981
-412.03,27.35,21993
-409.63,27.28,22004
-413.91,27.53,22017
-410.36,27.03,22028
-408.66,27.14,22040
-414.37,27.08,22051
-412.85,26.76,22064
-408.38,26.62,22075
-412.70,26.63,22086
-413.71,26.53,22098
-410.52,26.33,22110
-412.92,26.67,22122
-410.15,26.76,22133
-410.73,26.95,22146
-414.69,27.43,22157
-411.84,27.26,22169
-409.26,27.14,22180
-411.35,27.26,22193
-412.36,26.85,22204
-411.99,26.49,22216
-412.27,26.16,22227
-410.80,26.25,22239
-411.42,26.50,22251
-414.07,26.90,22262
-412.75,27.19,22275
-409.68,26.93,22286
-410.15,27.41,22298
-414.61,27.16,22309
-413.29,26.73,22322
-408.60,27.06,22333
23.47,26.38,22345
-12220.98,26.48,22356
-413.70,26.54,22369
-410.01,26.41,22380
-409.48,26.56,22391
-414.92,26.89,22404
-412.98,27.01,22415
-408.77,26.81,22427
-412.13,27.45,22438
-413.14,27.15,22451
-411.22,27.06,22462
-411.57,27.14,22474
-409.86,26.74,22486
-408.79,26.78,22498
-414.54,26.41,22509
-415.21,26.30,22521
-408.29,26.19,22533
-410.25,26.80,22544
-415.63,27.24,22556
-410.02,27.18,22567
-409.73,27.49,22580
-413.41,27.28,22591
-408.57,26.93,22603
-411.88,26.92,22615
-415.74,26.51,22627
-409.36,26.40,22638
-409.71,26.73,22650
-415.20,26.66,22662
-411.86,26.87,22674
-409.49,27.04,22685
-411.61,27.03,22696
-410.57,26.88,22709
-411.91,26.99,22720
-414.38,26.94,22732
-407.65,26.73,22744
-414.13,27.21,22756
-413.63,26.81,22767
-408.08,26.68,22779
-411.86,26.72,22791
-413.90,26.54,22803
-409.14,26.77,22814
-413.33,27.09,22827
-413.40,27.12,22838
-407.55,27.00,22849
-413.02,27.36,22861
-414.28,27.20,22873
-408.94,26.78,22885
-412.17,26.93,22896
-411.93,26.83,22908
-410.71,26.59,22920
-414.76,26.79,22932
-411.20,26.99,22943
-407.45,26.83,22956
-413.46,26.83,22967
-414.26,26.98,22979
-408.85,26.62,22990
-412.13,26.72,23002
-415.59,27.04,23014
-409.51,26.86,23025
-410.87,27.20,23037
-414.12,27.18,23049
-409.25,26.95,23061
-408.85,27.17,23072
-415.20,26.88,23085
-412.56,26.56,23096
-407.35,26.59,23108
-413.55,26.48,23119
-409.67,26.53,23132
-412.93,26.88,23143
-412.13,27.08,23154
-410.24,26.88,23166
-413.70,27.28,23178
-412.20,26.82,23190
-408.85,26.69,23201
-412.02,27.11,23214
-413.99,26.73,23225
-410.18,26.46,23237
-412.55,26.39,23248
-413.59,26.44,23261
-410.43,26.46,23272
-413.51,26.98,23284
-413.05,27.32,23296
-409.91,27.25,23307
-410.88,27.48,23319
-413.70,27.29,23330
-410.48,26.90,23343
-410.56,26.72,23354
-413.25,26.46,23366
-411.98,26.33,23377
-413.62,26.22,23390
-413.00,26.57,23401
-409.78,26.90,23413
-411.55,27.23,23425
-413.05,27.57,23437
-411.23,27.18,23448
-410.12,27.24,23459
-412.37,27.16,23472
-412.31,26.70,23483
-409.94,26.77,23495
-412.34,26.52,23506
-412.89,26.32,23519
-412.89,26.37,23530
-413.54,26.33,23542
-410.11,26.53,23554
-410.15,26.91,23566
-413.42,27.42,23577
-411.03,27.46,23589
-410.68,27.77,23601
-412.59,27.60,23612
-409.85,26.89,23624
-411.78,26.49,23635
-414.74,25.96,23648
-410.70,25.79,23659
-411.08,26.12,23671
-415.30,26.82,23683
-411.03,27.08,23695
-409.25,27.47,23706
-412.62,27.78,23718
-410.34,27.45,23730
-409.73,27.25,23742
-413.26,26.98,23753
-410.00,26.33,23764
-409.76,26.26,23777
-413.89,26.46,23788
-413.35,26.10,23800
-410.36,26.34,23812
-411.78,26.66,23824
-412.96,26.91,23835
-411.29,27.22,23847
-413.67,27.51,23859
-412.31,27.49,23871
-408.12,27.19,23882
-412.79,27.20,23895
-414.75,26.61,23906
-411.88,26.33,23917
-416.08,26.35,23929
-410.50,26.11,23941
-412.30,26.51,23953
-413.23,27.04,23964
-408.21,27.16,23976
-412.16,27.42,23988
-414.40,27.64,24000
-409.29,27.17,24011
-411.35,27.18,24024
-413.51,26.90,24035
-410.55,26.29,24047
-412.58,26.17,24058
-413.15,26.19,24070
-409.70,26.24,24082
-413.13,26.82,24093
-414.38,27.20,24105
-410.35,27.08,24117
-409.90,27.13,24129
-412.62,27.19,24140
-412.47,26.95,24153
-410.60,27.09,24164
-412.28,27.26,24176
-411.94,26.80,24187
-409.69,26.79,24200
-414.04,26.55,24211
-411.87,26.24,24222
-409.12,26.43,24235
-413.58,26.76,24246
-412.43,27.17,24258
-410.27,26.98,24269
-412.86,27.23,24282
-411.74,26.93,24293
-410.12,26.78,24305
-412.06,26.82,24316
-410.04,26.27,24329
-412.03,26.55,24340
-413.47,26.75,24352
-412.91,26.85,24364
-409.58,27.06,24375
-411.66,27.16,24387
-412.39,27.17,24398
-409.97,26.87,24411
-414.34,26.98,24422
-413.17,26.71,24434
-410.48,26.55,24445
-412.61,26.94,24458
-411.25,26.55,24469
-410.13,26.71,24481
-412.15,27.07,24493
-412.56,26.75,24505
-411.70,26.61,24516
-412.68,26.98,24528
-411.84,26.81,24540
-410.91,26.68,24551
-413.38,27.14,24563
-411.42,27.02,24574
-410.36,26.85,24587
-412.72,27.13,24598
-411.91,26.88,24610
-409.59,26.64,24622
-411.11,26.84,24634
-413.95,26.82,24645
-409.22,26.70,24657
-410.44,26.75,24669
-415.84,26.54,24681
-408.58,26.39,24692
-416.39,26.63,24704
-410.45,26.84,24716
-408.84,26.85,24727
-415.24,27.41,24739
-412.07,27.20,24751
-408.94,26.95,24763
-413.94,27.14,24774
-411.86,26.63,24786
-411.10,26.57,24798
-413.70,26.71,24810
-412.18,26.38,24821
-412.12,26.50,24834
-412.23,26.83,24845
-411.14,26.93,24856
-411.31,27.06,24868
-410.79,27.52,24880
-411.48,27.02,24892
-409.57,26.54,24903
-410.63,26.71,24915
-414.25,26.27,24927
-409.89,26.44,24939
-408.96,26.71,24950
-414.85,26.61,24963
-412.04,26.63,24974
-408.46,26.92,24986
-413.68,27.30,24997
-411.35,27.21,25009
-410.13,27.47,25021
-412.84,27.52,25032
-410.15,26.80,25044
-411.00,26.76,25056
-413.26,26.19,25068
-411.05,25.81,25079
-411.94,26.03,25092
-411.22,26.23,25103
-411.70,26.73,25115
-413.04,27.20,25126
-410.50,27.81,25139
-409.93,27.61,25150
-412.22,27.48,25161
-412.61,27.34,25174
-410.66,26.48,25185
-411.54,26.51,25197
-413.56,26.43,25208
-411.36,26.13,25221
-412.25,26.65,25232
-413.77,26.69,25244
-409.21,26.89,25255
-412.60,27.33,25268
-413.73,27.68,25279
-408.41,27.46,25291
-411.98,27.38,25303
-412.58,27.18,25314
-409.05,26.23,25326
-413.45,26.08,25337
-414.16,26.00,25350
-408.32,25.75,25361
-412.55,26.46,25373
-414.73,26.96,25384
-410.13,27.32,25397
-409.49,27.86,25408
-412.36,27.81,25420
-412.04,27.45,25432
-409.00,27.15,25444
-412.52,26.61,25455
-413.81,26.04,25466
-409.24,26.00,25479
-414.46,26.13,25490
-409.20,26.19,25502
-412.01,26.83,25513
-415.30,27.10,25526
-409.22,27.23,25537
-410.65,27.57,25549
-413.33,27.37,25561
-408.91,27.10,25573
-412.14,26.78,25584
-415.09,26.70,25596
-408.14,26.33,25608
-410.71,26.33,25619
-416.01,26.53,25631
-410.11,26.37,25643
-410.16,26.86,25655
-415.40,27.24,25666
-409.28,27.59,25678
-409.02,27.65,25690
-414.34,27.50,25702
-410.73,27.04,25713
-410.21,26.78,25725
-414.53,26.59,25737
-412.60,26.02,25749
-410.23,26.36,25760
-413.39,26.48,25772
-412.53,26.59,25784
-410.58,27.24,25795
-412.37,27.54,25807
-412.04,27.52,25819
-409.35,27.44,25831
-413.01,27.14,25842
-413.58,26.67,25854
-408.42,26.53,25866
-413.45,26.56,25878
-407.89,26.38,25889
-412.48,26.37,25902
-414.30,26.63,25913
-408.43,26.48,25924
-412.29,27.15,25936
-414.34,27.33,25948
-408.85,27.02,25960
-411.50,27.23,25971
-412.88,27.03,25984
-410.04,26.61,25995
-412.59,26.68,26007
-412.46,26.87,26018
-409.54,26.25,26031
-412.87,26.58,26042
-412.53,27.06,26054
-410.92,26.70,26065
-412.03,27.28,26077
-411.79,27.32,26089
-411.62,27.01,26100
-410.90,26.89,26113
-411.88,26.71,26124
-413.88,26.37,26136
-410.97,26.38,26147
-410.78,27.16,26160
-413.29,26.73,26171
-409.54,27.01,26183
-411.16,27.33,26194
-413.40,26.69,26207
-409.87,26.91,26218
-412.03,26.73,26229
-412.51,26.59,26242
-409.91,26.50,26253
-413.22,26.62,26265
-409.63,26.76,26276
-413.17,26.82,26289
-411.97,27.31,26300
-408.12,26.99,26312
-413.04,27.01,26323
-412.60,27.00,26336
-409.98,26.65,26347
-413.69,26.60,26359
-413.72,26.63,26371
-410.02,26.54,26382
-411.49,26.50,26394
-414.91,26.84,26405
-409.89,26.97,26418
-410.44,26.94,26429
-413.37,27.20,26441
-409.85,27.19,26452
-410.73,26.86,26465
-414.22,26.90,26476
-410.55,26.58,26488
-411.03,26.35,26500
-414.16,26.69,26512
-411.41,26.47,26523
-411.17,26.82,26534
-412.95,26.85,26547
-412.19,26.86,26558
-411.44,27.09,26570
-411.50,27.08,26582
-410.78,27.10,26594
-411.07,26.70,26605
-411.26,26.72,26617
-413.28,26.43,26629
-411.20,26.45,26641
-410.53,26.53,26652
-414.37,26.52,26664
-410.54,26.74,26676
-413.76,26.94,26687
-411.80,27.21,26699
-409.63,27.14,26711
-413.04,27.24,26723
-410.92,27.00,26734
-408.93,26.68,26746
-415.01,26.88,26758
-412.49,26.42,26770
-407.68,26.31,26781
-412.78,26.59,26793
-413.65,26.35,26805
-410.10,26.63,26817
-412.07,26.99,26828
-412.18,27.12,26840
-408.97,27.41,26852
-411.90,27.56,26863
-412.75,27.14,26875
-409.58,26.67,26887
-411.74,26.62,26899
-413.57,26.13,26910
-411.09,26.10,26923
-412.13,26.56,26934
-413.01,26.50,26946
-409.68,27.01,26957
-413.04,27.44,26970
-412.61,27.51,26981
-408.24,27.34,26992
-412.41,27.31,27004
-412.86,26.90,27016
-409.30,26.35,27028
-410.89,26.48,27039
-413.19,26.06,27052
-411.50,26.14,27063
-412.79,26.75,27075
-411.46,26.71,27086
-411.58,27.23,27099
-412.57,27.45,27110
-410.84,27.57,27122
-410.03,27.38,27133
-413.00,27.12,27145
-411.22,26.86,27157
-411.25,26.31,27168
-413.12,26.36,27181
-411.55,26.16,27192
-411.59,26.04,27204
-414.25,26.73,27215
-410.86,27.00,27228
-410.12,27.12,27239
-413.61,27.60,27251
-411.13,27.38,27262
-410.07,27.25,27275
-412.13,26.94,27286
-411.91,26.54,27297
-411.07,26.24,27310
-412.27,26.31,27321
-413.13,26.42,27333
-412.06,26.44,27344
-411.00,27.28,27357
-412.93,27.24,27368
-412.27,27.14,27380
-410.45,27.57,27392
-412.31,27.11,27404
-411.17,27.04,27415
-410.73,26.96,27427
-414.70,26.67,27439
-409.69,26.32,27450
-414.62,26.52,27462
-411.60,26.55,27473
-410.42,26.35,27486
-414.65,27.02,27497
-410.51,27.10,27509
-410.52,27.14,27521
-415.89,27.32,27533
-410.52,26.98,27544
-409.43,26.69,27556
-415.10,26.86,27568
-411.21,26.76,27580
-409.38,26.43,27591
-413.52,26.74,27602
-411.48,26.68,27615
-410.07,26.62,27626
-414.34,27.13,27638
-411.92,27.03,27650
-408.28,26.91,27662
-413.31,27.02,27673
-414.28,26.78,27685
-409.17,26.62,27697
-410.27,27.01,27709
-413.45,27.16,27720
-410.73,26.79,27732
-411.43,27.08,27744
-411.93,26.79,27755
-410.10,26.55,27767
-413.31,26.99,27779
-413.36,26.81,27791
-409.59,26.75,27802
-411.14,26.91,27814
-413.30,26.89,27826
-410.80,26.83,27838
-413.14,26.94,27849
-408.82,26.93,27862
-410.12,26.76,27873
-415.07,26.93,27885
-409.81,26.83,27896
-408.25,26.61,27909
-414.46,26.80,27920
-413.04,26.78,27931
-408.19,26.77,27943
-413.45,26.76,27955
-413.92,26.93,27967
-410.00,26.96,27978
-412.73,27.02,27991
-412.36,27.31,28002
-408.34,27.20,28014
-412.48,27.06,28025
-413.85,26.98,28038
-409.16,26.41,28049
-411.76,26.46,28061
-414.63,26.52,28072
-410.60,26.53,28084
-411.31,26.73,28096
-413.87,26.78,28107
-409.38,27.10,28120
-410.40,27.22,28131
-414.23,27.18,28143
-409.67,26.90,28154
-409.41,26.91,28167
-414.64,26.59,28178
-411.58,26.08,28190
-411.33,26.40,28201
-414.45,26.43,28213
-411.79,26.51,28225
-413.64,26.94,28236
-411.20,26.97,28249
-408.52,27.18,28260
-412.32,27.56,28272
-412.37,27.34,28283
-409.45,26.96,28296
-411.25,26.73,28307
-413.83,26.31,28319
-412.90,25.98,28331
-411.55,26.34,28343
-412.98,26.45,28354
-411.64,26.74,28366
-411.48,27.20,28378
-414.08,27.19,28389
-410.78,27.40,28401
-409.20,27.62,28412
-411.70,27.48,28425
-412.31,26.81,28436
-410.49,26.48,28448
-412.15,26.35,28460
-412.05,25.88,28472
-411.17,26.34,28483
-414.07,26.69,28495
-411.79,26.67,28507
-409.22,27.22,28519
-412.79,27.33,28530
-413.45,27.29,28541
-409.78,27.35,28554
-410.78,27.21,28565
-411.23,26.75,28577
-411.07,26.40,28589
-413.77,26.29,28601
-411.63,25.88,28612
-411.30,26.16,28624
-411.43,27.04,28636
-410.20,27.16,28648
-412.02,27.58,28659
-410.66,27.65,28672
-410.78,27.33,28683
-413.89,27.07,28694
-411.84,26.83,28706
-409.30,26.46,28718
-412.55,26.25,28730
-414.66,26.61,28741
-410.90,26.29,28753
-410.83,26.65,28765
-413.66,27.03,28777
-411.93,26.89,28788
-409.83,27.22,28801
-412.57,27.16,28812
-412.20,27.08,28824
-410.05,26.97,28835
-412.22,26.98,28847
-412.64,26.75,28859
-409.91,26.43,28870
-411.98,26.48,28882
-412.63,26.25,28894
-410.35,26.52,28906
-413.74,26.99,28917
-409.15,27.03,28930
-409.44,27.36,28941
-415.75,27.34,28953
-411.04,26.73,28964
-408.62,26.89,28977
-414.62,26.76,28988
-412.96,26.41,28999
-409.25,26.62,29011
-412.73,26.37,29023
-410.86,26.41,29035
-412.11,26.68,29046
-412.84,27.18,29059
-411.53,27.09,29070
-410.08,27.06,29082
-413.36,27.09,29093
-413.24,26.70,29106
-410.40,27.00,29117
-410.83,26.95,29129
-411.58,26.91,29140
-410.54,26.94,29152
-413.95,26.60,29164
-410.78,26.59,29175
-408.62,26.45,29188
-414.89,27.13,29199
-410.87,26.99,29211
-409.13,27.02,29222
-415.08,27.18,29235
-411.52,26.72,29246
-410.05,26.82,29258
-414.69,26.93,29270
-409.98,26.94,29282
-409.15,26.67,29293
-413.33,26.93,29304
-411.57,26.83,29317
-411.63,26.56,29328
-411.19,27.06,29340
-410.20,26.83,29351
-412.55,26.71,29364
-412.28,26.96,29375
-411.79,26.79,29387
-412.25,26.88,29399
-412.72,27.16,29411
-409.19,27.21,29422
-410.44,26.67,29434
-416.10,26.78,29446
-410.34,26.69,29457
-410.13,26.40,29469
-416.16,26.94,29480
-409.21,26.84,29493
-409.77,26.84,29504
-416.92,26.91,29516
-409.59,26.91,29528
-408.45,26.97,29540
-415.97,27.21,29551
-410.17,26.99,29563
-409.73,26.69,29575
-412.15,26.68,29587
-410.89,26.63,29598
-413.68,26.62,29609
-412.28,26.81,29622
-410.67,26.72,29633
-411.24,26.59,29645
-413.44,26.91,29657
-413.95,26.78,29669
-410.21,26.96,29680
-410.21,27.30,29692
-414.75,27.15,29704
-410.31,26.96,29716
-410.34,26.61,29727
-414.55,26.54,29740
-409.05,26.36,29751
-411.52,26.95,29762
-416.80,26.64,29774
-409.58,26.53,29786
-409.00,27.20,29798
-412.10,26.78,29809
-409.61,27.32,29821
-411.66,27.32,29833
-411.90,27.11,29845
-409.77,26.87,29856
-413.70,26.57,29869
-413.87,26.67,29880
-406.78,26.21,29892
-412.51,26.45,29903
-416.47,26.64,29915
-408.15,26.58,29927
-411.63,27.01,29938
-414.79,27.23,29950
-406.48,27.19,29962
-413.23,27.34,29974
-413.73,27.15,29985
-405.85,26.73,29998
-414.64,26.52,30009
-415.34,26.37,30021
-407.40,26.10,30032
-412.70,26.40,30045
-416.00,26.87,30056
-409.72,26.61,30067
-412.88,27.16,30080
-413.13,27.20,30091
-407.75,27.29,30103
-410.79,27.60,30114
-414.92,27.15,30127
-409.34,26.73,30138
-409.04,26.29,30150
-415.00,26.31,30161
-413.03,25.84,30174
-410.28,26.46,30185
-411.84,26.69,30197
-409.63,26.76,30209
-413.41,27.69,30220
-410.37,27.29,30232
-409.48,27.37,30243
-412.52,27.24,30256
-411.13,26.83,30267
-412.08,26.31,30279
-411.77,26.20,30290
-410.00,26.43,30303
-412.84,26.37,30314
-412.65,26.84,30326
-410.94,27.04,30338
-410.61,27.04,30350
-411.00,27.22,30361
-416.66,27.21,30373
-409.30,26.97,30385
-408.11,27.15,30396
-415.75,27.00,30408
-410.14,26.71,30419
-411.53,26.77,30432
-415.62,26.32,30443
-409.19,26.39,30455
-412.11,26.69,30467
-415.49,26.94,30479
-410.12,26.85,30490
-411.41,27.35,30502
-410.69,27.34,30514
-412.07,26.97,30525
-413.46,27.22,30537
-409.14,26.48,30548
-411.15,26.63,30561
-412.91,26.60,30572
-411.16,26.46,30584
-409.90,26.64,30596
-408.72,26.72,30608
-417.16,27.19,30619
-410.53,26.80,30631
-409.65,27.13,30643
-413.32,27.34,30655
-409.48,26.88,30666
-412.91,26.94,30679
-413.92,26.99,30690
-407.86,26.64,30701
-412.21,26.45,30713
-413.00,26.78,30725
-409.68,26.46,30737
-413.62,26.62,30748
-409.87,27.05,30760
-409.02,26.86,30772
-413.89,26.80,30784
-413.68,27.04,30795
-409.24,26.73,30808
-408.83,26.71,30819
-414.88,27.09,30831
-413.59,26.67,30842
-408.14,26.73,30854
-412.37,26.84,30866
-412.87,26.65,30877
-409.70,26.80,30889
-413.76,26.93,30901
-411.57,26.84,30913
-409.10,26.69,30924
-414.94,26.74,30937
-413.27,26.63,30948
-408.19,26.81,30960
-411.35,27.08,30971
-411.39,26.82,30984
-411.64,26.97,30995
-411.93,27.10,31006
-410.96,26.49,31019
-410.28,26.85,31030
-414.55,26.30,31042
-409.47,26.70,31053
-409.76,26.55,31066
-414.90,26.77,31077
-411.60,27.34,31089
-409.55,26.88,31100
-413.38,27.58,31113
-410.53,27.27,31124
-409.27,26.62,31136
-414.28,27.17,31148
-412.36,26.36,31159
-408.24,26.33,31171
-413.04,26.84,31182
-414.33,26.27,31195
-408.72,26.63,31206
-412.42,26.88,31218
-413.22,26.82,31229
-410.68,27.16,31242
-412.72,27.41,31253
-410.56,27.28,31265
-410.06,27.24,31277
-411.01,26.70,31289
-413.67,26.43,31300
-412.39,26.24,31311
-410.62,26.41,31324
-414.03,26.45,31335
-412.67,26.56,31347
-410.01,26.85,31358
-414.21,27.07,31371
-409.62,27.50,31382
-414.61,27.51,31394
-408.22,27.24,31406
-408.98,26.86,31418
-414.12,26.58,31429
-413.03,26.15,31441
-412.03,26.07,31453
-411.24,26.23,31464
-411.38,26.79,31476
-413.61,26.43,31488
-410.30,27.37,31500
-411.34,27.25,31511
-411.10,27.34,31523
-410.07,27.88,31535
-413.04,27.07,31547
-410.73,27.02,31558
-409.77,26.27,31570
-413.10,25.95,31582
-412.60,26.15,31594
-412.60,26.15,31605
-413.98,26.46,31617
-409.78,26.81,31629
-409.90,27.47,31640
-414.59,27.54,31652
-408.04,27.30,31664
-411.75,27.18,31676
-411.75,26.80,31687
-410.70,26.41,31699
-412.68,26.70,31711
-410.71,25.95,31723
-414.55,26.19,31734
-410.93,26.73,31747
-409.00,26.59,31758
-409.75,27.16,31769
-407.87,27.51,31781
-415.79,27.22,31793
-409.70,27.33,31805
-409.96,27.10,31816
-414.33,26.46,31828
-410.18,26.59,31840
-410.70,26.25,31852
-413.39,26.11,31863
-411.55,26.42,31876
-411.55,26.53,31887
-412.75,27.25,31899
-410.40,27.45,31910
-412.08,27.48,31922
-413.45,27.42,31934
-408.58,26.97,31945
-411.58,26.82,31958
-416.48,26.59,31969
-409.61,26.46,31981
-408.97,26.25,31992
-414.52,26.78,32005
-411.88,26.60,32016
-410.57,26.87,32028
-412.92,27.15,32039
-410.31,26.84,32052
-410.08,27.24,32063
-413.00,26.92,32074
-411.88,26.72,32087
-410.30,26.98,32098
-410.03,26.75,32110
-412.17,26.72,32121
-413.77,26.76,32134
-409.35,26.65,32145
-413.21,26.75,32157
-411.14,27.15,32168
-412.97,27.12,32181
-409.95,26.88,32192
-410.01,26.92,32204
-415.70,26.72,32216
-410.19,26.57,32227
-409.81,26.44,32239
-414.45,27.04,32250
-409.25,26.73,32263
-413.08,27.06,32274
-414.65,27.12,32286
-407.32,26.48,32297
-412.20,26.93,32310
-413.87,27.01,32321
-409.10,26.42,32333
-412.73,26.72,32345
-412.96,26.89,32357
-410.48,26.69,32368
-413.86,27.00,32379
-410.33,27.27,32392
-410.83,26.75,32403
-412.78,27.08,32415
-410.17,26.99,32427
-414.88,26.62,32439
-410.61,26.65,32450
-409.08,26.77,32462
-414.03,26.28,32474
-410.37,26.58,32486
-413.98,26.55,32497
-413.03,26.39,32509
-407.79,27.00,32521
-415.20,27.36,32532
-411.85,27.27,32544
-414.75,27.41,32556
-412.04,27.20,32568
-407.52,26.56,32579
-416.37,26.33,32591
-411.31,26.18,32603
-408.70,26.09,32615
-414.51,26.29,32626
-411.81,26.87,32638
-411.62,27.26,32650
-410.72,27.51,32662
-409.72,27.78,32673
-412.60,27.25,32685
-410.93,26.87,32697
-411.32,26.63,32708
-412.05,26.33,32720
-410.95,25.98,32732
-414.58,26.37,32744
-409.98,26.44,32755
-410.09,26.43,32768
-415.14,27.55,32779
-409.70,27.23,32791
-409.84,27.66,32802
-413.59,27.81,32815
-408.74,27.17,32826
-410.62,27.17,32837
-415.29,26.29,32849
-411.45,26.10,32861
-410.57,25.74,32873
-413.17,26.21,32884
-414.11,26.26,32897
-412.09,26.72,32908
-409.57,27.29,32920
-413.22,27.98,32931
-408.68,27.73,32944
-412.51,28.04,32955
-411.97,26.95,32967
-408.09,26.34,32978
-416.46,26.32,32991
-412.08,25.69,33002
-407.59,26.03,33013
-416.69,26.46,33026
-410.75,26.64,33037
-408.17,27.39,33049
-415.88,27.47,33060
-410.83,27.74,33073
-407.57,27.44,33084
-414.57,27.15,33096
-410.84,26.67,33107
-410.23,26.33,33120
-415.06,25.72,33131
-411.59,25.87,33143
-410.07,26.05,33155
-411.85,26.33,33166
-414.33,27.39,33178
-409.49,27.31,33189
-408.04,27.90,33202
-414.89,27.95,33213
-409.21,27.12,33225
-408.21,27.17,33236
-416.16,26.24,33249
-409.18,25.90,33260
-409.80,25.97,33272
-418.22,26.13,33284
-410.22,26.47,33296
-409.49,27.03,33307
-415.62,27.44,33318
-409.51,27.39,33331
-415.03,27.63,33342
-409.54,27.29,33354
-409.98,26.87,33366
-414.85,26.74,33378
-411.34,26.35,33389
-411.02,26.16,33401
-413.95,26.38,33413
-412.03,26.38,33425
-409.98,26.84,33436
-412.14,27.08,33448
-411.80,27.40,33460
-409.70,27.24,33471
-411.98,27.28,33483
-413.87,27.14,33495
-410.83,26.61,33507
-411.06,26.63,33518
-413.27,26.52,33530
-411.58,26.21,33542
-410.99,26.56,33554
-413.73,26.71,33565
-411.61,26.76,33577
-409.82,27.42,33589
-412.22,27.39,33601
-411.16,26.97,33612
-410.23,27.22,33624
-413.61,26.76,33636
-410.24,26.28,33647
-411.48,26.55,33659
-414.29,26.54,33671
-409.68,26.62,33683
-409.90,26.71,33694
-416.53,26.80,33707
-411.43,26.92,33718
-414.93,27.19,33730
-412.89,27.11,33741
-407.48,26.92,33754
-413.65,26.76,33765
-414.52,26.66,33776
-408.43,26.64,33788
-412.29,26.63,33800
-414.41,26.57,33812
-407.65,26.89,33823
-411.74,27.00,33836
-414.99,27.01,33847
-407.79,27.24,33859
-411.33,26.89,33870
-414.43,26.93,33883
-408.64,26.77,33894
-413.49,26.63,33906
-415.44,26.48,33917
-408.29,26.37,33929
-411.35,26.90,33941
-415.21,26.98,33952
-410.04,27.12,33965
-409.42,27.36,33976
-413.40,27.01,33988
-411.49,26.81,33999
-410.24,26.72,34012
-413.36,26.49,34023
-412.36,26.23,34035
-410.78,26.59,34046
-414.07,26.99,34059
-410.92,26.84,34070
-409.19,27.31,34081
