.11,29⸮9161.00
10300.00
-409.37,29.54,1134
-411.64,28.51,1136
-410.52,27.48,1137
-413.32,26.55,1148
-415.29,25.61,1160
-411.91,25.65,1172
-413.56,26.26,1183
-410.32,27.43,1196
-406.33,28.68,1207
-412.77,29.42,1219
-410.78,29.24,1230
-406.49,28.54,1243
-412.64,27.71,1254
-411.85,26.63,1266
-409.93,25.99,1277
-417.57,26.15,1289
-412.35,26.30,1301
-407.94,27.43,1312
-415.50,28.62,1325
-408.46,29.31,1336
-405.77,29.25,1348
-412.32,28.52,1359
-409.56,27.45,1372
-412.89,26.18,1383
-415.60,25.55,1395
-408.48,25.85,1406
-414.71,26.37,1419
-412.59,27.56,1430
-409.54,28.57,1441
-413.22,29.41,1454
-403.79,29.19,1465
-409.25,28.92,1477
-415.64,27.62,1488
-405.68,26.09,1501
-414.95,25.46,1512
-416.10,25.46,1524
-417.37,26.45,1536
-409.61,27.64,1548
-405.34,28.84,1559
-413.11,29.37,1571
-409.42,29.30,1583
-409.93,28.82,1595
-410.44,27.18,1606
-410.87,26.47,1617
-416.82,25.67,1630
-412.66,25.33,1641
-413.41,26.58,1653
-412.66,27.49,1665
-406.32,28.77,1677
-412.72,29.51,1688
-409.54,29.12,1700
-404.61,28.27,1712
-415.03,27.39,1724
-413.17,26.45,1735
-410.23,25.87,1747
-416.27,26.01,1759
-412.57,26.08,1771
-410.48,27.48,1782
-413.80,28.44,1794
-408.47,29.15,1806
-407.56,29.67,1817
-410.38,28.77,1829
-410.12,27.59,1841
-413.03,26.44,1853
-412.50,25.48,1864
-413.36,25.45,1876
-415.25,26.07,1888
-410.64,27.40,1900
23.48,28.83,1911
-4620.84,29.64,1924
-411.81,29.69,1935
-411.00,28.88,1947
-405.11,27.47,1958
-415.90,26.43,1970
-415.24,25.55,1982
-410.97,25.30,1993
-416.41,26.10,2006
-407.82,27.00,2017
-407.05,28.89,2029
-412.85,29.10,2040
-405.52,29.86,2053
-409.76,29.20,2064
-412.42,27.91,2076
-410.09,27.14,2087
-416.74,25.39,2100
-413.88,25.12,2111
-410.63,25.39,2123
-415.65,26.51,2135
-410.58,28.58,2146
-407.95,29.66,2158
-409.97,30.38,2169
-407.90,29.33,2182
-409.17,28.23,2193
-413.11,26.76,2205
-413.31,25.37,2216
-410.16,25.25,2229
-415.68,25.67,2240
-415.67,26.83,2252
-407.01,28.02,2264
-413.34,29.53,2276
-409.07,29.86,2287
-415.36,29.57,2299
-410.33,28.53,2311
-406.25,26.40,2322
-419.01,25.60,2334
-412.42,25.22,2345
-410.68,25.48,2358
-417.53,26.95,2369
-406.62,27.90,2381
-407.54,29.27,2393
-413.61,29.75,2405
-406.21,29.49,2416
-409.84,28.21,2428
-413.36,27.01,2440
-411.91,26.11,2452
-415.74,25.05,2463
-413.90,25.83,2476
-412.26,26.44,2487
-410.58,27.58,2498
-409.15,29.18,2510
-410.54,29.54,2522
-407.03,29.37,2534
-408.53,28.55,2545
-413.04,27.29,2557
-410.60,26.01,2569
-414.26,25.51,2581
-415.31,25.41,2592
-409.91,26.18,2605
-414.16,27.84,2616
-412.30,28.84,2628
-403.84,29.72,2639
-411.23,29.58,2652
-410.26,28.74,2663
-406.18,27.49,2674
-411.22,26.15,2686
-409.38,25.66,2698
-420.47,25.59,2710
-409.70,26.31,2721
-407.42,27.58,2734
-415.47,28.67,2745
-405.73,29.51,2757
-408.21,29.44,2768
-414.59,28.60,2781
-407.95,27.37,2792
-412.36,26.44,2804
-417.11,25.96,2816
-413.16,25.87,2828
-409.86,26.40,2839
-411.91,27.43,2850
-411.56,28.33,2863
-405.84,29.15,2874
-411.75,29.20,2886
-411.97,28.57,2897
-404.37,27.68,2910
-416.95,26.85,2921
-417.24,25.81,2933
-405.11,25.79,2945
-417.50,26.60,2957
-414.27,27.26,2968
-403.36,28.55,2980
-415.67,29.52,2992
-408.76,28.94,3004
-403.18,28.63,3015
-418.20,27.73,3026
-413.37,25.97,3039
-408.66,25.81,3050
-415.80,25.86,3062
-409.70,26.08,3074
-411.32,27.90,3086
-411.78,28.91,3097
-404.61,29.28,3109
-408.85,29.28,3121
-415.80,28.80,3133
-407.53,27.15,3144
-411.73,25.94,3156
-419.41,26.04,3168
-410.01,25.30,3180
-411.77,26.57,3191
-415.97,28.01,3203
-404.49,28.66,3215
-407.20,29.88,3226
-414.42,29.71,3238
-406.51,28.63,3250
-408.96,27.29,3262
-415.48,26.42,3273
-410.99,25.31,3286
-414.41,25.47,3297
-416.37,26.54,3309
-407.86,27.17,3320
-410.08,28.84,3333
-412.21,29.63,3344
-406.44,29.43,3355
-408.46,28.91,3367
-411.09,27.56,3379
-410.75,26.38,3391
-414.36,25.44,3402
-413.06,25.66,3415
-412.26,26.20,3426
-412.06,27.26,3438
-409.77,28.89,3449
-411.84,29.60,3462
-406.78,29.80,3473
-413.52,29.11,3485
-409.25,27.66,3496
-411.84,26.31,3509
-416.40,25.52,3520
-410.49,25.33,3531
-414.15,25.83,3544
-413.44,27.34,3555
-406.06,28.30,3567
-410.42,29.40,3578
-411.32,29.79,3591
-408.13,28.82,3602
-409.96,27.87,3614
-412.16,26.70,3625
-412.06,25.74,3638
-414.69,25.49,3649
-415.85,25.81,3661
-409.81,26.89,3673
-410.23,28.18,3685
-411.33,29.51,3696
-406.51,29.82,3707
-409.63,29.21,3720
-409.46,28.34,3731
-409.55,26.90,3743
-416.36,26.24,3755
-411.97,25.23,3767
-411.78,25.87,3778
-415.83,26.79,3790
-409.26,27.57,3802
-410.65,29.32,3814
-411.28,29.34,3825
-404.69,29.27,3837
-411.04,28.64,3849
-409.37,27.05,3861
-415.19,26.04,3872
-414.42,25.59,3884
-410.54,25.70,3896
-414.20,26.63,3907
-410.88,27.77,3919
-405.89,28.69,3931
-412.12,29.41,3943
-409.84,29.22,3954
-406.46,28.29,3966
-413.73,26.90,3978
-413.32,26.09,3990
-411.71,25.81,4001
-417.26,25.75,4014
-412.27,26.99,4025
-406.62,28.00,4037
-412.65,28.89,4048
-409.12,29.29,4060
-407.51,28.98,4072
-413.90,27.93,4083
-408.74,26.84,4096
-412.60,26.05,4107
-416.08,25.39,4119
-410.94,26.00,4130
-413.83,26.77,4143
-412.06,27.95,4154
-407.35,28.97,4166
-410.46,29.41,4177
-408.81,29.31,4190
-407.18,28.17,4201
-413.97,26.94,4213
-412.39,25.92,4225
-409.54,25.45,4236
-413.25,25.76,4248
-408.29,26.57,4259
-415.47,27.95,4272
-407.20,29.00,4283
-403.64,29.74,4295
-417.25,29.39,4306
-406.36,28.51,4319
-407.12,27.01,4330
-423.70,25.55,4342
-407.32,25.11,4354
-412.35,25.37,4366
-422.06,26.59,4377
-400.84,28.17,4389
-411.63,29.31,4401
-415.81,30.09,4412
-397.94,29.52,4424
-415.40,28.62,4435
-414.81,26.80,4448
-401.73,25.90,4459
-421.73,25.01,4471
-413.71,25.37,4483
-406.42,26.40,4495
-419.88,27.84,4506
-405.83,29.42,4518
-405.34,29.89,4530
-414.93,29.72,4542
-404.22,28.91,4553
-409.67,27.08,4566
-415.55,26.33,4577
-409.23,25.27,4588
-416.29,24.90,4600
-414.32,26.22,4612
-409.60,27.34,4624
-408.41,28.62,4635
-408.76,30.10,4647
-410.11,29.85,4659
-406.70,28.94,4671
-412.13,28.01,4682
-413.32,26.07,4695
-409.61,25.35,4706
-417.51,25.55,4718
-412.35,25.72,4729
-407.32,27.28,4742
-415.79,28.74,4753
-404.33,29.57,4764
-406.06,30.02,4776
-415.66,29.10,4788
-404.64,27.84,4800
-412.56,26.45,4811
-419.41,25.31,4824
-408.29,25.09,4835
-415.65,26.01,4847
-415.92,27.13,4858
-406.34,28.61,4871
-412.78,29.45,4882
-408.75,29.50,4894
-406.99,29.10,4905
-413.13,27.96,4918
-410.50,26.68,4929
-412.80,25.76,4940
-415.48,25.43,4953
-412.07,25.99,4964
-415.25,27.06,4976
-412.10,28.49,4987
-407.07,29.37,5000
-411.52,29.74,5011
-408.33,29.20,5023
-413.98,27.97,5035
-411.65,26.79,5047
-409.81,25.66,5058
-417.54,25.58,5070
-414.82,25.96,5082
-405.49,26.84,5093
-414.61,28.04,5105
-411.39,29.16,5116
-401.80,29.88,5129
-415.12,29.29,5140
-410.69,28.16,5152
-405.10,26.77,5164
-419.30,25.78,5176
-413.84,25.51,5187
-409.00,25.81,5199
-418.83,26.99,5211
-409.02,27.90,5223
-405.08,29.07,5234
-415.41,29.59,5246
-407.34,29.05,5258
-406.54,28.16,5269
-415.16,27.27,5281
-411.35,25.63,5293
-410.20,25.87,5305
-418.45,26.05,5316
-410.93,26.68,5328
-408.18,27.96,5340
-415.68,29.05,5352
-406.17,29.31,5363
-407.73,29.46,5376
-415.36,28.34,5387
-406.43,26.95,5399
-419.49,26.02,5410
-408.90,25.61,5423
-414.77,25.78,5434
-415.51,26.89,5445
-404.13,28.23,5457
-411.25,29.00,5469
-412.25,29.56,5481
-404.45,28.90,5492
-411.01,28.01,5505
-415.47,26.94,5516
-409.22,26.03,5528
-413.35,25.71,5539
-416.78,25.89,5552
-410.83,26.93,5563
-410.26,28.04,5575
-412.23,29.22,5586
-405.69,29.55,5599
-407.87,29.08,5610
-413.75,28.18,5621
-410.41,26.67,5634
-412.78,25.85,5645
-414.66,25.57,5657
-411.47,26.11,5668
-413.98,26.94,5681
-410.27,28.33,5692
-409.12,29.12,5704
-410.69,29.40,5715
-409.10,29.45,5728
-411.05,27.97,5739
-409.81,26.86,5751
-411.38,25.95,5763
-416.48,25.19,5775
-412.10,26.06,5786
-412.70,27.06,5797
-406.21,28.24,5810
-413.30,29.49,5821
-409.92,29.90,5833
-405.79,29.14,5844
-412.99,28.20,5857
-411.23,27.05,5868
-411.85,25.44,5880
-415.66,25.51,5892
-413.47,25.59,5904
-411.82,26.48,5915
-410.26,28.33,5927
-411.59,29.18,5939
-407.86,29.93,5951
-405.98,29.53,5962
-412.72,28.33,5974
-409.84,27.19,5986
-410.91,26.11,5997
-417.59,25.47,6009
-410.56,25.51,6021
-412.14,26.58,6033
-416.63,27.53,6044
-407.63,29.06,6056
-407.21,30.24,6068
-410.92,29.84,6080
-407.06,29.15,6091
-409.83,27.37,6104
-414.16,25.77,6115
-410.41,24.98,6127
-414.43,25.17,6138
-416.07,26.24,6150
-409.12,27.20,6162
-411.71,28.98,6173
-404.76,30.23,6185
-413.07,30.12,6197
-410.61,29.58,6209
-406.88,27.91,6220
-418.45,26.16,6233
-412.22,25.05,6244
-410.61,24.88,6256
-420.22,25.57,6267
-406.92,27.14,6280
-406.67,28.87,6291
-417.07,29.89,6303
-402.83,30.14,6315
-407.09,29.25,6326
-418.16,27.81,6338
-406.19,26.33,6349
-411.82,25.19,6362
-421.63,24.99,6373
-408.97,25.53,6385
-409.55,26.88,6396
-418.19,28.68,6409
-404.79,29.55,6420
-404.59,30.03,6432
-417.04,29.43,6444
-404.99,27.88,6456
-409.52,26.88,6467
-420.90,25.83,6479
-406.98,25.22,6491
-413.47,26.00,6502
-419.74,26.70,6514
-404.22,27.64,6525
-411.43,29.29,6538
-412.94,29.65,6549
-402.86,29.17,6561
-413.33,28.59,6573
-407.90,27.03,6585
-416.62,25.81,6596
-413.09,25.63,6608
-412.60,25.79,6620
-414.65,26.63,6632
-407.86,28.01,6643
-410.28,28.98,6656
-410.30,29.36,6667
-407.56,29.20,6678
-412.70,28.40,6690
-409.74,27.42,6702
-412.11,26.02,6714
-416.98,26.10,6725
-413.72,25.48,6737
-410.25,26.59,6749
-413.45,27.95,6761
-409.16,28.65,6772
-407.87,29.67,6785
-412.95,28.93,6796
-408.04,28.10,6808
-409.33,27.40,6819
-418.05,26.19,6832
-410.07,26.17,6843
-414.27,25.86,6854
-415.00,26.75,6866
-406.22,28.10,6878
-415.60,28.73,6890
-409.50,29.69,6901
-404.63,29.12,6914
-414.67,28.03,6925
-408.82,27.06,6937
-413.47,25.94,6948
-409.15,25.69,6961
-416.99,26.24,6972
-410.26,27.07,6984
-408.45,28.08,6995
-412.42,28.83,7008
-404.70,29.28,7019
-412.35,28.96,7030
-413.36,28.12,7043
-405.79,27.00,7054
-416.06,26.28,7066
-413.08,25.79,7077
-411.54,26.44,7090
-416.87,26.96,7101
-405.88,27.99,7113
-409.91,29.06,7124
-411.55,29.40,7137
-404.16,28.57,7148
-414.06,28.39,7160
-409.76,27.01,7172
-409.41,26.11,7183
-419.32,25.96,7195
-409.08,25.94,7206
-411.00,26.44,7219
-415.82,28.14,7230
-405.65,28.73,7242
-411.95,29.44,7254
-409.24,29.33,7266
-405.91,28.01,7277
-415.29,27.23,7289
-411.22,25.80,7301
-411.56,25.43,7313
-417.44,25.75,7324
-409.76,26.75,7336
-411.91,27.96,7348
-402.70,28.88,7359
-414.09,29.73,7371
-409.08,29.22,7383
-403.98,28.33,7395
-419.61,27.24,7406
-411.74,25.66,7418
-408.04,25.74,7430
-422.71,25.39,7442
-408.02,26.84,7453
-406.73,27.93,7465
-417.95,28.91,7477
-401.96,29.95,7489
-408.60,29.40,7500
-415.93,28.59,7513
-404.48,27.41,7524
-415.05,25.74,7535
-415.57,25.49,7547
-409.81,25.53,7559
-417.56,26.12,7571
-408.70,27.87,7582
-410.32,28.80,7595
-411.89,29.44,7606
-404.53,29.51,7618
-414.23,28.62,7629
-409.32,27.39,7642
-406.86,26.35,7653
-420.68,25.39,7665
-409.86,25.48,7676
-410.83,26.14,7689
-420.76,27.18,7700
-404.50,28.67,7711
-409.95,29.97,7724
-400.98,29.73,7735
-411.87,29.22,7747
-415.44,27.76,7758
-407.34,26.19,7771
-415.92,25.42,7782
-415.66,25.09,7794
-410.16,26.03,7805
-412.75,27.43,7818
-412.09,28.62,7829
-406.04,29.61,7841
-408.46,29.90,7853
-412.82,29.06,7865
-408.82,27.80,7876
-412.31,26.40,7887
-416.18,25.43,7900
-411.31,25.30,7911
-414.84,25.97,7923
-413.51,27.28,7934
-406.83,28.47,7947
-410.27,29.45,7958
-410.22,29.77,7970
-408.16,28.80,7982
-410.75,28.00,7994
-411.68,26.83,8005
-413.87,25.69,8017
-412.57,25.64,8029
-412.54,25.80,8041
-414.09,26.69,8052
-409.91,28.22,8064
-411.16,29.14,8076
-410.45,29.58,8087
-404.79,29.46,8099
-412.85,28.38,8111
-407.54,26.72,8123
-416.01,26.13,8134
-413.94,25.60,8146
-409.93,25.60,8158
-417.61,27.01,8170
-409.01,27.86,8181
-404.19,28.92,8194
-415.38,29.94,8205
-408.82,29.24,8217
-405.87,28.27,8228
-416.82,27.00,8240
-411.64,25.66,8252
-411.55,25.39,8263
-419.50,25.87,8275
-409.03,26.81,8287
-406.52,28.14,8299
-415.12,29.38,8310
-407.62,29.61,8323
-407.24,29.08,8334
-412.89,28.15,8346
-408.33,26.83,8357
-413.47,25.95,8370
-416.38,25.83,8381
-411.36,26.19,8393
-412.56,27.19,8404
-412.24,28.10,8416
-410.52,29.38,8428
-407.37,28.81,8439
-410.05,29.12,8452
-412.41,28.06,8463
-409.26,26.64,8475
-414.35,26.80,8486
-406.79,25.75,8499
-417.03,26.26,8510
-415.14,27.18,8522
-403.53,27.36,8534
-411.68,28.75,8546
-409.53,29.12,8557
-404.14,29.09,8569
-416.47,28.78,8581
-411.06,27.58,8592
-407.74,26.46,8604
-419.60,25.91,8615
-411.54,25.61,8628
-408.72,26.33,8639
-416.10,27.69,8651
-408.33,28.68,8663
-408.83,29.63,8675
-410.62,29.61,8686
-407.88,28.58,8698
-410.75,27.31,8710
-412.83,25.92,8722
-414.01,25.23,8733
-413.54,25.47,8745
-412.79,25.91,8757
-413.73,28.54,8768
-408.98,28.37,8780
-406.48,30.16,8792
-412.89,29.60,8804
-408.36,28.10,8815
-407.18,27.94,8827
-417.65,25.74,8839
-409.08,25.15,8851
-412.96,25.80,8862
-420.98,25.79,8875
-412.33,27.82,8886
-415.93,28.76,8898
-396.83,29.95,8909
-414.74,29.23,8922
-412.99,28.70,8933
-404.71,27.16,8944
-420.09,25.72,8956
-410.68,26.07,8968
-411.60,25.62,8980
-415.93,26.41,8991
-407.38,27.94,9004
-413.58,28.40,9015
-405.89,29.26,9027
-408.34,29.54,9038
-416.73,28.63,9051
-403.46,27.48,9062
-415.70,26.42,9074
-416.89,25.36,9085
-405.80,25.69,9098
-422.50,26.37,9109
-409.84,27.57,9120
-402.79,28.77,9133
-419.21,29.38,9144
-404.27,29.55,9156
-406.36,28.77,9167
-417.40,27.79,9180
-405.78,26.50,9191
-416.20,25.31,9203
-416.78,25.30,9214
-407.62,25.68,9227
-417.68,27.11,9238
-407.63,28.49,9250
-407.78,29.81,9262
-401.81,29.95,9274
-414.13,29.37,9285
-415.01,28.09,9296
-404.99,26.17,9309
-418.28,25.42,9320
-413.79,25.39,9332
-409.53,25.75,9344
-416.33,27.38,9356
-407.35,28.67,9367
-406.63,29.70,9379
-411.41,30.04,9391
-408.56,29.09,9403
-411.83,27.77,9414
-410.74,26.44,9426
-412.95,25.28,9438
-417.90,25.39,9450
-411.82,25.94,9461
-410.34,27.22,9473
-412.88,28.57,9485
-407.42,29.21,9496
-409.12,29.65,9508
-411.57,28.90,9520
-406.67,28.16,9532
-411.28,27.34,9543
-415.52,25.88,9555
-411.08,25.60,9567
-414.37,25.62,9579
-413.95,26.31,9590
-410.94,27.87,9603
-411.51,29.09,9614
-407.88,29.77,9626
-408.93,29.49,9637
-409.38,28.73,9649
-415.08,27.03,9661
-410.19,26.03,9672
-413.15,25.55,9684
-419.41,25.42,9696
-405.04,26.27,9708
-410.83,27.75,9719
-415.74,29.00,9732
-401.57,29.57,9743
-412.23,29.58,9755
-414.29,28.56,9766
-405.31,26.84,9779
-417.16,26.05,9790
-415.26,25.44,9802
-408.61,25.93,9814
-417.36,26.63,9825
-409.03,28.75,9837
-407.15,28.33,9848
-411.98,29.46,9861
-408.46,29.47,9872
-411.45,27.34,9884
-408.35,27.55,9895
-413.37,26.25,9908
-414.38,25.50,9919
-410.29,26.77,9931
-417.90,26.61,9943
-407.29,27.93,9955
-405.55,28.89,9966
-417.43,28.97,9978
-405.25,28.46,9990
-407.38,28.14,10001
-417.90,27.04,10013
-409.48,26.32,10024
-411.26,26.13,10037
-410.51,26.47,10048
-409.81,26.85,10060
-414.51,27.90,10072
-409.68,28.89,10084
-403.45,29.03,10095
-414.76,29.11,10107
-411.87,28.24,10119
-406.05,26.72,10131
-419.24,26.19,10142
-411.47,25.63,10155
-409.03,25.63,10166
-421.28,26.64,10177
-407.14,28.15,10189
-403.72,28.86,10201
-416.35,29.93,10213
-405.37,29.67,10224
-407.66,27.87,10236
-415.86,27.30,10248
-408.49,25.82,10260
-414.25,24.64,10271
-417.97,25.62,10284
-410.04,26.32,10295
-410.50,28.15,10307
-409.92,29.82,10318
-409.57,30.10,10331
-410.20,29.47,10342
-406.73,28.35,10353
-411.59,26.79,10365
-414.31,25.44,10377
-413.13,25.30,10389
-415.35,25.45,10400
-411.62,26.51,10413
-410.66,28.01,10424
-408.41,28.95,10436
-406.67,29.81,10447
-409.95,29.52,10460
-408.10,28.65,10471
-413.17,27.51,10483
-413.48,26.15,10494
-409.92,25.41,10507
-418.07,25.36,10518
-413.00,25.90,10529
-408.14,27.10,10542
-415.00,28.58,10553
-404.50,29.54,10565
-406.56,30.08,10576
-417.26,29.83,10589
-402.82,28.05,10600
-410.40,26.83,10612
-422.48,25.24,10624
-407.12,24.59,10636
-417.17,25.60,10647
-418.36,26.56,10659
-400.72,28.28,10671
-412.72,29.85,10683
-413.23,30.16,10694
-401.76,29.64,10705
-412.80,28.45,10718
-413.66,26.70,10729
-408.89,25.36,10741
-416.92,25.12,10753
-414.48,25.54,10765
-411.23,26.57,10776
-412.64,28.47,10788
-409.09,29.40,10800
-410.16,29.46,10812
-408.25,29.42,10823
-415.50,28.12,10835
-409.57,26.72,10847
-412.19,26.34,10859
-418.71,25.99,10870
-409.05,26.00,10882
-411.51,26.80,10894
-415.31,27.66,10905
-403.98,28.10,10917
-409.58,29.15,10929
-415.00,29.18,10941
-406.07,28.31,10952
-412.34,27.66,10964
-414.41,26.58,10976
-410.17,25.92,10988
-417.34,26.26,10999
-411.54,26.60,11012
-407.73,27.64,11023
-414.52,28.89,11035
-407.98,28.99,11046
-409.29,28.61,11058
-412.09,28.23,11070
-405.62,27.23,11081
-415.84,26.53,11094
-415.83,26.05,11105
-409.15,26.02,11117
-414.50,27.13,11128
-408.96,27.99,11141
-409.32,28.90,11152
-414.02,29.23,11164
-405.17,28.70,11175
-408.93,28.02,11188
-415.13,26.75,11199
-413.37,25.83,11211
-414.97,25.68,11223
-409.80,26.27,11234
-413.51,27.14,11246
-412.03,28.43,11257
-405.52,29.39,11270
-409.33,29.21,11281
-412.09,29.02,11293
-410.58,27.80,11304
-413.12,26.34,11317
-412.48,26.02,11328
-412.39,25.50,11340
-416.97,26.15,11352
-411.98,27.27,11364
-408.28,28.26,11375
-409.77,29.28,11387
-405.40,29.66,11399
-411.28,28.83,11410
-413.34,27.95,11422
-404.45,26.73,11433
-415.89,25.94,11446
-415.72,25.49,11457
-409.72,25.97,11469
-418.88,26.81,11481
-408.41,27.91,11493
-406.17,29.22,11504
-417.92,29.44,11516
-403.54,29.29,11528
-406.12,28.08,11540
-416.94,26.94,11551
-408.52,25.62,11564
-413.18,25.18,11575
-419.99,25.46,11586
-410.06,26.28,11598
-417.52,27.99,11610
-406.39,29.14,11622
-406.09,29.76,11633
-412.71,30.10,11645
-407.48,28.87,11657
-410.74,27.29,11669
-419.36,25.82,11680
-410.43,24.89,11693
-408.87,25.01,11704
-420.15,26.64,11716
-410.38,27.87,11727
-404.72,29.20,11740
-412.91,30.38,11751
-405.87,29.80,11762
-407.90,28.78,11774
-418.74,27.46,11786
-407.28,25.67,11798
-409.99,25.03,11809
-423.32,25.49,11822
-409.22,25.89,11833
-409.89,27.53,11845
-416.43,29.00,11856
-400.73,29.82,11869
-410.84,29.87,11880
-417.24,28.91,11892
-399.57,27.60,11904
-413.95,26.43,11916
-420.66,25.57,11927
-404.46,25.37,11938
-418.25,25.89,11951
-415.40,26.97,11962
-399.68,28.44,11974
-411.56,29.54,11985
-398.28,29.56,11998
-416.30,29.25,12009
-412.41,28.29,12021
-407.87,26.69,12033
-417.40,25.65,12045
-411.88,25.32,12056
-411.06,25.49,12068
-415.99,26.73,12080
-411.79,28.37,12092
-405.28,29.07,12103
-408.69,29.65,12114
-414.44,29.72,12127
-408.49,28.11,12138
-410.15,26.88,12150
-416.89,25.88,12162
-410.13,25.03,12174
-414.20,25.86,12185
-417.97,26.97,12197
-404.50,28.00,12209
-408.55,29.41,12221
-413.91,29.65,12232
-405.86,28.87,12244
-410.16,28.08,12256
-412.97,26.90,12268
-410.35,25.83,12279
-414.73,25.93,12291
-415.14,26.12,12303
-410.44,26.75,12314
-408.41,28.35,12326
-411.13,28.96,12338
-411.17,29.12,12350
-406.76,28.88,12361
-412.39,27.88,12374
-412.42,26.88,12385
-414.69,26.08,12397
-414.56,25.88,12408
-409.76,26.04,12421
-410.87,27.06,12432
-415.80,28.31,12444
-408.30,28.62,12455
-405.43,29.19,12467
-414.86,28.90,12479
-410.71,27.96,12490
-409.19,26.91,12503
-416.67,26.02,12514
-410.93,25.73,12526
-411.27,26.21,12537
-417.14,27.32,12550
-407.91,28.20,12561
-405.31,29.20,12573
-412.86,29.60,12584
-409.77,28.75,12597
-407.82,27.93,12608
-413.74,26.66,12620
-412.45,25.54,12632
-410.31,25.47,12643
-418.74,26.18,12655
-413.81,27.19,12666
-404.03,28.68,12679
-413.44,29.94,12690
-411.10,29.77,12702
-404.02,29.00,12713
-413.21,27.87,12726
-410.39,26.32,12737
-409.38,25.53,12749
-413.93,25.37,12761
-408.28,25.63,12773
-414.50,27.22,12784
-411.11,28.80,12796
-406.51,29.65,12808
-410.52,29.95,12819
-408.75,29.38,12831
-407.33,27.86,12843
-415.94,26.26,12855
-416.49,25.42,12866
-407.14,24.83,12878
-415.48,25.97,12890
-416.08,27.37,12902
-403.35,28.16,12913
-411.35,29.75,12925
-410.04,29.91,12937
-401.68,29.27,12949
-415.17,28.72,12960
-413.79,26.76,12973
-405.19,25.32,12984
-417.28,25.15,12995
-417.71,25.54,13007
-408.05,26.39,13019
-413.99,28.08,13031
-411.64,29.16,13042
-403.54,29.84,13054
-412.30,30.01,13066
-411.94,28.84,13078
-403.89,27.41,13089
-413.67,26.37,13102
-416.53,25.05,13113
-408.68,25.15,13125
-416.55,26.10,13136
-405.87,27.40,13149
-412.67,28.87,13160
-409.77,30.03,13172
-403.48,29.97,13184
-412.54,29.39,13195
-412.88,28.16,13207
-410.95,26.13,13218
-415.11,25.17,13231
-413.54,25.13,13242
-411.51,25.75,13254
-412.36,27.38,13265
-411.59,28.74,13278
-407.38,29.54,13289
-407.86,29.79,13301
-411.27,29.32,13313
-410.73,27.80,13325
-411.98,26.59,13336
-414.30,25.81,13348
-413.11,25.26,13360
-413.82,26.05,13371
-414.20,27.18,13383
-409.42,28.20,13394
-407.64,29.44,13407
-411.21,29.34,13418
-410.27,28.76,13430
-408.58,27.93,13442
-412.00,26.55,13454
-411.86,26.06,13465
-412.03,26.07,13477
-416.35,26.33,13489
-411.19,27.07,13501
-407.19,28.20,13512
-409.44,29.01,13524
-408.83,29.12,13536
-410.99,28.91,13547
-409.94,27.76,13559
-413.47,26.71,13571
-413.13,26.08,13583
-414.05,25.87,13594
-414.06,26.42,13606
-406.13,27.31,13618
-412.78,28.53,13630
-412.11,29.38,13641
-402.92,29.06,13654
-413.68,28.44,13665
-412.00,27.34,13677
-407.58,26.18,13688
-419.83,25.82,13701
-412.04,25.65,13712
-408.29,26.50,13723
-418.44,27.93,13735
-407.62,28.80,13747
-405.97,29.48,13759
-414.25,29.42,13770
-406.86,28.30,13783
-410.09,27.15,13794
-417.39,26.22,13806
-408.60,25.41,13817
-412.49,25.83,13830
-418.17,26.84,13841
-409.24,27.56,13853
-409.05,28.69,13864
-412.05,29.42,13877
-406.75,29.20,13888
-410.86,28.43,13899
-407.95,27.46,13912
-414.36,26.34,13923
-415.29,25.59,13935
-413.38,25.67,13946
-414.21,25.96,13959
-408.12,27.01,13970
-410.77,28.74,13982
-411.21,29.78,13993
-405.35,30.11,14006
-411.44,29.42,14017
-409.94,27.87,14029
-411.26,26.29,14041
-418.14,25.16,14053
-410.84,24.85,14064
-412.71,25.51,14075
-415.40,27.16,14088
-408.14,28.56,14099
-410.22,29.91,14111
-408.78,30.48,14123
-406.63,29.44,14135
-411.73,28.13,14146
-412.61,26.24,14158
-412.00,24.92,14170
-413.08,24.73,14182
-416.48,25.37,14193
-414.32,26.93,14205
-408.29,28.38,14217
-411.10,29.69,14229
-408.40,30.19,14240
-404.67,29.59,14252
-414.05,28.62,14264
-410.51,26.81,14275
-407.33,25.74,14287
-414.21,25.09,14299
-410.64,25.23,14311
-414.17,26.49,14322
-409.77,27.59,14334
-408.45,29.15,14346
-410.08,30.19,14358
-408.50,29.82,14369
-410.30,29.07,14382
-410.71,27.61,14393
-412.54,26.37,14405
-415.51,25.46,14416
-412.63,25.05,14428
-411.67,25.70,14440
-414.12,26.98,14451
-410.25,28.61,14464
-407.33,29.62,14475
-411.47,29.89,14487
-407.78,29.18,14498
-408.62,27.79,14511
-417.28,26.45,14522
-410.30,25.61,14534
-412.07,25.57,14545
-418.25,26.12,14558
-408.43,27.34,14569
-410.68,28.46,14581
-412.84,29.24,14593
-406.09,29.34,14604
-411.54,28.51,14616
-411.25,27.58,14627
-410.09,26.57,14640
-413.49,25.87,14651
-411.97,25.93,14663
-417.48,26.26,14674
-405.76,27.32,14687
-416.34,28.54,14698
-405.37,29.05,14710
-405.57,29.23,14722
-419.25,28.75,14734
-406.20,27.55,14745
-410.23,26.76,14757
-422.91,26.40,14769
-405.56,25.72,14780
-409.98,26.46,14792
-419.65,27.78,14803
-404.35,28.22,14816
-409.30,29.32,14827
-415.41,29.16,14839
-403.00,28.08,14851
-410.40,27.61,14863
-417.72,26.50,14874
-408.27,25.94,14886
-411.98,26.30,14898
-417.52,26.82,14910
-408.82,27.73,14921
-408.99,28.68,14934
-413.57,29.31,14945
-407.52,28.81,14956
-407.73,28.51,14968
-413.77,27.50,14980
-411.27,26.04,14992
-409.97,26.06,15003
-416.44,25.91,15015
-414.56,26.56,15027
-408.18,28.11,15039
-413.18,29.01,15050
-411.11,29.27,15063
-414.42,29.22,15074
-411.00,28.52,15086
-406.52,26.88,15097
-419.99,26.11,15110
-411.30,25.62,15121
-410.02,25.18,15132
-418.80,26.46,15144
-405.51,27.78,15156
-409.45,28.76,15168
-415.73,29.96,15179
-401.76,29.68,15192
-411.74,28.58,15203
-414.60,27.45,15215
-406.21,26.02,15226
-418.69,25.11,15239
-413.37,25.38,15250
-408.13,26.47,15262
-417.12,27.55,15273
-408.24,29.16,15286
-407.92,29.94,15297
-411.13,29.67,15308
-406.56,29.12,15321
-412.97,27.70,15332
-411.96,26.10,15344
-411.59,25.25,15355
-416.18,25.19,15368
-411.12,25.85,15379
-413.33,27.19,15391
-414.76,28.48,15403
-404.59,29.58,15415
-410.10,30.09,15426
-411.43,29.40,15438
-404.19,28.28,15450
-414.99,26.54,15462
-407.72,25.34,15473
-419.06,25.22,15484
-415.73,25.46,15497
-405.81,26.70,15508
-415.37,28.33,15520
-410.18,29.31,15532
-402.76,30.07,15544
-414.06,29.89,15555
-409.59,28.46,15567
-407.41,26.89,15579
-417.80,25.65,15591
-412.02,24.99,15602
-411.97,25.24,15614
-416.47,26.55,15626
-409.12,27.89,15638
-408.13,29.30,15649
-409.33,30.26,15661
-408.85,29.52,15673
-410.99,28.61,15684
-410.22,27.40,15696
-413.27,25.99,15708
-411.85,25.48,15720
-413.24,25.69,15731
-417.96,26.31,15744
-408.33,27.53,15755
-409.06,28.95,15767
-414.21,29.48,15778
-404.15,29.31,15791
-410.46,28.78,15802
-414.10,27.13,15814
-406.78,26.22,15825
-415.69,25.95,15837
-408.85,25.59,15849
-413.77,26.34,15860
-410.16,27.37,15873
-407.93,28.45,15884
-412.05,29.21,15896
-407.10,29.34,15907
-410.34,28.49,15920
-414.01,27.10,15931
-409.03,26.44,15943
-415.23,25.61,15954
-414.29,25.70,15967
-408.06,26.87,15978
-414.07,27.56,15990
-409.50,28.69,16002
-404.84,29.50,16014
-413.47,29.09,16025
-408.58,28.38,16036
-406.18,27.31,16049
-417.65,26.25,16060
-411.95,25.48,16072
-411.26,25.81,16083
-418.36,26.59,16096
-406.84,27.73,16107
-408.98,29.25,16119
-412.92,29.58,16131
-405.75,29.07,16143
-410.29,28.19,16154
-411.58,27.05,16166
-411.13,25.82,16178
-413.39,25.49,16189
-413.66,25.95,16201
-414.54,26.45,16212
-409.55,27.87,16225
-413.68,28.94,16236
-404.57,29.42,16248
-410.50,29.45,16260
-413.89,28.51,16272
-406.56,27.37,16283
-417.16,26.21,16295
-414.46,25.62,16307
-408.49,25.58,16319
-417.68,26.43,16330
-409.64,27.86,16343
-407.36,28.75,16354
-413.20,29.64,16366
-404.98,29.62,16377
-410.44,28.77,16389
-415.02,27.63,16401
-407.67,26.19,16412
-415.00,25.44,16424
-416.67,25.29,16436
-409.58,26.00,16448
-414.91,27.54,16459
-409.88,28.90,16472
-403.87,29.96,16483
-413.40,29.74,16495
-409.79,28.77,16506
-405.82,27.62,16519
-417.05,26.19,16530
-412.81,25.32,16542
-408.66,25.40,16553
-419.70,26.52,16565
-410.11,27.46,16577
-404.73,28.89,16588
-417.55,29.97,16601
-406.52,29.54,16612
-417.87,29.01,16624
-409.29,27.60,16635
-409.06,25.75,16648
-420.37,25.37,16659
-411.69,25.26,16671
-408.51,26.22,16683
-416.36,27.80,16695
-409.90,28.94,16706
-403.60,29.59,16718
-411.04,29.57,16730
-412.56,28.77,16741
-406.85,27.39,16753
-414.16,26.29,16764
-416.41,25.48,16777
-410.06,25.15,16788
-416.02,26.21,16800
-415.75,27.24,16812
-405.73,28.50,16824
-409.92,29.67,16835
-413.10,29.70,16847
-407.30,29.08,16859
-408.49,27.91,16871
-415.16,26.45,16882
-411.80,25.35,16893
-410.58,25.54,16906
-418.32,25.96,16917
-411.79,26.81,16929
-406.37,28.64,16941
-414.04,29.19,16953
-407.93,29.51,16964
-403.93,29.47,16976
-412.55,27.85,16988
-411.04,26.63,17000
-417.31,25.86,17011
-414.91,25.15,17024
-410.63,25.35,17035
-412.96,26.87,17047
-412.48,28.01,17058
-407.91,29.16,17071
-407.54,30.23,17082
-412.27,29.38,17093
-409.69,28.26,17105
-411.27,26.83,17117
-416.53,25.45,17129
-411.16,25.03,17140
-414.12,25.65,17153
-415.47,26.95,17164
-407.90,28.24,17176
-408.72,29.66,17187
-408.27,30.12,17200
-408.87,29.18,17211
-410.64,28.44,17223
-408.74,26.73,17234
-414.50,25.42,17247
-414.09,25.34,17258
-411.47,25.85,17269
-417.06,26.94,17282
-407.93,28.10,17293
-406.67,29.29,17305
-414.85,29.50,17316
-404.96,29.04,17329
-407.59,28.40,17340
-416.26,26.78,17352
-407.82,25.95,17363
-413.95,25.79,17376
-418.15,25.77,17387
-412.47,26.77,17399
-414.16,28.24,17411
-403.31,29.16,17423
-408.98,29.67,17434
-412.04,29.68,17445
-406.40,28.18,17458
-414.41,26.92,17469
-414.74,26.35,17481
-409.52,25.38,17492
-417.32,25.61,17505
-413.92,26.78,17516
-407.32,27.54,17528
-411.79,28.97,17540
-408.33,29.76,17552
-407.72,29.51,17563
-412.82,28.45,17575
-409.61,27.24,17587
-411.72,25.87,17599
-414.94,25.13,17610
-414.93,25.74,17622
-413.09,26.37,17634
-410.41,27.60,17645
-410.51,29.24,17657
-408.61,29.50,17669
-409.29,29.31,17681
-410.52,28.61,17692
-407.44,27.27,17704
-412.31,26.29,17716
-415.13,25.78,17728
-410.85,25.68,17739
-414.42,26.39,17752
-413.64,27.64,17763
-412.28,28.68,17775
-409.17,29.44,17786
-407.22,29.22,17798
-412.93,28.39,17810
-412.12,27.33,17821
-412.10,26.33,17833
-412.72,25.92,17845
-412.38,25.91,17857
-413.47,26.60,17868
-411.44,27.59,17881
-410.88,28.58,17892
-407.76,29.28,17904
-407.98,29.34,17915
-412.52,28.52,17928
-409.67,27.34,17939
-411.20,26.24,17951
-415.79,25.70,17963
-411.56,25.64,17974
-413.00,26.62,17986
-413.47,27.71,17997
-405.71,28.52,18010
-409.13,29.66,18021
-412.27,29.30,18033
-407.07,28.49,18044
-410.21,27.49,18057
-413.94,25.81,18068
-412.99,25.21,18080
-413.07,25.75,18092
-414.33,26.60,18104
-411.69,28.03,18115
-408.27,29.37,18127
-410.11,29.69,18139
-409.82,29.17,18150
-410.31,28.62,18162
-414.45,27.00,18173
-411.00,25.83,18186
-413.31,25.65,18197
-416.64,25.43,18209
-409.70,26.35,18221
-411.39,27.76,18233
-412.74,29.05,18244
-402.78,29.79,18256
-410.87,29.83,18268
-413.96,28.97,18280
-405.81,27.31,18291
-414.89,26.18,18304
-415.45,25.26,18315
-409.09,24.87,18326
-418.12,26.05,18338
-412.39,27.30,18350
-405.56,28.55,18362
-412.75,29.95,18373
-407.43,30.21,18385
-407.05,29.18,18397
-411.10,27.68,18409
-409.07,26.12,18420
-416.79,24.91,18433
-414.27,24.95,18444
-410.67,25.75,18456
-417.54,27.02,18467
-407.74,28.77,18480
-406.96,29.94,18491
-414.14,30.22,18502
-403.82,29.47,18514
-408.48,28.24,18526
-417.59,26.40,18538
-414.77,25.22,18549
-420.24,25.02,18562
-408.97,25.33,18573
-413.16,26.77,18585
-414.99,28.40,18596
-403.16,29.49,18609
-409.82,30.07,18620
-413.18,29.68,18632
-404.18,28.52,18643
-414.16,27.01,18656
-415.54,25.90,18667
-409.35,25.09,18678
-418.37,25.19,18691
-412.71,26.66,18702
-408.31,27.81,18714
-413.00,29.13,18725
-405.67,30.15,18738
-410.09,29.57,18749
-411.60,28.68,18761
-405.19,27.47,18772
-417.16,26.01,18785
-413.43,25.46,18796
-408.37,25.49,18808
-419.55,26.24,18820
-408.67,27.51,18832
-406.05,28.91,18843
-416.82,29.64,18854
-405.59,29.43,18867
-406.67,28.83,18878
-416.08,27.39,18890
-408.08,25.91,18902
-412.75,25.59,18914
-417.87,25.67,18925
-412.17,26.33,18937
-412.22,27.60,18949
-408.47,28.80,18961
-409.27,29.24,18972
-409.17,29.35,18984
-411.58,28.57,18996
-411.60,27.20,19008
-411.01,26.43,19019
-415.08,25.75,19031
-412.53,25.76,19043
-408.57,26.76,19054
-414.23,27.94,19066
-409.23,28.78,19078
-403.08,29.40,19090
-414.82,29.37,19101
-410.90,28.25,19113
-404.82,27.10,19125
-419.95,26.54,19137
-412.37,25.71,19148
-406.80,25.87,19161
-421.91,26.79,19172
-408.48,27.64,19184
-404.56,28.60,19195
-417.38,29.41,19208
-406.06,29.01,19219
-406.41,28.23,19230
-415.50,27.41,19243
-408.44,26.13,19254
-412.44,25.59,19266
-417.98,26.06,19277
-410.32,26.41,19290
-408.65,27.67,19301
-412.94,29.20,19313
-406.95,29.30,19324
-410.20,29.28,19337
-411.62,28.62,19348
-410.21,27.14,19360
-413.69,25.92,19372
-414.72,25.55,19384
-412.24,25.64,19395
-413.15,26.69,19407
-412.04,28.16,19419
-407.49,29.02,19430
-407.47,29.85,19442
-410.48,29.60,19453
-411.34,28.28,19466
-410.31,27.22,19477
-412.17,25.86,19489
-414.38,25.45,19501
-412.52,25.56,19513
-412.82,26.31,19524
-412.57,27.64,19536
-407.77,28.78,19548
-408.28,29.77,19560
-411.50,29.57,19571
-407.55,28.64,19584
-408.16,27.37,19595
-415.10,25.98,19607
-413.52,25.35,19618
-412.77,25.35,19630
-416.48,26.21,19642
-409.56,27.50,19653
-409.73,28.84,19665
-413.42,29.69,19677
-406.97,29.50,19689
-409.76,28.92,19700
-409.72,27.59,19713
-419.06,26.33,19724
-410.54,25.43,19736
-410.85,25.26,19747
-418.62,26.19,19760
-406.38,27.34,19771
-411.08,28.77,19783
-413.59,29.59,19794
-399.84,29.59,19807
-412.86,29.14,19818
-417.53,27.73,19829
-404.28,26.30,19842
-414.18,25.72,19853
-418.93,25.26,19865
-409.31,25.97,19876
-411.74,27.27,19889
-413.77,28.33,19900
-404.56,29.21,19912
-406.55,29.76,19923
-415.67,29.11,19936
-408.92,27.82,19947
-405.98,26.75,19959
-418.48,25.65,19971
-414.97,25.22,19983
-409.26,25.94,19994
-416.93,27.00,20006
-411.16,28.20,20018
-404.38,29.59,20029
-415.54,29.88,20041
-410.03,29.06,20052
-401.34,28.36,20065
-415.98,26.85,20076
-408.13,25.38,20088
-418.33,25.58,20100
-412.14,25.88,20112
-406.85,26.60,20123
-416.31,28.38,20135
-408.06,29.45,20147
-404.72,29.54,20159
-413.84,29.49,20170
-410.40,28.30,20183
-411.10,26.51,20194
-413.86,26.00,20206
-412.66,25.45,20217
-416.68,25.49,20229
-411.60,27.13,20241
-410.69,28.09,20252
-411.46,29.07,20264
-404.21,29.91,20276
-414.03,29.29,20288
-412.93,28.29,20299
-404.83,26.88,20312
-418.50,25.66,20323
-413.44,25.26,20335
-409.65,25.67,20346
-420.35,26.86,20359
-406.75,27.95,20370
-407.02,29.29,20382
-416.84,29.75,20393
-403.06,29.17,20406
-409.93,28.46,20417
-415.97,27.01,20428
-405.33,25.81,20441
-416.20,25.31,20452
-406.60,25.65,20464
-415.64,26.56,20475
-412.61,27.67,20488
-405.01,29.27,20499
-412.33,29.66,20511
-410.36,29.22,20523
-406.91,28.38,20535
-416.42,26.79,20546
-412.79,26.17,20558
-409.41,25.59,20570
-419.24,25.63,20582
-410.81,26.66,20593
-407.60,27.87,20605
-414.85,29.16,20617
-404.92,29.65,20628
-408.96,29.25,20640
-414.62,28.42,20652
-405.93,26.96,20664
-414.89,25.88,20675
-415.72,25.56,20687
-408.12,25.57,20699
-416.70,26.35,20711
-410.61,27.84,20722
-404.34,28.56,20734
-416.25,29.52,20746
-407.62,29.52,20758
-404.55,28.35,20769
-417.39,27.34,20782
-408.71,26.12,20793
-410.41,25.28,20805
-420.97,25.55,20816
-409.69,26.50,20828
-408.54,27.83,20840
-406.75,28.94,20851
-404.92,29.54,20864
-416.10,29.27,20875
-407.82,28.56,20887
-408.87,27.26,20898
-418.45,25.99,20911
-409.73,25.52,20922
-412.57,25.44,20934
-417.93,26.59,20945
-407.67,27.86,20958
-408.74,28.90,20969
-410.83,30.02,20981
-407.71,29.52,20993
-410.97,28.67,21005
-411.44,27.71,21016
-413.04,26.03,21027
-412.95,25.37,21040
-414.44,25.61,21051
-416.38,26.12,21063
-407.76,27.66,21074
-409.64,29.13,21087
-412.17,29.80,21098
-404.26,29.67,21110
-411.12,29.03,21122
-413.02,27.35,21134
-406.92,26.13,21145
-416.59,25.55,21157
-416.11,25.06,21169
-410.58,26.13,21181
-413.35,27.62,21192
-410.75,28.72,21204
-409.97,29.79,21216
-408.94,29.65,21227
-411.31,28.85,21239
-409.04,27.66,21251
-415.02,26.34,21263
-415.23,25.42,21274
-409.71,25.04,21286
-416.36,26.36,21298
-414.22,27.34,21310
-405.36,28.36,21321
-412.14,29.80,21334
-410.23,29.68,21345
-404.98,29.07,21357
-414.55,28.12,21368
-412.28,26.39,21381
-408.57,25.47,21392
-417.26,25.41,21404
-414.84,25.91,21415
-407.54,26.92,21427
-412.53,28.69,21439
-410.76,29.54,21450
-404.48,29.75,21463
-410.57,29.55,21474
-410.72,28.03,21486
-408.79,26.68,21497
-415.09,25.76,21510
-414.71,25.19,21521
-412.02,25.64,21533
-413.95,26.81,21544
-411.43,28.24,21557
-407.72,29.39,21568
-410.76,29.90,21580
-409.71,29.44,21592
-405.86,28.00,21604
-415.83,26.68,21615
-409.92,25.60,21626
-416.04,25.22,21639
-416.01,25.83,21650
-406.09,27.12,21662
-414.16,28.23,21673
-411.62,29.17,21686
-402.21,29.60,21697
-413.26,29.11,21709
-412.22,28.24,21721
-409.00,26.78,21733
-416.37,25.84,21744
-412.86,25.50,21756
-412.69,25.76,21768
-415.32,26.96,21780
-408.84,28.11,21791
-408.72,29.21,21804
-410.52,29.51,21815
-408.42,28.97,21826
-409.94,28.27,21838
-411.11,26.92,21850
-412.59,26.11,21862
-412.66,25.69,21873
-412.51,25.84,21885
-414.51,26.81,21897
-409.08,27.75,21909
-410.46,29.21,21920
-410.29,29.52,21933
-405.24,29.09,21944
-412.75,28.34,21956
-411.09,26.63,21967
-408.93,25.90,21980
-417.56,25.62,21991
-411.63,25.79,22003
-416.08,27.07,22014
-406.52,27.94,22026
-409.16,28.96,22038
-413.96,29.57,22049
-404.54,29.09,22062
-411.73,28.14,22073
-417.51,27.00,22085
-408.32,25.97,22096
-414.96,25.62,22109
-417.51,26.04,22120
-407.15,27.06,22132
-411.99,28.34,22144
-413.30,29.41,22156
-403.46,29.45,22167
-409.78,29.22,22179
-414.02,28.05,22191
-407.74,26.71,22203
-413.76,25.86,22214
-415.63,25.45,22225
-410.05,25.89,22238
-414.09,26.96,22249
-413.37,28.36,22261
-407.11,29.15,22273
-408.58,29.75,22285
-410.70,29.28,22296
-408.45,28.01,22308
-410.57,27.03,22320
-413.68,25.74,22332
-410.72,25.18,22343
-413.99,26.01,22355
-416.41,26.77,22367
-410.62,27.85,22379
-413.64,29.36,22390
-403.97,29.96,22403
-411.78,29.43,22414
-413.31,28.53,22425
-405.43,26.90,22437
-417.12,25.69,22449
-415.64,25.48,22461
-409.34,25.49,22472
-416.71,26.54,22484
-411.03,27.86,22496
-406.42,29.09,22508
-411.39,29.90,22519
-408.32,29.61,22532
-408.42,28.69,22543
-412.44,27.27,22555
-413.31,25.98,22566
-414.05,25.25,22579
-413.51,25.21,22590
-414.67,26.31,22602
-410.54,27.50,22614
-408.23,28.87,22625
-411.55,29.94,22637
-407.47,29.61,22648
-408.09,29.01,22661
-413.70,27.45,22672
-410.36,26.03,22684
-413.04,25.32,22695
-416.30,25.05,22708
-412.17,26.07,22719
-411.89,27.40,22731
-413.19,28.78,22743
-408.12,29.98,22755
-410.32,29.79,22766
-407.27,29.05,22778
-411.55,27.78,22790
-415.36,26.40,22802
-408.70,25.58,22813
-416.70,25.28,22824
-414.98,26.01,22837
-405.05,26.96,22848
-415.88,28.39,22860
-409.30,29.52,22872
-402.23,29.53,22884
-417.20,29.35,22895
-407.84,28.02,22907
-407.06,26.54,22919
-421.46,25.95,22931
-409.15,25.39,22942
-411.91,25.88,22955
-418.68,26.94,22966
-403.98,27.98,22978
-410.93,29.17,22989
-413.11,29.66,23002
-403.35,29.05,23013
-413.35,28.08,23024
-413.37,26.98,23036
-407.29,25.77,23048
-417.14,25.60,23060
-414.36,26.11,23071
-408.02,26.97,23084
-414.82,28.29,23095
-408.80,29.39,23107
-406.15,29.45,23118
-413.44,28.93,23131
-410.34,28.07,23142
-415.88,26.62,23154
-410.01,25.65,23165
-414.17,25.64,23178
-414.41,25.89,23189
-407.94,27.21,23201
-413.66,28.30,23213
-409.04,29.09,23224
-405.70,29.43,23236
-414.11,28.75,23247
-408.65,27.97,23260
-411.64,26.82,23271
-416.75,26.08,23283
-409.51,25.75,23294
-415.94,26.10,23307
-413.79,27.16,23318
-406.06,28.14,23330
-412.66,29.14,23342
-406.83,29.34,23354
-408.00,28.94,23365
-414.29,27.95,23377
-407.97,26.61,23389
-413.09,26.00,23401
-415.34,25.74,23412
-411.11,26.02,23424
-413.94,27.18,23436
-409.38,28.04,23447
-408.99,29.19,23459
-411.12,29.69,23471
-406.05,29.01,23483
-411.08,28.07,23494
-412.18,26.56,23506
-406.38,25.67,23518
-413.98,25.33,23530
-408.67,25.63,23541
-416.05,27.12,23554
-408.56,28.33,23565
-405.54,29.45,23577
-413.91,29.74,23588
-406.87,29.21,23601
-407.50,27.97,23612
-418.58,26.58,23623
-409.80,25.59,23635
-411.70,25.34,23647
-420.45,25.86,23659
-406.52,26.83,23670
-410.95,28.30,23683
-414.78,29.50,23694
-400.71,29.73,23706
-412.47,29.38,23717
-414.42,28.24,23730
-403.16,26.78,23741
-417.62,25.69,23753
-415.10,25.17,23764
-406.53,25.61,23777
-420.42,26.68,23788
-409.69,27.89,23800
-404.28,29.22,23812
-416.06,29.92,23823
-406.15,29.65,23835
-406.16,28.59,23846
-416.00,27.21,23859
-409.42,25.91,23870
-412.25,25.14,23882
-418.17,25.42,23894
-409.52,26.16,23906
-413.45,27.76,23917
-410.19,29.14,23929
-406.21,29.86,23941
-410.88,29.98,23953
-409.97,29.02,23964
-409.76,27.59,23976
-416.43,26.24,23988
-414.05,25.29,23999
-410.85,24.96,24011
-415.07,26.16,24023
-411.37,27.46,24035
-407.59,28.70,24046
-410.19,29.99,24058
-407.64,29.70,24070
-408.73,28.99,24082
-412.12,27.80,24093
-410.64,26.23,24105
-413.62,25.51,24117
-414.58,25.18,24129
-413.35,25.98,24140
-413.50,27.13,24153
-409.20,28.58,24164
-408.30,29.76,24176
-410.63,29.51,24187
-409.30,29.19,24199
-409.16,27.94,24211
-413.72,26.28,24222
-411.94,25.83,24235
-412.15,25.43,24246
-419.10,26.00,24258
-411.10,27.27,24269
-406.18,28.55,24282
-408.96,29.35,24293
-404.64,29.50,24305
-414.22,29.04,24316
-411.86,27.74,24329
-409.25,26.70,24340
-416.38,25.98,24352
-414.84,25.45,24364
-408.06,26.08,24376
-413.56,27.08,24387
-414.86,28.11,24398
-402.26,28.95,24411
-409.93,29.33,24422
-416.64,28.92,24434
-403.41,27.87,24445
-413.90,26.93,24458
-419.33,25.86,24469
-405.17,25.60,24481
-416.24,26.26,24493
-417.40,27.11,24505
-402.65,28.13,24516
-411.70,29.29,24528
-413.49,29.26,24540
-404.40,28.36,24552
-412.18,27.87,24563
-414.05,26.64,24576
-409.69,25.69,24587
-412.93,26.24,24598
-415.92,26.32,24610
-410.48,27.03,24622
-408.06,28.80,24634
-413.94,29.14,24645
-408.72,29.10,24657
-405.04,28.85,24669
-410.46,27.54,24681
-408.97,26.32,24692
-419.42,26.24,24705
-411.03,25.81,24716
-409.35,26.10,24728
-417.31,27.64,24739
-407.44,28.14,24752
-406.93,29.01,24763
-414.64,29.58,24775
-407.06,28.62,24786
-407.94,27.81,24798
-416.68,26.69,24810
-410.76,25.68,24821
-411.77,25.69,24834
-418.59,26.23,24845
-409.48,27.40,24857
-408.14,28.49,24868
-412.64,29.53,24881
-406.22,29.52,24892
-408.60,28.80,24904
-412.79,28.06,24915
-408.43,26.35,24928
-413.58,25.43,24939
-415.59,25.58,24951
-412.42,25.88,24963
-414.11,27.13,24975
-410.37,28.57,24986
-408.53,29.51,24997
-409.92,29.72,25010
-407.82,29.18,25021
-411.14,27.89,25033
-411.81,26.39,25044
-415.80,25.59,25057
-412.96,25.21,25068
-412.17,26.00,25080
-414.49,27.06,25092
-408.91,28.14,25104
-407.26,29.36,25115
-410.77,29.74,25127
-409.16,29.38,25139
-408.38,28.17,25151
-415.53,26.78,25162
-414.20,25.64,25175
-409.74,25.08,25186
-417.93,25.72,25197
-412.98,26.68,25209
-404.69,28.06,25221
-414.75,29.36,25233
-409.19,29.79,25244
-402.95,29.50,25256
-416.00,28.48,25268
-409.77,27.09,25280
-407.64,25.78,25291
-419.86,25.17,25304
-411.09,25.38,25315
-409.63,26.35,25327
-417.43,27.94,25338
-406.64,29.20,25351
-405.79,29.83,25362
-414.28,29.56,25374
-406.14,28.34,25385
-408.10,27.13,25397
-418.41,26.05,25409
-410.20,25.32,25420
-411.62,25.52,25433
-407.94,26.42,25444
-408.95,27.68,25456
-415.45,29.02,25467
-403.34,29.79,25480
-408.68,29.60,25491
-415.70,28.73,25503
-405.91,27.33,25515
-413.94,25.94,25527
-417.31,25.55,25538
-410.38,25.57,25550
-414.62,26.23,25562
-411.62,27.63,25574
-408.06,28.62,25585
-409.53,29.52,25596
-408.55,29.51,25609
-410.47,28.66,25620
-410.50,27.42,25632
-411.58,26.26,25644
-414.92,25.57,25656
-412.33,25.40,25667
-412.94,26.44,25679
-414.05,27.38,25691
-407.98,28.65,25703
-408.05,29.66,25714
-411.17,29.22,25726
-407.23,28.85,25738
-410.39,27.73,25750
-414.72,26.04,25761
-410.20,25.87,25774
-413.08,25.61,25785
-416.49,26.11,25796
-409.34,27.54,25808
-412.49,28.71,25820
-406.50,29.29,25832
-407.85,29.29,25843
-412.92,28.87,25856
-407.55,27.34,25867
-412.86,26.51,25879
-417.56,25.93,25890
-409.29,25.43,25903
-412.85,26.67,25914
-413.13,27.67,25926
-407.48,28.53,25937
-410.12,29.34,25950
-410.17,29.29,25961
-408.42,28.63,25973
-410.70,27.50,25985
-414.98,26.50,25996
-412.50,25.45,26008
-412.17,25.73,26019
-416.17,26.59,26032
-409.30,27.57,26043
-408.53,28.91,26055
-411.53,29.55,26066
-406.14,29.38,26079
-408.14,28.54,26090
-412.65,27.36,26102
-410.47,26.10,26114
-413.00,25.59,26126
-415.53,25.68,26137
-414.71,26.18,26149
-411.08,27.57,26161
-410.20,28.82,26173
-411.64,29.64,26184
-406.47,29.81,26195
-412.74,29.00,26208
-407.02,27.68,26219
-415.46,26.38,26231
-416.60,25.48,26243
-409.71,25.29,26255
-415.13,25.87,26266
-411.63,27.24,26278
-406.93,28.58,26290
-411.30,29.61,26302
-406.80,29.93,26313
-407.53,29.15,26326
-413.54,28.02,26337
-412.03,26.36,26349
-412.72,25.42,26360
-414.54,25.16,26373
-414.07,25.61,26384
-413.94,27.14,26395
-409.30,28.44,26407
-409.42,29.69,26419
-407.33,29.97,26431
-407.30,29.39,26442
-413.68,28.29,26455
-409.31,26.45,26466
-410.17,25.48,26478
-417.54,25.15,26489
-412.66,25.50,26502
-412.17,26.89,26513
-412.23,28.03,26525
-408.62,29.53,26536
-408.57,30.00,26549
-409.79,29.44,26560
-408.34,28.38,26571
-409.16,26.95,26584
-414.48,25.94,26595
-413.43,25.09,26607
-413.20,25.50,26618
-412.59,26.54,26631
-412.56,27.61,26642
-408.65,29.43,26654
-408.75,29.87,26665
-410.83,29.63,26678
-408.62,28.99,26689
-412.24,27.15,26701
-414.48,25.91,26713
-410.17,25.49,26725
-413.99,25.43,26736
-416.22,26.22,26747
-408.94,27.65,26760
-409.40,28.86,26771
-409.92,29.51,26783
-407.73,29.66,26795
-411.31,29.02,26807
-411.83,27.53,26818
-411.50,26.19,26830
-412.96,25.59,26842
-414.23,25.38,26854
-413.51,25.95,26865
-410.96,27.52,26877
-410.65,28.52,26889
-409.19,29.41,26901
-408.25,29.64,26912
-409.70,28.51,26924
-410.14,27.49,26936
-412.83,26.35,26947
-412.54,25.67,26959
-413.65,25.56,26971
-410.43,26.38,26983
-411.61,27.47,26994
-412.31,28.54,27006
-404.49,29.44,27018
-412.46,29.13,27030
-411.71,28.64,27041
-404.89,27.63,27054
-419.03,26.52,27065
-412.84,25.96,27077
-408.25,25.69,27088
-419.57,26.51,27100
-406.81,27.47,27112
-408.45,28.41,27123
-417.54,29.46,27136
-401.95,29.16,27147
-410.74,28.71,27159
-416.51,27.73,27170
-403.85,26.31,27183
-418.61,25.94,27194
-416.77,25.89,27206
-404.30,26.38,27217
-419.16,27.55,27230
-411.58,28.41,27241
-401.02,29.24,27253
-416.34,29.28,27265
-409.72,28.71,27276
-403.21,27.59,27288
-419.21,26.53,27299
-412.04,25.88,27312
-406.94,25.64,27323
-421.57,26.53,27335
-410.30,27.51,27346
-415.94,28.78,27359
-405.75,29.65,27370
-407.39,29.42,27382
-414.50,28.63,27394
-408.41,27.36,27406
-412.31,26.19,27417
-414.38,25.68,27429
-413.98,25.76,27441
-412.95,26.26,27452
-406.96,27.45,27464
-412.35,28.89,27475
-409.38,29.59,27488
-403.94,29.74,27499
-416.23,28.84,27511
-408.23,27.42,27523
-407.38,26.26,27535
-422.40,25.47,27546
-408.26,25.10,27558
-410.45,26.11,27570
-420.51,27.49,27582
-402.86,28.65,27593
-409.50,29.90,27606
-413.93,30.01,27617
-400.74,28.92,27629
-412.42,28.08,27640
-415.91,26.38,27652
-407.99,24.98,27664
-416.31,25.41,27675
-415.78,25.79,27687
-410.01,26.91,27699
-412.63,28.64,27711
-410.74,29.54,27722
-405.20,29.90,27735
-411.91,29.60,27746
-409.00,28.38,27758
-409.82,26.46,27769
-417.27,25.72,27782
-414.41,25.10,27793
-411.08,25.21,27805
-414.92,26.80,27816
-409.91,27.85,27829
-405.15,29.21,27840
-413.24,30.19,27851
-410.04,29.51,27864
-404.47,28.55,27875
-415.76,27.21,27887
-412.71,25.79,27898
-408.66,25.13,27911
-420.83,25.36,27922
-410.28,26.23,27934
-406.02,27.63,27945
-418.11,29.29,27958
-405.91,29.73,27969
-405.10,29.66,27981
-415.30,28.77,27993
-407.42,27.13,28005
-413.59,26.17,28016
-415.71,25.41,28028
-409.56,25.34,28040
-416.24,26.31,28051
-410.88,27.60,28063
-408.19,28.96,28075
-413.54,29.42,28087
-403.38,29.50,28098
-409.95,28.67,28110
-415.26,27.38,28122
-415.43,26.42,28134
-417.04,25.64,28145
-406.69,25.68,28157
-417.03,26.44,28169
-412.43,27.35,28181
-403.11,28.45,28192
-413.50,29.48,28205
-408.38,29.31,28216
-405.66,28.78,28228
-416.89,27.71,28239
-410.78,26.49,28251
-409.95,25.91,28263
-419.50,25.88,28274
-409.79,26.28,28286
-407.80,27.32,28298
-416.00,28.39,28310
-405.04,29.15,28321
-407.83,29.29,28334
-416.10,28.64,28345
-404.56,27.42,28357
-412.77,26.52,28368
-418.37,25.93,28381
-407.02,25.87,28392
-417.14,26.71,28404
-413.96,27.52,28416
-402.81,28.63,28428
-414.91,29.38,28439
-410.47,28.96,28450
-403.21,28.61,28463
-415.00,27.59,28474
-411.97,26.18,28486
-408.24,25.99,28497
-414.12,25.74,28510
-408.39,26.27,28521
-411.96,27.72,28533
-411.77,28.65,28545
-405.97,29.25,28557
-410.38,29.17,28568
-412.28,28.45,28580
-409.15,27.29,28592
-413.17,26.25,28604
-416.31,25.97,28615
-411.24,25.79,28627
-411.73,26.71,28639
-413.54,27.80,28650
-409.05,28.49,28662
-408.31,29.31,28674
-411.83,29.09,28686
-408.01,28.39,28697
-408.60,27.40,28709
-416.10,26.24,28721
-411.47,25.57,28733
-413.02,25.64,28744
-417.05,26.63,28756
-407.33,27.32,28768
-411.31,28.69,28780
-412.97,29.75,28791
-403.67,29.29,28804
-412.42,28.78,28815
-410.72,27.63,28826
-406.87,26.13,28838
-417.56,25.60,28850
-411.78,25.34,28862
-413.03,25.89,28873
-417.35,27.42,28886
-411.41,28.92,28897
-412.18,29.73,28909
-402.21,29.83,28920
-415.67,29.14,28933
-410.10,27.58,28944
-406.01,26.28,28956
-423.42,25.42,28967
-411.14,25.22,28980
-407.97,25.81,28991
-419.96,27.19,29002
-404.74,28.59,29015
-406.39,29.59,29026
-416.31,30.14,29038
-402.64,29.36,29049
-408.82,28.10,29062
-419.81,26.76,29073
-407.62,25.45,29085
-412.94,25.14,29096
-419.40,25.75,29109
-406.96,26.54,29120
-411.92,28.13,29132
-413.34,29.46,29144
-402.92,29.84,29156
-411.51,29.63,29167
-412.96,28.58,29178
-407.26,26.85,29191
-414.11,25.54,29202
-413.67,25.13,29214
-412.49,24.98,29225
-416.18,26.24,29238
-409.42,27.98,29249
-409.77,29.05,29261
-410.33,30.07,29273
-411.67,29.78,29285
-408.36,28.58,29296
-410.13,27.30,29308
-417.49,26.13,29320
-410.77,25.24,29332
-413.54,25.42,29343
-414.95,26.51,29355
-408.30,27.61,29367
-412.46,29.03,29378
-408.66,29.71,29390
-406.11,29.33,29402
-413.95,28.65,29414
-410.06,27.21,29425
-411.80,26.17,29437
-416.43,25.54,29449
-410.20,25.70,29461
-414.16,26.50,29472
-413.00,27.45,29485
-405.59,28.87,29496
-411.04,29.39,29508
-409.59,29.28,29519
-408.54,28.64,29531
-412.82,27.43,29543
-410.01,26.41,29554
-412.49,25.77,29566
-417.81,25.83,29578
-411.19,26.39,29590
-410.96,27.46,29601
-412.91,28.77,29614
-406.02,29.26,29625
-411.84,29.28,29637
-412.95,28.48,29648
-404.66,27.27,29661
-417.27,26.45,29672
-409.39,25.82,29684
-414.81,25.75,29696
-413.91,26.33,29707
-406.80,27.46,29719
-412.32,28.52,29730
-411.18,29.31,29743
-405.61,29.44,29754
-410.02,28.54,29766
-413.69,27.53,29777
-412.01,26.40,29790
-412.16,25.77,29801
-415.19,25.85,29813
-412.25,26.58,29825
-409.67,27.69,29837
-413.89,28.66,29848
-407.71,29.23,29860
-404.62,29.08,29872
-416.26,28.52,29883
-409.09,27.55,29895
-406.73,26.24,29906
-419.96,25.79,29919
-411.72,25.71,29930
-410.65,26.56,29942
-419.31,27.91,29954
-405.66,28.61,29966
-405.47,29.43,29977
-415.90,29.23,29989
-406.60,28.21,30001
-408.07,27.62,30013
-415.32,26.41,30024
-409.41,25.76,30035
-413.74,25.86,30048
-407.76,26.27,30059
-410.97,27.43,30071
-414.15,28.74,30083
-405.89,29.64,30095
-409.06,29.31,30106
-412.06,28.66,30118
-408.51,27.56,30130
-414.52,26.19,30142
-415.33,25.81,30153
-409.94,25.52,30166
-414.35,26.06,30177
-413.05,27.54,30189
-408.08,28.69,30200
-409.38,29.54,30213
-407.33,29.77,30224
-410.10,29.19,30235
-411.56,27.78,30247
-411.36,26.38,30259
-413.86,25.33,30271
-412.64,24.97,30282
-415.47,26.00,30295
-414.09,27.04,30306
-406.38,28.62,30318
-410.73,29.78,30329
-410.07,29.91,30342
-406.91,29.48,30353
-413.39,27.96,30365
-410.04,26.40,30376
-410.50,25.40,30388
-417.57,25.04,30400
-414.85,25.55,30411
-410.78,26.78,30424
-412.52,28.34,30435
-406.96,29.65,30447
-409.36,30.06,30458
-410.60,29.54,30471
-407.23,28.17,30482
-414.47,26.89,30494
-417.31,25.77,30505
-409.64,25.05,30518
-415.67,25.54,30529
-413.71,26.50,30541
-407.26,27.81,30553
-411.97,29.27,30564
-407.17,29.88,30576
-406.54,29.63,30587
-413.71,28.82,30600
-409.51,27.04,30611
-411.90,25.78,30623
-416.05,25.44,30635
-411.49,25.40,30647
-414.46,26.50,30658
-412.09,27.78,30670
-406.96,28.88,30682
-410.53,29.74,30694
-409.64,29.57,30705
-408.63,28.74,30717
-411.01,27.36,30729
-409.68,26.11,30740
-413.37,25.35,30752
-416.63,25.33,30764
-411.67,26.54,30776
-411.06,27.67,30787
-412.22,28.75,30799
-406.83,29.68,30811
-410.33,29.33,30823
-405.56,28.70,30834
-414.08,27.65,30846
-414.82,26.34,30858
-409.60,25.51,30870
-416.40,25.71,30881
-410.94,26.40,30894
-410.32,27.36,30905
-414.18,28.89,30916
-405.40,29.26,30928
-409.55,29.08,30940
-411.91,28.64,30952
-407.71,27.33,30963
-416.55,26.80,30976
-411.54,26.06,30987
-410.04,25.78,30999
-417.45,26.70,31010
-409.20,27.45,31023
-409.31,28.62,31034
-412.13,29.16,31046
-405.38,28.93,31057
-413.38,28.61,31070
-410.79,27.27,31081
-408.71,26.44,31092
-417.64,25.99,31105
-409.47,25.97,31116
-413.86,26.68,31128
-415.70,27.53,31139
-402.84,28.62,31152
-413.68,29.25,31163
-411.58,29.14,31175
-402.59,28.25,31186
-417.28,27.20,31199
-410.31,26.32,31210
-424.05,25.86,31222
-409.00,26.03,31234
-407.76,26.71,31246
-419.94,27.97,31257
-402.97,28.79,31268
-408.13,29.46,31281
-416.95,29.43,31292
-402.05,28.23,31304
-413.67,27.16,31315
-418.69,26.00,31328
-405.25,25.31,31339
-418.33,25.88,31351
-415.49,26.49,31363
-403.54,28.22,31375
-415.60,28.87,31386
-406.53,29.88,31398
-404.42,29.35,31410
-417.64,28.19,31422
-405.44,27.47,31433
-412.40,25.69,31444
-418.27,25.56,31457
-407.52,25.39,31468
-418.06,25.98,31480
-412.87,27.70,31492
-404.36,28.82,31504
-415.05,29.86,31515
-405.28,30.06,31527
-407.86,29.06,31539
-413.06,27.55,31551
-407.49,26.07,31562
-417.67,25.13,31575
-414.13,24.82,31586
-410.07,25.77,31598
-408.24,27.03,31609
-409.24,28.78,31621
-413.20,29.98,31633
-401.59,30.41,31644
-410.38,29.59,31656
-415.81,28.22,31668
-406.53,26.48,31680
-416.79,25.11,31691
-415.39,24.78,31704
-409.23,25.16,31715
-417.16,26.84,31727
-409.24,28.30,31738
-405.92,29.42,31751
-411.50,30.47,31762
-407.53,29.41,31774
-409.62,28.58,31785
-412.99,26.92,31797
-412.56,25.41,31809
-413.56,24.89,31820
-416.20,25.05,31833
-411.93,26.54,31844
-409.92,27.68,31856
-409.90,29.52,31867
-408.85,30.01,31880
-410.49,29.50,31891
-408.43,28.81,31903
-409.17,27.28,31915
-415.34,25.96,31927
-410.42,25.58,31938
-414.20,25.66,31950
-416.55,26.09,31962
-407.65,27.78,31973
-412.30,28.70,31985
-404.18,29.37,31996
-411.57,29.88,32009
-410.30,28.48,32020
-408.55,27.73,32032
-416.01,26.49,32044
-409.52,25.77,32056
-411.89,25.84,32067
-416.62,26.32,32079
-407.75,27.40,32091
-410.44,28.26,32103
-409.70,29.35,32114
-406.12,28.97,32126
-415.91,28.67,32138
-409.64,27.67,32149
-408.34,26.49,32161
-418.34,26.21,32173
-411.67,25.76,32185
-411.32,26.59,32196
-414.82,27.50,32208
-406.57,27.99,32220
-410.90,29.10,32232
-413.03,28.62,32243
-405.97,28.27,32256
-411.55,27.49,32267
-415.09,26.51,32279
-410.23,26.21,32290
-413.40,26.49,32303
-414.69,26.86,32314
-408.17,27.66,32325
-411.82,28.94,32337
-411.83,28.75,32349
-406.45,28.71,32361
-411.08,27.95,32372
-410.73,27.05,32385
-414.64,26.38,32396
-410.49,26.30,32408
-412.91,26.33,32419
-413.22,27.02,32432
-409.41,27.90,32443
-411.40,28.83,32455
-407.74,28.90,32466
-409.06,29.00,32479
-414.01,27.79,32490
-408.00,26.66,32501
-415.50,26.11,32514
-414.58,25.67,32525
-407.46,25.97,32537
-417.80,27.13,32548
-410.11,28.29,32561
-404.00,29.14,32572
-413.30,29.84,32584
-407.69,29.11,32595
-407.95,27.87,32608
-414.74,26.92,32619
-409.88,25.69,32631
-412.93,25.36,32643
-416.59,25.94,32654
-411.48,26.54,32666
-410.98,28.02,32677
-409.12,29.41,32690
-408.20,29.77,32701
-410.19,29.36,32713
-406.97,29.15,32724
-410.08,26.54,32737
-413.19,26.20,32748
-412.73,25.00,32760
-412.53,24.70,32772
-413.34,26.74,32784
-410.73,27.36,32795
-409.64,29.35,32807
-409.49,30.13,32819
-406.35,29.81,32830
-410.73,29.47,32842
-413.01,27.68,32854
-409.30,26.25,32866
-415.59,24.93,32877
-414.00,25.00,32889
-413.43,25.50,32901
-416.01,27.15,32913
-407.46,29.11,32924
-406.93,29.83,32936
-410.42,30.58,32948
-407.71,29.49,32960
-411.16,28.20,32971
-411.50,26.63,32984
-412.50,25.08,32995
-415.57,24.84,33006
-413.98,25.20,33018
-412.06,26.55,33030
-410.70,28.22,33042
-409.19,29.77,33053
-408.14,30.32,33065
-408.39,29.89,33077
-407.28,28.62,33089
-411.22,26.88,33100
-414.09,25.80,33113
-412.57,24.72,33124
-413.98,25.36,33136
-413.33,26.27,33147
-410.60,27.46,33160
-410.58,29.43,33171
-407.67,29.74,33182
-407.33,29.97,33195
-411.88,29.13,33206
-411.20,27.53,33218
-408.94,26.22,33229
-416.90,25.10,33242
-413.26,25.30,33253
-408.22,25.91,33265
-415.31,27.45,33276
-409.15,28.72,33289
-402.97,29.58,33300
-415.65,29.88,33312
-409.06,28.89,33324
-405.32,28.03,33336
-418.72,26.69,33347
-412.00,25.69,33358
-409.74,25.76,33371
-420.06,26.06,33382
-409.25,27.17,33394
-406.34,28.27,33405
-416.07,28.94,33418
-408.27,29.19,33429
-406.17,28.57,33441
-415.82,27.91,33453
-410.57,26.55,33465
-409.48,26.11,33476
-417.69,26.22,33488
-413.00,26.44,33500
-406.76,27.51,33512
-414.98,28.56,33523
-411.50,28.86,33534
-413.44,28.90,33547
-411.32,28.61,33558
-407.86,27.41,33570
-417.64,26.56,33582
-412.77,26.16,33594
-409.72,25.63,33605
-415.76,26.66,33617
-409.77,27.60,33629
-408.70,28.13,33641
-410.26,29.17,33652
-407.29,29.00,33665
-411.21,28.00,33676
-413.45,27.41,33688
-410.44,26.34,33699
-412.34,25.78,33711
-415.27,26.21,33723
-411.53,26.78,33734
-410.68,27.81,33746
-412.09,28.79,33758
-406.78,29.15,33770
-410.89,29.00,33781
-410.18,27.98,33794
-405.06,27.34,33805
-415.13,26.02,33817
-414.24,25.96,33828
-409.19,25.87,33841
-420.06,26.71,33852
-407.43,28.24,33864
-406.39,28.89,33875
-419.48,30.11,33887
-401.54,29.06,33899
-407.60,28.33,33910
-420.27,27.10,33923
-416.71,25.81,33934
-421.00,25.69,33946
-402.34,25.74,33957
-417.09,26.58,33970
-414.12,27.97,33981
-401.99,29.16,33993
-414.61,29.42,34004
-408.23,29.75,34017
-406.21,28.47,34028
-416.81,26.83,34039
-411.46,26.26,34052
-411.84,24.70,34063
-417.48,25.46,34075
-411.62,26.75,34086
-410.74,27