9⸮0987.00
4429.00
-420.42,25.75,1134
-417.84,26.60,1136
-397.22,27.29,1137
-417.70,28.68,1148
-413.91,29.46,1161
-399.92,29.13,1172
-414.76,28.66,1184
-411.01,27.22,1196
-406.53,26.06,1207
-420.97,25.41,1219
-414.44,25.48,1230
-405.89,26.35,1243
-415.73,27.62,1254
-412.39,29.23,1266
-406.26,29.77,1277
-409.09,29.43,1290
-408.40,28.83,1301
-411.27,26.96,1313
-413.76,25.96,1325
-413.78,25.07,1337
-413.29,25.16,1348
-410.91,26.53,1360
-415.37,27.82,1372
-412.07,29.24,1384
-402.61,30.16,1395
-412.41,30.16,1406
-408.60,28.75,1419
-406.65,27.56,1430
-417.64,25.75,1442
-408.94,24.24,1454
-414.53,25.01,1466
-421.22,26.02,1477
-406.31,27.88,1489
-407.94,30.04,1501
-411.39,30.53,1513
-409.30,29.91,1524
-411.10,28.63,1537
-409.77,26.78,1548
-414.38,25.38,1560
-416.54,25.03,1571
-412.18,25.26,1583
-410.12,26.21,1595
-410.99,28.06,1606
-412.51,29.40,1618
-409.46,29.99,1630
-404.67,29.71,1642
-410.64,28.24,1653
-412.86,27.09,1666
-412.35,25.75,1677
-417.38,25.53,1689
-410.86,25.46,1700
-407.40,26.87,1713
-417.39,27.94,1724
-407.07,28.79,1736
-407.28,29.00,1747
-412.60,29.13,1760
-405.02,28.04,1771
-412.31,27.72,1782
-415.93,26.64,1795
-407.57,25.86,1806
-412.92,26.45,1818
-416.44,27.12,1829
-406.92,27.88,1842
-410.68,28.64,1853
-411.44,29.01,1865
-404.10,28.20,1876
-413.87,27.60,1889
-414.44,26.82,1900
-414.87,25.89,1912
-414.35,26.80,1924
-410.41,26.87,1936
-411.87,27.81,1947
-408.22,28.80,1959
-410.29,28.39,1971
-409.06,29.28,1982
-409.98,26.95,1994
-414.73,27.17,2006
-409.73,25.57,2018
-414.91,25.94,2029
-416.65,27.12,2041
-404.56,27.90,2053
-411.92,29.37,2065
-409.63,29.50,2076
-405.07,29.00,2088
-414.47,28.04,2100
-410.09,26.34,2112
-409.22,25.71,2123
-416.16,25.27,2136
-414.66,25.91,2147
-409.83,27.15,2158
-413.38,28.53,2170
-408.02,29.77,2182
-406.74,29.92,2194
-412.40,29.35,2205
-404.13,27.93,2217
-411.80,26.43,2229
-416.61,25.48,2241
-408.85,25.11,2252
-416.18,25.73,2265
-413.58,26.84,2276
-406.54,28.40,2288
-408.68,29.85,2299
-404.39,30.02,2312
-412.29,29.78,2323
-409.05,28.50,2335
-409.99,26.88,2347
-416.61,25.28,2358
-414.46,24.95,2370
-411.56,25.00,2381
-415.23,26.34,2394
-410.97,28.52,2405
-403.35,29.51,2417
-413.01,30.38,2428
-408.17,29.91,2441
-404.26,28.38,2452
-417.90,26.69,2464
-411.10,25.59,2476
-411.40,24.36,2488
-420.44,25.50,2499
-409.73,26.56,2511
-407.90,28.22,2523
-415.00,30.02,2534
-406.58,30.28,2546
-404.30,29.37,2557
-414.07,28.18,2570
-410.66,26.31,2581
-410.58,25.42,2593
-418.04,25.40,2605
-412.07,25.89,2617
-408.09,27.10,2628
-415.87,28.58,2640
-408.38,29.06,2652
-405.13,29.31,2664
-413.16,29.00,2675
-409.21,27.62,2688
-416.19,26.72,2699
-412.93,26.12,2711
-408.48,25.80,2722
-417.52,26.71,2734
-410.18,27.75,2746
-403.19,28.46,2757
-416.16,29.06,2769
-406.94,28.93,2781
-406.12,27.60,2793
-420.69,27.23,2804
-406.04,26.43,2817
-410.44,25.89,2828
-420.88,26.66,2840
-404.77,26.96,2851
-410.04,28.10,2864
-415.72,28.96,2875
-403.94,28.94,2887
-411.17,28.78,2898
-412.76,27.64,2910
-406.32,26.61,2922
-415.51,26.03,2933
-416.62,26.22,2946
-408.92,26.76,2957
-413.21,27.66,2969
-411.04,28.91,2980
-405.95,28.98,2993
-412.21,29.02,3004
-408.84,28.21,3016
-407.46,26.84,3027
-415.11,25.98,3040
-413.02,25.34,3051
-413.48,26.05,3063
-409.04,26.57,3075
-413.17,28.63,3087
-407.30,29.06,3098
-405.86,29.77,3109
-411.10,29.32,3122
-406.71,28.08,3133
-416.58,26.34,3145
-412.09,25.80,3156
-410.72,24.87,3169
-416.24,25.83,3180
-411.83,27.19,3192
-409.68,28.36,3204
-409.52,29.73,3216
-406.61,30.09,3227
-410.82,29.19,3239
-410.87,27.62,3251
-410.75,26.31,3263
-414.19,25.00,3274
-413.03,24.85,3286
-417.07,26.01,3298
-412.00,26.94,3309
-404.78,29.09,3321
-413.34,29.56,3333
-408.99,29.71,3345
-403.50,29.09,3356
-414.79,27.53,3368
-409.73,26.56,3380
-407.19,25.41,3392
-422.48,25.34,3403
-411.77,26.05,3416
-405.92,27.34,3427
-418.49,28.37,3439
-407.25,29.63,3450
-413.64,29.80,3463
-403.27,28.58,3474
-413.26,27.78,3485
-415.44,26.27,3497
-410.89,25.55,3509
-415.12,25.63,3521
-409.57,26.19,3532
-412.68,27.54,3545
-411.10,28.50,3556
-406.81,29.28,3568
-410.13,29.36,3579
-407.83,28.45,3592
-411.69,27.25,3603
-414.83,26.26,3615
-410.25,25.78,3627
-414.10,26.05,3639
-415.52,26.96,3650
-408.18,27.68,3662
-409.24,29.06,3674
-410.61,29.37,3685
-406.16,28.70,3697
-411.61,27.99,3708
-414.28,26.72,3721
-407.05,25.84,3732
-414.17,25.96,3744
-416.97,26.28,3756
-409.66,27.32,3768
-412.68,28.83,3779
-408.01,29.11,3791
-406.37,29.12,3803
-412.65,28.51,3815
-408.98,27.11,3826
-410.36,26.26,3838
-416.81,25.84,3850
-416.10,26.00,3861
-405.37,26.82,3873
-412.96,28.38,3885
-409.73,29.18,3897
-405.34,29.38,3908
-415.14,28.92,3920
-406.95,27.64,3932
-406.40,26.56,3944
-421.60,26.06,3955
-412.19,25.67,3968
-405.83,26.03,3979
-418.92,27.27,3991
-407.66,28.49,4002
-406.29,29.30,4015
-418.89,29.72,4026
-401.67,28.97,4038
-406.68,27.58,4049
-421.96,26.56,4061
-406.18,25.49,4073
-412.97,25.28,4084
-419.85,26.17,4097
-405.05,27.18,4108
-414.12,28.60,4120
-413.16,29.70,4131
-401.73,29.54,4144
-410.58,28.98,4155
-411.69,27.86,4167
-410.05,25.97,4178
-414.24,25.21,4191
-411.88,25.33,4202
-415.01,25.72,4214
-407.17,27.72,4226
-411.09,29.21,4237
-406.71,29.91,4249
-406.32,30.16,4260
-416.37,29.03,4273
-407.57,27.19,4284
-408.67,25.86,4296
-422.26,25.17,4307
-410.86,25.12,4320
-408.99,26.24,4331
-419.11,27.64,4343
-402.49,28.85,4355
-409.09,29.91,4367
-417.13,29.65,4378
-398.32,28.36,4390
-412.52,27.36,4402
-419.41,26.08,4414
-406.05,25.47,4425
-419.76,25.89,4436
-413.50,26.77,4449
-402.89,28.02,4460
-417.24,29.45,4472
-409.43,29.65,4484
-403.25,29.07,4496
-414.12,28.09,4507
-409.74,26.76,4519
-412.05,25.93,4531
-418.14,25.74,4543
-409.95,26.06,4554
-410.54,27.40,4567
-414.34,28.31,4578
-407.81,29.00,4590
-408.89,29.20,4601
-408.45,28.52,4613
-414.76,27.75,4625
-411.49,26.53,4636
-410.58,25.85,4648
-414.04,25.83,4660
-412.12,26.40,4672
-412.71,27.76,4683
-406.72,28.56,4696
-408.75,29.39,4707
-410.78,29.24,4719
-405.86,28.16,4730
-414.94,27.16,4743
-411.28,26.14,4754
-409.54,25.82,4766
-421.01,26.04,4777
-408.35,26.82,4789
-408.20,28.10,4801
-415.88,29.30,4812
-402.06,29.61,4825
-409.34,29.13,4836
-414.78,28.07,4848
-403.75,26.58,4859
-415.63,25.71,4872
-417.94,25.42,4883
-406.77,25.94,4895
-417.59,27.35,4907
-410.76,28.68,4919
-402.26,29.49,4930
-417.23,29.66,4942
-407.15,28.93,4954
-402.71,27.44,4966
-420.93,26.22,4977
-409.56,25.28,4988
-423.53,25.23,5001
-406.51,26.43,5012
-408.82,27.46,5024
-417.14,28.93,5036
-401.69,30.07,5048
-408.41,29.70,5059
-414.98,28.95,5071
-407.79,27.34,5083
-411.73,25.95,5095
-416.17,25.55,5106
-411.70,25.24,5118
-411.17,26.26,5130
-415.20,27.70,5142
-406.48,29.06,5153
-406.65,28.65,5166
-414.04,30.58,5177
-406.25,26.97,5188
-409.57,28.35,5200
-419.06,25.57,5212
-408.02,25.17,5224
-412.93,26.45,5235
-421.80,26.00,5248
-400.61,28.78,5259
-410.52,28.35,5271
-415.18,29.75,5282
-401.60,28.74,5295
-410.11,27.83,5306
-416.55,27.02,5318
-400.61,25.57,5329
-419.37,26.04,5342
-419.90,25.56,5353
-402.00,27.57,5364
-417.30,28.27,5377
-404.17,29.77,5388
-414.64,29.83,5400
-406.61,28.24,5411
-408.82,28.60,5424
-414.96,25.73,5435
-412.35,25.99,5447
-414.17,25.56,5458
-410.92,25.84,5471
-408.06,27.60,5482
-414.89,28.57,5494
-408.68,29.49,5506
-406.32,29.45,5518
-410.35,28.98,5529
-407.61,27.19,5541
-416.24,26.50,5553
-414.37,25.46,5564
-409.07,25.13,5576
-412.23,26.98,5587
-413.86,27.63,5600
-408.15,29.04,5611
-408.51,29.81,5623
-410.03,28.85,5635
-407.91,28.74,5647
-412.67,26.91,5658
-413.95,26.02,5670
-409.95,25.52,5682
-414.90,25.80,5694
-414.52,26.92,5705
-410.91,28.15,5718
-409.45,29.29,5729
-407.44,29.29,5740
-408.25,29.07,5752
-410.75,27.50,5764
-409.75,26.14,5776
-411.69,26.14,5787
-418.57,25.54,5799
-409.61,26.66,5811
-409.84,27.61,5823
-410.43,28.24,5834
-405.16,29.62,5847
-412.75,29.26,5858
-410.41,28.72,5870
-404.38,27.48,5881
-414.34,26.31,5894
-415.69,25.46,5905
-412.13,25.32,5917
-415.79,26.31,5928
-408.92,27.59,5940
-406.13,28.94,5952
-414.89,29.62,5963
-408.59,29.49,5976
-403.21,28.37,5987
-415.44,27.47,5999
-412.56,26.15,6010
-408.96,25.26,6023
-421.43,25.78,6034
-408.36,26.37,6046
-407.44,27.95,6057
-419.57,29.42,6070
-404.67,29.78,6081
-403.79,29.34,6093
-414.20,28.41,6105
-409.17,26.77,6116
-410.80,25.61,6128
-419.40,25.44,6139
23.54,25.46,6152
12268.36,26.96,6163
-407.42,28.32,6175
-403.39,29.09,6187
-415.14,29.91,6199
-405.69,29.27,6210
-407.73,27.95,6222
-418.28,26.88,6234
-409.24,25.67,6246
-412.66,25.00,6257
-418.77,26.19,6269
-408.01,27.34,6281
-407.59,28.58,6293
-412.97,29.85,6304
-406.37,29.22,6316
-406.98,28.73,6328
-416.55,27.78,6339
-408.27,26.33,6351
-410.56,26.03,6363
-420.17,25.77,6375
-409.35,26.26,6386
-411.11,27.59,6398
-414.05,28.69,6410
-405.55,29.25,6422
-410.06,29.07,6433
-411.36,28.59,6446
-407.34,27.24,6457
-412.79,26.48,6469
-414.62,25.84,6480
-411.21,25.75,6492
-413.28,27.06,6504
-411.80,27.80,6515
-408.95,28.62,6528
-410.00,29.02,6539
-406.81,28.73,6551
-412.20,27.89,6562
-413.15,26.86,6575
-410.85,26.06,6586
-415.29,25.48,6598
-412.62,26.35,6609
-408.74,27.64,6622
-412.19,28.58,6633
-409.88,29.53,6645
-406.75,29.27,6657
-408.94,28.51,6669
-412.03,27.26,6680
-412.36,26.23,6691
-411.23,25.48,6704
-416.80,25.72,6715
-411.97,26.37,6727
-408.40,27.81,6738
-413.49,28.78,6751
-405.19,29.64,6762
-406.10,29.27,6774
-412.83,28.50,6786
-409.62,26.86,6798
-410.78,25.94,6809
-415.11,25.16,6821
-414.68,25.77,6833
-409.96,27.08,6845
-414.86,28.23,6856
-409.10,29.30,6868
-405.52,29.83,6880
-413.49,29.30,6891
-408.33,28.06,6903
-407.41,27.01,6915
-411.79,25.92,6927
-413.90,25.20,6938
-415.91,25.96,6950
-408.41,27.06,6962
-408.23,28.24,6974
-410.74,29.75,6985
-409.85,29.69,6998
-405.70,28.94,7009
-410.55,28.07,7021
-413.52,26.37,7032
-410.52,25.63,7045
-416.97,25.57,7056
-412.55,25.86,7067
-407.88,27.13,7079
-414.13,28.53,7091
-409.60,29.66,7103
-405.53,29.38,7114
-410.68,29.22,7127
-410.90,27.77,7138
-409.39,26.07,7150
-417.39,25.99,7161
-413.42,25.25,7174
-406.72,26.33,7185
-417.57,27.48,7197
-412.03,28.55,7208
-402.23,29.27,7221
-415.33,29.36,7232
-407.69,28.86,7244
-406.72,27.27,7256
-420.87,26.98,7267
-406.31,25.25,7279
-410.27,25.69,7290
-422.87,26.91,7303
-408.40,27.61,7314
-415.23,29.01,7326
-403.22,29.16,7337
-410.76,29.19,7350
-415.70,28.14,7361
-404.50,26.99,7373
-413.76,26.30,7385
-419.80,25.74,7397
-408.11,26.25,7408
-412.31,26.78,7420
-413.00,28.40,7432
-405.08,29.16,7443
-412.19,29.43,7455
-409.99,28.78,7467
-407.04,27.30,7479
-413.25,26.38,7490
-414.97,25.80,7502
-415.21,25.95,7514
-410.05,26.76,7526
-412.31,27.85,7537
-410.88,28.79,7549
-405.89,29.39,7561
-413.29,29.07,7573
-406.64,28.20,7584
-406.75,27.10,7597
-419.31,26.32,7608
-409.32,25.64,7620
-412.28,25.85,7631
-418.98,26.97,7643
-404.68,27.78,7655
-411.35,29.43,7666
-414.53,29.63,7678
-401.01,28.79,7690
-414.25,28.22,7702
-407.69,26.60,7713
-416.40,25.55,7726
-414.36,25.66,7737
-410.81,25.33,7749
-415.82,27.55,7760
-407.66,27.78,7773
-405.91,30.22,7784
-414.56,29.78,7796
-402.11,29.38,7808
-411.00,28.57,7819
-416.48,25.80,7831
-404.62,26.04,7842
-423.34,24.45,7855
-414.33,25.81,7866
-403.08,27.13,7878
-417.84,28.83,7889
-408.55,30.12,7902
-402.65,29.83,7913
-415.67,29.65,7925
-403.69,27.47,7937
-409.80,26.55,7949
-421.31,24.99,7960
-407.42,24.87,7972
-413.48,25.96,7984
-414.95,27.04,7996
-409.33,29.27,8007
-410.30,29.66,8018
-408.32,30.24,8031
-405.95,29.01,8042
-410.33,27.22,8054
-413.72,26.18,8066
-413.05,25.02,8078
-411.97,25.30,8089
-415.68,26.38,8101
-409.58,27.56,8113
-406.09,28.71,8125
-414.78,29.37,8136
-404.50,29.45,8148
-409.15,28.63,8160
-416.95,27.75,8172
-406.63,26.16,8183
-414.25,26.06,8195
-417.30,25.51,8207
-407.69,26.77,8218
-413.79,27.44,8230
-408.39,28.50,8242
-407.71,29.20,8254
-411.22,28.94,8265
-408.37,28.29,8278
-414.12,27.19,8289
-410.09,26.60,8301
-413.41,26.02,8312
-417.42,25.88,8325
-407.59,27.68,8336
-410.32,27.56,8348
-412.65,29.40,8359
-406.88,28.60,8372
-409.92,28.41,8383
-411.79,27.52,8394
-408.71,26.46,8407
-411.42,26.31,8418
-419.81,25.83,8430
-410.98,26.83,8441
-405.83,27.72,8454
-415.82,28.88,8465
-403.95,29.25,8477
-413.18,29.09,8488
-407.51,28.27,8501
-410.87,26.71,8512
-418.38,26.12,8524
-412.54,24.98,8536
-408.86,25.72,8548
-414.18,27.67,8559
-412.36,28.54,8570
-406.79,30.11,8583
-410.22,29.94,8594
-407.39,28.76,8606
-408.71,27.52,8617
-415.69,25.89,8630
-412.03,25.21,8641
-413.12,25.33,8653
-413.91,26.40,8665
-411.37,27.24,8677
-411.50,29.00,8688
-406.77,29.98,8700
-406.63,29.65,8712
-408.02,29.35,8724
-411.69,27.40,8735
-412.30,25.85,8748
-411.11,24.78,8759
-416.30,24.70,8770
-413.51,26.30,8782
-411.47,27.34,8794
-414.29,29.30,8806
-404.85,29.90,8817
-407.23,29.92,8829
-413.77,29.49,8841
-405.06,27.36,8853
-416.67,26.14,8864
-409.72,25.06,8877
-416.99,24.82,8888
-416.75,25.75,8900
-403.94,27.18,8911
-412.02,29.05,8924
-412.72,29.95,8935
-401.72,30.23,8946
-412.98,28.98,8958
-413.03,27.62,8970
-404.00,26.18,8982
-422.88,25.19,8993
-414.55,25.34,9006
-402.46,25.76,9017
-421.61,27.81,9029
-407.68,28.71,9040
-405.03,29.60,9053
-417.76,29.58,9064
-401.12,28.60,9076
-409.53,27.46,9088
-421.25,26.30,9100
-407.22,25.80,9111
-413.80,25.66,9123
-416.75,26.93,9135
-405.46,27.91,9146
-412.72,28.67,9158
-413.16,29.25,9169
-402.73,28.57,9182
-412.59,27.75,9193
-414.32,27.14,9205
-408.62,26.05,9217
-416.30,25.96,9229
-411.93,26.28,9240
-413.44,28.23,9252
-406.26,27.86,9264
-411.55,29.63,9276
-410.20,28.45,9287
-404.30,27.74,9299
-418.95,27.71,9311
-409.15,26.17,9323
-411.42,26.46,9334
-421.35,26.59,9346
-403.93,27.07,9358
-407.79,27.97,9369
-416.75,29.34,9381
-403.35,28.87,9393
-410.17,28.92,9405
-414.49,27.70,9416
-406.02,26.12,9428
-415.71,25.71,9440
-418.62,25.65,9452
-407.58,26.30,9463
-410.30,27.81,9476
-415.42,29.14,9487
-407.29,29.51,9499
-406.40,29.84,9510
-413.35,28.51,9522
-404.06,27.20,9534
-413.08,26.24,9545
-417.44,25.25,9558
-408.94,25.30,9569
-413.36,26.48,9581
-415.81,27.77,9592
-410.51,28.93,9605
-406.69,29.90,9616
-412.82,29.43,9628
-408.16,29.07,9639
-419.59,27.54,9652
-406.80,26.04,9663
-414.17,25.18,9675
-420.18,25.00,9687
-406.32,26.40,9698
-413.24,27.48,9710
-411.50,29.48,9721
-402.22,30.04,9734
-412.19,29.96,9745
-411.44,29.09,9757
-407.37,27.17,9768
-414.11,26.20,9781
-416.44,25.05,9792
-412.99,25.36,9804
-412.48,26.13,9816
-413.22,27.85,9828
-407.09,29.21,9839
-409.40,29.54,9851
-411.91,29.92,9863
-403.98,28.42,9875
-412.15,27.50,9886
-415.32,26.26,9897
-408.92,25.24,9910
-417.23,25.85,9921
-412.48,26.83,9933
-406.44,27.43,9945
-414.67,29.20,9957
-412.13,29.20,9968
-402.40,28.81,9980
-412.93,28.29,9992
-413.95,27.17,10004
-404.51,26.14,10015
-411.37,26.32,10028
-406.34,25.99,10039
-420.84,27.23,10051
-405.46,28.42,10062
-406.04,28.52,10074
-417.43,29.13,10086
-403.67,28.67,10097
-412.01,27.41,10109
-419.19,26.84,10121
-406.35,26.09,10133
-414.15,26.08,10144
-416.87,26.94,10157
-406.39,27.72,10168
-411.52,28.64,10180
-411.25,29.30,10191
-405.19,28.69,10204
-411.20,28.02,10215
-414.88,26.91,10227
-409.73,25.84,10238
-413.04,25.80,10251
-415.81,26.09,10262
-411.23,27.34,10273
-410.16,28.61,10286
-410.07,29.47,10297
-408.54,29.33,10309
-407.94,28.66,10320
-412.03,27.58,10333
-410.89,26.01,10344
-409.82,25.49,10356
-417.56,25.46,10368
-412.79,26.19,10380
-409.42,27.75,10391
-413.98,29.16,10403
-408.09,29.66,10415
-412.13,29.67,10427
-406.93,28.66,10438
-412.45,26.93,10449
-414.77,26.18,10462
-411.93,25.12,10473
-416.17,25.43,10485
-410.88,26.49,10497
-411.59,27.55,10509
-411.93,29.29,10520
-405.66,29.64,10532
-409.39,29.59,10544
-408.47,28.53,10556
-411.45,27.05,10567
-416.36,25.98,10579
-411.75,25.02,10591
-414.09,25.57,10603
-413.70,26.50,10614
-408.96,27.66,10627
-411.31,29.32,10638
-409.39,29.57,10649
-405.92,29.50,10661
-412.13,28.56,10673
-413.04,27.18,10685
-408.33,25.95,10696
-415.52,25.32,10708
-416.26,25.60,10720
-408.88,26.49,10732
-415.30,28.13,10743
-410.32,29.25,10756
-404.32,29.71,10767
-413.30,29.53,10779
-409.12,28.04,10790
-415.05,26.42,10803
-414.14,26.34,10814
-410.94,24.76,10825
-416.00,26.49,10838
-413.25,26.94,10849
-402.82,28.29,10861
-414.96,29.20,10872
-408.98,29.62,10885
-404.06,28.48,10896
-415.52,27.99,10908
-413.42,26.19,10919
-406.95,25.65,10932
-420.86,26.15,10943
-411.19,26.52,10955
-406.10,27.93,10967
-414.89,28.62,10979
-408.11,29.73,10990
-406.59,28.37,11002
-410.34,28.75,11014
-415.17,26.97,11025
-406.13,26.12,11037
-416.20,26.10,11048
-417.17,25.89,11061
-402.77,27.10,11072
-417.76,28.58,11084
-411.70,28.89,11096
-400.45,29.48,11108
-415.25,28.97,11119
-412.29,27.60,11131
-402.00,26.34,11143
-419.52,25.93,11155
-413.43,25.33,11166
-422.68,26.14,11179
-409.22,27.50,11190
-402.98,28.50,11201
-415.92,29.53,11213
-408.82,29.88,11225
-403.66,28.81,11237
-417.84,27.49,11248
-410.80,26.24,11260
-407.82,25.09,11272
-421.86,25.16,11284
-411.97,26.39,11295
-404.13,27.39,11308
-415.38,29.08,11319
-408.37,30.24,11331
-402.16,29.43,11342
-415.23,28.73,11355
-410.67,27.22,11366
-403.56,25.89,11378
-421.19,25.32,11389
-416.31,25.74,11401
-403.55,26.10,11413
-419.14,27.85,11424
-409.57,29.23,11437
-400.38,29.69,11448
-418.24,29.81,11460
-403.47,28.29,11471
-406.37,27.07,11484
-422.54,26.11,11495
-407.22,24.94,11507
-414.46,25.33,11518
-417.93,26.70,11531
-404.36,27.98,11542
-414.26,29.35,11554
-400.83,29.90,11566
-413.90,29.18,11578
-411.51,28.13,11589
-406.44,27.02,11600
-420.45,25.43,11613
-410.82,25.45,11624
-409.18,25.85,11636
-419.91,26.75,11648
-403.85,28.49,11660
-406.95,29.22,11671
-416.64,29.34,11683
-400.98,28.89,11695
-412.40,27.82,11707
-417.31,26.56,11718
-405.51,25.93,11730
-417.32,25.89,11742
-414.32,25.98,11754
-407.84,27.49,11765
-413.34,28.49,11777
-408.69,29.16,11789
-408.58,29.43,11800
-409.62,28.56,11812
-409.06,27.59,11824
-412.75,26.49,11836
-412.77,25.56,11847
-413.60,26.01,11859
-413.56,26.70,11871
-410.64,27.88,11883
-409.68,28.97,11894
-408.35,29.26,11907
-408.75,29.05,11918
-408.42,27.99,11930
-411.05,26.80,11941
-411.77,25.92,11953
-416.62,25.70,11965
-411.67,25.99,11976
-409.64,27.20,11988
-412.23,28.31,12000
-407.96,29.24,12012
-409.80,29.28,12023
-408.51,28.41,12036
-409.11,27.44,12047
-414.82,26.26,12059
-412.44,25.81,12070
-411.94,25.82,12083
-413.80,26.70,12094
-409.39,27.82,12106
-408.77,28.75,12118
-412.29,29.50,12130
-405.91,29.16,12141
-406.32,28.28,12152
-415.97,27.14,12165
-410.62,25.88,12176
-409.30,25.31,12188
-420.16,25.58,12199
-410.69,26.65,12212
-408.24,28.15,12223
-414.57,29.24,12235
-405.17,29.98,12247
-407.52,29.10,12259
-411.61,28.29,12270
-409.82,26.69,12282
-411.19,25.70,12294
-413.48,25.16,12306
-416.81,25.58,12317
-410.54,26.75,12328
-412.83,28.46,12341
-404.76,29.49,12352
-407.98,29.99,12364
-413.78,29.54,12376
-404.47,27.91,12388
-413.67,26.31,12399
-417.96,25.61,12411
-408.98,24.78,12423
-416.14,26.24,12435
-415.21,26.95,12446
-402.83,28.47,12459
-412.25,29.47,12470
-412.38,29.82,12482
-400.58,28.90,12493
-415.20,27.91,12506
-414.52,26.85,12517
-405.91,25.38,12528
-420.91,25.66,12540
-413.77,25.87,12552
-405.61,27.09,12564
-417.06,28.68,12575
-408.84,29.34,12588
-404.83,29.21,12599
-412.26,28.55,12611
-410.79,27.63,12622
-409.06,26.22,12635
-414.66,25.96,12646
-415.53,26.00,12658
-406.07,26.35,12669
-413.23,28.11,12682
-414.94,28.59,12693
-402.25,28.93,12704
-412.10,29.10,12717
-403.21,27.85,12728
-418.78,26.91,12740
-414.57,26.18,12751
-405.53,25.58,12764
-419.08,26.24,12775
-412.58,27.64,12787
-403.95,28.34,12798
-414.45,29.05,12811
-408.25,29.15,12822
-405.63,28.29,12834
-417.81,27.47,12846
-410.60,26.51,12858
-408.10,25.76,12869
-419.86,26.05,12880
-409.09,26.76,12893
-409.19,27.62,12904
-414.98,28.84,12916
-402.60,29.66,12928
-411.15,29.06,12940
-413.49,28.32,12951
-404.50,26.81,12963
-415.71,25.65,12975
-414.03,25.72,12987
-410.30,25.87,12998
-416.75,26.94,13010
-409.90,28.29,13022
-405.97,29.15,13034
-413.98,29.87,13045
-408.71,29.14,13058
-404.46,28.10,13069
-416.08,26.61,13080
-410.35,25.42,13092
-408.56,24.99,13104
-408.87,25.65,13116
-406.82,27.06,13127
-418.06,28.70,13139
-402.87,30.07,13151
-406.80,30.20,13163
-415.59,29.27,13174
-402.79,27.98,13187
-413.88,26.17,13198
-419.39,25.15,13210
-408.35,24.95,13221
-415.99,25.52,13234
-415.92,27.19,13245
-403.24,28.95,13256
-411.12,30.05,13268
-410.45,30.30,13280
-400.94,29.58,13292
-414.47,27.89,13303
-415.20,26.25,13316
-407.55,25.07,13327
-419.27,24.80,13339
-412.85,25.73,13350
-407.28,27.05,13363
-416.69,28.66,13374
-406.60,29.76,13386
-406.12,29.96,13398
-413.56,29.31,13410
-405.76,27.90,13421
-411.23,26.42,13433
-415.72,25.44,13445
-410.63,25.33,13456
-413.97,25.93,13468
-414.15,27.19,13479
-408.85,28.56,13492
-410.78,29.47,13503
-407.81,29.47,13515
-409.19,28.96,13527
-412.33,27.79,13539
-411.55,26.68,13550
-414.22,25.98,13562
-413.71,25.75,13574
-411.83,26.63,13586
-411.13,27.41,13597
-410.80,28.54,13609
-409.54,29.08,13621
-408.30,28.56,13632
-411.95,28.14,13644
-409.90,27.03,13656
-411.22,26.28,13668
-417.34,26.27,13679
-409.58,26.49,13691
-411.38,27.29,13703
-413.24,28.13,13715
-405.32,28.83,13726
-412.89,28.66,13739
-410.23,28.13,13750
-406.06,27.45,13762
-417.64,26.54,13773
-411.01,26.14,13786
-411.60,26.06,13797
-419.57,26.93,13809
-405.14,27.88,13820
-409.25,28.86,13832
-417.24,29.40,13844
-402.61,28.60,13855
-408.63,27.85,13868
-414.92,26.53,13879
-416.58,25.59,13891
-416.51,25.65,13902
-406.76,26.01,13915
-415.17,27.20,13926
-412.07,28.61,13938
-404.87,29.32,13949
-413.26,29.68,13962
-407.03,29.00,13973
-409.68,27.45,13985
-417.25,26.17,13997
-408.59,25.30,14008
-414.98,25.11,14020
-415.05,26.00,14031
-408.99,27.37,14044
-412.35,28.85,14055
-404.97,30.07,14067
-407.14,30.02,14078
-411.45,29.09,14091
-407.40,27.80,14102
-414.68,25.78,14114
-412.19,24.98,14126
-412.94,24.86,14138
-419.80,25.94,14149
-409.00,27.45,14161
-407.49,29.14,14173
-412.32,30.39,14185
-406.60,29.85,14196
-407.31,29.35,14208
-412.51,27.32,14220
-407.78,25.94,14231
-412.65,25.16,14243
-419.31,24.79,14255
-410.17,26.06,14267
-414.02,27.44,14278
-405.68,29.05,14290
-410.40,29.96,14302
-409.67,29.89,14314
-404.60,29.11,14325
-415.18,27.42,14338
-413.73,26.30,14349
-410.06,25.04,14361
-417.64,25.26,14372
-411.03,26.26,14384
-408.74,27.78,14396
-414.55,28.99,14407
-407.24,29.91,14419
-404.35,29.33,14431
-414.01,28.71,14443
-411.28,27.16,14454
-407.51,26.06,14467
-420.43,25.35,14478
-410.63,25.73,14490
-408.01,26.61,14501
-421.00,27.94,14514
-403.30,28.98,14525
-404.28,29.25,14537
-419.24,29.14,14548
-403.15,27.98,14560
-410.08,26.97,14572
-421.37,26.26,14583
-405.09,25.54,14596
-414.09,26.50,14607
-419.69,27.22,14619
-403.69,28.11,14630
-410.70,29.21,14643
-414.10,29.04,14654
-411.76,28.48,14666
-414.58,27.61,14678
-407.20,26.39,14690
-415.64,25.77,14701
-414.48,26.36,14713
-408.93,26.69,14725
-412.81,27.53,14737
-408.47,28.97,14748
-410.09,28.97,14759
-409.27,28.59,14772
-408.05,28.18,14783
-414.58,26.63,14795
-410.71,25.92,14807
-414.92,25.80,14819
-416.37,25.96,14830
-406.70,27.18,14842
-412.31,28.60,14854
-410.77,29.39,14866
-405.20,29.18,14877
-412.60,28.76,14889
-409.08,27.37,14901
-409.74,26.37,14913
-416.71,25.78,14924
-412.73,25.27,14936
-412.58,26.27,14948
-412.61,27.63,14959
-409.26,28.83,14971
-410.58,29.91,14983
-409.73,29.47,14995
-405.84,28.58,15006
-410.40,27.20,15019
-413.68,25.97,15030
-412.18,25.45,15042
-412.90,25.31,15053
-411.06,26.51,15066
-412.34,27.77,15077
-407.32,29.28,15089
-409.61,29.95,15100
-408.92,29.44,15113
-404.95,28.74,15124
-417.05,27.28,15135
-411.90,25.67,15148
-407.96,25.23,15159
-420.40,25.28,15171
-410.02,26.65,15182
-409.07,28.06,15195
-413.72,29.56,15206
-402.63,29.73,15218
-408.64,29.66,15229
-414.44,28.07,15242
-407.52,26.88,15253
-413.68,25.69,15265
-415.82,24.96,15277
-411.00,25.45,15289
-415.60,26.78,15300
-411.86,28.08,15311
-405.57,29.34,15324
-410.10,29.95,15335
-410.56,29.24,15347
-406.70,28.22,15358
-412.55,26.68,15371
-412.61,25.83,15382
-411.81,25.39,15394
-416.34,25.67,15406
-412.22,27.17,15418
-409.71,28.18,15429
-412.32,29.55,15441
-407.83,29.38,15453
-407.16,29.01,15465
-414.61,27.86,15476
-409.34,26.63,15489
-415.13,25.73,15500
-416.18,25.75,15511
-406.16,26.29,15523
-413.80,27.30,15535
-413.64,28.50,15547
-405.29,29.38,15558
-410.28,28.90,15570
-408.52,28.87,15582
-411.37,27.37,15594
-415.34,26.29,15605
-412.21,25.61,15618
-412.58,25.76,15629
-411.82,26.88,15641
-413.26,27.83,15652
-409.22,28.91,15665
-408.12,29.04,15676
-410.88,28.85,15687
-408.04,27.75,15699
-411.96,26.75,15711
-414.09,26.08,15723
-409.16,25.62,15734
-415.30,26.79,15747
-414.94,27.31,15758
-407.97,28.35,15770
-409.44,29.54,15781
-407.32,28.88,15794
-409.54,28.65,15805
-410.74,27.30,15817
-412.80,26.04,15828
-413.31,25.81,15841
-414.61,25.67,15852
-412.67,26.85,15864
-408.40,27.86,15876
-407.54,29.23,15887
-413.72,29.43,15899
-406.44,29.12,15910
-407.03,28.29,15923
-416.61,26.92,15934
-409.55,25.87,15946
-415.51,25.49,15958
-416.37,25.58,15970
-405.18,26.85,15981
-413.74,28.18,15993
-410.90,29.35,16005
-404.69,29.58,16017
-411.29,29.33,16028
-407.85,28.02,16040
-410.88,26.66,16052
-415.67,25.87,16063
-413.05,25.02,16075
-413.91,25.82,16087
-411.17,27.01,16099
-412.39,28.50,16110
-411.49,29.60,16122
-404.43,29.97,16134
-410.60,29.31,16146
-409.91,27.72,16157
-408.43,26.36,16169
-417.97,25.19,16181
-410.13,24.93,16193
-412.46,26.08,16204
-406.57,27.25,16217
-409.17,28.81,16228
-410.91,30.10,16240
-403.66,29.73,16251
-412.55,29.12,16263
-412.46,27.67,16275
-406.31,26.00,16286
-420.28,25.18,16299
-413.77,25.41,16310
-407.95,26.08,16322
-418.87,27.68,16333
-403.09,28.97,16346
-405.40,29.72,16357
-417.78,29.72,16369
-401.99,28.61,16380
-411.88,27.31,16393
-417.74,26.24,16404
-407.27,25.17,16416
-419.08,25.36,16428
-413.53,26.26,16439
-406.01,27.55,16451
-411.53,29.55,16462
-410.00,29.65,16475
-407.27,29.63,16486
-407.48,28.48,16498
-410.95,26.92,16509
-413.16,25.71,16522
-412.27,25.21,16533
-417.35,25.75,16545
-410.45,26.73,16557
-407.38,28.26,16569
-416.00,29.55,16580
-404.45,29.40,16592
-413.22,29.60,16604
-408.13,27.95,16616
-411.44,26.60,16627
-418.50,25.71,16638
-409.38,25.14,16651
-413.01,25.98,16662
-416.93,27.63,16674
-404.18,28.60,16686
-409.92,29.38,16698
-411.68,29.56,16709
-402.63,28.81,16721
-417.67,27.57,16733
-411.62,26.65,16745
-406.43,25.47,16756
-421.85,25.57,16769
-410.63,26.26,16780
-407.49,27.28,16792
-416.92,29.04,16803
-401.91,29.36,16815
-408.52,29.65,16827
-416.17,28.69,16838
-401.64,27.31,16850
-413.55,26.34,16862
-418.60,25.46,16874
-407.70,25.73,16885
-416.15,26.47,16898
-413.88,27.84,16909
-403.07,28.99,16921
-412.60,29.43,16932
-412.36,29.47,16945
-401.16,28.06,16956
-413.94,27.06,16968
-406.43,25.83,16979
-420.18,25.26,16992
-414.36,25.81,17003
-404.42,26.71,17014
-416.54,28.05,17027
-409.97,29.43,17038
-402.24,29.53,17050
-413.29,29.10,17061
-412.01,28.12,17074
-406.74,26.72,17085
-418.00,25.85,17097
-415.36,25.37,17108
-406.40,25.80,17121
-416.85,27.07,17132
-412.22,28.54,17144
-402.89,29.26,17156
-414.73,29.46,17168
-407.87,28.73,17179
-405.71,27.26,17190
-419.41,26.45,17203
-409.58,25.50,17214
-410.53,25.55,17226
-418.93,26.72,17238
-408.19,27.57,17250
-408.97,28.78,17261
-413.02,29.52,17273
-405.91,29.34,17285
-408.84,28.33,17297
-414.76,27.09,17308
-408.31,26.20,17320
-410.85,25.46,17332
-418.39,26.00,17344
-410.56,26.61,17355
-412.21,27.71,17367
-405.97,29.26,17379
-409.63,29.42,17390
-411.48,29.41,17402
-407.49,28.39,17414
-411.80,26.74,17426
-415.47,25.93,17437
-414.62,25.43,17449
-411.68,25.66,17461
-412.27,26.91,17473
-409.84,28.49,17484
-408.19,29.20,17497
-411.28,29.79,17508
-406.20,29.17,17520
-407.82,27.52,17531
-415.47,26.77,17544
-411.96,25.48,17555
-414.20,25.21,17566
-414.21,26.30,17579
-409.92,27.18,17590
-411.75,28.73,17602
-407.90,29.44,17613
-407.68,29.49,17626
-408.44,28.69,17637
-408.76,27.66,17649
-415.40,26.22,17660
-411.41,25.13,17673
-411.80,25.35,17684
-415.39,26.09,17696
-409.51,27.56,17708
-410.23,29.09,17720
-410.13,29.49,17731
-406.16,29.73,17742
-411.71,28.65,17755
-411.20,27.18,17766
-412.41,26.12,17778
-414.02,25.37,17789
-413.42,25.58,17802
-413.21,26.37,17813
-410.73,27.78,17825
-407.69,28.99,17837
-410.19,29.44,17849
-408.18,29.32,17860
-410.04,28.24,17872
-412.62,27.11,17884
-409.28,26.13,17896
-416.48,25.58,17907
-414.42,26.03,17920
-407.72,26.66,17931
-414.13,27.86,17942
-408.87,28.94,17954
-406.40,29.35,17966
-413.78,29.19,17978
-408.90,28.03,17989
-408.28,26.89,18001
-417.79,26.00,18013
-413.39,25.42,18025
-410.29,25.98,18036
-416.04,27.16,18049
-409.24,28.39,18060
-406.92,29.32,18072
-415.28,29.19,18083
-405.71,28.43,18096
-406.82,27.31,18107
-418.06,26.37,18118
-408.45,25.54,18130
-417.40,25.83,18142
-406.84,26.63,18154
-412.00,27.84,18165
-412.76,28.99,18178
-404.81,29.28,18189
-410.33,28.97,18201
-410.85,28.07,18212
-411.24,26.88,18225
-414.87,25.81,18236
-412.13,25.57,18248
-413.32,26.10,18259
-412.74,26.99,18272
-409.20,28.51,18283
-409.61,29.24,18295
-408.78,29.40,18307
-407.93,28.86,18318
-412.57,27.79,18330
-412.43,26.57,18341
-409.63,25.51,18354
-416.48,25.63,18365
-413.75,25.91,18377
-410.31,27.30,18388
-413.16,28.66,18401
-405.48,29.27,18412
-410.23,29.85,18424
-411.45,28.97,18436
-405.76,27.43,18448
-413.34,26.43,18459
-413.19,25.49,18471
-411.23,25.27,18483
-416.42,26.28,18494
-411.41,27.38,18506
-408.00,28.78,18518
-410.02,29.78,18530
-407.18,29.43,18541
-410.21,28.56,18553
-413.01,27.32,18565
-412.03,26.14,18577
-413.70,25.51,18588
-415.39,25.60,18600
-409.46,26.38,18612
-410.65,27.76,18624
-413.12,28.86,18635
-406.53,29.47,18648
-407.04,29.48,18659
-412.72,28.33,18671
-409.88,27.21,18682
-411.72,26.06,18694
-419.07,25.52,18706
-409.81,25.87,18717
-409.54,26.80,18729
-418.47,28.10,18741
-405.00,29.07,18753
-407.27,29.52,18764
-415.24,28.78,18777
-404.00,28.04,18788
-413.04,26.89,18800
-415.96,25.79,18811
-407.94,25.56,18824
-417.00,26.12,18835
-414.09,27.24,18847
-406.74,28.61,18859
-412.72,29.29,18870
-408.78,29.43,18882
-403.60,28.38,18893
-415.40,27.40,18906
-405.46,26.30,18917
-420.89,25.53,18929
-413.73,26.02,18940
-405.61,26.26,18953
-418.40,27.59,18964
-407.89,28.84,18976
-404.21,29.39,18988
-417.35,29.42,19000
-404.94,28.50,19011
-406.59,27.12,19023
-419.70,26.08,19035
-411.86,25.78,19047
-412.37,25.37,19058
-415.28,26.77,19069
-408.06,28.06,19082
-407.18,28.98,19093
-412.10,29.76,19105
-406.95,29.27,19117
-406.48,28.11,19129
-413.41,27.01,19140
-413.20,25.65,19152
-412.13,25.24,19164
-412.84,25.88,19176
-413.58,27.07,19187
-410.70,28.23,19200
-408.25,29.62,19211
-411.73,29.24,19223
-405.80,28.85,19234
-406.37,27.92,19246
-418.26,26.52,19258
-407.52,25.74,19269
-410.56,25.51,19281
-421.01,25.94,19293
-412.17,27.17,19305
-415.47,28.52,19316
-400.76,29.30,19329
-413.42,29.60,19340
-411.42,28.97,19352
-403.57,27.46,19363
-418.47,26.45,19376
-413.16,25.59,19387
-408.80,25.39,19399
-419.02,26.16,19410
-407.77,27.48,19422
-405.12,28.65,19434
-417.33,29.43,19445
-404.54,29.33,19458
-405.31,28.57,19469
-418.98,27.36,19481
-406.35,26.37,19492
-413.26,25.54,19505
-420.49,25.97,19516
-405.17,26.75,19528
-413.35,27.82,19539
-413.99,29.01,19552
-403.26,29.24,19563
-411.54,28.87,19575
-409.96,28.17,19587
-408.51,26.79,19599
-416.01,25.93,19610
-412.54,25.74,19621
-412.01,26.10,19634
-412.24,27.24,19645
-411.62,28.45,19657
-411.63,29.02,19668
-407.26,29.22,19681
-409.66,28.73,19692
-409.71,27.66,19704
-416.64,26.55,19716
-412.33,25.94,19728
-410.58,25.41,19739
-416.19,26.60,19751
-411.31,27.56,19763
-406.07,28.62,19775
-412.55,29.59,19786
-408.02,29.26,19798
-406.00,28.33,19810
-416.51,27.16,19821
-411.49,25.80,19833
-408.69,25.32,19845
-420.33,25.93,19857
-411.83,26.50,19868
-406.50,28.14,19880
-414.51,29.37,19892
-405.18,29.83,19904
-408.38,29.38,19915
-414.54,28.55,19928
-407.81,26.69,19939
-410.85,25.68,19951
-417.97,25.23,19962
-412.89,25.36,19975
-409.87,26.77,19986
-413.67,28.51,19997
-407.67,29.47,20009
-408.00,30.05,20021
-412.25,29.52,20033
-406.24,28.07,20044
-409.49,26.78,20057
-416.14,25.63,20068
-412.23,25.13,20080
-416.73,25.63,20091
-408.23,26.84,20104
-408.35,28.19,20115
-413.47,29.77,20127
-405.85,29.76,20139
-404.68,29.33,20151
-417.32,28.26,20162
-410.09,26.81,20173
-408.91,25.62,20186
-421.70,25.16,20197
-408.92,25.75,20209
-408.79,26.95,20220
-417.60,28.75,20233
-404.18,29.55,20244
-407.64,29.43,20256
-414.62,29.19,20268
-405.30,27.67,20280
-412.72,26.57,20291
-416.76,25.71,20303
-409.28,25.39,20315
-414.72,26.37,20327
-412.95,27.60,20338
-408.73,28.68,20350
-411.33,29.45,20362
-408.05,29.41,20373
-408.27,28.27,20385
-413.66,27.20,20397
-411.03,26.12,20409
-413.21,25.36,20420
-417.12,25.78,20432
-409.89,26.81,20444
-413.55,28.01,20456
-404.51,29.21,20467
-412.71,29.45,20480
-407.99,28.93,20491
-408.47,27.97,20503
-416.69,26.70,20514
-410.66,25.88,20527
-413.86,25.72,20538
-414.99,26.19,20549
-408.32,27.22,20561
-410.42,28.42,20573
-410.03,29.61,20585
-408.90,29.38,20596
-409.87,28.69,20609
-410.52,27.57,20620
-413.06,26.17,20632
-413.55,25.46,20643
-413.45,25.32,20656
-413.71,26.67,20667
-411.23,27.22,20679
-408.91,29.26,20690
-412.33,29.79,20703
-406.98,29.33,20714
-405.56,28.83,20726
-416.68,26.88,20738
-409.42,25.78,20749
-411.42,25.38,20761
-420.53,25.28,20772
-408.00,26.51,20785
-409.64,28.08,20796
-416.78,29.11,20808
-402.78,29.82,20819
-410.41,29.62,20832
-412.51,28.36,20843
-416.24,26.92,20855
-415.13,25.83,20867
-408.28,25.05,20879
-416.21,25.52,20890
-413.77,26.83,20902
-404.41,28.16,20914
-411.67,29.71,20925
-410.86,29.72,20937
-401.46,29.31,20948
-416.27,28.17,20961
-415.27,26.61,20972
-405.08,25.55,20984
-420.39,24.88,20996
-415.51,25.94,21008
-404.98,27.08,21019
-416.55,28.65,21031
-409.51,29.91,21043
-401.97,29.86,21055
-415.62,29.22,21066
-410.58,27.53,21079
-407.69,25.98,21090
-417.47,25.34,21102
-413.03,25.28,21113
-410.12,26.19,21125
-415.51,27.76,21137
-408.97,28.70,21148
-405.66,29.34,21160
-412.55,29.44,21172
-405.86,28.39,21184
-408.63,27.55,21195
-416.43,26.50,21208
-410.47,25.06,21219
-413.76,25.63,21231
-408.82,26.53,21242
-411.60,27.64,21255
-409.76,28.99,21266
-407.37,29.91,21278
-408.74,28.83,21289
-408.55,28.49,21301
-414.02,26.78,21313
-410.38,25.82,21324
-415.36,25.57,21337
-412.49,25.88,21348
-409.28,26.76,21360
-414.97,28.01,21371
-407.25,29.31,21384
-404.69,29.29,21395
-412.97,29.56,21407
-407.57,27.99,21419
-410.63,26.30,21431
-419.16,25.93,21442
-407.49,24.65,21454
-414.03,25.95,21466
-419.88,27.16,21477
-402.08,28.39,21489
-410.39,29.71,21500
-414.78,29.56,21513
-401.34,28.89,21524
-414.70,27.49,21536
-413.29,26.24,21548
-403.01,25.41,21560
-421.97,25.62,21571
-413.88,26.23,21583
-404.40,27.45,21595
-419.51,29.06,21607
-407.31,29.58,21618
-416.77,29.54,21630
-400.13,28.46,21642
-414.86,26.98,21654
-417.24,26.40,21665
-407.05,25.58,21677
-418.96,25.82,21689
-409.20,26.57,21700
-405.39,27.65,21712
-417.30,28.94,21724
-406.30,29.32,21736
-405.41,29.24,21747
-413.06,28.13,21760
-408.89,27.08,21771
-415.33,26.04,21783
-413.45,25.48,21794
-410.47,25.73,21807
-415.13,27.12,21818
-409.64,28.22,21830
-408.82,29.14,21841
-411.44,29.44,21853
-404.28,28.92,21865
-413.26,27.96,21876
-414.39,26.75,21889
-407.31,25.69,21900
-417.94,25.60,21912
-411.69,25.94,21923
-411.61,27.30,21936
-416.65,28.60,21947
-401.63,29.70,21959
-410.24,29.54,21970
-413.31,28.68,21983
-402.71,27.28,21994
-412.45,25.75,22006
-407.14,25.65,22018
-422.86,25.48,22030
-408.74,26.67,22041
-404.38,27.98,22052
-418.52,29.14,22065
-404.76,29.82,22076
-405.97,29.32,22088
-416.95,28.32,22099
-403.15,26.64,22112
-413.40,25.66,22123
-421.97,25.14,22135
-404.97,25.77,22147
-413.71,27.11,22159
-414.09,28.30,22170
-403.26,29.54,22182
-414.03,29.50,22194
-408.93,28.91,22206
-403.40,27.76,22217
-417.14,26.45,22228
-411.81,25.86,22241
-411.40,25.43,22252
-417.21,25.96,22264
-408.72,27.24,22276
-413.03,28.49,22288
-410.96,29.27,22299
-405.92,29.55,22311
-409.45,28.90,22323
-408.46,27.57,22335
-413.71,26.50,22346
-413.23,25.23,22359
-412.34,25.30,22370
-415.55,26.23,22382
-411.29,27.21,22393
-410.26,28.90,22405
-406.66,29.69,22417
-409.53,29.58,22428
-411.75,28.92,22440
-410.18,27.43,22452
-412.86,26.08,22464
-414.46,25.39,22475
-414.19,25.10,22488
-413.61,26.23,22499
-409.80,27.68,22511
-408.76,29.17,22522
-410.53,29.88,22535
-407.62,29.48,22546
-409.70,28.42,22558
-412.51,26.77,22569
-408.61,25.81,22582
-416.59,25.26,22593
-415.88,25.84,22604
-408.01,26.73,22617
-413.18,28.03,22628
-409.94,29.30,22640
-406.16,29.49,22651
-411.90,29.45,22664
-408.20,27.93,22675
-409.15,26.68,22687
-413.83,25.95,22699
-413.86,25.42,22711
-414.20,26.22,22722
-409.23,27.19,22734
-412.75,28.26,22746
-410.83,29.09,22758
-405.99,29.13,22769
-408.56,28.78,22780
-408.01,27.85,22793
-415.96,27.02,22804
-412.35,25.91,22816
-410.52,25.64,22828
-416.99,26.44,22840
-410.44,27.28,22851
-405.20,28.90,22863
-414.43,28.93,22875
-405.90,29.09,22887
-406.99,28.28,22898
-419.45,27.03,22910
-407.91,26.50,22922
-409.44,25.66,22934
-419.97,26.36,22945
-407.55,26.89,22958
-409.09,27.91,22969
-415.08,29.08,22980
-404.27,29.25,22992
-409.18,29.16,23004
-412.47,28.08,23016
-407.50,26.57,23027
-414.02,25.61,23040
-415.90,25.48,23051
-412.26,26.23,23063
-413.42,27.52,23074
-409.32,28.92,23087
-407.98,29.27,23098
-412.06,29.37,23110
-406.00,28.60,23121
-408.59,27.38,23134
-414.86,26.36,23145
-408.53,25.63,23156
-417.52,25.55,23169
-406.25,26.10,23180
-414.30,27.48,23192
-411.78,28.94,23203
-402.56,29.67,23216
-412.29,29.82,23227
-408.41,28.64,23239
-407.65,27.11,23250
-417.05,26.31,23263
-411.67,25.23,23274
-413.59,25.43,23286
-414.33,26.64,23298
-409.46,27.33,23310
-410.55,29.13,23321
-409.69,29.46,23332
-406.37,29.73,23345
-409.41,29.02,23356
-411.48,27.31,23368
-412.31,26.17,23379
-413.21,25.02,23392
-413.66,25.27,23403
-412.56,26.56,23415
-411.77,27.78,23427
-408.86,29.39,23439
-408.98,29.72,23450
-410.06,29.40,23462
-407.34,28.46,23474
-412.63,27.11,23486
-410.62,26.11,23497
-411.44,25.31,23510
-415.07,25.67,23521
-411.00,26.50,23532
-413.85,28.03,23544
-408.06,29.42,23556
-411.21,29.50,23568
-405.30,29.26,23579
-411.99,27.95,23591
-414.57,26.80,23603
-409.31,25.92,23615
-417.07,25.71,23626
-411.97,26.24,23639
-405.54,27.26,23650
-415.09,28.58,23662
-408.68,29.02,23673
-405.94,29.28,23686
-412.71,28.58,23697
-407.93,27.56,23708
-410.60,26.65,23720
-416.56,25.71,23732
-410.68,25.91,23744
-411.39,26.50,23755
-412.80,27.90,23768
-407.77,28.93,23779
-408.86,29.12,23791
-408.62,29.24,23802
-407.25,28.09,23815
-414.71,26.83,23826
-412.82,25.98,23838
-410.86,25.36,23849
-415.51,26.01,23862
-410.85,27.02,23873
-411.53,28.29,23884
-411.68,29.24,23897
-406.51,29.58,23908
-409.11,29.00,23920
-409.53,27.63,23931
-412.15,26.60,23944
-411.01,25.52,23955
-417.46,25.29,23967
-411.25,26.59,23979
-410.30,26.88,23991
-412.67,28.88,24002
-403.93,29.29,24014
-409.49,29.30,24026
-415.19,29.19,24038
-405.12,27.25,24049
-413.20,26.37,24061
-417.32,25.43,24073
-409.21,25.24,24084
-415.44,26.44,24096
-412.51,27.62,24108
-404.68,28.87,24120
-413.39,29.98,24131
-410.38,29.51,24143
-402.62,28.45,24155
-415.55,27.40,24167
-414.44,25.80,24178
-408.32,25.31,24190
-418.75,25.61,24202
-411.71,26.24,24214
-408.53,27.94,24225
-413.18,29.12,24238
-408.28,29.54,24249
-406.54,29.51,24260
-409.46,28.44,24272
-412.52,26.99,24284
-411.57,25.76,24296
-411.61,25.18,24307
-417.25,25.72,24320
-411.10,26.71,24331
-415.47,28.38,24343
-402.81,29.23,24354
-408.74,29.49,24367
-414.12,29.38,24378
-404.31,27.83,24390
-414.96,26.63,24401
-415.40,25.60,24414
-409.19,25.34,24425
-417.94,25.87,24436
-412.21,27.17,24449
-405.08,28.44,24460
-413.26,29.47,24472
-408.14,29.84,24483
-404.23,28.72,24496
-415.79,27.61,24507
-410.95,26.49,24519
-410.19,25.48,24530
-418.63,25.69,24543
-409.67,26.39,24554
-409.49,27.44,24566
-414.28,28.84,24578
-407.56,29.30,24590
-408.03,29.21,24601
-410.59,28.53,24613
-409.81,27.27,24625
-410.62,26.11,24636
-414.69,25.58,24648
-414.96,25.71,24659
-409.47,26.37,24672
-415.41,27.96,24683
-411.03,29.11,24695
-403.92,29.55,24707
-407.50,29.43,24719
-405.88,27.91,24730
-420.01,26.76,24742
-410.50,26.04,24754
-410.19,25.43,24766
-417.82,26.08,24777
-409.33,27.02,24790
-408.39,28.25,24801
-412.60,29.44,24812
-407.15,29.52,24824
-405.90,28.81,24836
-413.23,28.02,24848
-414.51,26.34,24859
-410.02,25.67,24871
-416.64,25.85,24883
-414.13,26.37,24895
-408.00,27.63,24906
-412.55,28.83,24919
-410.12,29.29,24930
-406.87,29.22,24942
-410.66,28.64,24953
-412.85,27.54,24966
-407.23,26.38,24977
-412.94,25.63,24988
-418.40,25.79,25000
-408.21,26.42,25012
-411.04,27.86,25024
-413.88,28.96,25035
-402.45,29.24,25048
-411.16,29.26,25059
-412.54,28.08,25071
-403.58,26.67,25082
-414.57,26.30,25095
-409.66,25.59,25106
-414.65,25.93,25118
-411.17,26.99,25129
-408.01,28.04,25142
-411.98,29.03,25153
-407.27,29.55,25165
-406.63,28.89,25177
-411.80,27.75,25188
-411.91,26.84,25200
-415.47,25.55,25211
-414.79,25.37,25224
-409.37,26.11,25235
-415.30,27.37,25247
-409.29,28.71,25259
-405.35,29.60,25271
-413.98,29.58,25282
-403.43,28.64,25294
-410.18,27.61,25306
-418.45,26.17,25318
-406.31,25.24,25329
-418.01,25.49,25341
-417.05,26.19,25353
-405.50,27.53,25364
-414.62,29.06,25376
-407.49,29.76,25388
-405.26,29.72,25400
-413.29,28.68,25411
-407.34,27.34,25423
-412.93,26.01,25435
-413.54,25.35,25447
-411.08,25.55,25458
-418.61,26.23,25470
-408.61,27.52,25482
-414.11,29.08,25494
-402.87,29.62,25505
-411.07,29.52,25518
-414.72,28.72,25529
-401.36,27.11,25540
-418.75,26.03,25552
-418.54,25.40,25564
-403.41,25.24,25576
-421.09,26.51,25587
-409.52,27.88,25600
-399.38,28.88,25611
-422.52,29.61,25623
-402.81,29.24,25634
-401.15,28.21,25647
-425.53,27.12,25658
-404.15,25.89,25670
-412.48,25.43,25681
-423.73,25.90,25694
-399.37,26.84,25705
-414.42,28.41,25717
-417.03,29.28,25729
-398.63,29.38,25740
-412.68,28.75,25752
-411.74,27.62,25763
-406.56,26.58,25776
-417.99,25.91,25787
-412.96,25.73,25799
-408.32,26.42,25810
-415.78,27.63,25823
-411.74,28.59,25834
-406.73,29.11,25846
-411.21,29.15,25858
-408.66,28.46,25870
23.43,27.28,25881
-411.00,26.33,25892
-416.08,25.72,25916
-410.93,25.91,25927
-408.35,26.92,25938
-410.58,27.83,25950
-408.78,28.73,25961
-407.92,29.37,25973
-414.08,28.94,25985
-410.45,27.98,25996
-408.43,26.86,26007
-418.84,25.85,26018
-412.68,25.72,26030
-407.53,26.22,26041
-415.00,27.22,26052
-405.88,28.49,26064
-406.67,29.14,26076
-415.47,29.41,26087
-406.11,28.76,26098
-408.63,27.51,26109
-419.68,26.55,26121
-411.38,25.38,26132
-409.62,25.59,26143
-416.15,26.16,26156
-408.07,27.38,26167
-407.19,28.79,26178
-415.28,29.86,26189
-403.59,29.70,26201
-406.11,28.65,26212
-419.86,27.39,26223
-407.48,25.98,26235
-415.67,25.11,26247
-418.26,25.22,26258
-402.51,26.53,26269
-415.83,27.97,26280
-412.41,29.56,26292
-398.72,30.09,26304
-414.40,29.42,26315
-409.81,28.58,26328
-407.78,26.95,26339
-421.31,25.55,26351
-409.23,25.22,26362
-409.85,25.42,26375
-420.62,26.59,26386
-405.62,28.10,26398
-406.81,29.31,26409
-414.06,29.75,26422
-403.34,29.38,26433
-411.16,28.23,26445
-415.81,26.82,26457
-405.31,25.87,26468
-417.27,25.43,26480
-417.27,25.70,26491
-406.01,26.77,26504
-414.54,28.07,26515
-409.67,29.14,26527
-405.32,29.51,26539
-411.77,28.89,26551
-406.80,28.12,26562
-409.73,26.79,26574
-414.20,25.96,26586
-414.05,25.47,26598
-414.28,25.86,26609
-409.46,27.00,26621
-412.85,28.37,26633
-409.14,29.14,26644
-407.28,29.55,26656
-405.47,28.84,26668
-409.45,27.53,26680
-419.17,26.76,26691
-408.91,25.74,26703
-411.49,25.53,26715
-418.16,26.65,26727
-405.36,27.44,26738
-409.69,28.60,26750
-415.88,29.60,26762
-401.02,28.77,26774
-411.11,28.13,26785
-418.48,27.26,26798
-403.54,26.00,26809
-416.71,26.07,26820
-416.50,26.26,26832
-403.83,27.07,26844
-417.76,28.15,26856
-409.24,28.90,26867
-403.78,28.94,26880
-415.25,28.42,26891
-406.61,27.70,26903
-410.51,26.56,26914
-415.81,26.05,26927
-409.07,26.18,26938
-415.72,26.46,26950
-413.16,27.67,26961
-404.78,28.50,26974
-413.21,28.93,26985
-409.02,28.84,26996
-405.24,28.17,27009
-415.42,27.21,27020
-409.49,26.11,27032
-410.66,25.39,27043
-408.84,25.58,27056
-410.27,26.62,27067
-415.63,28.20,27079
-403.47,29.41,27090
-410.24,29.85,27103
-411.77,29.40,27114
-403.24,27.92,27126
-415.95,26.65,27138
-413.98,25.54,27150
-410.75,25.12,27161
-417.81,25.64,27173
-407.99,26.70,27185
-410.69,28.44,27196
-411.78,29.95,27208
-404.11,30.26,27219
-410.19,29.69,27232
-408.70,27.93,27243
-408.57,26.08,27255
-417.18,25.12,27267
-412.68,24.66,27279
-412.48,25.64,27290
-415.70,27.17,27302
-406.46,28.64,27314
-409.50,29.95,27326
-412.69,30.03,27337
-403.12,29.55,27350
-411.90,28.17,27361
-414.26,26.44,27372
-405.58,25.32,27384
-420.33,24.83,27396
-415.20,25.51,27408
-404.38,27.04,27419
-419.65,28.57,27431
-402.87,29.67,27443
-416.39,29.86,27455
-404.28,29.31,27466
-409.68,27.84,27479
-419.56,26.46,27490
-407.92,25.69,27502
-414.08,25.30,27513
-415.69,25.99,27526
-407.73,27.30,27537
-411.45,28.32,27548
-409.66,29.47,27560
-406.32,29.53,27572
-408.56,28.80,27584
-413.79,27.81,27595
-410.92,26.40,27608
-410.10,25.46,27619
-417.25,25.54,27631
-411.93,26.43,27642
-405.81,27.42,27655
-413.67,28.69,27666
-410.05,29.25,27678
-403.45,28.83,27689
-414.85,28.20,27702
-410.72,27.19,27713
-405.44,26.27,27725
-421.61,26.04,27737
-413.12,26.21,27748
-405.31,27.00,27760
-419.53,28.19,27771
-405.86,28.94,27784
-405.08,29.02,27795
-419.32,28.51,27807
-401.42,27.35,27819
-421.97,26.63,27831
-404.25,26.08,27842
-414.22,25.86,27854
-416.81,26.96,27866
-402.75,27.53,27878
-413.17,28.34,27889
-413.46,29.18,27901
-402.16,28.64,27913
-412.22,27.94,27924
-415.24,26.96,27936
-407.77,26.01,27948
-415.78,25.66,27960
-415.83,26.11,27971
-406.44,27.18,27983
-414.14,28.30,27995
-411.34,29.48,28007
-405.45,29.35,28018
-412.04,28.50,28030
-410.02,27.79,28042
-410.68,26.36,28054
-413.82,25.90,28065
-413.17,25.81,28078
-414.38,25.98,28089
-410.87,27.27,28100
-410.99,28.53,28112
-409.20,29.22,28124
-407.48,29.50,28136
-410.78,28.90,28147
-408.46,27.41,28160
-410.09,26.40,28171
-413.51,25.81,28183
-411.63,25.32,28194
-413.97,26.20,28207
-408.78,27.52,28218
-408.71,28.46,28230
-408.88,29.74,28241
-408.91,29.72,28254
-407.97,28.70,28265
-410.71,27.52,28277
-412.61,26.14,28289
-412.98,25.11,28300
-415.30,24.92,28312
-413.89,26.02,28323
-409.34,27.41,28336
-408.97,28.96,28347
-411.10,29.98,28359
-406.74,29.68,28370
-407.95,28.91,28383
-414.08,27.32,28394
-408.57,25.86,28406
-413.88,25.05,28418
-418.14,25.18,28430
-407.17,26.24,28441
-412.39,27.65,28453
-412.60,29.06,28465
-403.73,29.77,28476
-410.86,29.52,28488
-408.63,28.44,28499
-408.00,27.03,28512
-415.66,26.14,28523
-412.05,25.30,28535
-412.77,25.67,28547
-414.73,26.69,28559
-408.09,27.95,28570
-409.47,29.18,28582
-410.52,29.42,28594
-410.14,29.33,28606
-413.05,28.24,28617
-407.95,26.88,28630
-414.63,25.96,28641
-416.33,25.41,28652
-408.79,26.10,28664
-415.71,27.11,28676
-409.87,28.24,28688
-404.45,29.17,28699
-414.66,29.02,28711
-407.13,28.48,28723
-407.98,27.52,28735
-417.75,26.50,28746
-408.42,25.94,28759
-412.68,25.91,28770
-416.87,26.68,28782
-405.08,27.73,28793
-410.97,28.76,28806
-414.45,29.28,28817
-402.11,28.95,28829
-410.19,28.10,28840
-416.32,26.81,28852
-405.30,25.85,28864
-416.91,25.74,28875
-419.75,25.85,28888
-402.89,27.21,28899
-413.47,28.31,28911
-415.04,29.11,28922
-400.23,29.37,28935
-413.78,28.87,28946
-412.85,27.92,28958
-404.69,26.48,28969
-418.61,25.76,28982
-407.74,25.36,28993
-416.89,26.02,29005
-411.96,27.58,29017
-405.41,28.65,29028
-411.04,29.74,29040
-409.72,29.54,29051
-405.51,28.70,29064
-413.94,27.40,29075
-413.58,26.25,29087
-408.41,25.41,29099
-416.73,25.16,29111
-413.95,26.29,29122
-408.01,27.30,29134
-413.54,28.92,29146
-407.52,29.98,29158
-405.36,29.60,29169
-413.78,28.87,29181
-410.04,27.25,29193
-407.25,25.94,29204
-417.35,25.48,29216
-415.48,25.66,29228
-408.29,26.34,29240
-415.55,27.51,29251
-408.36,29.18,29263
-403.88,29.40,29275
-417.07,29.58,29287
-405.09,28.64,29298
-405.93,26.90,29310
-420.12,26.78,29322
-407.22,24.89,29334
-412.57,25.98,29345
-420.46,26.42,29358
-403.27,27.49,29369
-418.45,29.33,29381
-400.47,29.34,29392
-409.58,29.30,29404
-418.46,28.16,29416
-403.41,26.84,29427
-415.26,25.78,29440
-421.10,25.59,29451
-401.36,26.05,29463
-417.35,26.82,29474
-415.77,28.52,29487
-398.99,29.15,29498
-416.23,29.20,29510
-409.17,28.92,29521
-404.92,27.59,29534
-420.41,26.60,29545
-409.10,25.99,29557
-412.38,25.55,29569
-416.51,26.58,29580
-408.76,27.49,29592
-411.94,28.74,29603
-407.46,29.46,29616
-406.19,29.20,29627
-414.17,28.30,29639
-408.36,26.69,29650
-411.26,26.20,29663
-416.69,25.61,29674
-408.54,26.12,29686
-415.80,27.33,29698
-415.07,27.91,29710
-402.76,29.14,29721
-410.83,29.42,29733
-412.41,28.91,29745
-403.35,28.11,29756
-413.44,26.94,29768
-407.64,25.73,29779
-418.90,25.65,29792
-413.49,26.07,29803
-406.56,26.89,29815
-412.63,28.36,29827
-410.60,29.27,29839
-408.78,29.30,29850
-406.76,29.00,29862
-411.63,27.86,29874
-412.78,26.61,29886
-409.58,25.82,29897
-420.16,25.64,29910
-411.11,26.09,29921
-405.06,27.47,29932
-419.02,28.90,29944
-405.68,29.41,29956
-402.70,29.54,29968
-415.91,28.82,29979
-406.51,27.22,29991
-410.43,26.51,30003
-421.44,25.49,30015
-409.20,25.34,30026
-408.53,26.55,30039
-418.99,27.69,30050
-407.94,29.11,30062
-405.23,29.86,30073
-414.61,29.62,30086
-405.41,28.61,30097
-408.43,27.12,30109
-418.74,26.20,30120
-408.06,25.11,30132
-411.05,25.73,30144
-408.99,27.14,30155
-408.28,27.56,30168
-412.97,29.07,30179
-404.69,29.36,30191
-407.52,28.96,30202
-417.06,28.43,30215
-407.14,27.25,30226
-409.19,26.01,30238
-421.88,25.73,30249
-409.07,25.86,30262
-409.40,26.84,30273
-415.27,28.05,30285
-402.97,28.94,30297
-411.98,28.92,30308
-413.90,28.90,30320
-404.76,27.64,30331
-414.73,26.80,30344
-413.82,26.15,30355
-411.68,25.82,30367
-415.76,26.61,30379
-407.43,27.34,30391
-412.25,28.34,30402
-415.04,29.10,30414
-404.80,28.84,30426
