959647.00
5423.00
-407.14,28.25,1134
-413.38,28.96,1135
-410.44,28.88,1137
-402.84,28.62,1148
-416.47,28.09,1160
-414.39,27.39,1171
-407.26,26.71,1183
-416.82,26.55,1195
-409.42,27.45,1207
-409.72,28.14,1218
-416.68,28.84,1230
-403.01,28.84,1242
-408.26,28.69,1254
-414.82,28.12,1265
-408.73,27.27,1277
-414.61,26.89,1289
-410.93,26.71,1300
-408.60,27.41,1312
-415.38,28.08,1324
-410.10,28.53,1336
-407.20,28.87,1347
-409.71,28.69,1359
-408.05,28.11,1371
-413.61,27.69,1383
-412.65,26.72,1394
-407.84,26.88,1406
-412.04,27.62,1418
-411.63,28.07,1430
-412.87,29.24,1441
-407.96,28.88,1453
-407.87,28.48,1465
-411.49,28.02,1476
-409.81,26.96,1488
-414.22,26.79,1500
-409.48,26.76,1512
-409.94,27.36,1523
-413.63,28.30,1536
-409.88,28.91,1547
-408.34,29.12,1559
-407.54,28.94,1570
-411.46,28.08,1583
-414.68,27.18,1594
-409.88,26.63,1605
-411.23,26.48,1617
-414.74,27.45,1629
-409.92,28.23,1641
-411.60,29.01,1652
-407.13,29.09,1665
-407.95,28.69,1676
-412.81,28.24,1688
-409.14,27.20,1699
-413.90,26.74,1712
-411.77,26.60,1723
-409.81,27.21,1735
-415.51,28.34,1746
-408.37,28.73,1758
-406.79,29.06,1770
-412.77,28.75,1781
-406.50,27.96,1794
-411.91,27.47,1805
-415.19,26.69,1817
-407.37,26.84,1828
-414.67,27.53,1841
-412.84,28.03,1852
-407.30,28.78,1864
-412.73,28.82,1875
-409.25,28.67,1888
-406.53,28.16,1899
-413.43,27.29,1910
-411.33,27.09,1923
-409.24,26.68,1934
-409.50,27.27,1946
-411.60,27.92,1957
-412.19,28.45,1970
-407.29,28.76,1981
-411.36,28.65,1993
-409.47,28.21,2004
-410.16,27.37,2017
-414.91,27.02,2028
-409.37,26.63,2040
-411.58,27.21,2052
-413.83,28.04,2063
-408.15,28.44,2075
-410.58,29.00,2086
-410.88,28.64,2099
-406.00,28.11,2110
-412.92,27.60,2122
-414.22,26.88,2134
-408.90,26.80,2146
-412.71,27.39,2157
-411.35,28.03,2169
-410.28,28.88,2181
-410.54,28.92,2193
-408.71,28.70,2204
-409.28,28.13,2216
-410.19,27.43,2228
-413.66,26.93,2239
-412.50,26.65,2251
-409.36,27.20,2263
-412.43,27.94,2275
-412.20,28.80,2286
-408.73,28.88,2298
-411.02,28.74,2310
-409.03,28.18,2322
-416.90,27.70,2333
-410.84,27.11,2345
-408.49,26.61,2357
-416.84,27.08,2369
-408.85,27.86,2380
-410.95,28.45,2392
-412.57,28.97,2404
-404.98,28.48,2415
-411.71,28.20,2427
-414.13,27.52,2439
-408.89,26.81,2451
-414.27,26.91,2462
-412.74,27.25,2475
-406.00,28.23,2486
-414.65,28.78,2498
-410.25,28.85,2509
-403.35,28.47,2522
-414.26,27.92,2533
-410.76,27.49,2544
-408.65,26.80,2556
-417.85,26.41,2568
-408.46,27.28,2580
-407.04,27.95,2591
-417.94,29.28,2604
-404.68,29.20,2615
-408.74,28.72,2627
-415.68,28.23,2638
-402.60,27.12,2651
-417.11,26.84,2662
-416.25,26.45,2674
-403.60,27.20,2685
-418.33,28.11,2697
-411.08,28.58,2709
-404.49,29.23,2720
-406.56,28.87,2733
-404.59,28.49,2744
-420.70,27.61,2756
-407.75,26.85,2767
-408.68,26.57,2780
-420.57,27.00,2791
-403.30,27.97,2803
-412.80,28.71,2814
-415.17,29.15,2827
-399.61,28.90,2838
-415.04,28.50,2849
-411.45,27.51,2862
-406.33,27.07,2873
-420.88,26.69,2885
-407.35,26.96,2896
-406.99,27.87,2909
-420.19,28.39,2920
-401.47,28.85,2932
-409.11,28.89,2944
-419.51,28.48,2956
-398.53,27.77,2967
-416.78,27.17,2979
-418.57,26.68,2991
-399.03,27.29,3002
-419.80,27.88,3014
-412.44,28.43,3025
-400.75,28.68,3038
-420.59,28.71,3049
-406.39,28.16,3061
-402.64,27.65,3073
-422.04,27.19,3085
-406.77,26.59,3096
-409.50,27.42,3108
-403.01,27.95,3120
-412.27,28.46,3132
-413.83,29.05,3143
-402.93,28.30,3154
-413.73,28.03,3167
-410.79,27.11,3178
-409.43,26.95,3190
-417.57,27.01,3202
-408.72,27.25,3214
-407.33,28.17,3225
-415.17,28.61,3237
-406.37,29.20,3249
-409.34,28.78,3261
-413.33,28.04,3272
-404.84,27.30,3284
-417.78,26.75,3296
-416.17,26.73,3307
-405.63,26.95,3319
-416.78,27.84,3331
-408.44,28.86,3343
-406.27,29.32,3354
-417.73,29.37,3366
-402.53,28.61,3378
-407.45,27.59,3390
-420.71,27.07,3401
-405.90,26.42,3414
-413.95,26.71,3425
-415.65,27.30,3437
-402.35,28.17,3448
-417.64,29.13,3460
-410.95,28.88,3472
-401.70,28.74,3483
-415.39,27.84,3495
-410.90,27.23,3507
-419.11,27.00,3519
-405.05,26.67,3530
-411.43,27.31,3543
-418.36,28.19,3554
-403.84,28.69,3566
-412.07,28.63,3577
-411.44,28.56,3590
-403.42,27.77,3601
-421.61,27.41,3613
-410.25,26.93,3624
-403.62,27.08,3636
-419.16,27.85,3648
-406.85,28.38,3659
-410.37,28.81,3672
-415.46,28.65,3683
-400.45,28.11,3695
-412.50,27.50,3706
-418.21,27.19,3719
-406.02,26.79,3730
-414.37,27.52,3742
-411.17,27.90,3753
-407.51,28.78,3766
-416.10,29.07,3777
-406.42,28.82,3788
-406.91,28.41,3801
-414.06,27.28,3812
-410.69,26.80,3824
-413.36,26.19,3835
-412.13,26.89,3848
-409.10,27.94,3859
-412.47,28.69,3871
-412.31,29.44,3883
-407.47,29.03,3895
-410.07,28.67,3906
-412.93,27.67,3918
-412.90,26.93,3930
-410.33,26.50,3941
-413.10,26.73,3953
-410.93,27.39,3964
-410.96,28.17,3977
-412.94,29.00,3988
-405.60,29.08,4000
-407.38,28.76,4012
-414.09,27.83,4024
-410.18,27.20,4035
-411.38,26.78,4047
-415.64,27.06,4059
-407.20,27.58,4071
-413.94,28.49,4082
-413.33,28.81,4093
-403.20,28.62,4106
-413.29,28.39,4117
-409.42,27.57,4129
-409.64,27.36,4141
-415.98,27.20,4153
-408.44,27.35,4164
-410.58,27.67,4176
-414.21,28.39,4188
-410.35,28.93,4200
-407.77,28.55,4211
-410.12,28.25,4224
-408.46,27.36,4235
-412.07,26.85,4246
-415.20,26.97,4258
-407.61,27.19,4270
-413.23,27.92,4282
-407.41,28.72,4293
-413.60,29.26,4305
-407.29,28.71,4317
-408.27,28.39,4329
-414.97,27.40,4340
-409.49,26.65,4353
-412.42,26.72,4364
-413.53,26.73,4376
-408.08,27.78,4387
-413.78,28.53,4399
-410.81,29.06,4411
-405.10,29.12,4422
-411.46,28.63,4434
-410.44,27.66,4446
-410.91,26.79,4458
-414.70,26.24,4469
-412.08,26.63,4482
-410.04,27.34,4493
-412.89,28.53,4505
-410.09,29.19,4516
-406.41,28.93,4529
-412.05,28.76,4540
-409.83,27.86,4551
-410.79,27.41,4563
-415.36,26.85,4575
-409.72,26.76,4587
-412.64,27.32,4598
-413.32,27.68,4611
-408.55,28.54,4622
-412.10,28.78,4634
-408.40,28.57,4645
-407.51,28.08,4658
-414.19,27.36,4669
-409.34,26.93,4681
-414.39,27.06,4692
-406.95,27.79,4704
-413.63,28.25,4716
-411.67,28.69,4727
-405.86,28.35,4740
-413.25,28.00,4751
-409.91,27.50,4763
-411.59,26.85,4774
-414.88,27.10,4787
-407.65,27.28,4798
-411.15,28.00,4810
-414.68,28.86,4822
-405.96,29.00,4834
-408.54,28.97,4845
-411.28,28.34,4857
-405.40,27.24,4869
-416.41,26.66,4880
-414.36,26.41,4892
-406.68,26.94,4903
-416.41,27.79,4916
-408.96,28.90,4927
-408.68,29.38,4939
-415.74,29.26,4951
-403.88,28.57,4963
-409.01,27.53,4974
-417.15,26.92,4986
-407.81,26.38,4998
-412.93,26.63,5010
-414.71,27.32,5021
-406.84,28.12,5032
-413.96,29.28,5045
-410.07,29.10,5056
-404.98,28.97,5068
-409.92,28.13,5080
-412.41,27.01,5092
-413.64,26.74,5103
-410.82,26.47,5115
-411.04,27.32,5127
-412.88,28.04,5139
-409.92,28.59,5150
-408.23,28.75,5163
-409.20,28.42,5174
-410.16,28.12,5185
-412.81,27.57,5197
-412.12,26.99,5209
-411.30,27.19,5221
-410.47,27.48,5232
-412.58,28.20,5244
-412.81,28.72,5256
-407.12,28.36,5268
-410.06,28.23,5279
-409.68,27.59,5292
-412.68,27.18,5303
-415.15,27.04,5315
-408.47,27.33,5326
-410.21,28.07,5338
-413.27,28.58,5350
-410.21,28.83,5361
-409.03,28.62,5373
-409.12,28.31,5385
-408.13,27.59,5397
-412.82,26.98,5408
-415.32,26.52,5421
-409.06,26.98,5432
-411.15,27.92,5444
-412.18,28.81,5455
-410.99,29.25,5468
-407.19,29.03,5479
-408.63,28.47,5490
-412.48,27.54,5502
-414.69,26.98,5514
-411.11,26.42,5526
-411.32,26.51,5537
-410.76,27.43,5550
-412.62,28.29,5561
-411.01,29.09,5573
-407.77,29.20,5584
-410.41,28.84,5597
-408.39,28.11,5608
-414.55,27.28,5620
-414.15,26.55,5632
-407.47,26.64,5643
-414.30,27.46,5655
-412.14,28.23,5666
-407.98,28.82,5679
-412.83,28.80,5690
-408.25,28.47,5702
-406.81,27.81,5713
-415.90,27.60,5726
-411.27,26.75,5737
-408.72,26.93,5749
-415.60,27.61,5761
-409.96,27.92,5773
-410.93,28.94,5784
-411.77,28.53,5795
-406.58,28.63,5808
-409.01,28.20,5819
-412.98,27.31,5831
-413.43,27.33,5842
-409.01,26.88,5855
-412.17,27.86,5866
-409.67,28.27,5878
-412.86,28.59,5890
-407.22,28.67,5902
-408.27,28.23,5913
-413.51,27.84,5925
-412.32,27.29,5937
-411.33,26.69,5948
-411.21,26.89,5960
-410.72,27.51,5971
-412.44,28.18,5984
-411.20,29.02,5995
-406.81,28.93,6007
-410.02,28.49,6019
-410.44,27.60,6031
-411.81,26.74,6042
-414.42,26.68,6054
-411.02,26.78,6066
-409.50,27.52,6078
-413.26,28.52,6089
-411.28,29.12,6100
-405.88,28.91,6113
-411.97,28.54,6124
-409.38,27.75,6136
-408.26,27.23,6148
-417.90,26.78,6160
-409.34,26.57,6171
-409.93,27.49,6183
-415.61,28.25,6195
-408.86,29.13,6207
-409.79,29.19,6218
-409.60,28.75,6231
-408.10,27.82,6242
-414.11,26.86,6253
-412.04,26.63,6265
-409.61,26.53,6277
-413.68,27.46,6289
-411.53,28.25,6300
-407.96,28.66,6312
-411.85,29.13,6324
-408.11,28.72,6336
-408.79,28.02,6347
-415.56,27.34,6360
-409.92,26.74,6371
-409.80,26.83,6383
-414.50,27.43,6394
-410.13,28.05,6407
-410.54,28.75,6418
-409.61,28.77,6429
-407.52,28.55,6441
-410.69,27.69,6453
-413.98,27.35,6465
-411.17,26.98,6476
-410.07,27.09,6489
-413.10,27.83,6500
-408.79,28.03,6512
-413.72,28.67,6523
-409.68,28.53,6536
-404.88,28.15,6547
-415.19,27.79,6559
-410.63,27.12,6571
-410.79,26.71,6582
-415.45,27.03,6594
-408.43,27.79,6605
-412.46,28.50,6618
-414.48,29.06,6629
-404.69,28.79,6641
-412.02,28.39,6652
-407.58,27.77,6665
-414.92,27.09,6676
-411.32,26.84,6688
-410.44,26.78,6700
-414.42,27.48,6712
-410.84,28.03,6723
-409.21,28.85,6734
-408.33,29.06,6747
-409.85,28.91,6758
-409.93,28.15,6770
-412.16,27.25,6781
-411.37,26.85,6794
-411.93,26.87,6805
-413.83,27.47,6817
-409.34,28.17,6829
-411.66,28.79,6841
-408.45,28.69,6852
-407.95,28.64,6864
-412.36,27.82,6876
-409.32,27.42,6887
-412.11,27.20,6899
-413.35,26.93,6910
-410.97,27.81,6923
-411.85,28.18,6934
-409.44,28.87,6946
-408.12,28.76,6958
-412.22,28.36,6970
-408.53,27.54,6981
-409.70,26.83,6993
-415.54,26.82,7005
-409.33,26.97,7017
-413.24,27.78,7028
-407.96,28.56,7040
-411.96,28.87,7052
-409.43,28.84,7063
-410.22,28.38,7075
-410.45,27.73,7087
-412.05,26.95,7099
-413.45,26.54,7110
-412.29,26.55,7122
-412.39,27.45,7134
-409.61,28.74,7146
-411.27,29.32,7157
-408.90,29.28,7170
-407.83,28.73,7181
-410.51,27.51,7192
-410.97,27.06,7204
-414.00,26.42,7216
-412.52,26.53,7228
-410.00,27.66,7239
-410.30,28.17,7251
-413.47,29.13,7263
-407.98,28.92,7275
-407.72,28.71,7286
-412.36,28.02,7299
-407.35,27.17,7310
-416.30,26.85,7322
-415.19,26.59,7333
-405.65,27.42,7345
-415.61,28.18,7357
-411.67,28.90,7368
-404.83,28.94,7380
-414.56,28.58,7392
-408.63,28.02,7404
-406.92,27.20,7415
-419.64,27.05,7428
-407.46,26.77,7439
-416.62,27.48,7451
-409.11,27.97,7462
-409.37,28.66,7475
-414.04,28.95,7486
-405.85,28.55,7497
-408.36,27.99,7510
-417.60,27.29,7521
-409.85,26.81,7533
-411.01,26.81,7544
-415.89,27.17,7557
-407.20,28.18,7568
-411.73,28.80,7580
-411.83,28.96,7591
-404.07,28.74,7604
-411.08,27.87,7615
-412.86,27.41,7627
-409.74,26.77,7639
-414.93,26.72,7650
-410.20,27.29,7662
-407.67,28.05,7673
-417.40,29.06,7686
-406.66,29.10,7697
-406.79,28.81,7709
-414.41,27.99,7720
-405.53,27.17,7733
-415.49,26.81,7744
-416.46,26.63,7756
-404.76,27.37,7768
-413.78,28.17,7780
-413.55,28.87,7791
-405.63,28.95,7802
-410.82,28.59,7815
-406.99,28.00,7826
-416.59,27.20,7838
-413.68,26.74,7849
-407.15,26.72,7862
-413.00,27.39,7873
-411.06,28.39,7885
-408.78,28.76,7897
-411.25,28.66,7909
-406.03,28.57,7920
-410.69,27.73,7932
-416.37,27.43,7944
-408.13,26.77,7956
-412.73,26.80,7967
-412.22,27.56,7979
-408.13,28.16,7991
-416.04,28.95,8002
-406.76,28.68,8014
-405.72,28.57,8026
-414.13,27.79,8038
-411.38,27.16,8049
-411.10,26.95,8061
-413.00,26.64,8073
-411.36,27.44,8085
-408.93,28.14,8096
-415.97,28.93,8109
-406.80,28.79,8120
-405.69,28.70,8131
-415.43,28.03,8143
-406.25,27.11,8155
-414.08,27.00,8167
-414.21,26.54,8178
-407.17,27.42,8190
-414.73,28.04,8202
-407.13,28.94,8214
-409.43,28.92,8225
-411.08,28.57,8238
-408.19,27.84,8249
-414.34,27.13,8261
-412.80,26.86,8272
-407.91,26.62,8284
-414.91,27.33,8296
-411.83,28.20,8307
-407.67,28.73,8320
-410.81,29.05,8331
-410.00,28.89,8343
-407.40,28.20,8354
-412.31,27.33,8367
-412.84,26.82,8378
-408.71,26.73,8390
-414.33,27.24,8401
-412.38,27.97,8414
-408.53,28.75,8425
-409.97,29.00,8436
-409.00,28.79,8449
-409.23,27.99,8460
-411.57,27.14,8472
-412.07,26.96,8483
-412.44,26.58,8496
-412.60,27.36,8507
-409.92,27.99,8519
-411.68,28.88,8530
-409.24,29.22,8543
-408.37,28.80,8554
-411.99,28.30,8566
-406.85,27.24,8578
-412.59,26.89,8589
-415.35,26.78,8601
-413.92,27.26,8612
-409.50,28.27,8625
-407.84,28.80,8636
-411.84,28.97,8648
-407.69,28.75,8659
-408.51,28.04,8672
-413.26,27.26,8683
-411.40,26.83,8695
-411.98,26.61,8707
-413.64,27.48,8719
-407.61,27.87,8730
-411.71,28.62,8741
-411.84,28.76,8754
-405.30,28.61,8765
-411.60,28.27,8777
-410.91,27.39,8788
-409.76,27.01,8801
-414.94,26.95,8812
-409.33,27.51,8824
-409.28,28.04,8836
-415.92,28.64,8848
-406.89,28.48,8859
-409.61,28.45,8871
-411.41,27.93,8883
-406.71,27.20,8894
-417.18,27.29,8906
-411.14,26.98,8918
-407.95,27.71,8930
-414.24,28.21,8941
-409.04,28.56,8953
-410.71,29.03,8965
-411.63,28.17,8977
-405.61,27.88,8988
-416.93,27.02,9000
-409.52,26.65,9012
-411.90,27.11,9024
-414.84,27.49,9035
-406.40,28.47,9047
-414.25,29.01,9059
-409.00,29.21,9070
-403.86,28.80,9082
-414.80,27.96,9094
-411.85,27.35,9106
-411.96,26.75,9117
-414.29,26.49,9129
-408.59,27.16,9141
-412.22,27.88,9153
-412.12,29.10,9164
-406.52,29.42,9177
-409.88,29.15,9188
-408.93,28.44,9200
-409.19,27.36,9211
-415.93,26.62,9223
-410.06,26.32,9235
-410.27,27.20,9246
-414.54,27.77,9259
-409.28,28.88,9270
-410.82,29.24,9282
-409.92,28.77,9293
-406.35,28.60,9306
-412.91,27.47,9317
-413.63,26.87,9329
-408.78,26.59,9340
-413.92,26.96,9353
-412.33,27.99,9364
-409.25,28.69,9375
23.56,28.90,9388
10579.44,28.66,9399
-412.66,28.14,9411
-411.58,27.32,9422
-411.98,26.77,9435
-412.01,26.82,9446
-410.40,27.44,9458
-410.74,28.41,9469
-411.32,28.84,9482
-407.32,28.78,9493
-408.81,28.50,9505
-410.48,27.89,9517
-410.98,27.26,9528
-414.77,26.86,9540
-409.57,26.69,9551
-411.57,27.33,9564
-415.07,28.18,9575
-408.88,28.98,9587
-409.06,29.06,9598
-409.95,28.87,9611
-408.40,28.21,9622
-412.12,27.33,9634
-413.69,26.83,9646
-409.91,26.50,9658
-412.60,27.13,9669
-412.90,28.01,9680
-410.07,28.88,9693
-409.57,29.06,9704
-410.21,28.69,9716
-410.11,28.19,9728
-410.31,27.36,9740
-412.91,26.90,9751
-412.00,26.79,9763
-411.62,27.05,9775
-412.09,28.03,9787
-409.31,28.56,9798
-409.24,29.02,9810
-411.48,28.95,9822
-408.14,28.13,9833
-412.63,27.52,9845
-413.54,26.95,9857
-410.03,26.68,9869
-414.61,27.29,9880
-410.60,27.98,9892
-408.41,28.82,9904
-411.74,29.24,9916
-408.88,28.81,9927
-408.80,28.23,9939
-411.81,27.46,9951
-411.50,26.91,9963
-411.02,26.68,9974
-412.66,27.35,9986
-411.10,27.75,9998
-410.05,28.51,10009
-410.72,28.89,10021
-410.11,28.60,10033
-409.05,28.36,10045
-409.58,27.57,10056
-412.61,26.98,10068
-412.88,26.88,10080
-413.75,27.24,10092
-409.58,27.81,10103
-411.16,28.53,10116
-413.09,28.73,10127
-407.52,28.43,10138
-411.01,27.98,10150
-410.08,27.36,10162
-414.52,27.07,10174
-412.23,27.02,10185
-408.43,27.47,10198
-411.41,28.09,10209
-410.32,28.87,10221
-407.16,28.98,10232
-412.47,28.67,10245
-406.36,27.99,10256
-409.34,27.17,10268
-418.04,26.77,10279
-406.79,26.63,10291
-412.66,27.42,10303
-413.91,28.19,10314
-405.64,29.01,10327
-414.81,29.21,10338
-408.85,28.90,10350
-403.70,28.20,10361
-415.07,27.30,10374
-412.34,26.90,10385
-410.75,26.32,10397
-415.82,26.97,10408
-407.04,27.71,10421
-411.98,28.68,10432
-414.12,29.23,10443
-403.01,28.63,10456
-410.47,28.50,10467
-409.85,27.46,10479
-409.26,27.12,10490
-416.99,26.82,10503
-409.92,26.67,10514
-409.00,27.88,10526
-414.81,28.35,10537
-409.02,28.67,10550
-409.62,28.97,10561
-405.50,28.25,10573
-414.62,27.90,10585
-412.86,27.25,10597
-408.91,26.63,10608
-414.73,27.15,10619
-408.03,27.65,10632
-413.04,28.40,10643
-411.67,28.73,10655
-404.47,28.23,10667
-411.37,28.17,10679
-409.28,27.64,10690
-413.95,27.43,10702
-413.86,27.09,10714
-406.13,27.37,10726
-412.86,27.93,10737
-412.34,28.43,10749
-407.65,28.83,10761
-410.61,28.54,10772
-408.79,28.07,10784
-408.74,27.31,10796
-416.31,26.88,10808
-412.03,26.68,10819
-409.83,27.30,10831
-412.93,28.21,10843
-409.06,28.97,10855
-411.05,29.32,10866
-408.76,28.75,10878
-407.12,28.21,10890
-412.58,27.02,10902
-412.42,26.46,10913
-413.47,26.39,10925
-413.88,26.83,10937
-408.15,28.14,10948
-414.34,28.95,10960
-404.47,29.63,10972
-410.51,29.41,10984
-409.07,28.48,10995
-407.75,27.56,11008
-419.11,26.48,11019
-409.49,26.00,11031
-409.61,26.51,11042
-416.34,27.39,11055
-406.69,28.60,11066
-411.55,29.43,11077
-410.58,29.46,11089
-403.16,28.99,11101
-413.78,27.91,11113
-415.47,27.39,11124
-406.77,26.68,11137
-414.69,26.74,11148
-411.88,27.17,11160
-407.38,27.86,11171
-417.07,28.72,11184
-405.38,28.76,11195
-404.06,28.73,11207
-416.66,28.05,11218
-408.56,27.60,11230
-412.44,27.21,11242
-415.36,27.03,11253
-405.85,27.56,11266
-414.74,28.28,11277
-413.83,28.51,11289
-404.76,28.42,11300
-412.97,27.82,11313
-409.20,27.62,11324
-410.25,27.28,11336
-406.87,27.20,11347
-411.00,27.42,11360
-414.88,28.07,11371
-407.12,28.56,11382
-411.54,28.76,11395
-410.39,28.63,11406
-405.85,27.90,11418
-415.15,27.20,11429
-413.06,26.73,11442
-408.19,26.46,11453
-414.99,27.14,11465
-411.51,27.99,11476
-408.89,28.96,11489
-410.64,29.28,11500
-407.32,28.94,11512
-410.09,28.41,11524
-411.25,27.41,11535
-411.80,26.77,11547
-412.12,26.32,11558
-409.93,26.63,11571
-413.05,27.72,11582
-411.91,28.50,11594
-408.39,29.14,11606
-410.54,29.29,11618
-408.50,28.70,11629
-407.36,27.92,11641
-414.75,27.03,11653
-411.01,26.23,11665
-409.45,26.67,11676
-415.06,27.33,11687
-410.33,28.14,11700
-410.61,29.02,11711
-409.39,29.02,11723
-406.49,28.63,11735
-411.56,28.02,11747
-412.03,27.32,11758
-411.45,26.78,11770
-412.38,26.93,11782
-412.27,27.37,11794
-410.26,28.14,11805
-409.44,28.81,11817
-410.31,28.89,11829
-409.03,28.46,11840
-408.89,27.83,11852
-413.35,27.51,11864
-410.82,26.76,11876
-411.79,27.20,11887
-413.01,27.51,11899
-410.97,28.18,11911
-409.42,29.03,11923
-409.13,28.66,11934
-409.99,28.42,11947
-408.36,27.45,11958
-413.94,27.13,11970
-411.88,26.81,11981
-409.41,26.96,11993
-415.15,27.80,12005
-407.29,28.38,12016
-410.05,29.09,12028
-411.93,28.83,12040
-405.48,28.34,12052
-411.93,27.59,12063
-412.37,26.87,12076
-409.53,26.57,12087
-414.55,26.84,12099
-411.78,27.69,12110
-407.67,28.65,12123
-410.13,29.29,12134
-406.34,29.13,12145
-412.85,28.58,12157
-409.99,27.58,12169
-411.06,26.83,12181
-417.13,26.51,12192
-409.77,26.70,12205
-409.62,27.37,12216
-415.68,28.26,12228
-408.01,28.97,12239
-409.00,29.01,12252
-413.15,28.97,12263
-403.47,28.22,12275
-413.99,27.33,12286
-417.05,26.55,12298
-406.74,26.38,12310
-414.57,27.12,12321
-411.09,28.14,12334
-408.26,28.92,12345
-414.13,28.87,12357
-406.25,28.65,12368
-406.54,28.03,12381
-415.34,27.48,12392
-411.39,27.06,12404
-411.80,26.75,12416
-414.22,27.38,12428
-406.42,27.85,12439
-415.46,28.37,12450
-412.81,28.65,12463
-403.12,28.38,12474
-414.17,28.07,12486
-410.13,27.33,12497
-409.70,26.86,12510
-417.72,26.97,12521
-408.28,27.77,12533
-416.92,28.73,12545
-405.50,29.04,12557
-408.87,28.64,12568
-414.39,28.24,12580
-404.91,27.20,12592
-416.62,26.89,12603
-414.68,26.89,12615
-404.71,27.23,12626
-415.33,28.02,12639
-411.08,28.74,12650
-407.39,29.32,12662
-412.96,28.97,12674
-406.52,28.57,12686
-409.61,27.45,12697
-416.93,26.69,12709
-410.99,26.32,12721
-411.33,26.49,12733
-413.58,27.63,12744
-408.34,28.58,12755
-411.84,29.47,12768
-410.45,29.31,12779
-405.75,28.81,12791
-410.69,28.00,12803
-412.15,27.20,12815
-411.30,26.71,12826
-412.43,26.32,12838
-412.56,27.05,12850
-409.24,27.74,12862
-414.39,28.77,12873
-410.97,29.12,12886
-404.69,28.89,12897
-411.03,28.62,12909
-412.97,27.42,12920
-414.62,26.70,12932
-408.46,26.55,12944
-412.27,27.06,12955
-413.04,27.98,12967
-410.13,28.49,12979
-408.95,28.52,12991
-409.60,28.57,13002
-408.71,28.20,13015
-413.72,27.61,13026
-413.08,27.17,13038
-407.75,26.98,13049
-414.58,27.53,13062
-410.40,27.85,13073
-410.66,28.39,13084
-411.52,28.69,13096
-403.83,28.48,13108
-412.98,27.78,13120
-415.07,27.01,13131
-407.43,26.78,13144
-414.72,27.13,13155
-411.56,28.10,13167
-406.51,28.46,13178
-416.13,28.95,13191
-407.27,28.70,13202
-403.95,28.20,13214
-416.33,27.72,13225
-409.22,26.96,13237
-411.17,26.63,13249
-415.88,26.72,13260
-407.49,27.40,13273
-411.20,28.52,13284
-415.47,29.03,13296
-407.15,29.27,13307
-412.00,28.69,13320
-409.28,27.83,13331
-413.26,26.97,13343
-413.79,26.39,13355
-409.80,26.44,13367
-412.03,27.16,13378
-412.77,28.17,13389
-410.10,28.86,13402
-408.17,28.93,13413
-410.82,28.97,13425
-410.61,28.31,13436
-409.98,27.71,13449
-413.47,27.11,13460
-411.38,26.29,13472
-411.64,26.96,13484
-414.96,27.68,13496
-408.89,28.58,13507
-405.87,28.68,13519
-412.91,28.77,13531
-407.45,28.13,13542
-409.51,27.42,13554
-417.99,27.24,13565
-406.76,26.71,13578
-414.38,27.50,13589
-415.37,28.01,13601
-405.38,28.38,13613
-414.23,28.59,13625
-410.72,28.22,13636
-406.81,28.05,13648
-414.34,27.29,13660
-410.69,27.09,13672
-410.24,27.21,13683
-416.14,27.43,13694
-409.37,28.33,13707
-413.80,28.79,13718
-406.89,28.80,13730
-410.30,28.56,13742
-412.09,27.69,13754
-408.75,26.96,13765
-414.74,26.74,13777
-414.32,26.89,13789
-407.85,27.85,13801
-412.42,28.35,13812
-412.89,29.05,13825
-404.15,29.16,13836
-414.30,28.68,13847
-409.38,27.88,13859
-404.32,26.95,13871
-421.86,26.61,13883
-410.32,26.42,13894
-406.60,27.03,13906
-419.41,28.28,13918
-404.36,28.92,13930
-408.25,29.41,13941
-417.92,29.12,13954
-399.07,28.06,13965
-411.95,27.30,13977
-422.20,26.74,13988
-402.32,26.39,14000
-415.69,27.15,14012
-414.53,27.79,14023
-402.13,28.76,14035
-419.27,29.29,14047
-408.28,29.00,14059
-401.70,28.39,14070
-417.03,27.70,14083
-411.55,26.98,14094
-417.27,26.92,14106
-404.05,27.08,14117
-413.80,27.80,14130
-414.99,28.75,14141
-402.56,28.93,14153
-414.77,28.85,14164
-408.41,28.08,14176
-408.76,27.70,14188
-421.21,27.34,14199
-406.38,26.84,14212
-408.83,27.62,14223
-417.33,28.05,14235
-406.84,28.69,14246
-411.29,28.63,14259
-411.67,28.19,14270
-403.15,27.90,14282
-414.84,27.40,14294
-417.27,27.08,14306
-406.57,26.74,14317
-412.80,27.49,14328
-410.68,28.35,14341
-409.81,29.17,14352
-413.61,29.22,14364
-406.86,28.34,14375
-408.37,27.82,14388
-411.60,27.21,14399
-411.91,26.90,14411
-414.95,26.73,14423
-409.08,27.20,14435
-408.22,28.17,14446
-416.75,29.18,14458
-407.51,29.42,14470
-406.58,29.07,14481
-402.71,28.38,14493
-415.84,27.42,14504
-417.92,26.63,14517
-401.64,26.11,14528
-417.13,26.88,14540
-413.17,28.20,14552
-405.05,28.98,14564
-415.52,29.28,14575
-404.00,28.98,14587
-405.60,28.19,14599
-419.45,27.59,14611
-408.20,27.03,14622
-410.66,26.48,14633
-416.78,26.99,14646
-405.55,27.58,14657
-416.13,28.43,14669
-410.76,28.95,14681
-402.58,28.88,14693
-415.87,28.52,14704
-407.96,27.45,14716
-409.50,27.24,14728
-418.64,26.59,14740
-406.39,27.12,14751
-410.64,27.83,14764
-418.24,28.08,14775
-403.03,28.47,14786
-410.23,28.44,14798
-416.01,28.28,14810
-400.98,27.74,14822
-416.77,27.41,14833
-415.22,27.16,14845
-401.73,27.43,14857
-418.35,28.09,14869
-405.30,28.58,14880
-415.48,28.62,14893
-405.75,28.53,14904
-407.50,27.71,14916
-417.98,27.29,14927
-410.54,27.05,14939
-411.65,26.84,14951
-414.01,27.60,14962
-407.20,28.22,14974
-413.04,28.81,14986
-409.66,29.12,14998
-406.96,28.70,15009
-412.36,28.05,15022
-409.18,27.03,15033
-415.08,26.76,15045
-413.83,26.39,15056
-408.29,27.28,15069
-413.99,28.16,15080
-410.36,28.87,15091
-407.17,29.53,15104
-410.97,29.00,15115
-406.84,28.50,15127
-409.63,27.42,15138
-415.79,26.75,15151
-408.77,26.36,15162
-412.30,26.79,15174
-413.30,27.71,15185
-408.21,28.50,15198
-415.36,29.25,15209
-407.05,29.03,15221
-405.37,28.58,15233
-415.26,27.92,15244
-407.26,26.94,15256
-417.25,26.81,15267
-404.35,26.78,15280
-415.96,27.46,15291
-415.82,28.16,15303
-401.21,28.48,15314
-414.49,28.68,15327
-409.48,28.33,15338
-404.13,27.90,15350
-420.98,27.57,15362
-408.15,27.10,15374
-406.08,27.40,15385
-419.50,27.87,15396
-406.36,28.21,15409
-408.33,28.51,15420
-415.13,28.28,15432
-402.78,28.01,15443
-412.65,27.37,15456
-418.11,27.21,15467
-404.09,27.11,15479
-413.99,27.45,15491
-415.01,28.49,15503
-403.21,28.89,15514
-415.65,29.03,15526
-409.13,28.52,15538
-402.10,27.75,15549
-418.91,26.95,15561
-408.41,26.61,15572
-408.83,26.70,15585
-419.77,27.11,15596
-403.97,27.96,15608
-412.29,29.01,15620
-416.06,29.46,15632
-399.37,29.26,15643
-413.65,28.47,15655
-406.04,27.37,15667
-418.26,26.76,15679
-409.97,26.41,15690
-408.81,26.93,15703
-416.39,27.80,15714
-407.26,28.53,15725
-408.15,29.20,15737
-413.78,29.16,15749
-405.88,28.62,15761
-411.63,27.71,15772
-417.43,26.96,15784
-406.20,26.54,15796
-413.81,26.87,15808
-415.44,27.32,15819
-405.82,28.23,15832
-413.26,28.74,15843
-411.07,29.01,15855
-405.47,28.70,15866
-413.64,27.76,15878
-411.23,27.40,15890
-409.62,26.90,15901
-415.13,27.22,15913
-409.34,27.64,15925
-410.21,28.08,15937
-412.32,28.57,15948
-407.07,28.10,15961
-412.23,27.78,15972
-407.87,27.57,15984
-410.40,27.19,15995
-416.23,27.08,16008
-407.63,27.41,16019
-411.50,27.92,16030
-412.37,28.68,16043
-411.57,29.00,16054
-411.18,28.79,16066
-405.30,27.97,16077
-413.72,27.26,16090
-415.22,26.95,16101
-407.99,26.59,16113
-415.37,27.23,16124
-409.72,27.96,16137
-407.01,28.67,16148
-416.17,29.34,16160
-406.62,28.76,16172
-406.82,28.28,16183
-413.57,27.50,16195
-410.13,26.89,16206
-414.09,26.42,16219
-412.96,26.82,16230
-406.59,27.48,16242
-413.62,28.50,16253
-410.98,29.47,16266
-407.69,29.17,16277
-410.87,28.87,16289
-406.06,27.71,16301
-413.73,27.20,16313
-414.78,26.57,16324
-409.18,26.68,16335
-413.86,27.71,16348
-409.10,28.26,16359
-412.52,29.00,16371
-412.15,28.86,16382
-404.82,28.61,16395
-410.54,28.01,16406
-413.35,27.26,16418
-410.25,27.01,16430
-411.96,27.08,16442
-408.00,27.53,16453
-415.72,28.40,16465
-410.48,28.73,16477
-403.94,28.68,16488
-414.53,28.29,16500
-408.50,27.57,16512
-412.53,27.33,16524
-416.44,27.07,16535
-404.52,27.44,16547
-412.82,27.94,16559
-415.47,28.41,16571
-404.79,28.75,16582
-413.00,28.22,16594
-409.52,28.16,16606
-405.85,27.38,16618
-419.99,26.99,16629
-410.01,26.85,16641
-406.72,26.89,16653
-417.74,28.00,16664
-407.19,28.90,16676
-410.86,29.22,16688
-413.64,28.96,16700
-403.33,28.33,16711
-411.56,27.24,16723
-414.63,26.81,16735
-408.68,26.38,16747
-414.59,26.77,16758
-412.56,27.83,16771
-407.81,28.51,16782
-416.40,29.25,16793
-407.58,29.06,16805
-405.41,28.52,16817
-414.93,27.88,16829
-414.87,26.84,16840
-415.69,26.34,16852
-404.91,26.65,16864
-415.57,27.40,16876
-412.52,28.42,16887
-404.42,28.97,16900
-413.30,29.04,16911
-407.93,28.80,16923
-407.65,28.06,16934
-418.71,27.36,16946
-408.30,26.67,16958
-408.94,26.88,16969
-418.05,27.28,16982
-408.72,27.94,16993
-410.62,28.56,17005
-411.58,28.56,17016
-404.21,28.61,17029
-412.53,27.88,17040
-414.10,27.47,17052
-407.09,27.12,17063
-415.00,26.99,17076
-411.39,27.81,17087
-408.46,28.13,17099
-415.88,28.73,17111
-405.04,28.59,17122
-409.04,28.36,17134
-414.79,27.89,17145
-405.02,27.23,17158
-416.14,27.23,17169
-412.56,27.18,17181
-406.49,27.99,17192
-416.89,28.72,17205
-407.18,29.00,17216
-414.82,28.87,17228
-406.12,28.31,17240
-411.25,27.35,17252
-416.60,27.01,17263
-407.23,26.43,17274
-414.45,26.89,17287
-412.59,27.84,17298
-407.13,28.77,17310
-412.94,29.25,17321
-406.61,29.08,17334
-409.88,28.62,17345
-412.59,27.79,17357
-408.70,26.98,17369
-415.92,26.49,17381
-412.36,26.62,17392
-408.23,27.30,17404
-415.29,28.03,17416
-407.76,28.89,17427
-406.51,29.04,17439
-414.97,28.93,17451
-403.15,28.13,17463
-410.59,27.36,17474
-419.44,26.79,17486
-403.35,26.60,17498
-414.77,27.52,17510
-415.90,27.95,17521
-403.21,28.53,17533
-417.26,28.77,17545
-409.71,28.42,17557
-401.62,28.05,17568
-419.68,27.57,17580
-410.19,26.89,17592
-407.31,27.08,17603
-420.63,27.71,17615
-411.15,28.29,17627
-416.92,28.68,17639
-401.51,28.59,17650
-413.81,28.10,17662
-412.47,27.45,17674
-406.35,27.19,17686
-418.98,26.75,17697
-409.31,27.11,17710
-406.61,27.82,17721
-417.60,28.33,17732
-406.22,29.14,17744
-409.49,28.91,17756
-415.28,28.38,17768
-401.58,27.49,17779
-416.75,26.80,17792
-418.66,26.50,17803
-402.41,26.62,17815
-417.84,27.77,17826
-411.56,28.57,17839
-403.79,29.35,17850
-419.02,29.21,17862
-404.36,28.59,17873
-403.85,27.94,17885
-422.05,27.01,17897
-408.29,26.45,17908
-410.54,26.43,17921
-417.13,27.16,17932
-403.71,28.12,17944
-415.39,28.90,17955
-412.67,29.10,17968
-401.50,28.78,17979
-413.23,27.98,17991
-409.97,27.39,18002
-417.42,26.84,18015
-406.20,26.70,18026
-410.17,27.37,18037
-417.21,28.08,18050
-405.97,28.55,18061
-409.51,28.81,18073
-412.28,28.50,18084
-403.00,28.06,18097
-418.74,27.63,18108
-413.45,27.07,18120
-402.10,27.15,18131
-419.48,27.68,18144
-410.00,28.01,18155
-407.89,28.62,18167
-416.39,28.51,18179
-402.51,28.24,18191
-409.82,27.72,18202
-417.42,27.21,18213
-408.31,27.24,18226
-412.51,27.07,18237
-412.76,28.01,18249
-408.15,28.26,18260
-414.07,28.70,18273
-407.91,28.71,18284
-406.61,28.25,18296
-413.43,27.74,18308
-408.43,27.10,18320
-413.46,26.76,18331
-412.76,26.58,18343
-407.38,27.70,18355
-414.86,28.70,18366
-410.64,29.31,18378
-406.66,29.43,18390
-406.53,28.53,18402
-409.40,27.49,18413
-419.10,26.86,18425
-407.12,26.38,18437
-411.72,26.63,18449
-418.06,27.40,18460
-403.05,28.33,18472
-414.36,29.21,18484
-411.80,29.29,18496
-399.53,28.82,18507
-418.83,28.05,18519
-412.07,27.27,18531
-405.60,26.49,18542
-422.32,26.38,18554
-407.23,27.21,18566
-407.26,27.88,18578
-420.68,29.08,18589
-401.09,29.14,18601
-409.41,28.60,18613
-416.96,28.33,18625
-401.12,27.26,18636
-418.31,27.01,18649
-415.53,26.85,18660
-402.27,27.11,18671
-419.63,28.05,18683
-409.63,28.56,18695
-404.19,28.82,18707
-418.24,28.65,18718
-403.37,28.12,18731
-407.67,27.58,18742
-422.35,27.07,18754
-402.89,27.03,18765
-413.31,27.37,18778
-419.14,28.18,18789
-418.15,28.60,18801
-411.80,28.63,18812
-398.63,28.37,18824
-419.82,27.92,18836
-409.14,27.42,18847
-407.00,26.96,18860
-422.70,27.01,18871
-403.71,27.30,18883
-410.68,28.17,18894
-418.07,28.81,18907
-401.38,28.85,18918
-414.26,28.79,18930
-411.46,27.93,18941
-403.74,27.12,18954
-420.42,26.90,18965
-409.34,26.50,18976
-407.32,27.50,18989
-417.97,28.16,19000
-405.33,28.92,19012
-410.15,29.23,19023
-415.11,28.81,19036
-400.04,28.18,19047
-414.56,27.13,19059
-418.21,26.61,19070
-403.90,26.52,19083
-418.22,27.28,19094
-410.20,28.24,19106
-405.30,28.85,19118
-420.62,29.26,19130
-403.18,28.93,19141
-405.72,28.09,19152
-417.87,27.34,19165
-405.47,26.69,19176
-414.62,26.67,19188
-401.66,27.12,19200
-419.67,27.86,19212
-410.70,28.75,19223
-401.79,28.91,19235
-417.39,28.89,19247
-403.93,28.28,19259
-412.00,27.62,19270
-421.27,26.95,19282
-403.78,26.69,19294
-413.48,27.19,19305
-415.37,27.88,19317
-404.79,28.50,19329
-414.19,28.84,19341
-408.50,28.68,19352
-404.09,28.24,19364
-418.26,27.44,19376
-411.70,26.98,19388
-407.78,26.57,19399
-417.44,27.26,19411
-407.09,28.02,19423
-412.25,28.74,19435
-415.45,29.11,19446
-401.57,28.63,19458
-411.69,28.07,19470
-413.57,27.29,19481
-408.67,26.83,19493
-417.17,26.75,19505
-409.11,26.99,19517
-407.18,28.10,19528
-417.91,28.92,19540
-406.26,28.97,19552
-408.28,28.85,19564
-414.06,28.06,19575
-417.29,27.37,19588
-416.15,26.86,19599
-402.31,26.72,19610
-418.01,27.16,19622
-411.08,27.99,19634
-406.31,28.79,19646
-416.78,29.16,19657
-402.92,28.80,19670
-407.14,28.07,19681
-419.58,27.38,19693
-406.59,26.87,19704
-411.61,26.61,19717
-415.66,27.26,19728
-404.68,27.88,19740
-416.60,28.66,19751
-412.95,28.97,19763
-400.47,28.58,19775
-414.15,28.52,19786
-411.73,27.56,19799
-408.83,27.09,19810
-417.30,26.72,19822
-405.61,27.17,19833
-410.92,28.03,19846
-419.11,28.43,19857
-404.25,28.74,19869
-410.39,28.58,19880
-410.13,27.97,19893
-406.14,27.52,19904
-420.03,27.07,19915
-408.20,26.95,19928
-407.24,27.52,19939
-417.89,28.08,19951
-408.33,28.58,19962
-408.83,28.59,19975
-402.63,28.47,19986
-416.56,28.27,19998
-413.34,27.62,20009
-408.88,26.82,20022
-414.74,26.66,20033
-408.86,27.28,20045
-410.75,28.18,20057
-418.96,28.99,20068
-401.51,28.98,20080
-407.57,28.83,20091
-417.04,28.24,20104
-404.84,27.33,20115
-417.87,26.74,20127
-413.28,26.46,20139
-403.86,27.28,20151
-420.48,28.17,20162
-409.77,28.76,20174
-403.92,29.02,20186
-414.50,28.66,20198
-404.39,28.26,20209
-411.80,27.21,20221
-417.32,26.57,20233
-404.23,26.49,20244
-413.59,27.15,20256
-415.67,27.98,20268
-406.60,28.53,20280
-412.76,29.03,20291
-407.40,29.07,20303
-404.42,28.67,20315
-416.80,27.75,20327
-410.70,26.81,20338
-408.28,26.46,20350
-409.27,26.94,20362
-412.38,27.48,20374
-415.33,28.45,20385
-403.80,28.64,20397
-410.23,28.80,20409
-412.86,28.50,20420
-407.81,27.59,20432
-414.01,27.43,20444
-410.48,26.96,20456
-411.30,27.35,20467
-413.99,27.75,20480
-409.43,28.10,20491
-410.49,28.53,20503
-409.65,28.41,20514
-408.11,28.20,20527
-412.83,27.55,20538
-411.50,27.24,20549
-409.72,27.07,20561
-415.10,27.47,20573
-409.57,28.18,20585
-409.51,28.62,20596
-413.60,28.77,20609
-405.71,28.28,20620
-410.79,28.02,20632
-415.00,27.25,20643
-408.50,26.82,20656
-412.86,26.90,20667
-413.69,27.28,20679
-407.84,28.29,20690
-412.06,28.88,20702
-411.48,29.13,20714
-405.27,28.76,20725
-410.87,28.15,20738
-410.54,27.32,20749
-415.03,26.77,20761
-412.10,26.21,20772
-410.42,26.91,20785
-412.34,27.69,20796
-409.94,28.79,20808
-409.33,29.25,20819
-408.79,29.15,20832
-409.05,28.70,20843
-411.84,27.59,20854
-411.74,26.90,20867
-412.07,26.64,20878
-413.77,26.95,20890
-409.96,27.65,20901
-410.97,28.38,20914
-412.09,28.91,20925
-407.91,28.88,20937
-409.06,28.66,20948
-411.63,27.88,20961
-409.66,27.33,20972
-414.35,26.86,20984
-414.31,27.00,20996
-406.94,27.66,21007
-412.38,28.23,21019
-412.41,28.81,21030
-406.75,28.62,21043
-411.68,28.12,21054
-409.39,27.39,21066
-409.42,27.20,21078
-414.91,27.18,21090
-412.14,27.47,21101
-408.48,27.91,21113
-410.54,28.45,21125
-412.47,28.64,21137
-410.32,28.46,21148
-409.04,28.00,21159
-408.85,27.34,21172
-417.03,26.81,21183
-411.79,26.67,21195
-408.11,27.23,21207
-413.75,27.93,21219
-410.67,29.10,21230
-410.52,29.25,21242
-411.91,28.65,21254
-405.61,28.03,21266
-410.40,26.90,21277
-418.42,26.59,21289
-410.10,26.43,21301
-409.38,26.85,21312
-413.42,27.90,21324
-409.02,28.73,21336
-412.30,29.28,21348
-410.56,29.09,21359
-403.61,28.61,21371
-409.89,27.46,21383
-415.97,26.75,21395
-409.52,26.25,21406
-413.48,26.44,21419
-410.80,27.61,21430
-407.68,28.49,21442
-417.61,29.21,21453
-406.06,29.03,21466
-405.70,28.64,21477
-413.43,28.08,21488
-407.19,27.22,21500
-416.44,26.67,21512
-413.51,26.91,21524
-405.00,27.35,21535
-412.41,28.13,21548
-405.82,28.59,21559
-413.71,28.78,21571
-406.97,28.43,21582
-408.45,27.85,21595
-419.42,27.20,21606
-408.38,27.15,21618
-408.02,27.20,21629
-415.10,28.25,21641
-410.31,28.50,21653
-408.60,28.89,21664
-412.39,28.47,21677
-406.83,28.08,21688
-410.10,27.34,21700
-417.35,27.20,21711
-409.35,26.76,21724
-410.70,27.16,21735
-413.82,28.30,21747
-408.99,28.75,21758
-413.18,29.26,21771
-408.18,29.02,21782
-405.27,28.01,21793
-412.45,27.60,21806
-411.93,26.58,21817
-413.74,26.48,21829
-410.28,26.84,21840
-408.88,27.89,21853
-414.91,28.79,21864
-410.30,29.01,21876
-408.22,29.20,21888
-408.60,28.48,21900
-406.21,27.76,21911
-414.05,27.10,21923
-410.38,26.29,21935
-411.62,26.71,21946
-411.07,27.39,21958
-414.59,28.14,21969
-408.03,29.06,21982
-405.87,28.97,21993
-412.51,29.02,22005
-410.04,27.92,22017
-412.47,27.25,22029
-412.84,26.98,22040
-407.15,26.78,22052
-412.32,27.61,22064
-415.47,28.12,22076
-407.05,28.52,22087
-405.59,28.50,22098
-412.87,28.39,22111
-409.30,27.94,22122
-411.43,27.37,22134
-414.16,27.21,22146
-406.20,27.06,22158
-412.70,27.74,22169
-417.09,28.49,22181
-405.77,28.71,22193
-409.11,28.47,22205
-411.03,27.93,22216
-408.24,27.10,22228
-415.60,26.83,22240
-411.97,27.04,22251
-408.21,27.21,22263
-412.90,28.00,22275
-411.84,28.82,22287
-412.05,28.98,22298
-405.52,28.94,22310
-413.25,28.46,22322
-406.80,27.11,22334
-416.45,26.68,22345
-411.70,26.26,22358
-407.91,26.69,22369
-417.58,27.83,22381
-408.72,28.68,22392
-404.97,29.40,22404
-413.76,29.26,22416
-408.15,28.85,22427
-408.15,27.52,22439
-418.11,26.87,22451
-408.88,26.30,22463
-408.94,26.58,22474
-419.74,27.48,22487
-407.30,28.01,22498
-408.14,29.19,22510
-414.03,29.24,22521
-403.20,29.03,22534
-411.45,28.28,22545
-413.28,27.11,22556
-405.70,26.73,22568
-417.83,26.77,22580
-412.25,27.32,22592
-408.34,27.89,22603
-414.84,28.64,22616
-404.85,28.80,22627
-409.98,28.39,22639
-414.83,28.09,22650
-405.03,27.38,22663
-413.95,27.14,22674
-414.08,27.39,22686
-407.53,27.70,22697
-414.35,28.20,22709
-406.08,28.45,22721
-413.12,28.51,22732
-410.26,27.95,22745
-407.23,27.29,22756
-416.30,26.93,22768
-410.84,26.82,22779
-410.01,27.33,22792
-415.40,28.31,22803
-405.90,28.34,22815
-409.78,29.14,22827
-413.50,28.57,22839
-404.09,28.11,22850
-412.84,27.48,22861
-413.29,26.62,22874
-408.37,26.49,22885
-417.04,26.84,22897
-409.30,27.79,22908
-406.24,28.70,22921
-416.49,29.55,22932
-406.71,29.32,22944
-406.59,28.66,22956
-413.66,27.76,22968
-408.12,26.65,22979
-414.08,26.37,22991
-415.36,26.39,23003
-406.81,27.13,23015
-413.08,28.26,23026
-412.98,29.08,23037
-406.42,29.53,23050
-410.31,28.97,23061
-407.65,28.27,23073
-409.62,27.48,23085
-416.11,26.63,23097
-411.38,26.62,23108
-412.66,27.03,23120
-411.23,27.86,23132
-412.90,28.53,23144
-409.19,28.63,23155
-406.50,28.72,23168
-411.82,28.21,23179
-413.69,27.88,23190
-410.85,27.26,23202
-410.15,26.88,23214
-409.79,27.45,23226
-412.60,27.90,23237
-411.88,28.60,23249
-408.76,28.45,23261
-408.31,28.37,23273
-409.17,27.72,23284
-414.10,27.21,23297
-413.74,27.24,23308
-409.61,27.26,23320
-410.93,28.12,23331
-410.82,28.78,23343
-412.66,28.80,23355
-409.75,28.71,23366
-407.14,28.25,23378
-409.60,27.39,23390
-411.65,26.95,23402
-414.60,26.47,23413
-410.84,26.89,23426
-409.29,28.08,23437
-413.10,28.88,23449
-412.05,29.39,23460
-406.61,29.27,23473
-409.25,28.54,23484
-409.91,27.46,23495
-418.12,26.70,23507
-410.68,26.12,23519
-406.26,26.45,23531
-417.35,27.88,23542
-409.03,28.82,23555
-407.84,29.64,23566
-412.45,29.70,23578
-403.48,29.01,23589
-411.05,27.98,23602
-418.24,26.92,23613
-407.62,26.18,23625
-412.81,26.43,23636
-414.58,27.38,23648
-409.20,28.15,23660
-413.93,28.95,23671
-406.74,28.78,23684
-406.56,28.76,23695
-412.59,28.14,23707
-411.82,27.28,23718
-413.20,27.00,23731
-410.24,26.81,23742
-410.46,27.35,23754
-413.69,28.20,23766
-411.04,28.60,23778
-407.92,28.83,23789
-411.01,28.51,23800
-409.31,27.76,23813
-411.15,27.49,23824
-415.59,26.85,23836
-407.44,27.12,23847
-411.20,27.60,23860
-413.90,28.22,23871
-409.04,28.82,23883
-408.87,28.53,23895
-405.86,28.48,23907
-414.09,27.77,23918
-412.44,27.25,23930
-411.06,26.87,23942
-414.67,26.87,23953
-407.50,27.59,23965
-412.70,28.02,23976
-413.77,29.07,23989
-402.83,28.73,24000
-413.05,28.54,24012
-410.25,27.84,24024
-409.08,26.96,24036
-418.29,26.88,24047
-408.95,26.55,24059
-408.76,27.26,24071
-416.10,28.24,24083
-409.55,28.90,24094
-406.74,29.26,24105
-413.29,28.91,24118
-407.08,28.10,24129
-409.05,27.28,24141
-419.04,26.66,24153
-407.95,26.52,24165
-410.38,27.17,24176
-417.49,28.23,24188
-407.41,28.82,24200
-408.85,28.95,24212
-412.16,29.02,24223
-404.58,28.04,24236
-412.59,27.39,24247
-417.28,26.81,24259
-406.90,26.41,24270
-413.65,27.46,24282
-408.57,27.93,24294
-413.69,28.46,24305
-406.29,28.89,24317
-407.92,28.67,24329
-413.89,28.14,24341
-411.02,27.45,24352
-412.93,26.84,24365
-410.73,26.72,24376
-410.03,27.59,24388
-413.45,28.12,24399
-410.66,28.85,24412
-407.72,28.72,24423
-410.12,28.44,24434
-409.85,28.01,24446
-412.85,27.06,24458
-413.96,26.96,24470
-409.10,26.90,24481
-412.16,27.79,24494
-412.32,28.50,24505
-409.81,28.72,24517
-410.08,29.21,24528
-407.05,28.56,24541
-410.03,27.90,24552
-412.81,27.05,24564
-411.74,26.59,24576
-412.68,26.89,24587
-411.73,27.48,24599
-410.30,28.44,24610
-412.38,29.27,24623
-409.19,29.41,24634
-406.74,28.86,24646
-412.54,27.86,24657
-410.35,26.88,24670
-415.95,26.48,24681
-407.74,26.76,24693
-411.22,27.35,24705
-415.52,28.34,24717
-405.75,29.18,24728
-411.15,28.94,24739
-409.39,28.69,24752
-405.47,27.90,24763
-416.99,27.38,24775
-410.06,26.80,24786
-409.71,26.58,24799
-416.11,27.24,24810
-408.54,28.07,24822
-412.16,29.00,24834
-410.06,29.00,24846
-406.18,28.65,24857
-413.04,27.93,24869
-410.10,26.87,24881
-411.80,26.85,24892
-414.84,26.99,24904
-407.80,27.56,24915
-412.08,28.39,24928
-414.62,28.49,24939
-405.36,28.59,24951
-410.83,28.49,24963
-411.97,27.71,24975
-406.72,27.59,24986
-414.51,27.08,24998
-412.67,27.12,25010
-408.17,27.59,25022
-414.17,28.04,25033
-411.73,28.72,25044
-405.16,28.60,25057
-410.21,28.55,25068
-408.10,27.89,25080
-417.16,27.49,25092
-409.65,27.19,25104
-410.59,26.98,25115
-415.26,27.73,25127
-407.86,28.13,25139
-411.30,28.62,25151
-411.73,28.58,25162
-406.26,28.47,25175
-410.89,27.99,25186
-414.81,27.33,25197
-409.22,27.05,25209
-413.30,26.72,25221
-413.61,27.50,25233
-406.98,28.19,25244
-415.17,28.78,25256
-408.27,29.10,25268
-405.25,28.51,25280
-414.98,27.92,25291
-408.22,27.26,25304
-412.54,26.58,25315
-416.13,26.96,25327
-405.05,26.99,25338
-412.48,28.41,25350
-416.93,28.52,25362
-403.13,28.72,25373
-410.65,28.89,25385
-414.41,27.54,25397
-402.12,27.85,25409
-418.34,26.72,25420
-413.19,26.97,25433
-405.35,27.55,25444
-417.11,27.93,25456
-407.52,28.91,25467
-413.32,28.77,25480
-406.37,28.83,25491
-408.99,27.98,25502
-417.10,27.56,25515
-407.18,26.91,25526
-412.44,26.70,25538
-415.97,27.61,25549
-403.38,27.76,25562
-415.10,28.91,25573
-410.30,28.74,25585
-404.74,28.73,25596
-415.29,28.16,25609
-407.27,26.99,25620
-411.02,27.08,25632
-418.19,26.69,25644
-406.22,27.40,25656
-411.84,28.29,25667
-414.99,28.78,25678
-402.77,28.90,25691
-414.41,28.52,25702
-409.72,27.97,25714
-404.73,27.50,25725
-420.81,27.35,25738
-409.34,26.91,25749
-408.39,27.36,25761
-417.67,27.82,25773
-405.80,28.34,25785
-410.75,28.84,25796
-414.47,28.69,25808
-403.24,28.43,25820
-409.87,27.94,25831
-417.18,27.38,25843
-413.01,26.73,25854
-412.77,27.02,25867
-407.07,27.60,25878
-415.19,28.50,25890
-407.36,29.02,25902
-406.51,28.82,25914
-413.89,28.37,25925
-408.54,27.70,25937
-414.92,27.00,25949
-414.01,26.56,25961
-406.12,27.17,25972
-414.17,27.86,25984
-413.23,28.77,25996
-405.67,29.15,26007
-412.60,28.83,26019
-407.88,28.10,26031
-407.28,27.01,26043
-421.48,26.73,26054
-408.80,26.44,26066
-407.60,27.24,26078
-417.16,28.31,26090
-407.92,28.91,26101
-409.82,29.50,26114
-410.57,28.83,26125
-405.35,28.47,26136
-412.66,27.12,26148
-414.06,26.55,26160
-413.37,26.23,26172
-409.18,27.05,26183
-407.71,27.89,26195
-417.11,29.45,26207
-408.51,28.82,26219
-406.56,28.94,26230
-404.83,27.70,26243
-413.30,27.12,26254
-420.08,27.09,26266
-402.06,26.35,26277
-412.79,27.42,26289
-415.89,28.42,26301
-403.92,28.81,26312
-414.10,28.87,26324
-410.34,28.63,26336
-402.49,27.68,26348
-419.01,27.15,26359
-414.27,26.85,26372
-403.70,26.68,26383
-417.08,28.08,26395
-410.32,28.56,26406
-407.44,28.75,26419
-417.26,28.38,26430
-403.14,27.85,26441
-408.64,27.53,26454
-418.57,27.51,26465
-408.16,27.04,26477
-413.89,27.40,26488
-412.81,27.87,26501
-404.72,28.09,26512
-416.39,29.07,26524
-411.06,28.78,26535
-403.03,28.53,26548
-416.97,27.82,26559
-408.86,26.54,26571
-409.53,26.72,26583
-418.32,26.86,26594
-408.06,27.63,26606
-407.38,28.30,26617
-419.62,28.89,26630
-406.54,28.89,26641
-415.41,28.77,26653
-403.67,28.28,26664
-414.87,27.27,26677
-416.88,27.08,26688
-404.41,26.32,26700
-416.55,26.88,26712
-412.27,27.83,26724
-407.34,28.57,26735
-413.33,29.66,26746
-406.00,29.11,26759
-408.27,28.50,26770
-415.23,27.19,26782
-409.39,26.70,26793
-411.66,26.72,26806
-414.87,26.83,26817
-409.05,27.72,26829
-412.41,28.19,26841
-409.99,28.91,26853
-406.26,29.03,26864
-410.08,28.50,26876
-409.75,27.75,26888
-411.92,27.04,26899
-412.75,26.70,26911
-412.21,26.86,26923
-411.84,27.65,26935
-411.63,28.55,26946
-408.78,28.91,26958
-407.32,28.72,26970
-412.01,28.09,26982
-409.04,27.26,26993
-411.52,27.15,27005
-415.66,27.10,27017
-413.36,27.47,27029
-412.25,28.04,27040
-407.47,28.67,27052
-411.68,28.75,27064
-410.42,28.95,27075
-407.68,28.00,27087
-411.95,27.21,27099
-413.04,26.82,27111
-410.95,26.62,27122
-413.18,27.52,27134
-409.43,28.49,27146
-409.61,28.95,27158
-409.04,29.56,27169
-409.98,28.49,27182
-412.36,27.59,27193
-408.93,26.86,27205
-412.78,26.46,27216
-415.30,26.82,27228
-409.01,27.31,27240
-411.17,28.39,27251
-412.75,28.94,27264
-405.17,29.27,27275
-413.72,29.26,27287
-411.31,28.16,27298
-404.00,27.49,27311
-417.69,26.67,27322
-413.34,26.49,27334
-408.90,27.00,27345
-416.26,27.70,27358
-409.31,28.78,27369
-406.03,29.00,27380
-415.58,29.04,27393
-407.91,28.09,27404
-404.41,27.55,27416
-410.58,27.15,27427
-410.75,26.87,27440
-414.26,27.14,27451
-406.40,27.58,27463
-414.10,28.33,27474
-411.04,28.72,27487
-404.94,28.78,27498
-410.24,27.93,27510
-411.77,27.88,27522
-414.07,26.85,27533
-413.11,26.85,27545
-409.83,27.35,27556
-409.21,27.83,27569
-414.32,28.88,27580
-409.68,28.74,27592
-406.97,28.51,27603
-409.92,27.87,27616
-410.02,27.29,27627
-414.79,27.07,27639
-413.60,26.75,27651
-407.80,27.61,27663
-409.77,27.96,27674
-416.24,29.18,27685
-410.44,28.71,27698
-406.34,28.55,27709
-411.41,27.84,27721
-408.23,26.98,27732
-413.28,26.96,27745
-417.09,26.38,27756
-407.18,27.34,27768
-408.72,28.20,27780
-417.09,28.89,27792
-408.83,29.13,27803
-413.17,28.85,27815
-405.84,28.38,27827
-413.74,27.23,27838
-417.24,26.96,27850
-405.65,26.21,27862
-413.27,26.95,27874
-411.58,27.86,27885
-411.57,28.18,27897
-411.90,29.31,27909
-402.74,28.72,27921
-411.60,28.79,27932
-412.93,28.05,27944
-410.31,27.03,27956
-414.93,26.76,27968
-408.25,26.65,27979
-409.91,27.58,27991
-418.78,28.49,28003
-407.04,28.71,28014
-405.29,28.96,28026
-414.43,28.53,28038
-406.62,27.75,28050
-412.85,27.52,28061
-415.14,26.98,28073
-405.69,27.09,28085
-411.99,27.91,28097
-416.52,28.16,28108
-407.35,28.52,28121
-408.78,28.54,28132
-411.53,28.17,28143
-407.10,27.65,28155
-414.31,27.19,28167
-414.35,26.90,28179
-406.26,27.29,28190
-413.62,28.21,28203
-406.15,29.00,28214
-410.31,29.15,28226
-408.17,28.62,28237
-408.35,27.85,28250
-416.23,26.75,28261
-411.33,26.68,28273
-409.00,26.53,28284
-415.67,27.14,28296
-409.42,28.27,28308
-410.81,28.96,28319
-412.47,29.46,28332
-404.31,29.04,28343
-410.42,28.33,28355
-414.41,27.46,28366
-408.54,26.61,28379
-413.81,26.37,28390
-411.97,26.70,28402
-407.87,27.66,28413
-415.48,28.99,28426
-407.67,29.35,28437
-404.89,29.29,28448
-414.52,28.56,28461
-407.36,27.43,28472
-410.45,27.19,28484
-416.11,26.48,28495
-406.20,26.73,28508
-413.93,27.43,28519
-414.44,28.09,28531
-404.08,28.83,28542
-413.44,29.16,28555
-409.53,28.90,28566
-405.02,28.23,28578
-417.00,27.57,28590
-410.92,26.59,28602
-416.63,26.90,28613
-405.67,27.48,28624
-414.39,28.01,28637
-410.63,28.92,28648
-404.42,28.57,28660
-414.85,28.48,28672
-406.69,27.83,28684
-412.84,27.37,28695
-415.53,26.95,28707
-403.99,27.81,28719
-414.10,27.35,28731
-415.20,28.82,28742
-405.53,28.20,28754
-410.36,28.58,28766
-413.99,27.81,28777
-400.94,28.01,28789
-421.02,26.53,28801
-412.92,27.21,28813
-402.99,26.79,28824
-418.71,28.15,28836
-408.51,29.09,28848
-407.24,28.96,28860
-415.32,28.66,28871
-402.54,28.09,28883
-409.30,27.30,28895
-420.87,26.45,28907
-406.21,26.97,28918
-413.27,26.49,28930
-413.62,27.63,28942
-405.95,29.11,28953
-418.65,28.46,28965
-405.68,29.71,28977
-414.10,28.19,28989
-407.77,27.81,29000
-413.96,27.11,29012
-415.79,26.06,29024
-404.84,27.01,29036
-415.00,27.36,29047
-414.11,28.68,29060
-399.43,28.96,29071
-416.26,29.42,29082
-409.03,28.36,29094
-403.96,28.31,29106
-421.98,26.94,29118
-406.69,26.45,29129
-407.57,27.25,29142
-418.13,27.31,29153
-406.93,28.48,29165
-412.00,28.73,29176
-410.87,28.35,29189
-403.30,28.41,29200
-414.76,28.03,29212
-412.19,27.62,29223
-408.23,27.20,29235
-415.74,27.32,29247
-410.34,27.51,29258
-409.95,28.41,29271
-414.39,28.47,29282
-406.27,28.20,29294
-409.54,28.57,29305
-413.36,27.02,29318
-409.18,27.49,29329
-414.01,26.77,29341
-411.81,26.98,29352
-409.11,28.17,29365
-412.63,28.31,29376
-408.56,28.99,29387
-410.90,28.63,29400
-408.48,28.05,29411
-411.08,27.62,29423
-413.68,27.05,29434
-409.93,26.73,29447
-413.90,26.74,29458
-411.57,27.87,29470
-409.05,28.54,29481
-412.84,29.45,29494
-407.13,29.12,29505
-408.92,28.24,29517
-412.18,27.84,29529
-409.48,26.63,29540
-412.86,26.61,29552
-415.34,27.05,29563
-406.13,27.49,29576
-414.96,28.71,29587
-411.31,28.99,29599
-403.83,28.96,29611
-416.54,28.62,29623
-403.67,27.75,29634
-410.93,27.14,29646
-420.73,26.83,29658
-404.98,26.79,29670
-414.27,27.55,29681
-414.30,28.34,29692
-403.20,28.58,29705
-414.00,29.17,29716
-411.05,28.53,29728
-402.82,27.95,29740
-415.86,27.64,29752
-413.92,26.66,29763
-415.04,27.06,29775
-411.55,27.53,29787
-407.50,28.14,29799
-413.85,28.75,29810
-410.45,28.87,29822
-405.17,28.58,29834
-412.86,27.89,29846
-413.10,27.31,29857
-411.59,27.04,29869
-412.01,27.25,29881
-409.97,27.72,29892
-411.67,28.40,29904
-409.03,28.93,29916
-412.19,28.97,29928
-409.03,28.22,29939
-406.12,27.47,29952
-415.62,27.12,29963
-412.46,26.69,29975
-410.25,27.45,29986
-411.62,27.79,29999
-408.60,28.71,30010
-411.99,29.37,30021
-411.54,28.66,30033
-407.13,28.10,30045
-409.75,27.24,30057
-412.98,26.87,30068
-413.62,26.86,30081
-414.03,27.12,30092
-409.65,27.90,30104
-408.77,28.66,30115
-415.22,29.46,30128
-407.77,28.89,30139
-407.57,28.44,30151
-410.29,27.45,30162
-416.05,26.92,30174
-414.59,26.49,30186
-408.74,26.26,30197
-411.32,27.91,30210
-410.58,28.16,30221
-409.99,29.50,30233
-408.94,29.03,30244
-407.75,28.52,30257
-409.51,28.17,30268
-414.14,27.24,30280
-412.84,26.61,30291
-410.74,26.56,30304
-412.35,27.35,30315
-411.39,28.27,30326
-410.04,28.80,30339
-410.12,28.96,30350
-406.71,28.86,30362
-408.11,28.09,30373
-415.32,27.48,30386
-411.36,26.83,30397
-410.49,26.71,30409
-414.16,27.25,30420
-408.96,28.06,30433
-413.26,28.76,30444
-411.16,28.89,30456
-406.50,28.64,30468
-410.95,28.11,30479
-411.29,27.63,30491
-413.06,27.05,30502
-412.71,26.85,30515
-409.57,27.46,30526
-410.46,28.13,30538
-415.41,29.02,30550
-408.10,28.86,30562
-411.88,28.51,30573
-405.83,27.73,30585
-416.40,27.01,30597
-413.95,26.83,30609
-405.73,26.86,30620
-416.66,27.28,30631
-409.56,28.97,30644
-407.13,28.26,30655
-415.20,29.45,30667
-406.58,27.99,30679
-407.17,27.63,30691
-420.03,27.13,30702
-406.51,26.89,30714
-410.81,26.97,30726
-417.44,27.60,30738
-405.53,28.06,30749
-413.13,28.81,30761
-412.42,28.97,30773
-401.77,28.54,30784
-413.70,27.77,30796
-413.04,27.19,30808
-407.80,26.83,30820
-419.47,26.72,30831
-407.86,27.42,30843
-410.05,28.04,30855
-416.87,28.87,30867
-402.08,28.79,30878
-413.03,28.56,30891
-410.49,28.21,30902
-405.44,27.22,30914
-419.32,27.07,30925
-409.23,26.37,30937
-418.49,27.34,30949
-406.54,27.98,30960
-410.78,28.71,30972
-414.33,29.17,30984
-403.11,28.57,30996
-411.36,28.25,31007
-416.58,26.90,31020
-408.88,26.89,31031
-413.75,26.49,31043
-413.56,27.24,31054
-406.87,28.28,31067
-414.58,28.53,31078
-410.24,29.15,31089
-405.98,28.28,31101
-412.65,27.90,31113
-409.85,27.44,31125
-414.08,26.69,31136
-411.73,27.25,31149
-408.08,26.98,31160
-414.70,28.71,31172
-410.56,28.78,31183
-408.07,29.12,31196
-413.52,28.59,31207
-405.80,27.37,31219
-409.32,27.45,31230
-420.26,26.32,31242
-408.93,26.87,31254
-409.31,27.50,31265
-414.79,28.57,31278
-407.10,29.11,31289
-409.95,29.05,31301
-413.80,28.65,31312
-402.87,27.63,31325
-410.55,27.47,31336
-407.43,26.53,31348
-413.56,26.72,31360
-412.14,27.36,31372
-407.35,27.94,31383
-412.89,29.14,31395
-409.61,29.25,31407
-406.07,28.99,31418
-410.20,28.15,31430
-413.51,27.37,31441
-412.46,26.66,31454
-413.61,26.26,31465
-409.36,27.56,31477
-409.97,27.54,31489
-411.96,29.20,31501
-411.31,28.68,31512
-410.07,28.51,31524
-404.75,28.18,31536
-414.49,27.34,31548
-413.78,27.57,31559
-413.00,26.32,31570
-412.72,27.56,31583
-405.92,27.59,31594
-412.62,28.94,31606
-413.81,29.17,31618
-404.84,28.10,31630
-411.01,28.11,31641
-410.58,26.88,31653
-411.93,27.23,31665
-417.52,26.54,31677
-408.94,27.66,31688
-406.63,28.28,31700
-414.60,28.61,31712
-411.18,29.23,31723
-410.46,27.97,31735
-407.38,28.26,31747
-412.90,26.93,31759
-418.72,26.52,31770
-406.65,26.60,31782
-409.86,27.04,31794
-413.92,28.47,31806
-411.43,28.81,31817
-409.19,29.57,31830
-407.10,28.71,31841
-408.86,28.14,31853
-414.28,26.99,31864
-415.64,26.55,31876
-407.19,26.66,31888
-412.68,26.89,31899
-411.02,28.48,31911
-411.02,28.54,31923
-412.67,29.03,31935
-402.97,29.26,31946
-409.20,28.05,31959
-413.84,27.71,31970
-410.59,26.56,31982
-413.65,26.16,31993
-412.12,26.97,32006
-408.40,27.63,32017
-417.15,28.79,32028
-409.64,28.59,32040
-403.30,28.79,32052
-413.40,28.05,32064
-407.87,27.67,32075
-413.69,27.10,32088
-417.13,26.81,32099
-401.86,27.41,32111
-415.51,28.00,32122
-402.82,28.61,32135
-414.26,28.65,32146
-408.48,28.75,32158
-402.99,28.33,32169
-422.33,27.48,32181
-408.25,27.09,32193
-404.14,26.59,32204
-422.21,27.53,32217
-405.49,28.15,32228
-409.21,28.63,32240
-417.45,29.01,32251
-399.31,28.26,32264
-414.58,28.05,32275
-417.57,27.43,32287
-403.56,26.51,32299
-415.72,26.87,32311
-412.67,27.34,32322
-407.15,28.15,32333
-416.56,28.98,32346
-406.68,29.04,32357
-405.35,28.87,32369
-411.63,28.09,32380
-409.86,27.35,32393
-412.75,26.62,32404
-412.16,26.46,32416
-411.88,27.35,32428
-412.08,27.80,32440
-411.20,28.78,32451
-411.21,29.28,32463
-404.94,28.83,32475
-409.87,28.40,32486
-412.92,27.16,32498
-407.74,26.55,32509
-413.66,26.62,32522
-407.25,27.01,32533
-416.34,27.84,32545
-411.58,28.72,32557
-402.20,28.98,32569
-416.08,28.95,32580
-409.32,28.37,32592
-406.84,27.43,32604
-419.62,27.03,32616
-405.60,26.78,32627
-410.19,26.94,32638
-419.85,27.71,32651
-404.74,28.27,32662
-410.54,28.70,32674
-414.68,28.81,32686
-402.43,28.07,32698
-414.78,27.43,32709
-415.04,27.21,32721
-403.74,26.86,32733
-417.65,27.30,32745
-412.30,27.82,32756
-406.15,28.49,32769
-415.72,28.51,32780
-405.51,28.66,32792
-409.44,28.02,32803
-415.34,27.31,32815
-407.38,27.20,32827
-413.12,26.76,32838
-413.71,27.57,32850
-408.99,28.24,32862
-413.49,28.75,32874
-409.20,28.87,32885
-407.55,28.59,32898
-407.77,28.02,32909
-411.50,27.12,32921
-415.51,27.01,32932
-409.58,26.61,32945
-413.43,27.21,32956
-411.31,28.13,32967
-407.15,28.73,32979
-412.75,29.35,32991
-408.79,28.79,33003
-406.77,28.25,33014
-415.32,27.30,33027
-409.71,26.58,33038
-412.49,26.43,33050
-416.14,27.11,33061
-403.86,27.73,33074
-415.80,28.88,33085
-410.84,29.19,33097
-402.26,28.89,33108
-416.67,28.64,33120
-405.09,27.51,33132
-411.16,26.94,33143
-420.77,26.42,33156
-404.81,26.74,33167
-412.08,27.78,33179
-415.58,28.69,33190
-404.79,29.18,33203
-412.45,28.78,33214
-411.44,28.48,33226
-402.66,27.71,33238
-417.30,27.29,33250
-415.39,26.59,33261
-404.84,27.16,33272
-416.77,27.62,33285
-410.11,28.36,33296
-414.43,28.96,33308
-404.46,28.46,33319
-410.21,28.70,33332
-412.59,27.64,33343
-411.31,27.19,33355
-415.09,26.89,33367
-410.33,26.92,33379
-408.04,27.84,33390
-415.29,28.46,33402
-407.54,28.95,33414
-407.45,28.65,33425
-413.73,28.21,33437
-406.30,27.54,33448
-416.33,27.07,33461
-415.00,26.91,33472
-405.26,27.13,33484
-415.47,27.97,33496
-411.83,28.21,33508
-408.53,29.17,33519
-413.42,28.17,33531
-406.25,28.68,33543
-409.23,27.29,33555
-416.53,26.95,33566
-409.91,26.77,33577
-412.58,26.61,33590
-412.51,28.16,33601
-407.67,28.58,33613
-413.71,29.31,33625
-409.11,28.77,33637
-404.40,28.39,33648
-416.51,27.46,33660
-409.11,26.74,33672
-411.34,26.49,33684
-406.76,26.68,33695
-413.32,27.62,33708
-414.90,28.21,33719
-403.62,28.73,33730
-409.77,29.20,33742
-412.30,28.36,33754
-405.77,27.82,33766
-417.47,26.91,33777
-412.20,26.45,33789
-405.91,26.97,33801
-418.41,27.63,33813
-409.68,28.44,33824
-405.43,28.87,33837
-414.42,28.90,33848
-407.44,28.47,33860
-409.18,27.71,33871
-417.32,27.05,33883
-408.70,26.57,33895
-410.63,26.95,33906
-415.55,27.55,33918
-408.02,28.54,33930
-412.01,28.84,33942
-410.00,28.70,33953
-405.74,28.69,33966
-412.91,27.46,33977
-411.64,27.35,33989
-409.54,26.61,34000
-415.55,27.05,34013
-409.58,27.74,34024
-409.57,28.26,34035
-415.43,29.02,34048
-403.82,28.41,34059
-411.17,28.49,34071
-412.28,27.58,34082
-418.12,27.08,34095
-411.04,26.82,34106
-406.46,26.84,34118
-416.88,27.95,34129
-408.93,28.30,34142
-406.57,28.99,34153
-412.57,28.81,34165
-405.22,28.30,34177
-411.25,27.62,34188
-417.54,27.04,34200
-406.28,26.81,34211
-416.53,26.89,34224
-412.48,27.78,34235
-405.53,28.50,34247
-418.13,29.38,34258
-404.02,29.00,34271
-406.56,28.55,34282
-416.86,27.81,34294
-405.58,26.91,34306
-414.80,26.85,34318
-416.32,26.51,34329
-404.28,27.39,34340
-414.53,28.67,34353
-413.15,28.94,34364
-402.94,28.99,34376
-412.70,28.43,34387
-408.90,27.45,34400
-406.08,27.07,34411
-421.37,26.63,34423
-408.48,26.68,34435
-406.79,27.62,34447
-418.38,28.34,34458
-406.75,29.05,34470
-412.88,28.88,34482
-404.11,28.76,34494
-413.07,26.96,34505
-414.35,28.24,34516
-408.48,25.47,34529
-414.05,27.92,34540
-413.78,26.83,34552
-406.25,28.31,34564
-413.78,29.46,34576
-407.70,28.07,34587
-406.26,29.42,34599
-417.29,27.18,34611
-407.49,27.21,34623
-410.31,27.03,34634
-414.81,26.73,34647
-412.00,27.83,34658
-409.85,27.85,34669
-411.70,29.62,34681
-404.62,28.00,34693
-412.95,29.59,34705
-413.09,27.09,34716
-407.44,27.20,34728
-414.74,27.26,34740
-408.72,25.99,34752
-414.41,28.66,34763
-415.02,27.50,34776
-405.07,28.68,34787
-409.43,29.18,34799
-410.89,28.18,34810
-410.27,28.23,34822
-411.27,27.05,34834
-411.14,27.00,34845
-409.49,26.92,34857
-410.49,27.87,34869
-407.39,27.93,34881
-412.09,28.92,34892
-406.20,29.16,34905
-412.89,28.04,34916
-410.78,28.54,34928
-407.92,26.73,34939
-413.58,26.57,34952
-413.84,27.40,34963
-410.65,26.82,34974
-411.64,28.64,34987
-407.07,28.70,34998
-410.56,28.92,35010
-414.49,28.98,35021
-405.09,27.62,35034
-410.60,27.03,35045
-414.92,26.77,35057
-409.99,27.06,35068
-414.91,27.38,35081
-409.01,28.54,35092
-408.79,28.70,35104
-410.82,28.86,35116
-410.93,29.11,35127
-409.94,27.51,35139
-408.13,27.62,35150
-413.53,26.67,35163
-413.04,26.84,35174
-411.98,27.67,35186
-410.54,27.87,35197
-408.53,28.94,35210
-411.43,28.73,35221
-411.49,28.67,35233
-409.23,27.71,35245
-405.42,27.45,35257
-414.41,26.76,35268
-408.16,26.87,35279
-413.26,27.80,35292
-406.96,27.76,35303
-410.08,29.23,35315
-412.60,29.06,35326
-406.74,28.56,35339
-407.58,28.28,35350
-414.21,26.75,35362
-413.81,27.06,35374
-412.11,26.61,35386
-412.51,27.45,35397
-408.10,28.48,35409
-410.87,28.89,35421
-412.68,29.07,35432
-406.46,28.60,35444
-408.15,27.81,35456
-413.00,27.18,35468
-413.17,26.89,35479
-414.55,26.45,35491
-410.33,27.32,35503
-408.02,28.25,35515
-414.96,28.90,35526
-410.58,29.30,35538
-407.19,28.65,35550
-410.74,27.99,35562
-408.01,27.39,35573
-415.05,26.59,35585
-415.61,26.75,35597
-403.92,27.26,35608
-411.83,28.38,35620
-416.18,28.75,35632
-404.59,29.14,35644
-407.76,28.43,35655
-403.61,27.86,35667
-422.11,27.33,35679
-411.04,26.47,35691
-405.73,26.86,35702
-417.51,27.29,35715
-408.67,28.27,35726
-409.14,28.97,35738
-415.20,28.93,35749
-402.34,28.68,35761
-408.84,27.72,35773
-419.69,27.29,35784
-406.03,26.59,35796
-412.93,26.86,35808
-413.21,27.31,35820
-405.01,28.24,35831
-419.81,28.98,35844
-406.39,28.68,35855
-403.15,28.97,35867
-416.70,27.87,35878
-407.08,27.51,35891
-413.83,26.71,35902
-415.43,26.43,35913
-404.09,27.40,35926
-415.65,27.92,35937
-415.03,28.68,35949
-402.15,28.74,35960
-413.24,28.40,35973
-409.09,28.01,35984
-405.89,27.39,35996
-419.28,27.05,36007
-407.36,26.74,36020
-408.06,27.55,36031
-417.88,27.77,36043
-409.71,28.78,36055
-410.92,28.87,36066
-405.52,28.49,36078
-413.28,28.23,36089
-412.99,26.87,36102
-409.27,26.84,36113
-413.44,26.67,36125
-409.57,27.24,36136
-412.27,28.52,36149
-413.77,28.70,36160
-403.71,28.87,36172
-410.38,28.54,36184
-412.54,27.88,36196
-408.26,27.28,36207
-415.99,26.64,36218
-411.42,26.48,36231
-407.89,27.17,36242
-416.37,28.03,36254
-410.85,28.79,36265
-404.87,29.11,36278
-413.53,28.92,36289
-406.72,28.01,36301
-409.12,27.36,36313
-419.77,26.69,36325
-405.57,26.58,36336
-412.90,27.14,36348
-416.60,27.85,36360
-406.20,28.56,36371
-414.75,28.72,36383
-408.54,28.88,36395
-405.82,28.15,36407
-416.36,27.84,36418
-409.82,27.16,36430
-415.63,27.03,36442
-407.20,27.36,36454
-411.63,27.97,36465
-414.21,28.58,36477
-403.15,28.85,36489
-413.38,28.53,36501
-410.97,28.00,36512
-405.91,27.32,36524
-419.86,26.85,36536
-410.93,26.93,36547
-407.22,27.25,36559
-417.83,28.22,36571
-406.75,29.10,36583
-406.59,29.04,36594
-417.04,28.96,36606
-403.21,27.80,36618
-412.00,27.17,36630
-417.87,26.45,36641
-405.54,26.27,36654
-415.07,27.41,36665
-411.85,28.09,36676
-408.02,29.20,36688
-412.24,29.11,36700
-407.16,28.98,36712
-409.31,28.36,36723
-411.71,26.95,36736
-411.52,27.16,36747
-413.14,25.70,36759
-411.64,27.20,36770
-409.71,27.79,36783
-413.39,28.23,36794
-409.15,29.24,36806
-407.62,28.59,36817
-406.89,28.47,36830
-411.26,27.93,36841
-415.93,27.19,36852
-406.65,27.04,36865
-415.59,27.25,36876
-410.99,27.67,36888
-407.09,28.25,36899
-414.12,28.78,36912
-407.50,28.28,36923
-407.92,28.02,36935
-414.53,27.41,36946
-410.32,27.07,36959
-410.78,27.37,36970
-414.55,27.28,36982
-407.88,28.31,36994
-411.27,28.86,37005
-411.25,28.39,37017
-406.62,28.50,37028
-412.10,27.63,37041
-409.30,27.14,37052
-412.27,26.87,37064
-415.19,26.67,37075
-409.32,27.61,37088
-410.79,28.27,37099
-412.78,29.22,37111
-406.77,29.22,37123
-409.67,29.04,37135
-411.68,27.92,37146
-404.80,26.92,37157
-416.81,26.79,37170
-413.41,26.07,37181
-407.08,27.14,37193
-415.74,27.92,37204
-410.51,28.77,37217
-411.32,29.78,37228
-407.67,29.07,37240
-407.28,28.79,37252
-414.25,27.36,37264
-412.75,26.87,37275
-410.40,26.17,37287
-412.90,26.71,37299
-410.59,27.61,37310
-410.82,28.47,37322
-410.92,29.15,37334
-407.19,28.96,37346
-409.60,28.96,37357
-409.81,27.53,37369
-413.59,27.27,37381
-413.28,26.36,37393
-408.71,26.82,37404
-414.55,27.82,37416
-411.14,28.37,37428
-408.58,29.24,37440
-412.22,28.94,37451
-406.92,28.40,37463
-408.62,27.51,37475
-416.01,27.13,37486
-409.75,26.79,37498
-410.76,27.34,37510
-413.80,28.05,37522
-406.83,28.14,37533
-413.40,28.85,37545
-411.57,28.23,37557
-404.61,28.22,37569
-413.89,27.51,37580
-409.65,27.00,37593
-410.39,27.09,37604
-407.42,27.18,37615
-409.74,28.01,37627
-416.06,28.93,37639
-403.81,29.14,37651
-412.08,28.50,37662
-412.46,28.45,37675
-403.58,26.96,37686
-420.12,26.71,37698
-412.38,26.86,37709
-403.95,26.75,37722
-417.52,28.07,37733
-408.51,29.09,37745
-407.10,29.03,37756
-415.49,29.56,37768
-405.20,28.34,37780
-407.39,27.50,37791
-420.08,26.81,37804
-409.10,26.16,37815
-411.66,26.64,37827
-414.60,27.53,37838
-406.56,28.60,37851
-413.07,28.97,37862
-410.14,29.04,37874
-404.57,28.64,37885
-411.20,27.76,37898
-412.75,27.38,37909
-413.61,26.52,37920
-412.10,27.22,37933
-407.87,27.41,37944
-412.57,27.96,37956
-413.43,28.74,37967
-407.38,28.21,37980
-410.35,28.55,37991
-410.30,27.76,38003
-416.33,27.41,38014
-408.35,27.39,38027
