.88960467.00
4453.00
-417.18,28.08,1134
-407.43,27.83,1135
-404.03,28.13,1137
-412.28,28.18,1148
-414.86,28.27,1160
-413.77,28.37,1171
-405.64,27.43,1183
-410.48,27.70,1195
-414.45,27.88,1207
-413.41,28.27,1218
-409.74,28.37,1230
-403.61,28.42,1242
-408.38,28.15,1254
-419.09,28.24,1265
-412.21,27.71,1277
-402.20,27.46,1289
-414.34,27.89,1300
-411.97,27.62,1312
-411.96,28.26,1324
-414.41,28.40,1336
-402.09,28.29,1347
-409.41,28.50,1359
-419.73,28.47,1371
-410.15,28.00,1383
-404.73,27.68,1394
-412.11,27.99,1406
-414.05,27.73,1418
-412.40,28.05,1430
-411.84,28.27,1441
-403.26,28.26,1453
-408.26,28.57,1465
-419.25,28.33,1476
-411.45,28.05,1488
-404.96,27.76,1500
-411.12,27.93,1512
-413.76,27.68,1523
-414.37,27.82,1536
-404.36,28.13,1547
-411.91,28.01,1559
-415.82,28.64,1570
-412.67,28.19,1583
-406.94,27.77,1594
-406.64,27.95,1605
-416.68,28.00,1617
-414.56,28.05,1629
-406.16,27.92,1641
-407.06,28.27,1652
-410.00,27.97,1665
-415.55,28.23,1676
-415.01,28.00,1688
-404.98,27.34,1699
-408.12,27.92,1712
-415.68,28.04,1723
-412.57,28.14,1735
-407.75,28.58,1746
-406.15,28.37,1758
-409.96,28.45,1770
-417.46,28.27,1781
-411.83,27.79,1794
-404.57,27.51,1805
-412.89,27.96,1817
-414.52,28.21,1828
-411.39,28.13,1841
-409.46,28.47,1852
-403.01,28.25,1864
-411.34,28.39,1875
-419.01,28.11,1888
-408.23,27.55,1899
-407.30,27.93,1910
-411.79,27.84,1923
-416.48,28.19,1934
-406.98,28.19,1946
-402.89,28.16,1957
-415.14,28.21,1970
-415.21,28.15,1981
-409.60,27.94,1993
-409.03,27.65,2004
-407.50,27.99,2017
-414.90,28.29,2028
-415.27,27.97,2040
-402.60,29.22,2052
-407.55,27.56,2063
-414.32,28.64,2075
-416.17,27.69,2086
-410.16,26.89,2099
-408.00,27.74,2110
-410.15,27.74,2122
-413.46,28.57,2134
-414.24,28.74,2146
-406.20,28.27,2157
-405.63,28.64,2169
-413.57,28.25,2181
-416.99,27.97,2193
-408.87,27.53,2204
-408.10,27.23,2215
-411.82,27.86,2228
-414.53,27.74,2239
-413.70,28.42,2251
-406.63,28.40,2263
-402.65,28.67,2275
-413.40,28.85,2286
-416.49,28.01,2298
-407.97,28.03,2310
-408.52,27.51,2322
-414.03,27.89,2333
-413.37,27.52,2345
-406.72,27.63,2357
-405.57,27.97,2368
-413.70,28.03,2380
-416.51,28.75,2392
-408.53,28.19,2404
-407.29,28.16,2415
-410.16,28.22,2427
-414.91,28.42,2439
-413.90,28.14,2451
-404.90,27.96,2462
-407.43,27.99,2475
-412.04,27.60,2486
-416.63,28.36,2498
-411.24,27.25,2509
-405.88,28.23,2521
-410.73,28.15,2533
-415.49,28.24,2544
-411.95,28.94,2556
-406.15,28.11,2568
-406.17,28.31,2580
-412.56,28.23,2591
-414.93,28.04,2604
-411.97,27.27,2615
-403.83,27.26,2627
-412.87,27.69,2638
-414.75,28.00,2651
-411.58,28.68,2662
-408.36,28.65,2674
-403.16,28.91,2685
-412.10,28.86,2697
-417.74,28.05,2709
-406.20,27.64,2720
-414.52,27.27,2733
-413.44,27.39,2744
-412.32,27.36,2756
-409.80,28.09,2767
-402.15,28.41,2780
-411.76,28.69,2791
-419.38,29.08,2803
-406.22,28.15,2814
-406.04,28.15,2827
-415.00,27.72,2838
-410.81,27.80,2849
-412.49,27.66,2862
-410.29,27.90,2873
-401.58,28.01,2885
-416.20,28.01,2896
-418.88,28.25,2909
-404.47,27.76,2920
-410.01,28.19,2932
-410.35,28.21,2944
-412.19,28.22,2956
-416.20,28.20,2967
-404.69,28.03,2979
-405.46,28.06,2991
-415.80,27.96,3002
-414.81,27.51,3014
-409.15,27.41,3025
-408.35,27.60,3038
-410.99,28.44,3049
-414.18,28.29,3061
-413.70,28.79,3073
-404.62,28.45,3085
-405.71,28.32,3096
-415.63,28.43,3108
-408.79,27.28,3120
-408.73,27.55,3132
-410.75,27.19,3143
-414.85,27.87,3154
-413.88,27.96,3167
-402.90,28.32,3178
-406.97,28.79,3190
-415.08,28.72,3202
-411.30,28.84,3214
-411.86,27.37,3225
-408.46,27.75,3237
-409.38,27.30,3249
-417.60,27.94,3261
-411.81,27.85,3272
-403.53,27.89,3284
-410.95,28.47,3296
-412.24,28.51,3307
-414.63,28.42,3319
-411.32,27.91,3331
-405.47,28.39,3343
-411.89,27.96,3354
-415.55,28.05,3366
-410.00,27.65,3378
-407.06,27.62,3390
-410.87,27.91,3401
-411.33,27.84,3414
-415.26,28.08,3425
-408.79,27.49,3437
-406.06,28.47,3448
-414.31,28.41,3460
-411.34,28.58,3472
-411.08,28.66,3483
-406.81,28.16,3495
-414.89,28.33,3507
-414.95,27.62,3519
-409.67,27.59,3530
-406.11,27.63,3543
-413.14,28.11,3554
-414.06,28.32,3566
-409.83,28.18,3577
-407.47,28.82,3590
-407.54,28.49,3601
-413.62,28.78,3612
-413.81,28.08,3624
-409.10,27.47,3636
-408.31,27.19,3648
-412.58,27.13,3659
-416.80,27.53,3672
-409.65,27.92,3683
-405.55,28.83,3695
-409.42,28.97,3706
-413.20,29.13,3719
-413.86,28.37,3730
-408.14,27.81,3742
-406.37,27.78,3753
-412.40,27.68,3766
-415.14,27.32,3777
-409.82,27.95,3788
-406.75,27.50,3801
-408.86,28.32,3812
-415.69,28.49,3824
-414.96,27.88,3835
-403.95,28.41,3848
-409.76,27.98,3859
-411.15,28.66,3871
-413.95,27.81,3883
-403.49,27.89,3895
-408.75,27.52,3906
-419.25,28.02,3918
-411.54,28.08,3930
-406.08,27.52,3941
-413.71,28.41,3953
-406.42,28.25,3964
-416.09,28.87,3977
-412.51,28.69,3988
-399.12,28.29,4000
-413.45,28.05,4012
-414.57,27.40,4024
-411.90,27.61,4035
-411.64,27.11,4047
-406.71,27.56,4059
-412.64,27.82,4071
-416.67,28.23,4082
-406.25,28.73,4093
-406.02,28.87,4106
-412.41,28.80,4117
-412.39,28.32,4129
-415.68,27.74,4141
-408.11,27.13,4153
-405.38,27.57,4164
-416.85,27.70,4176
-414.36,27.79,4188
-406.42,28.33,4200
-407.86,28.43,4211
-409.05,28.67,4224
-414.28,28.64,4235
-414.62,28.18,4246
-405.82,28.05,4258
-408.09,28.06,4270
-413.30,27.87,4282
-410.93,27.83,4293
-404.08,28.03,4305
-411.45,27.82,4317
-416.67,28.39,4329
-411.44,28.03,4340
-408.89,28.12,4353
-408.44,28.56,4364
-412.09,28.48,4376
-415.07,28.82,4387
-407.45,28.23,4399
-403.80,28.26,4411
-411.25,28.04,4422
-416.80,27.87,4434
-412.01,27.26,4446
-409.66,27.26,4458
-409.82,27.45,4469
-411.64,28.09,4482
-415.89,28.66,4493
-406.90,28.96,4505
-404.26,29.00,4516
-411.15,29.18,4529
-415.07,28.35,4540
-412.91,27.38,4551
-406.96,26.92,4563
-410.45,26.90,4575
-413.87,27.53,4587
-415.96,27.86,4598
-408.71,28.67,4611
-403.35,28.78,4622
-410.85,29.34,4634
-414.27,29.01,4645
-410.27,28.11,4658
-409.29,27.77,4669
-414.74,27.06,4681
-417.19,27.30,4692
-406.07,27.38,4704
-406.96,27.63,4716
-412.22,28.17,4727
-411.66,28.69,4740
-414.84,28.82,4751
-406.92,28.55,4763
-405.23,28.80,4774
-415.20,28.30,4787
-414.00,27.79,4798
-405.59,27.62,4810
-409.56,27.60,4822
-410.75,27.84,4834
-413.36,27.96,4845
-416.41,27.57,4856
-406.20,27.76,4869
-407.32,28.14,4880
-415.61,28.70,4892
-410.78,28.74,4903
-409.10,28.77,4916
-407.84,28.28,4927
-407.61,27.78,4939
-417.12,27.64,4951
-413.70,26.94,4963
-406.78,27.36,4974
-412.66,27.73,4986
-411.85,28.19,4998
-414.02,28.71,5009
-408.90,28.91,5021
-403.84,29.14,5032
-412.46,28.85,5045
-414.16,28.21,5056
-411.56,27.39,5068
-408.50,27.14,5080
-413.48,27.04,5092
-415.77,27.29,5103
-405.81,27.91,5115
-406.19,28.40,5127
-411.27,28.91,5139
-413.20,29.14,5150
-413.72,28.70,5163
-405.67,28.16,5174
-408.81,27.93,5185
-416.95,27.33,5197
-413.45,27.27,5209
-409.35,27.39,5221
-407.33,27.74,5232
-410.42,28.28,5244
-417.54,28.38,5256
-410.04,28.38,5268
-404.64,28.43,5279
-413.42,28.51,5292
-410.29,28.37,5303
-412.53,28.12,5315
-411.46,27.85,5326
-402.80,27.16,5338
-413.41,28.35,5350
-418.23,26.81,5361
-407.90,27.98,5373
-413.20,27.82,5385
-407.54,28.34,5397
-411.55,28.82,5408
-417.61,28.94,5421
-402.06,28.07,5432
-408.06,28.62,5444
-414.21,27.71,5455
-412.73,27.17,5468
-412.65,27.29,5479
-404.66,27.23,5490
-419.19,27.68,5502
-409.92,28.25,5514
-402.80,28.82,5526
-412.45,28.67,5537
-407.61,29.58,5550
-415.75,28.45,5561
-411.18,27.93,5573
-405.69,27.86,5584
-413.66,26.67,5597
-413.23,27.98,5608
-414.04,27.10,5620
-407.55,28.25,5632
-403.74,28.64,5643
-415.03,28.72,5655
-414.67,29.08,5666
-405.87,28.22,5679
-410.41,28.91,5690
-408.58,27.91,5702
-411.83,28.02,5713
-418.53,27.15,5726
-402.30,27.51,5737
-408.21,27.65,5749
-417.10,27.71,5761
-412.60,28.64,5773
-409.62,27.76,5784
-409.08,28.71,5795
-408.80,28.66,5808
-413.68,28.39,5819
-414.07,28.62,5831
-405.03,27.68,5842
-413.30,27.95,5855
-415.24,27.42,5866
-412.01,27.52,5878
-406.12,27.23,5890
-412.27,27.85,5902
-413.10,28.49,5913
-410.66,28.45,5925
-409.06,29.50,5937
-403.09,28.55,5948
-413.76,28.97,5960
-417.82,28.14,5971
-408.13,26.98,5984
-409.25,27.18,5995
-411.44,26.82,6007
-415.89,27.60,6019
-414.51,28.19,6031
-405.08,28.73,6042
-406.92,29.13,6054
-412.03,29.51,6066
-413.63,28.81,6078
-411.43,27.86,6089
-406.76,27.60,6100
-410.39,26.96,6113
-418.49,27.31,6124
-411.57,26.90,6136
-406.22,27.64,6148
-408.99,28.32,6160
-410.63,28.68,6171
-415.53,28.93,6183
-410.03,28.55,6195
-404.32,28.47,6207
-412.08,28.14,6218
-416.07,27.83,6231
-411.06,27.48,6242
-408.19,27.72,6254
-413.37,27.80,6265
-418.36,27.89,6277
-409.11,27.91,6289
-405.48,27.88,6300
-412.55,28.40,6312
-413.87,28.86,6324
-410.71,28.66,6336
-407.00,28.87,6347
-407.49,28.20,6360
-413.33,28.06,6371
-416.41,27.61,6383
-409.41,27.01,6394
-406.40,27.29,6407
-413.31,27.59,6418
-414.62,28.59,6429
-410.06,28.67,6441
-406.67,29.34,6453
-406.95,29.10,6465
-412.06,28.60,6476
-415.47,28.21,6489
-407.80,27.15,6500
-407.09,27.29,6512
-414.72,27.20,6523
-413.22,27.53,6536
-411.69,28.22,6547
-407.34,28.41,6559
-404.49,28.98,6571
-415.30,28.86,6582
-414.33,28.15,6594
-406.14,27.99,6605
-410.58,27.74,6618
-409.04,27.91,6629
-413.84,27.41,6641
-403.39,27.63,6652
-408.78,27.74,6665
-415.14,28.41,6676
-414.88,28.47,6688
-408.29,28.14,6700
-407.71,28.33,6712
-411.08,28.47,6723
-414.59,28.82,6734
-412.78,27.86,6747
-404.20,28.47,6758
-407.42,27.24,6770
-415.24,28.21,6781
-416.44,27.38,6794
-408.72,27.15,6805
-408.47,27.97,6817
-411.69,28.00,6829
-412.98,29.10,6841
-412.39,28.78,6852
-405.51,28.79,6864
-406.81,28.41,6876
-414.43,28.23,6887
-416.91,27.84,6899
-406.12,27.13,6910
-409.80,27.31,6923
-412.92,27.53,6934
-412.11,27.95,6946
-413.95,28.43,6958
-404.75,28.92,6970
-404.98,29.05,6981
-415.55,28.93,6993
-415.27,28.28,7005
-406.24,27.41,7017
-410.87,27.42,7028
-413.38,27.17,7040
-413.27,27.18,7052
-405.75,27.59,7063
-408.58,28.08,7075
-414.84,28.71,7087
-413.61,28.81,7099
-407.88,28.77,7110
-407.60,28.28,7122
-413.75,28.33,7134
-413.65,27.82,7146
-412.34,27.39,7157
-407.45,27.83,7170
-408.73,27.35,7181
-415.92,28.02,7193
-413.78,27.96,7204
-409.94,27.39,7216
-407.67,29.29,7228
-411.52,27.82,7239
-413.61,29.35,7251
-410.25,28.34,7263
-406.63,28.04,7275
-407.90,28.33,7286
-414.80,27.44,7299
-414.03,27.50,7310
-410.25,27.14,7322
-409.65,27.48,7333
-411.39,28.23,7346
-412.84,28.64,7357
-410.79,29.28,7368
-404.16,28.90,7380
-408.77,28.95,7392
-412.43,28.07,7404
-414.38,27.46,7415
-407.57,27.14,7428
-413.82,26.82,7439
-413.54,27.80,7451
-410.65,27.87,7462
-408.16,28.80,7475
-406.32,28.82,7486
-414.64,28.86,7498
-414.15,29.18,7510
-406.85,27.94,7521
-410.29,27.92,7533
-412.03,27.66,7544
-413.91,27.50,7557
-413.43,27.96,7568
-404.85,27.61,7580
-408.94,28.22,7591
-415.55,28.20,7604
-410.67,28.83,7615
-410.19,28.13,7627
-410.78,28.31,7639
-408.48,28.41,7651
-416.73,27.79,7662
-408.76,28.88,7673
-405.06,27.34,7686
-414.61,28.00,7697
-412.41,27.57,7709
-412.94,27.39,7720
-411.73,28.01,7733
-407.20,28.14,7744
-414.03,28.69,7756
-414.42,28.58,7768
-407.03,28.97,7780
-408.65,27.64,7791
-410.54,28.52,7803
-414.66,27.45,7815
-408.04,27.24,7827
-409.83,27.92,7838
-412.71,27.40,7849
-411.40,28.37,7862
-410.84,28.29,7873
-407.07,28.45,7885
-408.06,28.38,7897
-418.67,28.31,7909
-408.17,27.62,7920
-408.36,27.67,7932
-415.35,27.92,7944
-405.90,27.60,7956
-416.52,28.23,7967
-411.43,27.74,7979
-401.50,28.19,7991
-414.62,28.46,8002
-415.18,28.33,8014
-406.65,28.33,8026
-411.91,27.92,8038
-411.68,27.95,8049
-407.78,27.92,8061
-416.77,27.84,8073
-407.94,28.05,8085
-405.12,28.17,8096
-414.45,28.12,8109
-411.79,28.05,8120
-411.30,28.01,8131
-410.20,27.95,8143
-409.64,28.46,8155
-413.37,28.28,8167
-412.71,27.98,8178
-406.12,28.64,8190
-408.32,28.06,8202
-412.20,28.30,8214
-412.89,27.95,8225
-407.27,27.16,8238
-411.33,28.22,8249
-416.65,28.03,8261
-409.51,28.27,8272
-408.02,28.66,8284
-407.71,28.60,8296
-409.54,28.67,8307
-416.05,28.36,8320
-410.67,27.71,8331
-406.73,27.27,8343
-413.81,27.59,8354
-412.51,27.53,8367
-411.41,27.78,8378
-409.51,28.62,8390
-405.12,28.50,8401
-412.37,29.10,8414
-414.69,28.54,8425
-408.06,28.04,8437
-409.14,27.87,8449
-412.22,27.46,8460
-412.74,27.88,8472
-413.50,27.59,8483
-408.14,28.17,8496
-406.79,28.13,8507
-414.41,28.59,8519
-413.88,28.34,8530
-409.18,28.11,8543
-408.96,28.34,8554
-409.38,28.21,8566
-415.26,28.45,8578
-411.94,28.08,8590
-411.55,27.89,8601
-412.46,27.98,8612
-413.66,27.77,8625
-411.65,27.74,8636
-406.48,27.73,8648
-411.88,28.17,8659
-415.21,28.46,8672
-410.65,28.51,8683
-407.05,28.46,8695
-408.28,28.48,8707
-411.98,28.10,8719
-415.71,28.03,8730
-410.18,27.44,8742
-406.40,27.36,8754
-413.84,28.18,8765
-412.52,27.38,8777
-411.80,29.38,8788
-407.38,27.83,8801
-403.97,29.27,8812
-418.25,28.40,8824
-412.25,27.75,8836
-406.62,27.95,8848
-411.97,27.15,8859
-409.06,28.06,8871
-416.91,27.63,8883
-413.66,27.95,8895
-402.13,28.37,8906
-408.77,28.64,8918
-415.69,28.61,8930
-411.28,28.04,8941
-409.36,27.83,8953
-407.30,27.76,8965
-413.38,27.95,8977
-415.63,27.77,8988
-407.95,27.87,9000
-407.09,28.34,9012
-417.04,28.34,9024
-415.78,28.46,9035
-404.86,28.02,9048
-409.14,27.92,9059
-415.39,28.39,9070
-413.86,28.03,9082
-409.86,27.98,9094
-407.14,28.11,9106
-406.19,27.94,9117
-418.52,28.36,9129
-414.40,28.07,9141
-403.32,27.57,9153
-412.31,27.72,9164
-410.18,28.15,9177
-415.52,28.18,9188
-412.37,28.28,9200
-400.64,28.68,9211
-410.37,28.10,9223
-415.88,28.59,9235
-413.34,27.75,9246
-409.03,27.32,9259
-408.66,28.08,9270
-412.18,27.78,9282
-416.18,28.31,9293
-411.77,28.20,9306
-402.25,28.21,9317
-410.60,28.60,9329
-415.25,28.48,9340
-411.90,27.76,9353
-412.04,27.59,9364
-405.75,27.72,9375
-418.88,27.81,9388
-408.57,28.15,9399
-406.10,27.95,9411
-409.47,28.23,9422
-413.88,28.43,9435
-415.16,28.34,9446
-407.79,27.96,9458
-406.22,27.92,9469
-413.16,28.05,9482
-414.57,28.08,9493
-411.65,28.12,9505
-405.60,28.15,9517
-407.92,28.23,9529
-415.92,28.27,9540
-415.48,27.97,9551
-407.19,27.59,9564
-407.36,27.60,9575
-413.55,27.99,9587
-413.75,28.25,9598
-411.67,28.45,9611
-405.72,28.55,9622
-406.26,28.30,9634
-417.19,28.35,9646
-416.23,27.90,9658
-404.43,27.46,9669
-410.47,27.57,9681
-414.87,27.78,9693
-410.00,28.05,9704
-415.58,28.58,9716
-404.03,28.54,9728
-403.68,28.61,9740
-421.70,28.59,9751
-412.44,27.66,9763
-404.79,27.56,9775
-410.98,27.77,9787
-413.70,27.60,9798
-413.48,27.98,9810
-402.42,28.15,9822
-409.22,28.12,9834
-418.33,28.54,9845
-410.97,28.17,9857
-409.19,27.91,9869
-408.52,27.97,9880
-411.24,28.15,9892
-417.78,28.02,9904
-407.82,27.90,9916
-404.03,28.14,9927
-413.18,27.92,9939
-413.06,28.32,9951
-414.42,27.74,9963
-410.15,27.85,9974
-403.34,28.22,9987
-416.85,28.39,9998
-415.37,28.64,10009
-403.80,28.20,10021
-409.53,28.63,10033
-407.41,28.02,10045
-414.77,28.15,10056
-417.60,27.42,10068
-404.76,27.00,10080
-408.68,27.74,10092
-415.11,28.02,10103
-414.73,28.31,10116
-408.81,28.60,10127
-404.03,28.38,10139
-409.76,28.69,10150
-416.05,27.98,10162
-406.31,27.64,10174
-408.92,27.49,10185
-414.44,27.79,10198
-414.46,28.23,10209
-409.82,27.93,10221
-402.23,28.76,10232
-409.76,28.16,10245
-417.22,28.59,10256
-412.75,27.91,10268
-406.51,27.75,10279
-407.91,27.99,10292
-413.17,27.94,10303
-415.98,28.59,10314
-409.14,28.12,10327
-402.77,28.28,10338
-409.86,28.13,10350
-416.18,27.88,10361
-413.80,27.86,10374
-408.18,27.30,10385
-406.86,28.07,10397
-413.77,28.27,10408
-415.27,28.38,10421
-408.38,28.72,10432
-404.56,28.25,10444
-409.14,28.37,10456
-416.19,28.23,10468
-414.45,27.56,10479
-406.54,27.37,10490
-407.79,27.75,10503
-413.27,27.99,10514
-416.10,28.35,10526
-409.71,28.55,10537
-402.65,28.65,10550
-415.39,28.61,10561
-414.44,28.33,10573
-406.69,27.64,10585
-407.63,27.81,10597
-414.05,27.89,10608
-413.91,28.32,10620
-410.90,28.07,10632
-404.70,28.18,10643
-407.93,28.09,10655
-417.89,28.28,10667
-412.26,27.96,10679
-405.92,27.85,10690
-410.27,28.13,10702
-410.98,27.91,10714
-415.36,28.30,10726
-410.41,28.15,10737
-403.04,28.42,10749
-410.01,28.13,10761
-418.16,27.96,10773
-413.48,27.53,10784
-405.22,27.41,10796
-410.95,27.83,10808
-412.07,28.16,10819
-413.44,28.39,10831
-411.92,28.61,10843
-402.02,28.39,10855
-411.12,28.50,10866
-418.84,27.92,10878
-409.97,27.49,10890
-407.97,27.75,10902
-409.98,27.72,10913
-412.02,27.97,10926
-416.07,28.11,10937
-409.70,28.36,10948
-412.09,28.31,10960
-416.79,28.77,10972
-409.72,27.90,10984
-408.95,27.52,10995
-410.85,27.69,11008
-411.86,27.62,11019
-414.93,28.22,11031
-409.28,28.16,11042
-404.66,28.55,11055
-412.35,28.37,11066
-416.29,28.34,11078
-408.65,28.00,11089
-409.27,27.46,11101
-411.63,28.08,11113
-411.19,27.91,11124
-416.25,28.17,11137
-406.70,28.25,11148
-405.14,28.10,11160
-413.29,28.42,11171
-413.40,28.18,11184
-411.85,27.81,11195
-407.90,27.79,11207
-409.79,27.94,11218
-413.65,28.18,11231
-413.30,28.21,11242
-407.24,28.34,11253
-405.79,28.08,11266
-411.61,28.26,11277
-415.56,28.00,11289
-412.51,27.80,11300
-405.86,28.02,11313
-409.69,28.09,11324
-415.21,28.43,11336
-408.86,28.33,11347
-406.05,28.25,11360
-411.80,27.96,11371
-416.70,28.12,11383
-409.85,27.71,11395
-409.07,27.50,11407
-409.99,27.90,11418
-412.32,28.15,11429
-415.05,28.24,11442
-405.81,28.54,11453
-404.34,28.34,11465
-414.36,28.14,11476
-414.32,28.11,11489
-410.01,27.37,11500
-410.18,27.59,11512
-408.77,27.74,11524
-413.81,28.08,11536
-416.00,28.37,11547
-404.82,28.29,11559
-405.77,28.42,11571
-413.12,28.38,11582
-414.59,28.09,11594
-411.00,27.72,11606
-406.97,27.61,11618
-410.43,28.06,11629
-415.30,28.20,11641
-413.54,28.11,11653
-407.10,28.14,11665
-404.75,28.28,11676
-413.57,28.37,11688
-417.93,28.12,11700
-409.65,27.82,11712
-405.66,27.71,11723
-412.67,27.93,11735
-412.61,27.89,11747
-407.04,28.03,11758
-405.28,28.13,11770
-415.18,28.47,11782
-415.70,28.34,11794
-408.65,27.63,11805
-406.64,27.90,11817
-411.12,28.15,11829
-416.63,28.15,11841
-412.10,28.24,11852
-404.93,27.93,11865
-407.32,28.26,11876
-413.87,28.22,11887
-415.22,28.08,11899
-410.53,27.65,11911
-405.30,27.66,11923
-411.85,28.24,11934
-417.12,28.10,11947
-410.93,28.34,11958
-406.48,28.90,11970
-406.29,28.47,11981
-412.12,28.67,11994
-417.51,27.69,12005
-409.87,26.73,12017
-407.30,27.27,12028
-413.75,27.31,12040
-415.20,28.31,12052
-411.73,28.66,12063
-405.04,29.05,12076
-405.43,29.12,12087
-413.67,28.70,12099
-416.52,28.17,12110
-408.90,27.41,12123
-413.66,27.25,12134
-414.34,27.16,12146
-414.62,27.27,12157
-407.27,27.69,12170
-403.25,28.37,12181
-417.64,29.01,12192
-414.52,29.19,12205
-404.60,28.52,12216
-408.93,28.26,12228
-410.84,28.18,12239
-414.60,28.24,12252
-414.52,27.93,12263
-402.38,27.71,12275
-406.76,27.50,12286
-417.63,27.51,12299
-414.85,27.70,12310
-409.66,27.71,12322
-406.01,28.46,12334
-408.52,28.78,12345
-417.38,29.08,12357
-412.14,28.71,12368
-401.86,28.24,12381
-408.53,27.73,12392
-415.48,27.34,12404
-415.58,26.94,12416
-411.19,26.86,12428
-405.28,27.59,12439
-412.57,28.61,12451
-415.58,29.08,12463
-408.81,29.61,12475
-404.60,29.28,12486
-405.51,28.77,12498
-415.21,28.03,12510
-407.43,26.85,12521
-407.85,26.76,12533
-413.54,26.85,12545
-414.30,27.35,12557
-413.31,27.94,12568
-404.51,28.58,12580
-405.39,29.28,12592
-417.18,29.62,12604
-412.93,29.17,12615
-407.38,28.22,12627
-408.53,27.59,12639
-410.17,27.25,12651
-417.65,26.96,12662
-413.30,26.89,12674
-402.98,27.60,12686
-408.31,28.09,12697
-415.32,28.81,12709
-413.31,28.78,12721
-408.19,28.47,12733
-406.06,28.88,12744
-411.46,28.72,12756
-415.98,28.15,12768
-410.32,27.09,12780
-404.79,27.10,12791
-410.81,27.13,12804
-413.90,27.65,12815
-416.44,27.86,12826
-409.27,27.88,12838
-403.80,28.87,12850
-415.05,29.02,12862
-414.59,29.16,12873
-407.84,28.58,12886
-406.29,28.18,12897
-406.44,27.75,12909
-416.79,27.26,12920
-406.78,26.83,12933
-407.08,26.97,12944
-413.36,27.75,12956
-412.71,28.45,12967
-410.44,28.77,12979
-404.26,28.94,12991
-407.46,28.95,13002
-415.29,28.96,13015
-414.71,28.41,13026
-408.54,27.38,13038
-409.31,26.96,13049
-413.56,27.11,13062
-414.48,27.41,13073
-414.25,27.90,13085
-402.36,28.81,13096
-405.78,29.04,13109
-417.32,29.21,13120
-410.03,28.93,13131
-409.22,28.03,13144
-409.48,27.98,13155
-409.66,27.62,13167
-417.30,27.40,13178
-411.03,27.74,13191
-403.58,27.59,13202
-411.54,28.21,13214
-413.18,28.14,13225
-413.43,28.28,13238
-411.18,28.62,13249
-404.12,28.54,13261
-412.03,28.83,13273
-415.57,28.13,13284
-408.71,28.20,13296
-407.12,27.72,13307
-416.56,27.45,13320
-416.67,27.31,13331
-407.20,26.92,13343
-409.13,27.92,13355
-410.98,28.50,13367
-412.22,29.10,13378
-412.54,29.33,13390
-402.68,28.94,13402
-406.70,28.65,13414
-419.21,28.04,13425
-412.46,27.31,13436
-409.39,26.87,13449
-411.69,27.18,13460
-409.70,27.89,13472
-416.66,28.48,13484
-411.10,28.77,13496
-402.19,29.28,13507
-409.40,28.89,13519
-415.71,28.84,13531
-412.92,27.89,13543
-408.15,27.27,13554
-410.73,27.50,13566
-411.13,27.32,13578
-415.17,27.93,13590
-411.67,28.11,13601
-403.52,28.25,13613
-410.91,28.54,13625
-415.26,28.60,13636
-412.67,28.25,13648
-407.34,28.21,13660
-408.28,28.14,13672
-413.21,27.88,13683
-411.73,27.78,13696
-404.63,27.76,13707
-409.46,27.74,13719
-417.20,28.17,13730
-412.63,27.92,13743
-406.39,27.84,13754
-409.54,28.09,13765
-412.03,28.59,13777
-412.48,28.51,13789
-411.54,28.34,13801
-403.67,28.29,13812
-409.24,27.70,13825
-418.38,27.87,13836
-411.60,27.29,13848
-408.79,27.40,13859
-409.75,28.04,13872
-411.01,28.26,13883
-415.87,28.65,13895
-409.68,28.55,13906
-403.81,28.47,13918
-410.79,28.50,13930
-416.75,28.10,13941
-411.60,27.55,13954
-408.29,27.17,13965
-409.45,27.48,13977
-413.10,28.02,13988
-415.38,27.90,14001
-408.38,28.80,14012
-403.91,28.63,14024
-409.12,28.75,14035
-416.67,28.63,14048
-412.42,27.47,14059
-407.81,27.80,14071
-409.80,27.56,14083
-417.11,27.76,14094
-409.35,28.06,14106
-403.04,28.10,14117
-411.00,28.76,14130
-413.77,28.54,14141
-412.57,28.77,14153
-408.48,27.85,14164
-406.50,27.86,14177
-414.13,27.93,14188
-416.06,27.59,14200
-407.70,27.96,14212
-406.37,27.67,14224
-407.83,27.93,14235
-413.98,28.14,14246
-416.79,28.02,14259
-406.31,28.03,14270
-406.71,28.51,14282
-414.68,28.79,14294
-411.08,28.54,14306
-410.32,28.41,14317
-406.33,27.84,14329
-406.29,27.90,14341
-417.78,27.69,14353
-415.53,27.35,14364
-405.31,27.59,14376
-409.50,27.92,14388
-411.97,28.62,14399
-411.79,28.78,14411
-411.81,28.90,14423
-402.69,28.51,14435
-407.66,28.25,14446
-419.58,27.84,14458
-411.54,27.05,14470
-410.73,27.36,14482
-411.75,27.74,14493
-416.28,28.07,14505
-408.76,28.48,14517
-402.77,28.63,14529
-412.24,28.59,14540
-415.28,28.63,14552
-411.93,28.04,14564
-408.32,27.85,14575
-406.61,27.81,14587
-414.43,27.81,14599
-416.49,27.88,14611
-407.12,27.49,14622
-406.33,27.92,14635
-409.74,28.01,14646
-416.44,28.43,14658
-415.40,28.28,14669
-403.58,28.02,14682
-410.15,28.47,14693
-415.13,28.46,14705
-411.70,28.24,14716
-409.92,28.18,14728
-405.34,27.56,14740
-410.69,27.92,14751
-419.73,27.69,14764
-411.01,27.22,14775
-408.14,28.07,14787
-410.27,28.34,14798
-410.91,28.88,14811
-416.49,28.67,14822
-406.40,28.58,14834
-404.00,28.23,14845
-414.61,28.03,14858
-412.54,27.59,14869
-408.11,26.86,14880
-408.67,27.34,14893
-414.13,27.76,14904
-416.12,28.35,14916
-407.64,28.94,14927
-403.93,28.72,14940
-412.44,28.83,14951
-416.07,28.71,14963
-412.32,28.00,14974
-408.76,27.46,14987
-409.09,27.41,14998
-412.74,27.36,15010
-415.14,27.57,15022
-409.10,28.06,15033
-403.36,28.24,15045
-411.50,28.83,15056
-416.70,28.85,15069
-410.92,28.26,15080
-407.25,28.13,15092
-410.48,27.85,15104
-412.35,27.72,15116
-414.96,27.79,15127
-409.24,27.82,15139
-404.69,27.92,15151
-412.75,27.96,15163
-414.74,28.19,15174
-412.11,27.83,15185
-406.62,28.37,15198
-407.76,28.60,15209
-413.95,28.24,15221
-412.15,28.24,15233
-409.26,27.75,15245
-406.34,27.59,15256
-416.67,27.68,15268
-414.35,27.40,15280
-405.66,27.36,15292
-410.29,27.78,15303
-414.43,28.63,15315
-412.24,28.92,15327
-408.01,28.87,15338
-405.55,28.71,15350
-411.40,28.15,15362
-416.33,27.94,15374
-412.32,27.07,15385
-407.96,26.98,15397
-409.62,27.57,15409
-413.74,28.10,15421
-414.93,28.54,15432
-405.99,28.66,15444
-404.57,28.86,15456
-413.39,28.82,15468
-413.76,28.50,15479
-411.95,27.67,15492
-409.11,27.46,15503
-409.41,27.44,15514
-414.42,27.70,15526
-416.29,27.89,15538
-406.40,28.17,15550
-406.03,28.33,15561
-413.19,28.75,15574
-414.21,28.43,15585
-411.71,28.06,15597
-406.86,28.38,15608
-408.77,27.83,15621
-414.94,28.08,15632
-413.27,27.78,15644
-405.46,27.55,15655
-413.97,27.83,15667
-416.74,27.78,15679
-408.28,27.91,15690
-408.87,27.86,15703
-411.27,28.35,15714
-411.01,28.62,15726
-414.59,28.55,15737
-407.62,28.72,15750
-402.96,28.24,15761
-415.94,28.13,15773
-416.89,27.68,15784
-408.68,27.12,15797
-410.11,27.42,15808
-410.26,27.84,15819
-414.74,28.13,15832
-412.20,28.85,15843
-406.03,28.60,15855
-405.33,29.06,15866
-412.70,28.32,15879
-415.93,28.06,15890
-410.89,27.33,15902
-405.98,27.51,15913
-413.31,27.68,15926
-415.28,27.53,15937
-411.16,28.18,15949
-410.24,28.15,15961
-402.87,28.86,15972
-412.41,28.87,15984
-418.69,28.40,15995
-406.01,28.23,16008
-408.06,27.73,16019
-412.52,27.92,16031
-415.25,27.47,16043
-406.19,27.72,16055
-404.59,27.71,16066
-415.32,28.02,16078
-414.89,28.46,16090
-409.98,28.06,16102
-406.82,28.41,16113
-408.38,28.30,16124
-415.67,28.68,16137
-413.77,27.81,16148
-403.35,28.88,16160
-407.25,27.29,16172
-413.95,28.38,16184
-415.74,27.76,16195
-411.89,27.08,16207
-404.70,28.38,16219
-411.97,27.96,16231
-413.47,29.09,16242
-412.36,28.64,16254
-406.65,28.78,16266
-404.11,28.26,16278
-414.03,28.04,16289
-419.65,27.60,16301
-404.92,26.89,16313
-408.29,27.38,16324
-413.31,27.59,16336
-414.03,28.32,16348
-415.50,28.25,16360
-404.12,28.99,16371
-404.76,29.07,16384
-414.33,28.61,16395
-416.39,28.23,16407
-408.26,27.02,16418
-405.94,27.57,16431
-415.83,27.43,16442
-413.00,27.59,16453
-403.25,27.69,16465
-406.66,27.94,16477
-413.31,28.65,16489
-417.21,28.64,16500
-410.76,28.63,16513
-401.44,28.19,16524
-415.60,28.33,16536
-415.90,28.42,16547
-409.67,27.46,16560
-409.54,27.84,16571
-405.72,27.51,16583
-414.63,27.56,16594
-419.85,27.85,16606
-406.49,27.45,16618
-407.70,28.63,16629
-411.56,28.67,16642
-412.32,28.97,16653
-413.73,28.81,16665
-401.53,28.31,16676
-407.60,27.97,16689
-419.47,27.68,16700
-412.62,26.83,16712
-411.42,26.80,16723
-410.06,27.60,16736
-407.24,28.19,16747
-418.65,28.91,16758
-412.34,29.03,16771
-399.26,28.89,16782
-411.43,28.92,16794
-413.97,28.14,16805
-412.11,27.40,16818
-406.71,27.07,16829
-410.62,27.00,16841
-418.82,27.58,16852
-410.20,27.82,16865
-403.36,28.48,16876
-409.74,28.77,16888
-413.14,29.08,16900
-415.04,28.82,16912
-409.06,27.93,16923
-405.60,27.96,16934
-413.15,27.86,16947
-414.26,27.85,16958
-410.96,27.68,16970
-406.94,27.56,16982
-405.00,28.13,16994
-417.10,28.44,17005
-415.50,28.44,17017
-405.06,28.43,17029
-408.37,28.48,17041
-410.85,28.67,17052
-413.62,28.45,17064
-412.92,27.80,17076
-402.92,27.72,17087
-407.22,27.78,17099
-417.52,28.00,17111
-414.03,27.34,17123
-408.11,27.66,17134
-408.83,27.88,17146
-410.39,28.70,17158
-415.78,29.00,17170
-411.83,28.76,17181
-402.34,28.73,17193
-407.81,28.34,17205
-413.46,28.15,17217
-410.89,27.31,17228
-406.18,27.22,17240
-410.90,27.16,17252
-419.26,27.64,17263
-409.01,28.09,17275
-403.68,28.52,17287
-408.17,28.78,17299
-412.86,29.08,17310
-414.92,28.54,17323
-408.16,27.76,17334
-406.47,27.79,17346
-411.92,27.49,17357
-418.43,27.65,17370
-408.86,27.49,17381
-403.89,27.82,17392
-411.22,28.09,17404
-411.71,28.40,17416
-417.65,28.49,17428
-407.64,28.04,17439
-403.48,28.49,17452
-415.22,28.24,17463
-413.96,28.45,17475
-409.59,27.78,17486
-406.76,27.90,17499
-408.41,27.52,17510
-414.07,27.72,17522
-418.10,27.67,17533
-408.29,27.68,17545
-405.30,28.60,17557
-416.35,29.07,17568
-410.23,28.92,17581
-410.42,28.85,17592
-406.77,27.99,17604
-417.23,27.99,17615
-416.76,27.49,17628
-407.07,26.90,17639
-409.08,27.30,17651
-410.71,27.70,17662
-415.89,28.65,17675
-410.46,28.69,17686
-401.98,28.91,17698
-410.09,28.70,17710
-413.42,28.65,17721
-415.09,28.03,17733
-410.54,27.35,17744
-405.35,27.29,17757
-414.76,27.10,17768
-416.92,27.83,17780
-408.96,28.04,17792
-405.69,28.74,17804
-407.66,28.87,17815
-413.79,28.93,17827
-415.03,28.52,17839
-408.33,28.13,17851
-405.68,27.83,17862
-413.49,27.68,17873
-415.61,27.66,17886
-409.42,27.59,17897
-407.42,27.96,17909
-407.89,28.13,17921
-415.84,28.28,17933
-415.10,27.82,17944
-404.55,28.04,17956
-410.70,28.49,17968
-410.25,28.26,17980
-414.33,28.38,17991
-399.66,27.75,18003
-410.62,27.96,18015
-418.24,28.08,18026
-410.27,27.67,18038
-409.67,27.65,18050
-409.46,27.49,18062
-409.73,27.99,18073
-415.50,28.22,18085
-412.77,28.60,18097
-401.62,28.70,18109
-409.52,28.40,18120
-418.85,28.62,18132
-410.12,27.87,18144
-410.24,27.40,18156
-409.48,27.40,18167
-410.72,27.62,18179
-415.56,28.07,18191
-410.17,28.41,18202
-404.83,28.64,18214
-408.15,28.74,18226
-415.91,28.85,18238
-413.47,28.13,18249
-405.65,27.84,18262
-409.39,27.75,18273
-412.61,27.70,18285
-414.41,27.72,18296
-411.13,27.79,18309
-404.58,27.78,18320
-407.71,28.27,18332
-417.63,28.52,18343
-412.91,27.99,18355
-405.96,28.25,18367
-410.88,28.26,18378
-415.23,28.28,18391
-411.00,28.04,18402
-403.10,28.16,18414
-411.70,27.92,18425
-416.80,27.80,18438
-413.58,27.53,18449
-409.01,27.18,18461
-408.63,28.03,18472
-411.89,28.32,18485
-415.01,28.72,18496
-409.02,28.61,18507
-403.09,28.41,18520
-410.12,28.25,18531
-415.73,28.00,18543
-413.64,27.63,18554
-407.89,27.09,18567
-408.48,27.65,18578
-413.23,28.03,18590
-415.67,28.16,18601
-408.19,28.71,18614
-403.25,28.37,18625
-411.22,28.59,18637
-414.24,28.54,18649
-414.31,27.80,18660
-407.37,27.62,18672
-406.26,27.61,18683
-417.42,27.72,18696
-413.18,27.74,18707
-408.59,28.19,18719
-407.34,28.11,18731
-407.16,28.56,18743
-417.46,28.71,18754
-413.59,28.19,18766
-403.87,28.19,18778
-414.57,27.97,18790
-413.17,27.78,18801
-409.34,27.87,18812
-404.75,28.00,18825
-408.52,28.22,18836
-419.02,28.25,18848
-411.83,27.78,18860
-403.92,27.70,18872
-412.42,27.87,18883
-414.12,28.32,18895
-412.60,28.45,18907
-410.16,28.33,18919
-403.73,28.49,18930
-410.77,28.01,18942
-417.73,28.05,18954
-411.56,27.33,18965
-404.53,27.18,18977
-411.73,27.66,18989
-413.94,27.83,19001
-413.08,28.33,19012
-409.15,28.62,19024
-402.79,28.91,19036
-411.80,29.08,19048
-415.36,28.37,19059
-409.45,27.58,19072
-408.46,27.30,19083
-409.23,27.57,19095
-414.69,27.63,19106
-416.23,27.55,19119
-403.70,28.04,19130
-406.86,28.27,19141
-413.08,28.86,19153
-413.88,28.79,19165
-403.96,28.31,19177
-408.59,28.12,19188
-416.20,28.12,19201
-411.96,27.77,19212
-408.59,27.69,19224
-406.04,27.79,19235
-412.46,27.72,19248
-415.87,28.21,19259
-410.97,28.05,19271
-408.30,28.05,19282
-407.72,28.53,19294
-415.80,28.56,19306
-411.69,28.66,19317
-404.89,28.60,19330
-407.91,28.11,19341
-411.75,27.80,19353
-416.72,27.47,19364
-411.46,27.03,19377
-406.82,27.36,19388
-412.07,28.16,19400
-412.54,28.56,19411
-412.82,28.87,19424
-405.20,29.05,19435
-404.43,28.66,19446
-413.35,28.35,19459
-414.68,27.56,19470
-411.73,26.93,19482
-407.72,27.14,19493
-410.88,27.43,19506
-415.27,27.96,19517
-412.10,28.54,19529
-408.20,28.96,19540
-404.32,28.93,19553
-416.69,29.03,19564
-407.99,28.17,19576
-407.64,27.72,19588
-413.67,27.55,19599
-412.18,27.25,19611
-413.18,27.33,19622
-408.55,27.64,19635
-404.62,28.07,19646
-415.21,28.60,19658
-415.01,28.77,19670
-407.54,28.42,19682
-409.19,28.30,19693
-410.63,28.21,19705
-413.81,28.18,19717
-413.28,28.02,19729
-407.15,27.78,19740
-407.07,27.76,19752
-414.07,27.73,19764
-416.80,28.01,19775
-406.54,27.67,19787
-407.74,28.47,19799
-413.90,28.14,19811
-409.55,28.77,19822
-415.41,28.32,19834
-406.73,28.92,19846
-404.38,28.04,19858
-419.68,27.96,19869
-409.85,27.77,19881
-411.53,26.44,19893
-410.65,28.19,19905
-409.92,27.27,19916
-416.86,28.72,19928
-411.40,28.62,19940
-404.21,28.97,19951
-413.63,28.76,19963
-414.05,28.58,19975
-411.47,27.93,19987
-405.99,27.12,19998
-412.65,27.79,20011
-415.05,26.92,20022
-411.69,28.17,20034
-406.24,28.28,20045
-408.15,28.21,20058
-414.09,29.40,20069
-412.21,28.26,20080
-411.22,28.58,20092
-405.51,27.87,20104
-411.87,27.66,20116
-416.63,27.88,20127
-408.84,27.50,20140
-406.73,27.89,20151
-409.40,27.68,20163
-414.09,28.46,20174
-413.65,28.05,20187
-409.39,28.48,20198
-406.51,28.51,20210
-411.71,28.42,20221
-416.46,28.52,20233
-410.34,27.62,20245
-404.74,28.08,20256
-410.07,27.72,20269
-415.28,28.00,20280
-413.99,27.72,20292
-409.23,27.22,20303
-406.99,28.01,20316
-413.67,28.11,20327
-415.68,28.53,20339
-404.07,28.75,20350
-407.44,28.71,20363
-415.49,28.73,20374
-416.00,28.17,20386
-409.01,27.48,20398
-407.52,26.83,20409
-414.20,27.43,20421
-415.82,27.80,20432
-410.37,27.84,20445
-406.89,28.87,20456
-406.02,28.80,20468
-415.27,28.91,20480
-416.67,28.78,20492
-404.68,27.67,20503
-408.37,27.94,20515
-412.93,27.58,20527
-413.37,27.68,20539
-414.69,28.04,20550
-402.78,27.80,20561
-407.95,28.14,20574
-416.91,28.27,20585
-413.38,27.93,20597
-409.68,28.19,20609
-406.44,28.50,20621
-412.30,28.33,20632
-415.53,28.21,20644
-409.63,27.90,20656
-405.35,27.79,20668
-408.87,27.90,20679
-414.67,27.88,20691
-414.90,27.33,20703
-409.92,27.63,20714
-405.77,28.23,20726
-416.26,28.23,20738
-408.43,28.60,20750
-403.96,28.69,20761
-408.14,28.47,20773
-414.19,28.64,20785
-415.80,28.09,20797
-408.82,27.42,20808
-406.87,27.22,20820
-414.30,27.50,20832
-414.07,28.10,20844
-410.83,28.18,20855
-407.71,28.74,20867
-404.47,28.80,20879
-415.09,28.88,20890
-415.51,28.35,20902
-404.95,27.44,20914
-409.14,27.29,20926
-413.03,27.43,20937
-413.22,27.72,20950
-412.46,27.65,20961
-404.60,28.45,20973
-406.74,28.18,20984
-416.17,28.97,20997
-413.91,28.47,21008
-406.55,28.45,21019
-409.48,28.31,21031
-411.21,27.86,21043
-414.97,27.89,21055
-413.64,27.39,21066
-402.82,27.69,21079
-410.70,27.93,21090
-417.04,27.93,21102
-412.60,28.05,21113
-410.24,28.00,21126
-409.03,28.46,21137
-416.18,28.76,21149
-411.06,28.58,21160
-402.72,28.24,21172
-412.57,27.92,21184
-414.89,27.62,21195
-412.73,27.31,21208
-412.86,27.16,21219
-406.57,27.67,21231
-410.83,28.12,21242
-416.20,28.94,21255
-409.25,28.89,21266
-403.89,29.08,21278
-410.06,28.82,21289
-412.57,28.25,21302
-414.76,27.51,21313
-410.73,26.94,21325
-407.33,27.30,21337
-413.21,27.58,21348
-414.37,28.03,21360
-410.04,28.45,21371
-403.83,28.56,21384
-408.65,29.16,21395
-415.14,28.62,21407
-412.84,28.33,21419
-408.93,27.28,21431
-407.70,27.61,21442
-411.98,27.54,21454
-415.50,27.79,21466
-410.78,28.28,21478
-404.12,28.09,21489
-409.27,28.84,21500
-415.34,28.46,21513
-408.85,28.09,21524
-405.39,28.17,21536
-413.79,27.86,21548
-415.78,28.17,21560
-407.66,27.89,21571
-408.27,27.84,21583
-407.78,27.76,21595
-413.87,27.90,21607
-418.10,27.79,21618
-405.05,27.93,21630
-407.13,28.06,21642
-417.21,28.62,21653
-409.69,28.61,21665
-411.63,28.62,21677
-406.08,28.54,21689
-404.88,27.93,21700
-421.01,28.09,21712
-411.61,27.19,21724
-405.89,27.17,21736
-413.99,27.65,21747
-408.41,27.74,21760
-415.95,28.84,21771
-411.68,28.50,21783
-400.47,28.84,21794
-412.95,28.63,21806
-415.10,28.33,21818
-411.09,28.05,21829
-411.92,27.27,21841
-406.33,27.45,21853
-412.09,27.47,21865
-417.66,27.67,21876
-406.90,28.33,21889
-405.50,28.56,21900
-413.35,28.98,21912
-414.09,28.53,21923
-407.21,27.91,21936
-407.57,28.35,21947
-414.95,27.73,21959
-414.52,28.01,21970
-409.96,27.48,21982
-404.45,27.66,21994
-411.84,27.88,22005
-414.76,28.15,22018
-413.03,28.04,22029
-408.32,28.05,22041
-406.87,28.15,22052
-414.36,28.48,22065
-414.70,28.60,22076
-407.82,28.04,22088
-405.43,28.22,22099
-409.72,27.81,22112
-415.67,27.54,22123
-414.03,27.36,22134
-406.85,27.45,22147
-407.33,28.18,22158
-415.28,28.74,22170
-413.18,28.55,22181
-406.85,28.79,22194
-406.77,28.19,22205
-408.55,28.25,22217
-416.08,27.89,22228
-416.34,27.04,22241
-404.50,27.26,22252
-409.35,27.29,22264
-414.50,28.16,22276
-412.95,28.44,22287
-410.90,28.82,22299
-408.20,28.84,22310
-418.07,28.70,22323
-410.54,28.40,22334
-408.19,27.32,22346
-410.21,27.38,22358
-411.64,27.45,22370
-416.19,27.52,22381
-408.98,28.02,22393
-403.09,28.39,22405
-411.37,28.65,22417
-415.07,28.87,22428
-409.03,28.31,22439
-409.19,27.93,22452
-408.82,27.97,22463
-410.68,27.78,22475
-418.95,27.77,22487
-406.71,27.70,22499
-403.37,28.04,22510
-414.28,28.40,22522
-413.24,28.58,22534
-413.73,28.09,22546
-408.66,28.02,22557
-406.88,28.05,22569
-414.18,28.42,22581
-413.97,28.38,22592
-407.39,28.38,22604
-405.82,28.11,22616
-411.77,27.99,22628
-415.41,27.87,22639
-412.34,27.45,22651
-406.86,27.99,22663
-410.69,28.45,22675
-413.70,28.24,22686
-408.91,28.45,22699
-402.75,28.38,22710
-411.82,28.36,22722
-416.69,28.54,22733
-409.74,27.77,22745
-409.68,27.43,22757
-409.74,27.59,22768
-413.46,27.65,22780
-415.82,28.15,22792
-405.20,28.16,22804
-405.07,28.45,22815
-413.20,28.59,22828
-414.57,28.48,22839
-412.95,28.15,22851
-407.22,27.57,22862
-408.46,27.85,22875
-416.55,27.74,22886
-414.38,27.93,22898
-405.51,28.23,22909
-408.30,28.21,22921
-411.21,28.29,22933
-414.60,28.12,22944
-415.45,27.83,22957
-403.00,27.82,22968
-410.30,28.13,22980
-417.53,28.31,22991
-409.80,28.35,23004
-409.55,28.33,23015
-405.78,27.93,23027
-409.85,27.83,23038
-417.96,27.66,23051
-411.56,27.31,23062
-404.23,27.76,23073
23.43,28.34,23086
-7998.68,28.53,23097
-409.37,28.77,23109
-402.55,28.66,23120
-411.88,28.42,23133
-419.66,28.28,23144
-408.43,27.31,23156
-407.32,27.06,23168
-411.91,27.60,23180
-413.69,27.97,23191
-414.13,28.50,23203
-405.94,28.61,23215
-402.91,28.54,23226
-414.41,28.40,23238
-416.56,28.37,23249
-408.60,27.75,23262
-406.56,28.02,23273
-410.59,27.94,23285
-415.20,28.15,23297
-413.37,27.93,23309
-406.07,28.16,23320
-404.84,28.29,23332
-412.95,28.27,23344
-417.74,28.32,23356
-410.48,27.41,23367
-405.87,27.94,23378
-412.94,28.09,23391
-413.74,28.22,23402
-413.57,28.38,23414
-406.10,28.18,23426
-404.99,28.18,23438
-414.68,28.20,23449
-416.73,27.82,23461
-410.26,27.67,23473
-409.55,27.99,23485
-415.65,28.28,23496
-413.48,28.46,23508
-403.44,28.39,23520
-408.48,28.49,23531
-412.80,28.29,23543
-413.25,28.18,23555
-414.84,27.86,23567
-403.36,27.26,23578
-410.92,27.71,23590
-418.12,28.08,23602
-409.25,28.12,23614
-407.63,28.56,23625
-406.52,28.47,23638
-411.98,28.44,23649
-417.30,28.24,23661
-410.02,27.65,23672
-405.22,27.73,23684
-411.86,28.04,23696
-415.35,28.05,23707
-412.04,28.12,23719
-406.36,28.23,23731
-405.31,28.03,23743
-414.95,28.48,23754
-415.89,27.99,23767
-407.88,27.75,23778
-407.23,27.87,23790
-411.36,28.01,23801
-415.75,28.30,23814
-412.64,28.22,23825
-404.14,28.45,23837
-406.38,28.18,23848
-416.99,28.14,23860
-407.48,27.43,23872
-409.08,27.53,23883
-410.94,28.03,23896
-415.37,28.18,23907
-411.06,28.64,23919
-403.96,28.42,23930
-406.34,28.38,23943
-414.22,28.23,23954
-418.78,28.01,23966
-407.29,27.25,23977
-405.96,27.36,23990
-415.31,27.70,24001
-414.53,28.04,24012
-413.09,28.54,24025
-405.11,28.73,24036
-403.51,28.65,24048
-415.37,28.37,24059
-416.82,28.04,24072
-407.43,27.16,24083
-408.34,27.58,24095
-412.68,27.53,24107
-414.09,28.08,24119
-414.23,28.54,24130
-403.21,28.19,24142
-405.31,28.64,24154
-417.35,28.63,24165
-414.68,28.33,24177
-408.08,27.56,24188
-407.59,27.68,24201
-412.26,27.81,24212
-414.27,27.91,24224
-414.48,28.11,24236
-403.75,28.30,24248
-405.46,28.39,24259
-414.46,28.74,24271
-408.72,28.08,24283
-407.39,27.89,24295
-411.25,27.93,24306
-415.63,27.78,24317
-413.41,28.07,24330
-403.43,27.91,24341
-408.11,28.11,24353
-416.92,28.28,24365
-413.52,28.19,24377
-409.45,27.76,24388
-405.83,27.90,24400
-412.57,28.26,24412
-417.28,28.03,24424
-410.05,28.14,24435
-404.95,28.26,24448
-407.75,28.33,24459
-415.98,28.46,24470
-417.01,27.72,24482
-406.97,27.53,24494
-405.37,27.55,24506
-415.86,28.02,24517
-414.72,28.29,24529
-409.77,28.36,24541
-406.47,28.67,24553
-405.51,28.56,24564
-415.71,28.70,24577
-417.19,27.54,24588
-405.67,27.40,24600
-407.07,27.55,24611
-414.06,27.73,24623
-415.21,28.12,24635
-410.48,28.17,24646
-407.37,28.53,24658
-415.90,28.39,24670
-414.43,28.46,24682
-407.88,27.48,24693
-408.01,27.69,24706
-410.74,27.93,24717
-418.40,27.96,24729
-411.50,28.32,24740
-400.23,28.25,24753
-410.68,28.37,24764
-413.92,28.33,24776
-414.31,27.91,24787
-410.03,27.45,24799
-405.41,27.78,24811
-412.12,28.09,24822
-416.86,28.37,24835
-409.89,28.31,24846
-402.92,28.36,24858
-408.80,28.10,24869
-414.13,28.04,24882
-415.07,27.74,24893
-409.25,27.30,24905
-404.84,27.77,24916
-414.67,27.88,24929
-415.32,28.19,24940
-408.78,28.42,24951
-405.99,28.45,24964
-405.99,28.61,24975
-414.83,28.22,24987
-417.15,27.68,24998
-405.63,27.42,25011
-408.33,27.40,25022
-414.62,27.97,25034
-413.20,28.03,25046
-404.71,28.51,25058
-405.17,28.43,25069
-417.97,28.44,25081
-413.59,28.31,25093
-405.74,27.56,25104
-410.99,27.82,25116
-411.84,27.99,25127
-414.95,28.07,25140
-414.14,28.18,25151
-401.29,28.16,25163
-409.17,28.22,25175
-418.03,28.42,25187
-410.68,28.03,25198
-410.83,27.78,25210
-406.35,27.76,25222
-410.64,28.16,25234
-418.96,28.12,25245
-406.63,28.24,25256
-405.57,28.22,25269
-411.42,28.14,25280
-412.67,28.30,25292
-416.82,27.51,25304
-407.87,27.72,25316
-403.78,28.03,25327
-416.43,28.12,25339
-414.90,28.77,25351
-405.01,27.73,25363
-409.05,28.51,25374
-408.75,27.92,25387
-413.85,27.72,25398
-417.21,27.61,25409
-404.48,27.04,25421
-407.87,28.07,25433
-412.20,28.28,25445
-410.60,28.48,25456
-402.69,28.64,25468
-408.18,28.38,25480
-419.28,28.49,25492
-410.63,28.00,25503
-408.61,27.29,25516
-410.77,27.32,25527
-409.42,27.49,25539
-420.35,28.03,25550
-409.09,28.36,25562
-398.76,28.52,25574
-417.03,28.51,25585
-412.04,28.63,25597
-410.35,27.87,25609
-412.83,27.68,25621
-402.41,27.60,25632
-414.63,27.72,25645
-419.11,27.98,25656
-405.23,27.72,25668
-405.09,28.36,25679
-411.45,28.15,25692
-413.35,28.72,25703
-414.56,27.97,25715
-407.14,28.01,25726
-404.43,28.40,25738
-417.89,28.17,25750
-414.84,28.41,25761
-406.40,28.14,25774
-406.82,28.02,25785
-407.25,28.09,25797
-417.11,27.72,25808
-415.83,27.40,25821
-410.25,27.79,25832
-414.26,28.28,25844
-412.46,28.80,25856
-410.22,28.88,25868
-401.78,28.67,25879
-408.45,28.36,25890
-420.61,28.00,25903
-412.06,27.57,25914
-404.03,27.14,25926
-412.56,27.52,25937
-412.21,27.85,25950
-414.12,28.40,25961
-413.13,28.69,25973
-399.88,28.97,25985
-408.45,29.02,25997
-420.35,28.52,26008
-411.77,27.78,26020
-407.38,27.27,26032
-410.37,27.37,26043
-412.27,27.69,26055
-416.04,28.15,26066
-411.82,28.26,26079
-401.13,28.36,26090
-410.67,28.67,26102
-417.17,28.68,26114
-411.63,28.30,26126
-407.62,27.99,26137
-406.65,28.05,26149
-413.97,27.79,26161
-417.14,27.70,26173
-407.49,27.87,26184
-404.82,27.83,26195
-411.16,28.29,26208
-414.05,28.05,26219
-406.74,28.05,26231
-406.66,28.12,26243
-416.44,28.58,26255
-414.28,28.58,26266
-406.16,28.18,26278
-406.37,28.26,26290
-410.81,27.71,26302
-418.20,27.80,26313
-413.42,27.64,26326
-406.19,27.28,26337
-410.06,28.17,26348
-414.42,28.28,26360
-411.88,28.69,26372
-408.30,28.73,26384
-404.71,28.73,26395
-409.94,28.24,26407
-418.38,28.09,26419
-410.86,27.23,26431
-405.81,27.18,26442
-411.69,27.83,26455
-413.39,27.77,26466
-413.11,28.38,26478
-407.63,28.72,26489
-402.32,28.79,26501
-413.17,28.94,26513
-417.59,28.20,26524
-409.41,27.44,26536
-407.72,27.59,26548
-409.33,27.78,26560
-416.14,28.07,26571
-415.49,28.19,26584
-403.69,28.22,26595
-407.08,28.84,26607
-413.37,28.39,26618
-415.01,28.21,26631
-402.42,27.65,26642
-410.35,27.84,26654
-420.32,28.23,26665
-407.56,28.04,26677
-409.29,28.10,26689
-406.72,28.34,26700
-408.87,28.54,26713
-420.08,28.41,26724
-409.99,27.73,26736
-403.20,27.32,26747
-412.20,27.76,26760
-416.37,28.21,26771
-411.38,28.38,26783
-408.01,28.61,26795
-404.63,28.34,26807
-412.08,28.37,26818
-419.49,28.14,26829
-409.26,27.45,26842
-405.11,27.56,26853
-412.51,27.83,26865
-414.44,28.37,26876
-413.92,28.39,26889
-407.23,28.47,26900
-403.20,28.32,26912
-414.50,28.05,26924
-417.00,28.08,26936
-409.25,27.45,26947
-406.43,27.72,26959
-412.35,28.14,26971
-413.87,28.18,26982
-412.62,28.39,26994
-401.92,28.60,27005
-413.87,28.32,27018
-419.03,28.41,27029
-407.40,27.67,27041
-407.48,27.44,27053
-410.67,27.90,27065
-412.58,27.97,27076
-416.05,28.10,27088
-405.50,28.25,27100
-402.78,28.33,27112
-416.06,28.27,27123
-416.19,28.40,27134
-408.45,27.54,27147
-408.57,27.58,27158
-408.63,27.79,27170
-415.36,28.11,27182
-416.16,28.37,27194
-402.85,28.28,27205
-406.71,28.39,27217
-413.56,28.36,27229
-415.47,28.25,27241
-412.29,27.64,27252
-403.98,27.72,27265
-411.87,28.13,27276
-415.03,28.06,27287
-411.92,28.22,27299
-407.26,28.19,27311
-403.79,28.07,27323
-414.89,28.16,27334
-417.20,27.49,27346
-408.70,27.56,27358
-406.33,27.81,27370
-410.13,28.14,27381
-412.91,28.49,27394
-404.79,28.50,27405
-404.77,28.70,27417
-413.66,28.31,27428
-417.03,28.14,27440
-409.94,27.48,27452
-407.82,27.25,27463
-410.25,27.92,27475
-415.88,27.91,27487
-414.91,28.22,27499
-402.21,28.35,27510
-406.74,28.10,27523
-416.38,28.66,27534
-413.04,28.16,27546
-412.02,27.86,27557
-406.31,27.87,27570
-408.60,27.72,27581
-418.89,28.09,27593
-411.21,27.78,27604
-403.32,28.31,27616
-409.00,28.29,27628
-414.06,28.18,27639
-417.09,28.21,27652
-408.27,27.53,27663
-406.17,28.38,27675
-412.94,28.45,27686
-413.90,28.40,27699
-413.46,28.42,27710
-403.96,28.03,27722
-404.62,27.91,27734
-418.54,28.00,27746
-415.78,27.55,27757
-407.11,27.55,27768
-409.40,28.16,27781
-414.84,28.31,27792
-414.65,28.63,27804
-400.43,28.69,27815
-406.34,28.47,27828
-417.29,28.49,27839
-413.61,27.90,27851
-410.75,27.36,27863
-405.94,27.39,27875
-409.34,27.73,27886
-419.02,28.40,27898
-411.63,28.39,27910
-402.50,28.54,27921
-408.69,28.65,27933
-413.80,28.43,27944
-414.34,28.35,27957
-411.67,27.45,27968
-404.08,27.64,27980
-412.43,27.74,27992
-418.31,27.77,28004
-408.74,28.19,28015
-407.32,28.10,28027
-406.35,28.38,28039
-412.03,28.72,28051
-417.54,28.34,28062
-406.23,28.15,28073
-405.30,27.86,28086
-415.10,27.95,28097
-412.78,27.82,28109
-412.82,27.91,28121
-406.85,28.04,28133
-404.38,28.03,28144
-418.75,28.30,28156
-415.28,28.14,28168
-409.02,27.88,28180
-412.86,28.47,28191
-413.26,28.14,28204
-412.74,28.38,28215
-405.84,27.96,28226
-405.22,28.04,28238
-417.89,27.80,28250
-414.23,27.92,28262
-408.27,27.34,28273
-406.00,27.97,28285
-414.73,28.31,28297
-415.09,28.44,28309
-407.55,28.67,28320
-406.51,28.78,28333
-406.77,28.41,28344
-414.11,27.89,28356
-419.12,27.38,28367
-405.78,26.78,28379
-405.00,27.59,28391
-416.65,27.90,28402
-414.91,28.12,28414
-408.25,28.57,28426
-405.66,28.92,28438
-407.51,28.93,28449
-415.00,28.62,28462
-416.63,27.82,28473
-405.75,27.28,28485
-406.44,27.48,28496
-416.72,27.79,28509
-415.45,27.73,28520
-410.74,28.28,28531
-402.64,28.57,28544
-406.80,28.85,28555
-419.98,28.68,28567
-405.99,28.06,28578
-408.83,28.03,28591
-410.71,27.96,28602
-418.93,28.08,28614
-411.08,27.78,28625
-399.42,27.88,28638
-412.40,28.09,28649
-418.51,28.21,28661
-411.28,28.13,28673
-408.25,27.58,28684
-407.40,28.06,28696
-412.75,28.44,28707
-416.43,28.67,28720
-408.83,28.74,28731
-401.98,28.10,28743
-410.33,28.03,28754
-419.11,27.81,28767
-413.81,27.62,28778
-405.94,27.52,28790
-407.86,27.94,28802
-414.93,28.41,28814
-414.75,28.54,28825
-409.67,28.77,28836
-403.65,28.35,28849
-406.60,28.36,28860
-419.49,28.18,28872
-413.81,27.30,28883
-404.19,27.53,28896
-409.83,27.57,28907
-413.60,28.03,28919
-414.12,28.44,28931
-411.11,28.30,28943
-402.35,28.59,28954
-419.28,28.45,28966
-412.43,28.39,28978
-406.04,27.57,28989
-408.80,27.86,29001
-411.65,28.02,29012
-417.38,27.80,29025
-410.12,28.27,29036
-400.92,27.89,29048
-412.90,28.14,29060
-414.97,28.29,29072
-412.06,27.90,29083
-410.09,27.97,29095
-403.39,28.10,29107
-414.71,28.15,29119
-418.00,28.18,29130
-405.17,27.95,29143
-405.18,28.14,29154
-412.24,28.05,29165
-413.97,28.02,29177
-416.43,27.76,29189
-407.55,27.86,29201
-402.61,28.15,29212
-417.86,28.51,29224
-415.71,28.41,29236
-405.32,28.35,29248
-407.42,28.30,29259
-408.53,28.15,29272
-417.84,27.89,29283
-416.36,27.22,29295
-404.82,27.41,29306
-408.89,27.96,29318
-414.03,28.56,29330
-416.61,28.58,29341
-400.16,28.76,29353
-410.98,28.50,29365
-418.61,28.54,29377
-411.34,27.85,29388
-407.18,27.32,29401
-408.49,27.43,29412
-412.49,27.47,29424
-418.07,28.18,29435
-409.29,28.08,29448
-400.69,28.57,29459
-412.18,28.85,29470
-417.32,28.77,29483
-411.60,28.19,29494
-407.94,27.45,29506
-407.14,27.80,29517
-414.35,27.62,29530
-418.80,28.09,29541
-407.51,28.14,29553
-403.88,28.06,29564
-411.31,28.45,29577
-415.83,28.29,29588
-415.09,27.93,29600
-404.70,28.02,29612
-409.00,28.16,29623
-415.81,28.20,29635
-413.43,28.16,29646
-410.59,28.22,29659
-404.32,28.23,29670
-408.52,28.11,29682
-419.48,28.11,29693
-414.20,27.49,29706
-403.17,27.60,29717
-410.67,27.97,29729
-415.25,28.28,29741
-409.43,28.70,29753
-402.04,28.53,29764
-411.74,28.47,29775
-417.88,28.14,29788
-411.34,27.50,29799
-409.29,27.29,29811
-406.32,27.40,29822
-414.65,28.00,29835
-417.75,28.23,29846
-404.91,28.46,29858
-405.44,28.68,29870
-411.31,28.33,29882
-414.50,28.44,29893
-413.68,27.60,29905
-408.20,27.29,29917
-408.09,27.43,29928
-414.99,27.68,29940
-416.28,28.19,29952
-406.30,28.52,29964
-404.22,28.79,29975
-411.26,28.57,29987
-416.44,28.52,29999
-413.10,27.77,30011
-405.82,27.62,30022
-410.43,27.67,30034
-414.68,27.98,30046
-413.56,28.00,30058
-409.60,28.14,30069
-404.16,28.55,30081
-409.28,28.87,30093
-419.26,28.42,30104
-411.15,28.16,30116
-404.49,28.01,30128
-412.16,27.83,30140
-414.21,27.94,30151
-410.59,27.49,30163
-403.00,27.91,30175
-412.53,27.86,30187
-417.22,28.46,30198
-409.72,28.02,30211
-408.41,27.91,30222
-410.62,28.35,30233
-411.59,28.38,30245
-415.35,28.76,30257
-408.14,28.20,30269
-403.55,28.22,30280
-413.80,27.88,30292
-415.23,27.76,30304
-410.58,27.42,30316
-410.40,27.24,30327
-409.16,27.78,30340
-412.90,28.29,30351
-415.29,28.56,30363
-406.25,28.96,30374
-404.66,28.51,30386
-412.67,28.28,30398
-415.86,27.99,30409
-411.72,27.12,30422
-408.08,27.25,30433
-411.44,27.40,30445
-412.77,27.93,30456
-416.28,28.32,30469
-407.59,28.75,30480
-402.52,29.08,30492
-413.61,28.63,30503
-414.22,28.62,30516
-410.49,27.47,30527
-410.42,27.60,30539
-412.93,27.55,30551
-414.70,27.34,30562
-409.58,27.92,30574
-403.06,27.82,30585
-415.72,28.22,30598
-414.30,28.70,30609
-408.90,28.26,30621
-408.76,28.26,30632
-406.51,28.54,30645
-415.86,28.40,30656
-415.05,28.21,30668
-404.35,27.88,30680
-407.62,27.64,30692
-413.54,27.66,30703
-414.05,27.68,30714
-412.95,27.28,30727
-408.67,28.25,30738
-406.89,28.38,30750
-415.24,29.00,30761
-413.41,28.81,30774
-403.87,28.50,30785
-408.59,28.03,30797
-412.78,27.59,30809
-415.52,27.42,30821
-414.00,26.90,30832
-407.25,27.74,30844
-411.49,28.02,30856
-415.43,28.45,30867
-411.90,28.95,30879
-405.18,28.90,30891
-406.59,28.81,30903
-412.01,28.49,30914
-411.79,27.62,30926
-405.80,27.21,30938
-413.27,27.27,30950
-413.99,27.50,30961
-411.45,27.80,30973
-409.37,28.15,30985
-404.58,28.52,30997
-411.63,28.69,31008
-416.50,28.64,31020
-408.80,28.29,31032
-407.35,27.77,31043
-411.89,27.99,31055
-412.00,27.90,31067
-414.58,27.59,31079
-407.78,27.73,31090
-403.29,27.71,31102
-415.90,28.22,31114
-413.52,28.23,31126
-408.78,28.23,31137
-407.76,28.46,31150
-407.59,28.47,31161
-415.10,28.45,31172
-413.55,28.04,31184
-405.91,28.04,31196
-406.52,27.60,31208
-414.56,27.64,31219
-415.50,27.53,31232
-409.22,27.04,31243
-408.32,28.32,31255
-407.54,28.25,31266
-415.73,29.09,31279
-411.95,28.93,31290
-402.20,28.61,31302
-410.94,28.56,31313
-415.50,27.68,31326
-414.06,27.36,31337
-402.97,26.96,31348
-414.73,27.72,31361
-415.50,28.08,31372
-410.06,28.32,31384
-407.27,29.03,31395
-402.64,28.85,31408
-414.62,29.13,31419
-416.74,28.53,31431
-408.02,27.37,31442
-408.43,27.52,31455
-412.78,27.20,31466
-413.83,27.87,31477
-413.99,27.88,31490
-406.52,28.37,31501
-403.29,28.53,31513
-417.54,28.89,31524
-415.87,28.74,31537
-406.15,28.10,31548
-410.00,28.24,31560
-409.32,27.99,31571
-414.16,27.98,31584
-415.33,27.80,31595
-401.71,27.60,31607
-407.98,27.74,31619
-417.29,27.92,31630
-412.48,27.84,31642
-410.76,27.76,31653
-407.28,28.41,31666
-409.82,28.87,31677
-416.96,28.72,31689
-410.18,28.61,31700
-409.29,28.03,31713
-413.23,27.82,31724
-417.24,27.72,31736
-411.47,27.08,31748
-403.25,27.35,31760
-414.61,28.08,31771
-416.35,28.35,31782
-407.75,28.94,31795
-408.60,28.57,31806
-403.55,29.13,31818
-412.81,28.02,31830
-419.41,28.33,31842
-404.74,27.14,31853
-407.53,27.06,31865
-415.20,27.72,31877
-411.97,27.40,31889
-415.19,28.66,31900
-406.56,28.47,31912
-402.04,28.73,31924
-418.61,29.03,31935
-414.13,28.26,31947
-404.95,27.70,31959
-409.44,27.81,31971
-410.98,27.84,31982
-412.81,27.63,31994
-418.40,27.58,32006
-402.35,27.39,32018
-404.15,27.93,32029
-421.57,28.39,32041
-410.52,28.11,32053
-410.20,28.51,32065
-408.21,28.63,32076
-404.64,28.88,32089
-411.63,28.67,32100
-401.49,27.85,32111
-411.61,27.56,32123
-413.37,27.32,32135
-415.28,27.34,32147
-412.12,27.24,32158
-404.02,27.92,32171
-410.37,28.58,32182
-417.68,29.22,32194
-408.52,29.10,32205
-405.11,28.80,32218
-409.51,28.17,32229
-411.64,27.89,32241
-418.55,27.28,32252
-410.30,26.61,32264
-403.62,27.20,32276
-415.07,27.68,32287
-413.56,28.33,32300
-411.19,29.01,32311
-405.17,29.06,32323
-403.78,28.92,32334
-416.64,28.97,32347
-413.80,27.95,32358
-408.45,27.40,32370
-408.88,27.34,32381
-410.11,27.24,32394
-416.98,27.49,32405
-413.96,28.07,32416
-402.91,28.29,32429
-406.86,28.67,32440
-416.44,28.95,32452
-410.70,28.22,32463
-407.79,28.31,32476
-409.90,28.09,32487
-416.81,27.99,32499
-412.77,27.99,32510
-401.86,27.53,32523
-410.34,27.63,32534
-415.05,27.76,32546
-414.47,27.77,32558
-408.84,27.93,32569
-406.52,28.47,32581
-413.26,28.86,32592
-411.84,28.74,32605
-413.50,28.64,32616
-406.06,27.77,32628
-404.77,27.58,32640
-419.95,27.48,32652
-414.85,27.07,32663
-405.74,27.31,32675
-411.08,27.96,32687
-411.36,28.51,32699
-412.25,28.90,32710
-412.56,29.01,32721
-403.66,28.63,32734
-405.07,28.18,32745
-418.54,27.79,32757
-414.53,26.93,32769
-407.19,26.95,32781
-410.19,27.26,32792
-410.18,27.96,32804
-416.76,28.53,32816
-413.09,28.69,32828
-401.34,28.88,32839
-409.83,28.90,32851
-413.43,28.75,32863
-412.99,27.76,32874
-404.77,27.55,32886
-413.14,27.28,32898
-416.62,27.63,32910
-409.88,27.60,32921
-406.29,28.14,32933
-408.07,28.33,32945
-415.93,28.62,32957
-412.93,28.84,32968
-407.69,27.85,32980
-407.59,28.62,32992
-411.58,27.90,33004
-416.16,28.23,33015
-409.80,27.65,33027
-406.84,27.42,33039
-408.47,28.14,33050
-415.39,27.86,33062
-415.86,28.36,33074
-405.40,28.03,33086
-407.71,28.45,33097
-412.25,28.59,33110
-413.88,28.65,33121
-410.94,28.33,33133
-404.29,27.69,33144
-411.32,27.77,33157
-415.48,27.25,33168
-415.12,27.51,33179
-407.30,27.65,33191
-408.33,28.20,33203
-414.02,28.85,33215
-411.54,28.94,33226
-410.29,28.63,33239
-403.57,28.58,33250
-410.30,27.84,33262
-416.63,27.67,33273
-409.27,26.90,33286
-407.63,27.37,33297
-415.49,27.83,33309
-413.72,28.46,33320
-408.35,28.73,33332
-404.98,28.81,33344
-408.68,28.68,33355
-416.30,28.21,33368
-412.46,28.00,33379
-406.02,27.42,33391
-409.67,27.44,33402
-414.95,27.67,33415
-413.05,27.77,33426
-410.41,28.20,33438
-405.30,28.32,33449
-408.77,28.44,33462
-417.17,28.54,33473
-411.36,28.07,33484
-406.32,28.08,33497
-409.83,28.14,33508
-412.79,28.38,33520
-415.05,27.95,33531
-408.78,27.97,33544
-403.97,27.59,33555
-412.05,27.87,33567
-414.72,28.11,33579
-412.70,27.68,33591
-409.10,28.40,33602
-404.16,28.61,33614
-414.99,28.85,33626
-414.97,28.74,33637
-405.19,28.04,33649
-408.87,27.86,33660
-415.45,27.64,33673
-416.02,27.32,33684
-406.01,27.22,33696
-409.61,27.67,33708
-412.10,28.42,33720
-414.08,28.94,33731
-409.62,28.69,33743
-402.82,28.44,33755
-410.41,28.21,33767
-417.25,27.94,33778
-411.74,27.54,33789
-407.91,26.95,33802
-411.40,27.43,33813
-410.78,27.66,33825
-416.00,28.55,33837
-411.95,28.24,33849
-400.54,28.74,33860
-412.97,28.72,33872
-413.74,28.25,33884
-410.65,28.27,33896
-410.89,27.47,33907
-405.32,27.76,33920
-414.72,27.93,33931
-415.40,27.84,33942
-407.41,28.17,33954
-407.67,27.77,33966
-409.17,28.02,33978
-414.72,28.07,33989
-414.34,28.09,34001
-405.02,28.51,34013
-407.80,28.52,34025
-414.54,28.36,34036
-410.73,27.64,34049
-409.50,28.37,34060
-407.26,27.04,34072
-418.99,28.16,34083
-415.43,27.43,34095
-401.34,27.22,34107
-414.31,28.61,34118
-410.69,28.71,34130
-409.76,29.20,34142
-414.24,29.12,34154
-399.66,28.08,34165
-411.18,27.97,34178
-421.57,27.40,34189
-406.66,27.17,34201
-410.93,27.13,34212
-410.88,27.86,34225
-407.66,28.23,34236
-419.57,28.41,34247
-406.93,28.82,34259
-400.96,28.66,34271
-416.05,28.89,34283
-413.51,28.14,34294
-410.34,27.66,34307
-411.99,27.53,34318
-406.69,27.19,34330
-415.36,28.09,34341
-416.71,27.96,34354
-404.11,28.19,34365
-409.87,28.19,34377
-410.10,28.23,34388
-413.60,28.42,34400
-416.53,28.29,34412
-402.82,28.17,34423
-408.08,28.28,34436
-416.64,28.36,34447
-410.66,27.62,34459
-407.62,27.80,34470
-408.62,27.43,34483
-418.68,27.84,34494
-410.50,28.04,34506
-405.48,27.96,34518
-412.44,28.85,34530
-410.71,28.60,34541
-414.41,28.81,34553
-407.56,28.32,34565
-402.31,27.89,34576
-415.81,27.51,34588
-416.88,27.17,34599
-407.90,27.13,34612
-411.18,27.38,34623
-407.91,28.28,34635
-412.73,28.63,34647
-418.34,28.64,34659
-402.15,28.97,34670
-403.47,28.47,34682
-416.54,28.59,34694
-413.18,27.98,34706
-410.66,27.14,34717
