959437.00
7373.00
-411.31,26.11,1134
-409.23,27.01,1135
-408.67,28.52,1137
-409.99,30.05,1148
-411.79,30.08,1160
-407.52,30.14,1171
-409.15,28.17,1183
-413.83,27.08,1195
-414.50,26.65,1207
-411.88,26.12,1218
-407.58,28.47,1230
-408.86,28.84,1242
-412.85,30.07,1254
-406.81,29.98,1265
-408.96,28.66,1276
-410.33,28.10,1289
-412.40,26.79,1300
-417.51,27.23,1312
-405.90,27.44,1324
-409.10,29.34,1336
-411.11,29.60,1347
-407.65,29.74,1359
-411.04,28.72,1371
-409.44,27.30,1383
-411.13,27.06,1394
-415.20,26.58,1406
-413.02,27.46,1418
-408.48,29.08,1429
-407.59,30.13,1441
-409.12,30.71,1453
-411.86,29.83,1465
-408.53,28.01,1476
-410.08,26.78,1488
-413.90,25.89,1500
-413.78,26.34,1512
-413.07,27.83,1523
-407.96,29.29,1536
-411.61,30.36,1547
-408.97,30.45,1559
-410.32,29.13,1570
-412.16,28.20,1582
-412.40,26.61,1594
-414.25,26.45,1605
-411.00,26.91,1617
-408.34,28.10,1629
-409.77,29.16,1641
-411.60,29.86,1652
-407.54,29.36,1665
-411.88,28.44,1676
-412.40,27.57,1688
-408.21,27.00,1699
-413.90,27.23,1712
-408.17,28.46,1723
-406.84,29.01,1734
-414.31,29.81,1746
-407.96,29.23,1758
-406.91,27.79,1770
-417.04,27.29,1781
-409.57,26.10,1794
-413.03,27.21,1805
-413.82,27.93,1817
-404.20,29.60,1828
-412.77,30.40,1841
-409.93,30.24,1852
-405.32,29.33,1864
-411.97,27.62,1875
-411.61,26.60,1887
-412.78,25.76,1899
-415.13,26.62,1910
-408.91,28.09,1923
-406.56,29.78,1934
-408.30,30.80,1946
-404.88,30.06,1957
-414.52,29.10,1970
-410.12,27.41,1981
-414.44,26.59,1993
-415.22,26.68,2004
-405.19,27.40,2017
-410.03,29.01,2028
-414.24,29.31,2039
-406.85,29.78,2052
-408.71,28.67,2063
-412.78,28.24,2075
-409.03,27.50,2086
-416.30,27.44,2099
-409.82,27.39,2110
-404.60,29.41,2122
-412.77,28.65,2134
-409.26,30.01,2146
-411.73,28.81,2157
-408.91,27.51,2169
-412.07,27.24,2181
-416.12,26.42,2192
-410.14,27.26,2204
-410.93,28.70,2215
-406.30,30.03,2228
-409.26,30.54,2239
-410.81,30.34,2251
-410.80,28.44,2263
-408.58,26.92,2275
-413.72,26.05,2286
-415.65,25.99,2298
-410.10,27.45,2310
-412.69,29.27,2322
-410.06,30.06,2333
-409.35,30.89,2344
-408.24,29.55,2357
-412.44,28.33,2368
-411.75,27.18,2380
-413.07,26.10,2392
-412.04,26.85,2404
-408.50,27.76,2415
-409.44,29.32,2427
-412.22,30.03,2439
-406.03,29.74,2451
-411.79,28.61,2462
-411.83,27.52,2475
-408.84,27.17,2486
-416.37,26.99,2498
-408.55,28.37,2509
-406.05,28.98,2521
-411.95,29.85,2533
-409.32,29.46,2544
-407.80,28.05,2556
-414.94,27.31,2568
-411.11,26.14,2580
-412.41,26.72,2591
-412.41,27.89,2604
-408.18,29.22,2615
-409.54,30.44,2627
-409.25,30.17,2638
-407.44,29.05,2650
-411.25,27.66,2662
-412.21,26.38,2673
-412.76,26.09,2685
-413.72,26.67,2697
-409.33,28.53,2709
-409.93,30.00,2720
-407.83,31.03,2733
-409.60,30.30,2744
-409.11,28.75,2756
-414.17,27.46,2767
-414.10,25.96,2780
-410.69,26.36,2791
-410.17,27.53,2803
-411.44,29.12,2814
-411.17,29.90,2826
-409.31,29.88,2838
-407.44,28.97,2849
-413.04,27.95,2862
-414.79,27.05,2873
-410.44,26.79,2885
-411.14,27.60,2896
-406.69,28.77,2909
-410.87,29.70,2920
-414.16,29.83,2932
-406.02,28.98,2944
-409.20,27.81,2956
-413.97,27.00,2967
-414.25,26.68,2978
-410.69,27.41,2991
-408.37,28.53,3002
-409.53,29.81,3014
-409.55,30.16,3025
-411.91,29.49,3038
-406.40,28.24,3049
-409.97,27.22,3061
-414.95,26.41,3073
-414.89,26.63,3085
-410.57,27.49,3096
-407.45,29.39,3108
-411.31,30.23,3120
-411.47,30.37,3131
-406.54,29.41,3143
-410.04,27.95,3154
-414.82,26.94,3167
-414.57,26.71,3178
-411.35,27.09,3190
-408.27,28.44,3202
-408.20,29.49,3214
-412.41,30.14,3225
-407.45,29.74,3237
-408.69,28.70,3249
-413.53,27.43,3261
-412.51,26.78,3272
-413.47,27.05,3283
-408.97,27.68,3296
-407.52,29.33,3307
-409.77,29.55,3319
-412.92,29.95,3331
-409.22,28.00,3343
-407.31,29.01,3354
-415.66,25.46,3366
-411.41,27.70,3378
-416.06,26.92,3390
-404.62,28.30,3401
-406.00,30.45,3414
-416.62,29.94,3425
-402.51,29.23,3436
-414.18,28.55,3448
-411.12,26.60,3460
-407.47,26.64,3472
-418.21,26.97,3483
-412.15,27.99,3495
-413.25,29.35,3507
-409.14,30.33,3519
-408.69,29.97,3530
-413.09,28.76,3543
-410.15,27.83,3554
-413.98,26.11,3566
-412.25,26.85,3577
-412.67,27.49,3589
-409.02,28.86,3601
-406.76,30.39,3612
-414.16,29.57,3624
-410.18,29.13,3636
-407.69,27.79,3648
-415.00,26.72,3659
-414.09,27.14,3672
-408.93,27.35,3683
-414.08,28.77,3695
-405.62,29.86,3706
-406.05,29.97,3719
-416.54,29.11,3730
-405.57,28.06,3741
-411.82,26.26,3753
-414.75,26.58,3765
-410.08,27.26,3777
-412.89,28.32,3788
-409.52,30.33,3801
-406.59,30.16,3812
-413.18,29.90,3824
-407.75,28.49,3835
-412.42,26.76,3848
-414.10,26.14,3859
-409.10,26.48,3871
-415.91,27.85,3883
-404.49,28.92,3894
-413.49,30.60,3906
-406.43,30.35,3917
-406.79,29.52,3930
-415.49,28.56,3941
-409.32,26.38,3953
-413.15,26.89,3964
-413.58,26.47,3977
-407.07,28.39,3988
-409.86,29.68,4000
-410.68,29.83,4012
-407.78,30.21,4024
-409.25,28.00,4035
-412.70,27.67,4046
-414.05,26.53,4059
-411.77,27.17,4070
-408.71,28.03,4082
-409.27,29.52,4093
-409.85,29.83,4106
-410.37,29.15,4117
-410.61,28.69,4129
-407.69,26.72,4141
-412.73,27.12,4153
-417.04,27.02,4164
-409.97,27.61,4176
-410.04,29.29,4188
-408.49,29.56,4199
-408.86,30.10,4211
-409.77,29.61,4222
-408.77,27.90,4235
-410.48,26.92,4246
-413.48,26.48,4258
-415.70,26.56,4270
-407.90,28.07,4282
-407.86,29.38,4293
-411.18,30.06,4305
-409.14,30.16,4317
-407.86,28.73,4329
-414.49,27.42,4340
-411.06,26.70,4352
-413.06,26.62,4364
-410.07,27.46,4375
-407.97,29.14,4387
-410.59,29.53,4399
-411.10,30.14,4411
-409.37,29.05,4422
-410.24,27.83,4434
-413.90,27.23,4446
-411.02,26.81,4458
-412.59,27.53,4469
-412.08,28.06,4482
-405.80,30.20,4493
-409.99,29.30,4504
-410.21,29.69,4516
-412.39,28.13,4528
-410.48,26.66,4540
-413.54,27.03,4551
-414.64,26.89,4563
-405.38,28.18,4575
-414.06,29.72,4587
-408.59,29.65,4598
-407.11,30.17,4611
-411.15,28.65,4622
-409.92,27.58,4634
-412.65,26.80,4645
-413.85,26.62,4657
-411.70,27.34,4669
-410.56,28.58,4680
-409.66,29.71,4692
-408.73,29.89,4704
-406.44,29.80,4716
-412.98,28.30,4727
-414.50,27.02,4740
-410.91,26.55,4751
-411.23,26.76,4763
-410.58,28.14,4774
-409.53,29.24,4787
-411.97,30.14,4798
-409.84,29.43,4809
-405.95,29.62,4822
-413.09,26.97,4833
-412.50,27.68,4845
-411.89,26.67,4856
-410.14,27.24,4869
-407.32,29.14,4880
-413.52,28.68,4892
-407.54,30.61,4903
-408.12,28.80,4916
-413.74,28.16,4927
-409.86,27.23,4939
-413.74,26.22,4951
-416.07,27.49,4962
-403.88,27.90,4974
-411.17,30.15,4985
-411.58,29.66,4998
-406.94,29.86,5009
-408.31,27.94,5021
-411.76,27.11,5032
-412.35,27.43,5045
-413.15,26.30,5056
-411.80,28.51,5068
-406.88,28.58,5080
-411.67,29.84,5092
-411.41,30.13,5103
-407.10,28.63,5114
-411.26,28.33,5127
-414.40,26.87,5138
-411.50,26.91,5150
-412.54,27.00,5161
-407.73,29.14,5174
-405.42,29.64,5185
-414.35,30.05,5197
-408.49,29.47,5209
-409.27,27.42,5221
-413.20,27.23,5232
-413.72,26.48,5243
-411.89,27.06,5256
-409.39,28.92,5267
-410.22,29.08,5279
-408.07,30.32,5291
-409.59,29.42,5303
-410.48,28.52,5314
-410.84,27.70,5326
-411.13,26.57,5338
-414.02,26.61,5350
-412.26,27.56,5361
-408.07,28.88,5373
-410.72,30.01,5385
-411.09,30.16,5396
-406.56,29.21,5408
-412.34,27.91,5420
-411.79,26.88,5432
-411.52,26.42,5443
-414.75,27.20,5455
-410.21,28.60,5467
-409.39,29.49,5479
-408.54,30.06,5490
-410.01,29.14,5502
-410.79,28.41,5514
-414.03,27.57,5526
-414.73,25.92,5537
-405.97,28.34,5550
-411.53,26.95,5561
-409.28,30.22,5572
-412.86,29.91,5584
-409.87,29.33,5596
-405.67,28.98,5608
-413.72,26.71,5619
-411.98,27.00,5632
-417.58,26.39,5643
-408.84,27.54,5655
-406.15,28.97,5666
-412.68,30.56,5679
-408.54,30.64,5690
-407.33,29.53,5702
-410.77,28.24,5713
-412.27,26.20,5725
-415.74,26.38,5737
-412.98,26.45,5748
-408.12,28.07,5761
-409.55,29.87,5772
-408.89,30.08,5784
-413.17,30.16,5795
-407.20,29.05,5808
-407.65,27.64,5819
-414.27,27.02,5831
-415.16,26.64,5842
-410.82,27.33,5855
-408.05,28.66,5866
-410.34,29.66,5877
-413.84,29.91,5890
-405.08,29.31,5901
-410.68,27.79,5913
-416.17,26.79,5924
-409.38,26.79,5937
-412.75,27.30,5948
-408.51,28.93,5960
-406.44,30.06,5971
-413.64,29.88,5984
-408.49,29.26,5995
-409.23,27.78,6007
-415.02,27.06,6019
-412.16,26.42,6030
-411.12,26.98,6042
-411.05,28.21,6053
-406.49,29.71,6066
-409.96,30.21,6077
-412.87,29.98,6089
-406.12,29.11,6100
-411.29,27.25,6113
-412.87,26.50,6124
-411.26,25.98,6136
-414.59,27.13,6148
-409.19,29.12,6160
-407.33,30.15,6171
-413.37,30.50,6182
-406.21,29.49,6195
-408.92,28.09,6206
-412.74,26.71,6218
-412.46,26.70,6230
-413.56,27.21,6242
-410.76,28.44,6253
-408.84,29.66,6265
-410.45,29.48,6277
-410.58,29.64,6289
-408.49,28.06,6300
-413.76,27.37,6312
-412.44,26.86,6324
-412.47,27.04,6335
-409.75,28.28,6347
-408.67,29.40,6359
-410.32,30.06,6371
-407.94,29.71,6382
-411.01,28.63,6394
-410.54,27.04,6406
-414.03,26.33,6418
-414.47,26.68,6429
-408.24,27.33,6441
-410.48,29.38,6453
-407.34,30.24,6465
-411.18,30.50,6476
-409.10,29.69,6488
-407.58,28.01,6500
-415.48,26.84,6511
-411.47,26.24,6523
-413.37,26.54,6535
-411.23,27.85,6547
-405.91,29.37,6558
-411.92,30.31,6571
-412.42,29.78,6582
-403.00,30.14,6594
-412.08,26.84,6605
-412.53,27.26,6618
-414.30,26.24,6629
-404.90,26.86,6640
-413.28,29.13,6652
-407.71,29.46,6664
-411.11,29.71,6676
-412.22,28.87,6687
-406.34,27.85,6700
-415.19,26.93,6711
-416.12,27.30,6723
-405.32,27.41,6734
-410.69,28.98,6747
-410.72,29.70,6758
-409.72,30.00,6770
-411.76,28.91,6781
-409.58,27.92,6793
-410.72,26.54,6805
-415.28,26.40,6816
-413.05,27.02,6829
-410.13,27.84,6840
-407.30,30.37,6852
-409.00,30.49,6863
-410.44,30.62,6876
-409.48,29.06,6887
-410.14,27.21,6899
-416.47,26.34,6910
-410.27,25.78,6923
-413.90,27.24,6934
-410.94,28.50,6945
-403.45,30.12,6958
-416.22,30.45,6969
-404.50,30.18,6981
-406.95,28.79,6992
-415.51,27.37,7005
-409.41,26.83,7016
-413.86,26.29,7028
-408.68,27.87,7040
-409.71,28.86,7052
-411.92,29.81,7063
-406.83,30.00,7075
-410.26,28.59,7087
-413.09,27.70,7098
-411.37,26.81,7110
-414.14,27.13,7121
-408.37,27.72,7134
-408.37,29.70,7145
-411.26,29.81,7157
-409.49,29.66,7169
-409.74,28.85,7181
-411.20,26.86,7192
-413.76,26.96,7204
-413.76,26.33,7216
-410.52,27.53,7228
-408.87,29.07,7239
-407.96,30.15,7250
-410.58,30.63,7263
-407.67,29.58,7274
-409.35,28.48,7286
-411.79,26.54,7298
-414.82,26.22,7310
-414.00,26.11,7321
-408.47,27.49,7333
-411.10,29.65,7345
-408.79,29.95,7357
-411.47,30.64,7368
-406.49,29.16,7380
-408.94,27.86,7392
-415.65,27.03,7403
-412.20,26.38,7415
-407.97,27.49,7427
-406.49,28.30,7439
-413.69,29.52,7450
-409.87,29.73,7462
-407.24,29.13,7474
-412.94,28.18,7486
-412.48,27.16,7497
-411.68,27.07,7510
-411.93,27.43,7521
-406.93,28.85,7533
-407.24,29.76,7544
-414.04,30.13,7556
-407.45,29.53,7568
-410.74,27.68,7579
-414.42,26.84,7591
-413.07,25.83,7603
-413.33,26.94,7615
-408.62,28.28,7626
-408.77,29.99,7639
-408.24,30.61,7650
-410.56,30.39,7662
-409.62,28.84,7673
-409.26,27.37,7686
-415.43,26.57,7697
-412.97,26.05,7708
-411.78,27.25,7720
-411.06,28.66,7732
-408.16,29.97,7744
-411.96,30.23,7755
-407.63,29.64,7768
-408.72,28.30,7779
-410.98,27.06,7791
-414.80,26.74,7802
-408.37,26.84,7815
-413.44,28.48,7826
-405.73,29.25,7838
-411.31,30.09,7849
-410.54,29.60,7861
-407.75,28.34,7873
-415.27,27.52,7884
-413.70,26.50,7897
-410.35,27.36,7908
-408.96,27.98,7920
-411.24,29.59,7931
-408.34,29.99,7944
-411.68,29.65,7955
-407.97,28.94,7967
-410.62,27.30,7979
-415.53,26.66,7991
-410.52,26.52,8002
-411.49,27.29,8013
-410.22,28.82,8026
-407.45,29.91,8037
-411.57,30.58,8049
-407.34,29.75,8060
-407.69,28.40,8073
-415.43,26.83,8084
-412.88,26.18,8096
-410.71,26.51,8108
-412.59,27.59,8120
-409.76,29.52,8131
-409.42,30.20,8143
-411.60,30.22,8155
-405.11,29.01,8166
-410.50,27.72,8178
-415.00,26.83,8189
-412.11,26.42,8202
-409.06,27.25,8213
-409.31,28.72,8225
-412.34,29.47,8237
-407.86,29.66,8249
-406.24,29.09,8260
-410.96,27.94,8272
-413.28,27.21,8284
-414.66,27.07,8296
-409.15,27.52,8307
-405.96,28.51,8318
-411.10,29.83,8331
-412.46,29.52,8342
-407.57,29.16,8354
-410.34,27.84,8366
-412.55,26.71,8378
-413.47,26.59,8389
-414.60,26.86,8401
-407.09,28.08,8413
-405.46,29.88,8425
-412.37,30.46,8436
-409.67,30.38,8449
-407.00,28.94,8460
-411.02,27.37,8471
-408.74,26.35,8483
-414.93,26.09,8495
-414.67,26.97,8507
-405.73,28.57,8518
-409.60,30.07,8530
-412.98,30.74,8542
-409.06,29.78,8554
-409.40,28.68,8565
-410.03,27.27,8578
-411.70,26.68,8589
-409.96,26.90,8601
-407.40,27.53,8612
-410.22,29.29,8624
-410.78,29.47,8636
-410.64,29.97,8647
-408.00,28.69,8659
-410.58,27.65,8671
-412.87,27.13,8683
-414.83,27.09,8694
-409.66,27.92,8707
-406.47,28.84,8718
-410.53,29.61,8730
-410.72,29.74,8741
-410.08,28.54,8754
-411.55,27.58,8765
-411.51,26.75,8776
-411.94,26.68,8788
-412.88,27.68,8800
-410.35,28.84,8812
-407.35,30.10,8823
-410.56,30.29,8836
-408.67,29.88,8847
-410.36,28.41,8859
-411.32,26.93,8870
-413.90,26.07,8883
-412.00,26.19,8894
-409.01,27.67,8906
-412.76,29.52,8918
-406.84,30.18,8929
-408.95,30.40,8941
-409.20,29.15,8952
-407.66,27.82,8965
-414.13,27.00,8976
-409.85,26.55,8988
-409.37,27.37,8999
-411.89,28.65,9012
-409.94,29.46,9023
-408.77,29.81,9035
-409.97,29.51,9047
-411.19,28.03,9059
-413.72,27.38,9070
-413.47,26.68,9081
-408.62,27.41,9094
-410.32,28.56,9105
-409.82,29.81,9117
-410.70,29.96,9128
-406.39,29.34,9141
-408.30,28.17,9152
-416.72,26.94,9164
-413.11,26.09,9176
-410.94,26.46,9188
-412.36,27.74,9199
-405.45,29.29,9211
-411.40,30.68,9223
-412.01,30.56,9234
-401.53,29.66,9246
-412.61,28.06,9257
-415.69,26.49,9270
-412.97,25.81,9281
-412.20,26.27,9293
-406.20,28.21,9305
-410.81,29.60,9317
-413.75,30.46,9328
-407.95,29.83,9340
-404.86,28.67,9352
-412.45,27.72,9364
-413.12,26.77,9375
-410.30,26.98,9387
-405.44,27.68,9399
-412.21,29.15,9410
-411.58,29.54,9422
-408.77,29.78,9434
-408.18,28.61,9446
-410.22,27.66,9457
-414.68,27.09,9469
-413.76,27.12,9481
-407.00,27.66,9493
-408.33,29.19,9504
-410.60,29.84,9517
-411.50,29.92,9528
-410.09,28.87,9540
-407.94,27.53,9551
-412.23,26.44,9563
-416.54,26.54,9575
-409.71,27.15,9586
-410.49,28.86,9598
-406.61,29.89,9610
-406.41,30.66,9622
-414.78,30.01,9633
-405.33,28.57,9646
-410.20,27.03,9657
-414.99,26.01,9669
-410.18,26.38,9680
-415.67,27.10,9692
-410.79,29.03,9704
-405.29,29.97,9715
-413.05,30.52,9728
-408.51,29.60,9739
-407.41,28.33,9751
-415.95,27.21,9762
-411.56,26.77,9775
-413.74,27.32,9786
-406.83,28.49,9798
-409.39,29.16,9809
-411.39,29.53,9822
-408.28,29.01,9833
-414.94,28.01,9844
-413.03,27.31,9857
-407.03,27.10,9868
-413.13,27.85,9880
-410.55,28.66,9891
-407.49,30.02,9904
-412.87,29.88,9915
-405.63,29.34,9927
-408.93,28.04,9938
-416.16,26.77,9951
-411.66,26.06,9962
-412.44,26.38,9974
-410.17,27.84,9986
-409.87,29.68,9998
-410.41,30.76,10009
-407.74,30.65,10020
-406.34,29.43,10033
-409.77,27.60,10044
-414.92,26.55,10056
-414.13,25.96,10067
-409.39,26.75,10080
-411.87,28.10,10091
-409.42,29.45,10103
-409.99,29.92,10115
-412.24,30.06,10127
-403.77,28.86,10138
-410.01,28.10,10150
23.50,27.14,10162
12268.36,26.78,10173
-409.33,27.73,10185
-409.08,28.65,10196
-413.71,29.56,10209
-408.90,29.41,10220
-406.02,28.43,10232
-413.73,27.50,10244
-414.94,26.83,10256
-411.98,27.45,10267
-408.91,28.10,10279
-407.01,29.71,10291
-409.66,30.55,10303
-413.12,29.91,10314
-406.41,28.86,10326
-410.29,26.66,10338
-414.38,26.25,10349
-415.15,26.04,10361
-413.44,27.20,10373
-405.28,28.74,10385
-409.47,30.43,10396
-411.62,31.06,10408
-408.45,30.22,10420
-409.37,28.90,10432
-409.09,26.94,10443
-412.73,26.37,10456
-417.20,26.16,10467
-409.33,27.13,10478
-409.30,28.82,10490
-408.80,29.99,10502
-409.20,30.20,10514
-411.94,29.41,10525
-408.47,28.30,10537
-408.73,27.44,10549
-412.70,27.24,10561
-408.30,27.47,10572
-409.79,28.73,10585
-407.64,29.15,10596
-412.90,29.40,10608
-410.36,28.52,10619
-410.16,27.60,10631
-412.57,27.17,10643
-410.65,26.96,10654
-413.71,27.82,10667
-410.87,28.78,10678
-404.51,30.03,10690
-408.76,30.45,10701
-409.45,29.52,10714
-410.18,28.63,10725
-413.03,26.74,10737
-411.96,26.15,10748
-412.23,26.33,10761
-413.03,27.75,10772
-408.88,29.33,10783
-407.58,30.24,10796
-410.65,30.82,10807
-406.28,29.48,10819
-412.97,28.37,10830
-414.53,26.94,10843
-408.11,26.32,10854
-415.01,26.58,10866
-409.95,27.77,10877
-408.38,29.23,10890
-411.81,29.86,10901
-407.75,29.78,10913
-407.40,28.93,10925
-414.17,27.80,10936
-412.53,27.22,10948
-412.29,27.03,10959
-407.42,27.94,10972
-410.35,29.12,10983
-410.23,29.54,10995
-408.14,29.55,11006
-411.24,28.45,11019
-413.05,27.24,11030
-414.18,26.68,11042
-412.05,26.59,11054
-408.86,27.66,11066
-410.23,29.26,11077
-410.96,30.29,11088
-408.40,30.75,11101
-406.37,29.62,11112
-411.65,28.09,11124
-413.95,26.26,11136
-414.58,25.71,11148
-412.38,26.03,11159
-407.47,27.81,11171
-412.22,29.85,11183
-411.40,30.40,11195
-407.32,30.47,11206
-406.02,28.97,11218
-410.07,27.88,11230
-415.58,26.53,11241
-413.25,26.24,11253
-409.90,27.04,11265
-406.96,28.33,11277
-411.06,29.80,11288
-414.44,29.96,11300
-406.87,29.23,11312
-405.98,28.32,11324
-412.80,27.07,11335
-413.27,27.08,11347
-405.80,27.35,11359
-408.77,28.91,11371
-409.69,30.00,11382
-412.57,29.88,11394
-409.67,28.97,11406
-407.37,27.37,11417
-414.67,26.75,11429
-415.48,26.42,11441
-412.15,27.49,11453
-408.31,28.72,11464
-405.69,30.16,11476
-412.34,30.77,11488
-411.41,30.11,11500
-407.25,28.72,11511
-410.24,26.95,11524
-415.19,26.23,11535
-413.94,26.24,11546
-411.69,27.45,11558
-410.00,28.96,11570
-406.93,30.23,11582
-412.43,30.65,11593
-408.78,29.92,11606
-407.38,28.68,11617
-413.88,27.27,11629
-412.45,26.61,11640
-414.42,26.56,11653
-411.66,27.98,11664
-407.17,29.14,11676
-409.10,29.93,11687
-413.51,29.91,11699
-406.32,28.95,11711
-411.33,28.04,11722
-410.71,26.95,11735
-413.73,27.13,11746
-408.15,27.85,11758
-406.27,29.01,11769
-410.52,29.81,11782
-411.23,29.62,11793
-408.04,28.74,11805
-412.70,27.30,11816
-413.38,26.56,11829
-410.89,26.78,11840
-410.41,27.79,11851
-408.43,29.67,11864
-406.31,30.39,11875
-410.13,30.79,11887
-410.34,29.60,11898
-409.99,27.72,11911
-413.50,26.51,11922
-413.61,25.80,11934
-411.31,26.61,11945
-411.59,28.14,11958
-408.67,29.94,11969
-407.61,30.53,11981
-412.80,30.31,11993
-406.40,28.91,12004
-411.35,27.20,12016
-416.47,26.40,12027
-410.54,26.33,12040
-411.90,27.31,12051
-410.21,29.12,12063
-408.19,29.81,12075
-411.64,30.10,12087
-408.79,29.12,12098
-408.80,27.83,12110
-413.31,27.04,12122
-411.26,26.69,12134
-409.54,27.45,12145
-409.01,28.71,12156
-409.59,29.82,12169
-411.25,30.06,12180
-406.76,29.15,12192
-410.37,28.35,12204
-414.73,26.46,12216
-413.91,26.58,12227
-412.30,26.93,12239
-407.61,28.11,12251
-409.10,29.93,12263
-411.36,30.27,12274
-408.83,30.18,12286
-407.56,28.87,12298
-411.79,27.31,12309
-415.31,26.41,12321
-413.19,26.39,12333
-410.17,27.26,12345
-408.63,28.80,12356
-408.75,29.98,12368
-412.88,30.34,12380
-409.94,29.58,12392
-405.03,28.31,12403
-412.78,27.21,12416
-414.08,26.86,12427
-413.48,27.02,12439
-409.53,28.16,12450
-407.41,29.36,12462
-409.77,29.74,12474
-412.74,29.65,12485
-408.98,28.25,12497
-408.97,27.70,12509
-413.45,26.88,12521
-412.45,27.25,12532
-409.40,28.07,12545
-404.72,29.20,12556
-412.26,30.03,12568
-410.80,30.03,12579
-407.11,28.65,12592
-413.32,27.98,12603
-409.76,26.41,12614
-413.13,27.02,12626
-415.30,27.36,12638
-404.10,29.13,12650
-408.85,29.86,12661
-411.07,30.35,12674
-407.33,29.77,12685
-411.64,28.12,12697
-413.12,27.34,12708
-409.18,26.13,12721
-412.93,26.61,12732
-413.48,27.97,12744
-407.73,29.13,12755
-408.89,30.58,12767
-408.99,30.24,12779
-407.36,29.62,12790
-413.76,27.88,12803
-410.51,26.73,12814
-412.98,26.60,12826
-410.76,27.04,12837
-408.72,28.94,12850
-413.37,29.27,12861
-408.25,29.76,12873
-409.33,29.22,12884
-409.99,28.04,12897
-415.43,27.54,12908
-411.29,26.97,12919
-407.91,27.39,12932
-411.45,28.45,12943
-408.86,29.53,12955
-409.55,29.68,12966
-410.73,29.42,12979
-409.01,27.92,12990
-415.57,27.23,13002
-414.44,26.70,13014
-409.97,26.91,13026
-409.81,28.27,13037
-408.64,29.45,13049
-410.79,30.57,13061
-409.91,30.17,13072
-406.61,29.13,13084
-412.21,27.49,13095
-416.06,26.20,13108
-411.30,25.88,13119
-411.89,26.78,13131
-410.51,28.53,13143
-406.15,29.83,13155
-414.87,30.59,13166
-408.26,30.03,13178
-404.58,28.69,13190
-415.82,27.38,13202
-411.88,26.43,13213
-412.64,26.72,13224
-409.82,27.58,13237
-409.33,28.88,13248
-412.45,29.68,13260
-411.74,29.65,13272
-406.39,29.01,13284
-407.85,27.65,13295
-412.51,27.14,13307
-412.60,26.88,13319
-407.73,27.63,13331
-407.56,29.04,13342
-413.60,29.74,13355
-407.63,29.77,13366
-408.10,28.74,13377
-412.02,27.23,13389
-413.53,26.58,13401
-416.32,26.45,13413
-409.19,27.19,13424
-407.49,28.84,13436
-409.32,30.17,13448
-410.99,30.76,13460
-408.67,29.99,13471
-406.73,28.60,13484
-412.82,26.97,13495
-413.87,26.08,13507
-415.26,26.24,13518
-409.99,27.45,13530
-408.76,29.20,13542
-408.86,30.32,13553
-412.58,30.81,13565
-407.11,29.38,13577
-408.52,28.46,13589
-414.03,27.10,13600
-412.91,26.61,13613
-413.22,27.10,13624
-410.95,27.92,13636
-407.77,29.25,13647
-409.07,29.66,13660
-413.26,29.41,13671
-409.06,28.41,13682
-415.50,27.51,13694
-410.27,27.04,13706
-409.84,27.25,13718
-411.84,28.26,13729
-405.94,29.53,13742
-409.48,30.11,13753
-410.78,29.94,13765
-408.46,28.42,13776
-412.52,27.05,13789
-415.68,26.27,13800
-410.70,26.47,13812
-410.94,27.57,13824
-410.01,29.22,13835
-407.91,30.59,13847
-410.74,30.42,13858
-408.57,29.51,13871
-410.05,27.72,13882
-415.72,26.27,13894
-412.42,25.90,13905
-411.25,26.41,13918
-410.09,28.25,13929
-409.33,29.98,13941
-410.02,30.54,13953
-410.72,30.33,13965
-406.75,28.48,13976
-412.06,27.25,13987
-415.48,26.33,14000
-411.05,26.50,14011
-411.95,27.70,14023
-410.05,29.13,14034
-407.16,30.18,14047
-412.90,29.90,14058
-408.77,29.11,14070
-414.38,27.93,14082
-413.49,26.80,14094
-411.31,26.97,14105
-408.93,27.28,14117
-409.50,28.78,14129
-409.54,29.84,14140
-411.28,29.99,14152
-408.21,29.39,14163
-409.77,27.81,14176
-415.16,26.83,14187
-412.72,26.48,14199
-411.62,27.07,14211
-408.84,28.62,14223
-407.83,29.81,14234
-413.41,30.58,14246
-408.90,29.78,14258
-407.10,28.65,14270
-413.06,27.06,14281
-413.52,26.24,14292
-414.41,26.51,14305
-409.63,27.34,14316
-409.53,29.16,14328
-407.90,30.06,14340
-410.72,30.56,14352
-409.18,29.48,14363
-407.82,28.38,14375
-413.59,27.00,14387
-413.73,26.55,14399
-413.28,26.89,14410
-409.57,28.16,14423
-408.79,29.58,14434
-409.70,30.15,14445
-410.55,29.80,14457
-409.28,28.53,14469
-414.26,27.36,14481
-412.00,26.82,14492
-411.50,27.10,14504
-409.28,28.16,14516
-406.75,29.46,14528
-411.06,30.15,14539
-409.66,29.90,14552
-408.87,28.75,14563
-414.62,27.21,14575
-411.69,26.41,14586
-411.71,26.63,14598
-412.08,27.49,14610
-408.67,29.51,14621
-409.05,30.18,14633
-410.06,30.88,14645
-405.17,29.39,14657
-412.65,27.94,14668
-413.89,26.57,14681
-410.79,25.81,14692
-413.86,26.87,14704
-408.43,28.13,14715
-410.59,29.91,14728
-409.06,30.45,14739
-407.52,30.25,14750
-409.32,29.02,14763
-411.96,27.29,14774
-415.42,26.53,14786
-409.88,26.17,14797
-410.87,27.47,14810
-413.42,28.87,14821
-408.24,29.62,14833
-413.04,30.13,14844
-406.88,28.73,14857
-414.97,27.96,14868
-413.17,26.83,14880
-409.97,27.14,14892
-408.66,27.63,14904
-411.63,28.98,14915
-408.29,29.93,14926
-412.05,29.68,14939
-406.76,28.91,14950
-408.63,27.63,14962
-417.95,26.56,14973
-411.49,26.60,14986
-409.79,27.33,14997
-409.96,28.62,15009
-408.75,30.05,15021
-412.58,30.10,15033
-409.91,29.56,15044
-405.48,28.23,15056
-413.16,27.06,15068
-418.04,26.63,15079
-411.70,26.75,15091
-411.07,27.77,15102
-409.01,29.03,15115
-410.12,30.06,15126
-413.38,30.09,15138
-406.08,29.33,15150
-408.42,28.09,15162
-414.83,26.89,15173
-414.74,26.55,15185
-411.62,26.79,15197
-407.00,28.26,15209
-409.88,29.31,15220
-411.30,29.80,15232
-411.62,29.39,15244
-406.99,28.29,15255
-413.67,27.53,15267
-415.76,26.85,15279
-411.53,27.17,15291
-406.68,27.85,15302
-409.77,29.30,15314
-410.49,29.96,15326
-411.99,29.84,15338
-409.21,28.57,15349
-410.19,27.27,15362
-414.58,26.40,15373
-413.15,26.56,15384
-410.78,27.55,15396
-409.46,29.15,15408
-408.07,30.07,15420
-411.25,30.32,15431
-408.68,29.46,15443
-407.92,27.86,15455
-413.38,27.03,15467
-413.71,26.29,15478
-411.71,26.83,15491
-412.44,27.94,15502
-408.00,29.10,15514
-408.17,30.00,15525
-413.04,30.06,15537
-407.62,29.05,15549
-410.04,28.05,15560
-415.72,26.92,15572
-410.79,26.78,15584
-409.01,27.55,15596
-413.39,28.83,15607
-406.93,29.71,15620
-411.34,29.61,15631
-410.83,29.08,15643
-415.43,27.46,15654
-411.11,27.36,15667
-410.28,26.67,15678
-412.21,27.79,15689
-408.28,28.98,15702
-409.07,29.81,15713
-412.87,30.09,15725
-406.23,29.24,15736
-411.47,28.10,15749
-415.82,26.74,15760
-411.69,26.34,15772
-412.35,27.08,15783
-410.07,28.14,15796
-408.84,29.84,15807
-411.39,30.28,15819
-409.70,30.44,15831
-406.49,29.09,15842
-413.15,27.58,15854
-414.39,26.34,15865
-411.90,26.04,15878
-413.87,27.25,15889
-407.49,28.36,15901
-410.87,30.10,15912
-413.20,29.98,15925
-404.52,29.57,15936
-411.25,28.30,15948
-413.17,27.09,15960
-412.29,26.57,15972
-413.90,26.94,15983
-409.37,28.19,15994
-407.41,29.44,16007
-413.46,30.10,16018
-412.82,29.45,16030
-413.12,28.35,16041
-414.69,27.15,16054
-412.74,26.39,16065
-415.39,27.10,16077
-406.53,27.79,16089
-407.27,29.56,16101
-413.90,30.11,16112
-410.19,30.32,16124
-404.91,28.77,16136
-413.30,27.39,16147
-414.85,26.51,16159
-411.72,25.87,16171
-415.07,27.18,16183
-405.32,28.36,16194
-407.71,30.04,16206
-413.60,30.62,16218
-406.79,29.92,16230
-408.08,28.79,16241
-412.82,27.17,16253
-414.16,26.70,16265
-413.12,26.45,16276
-411.24,27.53,16288
-406.46,28.84,16300
-409.23,29.72,16312
-413.29,29.91,16323
-407.10,28.65,16335
-412.48,27.80,16347
-410.54,26.68,16359
-413.18,27.00,16370
-415.04,27.74,16382
-406.98,29.09,16394
-408.38,30.02,16406
-410.65,29.78,16417
-409.31,29.07,16430
-413.18,27.48,16441
-409.46,26.53,16452
-413.55,26.65,16464
-413.04,27.30,16476
-406.27,28.93,16488
-410.09,30.25,16499
-409.13,30.43,16512
-407.56,29.88,16523
-412.98,28.11,16535
-412.47,27.15,16546
-410.71,25.99,16559
-412.30,26.43,16570
-412.86,27.76,16581
-407.24,29.21,16593
-410.49,30.32,16605
-408.36,30.12,16617
-407.37,29.30,16628
-415.85,27.82,16641
-412.25,26.84,16652
-412.72,26.53,16664
-409.65,27.17,16675
-410.23,28.88,16688
-411.91,29.89,16699
-407.71,29.77,16711
-409.80,29.51,16722
-409.96,28.00,16735
-413.15,27.15,16746
-414.74,26.73,16757
-410.14,27.30,16770
-409.90,28.61,16781
-408.95,29.77,16793
-409.75,30.02,16804
-411.37,29.58,16817
-411.33,28.35,16828
-413.66,27.17,16840
-412.83,26.46,16851
-412.31,26.64,16864
-408.25,27.81,16875
-408.22,29.36,16887
-412.39,30.60,16899
-407.99,30.25,16910
-407.48,29.35,16922
-413.37,27.50,16933
-413.72,26.42,16946
-413.33,26.29,16957
-410.37,26.80,16969
-408.72,28.55,16980
-408.00,29.78,16993
-413.18,30.24,17004
-408.92,29.91,17016
-407.50,28.50,17028
-414.59,27.52,17040
-412.14,26.48,17051
-413.51,26.76,17062
-409.43,27.66,17075
-406.70,29.34,17086
-411.37,30.30,17098
-410.01,30.07,17110
-407.75,29.25,17122
-409.30,27.38,17133
-414.01,26.90,17145
-415.07,26.49,17157
-410.44,27.25,17169
-410.20,29.11,17180
-408.22,29.97,17191
-410.83,30.41,17204
-411.32,29.25,17215
-412.77,27.93,17227
-413.34,26.73,17239
-414.48,26.26,17251
-412.25,27.06,17262
-405.51,28.25,17274
-409.85,30.01,17286
-413.73,30.48,17298
-406.82,30.21,17309
-408.39,28.54,17321
-415.00,27.23,17333
-409.41,26.31,17345
-414.65,26.27,17356
-412.34,27.61,17368
-403.95,28.97,17380
-411.08,30.04,17391
-412.80,30.36,17403
-405.66,29.07,17415
-412.17,28.08,17427
-413.20,26.85,17438
-411.83,26.84,17451
-413.35,27.15,17462
-409.93,28.69,17474
-406.03,29.64,17485
-412.42,30.04,17498
-410.07,29.58,17509
-408.44,28.20,17520
-413.74,27.18,17532
-410.04,26.43,17544
-414.33,26.88,17556
-411.87,28.10,17567
-405.81,29.53,17580
-411.18,30.21,17591
-409.28,30.08,17603
-414.14,28.85,17614
-411.07,27.50,17627
-410.06,26.24,17638
-416.17,26.45,17649
-409.49,27.39,17661
-407.43,28.88,17673
-412.62,30.00,17685
-406.40,30.24,17696
-408.01,29.69,17709
-413.63,28.27,17720
-411.47,27.06,17732
-413.04,26.57,17743
-411.45,26.93,17756
-409.79,28.30,17767
-408.49,29.35,17779
-410.24,30.01,17790
-408.71,29.73,17802
-408.85,28.45,17814
-414.46,27.47,17825
-413.21,26.81,17838
-412.19,26.89,17849
-408.91,27.92,17861
-410.05,28.99,17872
-410.74,29.75,17885
-409.70,29.66,17896
-408.90,28.64,17908
-409.26,27.72,17920
-413.72,26.73,17932
-414.56,26.81,17943
-409.65,27.51,17954
-410.08,29.18,17967
-409.27,30.19,17978
-410.81,30.27,17990
-404.29,29.64,18001
-413.86,28.14,18014
-415.75,26.86,18025
-411.38,26.18,18037
-412.14,26.57,18049
-408.63,28.04,18061
-409.15,29.68,18072
-412.50,30.46,18084
-408.52,30.23,18096
-405.35,28.84,18107
-414.15,27.57,18119
-415.45,26.26,18130
-409.76,26.44,18143
-410.52,27.20,18154
-408.10,28.88,18166
-409.57,30.05,18178
-412.18,30.18,18190
-406.69,29.30,18201
-408.78,28.00,18213
-412.89,26.85,18225
-413.78,26.43,18237
-412.50,27.01,18248
-408.14,28.45,18259
-409.13,29.78,18272
-413.43,30.30,18283
-408.78,29.52,18295
-409.57,28.41,18307
-410.21,27.05,18319
-411.36,26.55,18330
-416.84,26.87,18342
-410.11,27.95,18354
-407.59,29.54,18366
-409.57,30.11,18377
-412.46,29.92,18390
-410.47,28.67,18401
-414.12,27.35,18413
-411.46,26.51,18424
-416.52,26.71,18436
-407.81,27.62,18448
-406.80,29.04,18459
-411.06,30.06,18471
-409.29,30.06,18483
-410.69,29.30,18495
-409.94,28.00,18506
-412.61,26.89,18519
-414.66,26.44,18530
-410.48,27.13,18542
-409.13,28.25,18553
-409.02,29.61,18566
-409.32,30.20,18577
-409.86,29.93,18588
-411.69,28.63,18600
-410.75,27.26,18612
-411.42,26.63,18624
-415.21,26.56,18635
-409.82,27.71,18648
-409.85,29.04,18659
-409.14,30.00,18671
-410.26,30.10,18682
-409.01,29.12,18695
-410.81,28.07,18706
-412.73,26.73,18718
-412.32,26.47,18729
-412.45,27.04,18741
-410.85,28.67,18753
-409.86,29.87,18764
-408.53,30.19,18777
-406.99,29.68,18788
-410.47,28.48,18800
-415.89,27.04,18811
-408.58,26.51,18824
-411.69,26.77,18835
-413.05,27.98,18847
-406.34,29.49,18859
-411.45,30.21,18871
-410.08,29.92,18882
-406.41,28.80,18893
-414.38,27.56,18906
-414.53,26.53,18917
-410.33,26.57,18929
-410.89,27.53,18940
-410.76,29.14,18953
-407.82,30.03,18964
-411.16,30.12,18976
-408.54,29.16,18988
-408.94,27.96,19000
-414.51,26.72,19011
-412.69,26.65,19023
-412.20,26.93,19035
-409.34,28.49,19046
-408.85,29.97,19058
-409.13,30.25,19069
-409.76,29.93,19082
-407.28,28.61,19093
-411.05,27.21,19105
-415.15,26.37,19117
-411.95,26.61,19129
-410.02,27.57,19140
-409.53,29.13,19152
-410.63,29.87,19164
-407.12,29.78,19176
-409.89,29.03,19187
-412.80,27.92,19198
-413.70,26.96,19211
-412.43,27.15,19222
-407.81,27.45,19234
-408.80,28.89,19246
-410.91,29.60,19258
-413.10,29.75,19269
-406.93,28.95,19281
-410.12,27.72,19293
-414.04,26.99,19305
-414.33,26.43,19316
-411.24,27.12,19329
-407.22,28.69,19340
-409.63,29.99,19351
-410.56,30.52,19363
-409.21,29.91,19375
-407.77,28.50,19387
-410.45,27.11,19398
-416.24,26.30,19410
-414.33,26.35,19422
-409.82,27.43,19434
-406.90,29.21,19445
-409.41,30.20,19458
-412.30,30.46,19469
-409.90,29.65,19481
-408.76,27.94,19492
-410.58,27.14,19504
-413.85,26.44,19516
-414.16,26.64,19527
-410.80,28.07,19539
-406.80,29.16,19551
-411.89,30.29,19563
-405.79,29.71,19574
-412.00,28.84,19587
-409.88,27.53,19598
-413.40,26.79,19610
-415.26,27.08,19621
-406.46,27.96,19634
-407.49,29.29,19645
-411.50,29.67,19656
-411.32,29.45,19668
-407.87,28.47,19680
-412.23,27.31,19692
-410.67,26.99,19703
-412.57,26.98,19716
-412.91,27.83,19727
-407.04,29.10,19739
-407.63,29.92,19750
-411.37,30.18,19763
-410.04,29.33,19774
-410.53,27.77,19786
-411.42,26.67,19798
-413.69,26.23,19809
-412.26,26.88,19821
-410.84,28.33,19832
-409.16,29.85,19845
-408.15,30.47,19856
-408.76,30.28,19868
-409.19,28.90,19879
-412.67,27.39,19892
-410.33,26.64,19903
-413.47,26.56,19915
-412.39,27.39,19927
-410.10,28.82,19939
-410.33,29.56,19950
-409.10,29.93,19961
-407.91,29.16,19974
-413.58,28.30,19985
-412.29,27.25,19997
-409.37,26.73,20008
-413.17,27.53,20021
-408.22,28.31,20032
-408.69,29.68,20044
-411.41,29.90,20056
-405.93,29.15,20068
-411.05,28.14,20079
-415.24,27.03,20091
-413.44,26.65,20103
-409.93,27.02,20114
-410.97,28.16,20126
-409.44,29.56,20137
-409.09,29.91,20150
-410.68,30.00,20161
-406.94,28.63,20173
-412.48,27.40,20185
-415.07,26.46,20197
-412.20,26.27,20208
-410.03,27.27,20220
-410.34,28.90,20232
-409.16,30.08,20244
-409.98,30.43,20255
-408.78,29.47,20267
-408.36,28.21,20279
-412.53,26.88,20290
-413.97,26.31,20302
-413.23,26.77,20314
-409.26,28.09,20326
-407.76,29.45,20337
-412.17,30.17,20349
-407.20,29.56,20361
-409.79,28.42,20373
-414.28,27.71,20384
-413.54,26.99,20397
-410.32,27.02,20408
-411.02,27.95,20419
-407.25,29.05,20431
-410.84,29.76,20443
-413.60,29.93,20455
-403.84,28.56,20466
-413.54,27.82,20478
-415.54,26.59,20490
-411.12,26.59,20502
-412.27,27.41,20513
-407.85,28.76,20526
-408.13,29.80,20537
-412.41,30.19,20549
-408.51,29.35,20560
-408.46,27.95,20572
-412.12,26.94,20584
-414.15,26.29,20595
-414.34,26.75,20608
-408.93,27.99,20619
-407.28,29.74,20631
-411.78,30.33,20642
-411.34,30.28,20655
-407.59,28.88,20666
-410.16,27.47,20678
-411.52,26.55,20689
-413.11,26.67,20702
-414.64,27.37,20713
-407.08,29.05,20724
-408.17,30.20,20737
-407.67,30.07,20748
-410.13,29.47,20760
-412.33,27.74,20771
-411.34,26.97,20784
-414.22,26.53,20795
-411.18,27.12,20807
-408.91,28.43,20818
-408.82,29.56,20831
-409.29,30.15,20842
-410.12,29.54,20854
-409.29,28.40,20866
-411.69,27.09,20877
-415.48,26.54,20889
-409.00,26.80,20900
-409.61,27.90,20913
-411.70,29.39,20924
-405.46,30.13,20936
-410.41,29.86,20947
-409.07,28.71,20960
-409.19,27.11,20971
-414.87,26.36,20983
-414.65,26.21,20995
-409.26,27.24,21007
-410.66,29.05,21018
-410.44,30.16,21029
-408.28,30.49,21042
-410.43,29.54,21053
-408.27,28.20,21065
-413.10,26.66,21076
-415.29,26.03,21089
-411.18,26.55,21100
-409.83,27.80,21112
-410.90,29.78,21124
-409.78,30.26,21136
-407.73,29.94,21147
-408.70,29.02,21159
-413.20,27.34,21171
-416.13,26.74,21182
-409.24,26.47,21194
-409.89,27.60,21206
-410.98,29.01,21218
-408.75,29.85,21229
-411.68,30.11,21241
-407.17,28.97,21253
-410.20,27.98,21265
-414.76,26.89,21276
-412.92,26.90,21288
-409.29,27.63,21300
-408.77,28.55,21312
-409.18,29.85,21323
-411.11,29.82,21336
-409.34,29.44,21347
-408.31,28.05,21358
-412.73,27.06,21370
-413.58,26.48,21382
-413.32,26.96,21394
-409.08,28.11,21405
-405.75,29.58,21417
-409.48,30.27,21429
-409.99,29.82,21441
-407.81,28.79,21452
-411.40,27.27,21465
-412.84,26.59,21476
-412.70,26.49,21488
-413.09,27.53,21499
-409.97,29.05,21511
-406.54,30.10,21523
-409.99,30.29,21534
-407.11,29.44,21547
-412.70,28.13,21558
-411.64,26.93,21570
-413.99,26.49,21581
-410.25,26.90,21594
-409.44,28.21,21605
-409.16,29.65,21617
-409.71,29.96,21628
-409.75,29.62,21641
-408.55,28.07,21652
-412.32,27.20,21663
-412.27,26.64,21676
-413.14,26.98,21687
-409.68,28.26,21699
-409.44,29.46,21710
-411.07,30.02,21723
-406.94,29.74,21734
-410.40,28.82,21746
-411.97,27.23,21757
-410.49,26.49,21770
-416.00,26.23,21781
-410.36,27.19,21793
-407.40,29.12,21805
-411.55,30.15,21816
-409.65,30.57,21828
-406.13,29.86,21839
-412.88,28.28,21852
-412.00,26.94,21863
-410.73,26.06,21875
-417.37,26.47,21886
-407.36,27.88,21899
-408.86,29.37,21910
-405.39,30.43,21922
-410.01,30.04,21934
-410.67,29.34,21945
-408.79,27.68,21957
-417.39,26.85,21968
-410.94,26.81,21981
-406.24,27.15,21992
-411.98,28.64,22004
-408.94,29.67,22016
-408.23,29.68,22028
-410.91,29.22,22039
-408.35,27.73,22051
-411.74,27.30,22063
-418.12,26.77,22075
-408.05,27.38,22086
-408.70,28.71,22098
-411.60,29.45,22110
-408.71,30.14,22121
-411.04,29.11,22133
-409.56,28.00,22145
-409.69,27.02,22157
-414.28,26.26,22168
-414.80,26.96,22180
-408.16,27.98,22192
-408.23,29.72,22204
-409.87,30.16,22215
-410.78,30.29,22227
-408.82,28.99,22239
-408.30,27.53,22251
-413.87,26.30,22262
-413.61,26.12,22274
-413.26,26.88,22286
-411.41,28.50,22297
-407.92,29.82,22309
-412.08,30.59,22321
-405.77,29.81,22333
-410.73,28.55,22344
-414.50,27.57,22356
-412.45,26.57,22368
-413.06,26.83,22380
-408.81,27.79,22391
-408.30,29.07,22404
-413.44,29.91,22415
-407.67,29.75,22426
-410.70,28.75,22438
-412.29,27.76,22450
-410.11,27.02,22462
-415.73,27.01,22473
-409.27,27.69,22486
-405.91,28.98,22497
-413.01,29.75,22509
-410.60,29.93,22520
-405.33,28.73,22533
-413.82,27.40,22544
-411.13,26.43,22556
-412.02,26.53,22567
-416.59,27.49,22579
-404.84,28.74,22591
-408.26,30.17,22602
-412.08,30.33,22615
-407.64,29.74,22626
-409.04,28.21,22638
-412.69,27.05,22649
-411.67,26.21,22662
-413.57,26.34,22673
-414.19,27.90,22685
-406.68,29.16,22696
-412.29,30.37,22709
-406.06,30.27,22720
-410.12,29.15,22731
-412.64,27.95,22744
-413.50,26.68,22755
-413.26,26.43,22767
-410.30,27.14,22778
-410.25,28.49,22791
-407.09,29.50,22802
-410.98,30.10,22814
-408.25,29.29,22825
-410.18,28.37,22838
-414.70,27.14,22849
-410.95,26.73,22861
-411.87,27.28,22873
-408.32,28.35,22884
-408.61,29.76,22896
-409.85,29.91,22907
-410.53,29.58,22920
-408.64,28.44,22931
-410.44,27.26,22943
-415.79,26.56,22955
-412.60,26.84,22967
-409.01,27.67,22978
-411.27,29.29,22990
-407.56,30.22,23002
-408.07,30.06,23014
-411.33,29.12,23025
-407.82,27.68,23036
-413.57,26.63,23049
-415.80,26.50,23060
-408.52,27.07,23072
-411.22,28.42,23084
-409.61,29.61,23096
-412.63,30.04,23107
-406.96,29.52,23119
-411.71,28.27,23131
-413.00,27.53,23143
-412.79,26.83,23154
-411.55,27.06,23166
-409.34,27.91,23178
-408.39,29.05,23189
-411.80,29.99,23201
-410.67,29.59,23213
-406.31,28.66,23225
-416.73,27.52,23236
-411.61,26.70,23248
-411.31,26.95,23260
-414.54,27.80,23272
-405.17,29.31,23283
-408.70,30.01,23296
-414.83,30.02,23307
-405.54,29.19,23319
-411.45,27.64,23330
-415.78,26.77,23342
-410.85,26.06,23354
-414.80,26.84,23365
-410.78,28.18,23377
-405.47,29.71,23389
-413.30,30.51,23401
-410.54,30.03,23412
-406.45,29.01,23425
-411.47,27.43,23436
-412.41,26.64,23448
-413.70,26.39,23459
-413.56,27.04,23472
-407.94,28.89,23483
-411.45,29.68,23494
-409.14,30.36,23506
-408.66,29.30,23518
-412.42,27.86,23530
-413.37,27.12,23541
-415.30,26.62,23554
-408.67,27.13,23565
-407.56,28.45,23577
-410.95,29.44,23588
-410.83,29.78,23601
-409.78,29.25,23612
-409.86,28.01,23624
-411.36,27.15,23635
-414.96,26.74,23647
-413.75,27.12,23659
-409.60,28.13,23670
-407.90,29.82,23683
-409.71,30.06,23694
-411.67,30.00,23706
-409.64,28.80,23717
-408.72,27.18,23730
-412.50,26.50,23741
-414.42,26.40,23753
-410.45,27.43,23764
-410.21,29.00,23777
-406.33,29.99,23788
-410.17,30.25,23800
-411.31,29.44,23812
-407.95,28.13,23823
-412.59,26.86,23835
-412.12,26.45,23846
-412.86,26.82,23859
-412.36,28.02,23870
-407.45,29.29,23882
-412.35,29.92,23894
-409.15,29.81,23906
-408.29,28.58,23917
-414.43,27.46,23929
-410.84,26.83,23941
-411.26,26.91,23952
-412.65,28.02,23964
-407.57,29.24,23975
-410.29,30.01,23988
-412.04,29.63,23999
-407.81,28.59,24011
-413.27,27.54,24023
-414.03,26.68,24035
-411.78,26.87,24046
-410.47,27.63,24058
-409.85,29.07,24070
-407.81,30.24,24082
-410.15,30.03,24093
-408.15,29.40,24104
-408.25,27.77,24117
-415.61,26.59,24128
-412.30,26.30,24140
-411.88,26.63,24152
-412.11,28.11,24164
-406.91,29.40,24175
-410.08,30.35,24187
-412.37,30.17,24199
-405.10,28.97,24211
-411.35,27.68,24222
-414.05,26.55,24235
-411.48,26.49,24246
-413.48,27.41,24258
-408.16,28.56,24269
-412.48,29.72,24281
-409.19,29.97,24293
-407.60,29.22,24304
-412.23,28.17,24316
-412.91,27.02,24328
-413.17,27.08,24340
-410.51,27.13,24351
-410.62,28.68,24364
-408.18,29.24,24375
-411.03,29.74,24387
-409.76,29.45,24398
-408.35,28.00,24411
-413.80,27.36,24422
-412.36,26.63,24433
-412.63,27.04,24445
-409.24,27.95,24457
-409.59,29.33,24469
-409.42,30.13,24480
-409.70,29.97,24493
-410.09,28.84,24504
-408.33,27.25,24516
-414.99,26.35,24527
-413.26,26.16,24540
-411.97,27.24,24551
-410.31,28.90,24563
-407.22,30.01,24574
-411.08,30.36,24586
-410.88,29.80,24598
-407.96,28.15,24609
-412.05,27.10,24622
-413.36,26.31,24633
-413.31,26.56,24645
-412.01,27.82,24656
-409.47,29.27,24669
-412.20,29.95,24680
-407.33,29.83,24692
-409.20,28.99,24704
-413.23,27.75,24716
-413.31,26.97,24727
-413.12,26.96,24738
-410.53,27.45,24751
-407.74,28.85,24762
-409.03,29.78,24774
-412.45,29.91,24785
-406.43,28.98,24798
-411.15,27.73,24809
-413.03,26.82,24821
-413.24,26.73,24833
-411.99,27.42,24845
-407.11,28.59,24856
-409.82,29.75,24868
-410.43,30.38,24880
-410.08,29.88,24891
-409.14,28.33,24903
-411.40,27.14,24914
-412.95,26.16,24927
-413.64,26.44,24938
-411.59,27.71,24950
-408.10,29.33,24962
-410.61,30.28,24974
-410.10,30.28,24985
-408.62,29.31,24997
-409.96,27.73,25009
-411.32,26.81,25021
-414.28,26.57,25032
-411.41,27.09,25043
-409.15,28.35,25056
-408.90,29.38,25067
-411.35,29.97,25079
-406.84,29.25,25091
-412.08,28.68,25103
-413.11,27.34,25114
-412.49,26.84,25126
-410.58,27.13,25138
-409.56,27.96,25150
-407.74,29.25,25161
-410.14,29.81,25174
-410.93,29.66,25185
-406.35,28.37,25196
-414.03,27.42,25208
-413.73,26.50,25220
-413.34,26.62,25232
-410.52,28.01,25243
-407.10,28.95,25255
-410.38,30.39,25267
-410.60,30.05,25279
-409.44,29.25,25290
-408.91,27.82,25303
-411.72,26.41,25314
-417.40,26.27,25326
-409.85,26.62,25337
-410.53,28.32,25349
-410.41,29.78,25361
-407.81,30.50,25372
-411.32,30.09,25384
-409.02,28.62,25396
-409.12,27.30,25408
-413.36,26.34,25419
-416.20,26.49,25432
23.53,27.38,25443
-409.63,28.88,25455
-411.86,29.88,25478
-408.98,29.83,25489
-409.17,28.83,25500
-413.86,27.72,25511
-413.29,26.73,25523
-410.11,26.97,25535
-409.34,27.63,25546
-407.78,28.99,25558
-410.11,30.09,25569
-410.56,30.03,25580
-410.45,29.27,25591
-413.30,27.68,25603
-412.87,26.54,25614
-413.98,26.37,25626
-411.48,27.02,25637
-406.91,28.34,25649
-408.80,29.87,25660
-409.98,30.33,25671
-407.85,30.27,25682
-412.32,28.81,25694
-412.84,27.32,25706
-412.47,26.27,25717
-412.95,26.19,25729
-409.66,27.02,25740
-409.12,28.59,25751
-410.22,29.95,25762
-407.94,30.05,25774
-410.24,29.71,25785
-412.62,28.25,25797
-413.15,27.05,25808
-412.16,26.72,25820
-410.60,26.84,25831
-410.73,28.32,25842
-409.71,29.25,25853
-410.47,29.76,25866
-408.56,29.45,25877
-411.64,28.33,25889
-410.98,27.68,25901
-413.56,26.89,25913
-412.00,27.47,25924
-406.99,28.17,25936
-411.32,29.48,25948
-410.07,29.81,25959
-408.09,29.34,25971
-410.37,28.52,25982
-412.08,27.02,25995
-413.32,26.64,26006
-414.60,26.54,26018
-409.76,27.57,26030
-408.30,29.17,26042
-409.07,30.32,26053
-409.05,30.42,26065
-407.74,29.62,26077
-410.68,27.99,26089
-412.46,26.61,26100
-414.48,26.17,26112
-412.10,26.55,26124
-409.47,28.04,26135
-410.65,29.51,26147
-408.45,30.29,26159
-410.91,30.14,26171
-405.79,29.18,26182
-410.28,27.78,26194
-413.32,26.69,26206
-412.13,26.56,26218
-408.75,27.35,26229
-410.67,28.82,26242
-408.97,29.59,26253
-409.05,29.82,26264
-407.93,29.00,26276
-411.33,27.91,26288
-414.36,27.07,26300
-412.80,26.76,26311
-409.06,27.53,26323
-408.08,28.84,26335
-409.37,29.58,26347
-410.38,29.99,26358
-407.04,29.25,26371
-410.18,28.14,26382
-414.52,27.03,26394
-412.37,26.39,26405
-412.76,26.82,26417
-408.10,27.86,26429
-410.68,29.77,26440
-411.20,30.23,26452
-407.82,30.32,26464
-408.59,29.04,26476
-411.98,27.37,26487
-414.01,26.50,26500
-413.93,26.12,26511
-410.63,27.21,26523
-408.70,28.87,26534
-411.27,29.85,26547
-412.36,30.31,26558
-405.77,29.39,26569
-409.35,28.22,26582
-413.37,27.14,26593
-411.84,26.64,26605
-414.70,27.21,26616
-407.18,28.27,26629
-413.84,29.46,26640
-409.67,29.56,26652
-406.43,29.42,26663
-411.01,28.41,26676
-412.11,27.31,26687
-416.82,27.16,26699
-413.02,27.13,26711
-405.94,28.34,26722
-407.81,29.42,26734
-410.94,30.15,26745
-410.59,29.87,26758
-407.58,28.71,26769
-411.13,27.51,26781
-414.08,26.48,26792
-415.02,26.56,26805
-411.24,27.27,26816
-406.80,28.93,26828
-408.95,30.05,26840
-411.79,30.50,26852
-409.68,29.90,26863
-406.57,28.50,26874
-412.20,27.07,26887
-414.21,26.21,26898
-415.14,26.33,26910
-410.45,27.50,26921
-407.26,29.38,26934
-409.76,30.27,26945
-411.90,30.47,26957
-407.80,29.20,26969
-408.50,27.88,26981
-412.37,27.00,26992
-411.73,26.68,27004
-409.61,27.34,27016
-405.88,28.56,27027
-413.59,29.64,27039
-408.74,29.66,27051
-408.04,29.00,27063
-414.72,28.02,27074
-408.53,27.08,27086
-415.91,27.04,27098
-414.04,27.28,27110
-405.41,28.48,27121
-408.42,29.62,27133
-411.59,30.34,27145
-407.52,29.60,27157
-411.69,28.13,27168
-412.95,26.94,27180
-409.28,25.89,27192
-416.24,26.72,27203
-410.90,27.92,27215
-407.57,29.76,27227
-409.46,30.85,27239
-408.19,30.57,27250
-409.25,29.56,27262
-410.47,27.75,27274
-412.97,26.64,27286
-412.35,25.92,27297
-410.83,26.61,27310
-412.61,28.28,27321
-408.96,29.49,27332
-409.60,30.24,27344
-409.61,29.81,27356
-409.01,28.49,27368
-412.04,27.88,27379
-413.15,27.01,27392
-408.57,27.23,27403
-414.71,28.36,27415
-409.01,28.93,27426
-408.52,29.33,27439
-410.44,29.05,27450
-407.95,28.09,27462
-417.64,27.47,27473
-414.62,26.99,27485
-408.22,27.41,27497
-409.73,28.23,27508
-408.18,29.69,27521
-411.39,30.32,27532
-409.36,29.90,27544
-403.84,28.79,27555
-412.83,27.13,27568
-416.09,26.06,27579
-412.57,25.85,27591
-411.82,26.77,27602
-408.91,28.55,27615
-408.11,30.22,27626
-413.99,31.09,27637
-406.86,30.30,27650
-404.37,28.87,27661
-415.97,27.28,27673
-413.86,26.27,27684
-413.50,26.08,27697
-412.22,26.93,27708
-408.12,28.82,27720
-411.37,29.49,27731
-413.56,30.16,27744
-407.30,29.34,27755
-408.14,28.41,27767
-412.27,27.63,27779
-414.29,27.05,27790
-406.34,27.31,27802
-409.18,28.48,27813
-412.94,29.11,27826
-411.35,29.25,27837
-408.94,28.61,27849
-409.66,27.58,27860
-412.14,26.89,27873
-415.13,27.09,27884
-411.90,27.58,27896
-404.04,29.00,27908
-408.37,30.26,27920
-413.68,30.42,27931
-408.42,29.51,27942
-410.25,27.87,27955
-412.44,26.36,27966
-412.18,25.75,27978
-416.39,26.13,27990
-411.58,27.53,28002
-405.91,29.33,28013
-409.14,30.64,28025
-411.58,30.75,28037
-407.61,29.77,28049
-408.99,28.48,28060
-411.79,26.67,28072
-413.77,26.03,28084
-415.19,26.08,28096
-409.25,27.47,28107
-408.48,29.32,28119
-410.36,30.13,28131
-410.85,30.32,28142
-409.49,28.89,28154
-408.99,27.92,28166
-410.64,27.07,28178
-412.89,26.90,28189
-407.83,27.93,28201
-407.43,28.69,28213
-412.27,29.22,28225
-409.56,29.42,28236
-411.09,28.18,28249
-412.37,27.68,28260
-408.82,26.95,28271
-414.21,27.23,28283
-410.29,28.08,28295
-406.39,29.21,28307
-410.45,30.25,28318
-409.23,30.23,28331
-407.77,29.19,28342
-413.53,27.63,28354
-411.09,26.16,28365
-412.65,26.02,28378
-415.71,26.55,28389
-408.48,28.51,28401
-408.00,30.14,28412
-410.07,30.92,28424
-406.92,30.76,28436
-408.33,28.83,28447
-416.66,27.58,28460
-409.37,26.03,28471
-411.10,26.03,28483
-414.52,26.67,28494
-407.31,28.24,28507
-412.38,29.57,28518
-411.28,30.09,28530
-405.82,29.63,28541
-412.25,28.62,28554
-412.30,27.50,28565
-412.07,26.79,28576
-409.27,27.26,28589
-409.94,28.44,28600
-412.32,29.28,28612
-408.40,29.65,28623
-407.63,28.87,28636
-413.27,27.63,28647
-414.71,26.86,28659
-413.25,26.66,28670
-409.49,27.43,28683
-407.05,28.97,28694
-409.77,30.28,28706
-412.11,30.54,28718
-408.17,29.89,28729
-405.11,28.45,28741
-414.47,26.79,28752
-415.11,25.97,28765
-413.66,26.01,28776
-410.73,27.28,28788
-406.78,29.16,28800
-411.11,30.54,28812
-412.02,30.83,28823
-404.28,29.94,28835
-407.86,28.25,28847
-413.25,27.00,28859
-414.69,26.16,28870
-412.86,26.76,28881
-407.47,27.71,28894
-407.90,29.23,28905
-411.83,29.88,28917
-412.43,29.50,28929
-407.83,28.78,28941
-407.72,27.81,28952
-413.85,27.47,28964
-410.18,27.37,28976
-407.79,27.96,28988
-409.33,29.06,28999
-411.16,29.36,29011
-412.51,29.30,29023
-407.35,28.25,29034
-409.89,27.08,29046
-415.20,26.65,29058
-415.01,26.96,29070
-407.67,28.07,29081
-407.96,29.45,29093
-408.16,30.63,29105
-408.15,30.23,29117
-413.31,29.34,29128
-408.90,27.75,29140
-408.54,26.11,29152
-419.36,26.01,29164
-411.52,26.58,29175
-408.52,28.04,29187
-412.03,29.66,29199
-405.98,30.60,29210
-411.27,30.67,29222
-409.37,29.23,29234
-407.62,27.77,29246
-412.60,26.46,29257
-413.36,26.30,29270
-412.32,26.96,29281
-410.62,28.32,29293
-407.71,29.54,29304
-409.68,29.79,29317
-411.93,29.33,29328
-407.72,28.33,29339
-411.93,27.39,29351
-409.72,27.16,29363
-413.53,27.69,29375
-408.81,28.66,29386
-405.57,29.31,29399
-414.35,29.39,29410
-408.85,28.84,29422
-410.57,27.66,29433
-415.72,26.74,29446
-409.10,26.70,29457
-412.70,27.16,29469
-413.60,28.58,29480
-403.62,29.88,29492
-409.99,30.63,29504
-409.56,30.29,29515
-405.79,28.63,29528
-417.38,27.21,29539
-411.10,25.42,29551
-412.86,25.89,29562
-413.13,26.75,29575
-407.03,28.86,29586
-411.45,30.56,29598
-408.81,30.75,29609
-407.11,30.39,29622
-409.16,28.58,29633
-413.73,27.02,29644
-411.38,26.25,29657
-412.83,26.04,29668
-411.18,27.41,29680
-408.30,28.75,29691
-412.94,29.56,29704
-410.51,30.05,29715
-406.92,29.04,29727
-412.38,28.38,29739
-412.64,27.21,29751
-411.19,27.19,29762
-408.44,27.60,29774
-410.93,28.90,29786
-410.28,29.35,29797
-410.16,29.33,29809
-408.47,28.47,29820
-411.35,27.33,29833
-416.49,26.97,29844
-412.73,26.91,29856
-409.17,27.48,29868
-408.94,29.13,29880
-408.38,30.38,29891
-411.03,30.37,29903
-410.19,29.44,29915
-407.62,27.91,29927
-411.46,26.31,29938
-416.26,25.97,29949
-412.60,26.19,29962
-410.56,27.66,29973
-408.46,29.59,29985
-407.43,30.55,29997
-413.54,30.71,30009
-407.00,29.64,30020
-408.25,27.92,30032
-414.29,26.69,30044
-411.79,26.00,30056
-413.41,26.63,30067
-409.37,28.13,30080
-406.24,29.39,30091
-412.99,30.09,30102
-410.09,29.58,30114
-406.61,28.77,30126
-414.16,27.68,30138
-412.89,27.23,30149
-414.39,27.36,30161
-407.00,28.15,30173
-407.66,29.17,30185
-414.65,29.36,30196
-407.62,29.13,30209
-409.17,27.80,30220
-415.91,26.88,30232
-410.16,26.62,30243
-412.95,27.17,30255
-413.48,28.49,30267
-404.14,29.87,30278
-409.14,30.73,30290
-411.69,30.28,30302
-406.92,28.76,30314
-413.36,27.04,30325
-412.10,25.87,30338
-412.70,25.66,30349
-414.59,26.77,30361
-407.81,28.75,30372
-409.33,30.22,30385
-409.15,30.85,30396
-406.62,30.30,30407
-411.63,28.86,30419
-410.83,27.59,30431
-411.42,26.46,30443
-415.12,26.06,30454
-409.86,27.48,30467
-410.23,28.45,30478
-410.89,29.80,30490
-410.88,29.68,30501
-407.51,29.03,30514
-410.27,27.95,30525
-411.41,27.45,30537
-414.29,27.21,30548
-406.18,28.11,30560
-408.97,29.04,30572
-412.41,29.61,30583
-409.31,29.57,30596
-408.65,28.27,30607
-412.16,27.44,30619
-412.81,26.61,30630
-413.84,26.92,30643
-410.85,27.60,30654
-406.96,29.10,30666
-409.89,30.33,30678
-409.11,30.52,30690
-408.99,29.97,30701
-410.67,27.86,30712
-410.99,26.76,30725
-416.17,25.81,30736
-415.55,25.85,30748
-407.16,27.78,30759
-409.72,29.34,30772
-408.45,30.83,30783
-408.85,30.90,30795
-411.47,29.73,30807
-407.42,28.05,30819
-412.27,26.72,30830
-416.49,26.14,30842
-408.86,26.47,30854
-411.84,28.03,30865
-409.20,29.28,30877
-408.83,29.75,30888
-413.34,29.80,30901
-406.64,28.62,30912
-415.21,27.76,30924
-411.61,27.13,30936
-410.38,27.30,30948
-411.51,28.21,30959
-405.72,29.19,30971
-412.43,29.80,30983
-412.43,29.13,30995
-405.66,28.11,31006
-414.38,26.99,31017
-413.78,26.58,31030
-410.72,26.88,31041
-412.83,28.11,31053
-405.31,29.43,31065
-407.64,30.44,31077
-413.90,30.33,31088
-404.52,29.22,31100
-410.78,27.49,31112
-415.51,26.56,31124
-409.67,25.94,31135
-415.49,26.79,31148
-410.12,28.20,31159
-405.49,29.74,31170
-412.80,30.55,31182
-409.34,30.33,31194
-405.87,29.13,31206
-414.89,27.87,31217
-409.96,26.58,31229
-412.47,26.45,31241
-414.43,27.09,31253
-408.03,28.48,31264
-409.34,29.67,31277
-412.97,29.72,31288
-404.73,29.34,31300
-410.99,27.81,31311
-408.82,27.55,31323
-413.47,27.05,31335
-409.04,27.88,31346
-407.61,28.82,31358
-412.73,29.49,31370
-410.31,29.63,31382
-407.70,28.76,31393
-413.89,27.37,31406
-413.37,27.06,31417
-413.39,26.44,31429
-410.28,27.23,31440
-408.10,28.72,31453
-409.97,30.08,31464
-410.83,30.62,31475
-408.05,30.12,31488
-407.20,28.34,31499
-411.95,26.88,31511
-417.01,26.02,31522
-415.19,26.02,31535
-408.20,27.43,31546
-408.33,29.11,31558
-410.77,30.41,31569
-410.37,30.63,31582
-406.37,29.56,31593
-408.43,28.20,31605
-409.86,27.19,31617
-417.42,26.30,31629
-413.97,26.80,31640
-404.30,27.71,31651
-410.55,29.29,31664
-411.84,29.91,31675
-410.79,29.86,31687
-410.22,28.70,31698
-411.82,27.53,31711
-415.22,27.16,31722
-411.44,27.21,31734
-407.08,28.13,31746
-408.15,29.22,31758
-411.26,29.75,31769
-410.23,29.32,31780
-408.63,28.29,31793
-412.34,27.26,31804
-413.23,26.70,31816
-413.71,26.79,31827
-410.89,28.16,31840
-407.92,29.35,31851
-406.94,30.58,31863
-411.51,30.40,31875
-408.76,29.29,31887
-409.39,27.84,31898
-412.67,26.33,31910
-413.47,26.14,31922
-412.64,26.54,31933
-410.22,28.24,31945
-408.48,29.82,31956
-408.79,30.84,31969
-409.26,30.69,31980
-407.90,29.33,31992
-411.18,27.62,32004
-409.89,26.59,32016
-413.43,26.26,32027
-412.76,27.14,32039
-409.54,28.34,32051
-408.49,29.40,32063
-409.60,29.67,32074
-408.40,29.19,32087
-414.72,28.55,32098
-408.38,27.33,32109
-412.10,27.52,32121
-411.84,27.65,32133
-407.39,28.88,32145
-410.81,29.50,32156
-409.42,29.64,32168
-407.49,28.93,32180
-413.38,27.80,32192
-414.03,26.81,32203
-409.26,26.53,32216
-412.23,27.07,32227
-410.88,28.58,32238
-409.20,29.91,32250
-410.35,30.45,32262
-408.27,30.07,32274
-407.47,28.68,32285
-416.11,27.30,32297
-413.33,26.08,32309
-409.89,26.08,32321
-412.44,27.09,32332
-409.12,28.86,32345
-412.27,29.96,32356
-410.88,30.27,32368
-404.20,29.84,32379
-409.07,28.46,32392
-412.88,27.10,32403
-413.50,26.83,32414
-411.39,26.52,32427
-408.57,28.02,32438
-411.76,29.01,32450
-412.18,29.76,32461
-410.53,29.58,32474
-404.81,28.42,32485
-415.28,27.83,32497
-411.46,26.62,32508
-413.16,27.46,32521
-404.01,28.01,32532
-410.63,29.48,32544
-415.54,30.10,32556
-405.88,29.60,32567
-408.37,28.65,32579
-413.07,26.96,32590
-415.24,26.74,32603
-413.97,26.39,32614
-409.81,27.27,32626
-406.41,29.13,32637
-408.61,30.13,32650
-413.55,30.74,32661
-406.01,29.71,32673
-406.69,28.12,32685
-415.54,26.84,32697
-413.79,25.91,32708
-414.51,26.25,32719
-408.58,27.51,32732
-407.06,29.13,32743
-412.59,30.17,32755
-412.40,30.22,32766
-405.65,29.23,32779
-409.66,27.92,32790
-411.85,27.27,32802
-414.73,26.75,32814
-411.26,27.13,32826
-407.36,28.54,32837
-408.90,29.38,32849
-411.91,29.79,32861
-411.33,28.91,32872
-411.81,27.85,32884
-411.55,27.02,32896
-414.94,27.06,32908
-411.60,27.69,32919
-404.42,28.97,32931
-410.43,29.95,32943
-412.50,30.09,32955
-408.32,29.29,32966
-411.94,28.19,32978
-411.59,26.18,32990
-412.55,26.60,33002
-415.92,26.33,33013
-408.17,28.00,33025
-407.87,29.86,33037
-408.24,30.62,33048
-410.78,30.59,33060
-410.30,29.24,33072
-410.34,27.48,33084
-409.69,26.38,33095
-414.50,26.04,33107
-414.60,26.75,33119
-409.22,28.36,33131
-410.50,29.64,33142
-406.62,30.41,33155
-410.57,29.80,33166
-412.29,28.87,33177
-410.73,27.40,33189
-410.22,27.00,33201
-413.26,27.35,33213
-412.75,28.11,33224
-409.07,29.42,33236
-408.07,29.09,33248
-408.69,29.36,33260
23.45,28.20,33271
-407.65,26.92,33284
-412.33,27.55,33306
-411.63,26.58,33317
-408.48,28.93,33329
-409.14,29.27,33340
-406.43,30.08,33351
-408.84,30.15,33363
-415.85,28.28,33375
-413.11,27.74,33386
-411.82,25.89,33397
-409.99,26.11,33409
-411.93,26.96,33420
-410.67,28.76,33431
-408.09,30.28,33442
-407.70,30.70,33455
-407.56,30.15,33466
-415.76,28.55,33477
-413.93,27.60,33488
-411.59,26.02,33500
-408.52,26.23,33511
-410.87,27.25,33522
-413.64,28.41,33533
-406.93,29.99,33546
-407.07,29.93,33557
-410.10,29.48,33568
-412.33,28.38,33580
-414.53,27.38,33591
-410.32,26.83,33602
-407.80,27.45,33613
