-9⸮8984.00
10086.00
-408.60,30.17,1134
-407.66,32.42,1136
-405.85,32.37,1137
-409.99,30.16,1148
-413.39,26.81,1160
-414.71,24.90,1172
-412.36,24.78,1183
-413.26,26.82,1196
-408.96,29.89,1207
-408.72,32.21,1219
-404.64,32.62,1230
-409.81,30.23,1243
-414.57,27.30,1254
-413.56,24.88,1265
-413.73,24.50,1277
-413.27,25.84,1289
-409.15,29.57,1301
-408.74,31.38,1312
-406.90,33.02,1325
-406.83,30.81,1336
-409.69,27.62,1348
-416.25,25.17,1359
-413.21,24.23,1372
-411.34,25.80,1383
-415.05,29.29,1395
-407.03,31.87,1406
-406.04,32.99,1419
-406.18,31.37,1430
-409.91,27.97,1441
-412.46,25.26,1454
-416.77,24.30,1465
-411.18,25.46,1477
-413.77,28.35,1488
-410.66,31.53,1501
-407.88,32.52,1512
-404.82,31.71,1524
-414.44,28.83,1536
-416.36,25.56,1548
-410.65,24.77,1559
-413.63,25.05,1571
-412.14,28.44,1583
-407.79,31.19,1595
-408.84,32.88,1606
-403.81,31.85,1617
-407.97,28.64,1630
-418.62,25.91,1641
-414.93,24.23,1653
-411.04,24.88,1665
-414.50,27.69,1677
-406.27,30.90,1688
-409.14,33.03,1700
-405.96,32.27,1712
-405.22,29.90,1724
-414.11,26.17,1735
-415.16,24.38,1747
-413.68,24.51,1759
-412.62,26.74,1771
-408.77,30.28,1782
-410.26,32.29,1794
-407.60,32.50,1806
-404.42,30.16,1817
-411.82,27.03,1829
-414.57,25.13,1841
-414.06,24.77,1853
-412.84,26.93,1864
-409.22,29.96,1876
-408.30,32.39,1888
-410.65,32.47,1900
-409.29,30.03,1911
-414.54,27.16,1924
-414.39,24.75,1935
-414.33,24.81,1946
-411.23,26.59,1958
-407.34,29.94,1970
-409.92,32.34,1982
-404.50,32.65,1993
-408.79,30.38,2006
-412.26,27.25,2017
-413.98,24.79,2029
-416.11,24.28,2040
-412.80,25.82,2053
-409.99,29.04,2064
-408.67,31.85,2076
-405.63,33.16,2087
-405.60,31.36,2100
-412.83,28.47,2111
-412.71,25.57,2122
-412.19,24.28,2135
-415.02,25.53,2146
-412.65,28.13,2158
-408.59,31.28,2169
-409.34,32.68,2182
-403.54,31.15,2193
-410.97,28.81,2205
-414.75,25.78,2216
-413.34,24.91,2229
-412.96,25.76,2240
-410.61,28.26,2252
-411.26,31.48,2264
-410.45,32.58,2276
-402.59,31.62,2287
-412.91,28.45,2298
-415.52,25.56,2311
-413.90,24.18,2322
-410.01,24.95,2334
-410.88,28.02,2345
-410.66,31.14,2358
-408.78,33.02,2369
-401.65,32.40,2381
-410.65,29.40,2393
-416.21,26.40,2405
-415.48,24.14,2416
-415.40,24.47,2428
-409.11,27.12,2440
-409.26,30.30,2452
-412.98,32.40,2463
-403.14,32.97,2475
-406.71,29.37,2487
-411.83,27.51,2498
-415.30,24.75,2510
-414.53,24.58,2522
-411.82,27.01,2534
-408.86,29.56,2545
-407.37,32.54,2557
-411.74,32.17,2569
-404.27,30.23,2581
-408.71,27.11,2592
-413.50,24.88,2605
-416.02,24.45,2616
-412.45,26.42,2627
-411.15,29.75,2639
-406.29,31.99,2651
-408.69,33.06,2663
-406.88,30.36,2674
-412.62,27.74,2686
-412.88,25.02,2698
-416.15,24.38,2710
-412.10,26.28,2721
-407.40,28.89,2734
-410.43,31.75,2745
-405.34,32.85,2757
-408.21,31.06,2768
-412.73,28.30,2781
-413.76,25.32,2792
-413.07,24.52,2803
-413.92,25.59,2816
-411.94,28.64,2827
-407.69,31.32,2839
-408.76,32.70,2850
-403.66,31.32,2863
-412.72,28.20,2874
-413.87,25.58,2886
-414.14,24.30,2897
-413.96,25.36,2910
-411.33,28.61,2921
-408.93,31.06,2933
-410.80,33.08,2945
-401.42,31.89,2957
-407.77,28.85,2968
-416.13,25.96,2979
-412.25,24.12,2992
-414.60,24.86,3003
-412.58,27.80,3015
-406.78,30.65,3026
-412.53,33.27,3039
-406.88,31.74,3050
-402.60,29.92,3062
-418.55,25.86,3074
-412.93,24.53,3086
-412.36,24.74,3097
-413.19,26.54,3109
-405.67,30.99,3121
-412.07,32.02,3133
-406.80,32.82,3144
-404.81,29.93,3155
-413.95,26.84,3168
-418.18,25.25,3179
-411.80,24.89,3191
-410.88,26.95,3203
-409.31,29.91,3215
-409.49,32.27,3226
-407.82,31.96,3238
-406.22,30.19,3250
-411.93,27.08,3262
-413.78,24.50,3273
-418.05,25.16,3286
-411.71,26.01,3297
-406.53,29.84,3309
-410.59,32.48,3320
-408.43,32.61,3332
-404.37,30.79,3344
-413.02,27.45,3355
-411.50,25.00,3367
-414.67,24.52,3379
-416.58,26.14,3391
-410.49,29.28,3402
-405.93,31.86,3415
-410.64,32.84,3426
-403.68,30.91,3438
-410.06,28.37,3449
-412.14,25.27,3462
-414.87,24.85,3473
-413.05,25.81,3485
-409.59,28.66,3496
-408.45,31.52,3508
-405.60,32.34,3520
-407.65,31.11,3531
-411.86,28.36,3544
-414.42,25.40,3555
-414.34,24.72,3567
-413.19,25.75,3578
-411.31,28.65,3591
-407.46,31.71,3602
-407.42,32.94,3614
-404.15,31.75,3625
-410.25,28.76,3638
-414.68,25.53,3649
-415.91,24.14,3660
-411.81,25.13,3673
-411.69,27.65,3684
-410.77,30.96,3696
-407.35,32.98,3707
-404.49,32.12,3720
-408.11,29.83,3731
-410.45,26.64,3743
-415.43,24.67,3755
-415.11,24.70,3767
-410.47,27.06,3778
-410.36,29.74,3790
-409.49,32.34,3802
-408.38,32.05,3814
-403.35,29.77,3825
-410.38,27.25,3836
-414.57,24.85,3849
-413.47,25.46,3860
-410.09,27.09,3872
-408.25,30.23,3884
-409.64,32.39,3896
-406.64,32.43,3907
-408.33,29.75,3919
-410.76,26.68,3931
-417.51,24.81,3943
-413.85,24.43,3954
-410.62,26.91,3966
-408.22,29.73,3978
-408.50,32.23,3990
-407.94,33.04,4001
-406.21,30.26,4013
-412.86,27.99,4025
-411.79,24.69,4036
-417.89,24.56,4048
-416.26,25.86,4060
-405.96,28.68,4072
-409.98,31.88,4083
-407.64,32.79,4096
-404.16,31.22,4107
-412.11,28.21,4119
-412.07,25.68,4130
-412.83,24.47,4143
-415.53,25.78,4154
-414.76,28.49,4166
-405.94,31.12,4177
-408.86,32.69,4189
-406.21,31.34,4201
-408.01,28.26,4212
-412.42,25.89,4225
-412.67,24.48,4236
-412.21,25.54,4248
-412.53,28.43,4259
-406.74,30.83,4272
-407.25,32.83,4283
-405.80,31.50,4295
-412.01,29.00,4306
-414.11,26.19,4319
-413.75,24.40,4330
-414.03,25.14,4341
-409.60,27.52,4354
-410.09,30.75,4365
-410.39,32.80,4377
-402.02,32.04,4388
-410.27,29.44,4401
-412.93,26.66,4412
-413.05,24.89,4424
-414.08,24.92,4435
-413.03,27.31,4448
-408.51,30.01,4459
-408.88,32.10,4471
-407.14,32.09,4483
-402.82,29.38,4495
-412.50,26.76,4506
-416.04,25.17,4517
-413.98,24.31,4530
-411.78,28.34,4541
-408.25,28.74,4553
-407.77,33.46,4564
-409.68,31.94,4577
-405.89,29.45,4588
-407.31,27.42,4600
-414.66,24.06,4612
-415.24,25.05,4624
-409.92,26.29,4635
-406.77,29.49,4647
-410.27,32.09,4659
-407.90,33.11,4671
-406.06,30.90,4682
-412.07,28.02,4694
-414.29,25.38,4706
-415.71,24.25,4717
-416.09,25.80,4729
-404.93,28.62,4741
-408.24,31.41,4753
-410.56,33.02,4764
-404.17,30.75,4776
-412.19,28.71,4788
-411.14,25.63,4800
-414.31,24.81,4811
-416.86,25.95,4824
-408.50,27.90,4835
-407.05,30.93,4847
-411.79,32.51,4858
-404.07,31.02,4870
-412.04,28.69,4882
-412.39,26.01,4893
-409.86,24.99,4905
-419.05,25.72,4917
-413.20,28.35,4929
-406.26,30.85,4940
-411.67,32.50,4953
-403.77,32.20,4964
-406.27,28.63,4976
-415.33,26.43,4987
-411.30,24.18,5000
-414.78,25.07,5011
-410.71,27.57,5022
-409.97,30.51,5035
-407.34,32.80,5046
-402.73,32.10,5058
-413.83,29.63,5069
-413.51,26.89,5082
-412.95,24.66,5093
-412.47,25.05,5105
-410.14,27.10,5116
-411.77,29.99,5129
-409.54,31.92,5140
-403.07,32.23,5152
-409.08,29.86,5164
-413.16,27.18,5176
-414.57,25.15,5187
-414.89,24.68,5198
-409.27,26.90,5211
-409.12,29.76,5222
-414.63,32.01,5234
-405.51,32.59,5245
-402.29,30.16,5258
-411.45,27.37,5269
-416.82,25.02,5281
-416.84,24.41,5293
-411.23,26.24,5305
-410.12,30.03,5316
-406.40,31.55,5328
-413.40,33.30,5340
-405.50,30.35,5352
-403.67,28.19,5363
-414.96,25.63,5374
-412.87,24.55,5387
-412.27,26.00,5398
-405.94,28.29,5410
-409.98,31.39,5422
-410.73,32.22,5434
-406.38,31.44,5445
-409.35,28.06,5457
-413.16,26.01,5469
-416.56,25.10,5481
-415.26,25.29,5492
-409.09,28.96,5505
-404.58,30.81,5516
-413.54,32.65,5528
-404.93,31.36,5539
-410.69,28.10,5551
-415.38,25.86,5563
-412.68,24.57,5574
-417.80,25.07,5586
-412.78,28.92,5598
-403.29,30.40,5610
-409.58,33.23,5621
-409.84,32.24,5634
-404.66,28.91,5645
-412.81,26.60,5657
-416.60,24.62,5668
-408.49,24.44,5681
-420.42,27.38,5692
-407.81,29.89,5704
-401.83,32.37,5715
-411.82,32.75,5727
-405.91,29.89,5739
-406.62,27.10,5750
-418.89,25.06,5763
-412.46,24.96,5774
-417.23,26.66,5786
-403.59,30.28,5797
-409.30,31.50,5810
-404.79,32.00,5821
-410.25,30.07,5833
-416.16,26.66,5844
-413.54,25.53,5857
-411.70,24.83,5868
-412.87,26.68,5879
-408.98,30.06,5892
-408.50,31.98,5903
-405.42,32.40,5915
-406.78,30.67,5926
-414.96,27.01,5939
-412.48,25.09,5950
-414.47,24.54,5962
-412.99,26.21,5974
-408.41,29.26,5986
-410.60,32.11,5997
-407.76,32.56,6009
-400.60,31.36,6021
-413.29,27.75,6033
-413.25,25.38,6044
-414.99,24.53,6055
-416.40,25.23,6068
-406.15,29.04,6079
-410.83,31.03,6091
-410.77,33.13,6103
-402.22,31.43,6115
-408.78,28.54,6126
-411.82,25.91,6138
-416.96,24.48,6150
-412.26,25.74,6162
-409.33,27.89,6173
-408.55,31.50,6185
-408.42,32.18,6197
-405.36,31.65,6209
-409.09,29.06,6220
-414.89,25.60,6232
-416.97,25.37,6244
-408.77,24.76,6255
-412.09,27.99,6267
-407.96,30.59,6279
-408.42,32.56,6291
-406.69,31.95,6302
-408.36,29.30,6315
-413.34,26.34,6326
-414.95,24.51,6338
-413.37,25.28,6349
-411.83,27.38,6362
-409.05,30.72,6373
-407.68,32.64,6385
-407.93,32.11,6396
-405.97,29.79,6408
-412.69,26.68,6420
-416.72,24.82,6431
-410.90,24.75,6444
-415.77,27.16,6455
-410.20,29.90,6467
-405.25,32.08,6478
-409.68,32.31,6491
-402.55,29.87,6502
-411.51,27.14,6514
-415.51,24.70,6525
-413.08,24.77,6538
-412.85,26.41,6549
-408.32,29.84,6560
-409.32,32.16,6573
-405.01,32.54,6584
-407.02,30.68,6596
-415.13,27.68,6607
-417.26,24.50,6620
-409.56,25.49,6631
-412.78,25.14,6643
-409.87,29.78,6654
-413.16,31.70,6667
-404.37,32.51,6678
-405.06,31.06,6690
-413.75,27.98,6702
-411.71,25.38,6714
-419.09,24.55,6725
-411.02,25.95,6736
-403.76,28.34,6749
-414.32,32.25,6760
-410.48,32.53,6772
-400.43,31.24,6784
-412.33,28.50,6796
-411.42,25.46,6807
-415.66,24.80,6819
-418.44,25.73,6831
-406.26,28.16,6843
-407.37,31.30,6854
-411.75,32.95,6866
-407.70,31.24,6878
-407.14,28.88,6890
-411.60,25.63,6901
-412.09,24.48,6913
-418.21,25.47,6925
-410.08,27.66,6936
-409.22,31.08,6948
-404.16,32.56,6960
-410.10,31.95,6972
-409.21,29.38,6983
-412.32,26.11,6995
-416.34,24.35,7007
-410.15,25.13,7019
-415.45,27.07,7030
-407.69,30.46,7043
-407.14,32.71,7054
-404.18,31.95,7066
-409.30,29.92,7077
-414.41,26.40,7089
-414.43,24.63,7101
-412.19,24.72,7112
-409.76,26.85,7124
-413.58,30.39,7136
-407.95,32.44,7148
-403.57,32.63,7159
-406.75,29.76,7172
-410.34,27.20,7183
-418.42,24.82,7195
-413.28,24.60,7206
-410.61,26.85,7219
-412.43,29.34,7230
-408.28,32.43,7242
-409.57,32.26,7254
-402.96,30.42,7265
-408.85,27.76,7277
-413.96,24.79,7288
-416.35,24.84,7301
-412.70,25.87,7312
-409.71,29.39,7324
-409.29,31.69,7335
-406.81,32.94,7348
-405.69,30.64,7359
-412.20,27.91,7371
-416.23,25.29,7383
-413.53,24.39,7395
-412.51,25.86,7406
-408.29,28.86,7417
-408.58,31.44,7430
-409.13,33.18,7441
-405.14,31.07,7453
-410.53,28.55,7464
-414.61,25.60,7477
-413.81,24.43,7488
-415.77,25.53,7500
-410.50,28.07,7512
-407.69,31.04,7524
-410.66,32.65,7535
-402.96,31.37,7547
-410.59,28.59,7559
-414.07,25.91,7571
-412.21,24.58,7582
-415.38,25.39,7593
-412.85,28.23,7606
-407.33,31.06,7617
-411.08,32.91,7629
-404.44,32.14,7641
-407.25,28.26,7653
-414.47,26.96,7664
-411.54,23.42,7676
-413.68,25.72,7688
-413.48,27.23,7700
-407.02,30.45,7711
-407.86,33.12,7724
-404.18,31.82,7735
-409.27,30.32,7747
-417.93,25.95,7758
-412.15,24.44,7770
-410.59,24.31,7782
-415.18,26.95,7793
-409.42,30.31,7805
-409.32,32.39,7817
-403.71,32.93,7829
-407.41,29.89,7840
-415.53,27.56,7853
-416.12,24.35,7864
-413.34,24.73,7876
-412.02,26.48,7887
-408.52,29.56,7900
-411.68,32.46,7911
-405.96,32.66,7923
-403.19,30.72,7934
-411.94,27.47,7946
-415.86,25.13,7958
-413.18,24.42,7969
-413.78,26.32,7982
-409.13,29.38,7993
-406.21,31.75,8005
-412.53,33.08,8016
-401.92,30.30,8029
-409.39,27.86,8040
-414.94,25.07,8052
-412.83,24.53,8064
-415.96,26.19,8076
-409.59,29.19,8087
-410.40,31.89,8099
-405.12,32.83,8111
-407.56,30.91,8122
-411.90,27.97,8134
-413.72,25.29,8145
-416.09,24.56,8158
-414.62,25.64,8169
-406.92,28.65,8181
-409.63,31.65,8193
-407.27,33.13,8205
-404.91,31.76,8216
-412.98,28.52,8228
-411.54,25.76,8240
-416.01,24.05,8252
-414.42,25.18,8263
-411.63,27.90,8275
-407.98,31.07,8287
-407.34,33.06,8298
-404.63,32.07,8310
-410.90,29.19,8322
-414.09,26.26,8334
-412.11,24.53,8345
-413.45,25.10,8357
-413.47,27.23,8369
-409.01,30.76,8381
-411.35,32.43,8392
-403.15,32.03,8404
-406.06,29.66,8416
-415.76,26.40,8428
-413.37,24.89,8439
-414.26,24.59,8452
-411.86,27.61,8463
-411.30,30.07,8474
-408.70,32.52,8486
-402.68,32.39,8498
-410.01,29.55,8510
-416.16,26.87,8521
-414.79,24.42,8534
-413.85,24.50,8545
-410.70,26.66,8557
-409.27,30.07,8568
-409.16,32.64,8581
-404.29,32.85,8592
-407.40,30.49,8604
-412.13,27.26,8615
-416.73,24.81,8627
-414.36,24.16,8639
-412.85,26.16,8650
-410.22,29.35,8663
-409.59,31.94,8674
-408.42,32.90,8686
-403.95,30.83,8697
-410.45,27.98,8710
-413.49,25.65,8721
-413.98,24.91,8733
-412.54,25.89,8744
-412.07,29.22,8757
-407.39,31.42,8768
-408.16,32.82,8780
-406.49,30.36,8792
-407.99,27.94,8803
-413.69,25.08,8815
-415.08,24.37,8826
-413.92,26.06,8839
-414.03,28.82,8850
-405.63,32.15,8862
-404.34,33.15,8873
-407.85,31.83,8886
-415.06,28.18,8897
-413.08,25.41,8909
-413.86,23.82,8921
-414.16,24.96,8933
-409.85,27.99,8944
-408.09,31.31,8956
-408.85,33.08,8968
-400.66,31.97,8979
-412.31,29.43,8991
-416.57,26.06,9003
-410.21,24.86,9015
-415.24,24.94,9026
-410.67,27.68,9038
-408.63,30.64,9050
-411.64,32.51,9062
-405.05,31.96,9073
-405.34,29.05,9085
-414.18,26.50,9097
-414.74,24.57,9109
-412.80,25.15,9120
-412.71,27.31,9133
-406.83,30.67,9144
-411.30,32.81,9155
-406.91,32.09,9167
-404.71,30.01,9179
-413.65,26.02,9191
-413.86,24.72,9202
-415.60,24.23,9214
-414.76,26.71,9226
-408.96,30.29,9238
-407.56,32.36,9249
-403.66,32.88,9262
-409.81,30.21,9273
-413.11,27.55,9285
-412.94,24.90,9296
-416.91,24.50,9309
-412.21,26.20,9320
-407.15,29.29,9331
-411.10,32.16,9344
-405.00,32.50,9355
-409.78,30.88,9367
-411.92,27.53,9378
-412.95,25.09,9391
-416.56,24.90,9402
-410.99,26.13,9414
-412.15,29.66,9425
-409.09,31.84,9438
-404.43,32.55,9449
-408.30,30.43,9461
-412.96,27.50,9473
-413.54,24.81,9485
-414.39,24.28,9496
-414.06,25.87,9507
-409.59,29.02,9520
-410.17,32.09,9531
-409.64,33.01,9543
-399.68,31.53,9554
-412.60,28.50,9567
-414.74,25.29,9578
-411.53,24.10,9590
-414.32,25.07,9602
-412.23,28.35,9614
-410.73,31.33,9625
-411.86,33.01,9637
-404.61,31.71,9649
-416.05,29.06,9660
-414.99,25.92,9672
-412.33,24.28,9683
-413.87,25.04,9696
-409.57,27.56,9707
-411.63,30.96,9719
-407.94,32.49,9731
-399.98,31.75,9743
-413.84,29.21,9754
-415.75,26.17,9766
-413.12,24.95,9778
-413.71,25.06,9790
-409.58,27.87,9801
-409.78,30.60,9814
-412.39,32.59,9825
-401.59,32.11,9836
-408.24,29.31,9848
-414.99,26.43,9860
-414.18,24.35,9872
-414.87,24.61,9883
-409.88,26.89,9895
-409.77,30.39,9907
-411.33,32.70,9919
-406.03,32.67,9930
-405.51,30.27,9943
-411.24,26.99,9954
-413.19,24.66,9966
-415.30,24.70,9977
-413.96,26.45,9990
-408.45,30.07,10001
-409.90,32.17,10012
-409.49,32.62,10024
-411.24,29.99,10036
-412.03,27.19,10048
-413.36,24.80,10059
-414.61,24.88,10072
-410.79,26.78,10083
-408.83,29.51,10095
-409.14,32.38,10106
-402.64,32.79,10119
-410.16,30.47,10130
-413.64,27.47,10142
-412.36,24.63,10153
-414.82,24.19,10166
-414.82,25.88,10177
-408.07,29.21,10188
-409.73,32.25,10201
-405.59,33.08,10212
-402.02,31.48,10224
-414.63,28.12,10235
-412.99,25.31,10248
-413.00,24.05,10259
-412.93,25.04,10271
-410.50,28.68,10283
-411.80,31.34,10295
-408.24,33.05,10306
-403.82,31.40,10318
-411.01,28.64,10330
-411.93,25.69,10342
-415.14,24.52,10353
-413.34,25.45,10364
-410.53,28.31,10377
-411.68,31.02,10388
-411.76,32.76,10400
-402.48,31.49,10412
-413.88,28.61,10424
-413.79,25.80,10435
-414.89,24.32,10447
-411.86,25.39,10459
-409.19,27.92,10471
-412.44,31.30,10482
-406.38,33.20,10494
-403.36,31.86,10506
-413.03,29.28,10518
-411.81,25.57,10529
-417.65,24.09,10541
-412.22,24.41,10553
-410.43,27.44,10564
-411.56,31.16,10576
-407.43,32.96,10588
-405.08,32.95,10600
-407.25,29.61,10611
-413.77,26.71,10624
-415.18,24.34,10635
-413.16,24.44,10647
-412.05,27.05,10658
-410.73,30.06,10671
-412.22,32.43,10682
-403.74,32.28,10693
-406.36,29.60,10705
-413.17,26.94,10717
-411.40,24.79,10729
-416.22,24.93,10740
-411.89,26.92,10753
-410.03,30.42,10764
-411.68,32.42,10776
-406.33,32.81,10787
-404.14,30.25,10800
-413.66,27.16,10811
-415.74,24.77,10823
-412.70,24.04,10834
-412.20,26.05,10847
-409.62,29.70,10858
-409.63,32.37,10869
-404.00,33.38,10882
-406.01,30.78,10893
-412.48,27.71,10905
-414.67,24.94,10916
-414.13,24.37,10929
-411.68,25.83,10940
-410.72,29.09,10952
-409.69,31.81,10963
-405.92,32.61,10976
-405.97,31.04,10987
-411.64,28.03,10999
-413.42,25.49,11011
-412.84,24.34,11023
-413.96,25.88,11034
-411.16,28.82,11045
-409.05,31.73,11058
-410.39,32.64,11069
-401.08,31.27,11081
-409.72,28.18,11092
-415.98,25.24,11105
-413.75,24.10,11116
-413.62,25.18,11128
-413.98,28.39,11140
-410.65,31.71,11152
-409.20,33.06,11163
-404.36,31.99,11175
-405.43,28.92,11187
-414.40,26.10,11199
-413.77,24.22,11210
-413.46,25.04,11222
-410.11,27.71,11234
-410.92,30.76,11245
-406.70,32.63,11257
-403.76,32.26,11269
-412.76,29.59,11281
-413.56,26.42,11292
-415.38,24.88,11304
-413.78,24.92,11316
-411.15,27.19,11328
-409.19,30.55,11339
-410.43,32.39,11352
-403.77,32.20,11363
-407.97,29.80,11374
-415.68,26.49,11386
-413.95,24.87,11398
-413.74,24.65,11410
-411.92,27.43,11421
-410.43,30.34,11433
-409.17,32.60,11445
-406.02,32.74,11457
-404.26,30.14,11468
-413.42,27.05,11481
-415.02,24.17,11492
-413.71,24.32,11504
-412.21,26.33,11515
-411.51,29.57,11528
-409.16,32.40,11539
-408.53,32.72,11550
-402.23,31.01,11563
-409.01,27.72,11574
-414.50,25.20,11586
-410.88,24.58,11597
-412.80,25.83,11610
-409.25,29.07,11621
-409.65,31.52,11633
-405.69,32.81,11644
-406.10,30.83,11657
-412.69,28.41,11668
-414.37,25.46,11680
-414.31,24.51,11692
-410.50,26.01,11704
-409.07,28.89,11715
-410.73,31.91,11726
-406.55,32.93,11739
-404.44,31.17,11750
-412.05,28.19,11762
-414.42,25.17,11773
-415.03,24.01,11786
-413.80,25.29,11797
-410.90,28.53,11809
-407.68,31.60,11821
-410.54,33.07,11833
-401.68,31.67,11844
-409.59,29.00,11856
-413.73,25.71,11868
-414.27,24.15,11880
-415.19,24.88,11891
-410.37,27.76,11902
-409.83,31.16,11915
-409.96,32.88,11926
-405.25,32.28,11938
-406.35,29.09,11950
-414.92,26.24,11962
-414.08,24.28,11973
-413.51,24.79,11985
-411.46,27.53,11997
-408.28,30.46,12009
-410.60,32.93,12020
-403.59,32.20,12033
-412.12,29.62,12044
-415.21,26.26,12056
-413.53,24.18,12067
-413.70,24.66,12079
-412.58,26.99,12091
-411.06,30.58,12102
-407.19,32.72,12114
-406.51,32.69,12126
-407.29,29.97,12138
-412.03,26.82,12149
-416.90,24.57,12162
-411.97,24.09,12173
-412.39,26.44,12185
-411.73,29.72,12196
-409.55,32.33,12209
-405.02,33.00,12220
-404.07,30.54,12231
-413.30,27.47,12243
-414.04,24.97,12255
-415.79,24.43,12267
-411.01,26.20,12278
-410.23,29.52,12291
-410.33,32.30,12302
-408.52,33.07,12314
-402.21,30.60,12325
-409.56,27.70,12338
-417.06,24.52,12349
-413.40,24.07,12361
-409.55,25.72,12372
-410.04,29.20,12385
-411.17,32.26,12396
-403.84,33.31,12407
-404.86,31.70,12420
-409.75,28.29,12431
-415.38,25.41,12443
-416.20,23.78,12454
-411.08,24.83,12467
-410.14,28.13,12478
-409.36,31.54,12490
-408.05,33.26,12502
-404.26,32.21,12514
-409.58,28.97,12525
-412.35,26.05,12537
-414.82,24.31,12549
-415.70,25.09,12561
-410.49,27.63,12572
-408.67,30.95,12583
-409.83,32.64,12596
-403.97,31.56,12607
-410.08,29.15,12619
-411.58,25.88,12631
-414.14,24.56,12643
-414.45,25.35,12654
-411.26,27.81,12666
-410.84,30.93,12678
-409.10,33.12,12690
-404.63,32.34,12701
-406.16,29.67,12713
-414.83,26.14,12725
-414.33,24.14,12737
-413.66,24.29,12748
-409.52,27.22,12760
-410.19,30.45,12772
-406.59,33.01,12783
-402.13,32.82,12795
-411.79,29.75,12807
-416.42,26.74,12819
-413.41,24.09,12830
-413.01,24.31,12843
-412.28,26.52,12854
-410.40,30.13,12866
-409.61,32.80,12877
-402.67,32.88,12890
-407.29,30.50,12901
-415.34,27.03,12913
-415.17,24.70,12924
-412.95,24.21,12936
-413.28,26.17,12948
-410.58,29.73,12959
-411.16,32.12,12972
-407.36,33.11,12983
-401.96,30.87,12995
-412.48,27.80,13006
-415.33,24.98,13019
-414.79,24.14,13030
-413.49,25.80,13042
-410.47,29.20,13053
-409.92,32.06,13066
-410.32,33.04,13077
-402.34,30.92,13089
-408.88,27.86,13101
-414.97,24.95,13112
-412.91,23.98,13124
-412.30,25.54,13135
-407.92,28.54,13148
-410.84,32.08,13159
-405.93,33.15,13171
-402.68,31.71,13182
-414.02,28.78,13195
-414.07,25.38,13206
-413.66,24.04,13218
-413.89,24.86,13230
-409.43,28.01,13242
-408.92,31.42,13253
-408.85,33.25,13265
-403.92,31.83,13277
-409.02,29.11,13288
-414.89,26.28,13300
-415.62,24.43,13312
-411.55,24.94,13324
-410.30,27.86,13335
-408.89,30.82,13347
-409.97,33.04,13359
-404.59,31.79,13371
-407.75,29.05,13382
-413.22,25.82,13394
-414.78,24.32,13406
-413.20,24.84,13418
-412.70,27.58,13429
-409.73,31.05,13441
-408.27,33.40,13453
-405.40,32.69,13464
-405.33,29.93,13476
-413.14,26.57,13488
-413.22,24.01,13500
-414.85,24.24,13511
-410.50,26.53,13523
-410.59,30.15,13535
-407.40,32.53,13547
-401.22,32.89,13558
-411.54,30.39,13571
-414.90,27.44,13582
-412.95,24.92,13594
-412.51,24.40,13605
-413.56,26.55,13617
-410.98,29.65,13629
-409.23,32.43,13640
-404.33,32.53,13652
-406.39,30.11,13664
-415.28,27.01,13676
-416.56,24.40,13687
-413.64,24.26,13700
-412.66,26.24,13711
-411.13,29.83,13723
-409.65,32.44,13734
-407.41,33.51,13747
-401.68,31.24,13758
-412.71,27.82,13770
-415.66,24.80,13782
-412.93,23.55,13793
-414.69,25.27,13805
-411.63,28.60,13816
-408.53,31.89,13829
-411.87,33.60,13840
-402.39,31.67,13852
-407.83,28.85,13863
-415.88,25.44,13876
-412.44,24.17,13887
-413.96,25.29,13899
-406.94,28.25,13911
-413.31,31.33,13923
-406.57,32.91,13934
-401.90,31.44,13946
-415.86,28.58,13958
-414.93,25.50,13969
-411.26,24.17,13981
-416.18,25.17,13992
-407.19,28.37,14005
-409.06,31.72,14016
-411.65,33.37,14028
-398.68,32.38,14040
-411.37,29.01,14052
-415.79,25.80,14063
-413.49,23.94,14075
-415.24,24.50,14087
-412.28,27.41,14099
-407.86,30.70,14110
-411.09,32.90,14123
-403.14,32.65,14134
-406.08,29.87,14145
-416.56,26.83,14157
-412.33,24.47,14169
-411.44,24.75,14181
-415.25,26.80,14192
-408.46,30.21,14204
-409.61,32.66,14216
-406.19,32.19,14228
-403.40,30.02,14239
-413.54,26.42,14252
-416.02,24.69,14263
-413.57,24.40,14275
-412.95,26.98,14286
-408.28,30.30,14299
-407.36,32.87,14310
-403.52,32.96,14321
-409.47,30.46,14333
-415.41,26.96,14345
-413.32,24.64,14357
-414.24,23.94,14368
-412.10,26.14,14381
-409.41,29.68,14392
-410.93,32.30,14404
-403.35,33.12,14415
-405.73,30.60,14428
-413.21,28.03,14439
-413.88,25.00,14451
-412.12,24.43,14462
-412.85,25.79,14474
-410.54,28.95,14486
-409.32,32.03,14497
-410.29,32.96,14510
-404.49,30.85,14521
-409.29,28.13,14533
-414.88,25.01,14544
-417.21,24.52,14557
-410.88,25.53,14568
-410.87,29.46,14580
-410.04,31.88,14592
-406.44,33.45,14604
-406.08,31.47,14615
-408.30,28.01,14627
-411.37,25.27,14639
-416.46,23.93,14650
-414.41,25.38,14662
-409.55,28.29,14673
-410.48,31.63,14686
-405.34,32.93,14697
-407.73,31.87,14709
-412.01,28.98,14721
-413.70,25.86,14733
-415.45,24.39,14744
-411.70,25.14,14756
-411.53,27.76,14768
-408.71,31.09,14780
-406.95,33.31,14791
-403.22,32.17,14803
-411.51,29.24,14815
-412.60,26.00,14826
-412.92,24.01,14838
-415.21,24.74,14850
-411.13,27.12,14862
-411.11,30.69,14873
-408.10,32.64,14885
-401.05,32.79,14897
-411.52,29.72,14909
-413.25,26.62,14920
-415.20,24.13,14932
-414.17,24.10,14944
-410.23,26.80,14956
-413.44,29.92,14967
-411.32,33.07,14980
-403.66,33.08,14991
-402.62,30.55,15002
-416.57,27.22,15014
-414.96,24.42,15026
-414.24,24.20,15038
-412.94,26.30,15049
-412.12,29.77,15062
-411.34,32.47,15073
-399.04,32.69,15085
-409.14,30.60,15096
-415.80,27.34,15109
-415.40,25.03,15120
-414.34,23.94,15132
-410.10,25.91,15143
-408.94,29.23,15155
-412.46,32.22,15167
-404.70,33.38,15178
-404.33,30.98,15191
-412.67,27.96,15202
-413.07,24.77,15214
-417.89,24.17,15225
-411.42,25.49,15238
-408.24,28.86,15249
-412.70,32.11,15261
-406.01,33.36,15272
-405.21,31.48,15285
-412.47,28.26,15296
-410.50,25.19,15308
-415.80,24.16,15320
-415.40,25.24,15331
-409.04,28.41,15343
-409.12,31.53,15354
-409.06,33.15,15367
-402.07,31.70,15378
-411.92,28.70,15390
-412.45,25.63,15401
-411.12,24.06,15414
-416.39,25.07,15425
-410.69,28.01,15437
-411.21,31.27,15449
-401.27,33.13,15461
-406.37,32.00,15472
-416.25,28.85,15484
-412.74,25.62,15496
-414.09,23.86,15507
-412.99,24.62,15519
-410.27,27.81,15531
-412.35,31.28,15543
-406.52,33.20,15554
-400.06,32.35,15566
-413.06,29.42,15578
-413.94,26.11,15590
-414.18,24.14,15601
-413.42,24.48,15613
-410.52,27.29,15625
-412.29,30.69,15637
-409.31,32.87,15648
-402.90,32.73,15661
-404.90,29.85,15672
-412.99,26.71,15683
-415.30,24.57,15695
-414.31,24.15,15707
-411.62,26.81,15719
-409.13,30.27,15730
-413.52,33.04,15742
-404.56,32.78,15754
-403.28,30.20,15766
-413.49,26.71,15777
-410.98,23.97,15790
-419.07,24.13,15801
-411.31,26.10,15813
-407.58,30.01,15824
-407.30,32.65,15837
-406.37,33.31,15848
-407.51,30.79,15859
-411.74,27.59,15872
-415.17,24.62,15883
-413.96,24.26,15895
-413.62,25.69,15906
-408.18,29.16,15919
-408.89,31.93,15930
-404.69,33.25,15942
-407.81,31.14,15953
-411.73,27.82,15966
-411.43,25.04,15977
-415.45,24.01,15989
-413.59,25.67,16001
-410.39,29.03,16013
-410.62,32.02,16024
-403.30,33.14,16035
-404.89,31.28,16048
-415.58,28.10,16059
-411.84,25.00,16071
-414.29,24.07,16082
-411.69,25.33,16095
-412.86,28.86,16106
-410.62,31.71,16118
-406.68,33.09,16130
-404.27,31.54,16142
-407.13,28.53,16153
-416.11,25.49,16165
-414.27,24.20,16177
-410.47,25.04,16188
-413.69,28.25,16200
-411.21,31.33,16211
-403.85,33.17,16224
-404.81,32.27,16235
-412.59,29.14,16247
-416.61,25.95,16259
-414.23,24.10,16271
-410.59,24.45,16282
-413.70,27.67,16294
-410.37,30.91,16306
-407.30,33.21,16318
-402.62,32.22,16329
-408.32,29.58,16342
-414.76,26.21,16353
-415.85,24.26,16364
-412.20,24.72,16376
-410.99,27.10,16388
-409.65,30.50,16400
-411.03,32.26,16411
-404.27,32.52,16423
-405.31,29.75,16435
-414.16,26.90,16447
-413.71,24.71,16458
-412.40,24.56,16471
-414.81,26.96,16482
-408.61,30.04,16494
-410.41,32.51,16505
-407.91,32.49,16518
-401.51,29.88,16529
-413.15,26.84,16540
-416.68,24.43,16552
-412.51,24.38,16564
-413.49,26.42,16576
-412.94,30.20,16587
-406.72,32.58,16600
-403.71,32.95,16611
-408.46,30.64,16623
-417.10,27.22,16634
-413.88,24.56,16647
-412.50,24.09,16658
-412.93,26.04,16670
-410.28,29.33,16681
-410.44,32.15,16694
-402.91,32.80,16705
-408.52,31.10,16716
-414.14,27.95,16729
-414.17,25.18,16740
-414.41,24.30,16752
-411.27,25.65,16763
-410.78,28.93,16776
-411.38,31.91,16787
-407.49,33.00,16799
-402.25,31.31,16811
-412.24,28.23,16823
-415.01,25.27,16834
-412.23,24.07,16846
-414.87,25.38,16858
-411.96,28.51,16870
-407.39,31.98,16881
-410.30,33.25,16892
-402.84,31.60,16905
-408.10,28.91,16916
-415.59,25.44,16928
-413.29,24.16,16940
-413.52,24.91,16952
-412.87,27.90,16963
-410.68,30.89,16975
-406.67,32.83,16987
-404.52,31.88,16999
-414.56,29.17,17010
-415.42,26.17,17022
-410.92,24.49,17034
-414.22,24.84,17046
-412.46,27.63,17057
-409.24,30.69,17069
-408.43,32.57,17081
-403.58,31.86,17092
-411.29,29.49,17104
-415.49,26.36,17116
-414.10,24.57,17128
-410.39,25.12,17139
-412.18,27.47,17152
-409.43,30.85,17163
-409.91,32.84,17175
-404.66,32.28,17186
-406.76,29.61,17199
-415.89,26.45,17210
-413.78,24.24,17222
-411.77,24.66,17233
-414.81,26.81,17245
-408.66,30.21,17257
-410.35,32.65,17268
-406.84,32.72,17281
-401.51,30.53,17292
-414.15,27.19,17304
-415.24,24.63,17315
-412.00,24.11,17328
-413.61,26.19,17339
-413.27,29.57,17351
-408.42,32.56,17362
-403.49,32.86,17375
-407.82,30.69,17386
-416.73,27.38,17398
-414.67,24.63,17410
-410.60,24.15,17421
-413.97,26.04,17433
-408.73,29.37,17444
-409.43,32.40,17457
-406.01,32.99,17468
-404.87,30.97,17480
-414.58,27.82,17491
-415.11,24.70,17504
-413.68,24.15,17515
-412.89,25.43,17527
-411.50,29.09,17539
-409.92,31.68,17551
-406.99,33.17,17562
-404.10,31.51,17573
-410.88,28.52,17586
-415.10,25.66,17597
-413.46,23.98,17609
-413.41,25.12,17620
-413.44,28.23,17633
-409.63,31.35,17644
-410.15,33.18,17656
-402.25,31.38,17668
-408.17,28.96,17680
-415.79,25.62,17691
-412.88,24.41,17703
-413.80,25.13,17715
-413.32,28.09,17727
-409.57,31.26,17738
-409.93,32.61,17750
-404.99,31.94,17762
-413.48,29.06,17773
-415.55,26.19,17785
-412.15,24.35,17797
-413.28,24.82,17809
-409.87,27.67,17820
-409.55,31.05,17832
-408.24,33.03,17844
-400.48,32.36,17856
-412.88,29.55,17867
-414.87,26.33,17880
-414.11,24.39,17891
-414.42,24.50,17903
-409.42,27.44,17914
-409.62,30.60,17926
-411.86,32.85,17938
-400.84,32.61,17949
-406.47,29.42,17961
-418.43,26.78,17973
-410.67,24.38,17985
-414.02,24.83,17996
-413.87,27.04,18009
-405.62,30.46,18020
-412.30,32.47,18032
-406.64,32.47,18043
-401.19,30.07,18056
-413.48,26.91,18067
-414.89,24.60,18079
-412.74,24.22,18091
-414.38,26.32,18102
-411.58,29.83,18114
-408.24,32.56,18125
-410.31,33.38,18138
-410.71,30.91,18149
-413.86,27.29,18161
-414.39,24.53,18172
-415.10,23.56,18185
-411.64,25.71,18196
-409.07,29.27,18208
-411.81,32.12,18220
-402.90,33.29,18232
-405.65,31.07,18243
-417.12,28.16,18255
-411.56,24.87,18267
-412.32,24.51,18278
-413.71,25.58,18290
-408.81,28.71,18301
-411.12,31.81,18314
-405.39,32.60,18325
-402.98,31.41,18337
-414.23,28.38,18349
-414.45,25.43,18361
-414.02,24.25,18372
-410.90,25.25,18384
-410.48,28.76,18396
-411.97,31.70,18408
-408.20,33.64,18419
-401.05,31.79,18432
-409.01,28.63,18443
-414.50,25.12,18454
-415.20,23.61,18466
-415.16,24.57,18478
-409.91,27.70,18490
-410.86,31.63,18501
-412.33,33.13,18513
-402.69,32.47,18525
-413.37,29.25,18537
-414.68,26.34,18548
-412.38,24.31,18561
-413.48,24.69,18572
-409.95,27.42,18584
-410.00,30.60,18595
-410.46,32.72,18607
-400.20,32.23,18619
-411.29,29.35,18630
-415.24,26.26,18642
-415.80,24.52,18654
-411.60,24.82,18666
-410.57,27.63,18677
-409.70,30.93,18690
-409.64,33.15,18701
-404.34,32.64,18713
-406.55,29.69,18724
-414.17,26.51,18737
-415.29,23.98,18748
-414.99,23.95,18760
-413.48,26.13,18771
-408.67,30.21,18783
-410.98,33.13,18795
-405.12,33.31,18806
-405.41,31.10,18819
-412.58,27.42,18830
-411.67,24.78,18842
-414.84,23.89,18853
-413.93,25.65,18866
-413.51,29.20,18877
-407.78,32.05,18889
-407.63,32.72,18900
-404.77,30.91,18913
-415.21,27.62,18924
-413.07,25.26,18936
-411.48,24.49,18948
-412.24,26.31,18959
-411.25,29.61,18971
-411.52,32.20,18982
-400.49,32.89,18995
-408.02,30.54,19006
-417.02,27.58,19018
-414.17,24.51,19030
-413.47,23.86,19042
-411.76,25.59,19053
-410.55,29.01,19065
-411.21,32.59,19077
-405.08,33.52,19089
-400.83,31.88,19100
-412.08,28.67,19112
-415.54,25.25,19124
-415.75,23.89,19135
-412.43,24.52,19147
-411.65,28.05,19159
-410.14,31.07,19171
-410.37,33.04,19182
-402.85,32.00,19194
-406.80,29.14,19206
-414.44,26.25,19218
-414.09,24.62,19229
-412.45,25.09,19241
-411.57,27.69,19253
-409.27,30.90,19265
-411.30,32.68,19276
-404.18,31.34,19289
-407.02,28.75,19300
-414.14,25.54,19311
-414.57,24.32,19323
-412.17,25.36,19335
-411.15,27.98,19347
-408.37,31.64,19358
-407.34,33.07,19371
-403.41,32.53,19382
-410.07,29.47,19394
-416.40,25.84,19405
-414.01,23.67,19418
-413.67,23.79,19429
-413.25,26.41,19441
-408.97,30.26,19452
-409.48,33.00,19465
-403.61,33.32,19476
-406.73,30.65,19487
-412.31,27.53,19500
-415.53,24.83,19511
-411.31,24.25,19523
-414.65,26.42,19534
-411.15,29.31,19547
-408.17,32.29,19558
-407.90,32.33,19570
-403.69,30.22,19581
-414.07,27.23,19594
-415.84,24.77,19605
-412.48,24.72,19617
-410.97,26.70,19629
-411.79,30.06,19641
-408.46,32.57,19652
-406.72,33.06,19663
-404.03,30.44,19676
-408.28,27.19,19687
-415.08,24.40,19699
-410.78,23.77,19710
-413.16,25.56,19723
-410.12,29.50,19734
-409.38,32.62,19746
-403.37,33.56,19758
-406.49,31.63,19770
-412.88,28.33,19781
-415.44,25.16,19793
-411.78,23.73,19805
-411.57,25.15,19816
-414.28,28.38,19828
-409.11,31.43,19840
-405.83,32.91,19852
-403.92,30.99,19863
-410.96,28.63,19875
-416.00,25.61,19887
-414.52,24.80,19899
-411.20,25.75,19910
-411.12,28.63,19922
-410.39,31.86,19934
-409.49,32.84,19946
-403.43,31.69,19957
-408.29,28.15,19970
-415.30,25.25,19981
-416.21,23.75,19992
-412.40,24.75,20004
-413.76,28.19,20016
-408.59,31.51,20028
-409.88,33.85,20039
-405.45,32.68,20051
-402.82,29.30,20063
-414.32,25.99,20075
-412.28,23.44,20086
-414.78,24.23,20099
-412.75,27.02,20110
-409.72,30.50,20122
-406.19,32.78,20133
-403.43,32.59,20146
-412.03,30.05,20157
-415.11,26.90,20168
-412.21,24.93,20180
-411.60,24.60,20192
-412.82,26.97,20204
-410.11,30.04,20215
-411.52,32.35,20228
-400.39,32.12,20239
-408.21,29.84,20251
-416.96,26.44,20262
-412.38,24.53,20275
-413.75,24.16,20286
-412.19,26.95,20298
-409.86,30.30,20310
-410.73,32.92,20322
-405.62,33.14,20333
-401.47,30.43,20344
-412.98,27.27,20357
-417.23,24.25,20368
-410.92,23.83,20380
-413.39,25.94,20391
-411.29,29.57,20404
-409.57,32.46,20415
-409.26,33.36,20427
-401.47,31.10,20439
-409.62,27.96,20451
-414.70,25.00,20462
-412.70,24.18,20474
-411.39,25.46,20486
-410.48,29.05,20498
-410.17,31.75,20509
-403.99,32.97,20520
-407.23,31.12,20533
-413.36,27.98,20544
-414.11,25.09,20556
-414.30,24.39,20568
-411.74,25.76,20580
-409.47,29.02,20591
-410.91,31.89,20603
-403.66,33.18,20615
-404.86,31.59,20627
-412.15,28.44,20638
-412.92,25.39,20651
-416.60,23.86,20662
-412.55,24.84,20674
-410.05,28.09,20685
-410.27,31.65,20697
-408.37,33.29,20709
-402.58,32.37,20720
-411.91,29.34,20732
-411.93,25.71,20744
-412.56,24.22,20756
-416.04,24.21,20767
-411.20,27.58,20780
-411.24,30.82,20791
-411.07,32.98,20803
-401.50,32.48,20814
-406.80,29.44,20827
-415.60,26.42,20838
-412.53,24.30,20849
-413.46,24.51,20861
-411.08,27.13,20873
-410.65,30.54,20885
-406.83,32.77,20896
-401.71,32.43,20909
-412.77,29.65,20920
-416.40,26.47,20932
-413.99,24.34,20943
-411.61,24.53,20956
-411.61,26.82,20967
-411.59,30.44,20979
-409.30,32.95,20990
-402.35,32.82,21003
-408.60,30.31,21014
-413.81,26.73,21025
-417.33,24.24,21038
-412.64,24.06,21049
-411.27,26.37,21061
-412.45,30.26,21072
-410.76,32.64,21085
-404.14,33.02,21096
-404.42,30.82,21108
-412.15,27.29,21120
-415.28,24.82,21132
-416.26,24.09,21143
-409.44,25.86,21155
-412.06,29.15,21167
-413.08,31.94,21179
-406.17,32.81,21190
-404.09,30.75,21201
-410.68,27.93,21214
-412.86,25.00,21225
-411.85,24.35,21237
-411.33,25.67,21249
-411.61,29.07,21261
-409.29,32.00,21272
-401.99,32.91,21284
-408.25,31.36,21296
-413.93,27.85,21308
-414.48,25.05,21319
-414.10,24.02,21331
-412.55,25.21,21343
-412.36,28.90,21355
-408.82,31.56,21366
-405.38,33.40,21378
-403.41,31.56,21390
-412.35,28.89,21401
-414.81,25.49,21413
-413.42,24.02,21425
-411.62,25.11,21437
-411.68,27.89,21448
-412.48,31.54,21460
-406.22,33.01,21472
-401.51,32.15,21484
-409.99,29.18,21495
-413.34,25.88,21508
-415.53,24.30,21519
-410.30,24.65,21531
-411.49,27.81,21542
-410.84,30.96,21554
-409.74,33.29,21566
-404.24,32.25,21577
-404.26,29.26,21590
-413.87,26.11,21601
-415.40,24.17,21613
-410.79,24.62,21624
-411.66,27.43,21637
-411.60,30.89,21648
-405.97,33.10,21660
-404.41,32.54,21671
-409.75,29.64,21684
-415.97,26.49,21695
-414.92,24.04,21707
-410.64,24.36,21719
-412.31,26.99,21730
-409.67,30.60,21742
-408.78,33.15,21753
-402.44,32.83,21766
-408.45,30.36,21777
-415.03,26.92,21789
-414.32,24.31,21800
-412.65,23.94,21813
-411.60,26.00,21824
-411.19,29.83,21836
-410.67,32.51,21848
-405.56,33.21,21860
-402.10,30.83,21871
-413.08,27.42,21882
-416.14,24.45,21895
-411.97,23.95,21906
-412.87,26.02,21918
-410.95,29.56,21929
-410.19,32.46,21942
-408.86,33.06,21953
-403.07,30.68,21965
-409.80,27.68,21977
-414.17,24.77,21989
-414.97,24.36,22000
-412.60,25.89,22012
-409.83,29.15,22024
-408.46,32.11,22036
-405.96,33.00,22047
-406.88,31.30,22059
-412.44,28.35,22071
-415.86,25.00,22082
-411.93,24.12,22094
-412.79,25.18,22106
-411.79,28.86,22118
-408.50,31.82,22129
-404.22,33.41,22141
-405.22,31.69,22153
-413.20,28.75,22165
-413.60,25.51,22176
-415.10,23.88,22189
-411.42,25.03,22200
-413.91,27.99,22212
-412.45,31.25,22223
-405.33,32.68,22235
-404.10,31.92,22247
-411.33,29.07,22258
-413.86,25.96,22270
-414.91,24.14,22282
-409.50,25.01,22294
-412.17,27.70,22305
-413.72,31.03,22318
-410.62,32.71,22329
-402.86,32.13,22341
-404.34,29.33,22352
-414.03,26.13,22365
-416.69,24.14,22376
-414.49,24.13,22388
-410.61,26.93,22400
-412.18,30.47,22411
-408.32,32.85,22423
-401.84,32.63,22434
-408.90,29.85,22447
-414.95,26.63,22458
-417.70,24.60,22470
-410.98,24.39,22481
-411.81,26.88,22494
-408.96,29.88,22505
-410.76,32.63,22517
-405.47,32.39,22529
-404.86,30.18,22541
-414.68,27.12,22552
-414.20,24.72,22563
-413.02,24.59,22576
-415.16,26.44,22587
-408.14,29.72,22599
-409.06,32.29,22610
-408.60,32.56,22623
-403.35,30.43,22634
-412.92,27.04,22646
-416.44,24.57,22658
-412.07,24.15,22670
-412.64,26.42,22681
-413.89,29.61,22693
-406.86,32.33,22705
-407.68,33.39,22717
-404.22,31.15,22728
-409.01,28.03,22739
-415.28,25.06,22752
-414.26,24.07,22763
-411.11,25.43,22775
-411.00,28.76,22787
-409.05,31.64,22799
-404.63,32.92,22810
-406.35,31.37,22822
-415.70,28.46,22834
-414.08,25.22,22846
-411.61,24.24,22857
-413.71,25.41,22870
-410.06,28.70,22881
-413.00,31.86,22893
-405.74,32.97,22904
-399.87,31.56,22916
-415.53,28.46,22928
-416.03,25.28,22939
-413.27,23.98,22951
-412.21,24.97,22963
-410.96,28.09,22975
-411.70,31.44,22986
-409.55,32.95,22999
-402.01,32.15,23010
-408.01,29.20,23022
-416.02,25.85,23033
-416.65,24.03,23046
-412.29,24.39,23057
-410.90,27.33,23069
-411.09,30.79,23080
-412.84,33.30,23092
-403.98,32.38,23104
-403.07,29.82,23115
-413.82,26.48,23128
-413.78,24.47,23139
-416.30,24.45,23151
-411.96,26.96,23162
-411.20,30.28,23175
-408.34,32.63,23186
-402.11,32.44,23198
-411.62,29.67,23209
-415.26,26.77,23222
-413.49,24.50,23233
-412.97,24.53,23245
-411.98,26.80,23257
-407.63,30.25,23268
-408.73,32.61,23280
-405.28,32.95,23291
-408.91,30.24,23304
-413.67,27.03,23315
-415.07,24.21,23327
-412.99,24.32,23339
-413.81,26.15,23351
-411.65,30.03,23362
-408.92,32.63,23374
-403.33,33.17,23386
-405.36,30.95,23398
-414.45,27.45,23409
-416.20,24.62,23420
-411.43,23.96,23433
-413.45,25.68,23444
-413.03,29.24,23456
-408.75,31.75,23468
-410.16,32.85,23480
-401.65,31.09,23491
-409.05,28.14,23503
-417.89,25.52,23515
-412.96,24.31,23527
-409.91,25.84,23538
-413.46,28.91,23550
-409.54,31.81,23562
-404.11,33.16,23574
-405.20,31.30,23585
-414.19,28.23,23597
-417.31,24.97,23609
-411.54,23.78,23620
-411.65,25.16,23632
-412.04,28.37,23644
-409.11,31.99,23656
-406.71,33.37,23667
-402.63,32.09,23680
-409.89,29.06,23691
-416.37,25.57,23703
-414.61,24.09,23714
-412.97,24.82,23727
-412.41,27.58,23738
-409.04,30.70,23750
-412.07,32.72,23761
-401.72,32.10,23773
-407.84,29.41,23785
-415.17,26.65,23796
-413.53,24.57,23809
-413.57,25.14,23820
-412.72,27.57,23832
-410.16,30.79,23843
-409.98,32.78,23856
-404.65,32.22,23867
-404.90,29.03,23879
-413.68,26.25,23890
-416.45,24.19,23903
-412.82,24.74,23914
-412.81,27.44,23926
23.52,30.97,23938
-10532.06,33.11,23949
-399.69,32.72,23961
-412.83,30.07,23972
-416.35,26.59,23985
-412.34,24.23,23996
-413.23,23.79,24008
-412.35,26.61,24019
-409.46,29.71,24032
-411.69,32.80,24043
-400.58,33.08,24055
-403.82,30.85,24067
-418.14,27.96,24079
-414.35,24.83,24090
-412.13,24.25,24102
-413.54,25.83,24114
-409.06,29.22,24125
-411.83,32.02,24137
-406.33,32.46,24148
-401.62,30.36,24161
-414.27,27.40,24172
-416.87,25.03,24184
-411.37,24.47,24196
-413.60,26.37,24208
-410.21,29.60,24219
-408.54,32.27,24231
-411.15,32.92,24243
-401.25,30.75,24255
-409.31,27.66,24266
-416.78,24.65,24278
-412.36,23.78,24290
-413.25,25.30,24301
-414.58,28.86,24313
-410.90,31.75,24325
-403.13,33.70,24337
-402.52,31.96,24348
-415.96,28.93,24360
-413.74,25.90,24372
-411.25,24.01,24384
-414.36,25.05,24395
-411.71,28.00,24408
-411.21,31.14,24419
-405.26,32.75,24431
-402.57,31.36,24442
-412.55,28.86,24454
-415.93,26.10,24466
-414.66,24.85,24477
-410.87,25.44,24489
-410.61,28.27,24501
-410.22,31.32,24513
-410.06,32.60,24524
-400.93,31.94,24537
-409.39,29.13,24548
-417.64,25.92,24560
-413.36,24.03,24571
-413.95,24.15,24584
-413.32,27.41,24595
-407.07,31.01,24607
-413.04,33.46,24619
-403.48,32.88,24630
-401.67,29.84,24642
-417.59,26.60,24653
-414.67,24.17,24666
-410.83,24.34,24677
-414.92,26.47,24689
-411.56,29.95,24700
-407.23,32.22,24713
-400.90,32.31,24724
-411.66,30.45,24736
-416.16,27.34,24748
-411.00,24.87,24760
-411.73,24.50,24771
-411.41,26.57,24783
-411.44,29.96,24795
-412.89,32.15,24806
-399.96,32.51,24818
-406.38,30.01,24829
-418.01,26.71,24842
-415.26,24.60,24853
-412.36,24.18,24865
-411.84,26.53,24877
-409.39,29.96,24889
-410.22,32.80,24900
-405.67,33.28,24912
-399.76,31.06,24924
-415.13,27.88,24936
-417.00,24.42,24947
-412.20,23.63,24958
-413.66,24.98,24971
-410.35,28.81,24982
-411.66,31.92,24994
-408.15,33.10,25006
-401.39,31.83,25018
-410.46,28.49,25029
-413.84,25.81,25041
-414.49,24.67,25053
-410.70,25.26,25065
-411.85,28.36,25076
-411.57,31.22,25089
-403.11,32.35,25100
-406.49,31.08,25112
-416.04,28.19,25123
-415.05,25.43,25135
-411.98,24.44,25147
-412.61,25.49,25158
-410.32,28.66,25170
-411.37,32.03,25182
-406.55,33.38,25194
-401.68,31.97,25205
-414.71,28.66,25218
-415.25,25.37,25229
-413.45,23.41,25241
-414.29,24.40,25252
-411.43,27.50,25265
-410.31,31.38,25276
-410.97,33.43,25288
-398.84,32.65,25299
-409.79,30.05,25311
-416.10,26.40,25323
-412.58,24.54,25334
-412.89,24.10,25347
-413.08,26.97,25358
-410.12,30.01,25370
-410.08,32.18,25381
-404.59,32.00,25394
-402.08,29.66,25405
-417.32,26.77,25417
-415.82,24.90,25428
-409.28,24.82,25441
-414.30,27.59,25452
-410.25,30.66,25464
-411.09,33.01,25476
-400.00,32.42,25487
-411.30,29.97,25499
-417.55,26.26,25510
-414.07,23.86,25523
-411.05,23.85,25534
-412.07,26.24,25546
-409.86,30.41,25558
-409.88,33.23,25570
-400.38,33.80,25581
-406.06,31.47,25593
-416.73,27.53,25605
-412.19,24.40,25617
-413.97,23.34,25628
-413.24,24.96,25640
-409.51,28.98,25652
-413.96,31.93,25663
-405.34,33.34,25675
-400.18,31.13,25687
-414.74,28.65,25699
-414.92,25.39,25710
-410.30,24.72,25722
-413.35,25.74,25734
-410.99,28.69,25746
-409.98,31.59,25757
-409.36,32.70,25769
-402.51,30.73,25781
-411.39,27.75,25793
-416.67,24.68,25804
-414.53,24.07,25816
-411.43,25.33,25828
-411.89,29.24,25839
-410.66,32.64,25851
-410.26,33.92,25863
-405.52,32.32,25875
-416.30,28.37,25886
-415.03,24.79,25899
-412.33,22.87,25910
-413.24,23.92,25922
-410.87,27.62,25933
-411.70,31.78,25946
-405.53,33.91,25957
-399.67,32.94,25969
-413.15,29.85,25980
-416.34,26.12,25992
-412.44,23.91,26004
-411.19,24.18,26015
-411.05,26.95,26028
-413.08,30.73,26039
-411.52,32.68,26051
-401.46,31.94,26062
-410.67,29.09,26075
-414.57,26.11,26086
-414.60,24.64,26098
-413.49,25.01,26109
-410.25,27.93,26122
-411.23,31.58,26133
-412.62,33.16,26145
-401.05,32.51,26157
-405.36,29.58,26168
-415.43,25.58,26180
-414.02,23.34,26191
-416.19,23.47,26204
-414.81,26.53,26215
-408.62,30.65,26227
-411.48,33.57,26238
-406.64,33.67,26251
-412.55,30.99,26262
-413.26,27.25,26274
-413.69,24.24,26286
-415.41,23.62,26298
-412.23,25.66,26309
-410.58,28.87,26321
-409.34,32.06,26333
-400.88,32.77,26344
-409.12,30.68,26356
-415.57,27.93,26368
-412.59,25.50,26380
-413.09,24.88,26391
-412.46,26.38,26403
-408.35,29.82,26415
-413.16,32.36,26427
-403.70,32.79,26438
-402.45,30.34,26450
-417.30,26.91,26462
-414.88,23.76,26474
-414.32,23.29,26485
-412.86,25.45,26497
-408.72,29.71,26509
-411.69,33.40,26520
-405.86,34.75,26532
-398.97,32.34,26544
-409.73,28.68,26556
-416.76,24.62,26567
-414.81,22.65,26579
-412.37,23.75,26591
-414.15,27.31,26603
-410.60,31.38,26614
-412.18,33.28,26627
-401.42,32.64,26638
-415.31,29.72,26650
-411.17,26.27,26661
-414.12,24.58,26673
-410.68,24.80,26685
-409.40,27.97,26696
-415.26,31.03,26708
-404.24,32.68,26720
-400.95,31.22,26732
-417.21,28.19,26743
-414.35,25.16,26756
-412.43,23.84,26767
-414.51,25.41,26779
-408.70,28.63,26790
-409.11,32.17,26803
-411.21,34.05,26814
-400.70,32.44,26826
-408.83,29.00,26838
-419.14,25.07,26849
-412.77,22.84,26861
-412.86,23.50,26872
-416.01,26.90,26885
-407.25,30.75,26896
-411.71,33.59,26908
-403.40,33.65,26919
-402.44,30.59,26932
-418.38,27.02,26943
-411.98,24.23,26955
-410.18,23.57,26967
-416.73,25.94,26979
-410.78,29.58,26990
-412.43,32.32,27002
-407.24,32.74,27014
-400.43,30.16,27025
-417.27,27.23,27037
-410.37,24.64,27048
-411.45,24.47,27061
-413.71,26.89,27072
-408.87,30.33,27084
-411.45,32.84,27096
-401.51,33.01,27108
-405.84,30.06,27119
-420.11,26.48,27131
-413.98,23.81,27143
-410.94,23.70,27155
-412.98,26.13,27166
-409.74,30.20,27179
-412.22,32.91,27190
-404.71,33.82,27201
-400.12,31.36,27213
-414.55,27.90,27225
-416.39,24.51,27237
-412.45,23.44,27248
-414.55,24.82,27260
-409.07,28.56,27272
-413.07,31.93,27284
-410.72,33.54,27295
-397.62,31.83,27308
-412.05,28.92,27319
-416.22,25.55,27331
-411.22,24.11,27342
-415.04,25.20,27354
-410.85,28.18,27366
-408.84,31.36,27377
-414.24,32.76,27389
-402.25,30.91,27401
-406.49,28.27,27413
-414.48,25.02,27424
-412.76,24.27,27437
-412.47,25.73,27448
-405.84,28.81,27460
-411.33,32.34,27471
-405.99,33.36,27484
-402.76,32.32,27495
-414.57,28.69,27507
-414.34,24.99,27518
-414.96,23.10,27530
-413.44,23.75,27542
-410.48,27.58,27553
-411.43,31.50,27566
-407.04,33.89,27577
-399.69,33.15,27589
-411.68,30.01,27600
-415.08,26.59,27613
-412.03,24.13,27624
-415.31,24.40,27636
-413.05,26.64,27648
-409.68,30.25,27660
-411.81,32.39,27671
-402.08,32.17,27683
-405.33,29.83,27695
-415.56,26.60,27706
-413.98,24.74,27718
-410.77,24.77,27729
-411.27,27.30,27742
-412.42,30.64,27753
-412.36,33.02,27765
-404.43,32.54,27777
-401.83,29.76,27789
-413.79,26.17,27800
-415.78,23.80,27812
-410.97,23.74,27824
-409.98,26.44,27836
-411.88,30.25,27847
-408.76,33.19,27859
-400.52,33.31,27871
-407.94,31.17,27882
-414.37,27.82,27894
-415.68,24.82,27906
-412.13,23.96,27918
-411.13,25.28,27929
-412.90,28.76,27941
-410.75,31.64,27953
-404.44,32.73,27965
-404.95,30.87,27976
-410.74,27.98,27988
-417.01,25.45,28000
-413.09,24.47,28012
-409.57,25.91,28023
-412.50,29.52,28036
-411.54,32.13,28047
-404.68,32.87,28058
-403.17,30.87,28070
-411.67,27.21,28082
-413.90,24.66,28094
-417.93,23.65,28105
-412.16,25.35,28118
-408.93,29.45,28129
-410.33,32.32,28141
-409.48,33.82,28152
-401.83,32.01,28165
-407.28,28.78,28176
-415.26,25.23,28188
-414.11,23.34,28199
-413.14,24.13,28211
-409.20,27.24,28223
-409.29,31.06,28234
-404.62,33.30,28247
-402.87,32.54,28258
-412.20,29.77,28270
-414.46,26.32,28281
-411.58,24.63,28294
-412.02,24.48,28305
-412.83,27.51,28317
-411.43,30.78,28328
-407.55,32.57,28341
-399.77,31.86,28352
-411.54,29.00,28364
-418.92,26.10,28376
-412.64,24.00,28387
-411.35,24.72,28399
-411.36,27.66,28410
-407.90,31.20,28423
-412.99,33.54,28434
-400.89,32.78,28446
-402.27,30.06,28457
-419.39,26.01,28470
-414.82,23.49,28481
-410.21,23.52,28493
-413.52,26.00,28505
-410.79,30.45,28517
-409.68,33.06,28528
-406.85,33.78,28540
-399.35,30.95,28552
-411.31,27.59,28563
-419.35,24.59,28575
-411.78,23.71,28587
-414.27,25.72,28599
-410.28,29.15,28610
-409.72,32.18,28622
-400.06,32.49,28634
-409.10,30.62,28646
-416.83,27.20,28657
-413.71,24.74,28669
-410.17,24.16,28681
-413.16,26.19,28693
-408.88,29.96,28704
-411.46,32.77,28717
-404.99,33.32,28728
-399.05,30.70,28739
-418.23,27.42,28751
-416.27,24.00,28763
-409.83,23.59,28775
-416.33,24.91,28786
-411.25,28.88,28798
-408.59,32.52,28810
-405.97,33.90,28822
-403.10,32.71,28833
-409.00,28.78,28846
-415.47,25.17,28857
-415.54,23.29,28869
-408.99,24.23,28880
-414.69,27.74,28893
-411.90,31.51,28904
-409.35,33.51,28915
-401.92,32.03,28928
-407.51,29.26,28939
-415.27,25.84,28951
23.44,24.37,28962
2979.30,25.23,28975
-409.53,28.23,28986
-413.86,31.65,28998
-404.14,33.06,29009
-402.49,31.52,29022
-415.20,28.52,29033
-416.60,24.85,29045
-411.64,23.60,29057
-412.45,24.61,29069
-412.74,28.10,29080
-409.96,32.10,29091
-406.42,34.05,29104
-402.06,33.05,29115
-409.01,29.63,29127
-415.61,25.70,29138
-417.09,23.28,29151
-411.27,23.23,29162
-413.18,26.75,29174
-412.31,30.44,29186
-410.10,33.03,29198
-402.28,33.19,29209
-405.30,30.47,29221
-416.23,27.33,29233
-413.85,24.64,29244
-410.75,24.49,29256
-413.64,26.45,29267
-410.41,30.10,29280
-412.27,32.32,29291
-406.90,32.01,29303
-400.58,29.66,29315
-413.50,26.67,29327
-417.87,24.17,29338
-412.24,24.67,29350
-411.03,26.90,29362
-409.64,30.58,29374
-409.77,33.12,29385
-400.21,33.38,29398
-409.48,30.41,29409
-416.85,26.74,29420
-415.26,23.58,29432
-413.24,23.03,29444
-412.70,25.46,29456
-409.87,29.33,29467
-411.80,32.83,29479
-401.31,33.74,29491
-404.20,31.63,29503
-415.71,28.29,29514
-411.48,25.07,29527
-413.40,23.97,29538
-414.17,25.34,29550
-408.47,28.28,29561
-412.76,31.77,29574
-406.82,32.60,29585
-399.99,31.18,29596
-415.09,27.94,29608
-415.16,25.41,29620
-410.20,24.32,29632
-412.45,25.81,29643
-412.87,29.29,29656
-408.00,32.05,29667
-411.14,33.45,29679
-401.38,31.36,29690
-406.30,27.88,29703
-419.15,24.81,29714
-413.89,23.09,29726
-414.03,24.52,29737
-409.49,28.32,29750
-412.63,32.12,29761
-402.82,34.26,29772
-401.19,32.80,29785
-416.21,29.85,29796
-414.47,25.87,29808
-412.29,23.78,29819
-412.44,23.85,29832
-411.41,26.97,29843
-413.98,30.46,29855
-408.47,32.76,29867
-397.64,32.10,29879
-411.04,29.61,29890
-417.81,26.49,29902
-413.08,24.78,29914
-410.35,24.81,29926
-411.89,27.73,29937
-410.15,30.91,29948
-411.57,32.79,29961
-402.24,31.97,29972
-402.88,28.98,29984
-418.07,26.01,29996
-417.14,23.88,30008
-410.77,24.17,30019
-412.12,27.24,30031
-406.75,30.84,30043
-412.34,33.76,30055
-406.63,33.61,30066
-399.59,30.56,30078
-413.08,27.08,30090
-415.57,23.76,30102
-413.01,23.09,30113
-411.59,25.42,30125
-410.07,29.39,30137
-411.03,32.64,30148
-401.70,33.41,30160
-408.17,31.42,30172
-416.46,27.89,30184
-412.45,25.16,30195
-411.36,24.16,30208
-414.24,25.84,30219
-410.26,29.29,30231
-410.23,31.95,30242
-405.14,32.59,30255
-406.52,30.29,30266
-415.78,27.34,30277
-414.16,24.80,30289
-410.23,24.28,30301
-412.57,26.32,30313
-412.32,29.57,30324
-409.71,32.57,30337
-404.71,33.35,30348
-401.20,31.32,30360
-414.19,27.70,30371
-418.49,24.24,30384
-411.44,23.01,30395
-411.02,24.25,30407
-415.25,28.41,30418
-411.57,32.01,30431
-409.71,33.75,30442
-399.29,32.67,30453
-406.50,29.60,30466
-417.21,25.96,30477
-417.29,23.90,30489
-409.32,24.03,30500
-415.19,27.24,30513
-412.12,30.36,30524
-403.13,32.89,30536
-402.04,31.65,30547
-412.98,29.38,30560
-417.73,26.31,30571
-413.38,24.26,30583
-408.57,24.97,30595
-408.82,27.78,30607
-414.34,31.56,30618
-410.22,33.17,30629
-399.70,32.39,30642
-408.28,28.92,30653
-418.19,25.22,30665
-418.30,23.13,30676
-411.39,23.39,30689
-411.40,27.22,30700
-408.75,31.38,30712
-410.73,34.22,30724
-404.29,33.78,30736
-404.35,30.39,30747
-411.81,26.76,30759
-415.27,23.71,30771
-415.29,23.49,30783
-413.08,25.80,30794
-410.07,29.63,30806
-411.49,32.52,30818
-404.36,33.09,30829
-403.75,30.91,30841
-413.48,27.49,30853
-414.00,24.96,30865
-412.04,24.28,30876
-411.91,26.34,30888
-410.94,29.90,30900
-408.83,32.74,30912
-399.59,32.70,30923
-411.76,30.31,30936
-418.10,26.76,30947
-412.30,23.75,30959
-412.56,23.80,30970
-411.06,25.73,30982
-411.89,30.01,30994
-411.42,33.12,31005
-400.66,34.26,31017
-404.10,31.92,31029
-417.53,28.12,31041
-415.85,24.38,31052
-411.08,22.48,31065
-414.07,24.15,31076
-411.10,28.15,31088
-413.91,32.19,31099
-408.72,34.06,31112
-396.58,32.33,31123
-413.40,29.25,31135
-417.27,25.55,31147
-411.53,24.09,31158
-411.14,24.96,31170
-412.49,28.14,31181
-410.75,31.56,31194
-411.79,32.67,31205
-401.04,31.40,31217
-404.43,28.13,31228
-418.98,25.25,31241
-417.32,23.92,31252
-409.21,25.11,31264
-414.08,28.81,31276
-412.46,32.08,31288
-406.95,33.65,31299
-399.78,32.40,31310
-414.26,28.72,31323
-416.17,25.02,31334
-414.50,23.00,31346
-414.35,23.53,31357
-412.29,26.93,31370
-407.94,31.06,31381
-408.48,33.80,31393
-403.50,33.54,31405
-406.26,30.87,31417
-416.52,26.89,31428
-412.41,24.15,31440
-411.54,23.48,31452
-415.53,26.03,31464
-409.35,29.76,31475
-410.03,32.54,31486
-403.06,32.56,31499
-406.10,30.08,31510
-416.58,26.88,31522
-412.63,24.89,31534
-409.82,24.62,31546
-414.06,27.17,31557
-411.03,30.10,31569
-409.54,32.96,31581
-405.93,32.64,31593
-401.12,30.03,31604
-414.86,26.50,31617
-417.58,23.66,31628
-411.12,23.48,31640
-410.26,25.87,31651
-415.24,30.17,31663
-406.22,33.09,31675
-401.36,34.13,31686
-406.31,31.59,31698
-417.86,28.05,31710
-414.47,24.38,31722
-409.83,23.31,31733
-413.87,24.68,31746
-410.85,28.57,31757
-412.36,31.54,31769
-402.32,33.15,31780
-401.88,31.35,31793
-416.92,28.55,31804
-416.01,25.68,31816
-410.01,24.45,31827
-410.69,25.62,31839
-411.41,28.94,31851
-411.24,31.40,31862
-410.13,32.90,31875
-399.35,30.71,31886
-411.14,27.93,31898
-419.14,24.99,31909
-412.22,23.68,31922
-412.44,25.18,31933
-409.98,28.43,31945
-409.01,32.52,31956
-412.97,33.82,31969
-399.01,32.56,31980
-407.30,29.12,31992
-415.43,25.20,32004
-413.51,23.39,32015
-414.05,23.65,32027
-414.93,27.04,32038
-409.13,30.87,32051
-405.90,33.10,32062
-400.98,32.84,32074
-415.17,29.96,32086
-414.08,26.76,32098
-409.47,24.68,32109
-415.42,24.65,32121
-410.66,27.11,32133
-409.90,30.05,32145
-409.61,32.40,32156
-400.06,31.74,32167
-413.19,29.52,32180
-416.11,26.24,32191
-411.46,24.41,32203
-411.95,24.67,32215
-412.88,27.45,32227
-412.63,31.01,32238
-407.91,33.32,32250
-401.43,32.97,32262
-406.49,29.85,32274
-417.06,26.38,32285
-415.55,23.45,32297
-413.73,23.56,32309
-410.53,25.95,32321
-410.84,30.19,32332
-413.98,33.12,32344
-402.09,33.65,32356
-401.52,31.34,32367
-413.66,27.70,32379
-414.66,24.76,32391
-413.72,23.42,32403
-410.35,25.38,32414
-411.47,28.78,32427
-413.68,32.12,32438
-398.94,32.95,32450
-408.53,30.73,32461
-416.70,28.08,32474
-415.00,25.06,32485
-412.09,24.61,32497
-408.67,25.98,32508
-410.37,29.35,32520
-413.81,32.29,32532
-403.60,32.90,32543
-403.67,30.95,32556
-413.75,27.63,32567
-415.92,24.78,32579
-412.55,23.82,32590
-413.21,25.30,32603
-409.63,28.78,32614
-410.43,32.14,32626
-408.11,33.74,32637
-399.19,32.31,32650
-412.99,28.89,32661
-414.41,25.36,32673
-412.34,23.44,32685
-414.50,24.24,32696
-412.85,27.51,32708
-409.80,31.02,32719
-408.86,33.42,32732
-402.15,32.32,32743
-407.89,29.54,32755
-416.86,26.16,32766
-412.94,24.15,32779
-409.83,24.78,32790
-413.34,27.58,32802
-412.18,30.90,32814
-411.37,32.84,32826
-401.27,31.99,32837
-416.73,29.12,32849
-414.75,26.06,32861
-411.99,24.18,32872
-414.13,24.69,32884
-409.25,27.83,32896
-412.58,31.23,32908
-410.39,33.49,32919
-396.54,32.73,32931
-411.61,29.78,32943
-417.91,26.17,32955
-413.48,23.69,32966
-412.91,23.67,32978
-412.20,26.25,32990
-411.37,30.17,33002
-412.24,33.23,33013
-402.71,33.17,33025
-402.38,30.60,33037
-415.46,27.11,33048
-416.21,24.37,33060
-413.54,23.97,33072
-412.10,26.02,33084
-409.57,29.83,33095
-412.82,32.49,33107
-408.19,33.15,33119
-400.84,30.69,33131
-411.46,27.21,33142
-415.57,24.97,33155
-414.90,23.90,33166
-413.03,25.93,33178
-409.30,29.28,33189
-409.56,32.41,33201
-410.73,33.39,33213
-408.45,30.69,33224
-413.48,27.66,33236
-413.25,24.38,33248
-415.51,23.85,33260
-412.94,25.31,33271
-410.04,28.70,33284
-408.26,32.03,33295
-405.53,33.49,33307
-405.05,31.74,33318
-413.14,28.61,33331
-414.94,25.12,33342
-413.30,23.86,33354
-413.25,24.50,33366
-413.24,28.21,33377
-409.97,31.25,33389
-405.50,33.35,33400
-402.80,32.03,33413
-413.41,28.85,33424
-414.86,25.97,33436
-413.08,24.18,33447
-413.38,25.12,33460
-410.81,27.99,33471
-411.98,31.31,33483
-411.52,32.97,33495
-399.67,32.11,33507
-406.94,28.98,33518
-417.69,25.84,33530
-413.57,23.73,33542
-410.87,24.47,33553
-413.61,27.19,33565
-410.06,31.02,33576
-410.00,33.22,33589
-406.27,32.99,33600
-413.02,29.93,33612
-417.22,26.51,33624
-413.25,24.02,33636
-411.43,23.83,33647
-411.52,26.62,33659
-409.33,30.16,33671
-410.39,32.71,33683
-399.88,32.89,33694
-407.64,30.48,33707
-416.17,27.16,33718
-414.12,24.64,33729
-413.08,24.13,33741
-409.15,26.31,33753
-411.13,29.68,33765
-414.22,32.33,33776
-402.96,32.64,33788
-403.41,30.47,33800
-416.23,27.41,33812
-413.52,24.94,33823
-414.86,24.14,33836
-412.81,26.08,33847
-406.82,29.45,33859
-411.70,32.50,33870
-411.13,33.26,33882
-399.25,30.89,33894
-410.23,27.78,33905
-416.06,24.71,33917
-413.92,23.75,33929
-416.88,25.11,33941
-409.51,28.93,33952
-407.14,32.13,33965
-413.49,33.61,33976
-401.92,31.60,33988
-415.07,28.68,33999
-411.38,25.45,34012
-416.25,24.12,34023
-414.52,24.95,34035
-407.47,28.12,34046
-410.99,31.35,34058
-405.76,32.80,34070
-404.74,31.79,34081
-415.54,28.96,34094
-412.36,25.67,34105
-411.02,24.49,34117
-415.38,25.16,34128
-411.60,28.03,34141
-409.21,31.49,34152
-408.94,32.78,34164
-399.30,31.98,34176
-413.18,28.95,34188
-418.20,25.65,34199
-411.34,23.86,34211
-411.02,24.57,34223
-412.71,27.77,34234
-411.03,31.26,34246
-410.17,33.40,34257
-401.76,32.67,34270
-405.66,29.88,34281
-416.69,26.55,34293
-416.32,24.03,34305
-410.79,24.35,34317
-410.37,26.49,34328
-412.96,30.35,34340
-411.76,32.70,34352
-406.63,32.64,34364
-401.45,30.63,34375
-416.72,26.90,34387
-415.58,24.49,34399
-410.10,24.14,34410
-409.44,26.28,34422
-412.89,30.06,34434
-409.79,32.54,34446
-400.80,32.71,34457
-407.14,30.22,34469
-415.40,27.14,34481
-416.61,24.58,34493
-412.73,24.37,34504
-409.70,26.36,34516
-409.35,29.82,34528
-411.61,32.54,34540
-405.81,33.09,34551
-402.93,30.75,34563
-412.86,27.48,34575
-416.40,24.69,34586
-413.85,23.72,34598
-412.95,25.16,34610
-410.03,28.79,34622
-408.24,32.36,34633
-410.94,33.47,34646
-401.35,31.75,34657
-408.51,28.58,34669
-414.76,25.24,34680
-414.86,23.88,34693
-413.94,24.63,34704
-411.95,28.40,34716
-409.65,31.43,34727
-407.94,33.27,34739
-406.99,31.69,34751
-406.11,28.56,34762
-415.81,25.67,34775
-411.00,24.17,34786
-416.17,25.44,34798
-407.58,28.37,34809
-408.73,31.41,34822
-408.41,33.41,34833
-401.13,31.55,34845
-415.10,28.96,34856
-413.68,25.36,34869
-412.50,23.86,34880
-415.16,24.87,34892
-411.91,27.73,34904
-410.52,31.28,34915
-406.53,33.28,34927
-401.67,32.72,34938
-410.23,29.68,34951
-415.87,26.27,34962
-412.46,23.72,34974
-413.15,24.23,34985
-413.39,26.86,34998
-410.09,30.53,35009
-413.13,33.02,35021
-401.38,32.85,35033
-404.33,29.98,35045
-417.40,27.00,35056
-412.03,24.40,35068
-414.08,24.23,35080
-413.82,26.53,35091
-407.87,30.07,35103
-413.18,32.63,35115
-408.90,33.04,35127
-398.36,30.26,35138
-412.99,27.03,35150
-413.53,24.35,35162
-413.76,24.08,35174
-409.95,26.24,35185
-409.79,29.83,35197
-409.98,32.59,35209
-402.83,33.03,35221
-405.63,30.57,35232
-414.52,27.31,35245
-416.07,24.74,35256
-415.18,23.91,35267
-411.32,25.69,35279
-407.61,28.89,35291
-413.59,32.06,35303
-405.53,33.35,35314
-402.38,31.37,35326
-414.49,28.25,35338
-411.94,24.92,35350
-416.67,23.99,35361
-413.17,25.27,35374
-408.88,28.56,35385
-410.44,32.08,35397
-408.26,33.25,35408
-404.80,31.37,35421
-409.05,28.26,35432
-414.84,25.00,35443
-416.84,24.10,35456
-411.42,25.24,35467
-412.37,28.60,35479
-407.40,31.81,35490
-408.20,33.24,35503
-405.14,32.01,35514
-404.24,28.89,35526
-415.47,25.81,35537
-413.11,23.82,35550
-411.80,24.40,35561
-409.11,27.66,35573
-409.31,31.09,35585
-406.20,33.59,35596
-403.23,32.77,35608
-410.21,29.76,35619
-415.51,26.24,35632
-413.49,23.98,35643
-412.14,24.21,35655
-416.12,27.09,35666
-407.31,30.50,35679
-408.56,32.83,35690
-403.90,32.50,35702
-405.31,30.02,35714
-417.62,26.65,35726
-413.81,24.56,35737
-409.99,24.49,35749
-413.41,26.97,35761
-411.14,30.35,35772
-410.28,32.59,35784
-403.32,32.89,35795
-404.12,29.94,35808
-415.32,27.10,35819
-415.40,24.36,35831
-412.98,24.14,35843
-412.24,26.35,35855
-411.29,29.86,35866
-410.23,32.71,35878
-408.38,33.16,35890
-401.20,30.72,35902
-408.78,27.62,35913
-415.05,24.52,35926
-411.59,24.20,35937
-410.51,25.63,35948
-408.83,29.29,35960
-413.78,32.46,35972
-401.07,33.28,35984
-405.82,31.33,35995
-414.90,27.87,36007
-414.00,25.01,36019
-415.62,23.94,36031
-410.68,25.39,36042
-408.03,29.11,36055
-413.31,31.82,36066
-405.85,33.39,36078
-402.74,31.23,36089
-412.50,28.23,36102
-412.85,25.07,36113
-416.28,23.84,36124
-413.77,25.16,36136
-409.34,28.29,36148
-410.58,31.66,36160
-408.85,33.07,36171
-401.68,32.07,36184
-411.12,28.88,36195
-413.59,25.78,36207
-412.45,23.87,36218
-416.05,24.67,36231
-411.17,27.55,36242
-410.47,31.24,36254
-412.28,33.02,36265
-400.31,32.25,36278
-407.76,29.29,36289
-416.52,26.02,36300
-415.22,24.25,36313
-412.83,24.62,36324
-408.66,27.47,36336
-412.09,30.99,36347
-407.26,32.78,36360
-400.62,32.46,36371
-413.64,29.27,36383
-415.13,26.34,36395
-414.06,24.03,36407
-412.41,24.33,36418
-412.20,26.88,36430
-410.82,30.44,36442
-408.16,33.44,36454
-401.82,32.81,36465
-408.60,30.71,36476
-413.17,26.85,36489
-414.61,24.42,36500
-414.45,23.91,36512
-409.72,26.14,36524
-412.61,30.02,36536
-409.95,32.59,36547
-405.39,33.24,36559
-402.48,30.86,36571
-412.35,27.50,36583
-417.28,24.82,36594
-411.51,24.00,36606
-413.17,25.96,36618
-411.78,29.04,36630
-409.57,32.37,36641
-410.07,32.71,36653
-400.77,31.04,36665
-410.47,27.73,36676
-416.92,24.92,36688
-411.36,24.15,36700
-412.46,25.71,36712
-411.46,29.25,36723
-408.99,32.08,36736
-404.32,33.22,36747
-404.17,31.28,36759
-415.39,28.26,36770
-415.46,24.91,36783
-412.29,23.97,36794
-413.62,25.25,36805
-409.00,28.60,36817
-410.25,32.10,36829
-408.36,33.24,36841
-400.88,31.86,36852
-411.32,28.65,36865
-416.27,25.39,36876
-414.66,23.78,36888
-413.13,24.57,36899
-412.12,27.91,36912
-409.85,31.17,36923
-410.12,33.42,36935
-401.78,31.95,36946
-407.22,29.25,36959
-416.44,25.76,36970
-413.45,23.92,36981
-413.77,24.62,36994
-412.52,27.35,37005
-408.91,31.26,37017
-410.32,33.10,37028
-405.44,32.26,37041
-403.63,29.54,37052
-412.77,25.94,37064
-416.48,24.03,37075
-412.03,24.25,37088
-411.97,27.23,37099
-409.12,30.65,37111
-408.94,33.21,37123
-401.62,32.83,37135
-412.77,29.84,37146
-414.27,26.78,37157
-413.89,24.13,37170
-413.46,24.11,37181
-410.59,26.46,37193
-411.20,30.09,37204
-408.92,32.60,37217
-402.73,32.89,37228
-406.15,30.22,37240
-414.71,26.98,37252
-416.92,24.28,37264
-410.26,23.98,37275
-413.35,26.04,37287
-411.38,29.94,37299
-409.22,32.84,37311
-406.35,32.95,37322
-402.66,30.85,37334
-411.36,27.23,37346
-416.55,24.68,37357
-414.93,23.82,37369
-410.07,25.54,37381
-411.62,29.78,37393
-410.35,31.96,37404
-407.32,33.70,37416
-404.54,31.13,37428
-407.28,27.86,37440
-414.59,24.99,37451
-417.55,23.83,37464
-414.35,25.49,37475
-409.80,28.58,37487
-408.88,31.74,37498
-404.91,33.19,37510
-405.59,31.42,37522
-413.03,28.02,37533
-416.16,25.04,37545
-414.04,23.84,37557
-410.45,24.78,37569
-414.05,28.68,37580
-407.72,31.43,37593
-405.67,33.40,37604
-405.53,31.86,37616
-409.36,28.51,37627
-416.20,25.47,37640
-414.03,23.71,37651
-410.59,24.56,37662
-413.93,27.99,37675
-410.18,31.34,37686
-407.37,33.36,37698
-404.56,32.47,37709
-407.99,28.90,37722
-415.05,25.84,37733
-416.20,23.86,37745
-410.01,24.22,37756
-414.50,27.50,37769
-410.42,30.88,37780
-410.73,33.22,37792
-404.73,32.65,37804
-402.83,29.57,37816
-416.12,26.43,37827
-414.98,24.06,37838
-412.70,24.53,37851
-410.67,26.82,37862
-411.47,30.87,37874
-407.04,32.46,37885
-401.38,32.81,37898
-411.03,29.82,37909
-415.45,26.42,37921
-414.14,24.32,37933
-412.38,24.04,37945
-413.30,26.78,37956
-408.66,30.09,37968
-410.79,32.65,37980
-402.41,32.94,37992
-404.72,30.43,38003
-416.08,27.45,38014
-414.75,24.67,38027
-413.46,24.20,38038
-413.38,26.21,38050
-409.31,29.44,38062
-412.01,32.44,38074
-406.62,32.71,38085
-400.63,30.80,38097
-415.31,27.60,38109
-414.48,24.96,38121
-413.37,24.27,38132
-414.27,25.67,38145
-408.42,29.48,38156
-409.70,32.12,38168
-410.38,33.20,38179
-400.56,31.54,38191
-408.93,27.69,38203
-416.87,25.20,38214
-414.15,23.75,38226
-412.56,25.05,38238
-409.42,28.75,38250
-409.69,31.63,38261
-406.23,33.54,38274
-404.72,31.97,38285
-412.92,29.07,38297
-414.95,25.79,38308
-415.09,24.15,38321
-411.76,24.46,38332
-410.10,27.60,38344
-412.41,31.10,38355
-406.84,33.10,38367
-401.55,32.23,38379
-412.86,29.39,38390
-413.56,26.06,38403
-413.67,24.42,38414
-412.81,24.71,38426
-411.58,27.68,38437
-408.42,31.36,38450
-411.61,33.06,38461
-402.58,32.30,38473
-406.08,29.19,38484
-416.73,25.66,38497
-416.05,23.91,38508
-410.12,24.03,38520
-413.37,27.39,38532
-411.61,30.72,38543
-408.27,33.51,38555
-405.81,33.10,38566
-402.12,30.39,38579
-413.00,26.91,38590
-415.74,24.00,38602
-411.07,23.89,38614
-414.38,25.82,38626
-410.23,29.75,38637
-409.55,32.48,38649
-399.98,32.94,38661
-408.35,30.70,38673
-418.73,27.25,38684
-412.64,24.76,38696
-410.07,24.39,38708
-414.02,26.33,38719
-408.84,29.88,38731
-411.12,32.12,38743
-403.30,32.87,38755
-404.33,30.37,38766
-415.73,27.33,38778
-416.15,25.06,38790
-412.17,23.85,38802
-411.93,26.10,38813
-409.68,29.32,38825
-409.26,32.31,38837
-409.14,33.59,38849
-401.25,31.59,38860
-410.55,28.12,38872
-417.36,25.04,38884
-412.44,23.54,38895
-414.60,25.02,38907
-411.41,28.34,38919
-408.17,31.96,38931
-411.19,33.35,38942
-402.66,31.98,38955
-405.84,28.60,38966
-416.30,25.67,38978
-413.58,24.06,38989
-412.57,25.13,39002
-413.82,28.12,39013
-411.62,31.46,39025
-406.97,33.04,39036
-402.56,31.69,39048
-416.04,28.79,39060
-414.07,25.61,39071
-412.80,23.99,39084
-412.58,24.70,39095
-409.60,27.88,39107
-410.73,31.14,39118
-408.70,33.65,39131
-399.87,32.36,39142
-409.30,29.63,39154
-417.60,26.01,39165
-412.57,24.01,39178
-414.47,24.00,39189
-411.97,26.96,39201
-407.64,30.99,39213
-413.14,33.05,39224
-401.62,33.03,39236
-405.34,29.96,39247
-416.70,26.61,39260
-413.27,24.25,39271
-412.36,23.93,39283
