9⸮5185.00
10271.00
-412.75,25.63,1134
-408.30,25.02,1136
-415.73,27.34,1137
-409.67,29.96,1148
-407.49,31.91,1160
-409.10,32.19,1172
-407.69,30.62,1183
-411.80,27.62,1196
-411.55,25.46,1207
-411.09,25.49,1219
-414.38,27.07,1230
-411.00,29.96,1242
-406.07,31.48,1254
-411.04,32.06,1265
-407.18,30.31,1277
-409.70,27.32,1289
-413.11,25.76,1301
-408.84,25.90,1312
-416.13,27.94,1325
-411.98,30.37,1336
-406.16,31.52,1348
-411.06,31.57,1359
-408.59,29.49,1372
-411.78,26.93,1383
-411.57,25.54,1395
-410.42,26.21,1406
-414.83,28.56,1418
-410.67,30.69,1430
-406.56,32.04,1441
-411.12,31.50,1454
-404.19,29.05,1465
-411.57,26.66,1477
-413.30,24.79,1488
-408.88,26.16,1501
-414.60,28.33,1512
-414.00,30.94,1524
-410.56,32.07,1536
-407.09,31.55,1548
-408.87,29.15,1559
-413.34,26.49,1571
-411.14,25.12,1583
-410.99,26.43,1594
-416.30,28.60,1606
-405.73,31.05,1617
-410.09,31.87,1630
-407.53,31.15,1641
-409.87,28.61,1653
-411.85,26.33,1665
-412.24,25.55,1677
-411.91,26.93,1688
-414.84,29.27,1700
-407.16,30.97,1712
-409.88,31.91,1724
-406.50,30.66,1735
-411.87,28.25,1746
-410.62,26.16,1759
-411.30,25.21,1770
-412.43,27.18,1782
-415.51,29.56,1794
-406.14,31.30,1806
-411.19,31.97,1817
-406.01,30.57,1829
-408.51,27.87,1841
-413.68,25.77,1853
-409.80,25.15,1864
-410.40,27.27,1876
-418.10,29.82,1888
-405.37,31.58,1900
-409.82,32.03,1911
-405.16,30.38,1923
-412.70,27.69,1935
-413.05,25.92,1946
-409.54,25.77,1958
-416.75,27.71,1970
-407.64,29.89,1982
-410.10,31.39,1993
-408.68,31.51,2006
-407.55,29.79,2017
-412.32,27.15,2029
-410.68,25.70,2040
-409.72,26.18,2053
-418.60,28.09,2064
-406.82,30.68,2076
-407.38,31.73,2087
-411.23,31.67,2099
-406.20,29.26,2111
-410.56,26.48,2122
-414.14,25.20,2135
-408.93,25.84,2146
-418.38,28.48,2158
-410.60,30.61,2169
-405.32,32.03,2182
-411.00,31.82,2193
-406.26,29.41,2205
-411.31,26.96,2216
-411.83,25.30,2229
-408.16,26.46,2240
-417.42,28.04,2251
-411.39,30.53,2264
-407.39,31.43,2275
-410.39,30.89,2287
-407.49,28.94,2298
-413.05,26.54,2311
-409.06,25.65,2322
-412.84,27.07,2334
-414.22,29.64,2345
-404.95,31.42,2358
-412.31,31.84,2369
-405.32,30.39,2381
-410.68,27.87,2393
-414.93,25.89,2405
-410.18,25.22,2416
-413.74,27.31,2427
-413.81,29.62,2440
-405.16,31.33,2451
-412.03,31.95,2463
-405.87,30.70,2475
-409.36,28.10,2487
-411.66,26.13,2498
-411.82,25.65,2510
-411.47,26.96,2522
-417.30,29.75,2534
-404.57,30.84,2545
-410.50,31.75,2557
-410.22,30.12,2569
-407.89,27.85,2581
-411.54,26.04,2592
-411.24,26.07,2604
-410.41,28.10,2616
-416.34,30.13,2627
-407.39,31.34,2639
-408.26,31.30,2651
-406.75,29.50,2663
-414.12,27.01,2674
-409.91,25.24,2686
-412.18,26.43,2698
-414.44,27.99,2710
-410.40,30.93,2721
-408.40,31.73,2734
-405.13,31.61,2745
-410.58,29.69,2756
-411.98,26.85,2768
-411.37,25.64,2780
-411.89,26.11,2792
-414.51,28.05,2803
-407.18,30.41,2816
-413.16,31.35,2827
-405.56,31.54,2839
-407.14,29.26,2850
-413.79,27.12,2863
-408.01,25.58,2874
-412.14,26.59,2886
-417.35,28.73,2897
-403.86,30.42,2910
-411.49,31.74,2921
-410.49,30.90,2932
-405.12,28.73,2945
-414.16,26.45,2956
-409.22,25.40,2968
-409.64,27.08,2979
-419.76,29.14,2992
-406.67,31.32,3003
-404.93,32.01,3015
-412.07,30.80,3026
-406.93,28.14,3039
-412.70,25.89,3050
-411.13,24.90,3062
-407.09,27.13,3074
-411.65,29.33,3086
-405.03,31.17,3097
-409.87,31.92,3108
-406.04,30.86,3121
-414.87,28.37,3132
-411.06,26.37,3144
-407.63,25.55,3155
-416.78,27.06,3168
-414.24,29.53,3179
-406.02,30.90,3191
-410.93,31.39,3203
-405.74,30.17,3215
-410.65,27.68,3226
-415.22,26.17,3238
-408.18,25.96,3250
-413.32,27.99,3262
-412.75,30.32,3273
-405.79,31.66,3284
-412.41,31.78,3297
-404.84,29.90,3308
-410.54,27.18,3320
-411.88,25.39,3332
-410.01,26.04,3344
-413.46,27.90,3355
-415.93,30.37,3367
-403.92,31.58,3379
-410.07,31.59,3391
-409.41,29.83,3402
-407.55,27.22,3415
-412.91,25.47,3426
-409.69,26.33,3437
-410.44,28.17,3449
-417.60,30.54,3461
-407.11,31.49,3473
-409.03,31.25,3484
-410.55,29.43,3496
-412.12,26.54,3508
-411.29,25.39,3520
-409.30,26.30,3531
-415.78,28.78,3544
-407.84,30.80,3555
-409.45,31.95,3567
-405.83,31.04,3578
-410.41,28.52,3591
-413.39,26.06,3602
-410.35,24.96,3613
-411.60,26.98,3625
-415.10,29.26,3637
-406.75,31.21,3649
-410.16,32.14,3660
-407.03,30.87,3673
-408.89,28.50,3684
-412.32,26.17,3696
-412.42,25.06,3707
-410.04,26.76,3720
-416.23,29.32,3731
-407.42,31.12,3743
-408.56,32.37,3755
-408.42,30.96,3767
-407.82,28.55,3778
-411.65,26.12,3789
-410.31,25.26,3802
-410.74,27.06,3813
-415.64,29.67,3825
-407.87,31.41,3836
-409.03,32.03,3849
-409.65,30.54,3860
-412.64,27.76,3872
-409.16,25.62,3884
-411.77,25.57,3896
-416.50,27.22,3907
-408.14,30.45,3919
-409.41,31.71,3931
-409.65,32.10,3942
-404.64,30.15,3954
-415.08,26.95,3965
-411.11,25.23,3978
-407.95,25.52,3989
-416.95,27.90,4001
-409.44,30.45,4013
-407.66,32.10,4025
-409.94,31.89,4036
-404.04,29.90,4048
-413.29,26.95,4060
-411.52,25.30,4072
-411.27,25.69,4083
-413.70,27.92,4096
-411.47,30.56,4107
-407.80,31.97,4118
-412.19,31.66,4130
-405.14,29.42,4142
-410.21,26.87,4154
-412.48,25.30,4165
-409.28,26.34,4177
-415.32,28.35,4189
-413.25,30.79,4201
-403.74,31.99,4212
-412.39,31.18,4225
-406.61,28.98,4236
-411.96,26.39,4248
-410.05,25.35,4259
-414.40,26.61,4272
-413.82,28.95,4283
-405.52,31.39,4294
-410.60,32.27,4306
-406.07,31.35,4318
-411.54,28.58,4330
-414.30,26.11,4341
-409.07,24.66,4354
-412.89,26.58,4365
-415.52,29.28,4377
-404.98,31.25,4388
-412.02,32.54,4401
-404.88,30.99,4412
-408.69,28.34,4424
-414.04,26.24,4435
-410.38,25.11,4447
-412.04,26.85,4459
-416.68,29.11,4470
-405.17,31.34,4483
-410.83,32.00,4494
-407.52,30.85,4506
-406.60,28.13,4517
-412.57,26.08,4530
-412.57,25.38,4541
-410.05,27.31,4553
-416.80,29.73,4564
-404.08,31.38,4577
-410.60,32.05,4588
-410.43,30.54,4600
-406.25,27.40,4612
-411.98,25.37,4623
-410.01,25.45,4635
-417.68,27.38,4646
-405.89,30.09,4659
-408.42,31.71,4670
-408.99,31.94,4682
-408.28,30.06,4694
-411.09,27.05,4706
-411.06,25.66,4717
-409.09,25.65,4729
-418.75,27.87,4741
-407.84,30.07,4753
-407.47,31.50,4764
-410.09,31.62,4776
-406.00,29.72,4788
-413.66,26.95,4799
-411.96,25.42,4811
-408.22,26.07,4823
-416.54,28.37,4835
-410.37,30.61,4846
-407.67,31.98,4858
-409.99,31.32,4870
-407.18,29.16,4882
-409.94,26.45,4893
-413.20,25.11,4905
-410.73,26.63,4917
-413.25,28.63,4929
-411.23,31.12,4940
-406.83,32.20,4953
-409.99,31.34,4964
-406.54,28.82,4975
-411.28,26.22,4987
-411.23,25.08,4999
-410.60,26.82,5011
-410.90,28.75,5022
-407.19,31.08,5035
-412.42,31.85,5046
-405.40,31.20,5058
-411.07,28.39,5069
-413.63,26.50,5082
-408.86,25.25,5093
-414.20,27.05,5105
-412.71,29.48,5116
-403.92,31.26,5128
-411.22,32.34,5140
-406.19,30.48,5151
-410.65,27.81,5164
-412.87,25.73,5175
-410.78,25.40,5187
-412.98,27.36,5198
-415.43,29.93,5211
-405.45,31.69,5222
-409.53,32.08,5234
-407.51,30.48,5245
-408.64,27.48,5258
-411.41,25.66,5269
-412.07,25.58,5281
-412.81,27.31,5293
-415.04,30.11,5304
-405.65,31.27,5316
-411.97,32.05,5327
-406.47,30.27,5340
-408.10,27.62,5351
-412.91,25.66,5363
-409.97,25.77,5374
-411.67,27.52,5387
-417.03,29.95,5398
-411.12,31.56,5410
-407.37,31.68,5422
-409.57,29.80,5434
-410.96,27.07,5445
-410.42,25.67,5457
-410.97,26.19,5469
-416.77,28.30,5480
-407.17,30.77,5492
-409.33,31.52,5504
-406.94,31.44,5516
-409.47,29.22,5527
-412.58,26.64,5539
-409.74,25.30,5551
-411.65,26.46,5563
-416.88,28.77,5574
-404.94,30.76,5586
-412.95,32.28,5598
-406.25,30.97,5610
-409.14,29.11,5621
-414.21,26.42,5634
-409.25,25.11,5645
-411.73,26.81,5656
-416.49,28.64,5668
-407.36,31.14,5680
-409.17,31.91,5692
-409.62,31.11,5703
-405.09,28.60,5715
-411.81,26.18,5727
-413.13,25.06,5739
-407.27,26.99,5750
-419.43,29.20,5763
-406.31,31.19,5774
-407.41,32.14,5786
-403.06,30.87,5797
-413.01,28.30,5809
-411.25,26.11,5821
-408.67,25.30,5832
-419.36,27.00,5844
-409.32,29.43,5856
-404.47,31.05,5868
-413.20,31.98,5879
-406.10,30.65,5892
-408.23,27.77,5903
-413.70,26.19,5915
-406.31,25.50,5926
-416.36,27.58,5939
-416.28,29.83,5950
-400.08,30.90,5962
-411.44,31.60,5974
-408.31,29.97,5985
-410.14,27.54,5997
-413.82,25.71,6008
-407.43,26.15,6021
-412.07,28.17,6032
-415.99,30.36,6044
-406.87,31.63,6055
-407.76,31.12,6068
-407.07,29.57,6079
-411.44,26.54,6091
-414.79,25.35,6103
-412.02,25.96,6115
-410.62,28.56,6126
-415.01,31.10,6138
-405.85,31.87,6150
-411.07,31.56,6161
-406.05,29.22,6173
-414.38,26.50,6184
-411.28,25.13,6197
-412.83,26.11,6208
-413.95,28.36,6220
-405.48,30.90,6232
-411.49,31.92,6244
-408.13,31.58,6255
-409.41,29.09,6267
-410.68,26.85,6279
-410.72,25.29,6291
-411.86,26.69,6302
-417.02,28.70,6315
-404.05,30.64,6326
-410.87,31.97,6337
-408.44,30.94,6349
-410.24,28.73,6361
-412.06,26.18,6373
-408.31,25.33,6384
-411.33,27.20,6396
-419.12,29.29,6408
-405.60,31.08,6420
-408.62,31.99,6431
-407.35,30.65,6444
-409.40,28.15,6455
-415.45,25.73,6467
-410.84,25.24,6478
-407.88,26.98,6491
-417.32,29.83,6502
-409.17,31.24,6513
-409.41,32.09,6525
-407.40,30.68,6537
-408.23,27.94,6549
-412.71,25.80,6560
-410.89,25.37,6573
-415.15,27.20,6584
-407.93,29.89,6596
-410.76,31.09,6607
-409.54,31.98,6620
-404.20,30.09,6631
-413.63,27.50,6643
-412.76,25.84,6654
-409.73,25.86,6666
-419.48,28.10,6678
-406.34,30.29,6689
-405.46,31.92,6702
-414.47,31.81,6713
-404.53,29.84,6725
-410.53,26.95,6736
-414.90,25.28,6749
-408.16,25.82,6760
-416.81,28.01,6772
-413.56,30.68,6784
-402.45,32.10,6796
-410.59,31.92,6807
-407.99,29.82,6819
-410.07,26.88,6831
-413.01,25.32,6842
-409.16,26.22,6854
-414.35,28.01,6865
-414.73,30.47,6878
-406.16,31.52,6889
-409.54,31.37,6901
-407.95,29.33,6913
-411.77,26.69,6925
-412.17,25.56,6936
-410.96,26.57,6948
-414.27,28.83,6960
-408.06,31.23,6972
-408.98,31.80,6983
-406.27,31.10,6995
-410.53,28.49,7007
-412.55,26.17,7018
-411.89,25.04,7030
-410.90,26.76,7042
-413.90,29.29,7054
-406.04,31.29,7065
-410.69,32.42,7077
-406.44,31.00,7089
-407.75,28.25,7101
-411.69,26.06,7112
-410.97,24.98,7124
-415.19,26.71,7136
-415.14,29.19,7148
-403.21,31.17,7159
-412.95,32.33,7172
-406.65,30.93,7183
-408.73,28.49,7194
-412.54,26.00,7206
-410.36,25.64,7218
-410.16,27.09,7230
-419.56,29.96,7241
-405.65,31.01,7254
-407.44,31.92,7265
-408.94,30.30,7277
-408.71,27.76,7288
-411.67,25.78,7301
-412.43,25.63,7312
-408.61,27.44,7324
-414.80,30.31,7335
-410.48,31.43,7348
-405.90,31.94,7359
-408.26,29.84,7370
-413.77,27.21,7383
-413.39,25.38,7394
-410.28,25.59,7406
-417.58,27.95,7417
-406.22,30.36,7430
-409.79,31.84,7441
-410.80,32.12,7453
-403.11,29.88,7464
-412.24,27.07,7477
-415.15,25.26,7488
-407.51,25.79,7500
-417.84,27.93,7512
-408.55,30.33,7523
-406.11,31.81,7535
-412.32,31.47,7546
-408.04,29.51,7559
-407.89,26.60,7570
-412.75,25.45,7582
-412.44,26.60,7593
-416.35,28.52,7606
-410.32,30.83,7617
-405.63,31.79,7629
-411.68,31.17,7641
-406.68,29.07,7653
-412.90,26.31,7664
-412.32,25.33,7676
-407.24,26.62,7688
-416.14,28.99,7699
-413.27,31.21,7711
-403.25,32.12,7723
-406.34,31.12,7735
-409.92,28.33,7746
-414.27,26.11,7758
-409.65,24.93,7770
-412.82,26.61,7782
-415.65,29.11,7793
-406.16,31.05,7805
-410.30,32.24,7817
-407.48,30.86,7829
-409.41,28.22,7840
-413.49,26.30,7853
-410.69,25.40,7864
-413.42,27.41,7875
-413.94,29.59,7887
-404.80,31.32,7899
-414.59,31.88,7911
-406.00,30.02,7922
-408.51,27.56,7934
-414.44,25.66,7946
-410.79,25.66,7958
-412.16,27.35,7969
-415.96,30.11,7982
-402.96,31.62,7993
-411.20,32.25,8005
-411.78,30.28,8016
-406.97,27.18,8029
-411.18,25.28,8040
-412.82,25.24,8051
-410.80,27.32,8064
-418.67,30.10,8075
-404.50,31.57,8087
-407.69,32.32,8098
-409.36,30.42,8111
-411.83,27.64,8122
-411.66,25.78,8134
-408.79,25.73,8145
-418.25,27.78,8158
-408.76,30.05,8169
-408.92,31.26,8181
-409.31,31.42,8193
-408.38,29.26,8204
-411.83,26.79,8216
-414.61,25.47,8227
-408.99,26.30,8240
-414.89,28.84,8251
-408.03,31.24,8263
-409.66,32.50,8274
-408.34,31.50,8287
-406.45,29.05,8298
-413.60,25.92,8310
-413.23,24.61,8322
-411.05,26.11,8334
-416.54,28.39,8345
-407.51,31.10,8357
-408.84,32.30,8369
-410.61,31.64,8380
-405.47,29.52,8392
-410.04,26.70,8403
-412.66,25.31,8416
-410.73,26.14,8427
-416.35,28.27,8439
-409.52,30.49,8451
-407.92,31.59,8463
-411.33,31.03,8474
-407.17,28.51,8486
-412.40,26.43,8498
-410.90,25.44,8510
-417.82,27.14,8521
-410.59,29.53,8534
-403.47,31.27,8545
-412.56,32.19,8556
-407.09,30.57,8568
-411.85,27.74,8580
-413.41,25.80,8592
-407.85,24.78,8603
-415.41,27.10,8615
-415.08,29.60,8627
-405.14,31.83,8639
-409.26,32.20,8650
-406.69,30.85,8663
-412.11,27.84,8674
-413.93,25.92,8686
-410.53,25.30,8697
-412.56,27.08,8710
-414.64,29.76,8721
-404.33,31.35,8732
-413.50,32.05,8744
-404.36,30.47,8756
-408.68,27.74,8768
-413.40,26.28,8779
-409.33,25.63,8792
-413.30,27.74,8803
-414.00,30.11,8815
-402.89,31.29,8826
-413.25,31.81,8839
-408.43,29.77,8850
-406.96,26.82,8862
-414.20,25.47,8873
-411.11,25.54,8885
-419.56,28.13,8897
-402.63,30.54,8908
-409.79,31.85,8921
-408.55,31.82,8932
-407.01,29.66,8944
-413.67,27.07,8955
-411.06,25.38,8968
-409.97,25.98,8979
-418.61,27.79,8991
-406.58,30.15,9003
-409.31,31.77,9015
-407.95,31.34,9026
-408.46,29.80,9038
-411.63,27.09,9050
-413.58,25.51,9061
-408.35,26.63,9073
-416.23,28.46,9084
-410.14,30.91,9097
-409.18,31.72,9108
-409.58,31.03,9120
-407.28,28.44,9132
-411.29,26.32,9144
-414.16,25.16,9155
-409.79,26.94,9167
-416.28,29.27,9179
-406.93,31.31,9191
-409.39,32.56,9202
-410.62,31.14,9214
-404.46,28.35,9226
-413.72,25.89,9237
-411.60,24.75,9249
-409.30,26.56,9261
-418.57,29.06,9273
-407.51,31.17,9284
-412.79,32.47,9296
-404.52,31.17,9308
-409.69,28.49,9320
-413.47,26.11,9331
-409.20,25.22,9344
-417.20,27.01,9355
-411.59,29.39,9367
-404.33,30.98,9378
-412.73,32.00,9391
-406.25,30.46,9402
-411.56,27.69,9413
-412.28,25.61,9425
-407.78,25.50,9437
-415.73,27.67,9449
-413.06,29.96,9460
-404.22,31.75,9473
-411.71,31.93,9484
-406.37,30.27,9496
-410.38,27.18,9507
-412.28,25.59,9520
-410.50,25.58,9531
-412.78,27.49,9543
-415.57,30.26,9554
-405.10,31.37,9566
-411.00,32.24,9578
-406.63,30.35,9589
-408.58,27.46,9602
-413.72,25.74,9613
-409.82,25.58,9625
-413.23,27.70,9636
-415.43,29.81,9649
-405.11,31.56,9660
-406.04,31.43,9672
-410.50,29.69,9683
-412.91,27.01,9696
-410.96,25.37,9707
-411.65,26.61,9719
-415.11,28.65,9731
-405.21,31.04,9742
-411.03,32.10,9754
-408.83,31.35,9765
-407.49,29.08,9778
-413.59,26.24,9789
-412.00,24.81,9801
-411.33,26.44,9812
-417.36,28.66,9825
-404.24,31.05,9836
-411.79,32.31,9848
-407.59,31.48,9860
-408.23,29.18,9872
-411.74,26.36,9883
-411.35,25.06,9895
-411.33,26.34,9907
-417.21,28.96,9918
-407.25,31.02,9930
-408.45,32.01,9942
-408.06,31.07,9954
-407.73,28.54,9965
-413.18,26.20,9977
-412.69,25.32,9989
-406.28,27.03,10001
-419.47,29.45,10012
-406.83,31.12,10024
-408.57,32.14,10036
-411.85,30.44,10048
-414.35,28.00,10059
-414.12,25.69,10072
-408.97,25.23,10083
-416.05,27.11,10094
-409.34,29.93,10106
-408.62,31.60,10118
-411.20,32.35,10130
-404.65,30.49,10141
-411.01,27.88,10153
-413.65,25.28,10165
-411.23,25.17,10177
-416.05,26.94,10188
-410.43,30.13,10201
-403.36,31.86,10212
-413.84,32.50,10224
-406.49,30.64,10235
-408.51,27.26,10248
-414.85,25.45,10259
-409.52,25.29,10270
-415.76,27.30,10283
-415.00,30.12,10294
-401.61,31.33,10306
-413.03,32.13,10317
-407.76,29.76,10330
-410.69,27.20,10341
-411.14,25.54,10353
-407.90,25.73,10364
-417.04,27.98,10377
-415.05,30.09,10388
-404.42,31.84,10400
-412.08,31.67,10412
-404.71,29.97,10423
-412.40,27.08,10435
-408.82,25.14,10446
-413.21,25.97,10459
-416.10,27.87,10470
-406.73,30.44,10482
-410.27,31.87,10493
-405.01,31.63,10506
-408.68,29.57,10517
-414.56,26.87,10529
-410.12,25.44,10541
-409.09,26.55,10553
-417.94,28.78,10564
-403.99,30.87,10576
-414.06,31.97,10588
-408.33,31.19,10599
-405.28,28.89,10611
-415.03,26.31,10622
-412.20,25.43,10635
-409.84,26.73,10646
-415.82,29.13,10658
-405.85,31.19,10670
-409.32,32.39,10682
-411.67,31.34,10693
-406.17,28.50,10705
-410.88,26.12,10717
-412.95,24.83,10729
-411.59,26.87,10740
-419.17,29.21,10753
-404.59,31.21,10764
-409.13,32.34,10775
-409.43,30.77,10787
-408.16,28.36,10799
-410.83,26.08,10811
-410.10,25.47,10822
-418.32,27.20,10834
-410.51,29.64,10846
-405.61,30.93,10858
-411.68,31.87,10869
-406.95,30.39,10882
-411.36,27.87,10893
-413.23,25.91,10905
-406.10,25.69,10916
-415.99,27.68,10929
-412.52,30.10,10940
-407.24,31.45,10951
-409.33,31.73,10963
-408.06,30.29,10975
-410.32,27.25,10987
-411.83,25.62,10998
-411.14,25.65,11011
-414.16,27.64,11022
-412.09,30.52,11034
-407.61,31.67,11045
-411.32,32.15,11058
-405.35,29.91,11069
-411.44,27.33,11081
-413.38,25.40,11092
-410.77,25.89,11105
-414.21,28.01,11116
-410.71,30.31,11127
-407.75,31.92,11140
-412.50,31.44,11151
-404.93,29.29,11163
-411.78,26.74,11174
-411.27,25.35,11187
-411.50,26.63,11198
-416.57,28.62,11210
-403.59,31.02,11222
-413.48,31.89,11234
-405.44,31.73,11245
-409.46,28.98,11257
-415.56,26.44,11269
-406.51,24.85,11280
-415.08,26.30,11292
-419.30,28.72,11303
-400.16,30.97,11316
-413.43,32.52,11327
-407.16,31.39,11339
-407.55,29.47,11351
-413.19,26.23,11363
-410.24,25.22,11374
-412.28,26.31,11386
-417.43,28.61,11398
-406.08,30.70,11410
-409.35,31.89,11421
-410.56,31.03,11433
-405.29,28.45,11445
-411.88,26.80,11456
-411.96,25.65,11468
-408.27,27.49,11480
-420.79,29.66,11492
-404.77,30.94,11503
-409.42,31.92,11515
-410.06,30.19,11527
-407.69,27.66,11539
-413.14,25.62,11550
-411.83,25.29,11563
-409.81,27.47,11574
-416.53,30.12,11586
-409.58,31.77,11597
-410.28,32.12,11610
-405.65,30.51,11621
-411.88,27.43,11632
-415.51,25.74,11644
-409.75,25.21,11656
-417.04,27.06,11668
-408.30,29.81,11679
-407.87,31.39,11692
-411.93,32.04,11703
-404.93,30.40,11715
-411.78,27.75,11726
-411.62,25.78,11739
-409.99,25.86,11750
-416.83,27.75,11762
-408.89,30.32,11773
-407.94,31.84,11786
-411.38,31.64,11797
-405.93,29.68,11808
-411.39,26.53,11821
-413.56,25.28,11832
-408.81,25.94,11844
-416.29,28.57,11855
-412.49,30.91,11868
-402.68,32.10,11879
-414.26,31.73,11891
-404.23,29.28,11902
-408.88,26.77,11915
-415.40,24.75,11926
-408.22,25.91,11938
-415.88,27.92,11950
-413.70,30.54,11962
-404.51,32.20,11973
-412.19,31.78,11984
-409.56,29.76,11997
-412.43,26.78,12008
-410.06,25.38,12020
-411.50,26.34,12032
-418.53,28.53,12044
-403.88,30.59,12055
-409.53,31.80,12067
-409.12,30.82,12079
-408.84,28.54,12091
-413.46,26.20,12102
-411.20,25.31,12114
-412.17,27.03,12126
-414.68,29.50,12138
-406.24,31.28,12149
-409.94,32.18,12161
-407.36,31.10,12173
-410.99,28.14,12184
-412.95,25.88,12196
-411.42,24.90,12208
-411.90,26.61,12220
-416.73,29.37,12231
-405.46,31.10,12243
-410.76,32.47,12255
-407.54,31.10,12267
-405.21,28.40,12278
-413.48,26.11,12291
-411.37,25.34,12302
-409.08,27.12,12314
-416.96,29.54,12325
-407.50,31.13,12337
-410.40,31.65,12349
-408.96,30.31,12360
-407.73,27.53,12372
-412.18,25.78,12384
-410.30,26.17,12396
-417.02,27.80,12407
-406.59,30.51,12420
-407.23,31.48,12431
-412.07,31.82,12443
-405.47,29.74,12454
-410.12,26.99,12467
-414.77,25.50,12478
-408.97,25.76,12490
-416.55,27.93,12502
-408.04,30.56,12513
-407.59,32.03,12525
-410.38,32.12,12536
-407.80,29.75,12549
-409.68,26.84,12560
-413.01,25.26,12572
-410.45,25.92,12583
-416.29,27.88,12596
-412.17,30.27,12607
-404.34,31.62,12619
-410.69,31.44,12631
-409.45,29.50,12643
-408.40,26.87,12654
-413.44,25.54,12665
-411.39,26.51,12678
-412.62,28.43,12689
-413.30,30.74,12701
-405.78,31.96,12712
-408.86,31.27,12725
-409.30,28.93,12736
-409.67,26.43,12748
-411.50,25.19,12760
-413.28,26.63,12772
-412.68,28.82,12783
-408.16,31.01,12795
-409.43,32.37,12807
-405.51,31.13,12819
-412.04,28.78,12830
-410.15,26.12,12841
-412.66,25.30,12854
-414.95,26.44,12865
-412.47,29.23,12877
-408.06,30.98,12889
-412.21,32.21,12901
-405.64,30.97,12912
-409.02,28.02,12924
-413.88,26.35,12936
-408.31,25.19,12948
-415.77,27.22,12959
-413.94,29.68,12972
-402.77,31.33,12983
-414.98,32.03,12995
-403.94,30.20,13006
-410.84,27.42,13018
-412.99,25.34,13030
-408.85,25.42,13041
-412.51,27.55,13053
-417.50,30.00,13065
-405.27,31.96,13077
-412.49,32.12,13088
-407.03,30.33,13101
-407.15,27.21,13112
-414.27,25.48,13124
-413.22,25.36,13135
-409.99,27.51,13148
-403.62,30.28,13159
-411.90,31.92,13171
-409.94,32.38,13182
-404.58,30.22,13194
-413.27,27.20,13206
-412.76,25.26,13217
-410.97,25.49,13230
-417.36,27.53,13241
-406.22,30.41,13253
-409.71,31.97,13264
-409.58,32.22,13277
-407.58,29.87,13288
-410.91,26.83,13300
-414.04,25.11,13312
-409.82,25.61,13324
-418.71,28.09,13335
-407.42,30.69,13347
-407.10,32.33,13359
-413.16,31.83,13370
-404.26,29.13,13382
-412.45,26.65,13393
-412.25,24.83,13406
-407.95,26.23,13417
-419.12,28.38,13429
-408.61,30.92,13441
-405.62,32.24,13453
-412.44,31.40,13464
-404.81,29.18,13476
-409.58,26.32,13488
-414.94,24.99,13500
-410.50,26.38,13511
-413.25,28.61,13523
-413.29,31.06,13535
-411.19,32.31,13546
-406.33,31.48,13558
-409.23,28.63,13570
-413.64,26.24,13582
-411.37,24.99,13593
-413.82,26.55,13605
-411.57,28.88,13617
-406.98,31.08,13629
-413.28,32.15,13640
-404.55,30.87,13652
-410.40,28.33,13664
-412.54,26.08,13676
-411.75,25.25,13687
-415.25,26.92,13699
-413.48,29.37,13711
-403.48,31.11,13722
-415.01,32.17,13734
-407.14,30.42,13746
-406.90,27.97,13758
-413.83,25.92,13769
-411.09,25.53,13782
-412.29,27.45,13793
-415.66,29.78,13805
-405.10,31.37,13816
-410.76,32.07,13829
-406.76,30.22,13840
-409.69,27.70,13852
-411.44,25.72,13863
-411.80,25.64,13875
-411.43,27.46,13887
-415.20,30.19,13898
-406.12,31.56,13911
-412.28,32.13,13922
-407.72,30.21,13934
-414.27,27.39,13945
-410.81,25.73,13958
-410.77,25.64,13969
-417.25,27.35,13981
-407.05,30.03,13992
-411.80,31.52,14005
-408.79,31.90,14016
-406.38,30.12,14028
-411.57,27.20,14040
-412.73,25.91,14051
-410.81,26.17,14063
-415.68,28.04,14074
-407.20,30.26,14087
-411.74,31.71,14098
-410.01,31.46,14110
-405.84,29.24,14121
-410.79,26.87,14134
-412.80,25.14,14145
-412.19,26.48,14157
-417.13,28.39,14169
-406.61,30.80,14181
-409.16,32.29,14192
-411.25,31.43,14204
-406.45,29.21,14216
-411.95,26.43,14227
-409.94,25.24,14239
-412.51,26.40,14251
-419.55,28.32,14263
-408.18,30.97,14274
-406.52,31.85,14286
-411.61,31.60,14298
-406.11,28.66,14310
-412.23,26.76,14321
-408.01,25.51,14333
-416.13,26.87,14345
-412.65,29.18,14357
-406.64,30.65,14368
-410.80,31.73,14381
-405.54,30.29,14392
-412.20,27.96,14403
-414.06,25.93,14415
-408.94,25.39,14427
-415.18,27.54,14439
-411.26,29.91,14450
-404.99,31.72,14462
-415.57,32.40,14474
-401.93,30.35,14486
-408.61,27.61,14497
-416.35,25.25,14510
-408.39,25.03,14521
-415.52,27.06,14533
-413.22,29.76,14544
-404.21,31.37,14557
-413.76,32.29,14568
-407.05,30.56,14579
-406.68,27.92,14592
-413.65,26.07,14603
-411.50,25.82,14615
-412.48,27.24,14626
-415.06,29.70,14639
-403.78,31.09,14650
-415.24,31.65,14662
-407.08,29.85,14673
-405.47,27.36,14686
-413.17,25.74,14697
-412.05,26.37,14709
-417.96,28.11,14721
-402.13,30.74,14732
-411.33,31.82,14744
-411.04,31.79,14755
-406.72,29.36,14768
-411.79,26.33,14779
-412.77,24.84,14791
-410.10,25.74,14802
-417.80,28.37,14815
-406.68,30.75,14826
-405.86,32.25,14838
-410.19,32.02,14850
-408.71,29.79,14862
-409.82,26.83,14873
-413.45,25.18,14885
-409.30,26.00,14897
-415.30,27.94,14908
-411.17,30.24,14920
-409.67,31.37,14931
-408.00,30.99,14944
-408.14,29.20,14955
-409.62,26.76,14967
-412.04,25.84,14979
-411.73,27.06,14991
-414.48,29.20,15002
-405.99,31.24,15014
-409.81,31.70,15026
-411.45,30.56,15038
-404.87,27.78,15049
-413.15,25.47,15062
-411.28,24.90,15073
-411.57,26.75,15084
-406.25,29.69,15096
-405.18,31.46,15108
-411.49,32.79,15120
-406.22,31.28,15131
-410.75,28.33,15143
-411.07,26.05,15155
-408.75,24.77,15167
-418.37,26.56,15178
-412.64,28.93,15191
-406.72,30.98,15202
-412.04,31.97,15214
-403.99,30.90,15225
-411.93,28.40,15238
-412.53,26.69,15249
-408.08,26.28,15260
-414.21,27.65,15272
-414.12,29.88,15284
-406.30,31.03,15296
-414.06,31.48,15307
-405.20,29.61,15320
-409.27,26.99,15331
-415.69,25.54,15343
-409.36,25.97,15354
-413.61,27.97,15367
-412.62,30.64,15378
-404.96,32.20,15390
-412.43,32.08,15401
-407.42,30.27,15414
-409.01,26.77,15425
-411.88,24.96,15436
-414.03,25.35,15449
-412.19,27.28,15460
-416.15,30.29,15472
-410.64,31.78,15483
-407.83,32.18,15496
-407.14,29.92,15507
-413.41,27.26,15519
-410.03,25.67,15531
-411.88,26.49,15543
-418.17,28.18,15554
-405.59,30.36,15566
-411.97,31.25,15578
-407.18,30.80,15590
-408.30,28.65,15601
-412.17,26.35,15612
-413.47,25.27,15625
-409.55,26.69,15636
-415.97,28.95,15648
-404.58,31.17,15660
-407.91,32.58,15672
-411.28,31.41,15683
-405.47,28.83,15695
-410.80,25.68,15707
-412.85,24.38,15719
-412.00,26.05,15730
-417.43,28.46,15742
-406.87,31.04,15754
-407.40,32.39,15766
-410.31,31.69,15777
-407.68,28.90,15789
-408.36,26.37,15801
-412.69,25.52,15812
-409.52,26.64,15824
-417.68,29.10,15836
-411.59,30.27,15848
-405.03,31.75,15859
-408.20,30.18,15872
-412.29,27.99,15883
-411.90,26.36,15895
-407.29,25.62,15906
-415.25,27.72,15919
-409.92,30.17,15930
-409.52,31.40,15941
-408.75,32.13,15953
-406.21,30.16,15965
-411.93,26.90,15977
-414.74,25.23,15988
-409.72,24.87,16001
-414.16,27.26,16012
-412.70,30.37,16024
-405.65,32.07,16035
-412.08,32.53,16048
-403.82,30.65,16059
-407.72,27.43,16071
-415.75,25.57,16082
-412.81,25.30,16095
-412.76,27.21,16106
-411.92,29.91,16117
-406.45,31.44,16130
-413.96,31.94,16141
-407.42,30.05,16153
-405.82,27.12,16164
-411.91,25.85,16177
-413.18,26.42,16188
-413.87,28.11,16200
-413.60,30.61,16211
-404.73,31.68,16224
-411.23,31.57,16235
-408.16,29.19,16247
-409.91,26.40,16259
-410.17,24.93,16271
-413.94,26.12,16282
-417.14,28.42,16294
-404.34,30.96,16306
-410.50,32.50,16317
-406.08,31.89,16329
-410.92,29.44,16340
-413.42,26.45,16353
-411.64,24.75,16364
-410.82,26.19,16376
-415.30,28.20,16388
-408.13,30.81,16400
-411.95,32.10,16411
-405.18,30.92,16423
-407.15,28.98,16435
-412.74,26.35,16447
-414.94,25.41,16458
-410.50,26.54,16471
-412.93,28.80,16482
-405.63,30.87,16494
-414.98,32.11,16505
-407.81,30.72,16517
-406.14,28.24,16529
-412.36,25.94,16540
-412.17,25.02,16552
-415.17,26.95,16564
-414.29,29.54,16576
-403.65,31.12,16587
-413.98,32.73,16600
-407.32,30.60,16611
-408.62,27.77,16623
-410.35,25.75,16634
-411.89,24.66,16647
-419.73,27.10,16658
-404.84,29.17,16670
-406.82,31.71,16681
-413.54,32.05,16694
-404.23,30.87,16705
-412.08,27.78,16716
-411.10,26.00,16729
-408.21,25.61,16740
-418.68,27.20,16752
-410.64,29.71,16763
-405.21,31.21,16776
-413.18,31.71,16787
-405.68,29.93,16799
-411.48,27.17,16811
-415.07,25.93,16823
-407.34,25.82,16834
-416.51,28.50,16846
-411.63,30.30,16858
-405.05,32.27,16870
-413.86,31.71,16881
-403.78,29.24,16892
-408.10,26.35,16905
-416.61,24.66,16916
-410.38,25.63,16928
-413.89,27.66,16940
-413.38,30.82,16952
-402.18,32.29,16963
-413.96,32.40,16975
-408.94,29.69,16987
-403.13,26.94,16999
-414.96,25.36,17010
-411.21,25.74,17022
-416.68,28.02,17034
-403.37,30.11,17046
-411.38,31.59,17057
-410.69,31.55,17070
-407.03,29.02,17081
-411.57,26.91,17092
-411.47,25.71,17104
-410.81,27.12,17116
-417.86,29.00,17128
-404.38,31.07,17139
-410.17,31.98,17152
-408.92,30.70,17163
-408.23,28.46,17175
-413.17,25.93,17186
-412.52,25.11,17199
-409.33,26.79,17210
-417.75,29.37,17222
-407.12,31.65,17233
-409.37,32.29,17246
-407.77,31.24,17257
-407.23,28.05,17269
-411.43,25.74,17281
-414.84,24.93,17292
-410.40,26.46,17304
-414.50,29.40,17315
-407.46,30.98,17328
-411.53,32.37,17339
-407.33,30.50,17351
-405.57,28.04,17362
-411.88,26.22,17375
-412.78,25.59,17386
-410.95,27.54,17398
-405.45,29.72,17410
-411.39,31.53,17422
-410.61,31.90,17433
-406.13,30.33,17445
-409.98,26.89,17457
-414.28,25.53,17469
-410.57,25.56,17480
-416.95,27.63,17491
-406.64,30.29,17504
-406.46,31.92,17515
-412.72,32.30,17527
-405.08,30.02,17539
-409.60,27.05,17551
-412.82,24.97,17562
-409.96,25.76,17574
-418.59,27.66,17586
-410.14,30.46,17598
-406.85,31.78,17609
-411.52,31.88,17622
-406.46,29.88,17633
-408.52,27.08,17645
-414.89,25.66,17656
-409.27,26.28,17668
-414.81,28.10,17680
-412.02,30.70,17691
-406.48,31.61,17703
-412.43,31.60,17715
-404.72,29.09,17727
-409.18,26.38,17738
-414.43,25.21,17751
-409.23,26.34,17762
-414.43,28.87,17774
-412.72,31.01,17785
-414.08,32.28,17798
-407.03,31.17,17809
-406.06,28.45,17821
-414.58,26.13,17832
-412.79,24.85,17845
-410.50,26.64,17856
-415.15,28.78,17867
-404.22,31.14,17880
-409.39,32.45,17891
-408.71,31.15,17903
-408.74,28.64,17914
-410.15,26.13,17927
-412.09,25.14,17938
-412.59,26.70,17950
-416.39,29.22,17961
-405.35,31.23,17974
-412.34,32.39,17985
-406.46,30.97,17997
-407.09,27.98,18009
-414.78,25.88,18021
-411.02,25.15,18032
-411.08,27.03,18044
-415.69,29.72,18056
-405.68,31.32,18067
-412.72,32.36,18079
-406.72,30.35,18091
-406.88,27.60,18103
-412.70,25.65,18114
-414.97,25.52,18126
-410.81,27.13,18138
-413.77,30.03,18150
-406.81,31.54,18161
-410.25,32.32,18173
-405.45,30.13,18185
-410.06,27.37,18197
-415.41,25.65,18208
-410.95,25.74,18221
-415.01,27.59,18232
-406.69,30.15,18244
-409.82,31.76,18255
-409.89,31.84,18267
-407.81,30.04,18279
-409.53,26.90,18290
-412.47,25.35,18302
-413.53,26.00,18314
-414.91,27.83,18326
-406.40,30.74,18337
-408.59,32.09,18350
-410.74,31.91,18361
-405.70,29.43,18373
-412.76,26.31,18384
-412.25,25.27,18397
-408.61,25.94,18408
-418.43,28.24,18420
-409.91,30.77,18432
-405.88,32.08,18443
-411.98,31.56,18455
-407.35,29.29,18466
-409.76,26.53,18479
-414.22,25.13,18490
-409.39,26.50,18502
-413.86,28.45,18513
-411.94,30.79,18526
-408.81,32.25,18537
-410.45,31.15,18549
-409.43,28.73,18561
-414.85,26.34,18573
-411.17,25.04,18584
-413.90,26.64,18596
-411.56,29.03,18608
-405.52,31.17,18620
-414.07,32.59,18631
-404.98,30.93,18642
-406.86,28.12,18655
-413.73,26.01,18666
-412.60,24.81,18678
-413.11,26.71,18690
-412.23,28.86,18702
-404.99,31.15,18713
-412.69,32.27,18725
-405.83,30.74,18737
-409.00,27.89,18749
-411.36,26.21,18760
-411.99,25.50,18772
-412.92,26.74,18784
-415.12,29.85,18796
-403.21,31.01,18807
-413.19,32.38,18820
-407.12,30.17,18831
-407.28,27.31,18842
-413.29,26.12,18854
-414.18,25.06,18866
-410.98,28.02,18878
-416.10,30.00,18889
-406.84,31.90,18902
-410.93,32.14,18913
-406.72,29.98,18925
-411.67,27.23,18936
-413.45,25.73,18949
-410.45,25.70,18960
-414.47,27.37,18972
-407.31,30.26,18983
-411.45,31.37,18996
-409.46,32.17,19007
-404.75,29.50,19018
-411.78,26.85,19031
-415.24,25.66,19042
-408.99,25.83,19054
-416.30,28.14,19065
-406.61,30.55,19078
-410.38,31.94,19089
-410.78,31.59,19101
-405.77,29.13,19112
-408.60,26.21,19125
-415.40,25.13,19136
-413.38,26.21,19148
-412.85,28.32,19160
-409.20,31.34,19172
-407.99,32.46,19183
-409.60,31.92,19195
-408.39,29.06,19207
-407.47,26.48,19218
-414.57,24.89,19230
-412.34,25.97,19241
-414.10,28.06,19254
-410.73,30.80,19265
-408.64,32.07,19277
-408.66,31.44,19289
-408.19,28.95,19301
-409.75,26.54,19312
-413.09,25.41,19324
-413.70,26.74,19336
-410.65,28.70,19348
-408.64,30.65,19359
-410.23,31.98,19372
-404.46,30.53,19383
-410.92,28.14,19395
-413.42,25.95,19406
-411.59,25.35,19418
-414.86,27.13,19430
-408.23,29.60,19441
-407.72,31.80,19453
-413.52,32.30,19465
-403.77,30.43,19477
-409.87,27.78,19488
-411.87,25.19,19501
-413.32,25.33,19512
-413.46,26.72,19524
-410.90,30.00,19535
-405.94,31.78,19548
-412.82,32.66,19559
-405.90,30.53,19571
-407.37,27.52,19582
-413.48,25.78,19595
-411.53,25.22,19606
-413.69,27.32,19617
-414.94,29.96,19630
-403.15,31.73,19641
-414.92,32.48,19653
-404.40,29.86,19664
-407.40,27.34,19677
-413.82,25.35,19688
-410.86,25.58,19700
-415.02,27.62,19712
-404.77,30.37,19724
-412.54,32.18,19735
-406.58,31.98,19747
-405.65,29.76,19759
-413.13,26.74,19771
-415.01,25.09,19782
-409.22,25.70,19793
-416.11,27.66,19806
-405.29,30.70,19817
-411.36,32.21,19829
-409.48,31.80,19841
-403.68,29.40,19853
-411.14,26.66,19864
-414.20,25.43,19876
-408.40,26.35,19888
-416.26,28.46,19900
-407.22,30.81,19911
-409.68,31.92,19923
-411.23,31.25,19935
-405.72,28.61,19947
-409.91,26.47,19958
-415.77,25.47,19971
-410.86,26.77,19982
-414.75,29.15,19993
-407.73,31.00,20005
-409.09,32.54,20017
-410.63,31.11,20029
-407.46,27.82,20040
-409.23,26.29,20052
-414.11,24.45,20064
-412.54,26.90,20076
-408.01,28.84,20087
-408.33,31.23,20100
-410.88,32.84,20111
-403.40,30.67,20123
-412.25,28.56,20134
-412.60,25.85,20147
-410.10,25.25,20158
-416.20,26.65,20170
-410.05,29.24,20182
-408.91,31.21,20193
-410.75,32.13,20205
-404.12,30.81,20216
-408.32,27.57,20229
-416.23,26.24,20240
-410.59,25.49,20252
-412.31,27.07,20263
-412.87,29.96,20276
-406.90,31.28,20287
-414.07,32.29,20299
-403.44,29.88,20311
-406.28,27.14,20323
-415.65,25.82,20334
-412.82,25.38,20346
-413.09,27.41,20358
-410.29,30.10,20369
-404.96,32.20,20381
-416.72,32.43,20392
-405.03,30.06,20405
-404.55,27.15,20416
-414.62,25.20,20428
-413.37,26.01,20440
-412.55,27.25,20452
-414.59,30.50,20463
-412.51,32.08,20475
-411.05,31.91,20487
-404.84,29.64,20499
-411.61,26.69,20510
-415.01,25.26,20523
-409.79,26.31,20534
-417.40,27.82,20546
-404.85,30.92,20557
-412.14,32.26,20569
-407.27,31.50,20581
-406.78,29.44,20592
-412.68,26.19,20604
-413.98,25.11,20616
-410.07,25.96,20628
-415.39,28.29,20639
-408.04,30.89,20652
-410.10,32.76,20663
-409.49,31.43,20675
-404.33,29.33,20686
-410.55,26.01,20699
-416.83,25.31,20710
-411.57,26.25,20722
-413.65,28.16,20733
-405.88,30.89,20746
-413.62,32.19,20757
-405.80,31.32,20768
-407.53,28.49,20781
-410.27,26.55,20792
-412.83,25.10,20804
-411.84,27.11,20815
-415.07,29.27,20828
-406.95,31.49,20839
-410.81,32.29,20851
-403.96,30.58,20862
-411.90,27.62,20875
-414.73,25.76,20886
-411.90,24.68,20898
-414.52,27.20,20910
-407.81,29.24,20922
-411.54,32.30,20933
-409.09,32.67,20944
-404.57,31.19,20957
-411.51,27.61,20968
-411.20,25.81,20980
-415.18,24.78,20992
-415.30,26.57,21004
-405.04,29.52,21015
-411.34,31.52,21027
-414.04,32.44,21039
-401.51,30.46,21051
-410.78,27.43,21062
-412.64,26.15,21074
-410.75,25.68,21086
-417.60,27.60,21098
-407.79,29.90,21109
-406.47,31.32,21122
-416.45,32.02,21133
-403.69,29.37,21144
-408.88,27.09,21156
-415.02,25.39,21168
-409.90,26.11,21180
-418.02,27.88,21191
-410.52,30.53,21203
-403.71,32.12,21215
-416.41,31.88,21227
-408.37,29.54,21238
-415.07,26.96,21251
-410.22,24.90,21262
-413.26,25.99,21274
-415.20,27.52,21285
-404.70,30.61,21298
-412.08,31.91,21309
-407.42,31.61,21321
-405.73,29.25,21332
-413.07,26.66,21344
-414.84,25.53,21356
-409.50,26.33,21367
-414.65,28.30,21380
-406.59,30.79,21391
-412.88,32.05,21403
-407.40,31.03,21414
-406.95,28.52,21427
-412.15,26.12,21438
-414.23,25.34,21450
-411.28,26.59,21462
-414.41,29.34,21474
-404.66,31.40,21485
-412.47,32.63,21497
-407.86,30.81,21509
-405.17,28.07,21520
-412.87,25.64,21532
-414.48,24.82,21543
-410.88,26.74,21556
-415.42,29.27,21567
-406.42,31.35,21579
-411.73,32.75,21591
-408.15,30.72,21603
-405.13,28.22,21614
-412.26,25.96,21626
-411.15,25.12,21638
-416.82,26.95,21650
-405.00,29.19,21661
-412.96,31.26,21673
-412.90,32.24,21685
-400.18,30.03,21697
-411.65,27.76,21708
-416.85,25.69,21720
-408.41,25.62,21732
-416.31,27.33,21743
-406.56,30.19,21755
-407.86,31.60,21767
-414.14,32.68,21779
-403.86,30.12,21790
-407.69,26.95,21803
-414.06,25.31,21814
-412.81,24.97,21826
-416.05,27.28,21837
-407.03,30.17,21850
-407.16,32.28,21861
-414.53,32.48,21873
-402.92,29.96,21884
-411.34,27.08,21897
-413.79,25.59,21908
-411.02,25.67,21919
-414.44,27.84,21932
-413.49,30.27,21943
-404.27,31.91,21955
-415.54,31.59,21966
-405.22,29.13,21979
-406.15,26.69,21990
-416.66,25.38,22002
-410.12,26.31,22013
-414.22,28.05,22026
-406.34,31.02,22037
-413.99,32.17,22049
-405.13,31.38,22061
-406.28,28.90,22073
-411.57,25.85,22084
-415.35,25.06,22096
-412.13,25.96,22108
-414.01,28.49,22119
-405.20,31.47,22131
-415.74,32.56,22142
-402.35,31.78,22155
-405.95,28.49,22166
-415.11,26.15,22178
-411.59,24.70,22190
-411.61,26.15,22202
-416.21,28.55,22213
-404.36,30.80,22225
-413.08,32.45,22237
-408.15,30.71,22249
-404.89,28.49,22260
-411.51,26.09,22273
-416.82,25.41,22284
-407.59,26.94,22295
-414.46,29.04,22307
-408.51,31.17,22319
-412.04,32.14,22331
-409.57,30.00,22342
-404.95,27.64,22354
-412.57,25.55,22366
-416.49,25.11,22378
-415.52,27.13,22389
-406.89,29.96,22402
-411.42,31.82,22413
-409.00,33.01,22425
-403.82,30.53,22436
-409.23,27.47,22449
-418.32,25.39,22460
-412.12,24.79,22472
-413.46,26.70,22483
-408.97,29.72,22495
-408.74,31.83,22507
-411.55,32.74,22518
-406.46,30.50,22531
-407.19,27.52,22542
-414.86,25.92,22554
-411.40,25.60,22565
-414.28,27.31,22578
-409.01,29.75,22589
-410.18,31.19,22601
-411.93,31.85,22612
-404.50,29.40,22625
-410.79,27.04,22636
-412.77,25.67,22648
-410.60,26.20,22660
-415.18,28.22,22672
-409.42,30.96,22683
-407.90,32.23,22694
-412.62,31.50,22707
-404.00,28.77,22718
-408.27,25.85,22730
-416.53,24.66,22742
-412.10,25.90,22754
-411.74,28.38,22765
-405.01,31.49,22777
-414.50,32.70,22789
-404.91,31.81,22801
-405.27,29.22,22812
-414.36,26.40,22824
-415.03,25.04,22836
-411.20,26.14,22848
-412.29,27.88,22859
-407.65,30.92,22871
-414.22,32.15,22883
-405.70,31.56,22894
-406.11,28.95,22906
-411.08,26.38,22918
-416.75,25.41,22930
-410.82,26.50,22941
-412.75,28.82,22953
-405.53,30.93,22965
-411.73,32.47,22977
-408.65,30.72,22988
-405.36,27.93,23001
-411.86,25.70,23012
-414.04,24.68,23024
-412.19,27.00,23035
-413.64,29.23,23048
-404.01,31.74,23059
-413.69,32.77,23070
-406.45,30.82,23083
-406.44,27.94,23094
-412.44,25.74,23106
-413.93,24.80,23117
-410.55,26.59,23130
-415.76,29.15,23141
-407.33,31.62,23153
-408.74,32.60,23164
-402.87,30.89,23177
-411.49,27.79,23188
-417.17,25.94,23200
-409.51,25.27,23212
-414.76,26.75,23224
-407.78,29.95,23235
-411.98,31.70,23247
-410.71,32.37,23259
-403.35,29.77,23270
-410.45,27.13,23282
-416.42,25.66,23293
-411.57,25.43,23306
-416.30,27.58,23317
-404.35,30.29,23329
-411.90,32.02,23341
-413.31,32.13,23353
-403.04,29.59,23364
-408.62,26.72,23376
-412.79,25.32,23388
-411.45,25.61,23400
-415.32,27.41,23411
-408.63,30.33,23424
-407.11,32.23,23435
-414.24,32.18,23446
-404.34,29.71,23458
-407.35,26.57,23470
-417.61,24.98,23482
-409.26,25.84,23493
-413.50,27.95,23505
-413.39,31.08,23517
-406.05,32.49,23529
-405.04,31.42,23540
-405.97,28.94,23553
-415.92,26.04,23564
-413.04,24.98,23576
-410.79,26.33,23587
-412.23,28.43,23600
-405.68,31.38,23611
-416.66,32.61,23623
-403.03,31.25,23634
-404.31,28.48,23646
-416.38,26.10,23658
-413.34,24.79,23669
-410.33,26.16,23682
-414.70,28.57,23693
-403.57,31.41,23705
-414.53,32.98,23716
-407.07,31.63,23729
-401.98,28.53,23740
-413.02,26.45,23752
-416.68,24.89,23763
-408.56,26.49,23776
-416.03,28.76,23787
-406.03,30.87,23799
-413.13,32.51,23811
-406.66,30.32,23822
-404.14,28.33,23834
-411.01,26.07,23845
-416.46,25.65,23858
-408.47,27.04,23869
-413.73,29.64,23881
-406.96,31.40,23892
-411.51,32.16,23905
-409.10,29.86,23916
-410.74,27.18,23928
-419.63,25.56,23940
-408.61,25.18,23952
-413.38,27.01,23963
-407.52,30.43,23975
-411.63,32.02,23987
-408.45,33.22,23998
-404.48,30.32,24010
-409.06,27.21,24022
-414.42,25.22,24034
-412.91,24.93,24045
-414.14,26.81,24057
-408.10,30.02,24069
-411.42,31.85,24081
-409.79,32.58,24092
-404.03,30.01,24104
-408.33,27.42,24116
-417.77,25.79,24128
-410.41,25.78,24139
-413.72,27.44,24152
-409.57,30.32,24163
-410.69,31.84,24174
-413.45,31.39,24186
-402.90,29.28,24198
-411.18,26.38,24210
-414.63,25.29,24221
-410.26,26.30,24233
-415.56,28.36,24245
-408.39,31.29,24257
-408.39,32.64,24268
-414.60,31.59,24281
-401.96,28.92,24292
-407.47,25.69,24304
-411.09,24.60,24315
-414.57,25.64,24327
-412.18,28.04,24339
-406.49,31.10,24350
-414.04,32.81,24363
-403.73,31.76,24374
-405.16,29.12,24386
-415.70,26.55,24397
-411.84,24.99,24410
-410.98,26.18,24421
-413.95,28.32,24433
-405.92,30.81,24444
-413.61,32.38,24457
-406.36,30.87,24468
-404.56,28.23,24480
-415.66,26.34,24492
-412.44,25.16,24503
-410.43,26.89,24515
-415.39,29.16,24526
-404.82,31.70,24539
-413.77,32.59,24550
-407.45,30.56,24562
-403.25,27.77,24573
-413.77,26.00,24586
-416.94,25.06,24597
-409.08,26.86,24609
-412.80,29.58,24621
-406.89,31.69,24633
-412.62,32.69,24644
-407.88,30.54,24656
-403.73,27.66,24668
-411.78,25.91,24679
-416.67,25.15,24691
-415.08,26.84,24702
-404.25,29.57,24715
-413.30,31.31,24726
-411.63,32.20,24738
-401.56,29.92,24750
-410.12,27.41,24762
-417.32,26.29,24773
-409.07,25.48,24785
-415.93,27.43,24797
-406.20,30.16,24809
-408.82,31.56,24820
-413.32,32.13,24833
-405.62,29.26,24844
-408.29,27.10,24855
-416.44,25.29,24867
-410.35,25.85,24879
-414.48,27.64,24891
-408.48,30.71,24902
-409.48,32.32,24914
-408.83,31.94,24926
-406.10,29.57,24938
-408.95,26.64,24949
-417.75,25.02,24962
-409.31,25.66,24973
-412.99,27.35,24985
-412.77,30.74,24996
-407.84,31.95,25008
-412.89,31.49,25020
-402.14,29.18,25031
-407.16,26.68,25043
-417.85,25.81,25055
-412.36,26.37,25067
-410.49,28.50,25078
-410.34,31.02,25091
-414.83,32.17,25102
-402.05,31.14,25114
-406.71,28.20,25125
-416.11,25.94,25138
-413.88,24.88,25149
-413.17,26.31,25161
-409.32,28.78,25172
-405.60,31.55,25184
-415.18,33.38,25196
-405.45,31.22,25207
-404.21,28.45,25220
-414.82,26.02,25231
-412.39,24.54,25243
-413.79,26.61,25254
-414.21,28.67,25267
-403.73,31.35,25278
-413.28,32.62,25290
-405.39,30.98,25302
-405.45,28.25,25314
-414.87,26.16,25325
-411.75,25.13,25337
-408.78,26.88,25349
-415.55,29.38,25360
-407.05,31.17,25372
-411.71,32.42,25383
-405.69,30.03,25396
-404.90,27.71,25407
-415.10,25.99,25419
-415.32,25.28,25431
-409.87,27.25,25443
-411.88,30.08,25454
-407.65,32.05,25466
-405.68,32.59,25478
-404.34,30.37,25490
-410.47,26.89,25501
-417.34,25.73,25513
-411.12,25.00,25525
-411.86,27.04,25536
-404.83,30.25,25548
-413.38,31.75,25560
-409.90,32.51,25572
-401.40,29.52,25583
-410.60,27.51,25595
-414.79,25.53,25607
-410.27,25.89,25619
-416.52,27.49,25630
-402.95,30.43,25643
-413.95,31.98,25654
-411.24,31.63,25666
-404.41,29.48,25677
-410.65,26.53,25690
-415.50,25.27,25701
-408.59,26.06,25712
-414.56,28.09,25724
-410.24,31.30,25736
-407.10,32.65,25748
-411.90,31.84,25759
-402.22,29.00,25772
-408.72,26.01,25783
-419.28,24.57,25795
-408.90,25.44,25806
-414.09,27.71,25819
-408.87,31.12,25830
-409.79,32.96,25842
-413.25,31.87,25853
-406.07,29.31,25865
-418.94,26.50,25877
-411.25,25.01,25888
-410.93,26.02,25901
-412.40,28.17,25912
-407.08,30.89,25924
-413.41,32.49,25935
-405.60,30.77,25948
-403.05,28.46,25959
-416.33,26.32,25971
-415.19,25.25,25982
-407.02,26.92,25995
-411.35,29.13,26006
-407.62,31.72,26018
-415.27,33.00,26030
-405.77,30.51,26041
-403.24,27.87,26053
-415.59,25.40,26064
-414.64,24.62,26077
-411.14,26.46,26088
-414.68,29.37,26100
-404.93,31.98,26112
-413.33,32.88,26124
-406.90,31.07,26135
-403.48,27.56,26147
-413.22,26.18,26159
-417.88,24.92,26171
-406.14,26.65,26182
-416.17,29.78,26194
-408.28,31.35,26206
-411.16,32.51,26217
-407.54,29.74,26229
-404.56,27.12,26241
-417.37,25.64,26253
-409.98,25.22,26264
-412.12,27.19,26276
-407.99,30.05,26288
-415.00,32.20,26300
-405.92,32.52,26311
-404.44,29.78,26323
-410.26,26.96,26335
-418.73,24.03,26347
-409.37,26.32,26358
-413.32,25.31,26371
-406.68,31.91,26382
-414.66,31.85,26393
-405.12,32.58,26405
-404.90,30.81,26417
-410.86,26.19,26429
-413.93,26.06,26440
-416.84,25.08,26452
-410.14,27.11,26464
-406.38,30.41,26476
-416.73,31.83,26487
-408.62,31.50,26500
-401.26,29.41,26511
-413.65,26.78,26523
-410.97,25.45,26534
-415.15,26.76,26547
-413.32,27.96,26558
-403.44,30.99,26569
-415.67,33.04,26582
-409.21,29.67,26593
-405.58,29.35,26605
-409.75,25.45,26616
-412.68,24.81,26629
-415.96,26.60,26640
-403.42,28.51,26652
-410.46,31.52,26663
-412.95,33.43,26676
-400.27,31.30,26687
-414.32,28.51,26699
-412.51,26.41,26711
-409.53,24.15,26722
-419.00,26.07,26734
-407.86,28.65,26745
-410.37,30.46,26758
-413.78,33.45,26769
-398.80,30.60,26781
-408.89,28.77,26792
-416.27,26.64,26805
-410.70,24.66,26816
-411.55,27.10,26828
-410.31,29.03,26840
-409.62,31.26,26852
-416.65,32.38,26863
-401.24,29.88,26875
-405.02,27.51,26887
-418.65,26.10,26898
-412.73,25.29,26910
-410.99,26.82,26921
-410.30,30.12,26934
-405.67,31.45,26945
-421.07,32.71,26957
-402.47,30.32,26969
-402.84,27.10,26981
-414.87,26.15,26992
-415.17,25.01,27004
-411.66,26.93,27016
-402.92,29.96,27028
-416.12,31.62,27039
-408.92,32.75,27052
-399.88,29.82,27063
-415.49,27.32,27074
-415.17,25.35,27086
-406.92,25.73,27098
-418.97,27.27,27110
-403.11,30.53,27121
-413.32,32.08,27133
-409.13,31.51,27145
-403.21,29.76,27157
-413.41,26.36,27168
-415.70,25.38,27181
-408.22,26.03,27192
-413.85,27.43,27204
-410.02,31.19,27215
-411.51,31.91,27228
-409.03,31.64,27239
-403.21,29.16,27250
-410.82,26.35,27262
-419.82,24.86,27274
-408.60,25.75,27286
-413.01,27.80,27297
-409.25,31.09,27310
-412.36,32.72,27321
-412.18,31.39,27333
-400.69,29.02,27344
-407.27,26.51,27357
-419.49,24.63,27368
-412.30,26.30,27380
-412.46,28.14,27392
-406.02,31.01,27404
-414.38,32.58,27415
-402.39,30.83,27426
-406.65,28.66,27439
-415.95,26.29,27450
-412.93,24.97,27462
-413.84,26.59,27473
-409.95,28.86,27486
-408.13,31.15,27497
-412.86,32.85,27509
-406.58,30.58,27521
-406.68,28.05,27533
-414.82,25.74,27544
-412.11,24.53,27556
-414.75,26.52,27568
-411.84,29.16,27580
-408.34,31.49,27591
-411.09,32.97,27602
-402.69,30.68,27615
-409.03,27.94,27626
-415.91,25.96,27638
-411.26,24.84,27650
-410.43,26.52,27662
-412.68,29.41,27673
-410.06,31.03,27685
-414.08,32.33,27697
-400.85,29.92,27709
-405.87,27.47,27720
-418.05,26.19,27732
-413.75,25.44,27744
-410.29,27.19,27755
-409.09,30.39,27767
-408.09,31.89,27779
-418.09,32.29,27791
-404.34,29.54,27802
-414.61,26.70,27814
-415.97,25.29,27826
-411.68,25.34,27838
-412.63,27.17,27849
-403.06,30.73,27862
-416.95,32.56,27873
-407.56,32.40,27885
-399.70,30.01,27896
-414.54,26.74,27909
-415.95,25.20,27920
-407.55,25.41,27931
-417.81,26.82,27943
-405.87,30.36,27955
-413.55,31.98,27967
-409.38,31.60,27978
-402.19,29.70,27991
-411.34,26.88,28002
-417.10,25.93,28014
-408.68,26.09,28025
-412.96,28.20,28038
-407.62,30.76,28049
-412.31,32.37,28061
-410.93,30.85,28072
-400.50,28.64,28085
-411.28,26.29,28096
-420.17,24.72,28107
-407.92,26.53,28120
-413.02,28.69,28131
-406.78,31.33,28143
-411.70,32.98,28154
-412.29,30.93,28167
-402.31,28.51,28178
-406.69,26.01,28190
-413.62,24.78,28201
-412.23,26.04,28214
-409.47,28.59,28225
-410.34,31.16,28237
-412.48,32.86,28249
-402.65,30.83,28261
-406.49,28.57,28272
-417.26,26.50,28283
-409.71,25.28,28296
-414.57,26.65,28307
-411.06,29.03,28319
-407.86,31.10,28331
-413.08,32.46,28343
-406.32,30.19,28354
-406.01,27.31,28366
-416.72,25.68,28378
-412.50,25.08,28390
-410.93,27.29,28401
-411.98,30.57,28413
-409.25,32.02,28425
-410.29,32.78,28436
-404.51,29.74,28448
-406.97,26.64,28460
-417.00,25.36,28472
-411.34,24.78,28483
-411.66,27.16,28495
-411.39,30.17,28507
-409.64,32.11,28519
-414.93,32.45,28530
-400.21,30.23,28542
-406.17,27.35,28554
-414.37,25.64,28566
-414.13,25.42,28577
-410.87,26.93,28590
-408.38,30.38,28601
-416.92,31.90,28612
-404.54,31.55,28624
-401.90,29.36,28636
-414.77,26.64,28648
-416.92,25.58,28659
-410.18,26.28,28672
-411.82,27.90,28683
-404.59,31.51,28695
-417.30,32.78,28706
-406.02,31.66,28719
-403.66,28.86,28730
-413.24,26.00,28742
-415.63,24.71,28753
-411.90,25.59,28766
-414.77,27.93,28777
-404.24,31.28,28788
-414.28,33.09,28801
-408.81,31.07,28812
-400.81,30.03,28824
-412.43,25.33,28835
-415.77,26.10,28848
-409.20,25.69,28859
-419.25,28.10,28871
-403.01,31.34,28882
-414.88,31.89,28895
-408.67,31.17,28906
-401.66,28.09,28918
-413.22,26.25,28930
-414.73,25.25,28942
-407.26,26.76,28953
-417.11,28.87,28964
-412.69,32.33,28977
-409.52,32.11,28988
-399.36,30.53,29000
-413.27,28.02,29011
-416.14,25.37,29024
-410.88,25.41,29035
-412.16,26.51,29047
-408.88,29.49,29059
-414.69,31.75,29071
-409.16,32.32,29082
-400.69,30.50,29094
-409.11,27.91,29106
-418.05,26.13,29117
-408.05,25.16,29129
-415.61,27.01,29140
-405.85,29.46,29153
-412.80,31.74,29164
-416.02,32.05,29176
-396.51,29.84,29188
-410.28,27.32,29200
-415.64,25.75,29211
-411.70,25.65,29223
-413.78,27.66,29235
-409.53,30.43,29247
-408.31,32.07,29258
-414.59,32.22,29271
-403.21,28.92,29282
-406.84,26.74,29293
-417.58,24.84,29305
-411.30,25.38,29317
-415.02,27.78,29329
-408.45,30.51,29340
-408.21,32.94,29352
-398.33,31.69,29364
-409.45,29.63,29376
-415.76,26.80,29387
-412.26,24.87,29400
-412.42,25.50,29411
-412.55,27.37,29423
-408.16,31.01,29434
-414.71,32.41,29447
-403.33,31.92,29458
-403.16,28.91,29469
-416.61,26.65,29481
-414.37,25.34,29493
-409.64,25.94,29505
-414.92,28.38,29516
-404.51,30.87,29529
-418.32,32.43,29540
-404.76,30.60,29552
-402.21,28.47,29563
-416.15,26.19,29576
-414.75,25.25,29587
-410.57,26.79,29599
-414.03,28.87,29611
-404.33,31.67,29623
-417.03,32.62,29634
-406.83,30.74,29645
-401.39,28.22,29658
-412.19,26.10,29669
-418.22,24.96,29681
-407.43,26.48,29692
-416.73,29.15,29705
-405.26,31.63,29716
-412.20,33.18,29728
-410.75,30.50,29740
-412.69,28.02,29752
-416.67,25.86,29763
-409.95,25.04,29775
-414.57,26.58,29787
-406.99,29.54,29798
-413.26,31.62,29810
-408.79,32.38,29821
-401.81,30.16,29834
-410.67,27.56,29845
-418.81,26.05,29857
-407.59,25.35,29869
-412.53,27.14,29881
-408.76,30.14,29892
-411.15,31.65,29904
-414.09,32.18,29916
-398.65,29.59,29928
-408.87,27.15,29939
-420.74,25.60,29952
-410.53,25.34,29963
-410.38,27.16,29974
-408.93,30.53,29986
-410.88,32.40,29998
-412.42,32.22,30010
-402.29,29.42,30021
-406.61,26.91,30033
-416.65,25.26,30045
-412.22,25.79,30057
-414.31,27.90,30068
-408.97,30.52,30081
-407.41,32.41,30092
-414.29,31.31,30104
-401.97,29.22,30115
-406.58,26.52,30128
-410.69,25.25,30139
-412.30,26.17,30150
-414.12,28.02,30162
-406.16,31.21,30174
-413.00,32.33,30186
-403.40,31.37,30197
-405.32,28.50,30210
-417.94,26.13,30221
-411.90,24.72,30233
-410.40,25.88,30244
-413.28,28.44,30257
-407.24,31.49,30268
-416.34,32.86,30280
-401.99,31.18,30291
-402.44,28.48,30304
-418.17,26.27,30315
-416.82,24.89,30326
-407.98,26.49,30339
-413.72,28.68,30350
-408.61,31.03,30362
-413.52,32.63,30373
-406.92,30.58,30386
-402.17,28.14,30397
-412.93,26.21,30409
-417.88,25.02,30420
-407.93,26.60,30433
-413.25,29.35,30444
-407.66,31.81,30456
-414.16,32.74,30468
-407.70,30.39,30480
-402.31,27.65,30491
-412.33,25.60,30502
-416.68,25.15,30515
-413.14,26.76,30526
-406.08,29.90,30538
-414.75,31.74,30550
-407.03,32.72,30562
-402.96,30.16,30573
-412.10,27.23,30585
-416.09,25.42,30597
-409.61,25.24,30609
-413.75,27.03,30620
-406.75,30.38,30632
-414.10,31.99,30644
-408.09,32.30,30655
-401.40,29.80,30667
-411.18,27.20,30679
-418.99,25.55,30691
-407.76,25.43,30702
-413.30,27.21,30714
-408.47,30.54,30726
-412.64,32.09,30738
-410.94,32.09,30749
-399.74,29.43,30761
-407.65,26.80,30773
-420.66,25.37,30785
-409.74,25.59,30796
-411.98,27.61,30809
-407.18,30.91,30820
-410.45,32.75,30831
-414.36,31.68,30843
-399.99,29.18,30855
-406.89,26.30,30867
-419.11,25.00,30878
-411.78,26.01,30891
-412.09,27.96,30902
-408.29,31.39,30914
-414.75,32.63,30925
-402.84,31.18,30938
-402.82,28.94,30949
-416.78,26.42,30961
-410.74,25.09,30972
-411.38,26.01,30985
-412.61,28.36,30996
-407.03,30.89,31007
-414.32,32.80,31020
-402.86,30.95,31031
-403.66,28.55,31043
-416.32,26.52,31054
-412.92,24.86,31067
-409.42,26.40,31078
-414.10,28.81,31090
-408.38,31.20,31101
-411.58,32.88,31114
-404.48,30.25,31125
-404.63,28.06,31137
-415.82,26.12,31149
-414.28,24.93,31161
-407.95,26.81,31172
-412.11,29.70,31183
-408.32,31.50,31196
-414.46,32.42,31207
-404.91,29.90,31219
-402.92,27.39,31230
-415.60,25.72,31243
-417.13,25.12,31254
-405.87,26.85,31266
-413.24,30.17,31278
-408.91,32.09,31290
-406.57,32.71,31301
-402.30,30.22,31313
-411.77,27.13,31325
-419.66,25.44,31336
-410.25,24.91,31348
-411.40,26.61,31360
-405.94,30.31,31372
-413.96,32.21,31383
-408.12,32.85,31395
-400.34,29.99,31407
-411.07,26.98,31419
-417.83,25.45,31430
-409.27,25.31,31442
-415.16,27.12,31454
-406.92,30.36,31466
-412.07,32.13,31477
-410.23,31.84,31490
-401.80,29.53,31501
-409.07,27.00,31512
-415.98,25.48,31524
-408.90,26.14,31536
-413.72,27.45,31548
-410.24,30.64,31559
-412.19,32.06,31571
-408.44,31.35,31583
-402.20,29.24,31595
-409.51,26.57,31606
-419.21,25.21,31619
-408.30,26.26,31630
-411.81,27.97,31642
-410.41,31.43,31653
-410.94,32.77,31666
-412.36,31.18,31677
-406.96,28.67,31688
-419.22,26.08,31700
-412.56,24.89,31712
-408.85,26.13,31724
-410.11,28.65,31735
-411.59,31.46,31748
-412.48,32.87,31759
-401.47,31.02,31771
-404.77,28.19,31782
-418.24,26.57,31795
-411.96,24.88,31806
-411.46,26.70,31818
-409.73,28.99,31830
-407.56,31.40,31842
-416.62,32.67,31853
-403.43,30.53,31864
-404.11,28.03,31877
-416.74,26.03,31888
-413.90,24.95,31900
-410.62,26.63,31911
-413.42,29.54,31924
-407.21,31.79,31935
-412.09,32.61,31947
-407.21,30.36,31959
-402.02,27.58,31971
-415.45,25.88,31982
-416.42,25.14,31994
-407.67,26.80,32006
-414.05,29.72,32018
-409.42,31.86,32029
-411.43,32.22,32040
-405.49,30.15,32053
-403.36,27.36,32064
-417.66,25.77,32076
-406.21,25.30,32088
-411.63,27.19,32100
-411.74,30.45,32111
-412.75,31.84,32123
-406.14,32.00,32135
-402.44,29.58,32147
-412.61,26.97,32158
-420.36,25.72,32171
-406.72,25.56,32182
-411.57,27.68,32193
-408.35,30.79,32205
-412.44,32.51,32217
-408.73,31.53,32229
-400.67,29.18,32240
-409.71,26.66,32252
-420.38,25.08,32264
-410.37,25.90,32276
-411.85,27.80,32287
-406.54,31.21,32300
-413.56,32.80,32311
-408.53,31.49,32323
-405.00,29.22,32334
-407.01,26.37,32347
-418.63,25.03,32358
-411.42,25.88,32369
-412.64,28.15,32381
-409.31,31.02,32393
-411.74,32.66,32405
-408.69,31.12,32416
-403.36,28.82,32429
-409.11,26.13,32440
-417.83,24.93,32452
-412.66,26.03,32463
-409.50,28.78,32476
-412.55,31.26,32487
-410.01,33.07,32499
-401.21,30.88,32510
-406.42,28.31,32523
-419.57,26.07,32534
-412.25,24.88,32545
-410.38,26.10,32558
-409.63,29.17,32569
-412.26,31.25,32581
-412.35,33.02,32592
-403.79,30.08,32605
-405.08,28.27,32616
-417.24,26.00,32628
-413.22,25.10,32640
-411.87,26.77,32652
-411.13,29.22,32663
-407.52,31.57,32675
-414.89,32.36,32687
-402.50,29.96,32699
-405.66,27.44,32710
-417.30,25.91,32721
-412.90,25.26,32734
-408.48,26.90,32745
-415.10,30.18,32757
-407.77,32.01,32769
-414.96,32.32,32781
-403.83,30.07,32792
-403.20,26.94,32804
-416.90,25.72,32816
-416.55,25.01,32828
-414.32,27.23,32839
-408.17,30.53,32851
-416.35,32.02,32863
-404.21,32.34,32875
-400.89,29.67,32886
-415.78,26.92,32898
-417.25,25.21,32910
-407.93,25.35,32921
-412.71,27.28,32933
-406.85,30.85,32945
-416.50,32.74,32957
-409.20,31.98,32968
-399.65,29.38,32980
-411.95,26.53,32992
-419.25,24.99,33004
-408.16,25.59,33015
-414.75,27.59,33028
-407.39,30.87,33039
-410.95,32.73,33051
-410.62,30.93,33062
-402.09,29.18,33074
-412.08,26.25,33086
-416.28,25.15,33097
-408.33,26.39,33110
-414.04,28.44,33121
-406.79,31.13,33133
-413.63,32.82,33144
-408.22,30.82,33157
-401.96,28.58,33168
-411.84,26.23,33180
-419.08,24.99,33191
-406.99,26.47,33204
-413.50,29.05,33215
-412.43,31.43,33226
-409.51,32.67,33239
-401.35,30.82,33250
-408.38,27.91,33262
-421.58,26.00,33273
-409.42,24.48,33286
-410.23,26.42,33297
-410.38,29.41,33309
-413.96,31.70,33320
-411.32,33.38,33333
-400.12,30.53,33344
-406.60,27.86,33356
-419.02,26.04,33368
-414.28,24.40,33380
-411.45,26.62,33391
-407.87,29.62,33402
-410.43,31.96,33415
-412.20,32.91,33426
-402.06,30.36,33438
-402.71,27.56,33449
-417.04,25.71,33462
-413.65,25.00,33473
-410.50,26.64,33485
-410.00,30.20,33497
-408.62,31.88,33509
-412.98,32.31,33520
-404.97,30.07,33532
-405.92,26.81,33544
-414.43,25.87,33556
-412.94,25.09,33567
-410.32,27.28,33579
-412.25,30.81,33591
-408.08,32.13,33602
-402.15,32.16,33614
-404.21,29.68,33626
-418.08,26.71,33638
-414.08,25.22,33649
-406.43,25.30,33661
-414.43,27.42,33673
-409.28,30.80,33685
-413.55,32.52,33696
-405.89,31.66,33709
-402.39,29.26,33720
-415.91,26.39,33732
-419.86,24.89,33743
-405.92,25.79,33755
-411.18,27.92,33767
-409.63,31.39,33778
-415.26,33.06,33790
-405.48,31.37,33802
-402.80,29.29,33814
-411.57,26.13,33825
-418.15,24.90,33838
-410.28,25.85,33849
-411.02,28.07,33861
-409.74,31.28,33872
-414.63,32.71,33885
-406.39,31.14,33896
-401.89,28.75,33907
-410.20,26.57,33920
-418.47,25.17,33931
-409.43,26.42,33943
-412.49,28.65,33954
-407.43,31.39,33967
-415.80,32.55,33978
-409.03,30.39,33990
-409.83,27.90,34001
-417.92,26.27,34014
-411.09,24.72,34025
-412.35,26.78,34037
-409.54,29.41,34049
-410.55,31.69,34061
-411.98,32.77,34072
-400.78,30.58,34083
-407.94,27.53,34096
-420.49,25.97,34107
-408.28,24.39,34119
-411.62,26.49,34130
-413.97,29.51,34143
-410.11,31.82,34154
-408.76,32.59,34166
-402.92,30.26,34178
-407.58,27.89,34190
-418.82,25.69,34201
-411.66,25.55,34213
-410.89,26.64,34225
-408.29,30.35,34237
-413.52,31.82,34248
-412.95,31.90,34259
-400.05,29.78,34272
-407.44,26.52,34283
-419.88,25.46,34295
-412.99,25.29,34307
-408.98,27.06,34319
-411.53,30.87,34330
-407.17,32.34,34342
-415.77,32.36,34354
-403.43,29.54,34366
-403.37,26.74,34377
-414.35,24.75,34390
-410.66,25.24,34401
-412.77,27.11,34413
-409.02,30.64,34424
-413.59,32.55,34436
-402.99,31.82,34448
-404.18,29.73,34459
-415.58,26.90,34471
-415.32,25.27,34483
-407.10,25.91,34495
-415.11,27.60,34506
-407.93,30.63,34519
-415.34,32.51,34530
-404.69,30.98,34542
-403.18,29.04,34553
-416.50,26.60,34566
-415.51,25.32,34577
-407.84,26.36,34589
-411.30,28.47,34600
-408.48,31.69,34612
-416.40,32.90,34624
-405.79,31.29,34635
-401.65,28.32,34648
-410.90,26.07,34659
-421.31,24.49,34671
-408.90,25.82,34682
-411.42,28.86,34695
-407.71,31.21,34706
