9⸮9258.00
7442.00
-410.33,31.30,1134
-409.94,29.99,1136
-408.29,27.73,1137
-413.59,26.26,1148
-412.12,26.69,1160
-410.68,27.90,1172
-411.17,30.16,1183
-411.57,31.45,1196
-407.06,31.63,1207
-405.67,29.55,1219
-411.93,27.56,1230
-414.49,26.59,1242
-411.12,26.51,1254
-409.82,28.62,1265
-406.46,30.46,1277
-415.42,31.44,1289
-408.58,30.54,1301
-405.59,28.56,1312
-411.37,27.17,1325
-414.23,27.11,1336
-413.08,27.95,1348
-409.02,29.89,1359
-407.50,31.18,1372
-410.90,31.37,1383
-411.38,29.63,1395
-404.62,27.46,1406
-410.86,26.35,1418
-412.88,26.80,1430
-410.48,28.72,1441
-411.83,30.54,1454
-408.35,32.09,1465
-410.53,31.09,1477
-408.57,29.32,1488
-406.52,27.08,1501
-413.71,26.18,1512
-411.55,27.00,1524
-411.99,28.86,1536
-412.07,30.75,1548
-407.94,31.36,1559
-408.78,30.23,1571
-406.84,28.67,1583
-413.63,26.99,1594
-413.25,27.46,1606
-410.57,28.13,1617
-409.46,30.16,1630
-410.67,30.89,1641
-411.85,30.87,1653
-404.09,29.20,1665
-407.92,27.38,1677
-415.23,26.48,1688
-409.72,27.00,1700
-412.41,28.84,1712
-407.70,30.83,1724
-409.96,31.75,1735
-411.47,30.98,1746
-407.04,28.79,1759
-406.56,26.41,1770
-414.25,26.67,1782
-414.52,26.95,1794
-409.83,29.17,1806
-409.17,31.06,1817
-409.92,31.35,1829
-409.85,30.16,1841
-408.30,28.20,1853
-409.50,26.98,1864
-413.16,27.38,1876
-410.84,28.71,1888
-412.68,30.42,1900
-409.53,31.02,1911
-408.54,30.59,1923
-408.57,28.52,1935
-412.47,27.08,1946
-411.99,26.43,1958
-412.07,27.21,1970
-410.77,29.26,1982
-408.65,30.96,1993
-413.63,32.12,2006
-404.97,30.71,2017
-405.62,28.59,2029
-413.38,26.60,2040
-411.72,26.58,2053
-411.80,27.22,2064
-411.76,29.34,2076
-406.06,30.86,2087
-412.94,31.22,2099
-408.63,29.94,2111
-404.67,28.01,2122
-414.49,26.91,2135
-411.93,27.62,2146
-409.39,28.91,2158
-412.96,30.67,2169
-407.12,31.49,2182
-411.24,30.16,2193
-408.73,28.32,2205
-407.64,26.31,2216
-413.34,26.46,2229
-412.97,27.36,2240
-409.33,29.84,2252
-411.06,31.62,2264
-410.40,32.15,2275
-409.01,30.75,2287
-406.81,28.56,2298
-414.97,26.41,2311
-414.73,26.38,2322
-408.04,27.15,2334
-410.52,29.50,2345
-413.99,30.96,2358
-408.21,31.29,2369
-405.62,29.89,2381
-409.60,28.05,2393
-413.14,27.44,2405
-412.46,27.54,2416
-411.18,28.98,2428
-404.97,30.33,2440
-410.29,30.85,2451
-413.99,30.13,2463
-403.96,27.69,2475
-411.02,26.41,2487
-413.42,26.66,2498
-410.74,27.81,2510
-412.24,30.46,2522
-407.06,31.75,2534
-408.91,32.24,2545
-407.59,30.22,2557
-408.95,27.89,2569
-412.68,26.18,2581
-410.29,26.08,2592
-410.71,27.63,2605
-413.28,29.77,2616
-410.44,31.35,2627
-410.67,31.22,2639
-406.16,29.60,2651
-404.19,28.04,2663
-415.01,27.19,2674
-414.53,27.71,2686
-409.24,29.20,2698
-411.21,30.62,2710
-412.93,31.15,2721
-409.69,29.71,2734
-404.12,28.00,2745
-412.68,26.38,2757
-416.20,26.92,2768
-410.03,28.07,2780
-408.06,30.35,2792
-407.81,31.93,2803
-409.72,31.72,2816
-410.96,29.87,2827
-405.87,26.99,2839
-411.63,26.04,2850
-414.00,26.11,2863
-412.85,28.13,2874
-409.94,30.19,2886
-412.37,31.65,2897
-406.42,31.25,2910
-406.48,29.60,2921
-412.19,27.53,2933
-410.85,27.02,2945
-411.17,27.31,2956
-411.62,28.96,2968
-408.57,30.48,2979
-414.68,30.88,2992
-410.53,29.54,3003
-403.29,27.55,3015
-410.84,26.91,3026
-415.71,27.16,3039
-410.04,28.66,3050
-411.20,30.61,3062
-405.85,31.57,3074
-413.08,31.39,3086
-403.68,29.25,3097
-410.38,27.15,3109
-414.82,26.05,3121
-410.96,26.42,3132
-412.80,28.52,3144
-407.23,30.45,3155
-410.75,31.98,3168
-408.57,31.34,3179
-407.34,29.35,3191
-410.01,27.48,3203
-414.65,26.83,3215
-409.11,27.45,3226
-412.32,29.15,3238
-410.94,30.54,3250
-411.17,30.66,3262
-407.70,29.42,3273
-408.39,27.78,3284
-411.99,26.84,3297
-412.82,27.50,3308
-409.15,29.06,3320
-409.46,30.89,3332
-408.31,31.76,3344
-414.07,30.76,3355
-407.09,28.57,3367
-405.24,26.69,3379
-414.12,26.00,3391
-415.42,26.98,3402
-410.12,28.98,3415
-407.98,31.06,3426
-409.73,32.03,3438
-411.83,31.00,3449
-405.25,29.00,3461
-412.65,26.89,3473
-410.86,26.99,3484
-413.73,27.43,3496
-409.20,29.82,3508
-408.16,30.66,3520
-413.19,31.10,3531
-406.35,29.54,3544
-407.18,27.70,3555
-415.66,27.06,3567
-409.54,27.57,3578
-409.94,29.03,3591
-410.62,31.03,3602
-408.96,31.55,3614
-409.31,30.80,3625
-408.05,28.48,3637
-410.10,26.62,3649
-414.35,26.37,3660
-411.80,27.28,3673
-409.58,29.42,3684
-409.24,31.21,3696
-412.10,31.78,3707
-409.31,30.45,3720
-405.44,28.37,3731
-409.62,26.86,3743
-415.83,26.87,3755
-409.26,27.79,3767
-409.66,29.78,3778
-408.07,31.10,3789
-411.56,31.19,3802
-410.40,29.30,3813
-405.53,27.63,3825
-410.30,26.73,3836
-414.08,27.33,3849
-409.32,29.17,3860
-407.39,30.89,3872
-412.78,32.02,3884
-406.11,30.61,3896
-408.80,28.72,3907
-410.99,26.57,3919
-412.10,26.41,3931
-411.79,27.25,3943
-410.24,29.47,3954
-410.51,31.20,3965
-410.81,31.51,3978
-406.89,30.19,3989
-407.51,28.14,4001
-413.87,26.66,4013
-411.99,27.04,4025
-410.42,28.02,4036
-409.87,30.33,4048
-409.23,31.18,4060
-412.22,30.92,4072
-405.89,29.07,4083
-406.40,27.33,4096
-415.41,26.88,4107
-412.43,27.41,4119
-411.49,29.18,4130
-407.78,31.02,4142
-409.05,31.55,4154
-411.36,30.41,4165
-406.20,28.18,4177
-408.66,26.65,4189
-413.94,26.90,4201
-411.42,27.62,4212
-412.17,29.98,4225
-409.08,31.24,4236
-410.03,31.50,4248
-406.31,29.87,4259
-408.32,27.95,4272
-416.76,26.77,4283
-411.12,26.80,4294
-409.60,28.42,4306
-411.00,30.13,4318
-411.70,31.15,4330
-408.67,30.69,4341
-407.55,28.94,4354
-408.69,27.31,4365
-415.19,26.99,4377
-411.21,27.65,4388
-408.97,29.62,4401
-408.92,30.90,4412
-412.92,31.39,4424
-405.19,29.82,4435
-408.24,27.97,4448
-409.52,26.52,4459
-415.00,27.11,4470
-411.40,27.97,4483
-409.53,30.36,4494
-406.90,31.50,4506
-414.11,31.64,4517
-406.53,29.39,4530
-404.72,27.66,4541
-415.02,26.32,4553
-411.54,27.29,4564
-412.27,28.63,4577
-411.36,30.57,4588
-406.22,31.54,4600
-411.31,30.52,4612
-406.82,28.76,4624
-413.15,26.97,4635
-412.21,27.00,4647
-411.87,27.72,4659
-409.08,29.65,4670
-409.22,31.12,4682
-412.02,31.20,4694
-407.50,29.82,4706
-405.60,27.40,4717
-415.52,26.54,4729
-410.61,26.61,4741
-412.66,28.15,4753
-410.12,30.74,4764
-408.67,31.19,4776
-410.06,31.70,4788
-407.70,29.09,4799
-407.03,27.32,4811
-415.44,26.41,4823
-412.02,27.01,4835
-410.37,28.80,4846
-409.30,30.81,4858
-412.82,31.49,4870
-409.23,30.43,4882
-407.60,28.24,4893
-410.40,26.79,4905
-413.65,27.01,4917
-411.53,28.20,4929
-410.75,30.32,4940
-408.22,31.47,4953
-410.19,31.24,4964
-411.28,29.42,4976
-406.29,27.16,4987
-410.90,26.37,4999
-416.64,26.98,5011
-409.28,28.83,5022
-410.78,30.63,5035
-411.42,31.81,5046
-407.82,31.13,5058
-406.07,29.04,5069
-411.20,27.33,5082
-412.24,26.49,5093
-414.69,27.13,5105
-409.57,28.95,5116
-409.07,30.56,5129
-411.53,31.37,5140
-407.31,30.32,5152
-407.19,28.31,5164
-410.80,26.93,5175
-413.06,27.20,5187
-412.21,28.29,5198
-410.14,30.54,5211
-408.38,31.40,5222
-412.46,31.12,5234
-405.50,29.09,5245
-407.63,27.17,5258
-415.89,26.36,5269
-411.88,27.14,5281
-410.00,28.88,5293
-410.46,30.99,5305
-409.04,31.95,5316
-411.57,30.73,5328
-405.33,28.85,5340
-408.45,26.74,5352
-414.00,26.80,5363
-412.92,27.68,5374
-410.19,29.38,5387
-407.97,30.91,5398
-410.37,31.32,5410
-405.34,29.89,5422
-408.00,28.00,5434
-412.98,27.02,5445
-412.21,26.97,5457
-411.52,28.44,5469
-406.33,30.49,5481
-410.15,31.46,5492
-410.10,31.18,5505
-405.95,28.96,5516
-410.76,27.06,5528
-413.08,26.51,5539
-410.61,27.02,5551
-412.03,29.42,5563
-409.47,30.68,5574
-408.98,31.73,5586
-409.02,30.36,5598
-406.36,28.41,5610
-412.01,26.84,5621
-415.63,26.85,5634
-407.76,27.83,5645
-410.26,29.87,5657
-410.15,31.31,5668
-412.32,31.36,5681
-408.19,29.61,5692
-405.24,27.57,5704
-411.17,26.47,5715
-417.57,27.01,5728
-407.83,28.27,5739
-409.12,30.71,5750
-410.26,31.67,5763
-411.59,31.16,5774
-410.55,28.90,5786
-411.11,27.13,5797
-415.23,26.32,5810
-412.51,27.35,5821
-408.60,29.31,5833
-407.88,31.14,5844
-411.17,31.39,5857
-408.38,30.19,5868
-408.94,28.13,5880
-411.46,26.80,5892
-410.84,26.98,5904
-413.05,28.07,5915
-409.50,30.12,5926
-410.71,31.22,5939
-409.76,31.26,5950
-407.46,29.41,5962
-409.10,27.18,5974
-415.04,26.60,5986
-410.59,26.89,5997
-411.37,28.63,6009
-408.05,30.80,6021
-412.77,31.53,6033
-411.55,30.81,6044
-402.78,28.88,6056
-408.19,26.88,6068
-416.66,26.45,6080
-412.08,27.28,6091
-410.57,29.47,6104
-410.56,30.97,6115
-408.91,31.43,6126
-411.24,30.06,6138
-408.32,27.76,6150
-407.13,26.65,6162
-414.23,26.85,6173
-411.01,28.35,6185
-407.00,30.21,6197
-412.74,31.30,6209
-409.45,30.82,6220
-406.52,28.85,6233
-413.08,27.37,6244
-412.93,26.65,6256
-408.42,27.19,6267
-413.88,29.44,6280
-407.65,30.80,6291
-411.07,31.71,6302
-409.42,30.28,6315
-404.82,28.45,6326
-412.30,26.69,6338
-414.62,26.62,6349
-410.49,27.52,6362
-410.21,29.65,6373
-409.11,31.20,6385
-412.45,31.25,6396
-406.42,29.98,6409
-406.00,27.77,6420
-411.72,26.54,6432
-415.56,26.99,6444
-410.42,28.30,6456
-409.69,30.58,6467
-408.72,31.45,6478
-411.48,31.04,6491
-408.48,28.91,6502
-405.85,26.82,6514
-414.78,26.77,6525
-411.83,27.36,6538
-410.51,29.30,6549
-411.38,31.00,6561
-410.96,31.63,6573
-408.67,30.14,6585
-407.19,27.98,6596
-412.80,26.50,6608
-414.26,26.49,6620
-408.65,27.73,6631
-409.86,29.96,6643
-412.23,31.43,6654
-408.84,31.74,6667
-405.94,29.85,6678
-409.56,27.68,6690
-412.22,26.76,6702
-413.08,26.70,6714
-412.17,28.35,6725
-408.33,30.29,6737
-411.54,31.34,6749
-409.79,30.83,6761
-407.04,28.72,6772
-408.93,27.08,6785
-413.41,26.98,6796
-411.27,27.63,6807
-412.32,29.88,6819
-406.94,31.08,6831
-411.80,31.59,6843
-409.09,29.67,6854
-405.31,27.70,6866
-413.68,26.15,6878
-413.39,26.54,6890
-409.97,27.93,6901
-413.76,30.05,6914
-408.85,31.82,6925
-410.82,31.53,6937
-407.38,29.89,6948
-408.73,27.77,6961
-414.82,26.66,6972
-409.31,26.75,6983
-411.15,28.25,6995
-409.46,30.28,7007
-412.77,31.25,7019
-409.41,30.43,7030
-402.80,28.71,7043
-413.28,26.98,7054
-415.17,27.14,7066
-410.81,27.89,7077
-409.97,30.04,7090
-407.85,31.15,7101
-410.67,31.33,7113
-410.63,29.44,7124
-407.82,27.12,7136
-410.79,26.19,7148
-413.96,26.57,7159
-411.82,28.14,7172
-410.45,30.75,7183
-408.55,31.79,7195
-410.08,31.58,7206
-408.27,29.34,7219
-407.00,27.26,7230
-414.73,26.54,7242
-413.06,26.72,7254
-408.46,28.71,7266
-411.63,30.46,7277
-412.60,31.36,7289
-408.36,30.63,7301
-406.16,28.81,7312
-407.51,27.40,7324
-413.46,27.20,7335
-409.95,27.97,7348
-406.88,29.78,7359
-413.25,31.17,7371
-412.85,31.11,7383
-404.66,29.40,7395
-406.13,27.25,7406
-416.79,26.42,7418
-411.33,27.03,7430
-411.99,28.84,7442
-406.70,30.71,7453
-409.87,31.97,7465
-410.23,31.27,7477
-406.52,29.20,7488
-408.74,27.19,7500
-413.60,26.24,7512
-411.18,27.11,7524
-412.93,28.46,7535
-407.30,30.84,7547
-412.83,31.25,7559
-407.41,30.26,7571
-407.55,28.39,7582
-410.69,27.02,7595
-414.90,27.29,7606
-409.14,28.23,7618
-410.29,30.30,7629
-409.03,31.15,7641
-412.48,30.79,7653
-408.79,28.95,7664
-403.73,26.94,7676
-413.49,26.36,7688
-415.40,27.03,7700
-411.55,28.88,7711
-409.00,30.75,7724
-413.31,31.82,7735
-408.35,31.41,7747
-406.61,29.08,7758
-410.13,27.38,7771
-414.27,26.52,7782
-413.09,27.01,7794
-411.32,28.90,7805
-409.85,30.74,7817
-409.62,31.28,7829
-408.26,30.08,7840
-408.51,28.08,7853
-412.28,27.33,7864
-411.69,27.30,7876
-411.91,29.02,7887
-409.72,30.58,7900
-409.54,31.24,7911
-411.96,30.43,7923
-404.32,28.42,7934
-409.51,26.60,7947
-416.09,26.51,7958
-409.39,27.27,7970
-410.53,29.29,7982
-408.50,31.18,7993
-410.15,32.17,8005
-412.65,30.87,8016
-405.53,28.60,8029
-407.03,26.63,8040
-416.50,26.27,8052
-412.55,27.19,8064
-411.56,29.18,8076
-409.19,31.15,8087
-410.04,31.41,8099
-411.11,30.00,8111
-407.15,28.06,8123
-415.27,26.94,8134
-411.90,27.09,8145
-410.50,28.42,8158
-409.26,30.21,8169
-409.82,31.31,8181
-411.59,30.72,8193
-406.13,28.88,8205
-410.54,26.83,8216
-413.23,26.57,8228
-410.85,27.48,8240
-411.44,29.74,8252
-408.22,31.27,8263
-410.46,31.75,8275
-408.43,30.42,8287
-408.03,28.40,8299
-410.65,26.77,8310
-414.69,26.79,8322
-409.50,27.51,8334
-410.69,30.03,8345
-410.94,31.05,8357
-411.42,30.97,8369
-407.45,29.57,8381
-405.32,27.36,8392
-412.58,26.90,8404
-414.62,26.94,8416
-410.43,28.93,8428
-409.96,30.81,8439
-407.77,31.62,8452
-413.48,30.57,8463
-405.65,28.36,8475
-406.09,26.56,8486
-414.47,26.36,8498
-411.59,27.47,8510
-408.78,29.56,8521
-408.60,31.20,8534
-410.94,32.05,8545
-408.40,30.20,8557
-407.53,28.48,8568
-411.82,26.68,8581
-412.02,26.78,8592
-412.98,27.98,8604
-409.68,29.92,8615
-411.10,31.17,8628
-408.73,30.94,8639
-406.97,29.42,8650
-409.45,27.67,8663
-413.82,26.95,8674
-411.63,27.52,8686
-410.08,29.20,8697
-409.34,30.73,8710
-412.15,31.46,8721
-410.56,30.49,8733
-403.42,28.05,8744
-411.57,26.57,8757
-415.37,26.61,8768
-410.86,27.77,8780
-412.06,30.02,8792
-406.03,31.71,8804
-412.25,31.84,8815
-410.64,29.83,8826
-405.58,27.65,8839
-409.51,26.40,8850
-414.25,26.99,8862
-411.54,27.91,8873
-411.36,30.39,8886
-410.24,31.34,8897
-409.94,31.01,8909
-407.79,29.53,8921
-410.24,27.58,8933
-413.98,27.05,8944
-408.93,27.45,8956
-411.97,29.39,8968
-409.13,30.91,8980
-411.61,31.24,8991
-407.30,30.00,9003
-407.47,27.81,9015
-413.10,26.66,9026
-414.94,26.69,9038
-409.92,28.11,9050
-407.72,30.14,9062
-409.62,31.61,9073
-413.90,31.74,9085
-406.71,29.56,9097
-407.28,27.43,9109
-411.73,26.43,9120
-413.97,26.54,9133
-411.55,28.44,9144
-409.56,30.42,9156
-410.11,31.70,9167
-411.45,31.00,9179
-406.34,29.04,9191
-407.99,27.09,9202
-414.09,26.86,9214
-410.90,27.62,9226
-413.78,29.54,9238
-409.30,30.97,9249
-408.55,31.28,9262
-414.63,29.67,9273
-406.54,27.67,9285
-418.40,26.52,9296
-409.73,26.82,9309
-410.82,28.28,9320
-409.77,30.27,9331
-407.91,31.73,9344
-411.55,31.31,9355
-407.65,29.62,9367
-405.96,27.20,9378
-415.90,26.27,9391
-412.18,26.86,9402
-410.27,28.60,9414
-411.07,30.60,9425
-409.61,31.56,9438
-410.11,30.76,9449
-408.54,28.80,9461
-405.91,27.12,9473
-415.36,27.25,9485
-412.83,27.71,9496
-408.37,30.04,9507
-409.53,30.72,9520
-412.32,31.19,9531
-407.24,29.58,9543
-408.35,27.39,9554
-412.55,26.42,9567
-411.33,26.86,9578
-411.09,28.46,9590
-411.70,30.66,9602
-408.57,31.83,9614
-411.62,31.40,9625
-406.48,29.27,9637
-407.23,26.92,9649
-411.66,26.23,9661
-411.73,26.52,9672
-408.17,28.76,9683
-411.55,30.65,9696
-411.71,31.69,9707
-406.37,30.42,9719
-405.81,28.74,9731
-414.00,27.12,9743
-413.12,27.06,9754
-411.35,27.90,9766
-410.12,29.84,9778
-409.17,30.65,9790
-412.69,31.03,9801
-407.24,29.03,9814
-408.55,27.55,9825
-412.84,26.79,9836
-409.45,27.55,9848
-413.31,29.07,9860
-406.95,30.96,9872
-409.30,31.83,9883
-412.61,30.77,9895
-403.23,28.64,9907
-408.91,26.79,9919
-417.46,26.29,9930
-409.14,27.15,9943
-411.71,29.20,9954
-409.32,31.11,9966
-408.88,31.90,9977
-413.34,30.41,9990
-405.21,28.22,10001
-406.14,26.62,10012
-416.85,26.70,10024
-411.66,27.98,10036
-410.07,29.90,10048
-411.81,31.26,10059
-409.03,31.11,10072
-407.48,29.44,10083
-410.87,27.34,10095
-413.14,26.76,10106
-410.22,27.23,10119
-410.25,29.09,10130
-409.35,31.02,10142
-409.41,31.51,10153
-408.63,30.53,10166
-407.93,28.29,10177
-410.73,26.51,10188
-415.50,26.66,10201
-410.06,27.03,10212
-410.99,29.82,10224
-410.18,31.14,10235
-412.37,31.81,10248
-407.61,30.12,10259
-404.42,28.09,10271
-413.49,26.83,10283
-414.03,26.49,10295
-410.35,28.27,10306
-410.32,30.01,10318
-407.23,31.44,10330
-413.94,31.16,10342
-408.57,29.08,10353
-404.43,27.02,10364
-410.93,26.39,10377
-414.55,27.23,10388
-410.90,29.22,10400
-409.74,30.86,10412
-408.26,31.94,10424
-408.74,30.36,10435
-407.17,28.38,10447
-412.79,26.84,10459
-410.83,26.60,10471
-411.45,27.37,10482
-412.27,29.59,10494
-410.11,30.83,10506
-408.74,31.32,10517
-407.09,29.86,10529
-408.55,28.21,10541
-414.01,27.02,10553
-410.89,27.16,10564
-410.04,28.31,10576
-409.50,30.15,10588
-414.49,31.14,10600
-409.92,30.41,10611
-403.95,28.65,10624
-408.81,26.72,10635
-416.62,26.68,10647
-413.75,27.53,10658
-409.00,29.50,10671
-408.46,31.57,10682
-409.99,31.72,10693
-410.11,30.10,10705
-409.10,27.90,10717
-406.18,26.33,10729
-414.79,26.79,10740
-415.13,27.74,10753
-409.93,30.06,10764
-409.29,31.26,10776
-411.36,31.60,10787
-405.57,30.01,10800
-408.36,27.96,10811
-411.73,27.09,10823
-412.35,26.84,10834
-413.14,28.38,10847
-407.82,29.58,10858
-414.12,30.79,10869
-406.46,30.22,10882
-405.99,28.56,10893
-415.63,27.51,10905
-410.38,27.18,10916
-410.80,28.30,10929
-409.88,30.02,10940
-407.84,31.45,10952
-413.17,31.41,10963
-407.64,29.37,10976
-404.16,27.34,10987
-414.78,25.99,10999
-415.69,26.44,11011
-408.68,27.83,11022
-411.87,30.32,11034
-407.73,31.60,11045
-410.56,31.68,11058
-409.56,29.68,11069
-404.52,27.81,11081
-412.80,26.78,11092
-412.88,27.16,11105
-412.18,28.44,11116
-410.28,30.29,11128
-410.67,31.18,11140
-411.05,30.06,11152
-406.35,28.90,11163
-409.95,26.76,11175
-412.92,27.30,11187
-413.46,28.07,11198
-408.71,30.03,11210
-413.47,31.67,11222
-408.60,30.96,11234
-406.80,29.73,11245
-407.18,27.04,11257
-416.43,26.28,11269
-413.12,26.57,11281
-409.26,28.28,11292
-407.81,30.55,11304
-411.32,31.46,11316
-409.97,31.22,11328
-406.47,29.35,11339
-408.81,27.48,11352
-411.50,27.02,11363
-413.64,27.27,11374
-410.53,29.09,11386
-406.53,30.24,11398
-413.17,31.07,11410
-408.39,29.88,11421
-407.95,28.12,11433
-411.11,27.10,11445
-411.86,27.11,11457
-410.81,28.32,11468
-411.93,30.34,11481
-406.59,31.55,11492
-413.41,31.22,11504
-407.59,29.09,11515
-404.27,27.07,11527
-416.25,26.16,11539
-413.43,26.61,11550
-409.82,28.70,11563
-411.62,30.81,11574
-406.28,32.04,11586
-412.96,30.96,11597
-404.17,28.93,11610
-413.86,26.72,11621
-414.69,26.59,11633
-409.71,27.14,11644
-410.14,29.13,11657
-407.71,30.60,11668
-412.29,31.27,11680
-410.60,29.98,11692
-405.07,28.14,11703
-412.11,26.95,11715
-413.31,26.91,11726
-409.55,28.17,11739
-411.43,30.15,11750
-409.27,31.19,11762
-410.01,31.04,11773
-407.81,29.33,11786
-407.44,27.34,11797
-413.45,26.52,11809
-414.44,27.13,11821
-408.97,29.05,11833
-409.85,30.86,11844
-411.30,31.81,11856
-410.44,30.87,11868
-404.87,28.49,11879
-409.13,26.71,11891
-415.83,26.59,11902
-411.58,27.31,11915
-411.52,29.66,11926
-407.68,31.11,11938
-409.86,31.33,11950
-411.82,29.82,11962
-405.56,27.82,11973
-409.20,26.54,11985
-412.66,27.60,11997
-408.97,27.88,12009
-408.70,30.80,12020
-413.42,31.24,12032
-407.23,30.31,12044
-409.42,28.99,12055
-409.67,26.76,12067
-411.52,26.64,12079
-412.68,27.42,12091
-409.94,29.37,12102
-406.87,31.09,12114
-412.64,32.11,12126
-408.93,30.43,12138
-404.50,28.37,12149
-411.69,26.62,12162
-412.96,26.22,12173
-413.17,27.56,12185
-409.97,29.32,12196
-409.29,31.32,12208
-411.27,31.62,12220
-404.72,29.70,12231
-409.95,27.87,12243
-410.21,26.82,12255
-412.13,27.03,12267
-411.39,28.70,12278
-411.39,30.54,12291
-408.66,31.14,12302
-412.16,30.60,12314
-407.10,28.24,12325
-406.43,26.72,12338
-416.84,26.74,12349
-410.34,27.40,12361
-411.35,29.64,12372
-409.01,31.53,12384
-413.21,31.59,12396
-404.06,30.39,12407
-408.24,28.07,12420
-414.90,26.42,12431
-412.22,26.65,12443
-410.56,27.67,12454
-408.91,29.91,12467
-409.60,31.32,12478
-411.91,31.43,12490
-405.51,29.60,12502
-405.80,27.70,12514
-416.09,26.91,12525
-410.11,27.04,12536
-410.72,28.81,12549
-408.36,30.60,12560
-410.51,31.23,12572
-410.56,30.48,12583
-407.87,28.28,12596
-407.47,26.74,12607
-412.94,26.70,12619
-410.45,27.81,12631
-410.19,30.19,12643
-409.21,31.20,12654
-411.55,31.79,12666
-407.89,29.57,12678
-406.45,27.55,12690
-410.95,26.41,12701
-414.04,26.74,12712
-409.40,28.19,12725
-410.56,30.69,12736
-407.71,31.76,12748
-412.65,31.30,12760
-405.12,29.44,12772
-411.42,27.31,12783
-415.95,26.67,12795
-409.12,27.19,12807
-410.96,29.02,12819
-409.77,30.93,12830
-409.12,31.51,12843
-411.04,30.37,12854
-404.36,28.35,12866
-412.58,26.46,12877
-413.45,26.90,12889
-411.91,27.52,12901
-410.72,29.91,12912
-409.62,31.38,12924
-410.28,31.34,12936
-407.46,29.72,12948
-409.83,27.24,12959
-410.38,26.39,12972
-413.37,26.69,12983
-410.47,28.54,12995
-408.50,30.69,13006
-413.01,31.50,13019
-408.72,31.06,13030
-405.53,29.00,13042
-408.45,26.97,13053
-415.39,26.77,13065
-410.86,26.94,13077
-410.96,29.31,13088
-408.71,30.99,13101
-411.75,31.59,13112
-412.13,30.16,13124
-405.42,28.33,13135
-408.36,26.56,13148
-414.48,26.53,13159
-411.28,27.64,13171
-406.90,29.79,13182
-410.70,31.21,13195
-412.52,31.56,13206
-406.23,29.65,13217
-408.50,27.59,13230
-411.89,26.46,13241
-411.06,26.93,13253
-413.48,28.48,13264
-407.76,30.66,13277
-409.42,31.60,13288
-410.73,30.70,13300
-405.27,29.04,13312
-411.58,26.85,13324
-414.17,26.73,13335
-409.96,27.17,13347
-411.92,29.37,13359
-408.22,31.10,13371
-411.86,31.25,13382
-407.09,30.16,13393
-403.12,28.02,13406
-412.53,26.84,13417
-413.62,26.88,13429
-411.67,28.08,13441
-411.19,29.87,13453
-409.42,31.42,13464
-412.77,31.28,13476
-407.31,29.38,13488
-405.29,27.64,13500
-413.15,26.46,13511
-414.17,27.04,13523
23.51,28.56,13535
-4620.84,30.65,13547
-412.78,31.79,13558
-407.87,30.81,13570
-404.61,28.70,13582
-414.82,27.00,13593
-414.57,26.95,13605
-409.73,27.32,13617
-412.75,29.33,13629
-405.38,30.96,13640
-412.26,31.33,13652
-408.88,29.97,13664
-404.54,27.85,13676
-414.88,27.02,13687
-411.06,27.15,13700
-408.95,28.39,13711
-411.26,30.45,13723
-410.09,31.07,13734
-408.44,31.13,13746
-409.15,28.76,13758
-408.21,26.82,13769
-413.77,26.59,13782
-413.35,26.85,13793
-409.05,29.17,13805
-409.09,31.11,13816
-412.04,32.07,13829
-408.47,30.65,13840
-405.55,28.64,13852
-408.60,27.16,13863
-414.70,26.48,13876
-413.43,27.49,13887
-410.29,29.34,13898
-408.02,31.01,13911
23.50,31.40,13922
-9687.60,29.48,13934
-409.82,27.92,13945
-414.39,26.61,13958
-411.57,27.25,13969
-410.92,28.49,13981
-409.24,30.06,13992
-410.42,31.25,14005
-410.17,30.43,14016
-409.03,28.82,14028
-408.72,27.11,14040
-414.53,26.99,14052
-411.38,27.64,14063
-410.95,29.52,14074
-407.55,31.24,14087
-411.35,31.47,14098
-408.89,30.21,14110
-405.53,28.14,14121
-411.00,26.53,14134
-415.95,26.63,14145
-409.22,27.69,14157
-410.86,29.68,14169
-410.57,31.13,14181
-412.67,31.17,14192
-405.83,29.62,14204
-407.16,27.59,14216
-412.56,26.87,14228
-413.23,27.18,14239
-411.78,28.58,14251
-407.73,30.68,14263
-407.95,31.41,14274
-413.78,30.58,14286
-408.32,28.33,14298
-413.39,26.77,14310
-413.22,26.63,14321
-410.80,27.71,14333
-409.09,30.04,14345
-410.43,31.50,14357
-411.91,31.76,14368
-406.88,29.94,14381
-409.41,27.46,14392
-412.89,26.15,14403
-410.70,26.36,14415
-410.84,28.09,14427
-411.03,30.42,14439
-410.17,31.58,14450
-409.99,31.29,14462
-406.75,29.21,14474
-406.91,27.37,14486
-415.38,26.57,14497
-412.10,27.05,14510
-410.10,29.05,14521
-407.86,30.76,14533
-412.03,31.58,14544
-411.00,30.44,14557
-405.80,28.47,14568
-407.11,26.78,14579
-415.30,26.76,14592
-411.50,27.72,14603
-413.47,29.75,14615
-407.22,31.26,14626
-409.94,31.46,14639
-409.25,29.62,14650
-408.04,27.91,14662
-410.59,26.28,14673
-413.38,27.04,14686
-413.45,28.12,14697
-407.88,30.77,14709
-413.84,31.33,14721
-405.00,31.18,14733
-406.45,28.85,14744
-414.07,27.00,14755
-414.12,26.75,14768
-409.18,26.85,14779
-409.16,29.81,14791
-410.73,30.65,14802
-413.03,31.83,14815
-406.72,29.97,14826
-403.99,27.85,14838
-415.19,26.70,14850
-415.12,26.65,14862
-411.15,27.77,14873
-408.13,29.83,14885
-407.32,31.41,14897
-414.14,30.98,14909
-409.26,29.67,14920
-405.55,27.37,14931
-410.57,26.39,14944
-414.21,27.21,14955
-413.36,28.21,14967
-409.36,30.62,14979
-408.99,31.11,14991
-409.12,30.95,15002
-408.84,28.79,15014
-408.76,26.89,15026
-413.16,26.68,15038
-408.69,27.33,15049
-413.34,29.59,15062
-410.32,30.92,15073
-410.88,31.68,15084
-402.19,29.60,15096
-411.00,27.82,15108
-417.82,26.36,15120
-408.51,26.39,15131
-409.72,28.32,15143
-409.59,30.38,15155
-410.96,32.12,15167
-412.52,31.66,15178
-403.98,29.20,15191
-404.98,27.21,15202
-419.81,26.01,15214
-413.42,26.59,15225
-408.01,28.39,15238
-408.94,30.80,15249
-409.21,31.71,15260
-411.52,31.08,15272
-408.29,29.08,15284
-404.18,26.93,15296
-414.41,27.09,15307
-414.66,27.33,15320
-409.14,29.56,15331
-410.71,30.85,15343
-409.43,30.95,15354
-407.24,29.88,15367
-410.42,27.74,15378
-408.63,26.75,15390
-411.97,27.04,15401
-412.59,28.35,15414
-409.86,30.41,15425
-408.18,31.45,15436
-413.53,31.39,15449
-403.45,28.87,15460
-414.41,26.95,15472
-412.66,26.17,15483
-409.53,26.56,15496
-410.73,28.88,15507
-407.81,31.05,15519
-413.63,32.08,15531
-406.53,30.92,15543
-404.95,28.79,15554
-413.17,27.11,15566
-416.29,26.63,15578
-411.26,27.32,15590
-407.04,28.97,15601
-409.23,30.57,15612
-416.45,30.93,15625
-406.59,29.45,15636
-406.58,28.10,15648
-411.74,27.18,15660
-412.96,27.59,15672
-413.30,28.65,15683
-409.72,30.48,15695
-406.36,31.16,15707
-412.43,30.90,15719
-409.99,28.37,15730
-406.67,26.72,15742
-412.02,26.27,15754
-411.16,27.31,15765
-411.92,29.59,15777
-410.90,31.40,15789
-409.98,31.68,15801
-409.59,30.42,15812
-404.73,28.05,15824
-408.75,26.80,15836
-417.49,27.04,15848
23.53,27.89,15859
-2931.92,29.70,15872
-411.33,30.78,15883
-411.91,30.53,15895
-406.34,28.96,15906
-406.92,27.64,15919
-416.51,27.04,15930
-411.62,27.79,15941
-410.57,29.16,15953
-405.13,31.04,15965
-411.60,31.67,15977
-411.94,30.60,15988
-407.72,28.26,16001
-408.14,25.93,16012
-415.01,26.08,16024
-414.60,26.84,16035
-410.75,29.37,16048
-408.39,31.31,16059
-408.38,32.03,16071
-408.79,31.05,16082
-409.99,28.34,16095
-411.67,26.81,16106
-412.13,26.43,16117
-412.52,27.33,16130
-411.69,29.23,16141
-409.19,30.56,16153
-413.08,31.23,16164
-404.95,29.62,16177
-406.92,28.25,16188
-415.85,27.08,16200
-412.00,27.20,16211
-407.67,28.65,16224
-409.52,30.64,16235
-409.81,31.51,16247
-408.22,30.40,16259
-404.80,28.34,16270
-413.31,26.57,16282
-416.98,26.25,16293
-411.37,27.41,16306
-409.12,29.59,16317
-405.83,31.82,16329
-413.41,32.24,16340
-407.90,30.69,16353
-404.27,28.14,16364
-413.14,26.30,16376
-414.31,25.95,16388
-413.41,27.31,16400
-410.74,29.23,16411
-409.77,31.18,16423
-408.71,31.34,16435
-410.31,30.49,16446
-409.54,28.08,16458
-409.93,27.56,16470
-411.19,26.90,16482
-415.47,27.89,16493
-406.95,29.78,16505
-414.86,30.25,16517
-407.22,30.95,16529
-403.75,28.76,16540
-414.06,27.50,16552
-416.63,26.87,16564
-405.37,26.98,16576
-412.94,29.58,16587
-409.20,31.06,16600
-413.04,31.77,16611
-411.27,29.88,16622
-401.71,28.06,16634
-419.20,26.24,16646
-408.73,26.91,16658
-409.46,27.98,16669
-408.57,29.84,16681
-413.56,31.44,16693
-410.06,30.31,16705
-405.20,29.04,16716
-405.80,27.62,16729
-416.58,27.37,16740
-413.29,27.98,16752
-410.26,28.95,16763
-407.27,30.88,16776
-411.49,30.23,16787
-409.69,30.70,16798
-407.88,28.03,16811
-410.88,26.85,16822
-411.45,27.20,16834
-413.53,27.23,16845
-410.33,30.67,16858
-409.48,30.80,16869
-411.25,32.24,16881
-404.85,29.72,16892
-407.55,27.33,16905
-414.36,26.69,16916
-410.12,26.25,16928
-409.29,28.81,16940
-412.89,29.97,16951
-409.07,31.71,16963
-417.40,29.91,16974
-404.08,29.08,16987
-402.63,26.87,16998
-418.38,27.44,17010
-412.35,28.54,17021
-405.66,29.38,17034
-410.77,31.58,17045
-415.33,30.72,17057
-408.27,29.47,17069
-403.22,27.21,17081
-413.72,26.03,17092
-413.49,26.87,17104
-413.74,28.10,17116
-410.18,30.54,17127
-401.34,31.63,17139
-413.72,32.19,17150
-409.51,29.75,17163
-405.90,27.49,17174
-413.21,26.49,17186
-412.71,26.37,17198
-412.54,28.62,17210
-411.47,30.26,17221
-408.03,31.24,17233
-410.33,30.90,17245
-406.82,28.33,17257
-409.95,27.49,17268
-412.86,27.16,17281
-409.22,28.30,17292
-410.37,30.18,17303
-409.68,31.10,17315
-410.08,30.38,17327
-410.56,28.96,17339
-408.75,26.71,17350
-407.57,26.38,17362
-417.51,27.49,17374
-412.14,28.89,17386
-405.18,31.06,17397
-410.66,31.80,17410
-405.90,31.09,17421
-407.00,29.28,17433
-410.27,27.20,17444
-412.82,26.22,17456
-413.71,26.79,17468
-411.77,28.33,17479
-405.37,30.24,17491
-412.92,31.69,17503
-406.70,30.72,17515
-407.29,29.08,17526
-411.45,27.41,17539
-410.74,27.09,17550
-413.55,28.36,17562
-407.98,29.76,17573
-409.06,31.33,17586
-411.58,30.70,17597
-407.96,28.99,17609
-409.73,26.01,17620
-411.72,27.46,17632
-413.40,26.07,17644
-406.58,30.29,17655
-413.18,31.48,17668
-404.75,31.41,17679
-410.63,31.70,17691
-411.53,27.59,17702
-401.06,26.84,17715
-420.56,25.87,17726
-411.44,26.82,17738
-408.86,28.87,17750
-411.41,31.47,17762
-413.31,31.34,17773
-407.02,30.83,17785
-407.94,28.81,17797
-410.64,27.01,17808
-416.28,27.24,17820
-410.09,28.05,17831
-409.66,29.66,17844
-409.80,31.20,17855
-409.37,30.51,17867
-408.62,29.13,17879
-407.36,27.26,17891
-416.34,26.27,17902
-409.54,27.54,17914
-410.65,29.48,17926
-409.15,31.24,17938
-410.56,32.16,17949
-406.84,30.74,17961
-407.69,27.81,17973
-411.38,26.73,17984
-412.84,25.84,17996
-413.90,27.38,18008
-408.30,29.61,18020
-407.66,30.90,18031
-415.44,31.89,18043
-405.80,30.66,18055
-403.96,28.27,18067
-412.12,27.31,18078
-414.50,26.64,18091
-411.11,27.83,18102
-409.79,29.63,18114
-408.69,30.89,18125
-412.65,30.93,18138
-407.27,29.23,18149
-406.61,27.35,18161
-412.85,26.71,18172
-410.13,27.53,18184
-411.44,28.87,18196
-406.10,30.99,18207
-412.84,31.88,18220
-407.41,30.40,18231
-405.67,28.74,18243
-415.10,26.53,18254
-412.71,26.44,18267
-410.19,27.40,18278
-409.85,29.26,18290
-408.43,31.52,18301
-411.11,31.32,18314
-408.11,30.14,18325
-406.15,27.81,18337
-413.50,27.00,18349
-412.42,27.09,18360
-409.49,28.53,18372
-411.51,30.27,18383
-408.25,30.99,18396
-411.88,30.84,18407
-407.63,28.22,18419
-404.88,26.99,18430
-416.58,26.84,18443
-410.84,27.29,18454
-411.67,30.07,18466
-408.03,31.12,18478
-410.38,31.94,18490
-408.59,30.37,18501
-405.51,28.21,18513
-410.67,26.24,18525
-412.75,26.29,18537
-412.86,27.35,18548
-411.26,29.53,18560
-411.43,31.32,18572
-408.95,31.54,18583
-408.03,30.29,18595
-407.07,28.13,18607
-413.63,26.98,18619
-410.87,27.27,18630
-412.24,28.38,18642
-407.78,29.97,18654
-412.84,30.98,18666
-410.35,29.99,18677
-405.86,28.54,18690
-411.50,27.28,18701
-411.85,26.98,18713
-410.78,28.34,18724
-411.18,29.90,18736
-407.36,31.28,18748
-409.26,31.37,18759
-409.29,29.90,18771
-406.14,27.20,18783
-414.22,26.14,18795
-414.90,26.06,18806
-411.13,27.80,18819
-407.73,30.51,18830
-408.02,32.00,18842
-412.47,31.84,18853
-407.52,29.63,18866
-406.07,27.41,18877
-413.62,26.54,18889
-412.48,26.89,18900
-412.56,28.55,18913
-409.29,30.43,18924
-409.97,30.98,18935
-409.78,30.14,18948
-407.02,28.65,18959
-410.97,27.10,18971
-412.73,27.57,18982
-410.58,28.47,18995
-410.22,30.26,19006
-409.54,31.39,19018
-409.58,30.87,19030
-407.39,29.27,19042
-409.71,27.24,19053
-414.25,26.26,19065
-411.62,26.71,19077
-410.32,28.82,19089
-408.31,30.67,19100
-411.38,32.12,19111
-408.48,31.48,19124
-406.78,29.26,19135
-410.19,26.99,19147
-412.63,26.35,19159
-411.20,26.78,19171
-412.42,28.88,19182
-408.20,30.33,19194
-410.44,31.44,19206
-409.43,30.18,19218
-406.63,28.60,19229
-410.67,27.52,19241
-413.15,27.07,19253
-410.82,28.26,19265
-410.87,29.88,19276
-407.08,31.01,19289
-413.02,30.75,19300
-407.96,29.04,19311
-407.50,27.20,19323
-413.15,26.25,19335
-409.42,27.09,19347
-411.30,28.74,19358
-409.25,31.01,19371
-411.62,32.06,19382
-407.70,30.68,19394
-406.81,28.92,19405
-412.61,26.44,19418
-414.18,26.66,19429
-410.26,27.30,19441
-411.20,29.52,19452
-408.45,31.13,19465
-412.64,31.42,19476
-406.21,30.04,19488
-405.25,28.17,19500
-414.80,27.02,19511
-412.21,27.25,19523
-410.68,28.30,19534
-409.55,30.17,19547
-409.12,30.99,19558
-412.65,30.59,19570
-409.10,28.76,19581
-403.75,26.88,19594
-415.90,26.61,19605
-413.19,26.79,19617
-410.34,29.19,19629
-410.46,30.95,19641
-408.69,32.08,19652
-410.49,30.98,19664
-408.68,28.84,19676
-405.53,26.92,19687
-413.73,26.62,19699
-413.75,26.87,19710
-410.06,29.05,19723
-412.85,30.56,19734
-406.58,31.17,19746
-408.17,29.84,19758
-408.13,28.26,19770
-414.96,27.37,19781
-411.70,27.41,19793
-408.40,28.55,19805
-409.08,30.12,19817
-412.99,31.07,19828
-410.89,30.11,19841
-406.36,28.33,19852
-410.16,26.59,19864
-414.10,26.58,19875
-411.51,27.55,19887
-410.99,29.77,19899
-407.69,31.66,19910
-413.34,32.02,19922
-407.06,30.25,19934
-404.13,28.32,19946
-412.25,26.53,19957
-414.95,26.77,19970
-410.83,27.50,19981
-409.92,29.38,19993
-407.63,31.05,20004
-412.09,31.16,20017
-409.07,30.03,20028
-404.60,28.12,20040
-410.81,27.33,20051
-414.47,27.15,20063
-411.86,28.38,20075
-409.76,30.28,20086
-407.32,31.12,20099
-411.12,30.48,20110
-406.38,28.77,20122
-412.23,26.82,20133
-413.09,27.06,20146
-410.48,27.73,20157
-411.12,29.88,20169
-411.40,31.20,20180
-408.84,31.26,20193
-406.94,29.81,20204
-410.22,27.82,20216
-411.79,26.81,20228
-414.41,26.98,20240
-411.23,27.98,20251
-407.60,30.02,20262
-411.07,30.89,20275
-411.28,30.87,20286
-406.69,29.10,20298
-407.82,27.70,20310
-413.27,27.23,20322
-412.06,27.72,20333
-410.73,29.53,20345
-407.01,30.75,20357
-412.78,30.97,20369
-411.62,29.52,20380
-405.51,27.63,20392
-410.03,26.45,20404
-414.01,27.02,20416
-409.32,28.53,20427
-412.55,30.51,20439
-408.60,31.27,20451
-408.61,31.36,20462
-411.90,29.65,20474
-406.37,27.88,20486
-415.22,26.85,20498
-409.74,27.16,20509
-411.94,28.43,20521
-408.98,29.87,20533
-412.36,30.95,20545
-407.90,30.41,20556
-406.56,29.24,20569
-411.67,27.30,20580
-413.59,27.30,20592
-408.73,27.97,20603
-409.40,29.72,20616
-408.31,31.30,20627
-413.79,31.19,20638
-409.25,29.37,20651
-405.86,26.91,20662
-413.76,25.89,20674
-412.77,26.59,20685
-410.30,28.67,20698
-411.20,31.36,20709
-404.73,32.51,20721
-411.16,31.89,20732
-408.42,29.54,20745
-408.30,26.87,20756
-412.76,26.07,20768
-413.13,26.19,20780
-411.12,28.32,20792
-411.50,30.50,20803
-409.94,31.53,20814
-409.78,31.12,20827
-406.42,29.16,20838
-407.99,27.42,20850
-413.33,27.26,20861
-409.67,27.64,20874
-409.86,30.24,20885
-410.86,31.07,20897
-413.03,31.29,20909
-404.51,28.93,20921
-407.60,26.82,20932
-414.64,26.22,20944
-412.78,26.91,20956
-410.86,29.33,20968
-405.87,31.34,20979
-409.31,32.41,20992
-411.76,31.51,21003
-405.28,28.82,21014
-410.90,26.50,21026
-413.47,26.11,21038
-410.33,26.72,21050
-413.68,28.78,21061
-409.20,30.82,21073
-407.96,31.58,21085
-409.35,30.58,21097
-403.86,28.79,21108
-410.15,27.37,21121
-415.11,27.24,21132
-406.90,28.21,21144
-409.63,29.90,21155
-411.52,30.87,21168
-411.23,30.85,21179
-408.04,28.69,21191
-405.49,27.34,21202
-410.48,26.54,21214
-415.90,27.49,21226
-411.95,29.41,21237
-406.42,31.23,21250
-413.32,32.26,21261
-406.51,30.88,21273
-410.18,28.78,21284
-408.97,25.94,21297
-414.45,26.09,21308
-412.00,26.56,21320
-411.72,29.31,21331
-407.89,31.30,21344
-408.88,31.78,21355
-407.29,30.95,21367
-407.32,28.32,21379
-415.06,27.08,21390
-409.42,26.70,21402
-410.19,28.06,21413
-411.85,30.21,21426
-410.57,31.33,21437
-412.84,30.87,21449
-403.14,28.81,21460
-410.45,27.12,21473
-415.45,26.33,21484
-410.39,27.37,21496
-410.81,29.68,21508
-407.24,31.43,21520
-411.35,32.17,21531
-411.75,30.49,21543
-405.39,28.18,21555
-405.96,26.21,21567
-417.30,26.02,21578
-412.34,26.93,21590
-411.39,29.49,21602
-408.85,31.15,21613
-409.63,32.09,21625
-411.39,30.28,21637
-408.38,28.19,21649
-414.40,26.70,21660
-409.31,26.52,21672
-412.25,28.31,21684
-409.87,29.92,21696
-411.63,31.14,21707
-407.61,30.78,21720
-407.33,28.83,21731
-412.05,27.11,21743
-415.68,26.59,21754
-408.75,27.44,21766
-410.10,29.48,21778
-410.08,31.45,21789
-410.54,31.91,21801
-409.98,30.38,21813
-405.21,28.15,21825
-409.98,26.28,21836
-417.15,26.37,21849
-410.78,27.14,21860
-409.49,29.68,21872
-411.05,31.26,21883
-411.04,31.40,21896
-407.23,30.03,21907
-405.43,28.32,21919
-410.67,27.29,21931
-413.03,27.09,21943
-412.98,28.38,21954
-409.81,29.84,21965
-409.78,30.75,21978
-412.97,30.15,21989
-405.84,28.51,22001
-408.31,26.87,22012
-410.88,27.14,22025
-411.08,27.61,22036
-408.35,30.01,22048
-409.40,31.21,22060
-411.35,31.47,22072
-404.95,29.83,22083
-409.01,27.59,22095
-415.86,26.02,22107
-411.97,26.39,22119
-409.38,27.85,22130
-410.49,30.44,22142
-408.84,31.69,22154
-413.80,31.76,22165
-404.80,29.61,22177
-404.59,27.78,22189
-417.82,26.85,22201
-414.02,26.76,22212
-408.71,28.55,22224
-410.43,30.36,22236
-408.25,31.13,22248
-413.12,30.52,22259
-409.01,28.72,22272
-404.99,27.06,22283
-413.21,26.93,22295
-415.54,27.92,22306
-410.63,29.72,22319
-407.63,31.33,22330
-409.89,31.34,22341
-408.95,29.62,22353
-408.12,27.67,22365
-411.19,26.02,22377
-412.04,26.58,22388
-409.50,28.15,22401
-410.60,30.49,22412
-410.58,31.69,22424
-405.95,30.97,22435
-407.92,29.48,22448
-412.64,27.28,22459
-414.89,26.83,22471
-409.16,27.01,22482
-408.19,28.75,22495
-412.04,30.76,22506
-415.39,30.96,22518
-407.25,30.23,22530
-403.02,28.21,22541
-413.13,27.20,22553
-414.95,27.37,22564
-412.22,28.27,22577
-406.02,30.19,22588
-406.84,31.27,22600
-415.01,31.16,22611
-409.03,29.20,22624
-406.56,26.83,22635
-410.72,26.12,22647
-412.91,26.88,22659
-415.22,28.97,22671
-410.03,31.00,22682
-406.46,32.00,22694
-409.74,31.38,22706
-407.40,29.12,22717
-408.58,26.99,22729
-413.58,26.43,22740
-410.63,26.81,22753
-410.33,29.20,22764
-411.99,30.77,22776
-411.51,31.43,22788
-402.97,30.12,22800
-408.50,28.30,22811
-416.43,27.27,22823
-411.76,27.09,22835
-408.81,28.26,22847
-407.48,29.62,22858
-412.92,30.92,22871
-412.87,30.77,22882
-406.08,29.08,22894
-405.70,27.45,22905
-415.92,26.79,22917
-413.31,27.59,22929
-410.73,28.88,22940
-406.79,31.57,22952
-407.81,31.27,22964
-411.60,31.25,22976
-409.54,28.35,22987
-407.04,26.51,23000
-411.13,26.87,23011
-413.82,26.77,23023
-409.50,30.25,23034
-408.92,30.76,23047
-411.00,31.70,23058
-405.50,30.05,23070
-408.38,27.67,23081
-414.66,27.35,23094
-409.81,26.34,23105
-410.05,28.90,23116
-411.64,29.64,23129
-411.37,31.33,23140
-410.66,30.61,23152
-408.00,28.87,23163
-414.34,27.78,23176
-415.96,26.41,23187
-409.16,27.83,23199
-406.79,28.85,23211
-411.56,30.97,23223
-414.00,31.65,23234
-406.82,30.31,23246
-404.52,28.34,23258
-412.94,26.25,23270
-416.16,26.81,23281
-412.31,27.01,23292
-409.67,30.03,23305
-406.10,30.97,23316
-414.59,31.33,23328
-408.58,30.07,23340
-404.99,27.66,23352
-413.00,27.26,23363
-412.66,26.99,23375
-410.93,28.76,23387
-410.23,30.26,23399
-409.54,30.91,23410
-411.14,30.68,23422
-407.75,28.39,23434
-410.29,27.26,23446
-412.04,26.75,23457
-410.19,27.82,23470
-408.66,29.82,23481
-410.67,31.30,23492
-411.02,31.93,23504
-408.58,29.81,23516
-407.90,27.91,23528
-408.22,25.97,23539
-415.17,26.18,23552
-410.06,27.74,23563
-408.13,30.17,23575
-413.32,32.06,23586
-409.32,31.92,23599
-404.26,29.93,23610
-408.89,27.90,23622
-415.84,26.57,23633
-411.13,27.01,23646
-410.97,28.41,23657
-407.28,30.16,23668
-412.30,31.14,23681
-409.02,30.61,23692
-406.58,28.58,23704
-409.66,26.88,23715
-413.30,27.15,23728
-411.87,27.56,23739
-411.14,29.97,23751
-406.47,31.13,23762
-412.31,31.40,23775
-410.18,30.05,23786
-405.04,27.44,23798
-411.78,26.47,23810
-415.13,26.50,23822
-408.65,27.86,23833
-411.64,30.43,23844
-407.29,31.58,23857
-409.21,31.59,23868
-408.11,29.30,23880
-407.82,27.46,23891
-410.59,26.41,23904
-413.18,27.20,23915
-412.26,28.83,23927
-409.30,30.48,23939
-412.56,31.48,23951
-406.44,30.03,23962
-407.25,28.47,23974
-414.63,27.05,23986
-412.68,27.11,23998
-409.68,28.19,24009
-410.55,30.16,24020
-409.04,31.45,24033
-410.06,31.32,24044
-407.84,29.61,24056
-408.00,27.32,24068
-414.42,26.35,24080
-412.46,26.39,24091
-410.65,28.40,24103
-408.21,30.32,24115
-410.21,31.93,24127
-410.47,31.29,24138
-404.98,29.47,24151
-408.86,27.35,24162
-414.13,26.97,24174
-410.69,27.20,24185
-411.94,28.90,24197
-410.18,30.45,24209
-412.21,30.97,24220
-408.82,29.84,24232
-407.95,28.26,24244
-408.96,26.97,24256
-412.83,27.61,24267
-410.32,28.82,24280
-410.15,30.63,24291
-406.25,31.78,24303
-414.96,30.72,24314
-408.76,28.75,24327
-412.57,26.35,24338
-414.95,25.87,24349
-411.14,26.79,24361
-409.97,29.13,24373
-407.83,31.29,24385
-410.89,32.42,24396
-406.85,31.56,24409
-404.98,29.22,24420
-410.77,27.04,24432
-414.59,26.34,24443
-412.79,26.53,24456
-411.76,28.78,24467
-409.44,30.18,24479
-411.43,31.36,24491
-411.08,30.39,24503
-405.73,28.47,24514
-410.80,27.37,24525
-412.90,26.99,24538
-409.50,28.27,24549
-410.92,29.90,24561
-410.39,30.87,24572
-410.64,30.57,24585
-407.94,28.53,24596
-408.69,26.81,24608
-413.43,26.29,24620
-411.64,27.23,24632
-411.91,29.30,24643
-408.39,31.41,24655
-409.17,32.04,24667
-411.53,30.44,24679
-406.30,28.48,24690
-406.11,26.56,24701
-415.10,26.33,24714
-409.27,27.40,24725
-409.02,29.13,24737
-413.22,31.04,24749
-408.48,31.14,24761
-406.54,30.01,24772
-408.96,27.93,24784
-413.69,27.35,24796
-410.09,27.41,24808
-411.29,28.66,24819
-408.49,30.18,24832
-412.11,31.25,24843
-411.22,30.42,24854
-406.28,28.44,24866
-408.24,26.91,24878
-414.31,26.78,24890
-413.52,27.60,24901
-410.41,29.91,24913
-406.15,31.58,24925
-412.23,31.67,24937
-408.21,30.37,24948
-407.21,27.93,24961
-409.45,26.61,24972
-414.11,26.56,24984
-411.91,27.75,24995
-411.97,29.69,25008
-408.28,30.73,25019
-412.02,30.88,25030
-408.30,29.54,25042
-404.36,27.78,25054
-413.61,27.59,25066
-411.86,27.71,25077
-410.09,29.27,25090
-411.96,30.58,25101
-414.08,31.17,25113
-406.82,29.81,25124
-405.93,28.15,25137
-414.21,26.50,25148
-413.63,26.62,25160
-407.60,27.73,25171
-411.78,30.32,25184
-408.59,31.55,25195
-410.19,32.01,25206
-409.04,29.81,25219
-405.79,27.59,25230
-414.48,26.18,25242
-416.70,26.46,25253
-408.75,27.98,25266
-408.83,30.07,25277
-409.28,31.62,25289
-410.90,31.16,25300
-408.89,29.27,25313
-407.29,27.09,25324
-410.14,26.80,25336
-414.40,27.34,25348
-411.71,29.05,25360
-409.40,30.55,25371
-410.11,31.20,25382
-407.62,30.26,25395
-408.21,28.57,25406
-410.71,26.22,25418
-412.83,26.70,25430
-410.11,27.40,25442
-412.13,29.98,25453
-411.35,31.63,25465
-410.33,31.88,25477
-407.79,30.22,25489
-411.46,27.62,25500
-416.22,26.25,25512
-410.16,26.36,25524
-409.87,27.99,25535
-408.88,30.20,25547
-414.68,31.37,25559
-406.84,31.03,25571
-405.79,28.89,25582
-411.15,27.68,25594
-413.02,27.23,25606
-412.92,27.76,25618
-408.82,29.42,25629
-405.61,30.73,25641
-415.77,31.34,25653
-409.50,29.80,25665
-406.26,27.93,25676
-409.63,26.47,25689
-414.27,26.61,25700
-412.36,27.87,25711
-409.46,30.48,25723
-406.64,31.98,25735
-411.05,32.06,25747
-408.60,29.96,25758
-404.55,27.45,25771
-413.23,26.22,25782
-413.34,26.42,25794
-411.55,28.03,25805
-414.33,30.11,25818
-407.44,31.26,25829
-408.04,31.04,25841
-407.88,29.14,25852
-407.21,27.77,25865
-414.23,27.14,25876
-408.98,28.10,25887
-408.04,29.50,25900
-412.09,30.94,25911
-411.72,30.82,25923
-404.82,29.37,25934
-408.04,27.85,25947
-416.29,26.84,25958
-411.26,27.09,25970
-410.14,28.37,25981
-407.59,30.50,25994
-410.41,31.62,26005
-410.95,31.20,26017
-406.89,29.40,26029
-407.13,27.21,26041
-414.20,26.24,26052
-412.59,26.73,26063
-413.19,28.19,26076
-406.56,30.49,26087
-410.86,31.14,26099
-409.15,30.61,26110
-405.69,28.65,26123
-408.78,27.28,26134
-416.00,27.41,26146
-408.77,28.14,26158
-409.69,30.08,26170
-413.04,31.01,26181
-408.59,30.76,26193
-410.50,28.80,26205
-408.12,26.79,26217
-410.39,26.15,26228
-416.14,26.95,26240
-410.08,29.09,26252
-407.26,31.20,26263
-412.31,31.85,26275
-406.89,31.19,26287
-407.31,28.92,26299
-410.39,26.85,26310
-414.83,26.33,26322
-411.89,26.76,26334
-408.99,28.82,26346
-409.17,30.24,26357
-413.53,31.49,26370
-405.85,30.44,26381
-406.47,28.91,26392
-414.11,27.52,26404
-409.60,27.21,26416
-412.87,28.03,26428
-410.32,29.69,26439
-406.69,30.80,26451
-414.63,30.69,26463
-407.77,28.70,26475
-406.64,27.18,26486
-414.36,26.32,26499
-411.07,27.54,26510
-410.37,29.32,26522
-410.27,31.42,26533
-408.67,32.16,26546
-408.88,30.77,26557
-407.64,28.70,26568
-408.56,26.28,26580
-414.33,26.37,26592
-412.72,27.19,26604
-410.13,29.23,26615
-410.51,31.31,26628
-410.11,31.67,26639
-409.01,30.19,26651
-406.04,28.47,26662
-413.78,27.07,26675
-411.61,27.06,26686
-410.16,28.22,26698
-409.19,29.91,26710
-412.44,30.68,26722
-407.69,30.65,26733
-408.18,28.84,26744
-411.78,27.19,26757
-411.81,27.01,26768
-410.23,27.46,26780
-412.94,29.77,26791
-407.05,31.38,26804
-411.95,31.80,26815
-409.50,30.59,26827
-404.17,28.09,26839
-412.41,26.67,26851
-416.48,26.31,26862
-410.49,27.42,26874
-410.29,29.64,26886
-406.64,31.38,26897
-414.06,31.63,26909
-409.56,30.01,26920
-404.06,28.08,26933
-411.15,26.86,26944
-415.19,26.98,26956
-411.58,28.08,26968
-411.50,30.01,26980
-408.91,31.08,26991
-408.20,30.94,27003
-410.30,29.11,27015
-407.86,27.61,27027
-410.51,26.71,27038
-411.34,27.39,27051
-411.18,29.40,27062
-408.02,31.01,27073
-412.32,31.62,27085
-403.93,29.94,27097
-407.67,28.25,27109
-416.63,26.43,27120
-411.34,26.52,27132
-408.96,27.76,27144
-409.81,29.91,27156
-409.09,31.44,27167
-411.91,31.40,27180
-408.45,29.71,27191
-403.55,27.71,27203
-415.56,26.70,27214
-412.91,26.77,27227
-409.34,28.36,27238
-409.58,30.43,27249
-411.23,31.26,27261
-412.14,31.01,27273
-406.07,28.98,27285
-405.95,27.22,27296
-413.36,26.80,27309
-411.77,27.24,27320
-410.76,29.36,27332
-409.57,31.08,27343
-409.94,31.56,27356
-409.67,30.35,27367
-408.45,27.79,27379
-407.39,26.45,27390
-415.16,26.70,27403
-413.20,28.01,27414
-409.39,30.41,27425
-410.66,31.73,27438
-407.85,31.33,27449
-406.37,29.53,27461
-410.34,27.48,27472
-414.71,26.94,27485
-410.85,26.89,27496
-410.13,28.80,27508
-407.50,30.06,27520
-413.01,31.41,27532
-409.52,30.52,27543
-405.01,29.00,27555
-410.01,27.30,27567
-414.89,26.54,27578
-412.01,27.55,27590
-408.73,29.34,27601
-408.04,31.11,27614
-414.44,31.48,27625
-405.61,29.81,27637
-407.48,27.91,27649
-410.38,26.32,27661
-413.87,26.83,27672
-411.99,28.30,27684
-410.73,30.40,27696
-406.97,31.64,27708
-412.83,31.02,27719
-408.40,29.04,27731
-405.72,27.17,27743
-412.22,26.95,27754
-414.12,27.31,27766
-409.01,29.09,27778
-408.86,30.86,27790
-408.64,31.27,27801
-411.17,30.23,27813
-407.53,28.55,27825
-412.00,26.73,27837
-411.93,27.10,27848
-412.74,27.72,27860
-409.31,29.92,27872
-408.31,31.23,27884
-412.15,31.34,27895
-405.93,29.76,27908
-408.10,27.77,27919
-414.62,26.55,27930
-412.03,27.05,27942
-410.80,28.37,27954
-409.36,30.86,27966
-409.92,31.55,27977
-409.80,30.92,27990
-407.66,28.42,28001
-409.56,26.74,28013
-414.99,26.57,28024
-410.24,27.55,28037
-409.52,29.73,28048
-410.15,31.11,28060
-409.21,31.59,28071
-409.01,29.94,28083
-408.70,27.91,28095
-408.99,26.52,28106
-414.91,26.37,28119
-411.47,27.83,28130
-408.15,29.88,28142
-409.60,31.58,28153
-412.60,31.71,28166
-406.62,29.83,28177
-408.16,27.66,28189
-409.40,26.25,28200
-412.60,26.57,28213
-411.07,28.40,28224
-407.15,30.34,28236
-413.42,31.79,28248
-405.93,30.70,28259
-407.17,28.88,28271
-414.05,26.70,28282
-411.09,26.80,28295
-409.66,27.62,28306
-412.54,29.69,28318
-407.24,31.40,28329
-412.94,31.27,28342
-406.83,29.66,28353
-406.46,27.69,28365
-414.84,26.32,28377
-413.15,26.96,28389
-408.62,28.33,28400
-411.37,30.32,28412
-409.77,31.49,28424
-413.43,31.02,28435
-404.23,29.07,28447
-405.86,27.19,28459
-415.17,26.75,28471
-415.49,26.89,28482
-409.96,28.72,28494
-408.73,30.62,28506
-409.63,31.58,28518
-411.19,30.83,28529
-407.29,28.48,28541
-406.57,27.05,28553
-412.85,26.77,28565
-413.09,27.75,28576
-411.02,30.18,28589
-409.22,31.30,28600
-410.48,31.35,28611
-405.41,29.22,28623
-410.94,27.32,28635
-415.36,26.60,28647
-408.48,27.00,28658
-409.77,28.79,28670
-409.89,30.58,28682
-409.13,31.74,28694
-409.29,31.12,28705
-407.24,29.05,28718
-407.54,27.24,28729
-415.02,26.60,28741
-411.60,26.91,28752
-409.71,28.65,28764
-409.62,30.49,28776
-414.42,31.77,28787
-405.54,30.73,28800
-404.98,28.79,28811
-412.30,26.68,28823
-412.20,26.65,28834
-412.28,27.53,28847
-410.55,29.83,28858
-406.85,31.51,28870
-414.07,31.39,28881
-408.21,29.31,28894
-404.25,27.35,28905
-412.21,26.30,28917
-414.87,27.00,28929
-411.09,28.50,28940
-410.71,30.77,28952
-406.97,31.72,28963
-412.94,31.02,28976
-404.42,28.82,28987
-414.55,27.18,28999
-412.02,26.50,29010
-409.32,27.12,29023
-411.56,29.10,29034
-410.46,30.71,29046
-410.58,31.07,29058
-410.09,30.34,29070
-404.03,28.24,29081
-413.94,27.16,29093
-414.79,27.01,29105
-408.57,28.02,29116
-409.33,30.14,29128
-413.43,31.45,29139
-408.41,31.15,29152
-407.40,29.56,29163
-405.91,26.97,29175
-413.78,26.66,29187
-414.23,26.79,29199
-410.82,29.00,29210
-406.75,30.60,29222
-411.55,31.82,29234
-410.55,30.90,29246
-406.54,28.49,29257
-406.26,27.14,29270
-415.11,26.74,29281
-411.28,27.58,29292
-411.59,29.32,29304
-407.81,30.93,29316
-412.68,31.19,29328
-409.04,29.69,29339
-408.24,28.13,29351
-409.05,26.78,29363
-411.96,27.21,29375
-409.95,28.23,29386
-409.75,30.31,29399
-411.45,31.34,29410
-409.44,30.98,29422
-404.11,28.93,29433
-410.95,26.99,29445
-415.92,26.37,29457
-409.34,27.31,29468
-411.31,29.24,29480
-407.82,31.14,29492
-412.73,31.82,29504
-407.54,30.35,29515
-405.30,28.44,29528
-411.54,26.85,29539
-414.23,27.03,29551
-412.01,28.02,29562
-407.94,29.86,29575
-408.19,31.23,29586
-414.34,30.82,29598
-407.07,29.51,29609
-406.86,27.51,29621
-412.89,26.85,29633
-414.52,26.99,29644
-410.90,28.51,29657
-409.61,30.48,29668
-407.27,31.57,29680
-414.76,31.14,29691
-405.61,28.96,29704
-406.45,27.00,29715
-414.62,26.51,29727
-411.31,26.98,29739
-410.49,29.30,29751
-407.32,30.82,29762
-410.60,31.63,29774
-408.23,30.08,29786
-405.61,27.70,29797
-413.19,26.45,29809
-414.73,26.57,29820
-408.39,28.11,29833
-409.93,30.41,29844
-409.16,31.68,29856
-410.89,31.31,29868
-405.47,29.17,29880
-408.69,27.14,29891
-414.41,26.32,29903
-411.45,27.21,29915
-410.97,29.03,29927
-409.57,31.04,29938
-408.31,32.06,29950
-411.10,30.71,29962
-407.58,28.75,29973
-406.09,26.68,29985
-415.06,26.47,29997
-412.39,27.20,30009
-409.57,29.12,30020
-408.22,31.01,30032
-411.02,31.50,30044
-408.79,30.26,30056
-407.88,28.29,30067
-409.00,26.61,30080
-414.86,26.81,30091
-411.28,27.95,30103
-411.61,30.04,30114
-408.03,31.39,30126
-412.29,31.22,30138
-405.21,29.17,30149
-411.80,27.47,30161
-414.10,26.56,30173
-411.47,27.27,30185
-410.64,28.81,30196
-406.85,30.87,30209
-413.22,31.64,30220
-408.42,30.58,30232
-406.18,28.41,30243
-412.39,26.70,30256
-413.15,26.61,30267
-409.64,27.41,30279
-412.32,29.67,30290
-408.94,30.92,30302
-410.45,31.70,30314
-408.16,29.97,30325
-405.99,28.39,30338
-413.70,26.79,30349
-412.25,26.83,30361
-409.47,27.91,30372
-409.58,29.98,30385
-411.75,31.28,30396
-412.36,30.84,30408
-403.64,29.33,30419
-407.69,27.21,30432
-415.65,26.92,30443
-411.85,27.35,30455
-410.19,29.43,30467
-408.95,31.04,30478
-408.73,31.90,30490
-412.89,30.46,30501
-408.21,28.31,30514
-403.49,26.64,30525
-413.70,26.65,30537
-410.77,27.45,30548
-408.84,29.52,30561
-409.49,31.10,30572
-411.01,31.53,30584
-406.44,29.95,30596
-407.60,28.18,30608
-414.66,26.74,30619
-411.07,27.12,30631
-411.29,27.91,30643
-410.40,30.06,30654
-410.58,30.98,30666
-410.29,30.63,30678
-405.64,29.03,30690
-408.87,27.30,30701
-415.80,27.13,30713
-410.50,27.54,30725
-408.44,29.40,30737
-409.75,31.01,30748
-412.02,31.22,30760
-410.28,29.99,30772
-404.66,27.82,30784
-410.57,26.76,30795
-415.86,26.75,30807
-410.19,27.64,30819
-410.83,30.15,30830
-408.52,31.05,30842
-410.81,31.40,30854
-410.51,29.57,30866
-405.02,27.73,30877
-409.52,26.81,30889
-415.73,27.10,30901
-410.54,28.64,30913
-409.75,30.58,30924
-413.42,31.29,30937
-406.85,30.60,30948
-407.40,28.47,30960
-412.10,27.01,30971
-414.69,26.77,30983
-409.58,27.61,30995
-409.91,29.62,31006
-408.35,31.13,31019
-413.41,31.38,31030
-407.18,29.57,31042
-406.18,27.60,31053
-413.67,26.36,31066
-414.41,26.52,31077
-411.95,28.15,31089
-409.27,30.10,31100
-407.60,31.54,31113
-413.36,31.35,31124
-406.95,29.46,31136
-406.06,27.68,31148
-412.10,26.22,31159
-412.41,27.25,31171
-411.21,28.44,31182
-409.10,30.55,31195
-409.43,31.26,31206
-410.19,30.64,31218
-407.47,28.66,31229
-406.15,27.05,31242
-415.21,27.17,31253
-411.06,27.79,31265
-408.84,30.10,31277
-410.69,31.44,31289
-408.62,31.50,31300
-405.81,29.64,31312
-408.70,27.27,31324
-415.19,26.05,31335
-412.51,26.46,31347
-410.28,27.98,31358
-407.40,30.53,31371
-412.48,31.69,31382
-407.82,31.55,31394
-407.92,29.52,31406
-408.40,27.51,31418
-412.53,26.61,31429
-413.15,26.68,31441
-410.01,28.68,31453
-408.14,30.38,31465
-414.23,31.33,31476
-408.11,30.37,31488
-405.60,28.39,31500
-411.30,27.30,31511
-412.71,26.89,31523
-410.66,28.21,31535
-411.93,30.23,31547
-405.83,31.29,31558
-412.08,31.31,31570
-409.13,29.20,31582
-405.93,27.29,31594
-412.94,26.26,31605
-414.12,26.76,31618
-408.19,28.82,31629
-411.92,30.97,31641
-406.26,32.29,31652
-411.51,31.34,31664
-407.46,29.14,31676
-405.26,27.11,31687
-414.96,26.23,31699
-409.01,26.61,31711
-412.24,28.45,31723
-406.95,30.47,31734
-411.32,31.52,31747
-409.79,30.93,31758
-404.27,28.89,31770
-411.61,27.35,31781
-415.31,27.43,31794
-407.93,28.01,31805
-410.45,30.14,31817
-409.43,31.04,31828
-409.44,30.58,31840
-408.81,29.32,31852
-408.34,26.60,31863
-413.73,26.33,31876
-415.30,26.85,31887
-407.01,28.83,31899
-409.23,31.59,31910
-414.14,32.49,31923
-405.99,30.99,31934
-409.14,29.27,31946
-409.38,26.21,31958
-411.21,26.16,31970
-415.81,26.83,31981
-411.36,28.69,31993
-405.85,31.10,32005
-415.33,31.62,32016
-406.86,30.91,32028
-405.68,28.61,32039
-410.15,27.32,32052
-412.46,26.65,32063
-410.31,27.96,32075
-408.28,29.75,32087
-413.36,30.71,32099
-409.86,31.07,32110
-403.74,28.62,32122
-412.46,27.23,32134
-412.83,26.48,32146
-410.19,27.07,32157
-412.56,29.64,32168
-405.81,30.99,32181
-412.97,32.30,32192
-407.51,30.58,32204
-405.62,28.56,32216
-413.48,26.47,32228
-413.45,26.12,32239
-410.54,26.88,32251
-412.58,28.97,32263
-408.78,30.92,32275
-410.69,31.55,32286
-407.35,30.42,32299
-404.56,28.56,32310
-413.03,27.30,32322
-413.65,27.46,32333
-407.90,28.12,32345
-411.73,29.95,32357
-408.88,30.86,32368
-413.53,30.11,32380
-407.43,28.70,32392
-406.42,27.05,32404
-413.84,27.26,32415
-414.54,27.77,32428
-407.48,29.77,32439
-408.29,31.43,32451
-409.10,31.93,32462
-407.21,30.42,32475
-406.02,28.00,32486
-413.42,26.25,32498
-415.49,26.03,32509
-410.21,26.88,32521
-407.74,29.53,32533
-411.24,31.13,32544
-411.18,32.09,32557
-405.89,30.49,32568
-407.00,28.46,32580
-412.63,27.55,32591
-411.68,27.05,32604
-411.56,28.12,32615
-410.53,29.70,32627
-410.38,30.51,32638
-410.54,30.38,32651
-404.68,28.79,32662
-411.31,27.59,32674
-414.11,27.20,32686
-409.46,27.92,32697
-411.10,29.46,32709
-406.14,31.12,32720
-412.70,31.70,32733
-411.17,30.02,32744
-403.33,27.85,32756
-410.85,26.03,32768
-418.35,26.18,32780
-410.35,27.40,32791
-408.12,29.77,32803
-410.13,31.56,32815
-409.90,31.60,32827
-409.33,30.00,32838
-406.57,28.21,32850
-414.53,26.99,32862
-413.47,27.42,32873
-410.11,28.35,32885
-407.35,29.95,32897
-413.85,30.68,32909
-408.91,30.11,32920
-405.09,28.53,32932
-413.39,27.17,32944
-413.72,27.02,32956
-408.37,27.72,32967
-412.45,29.58,32979
-408.03,31.18,32991
-410.71,31.62,33003
-408.58,30.25,33014
-405.26,27.95,33026
-412.60,26.34,33038
-415.59,26.44,33049
-410.19,27.51,33061
-409.18,29.95,33073
-411.09,31.24,33085
-412.01,31.22,33096
-407.28,29.27,33108
-405.35,27.56,33120
-411.91,27.37,33132
-414.52,27.71,33143
-409.92,29.22,33156
-408.95,30.37,33167
-409.93,30.68,33179
-411.62,29.78,33190
-407.13,28.02,33202
-408.47,26.98,33214
-412.43,27.12,33225
-412.08,28.21,33238
-406.67,30.38,33249
-410.08,31.64,33261
-411.00,32.02,33272
-405.89,29.61,33285
-408.78,27.69,33296
-415.20,26.12,33308
-410.11,26.40,33319
-412.09,27.91,33332
-408.85,30.10,33343
-411.00,31.50,33355
-408.97,31.23,33367
