9⸮7758.00
3374.00
-407.26,29.30,1134
-409.19,29.62,1136
-410.87,29.43,1137
-413.06,29.45,1148
-412.91,29.81,1160
-407.80,29.29,1172
-409.32,28.43,1183
-412.02,29.83,1196
-408.19,30.23,1207
-405.94,30.10,1219
-412.52,30.10,1230
-416.28,30.13,1242
-411.87,29.36,1254
-404.59,27.91,1265
-408.43,28.93,1277
-413.16,29.82,1289
-408.05,29.52,1301
-407.72,29.64,1312
-412.59,30.41,1325
-413.22,29.89,1336
-411.00,28.66,1348
-406.90,29.12,1359
-409.32,30.05,1372
-410.47,29.66,1383
-408.92,29.16,1395
-413.17,29.51,1406
-414.72,28.96,1418
-410.42,28.53,1430
-407.91,28.64,1441
-410.00,30.47,1454
-408.77,30.53,1465
-406.69,30.13,1477
-409.26,30.01,1488
-415.27,29.34,1501
-412.55,28.70,1512
-408.17,28.06,1524
-411.14,29.89,1536
-408.72,30.06,1548
-410.65,29.58,1559
-410.87,29.62,1571
-414.94,29.48,1583
-409.71,29.08,1594
-405.16,28.52,1606
-410.21,30.22,1617
-410.54,30.64,1630
-406.71,29.93,1641
-411.87,29.56,1653
-413.51,29.37,1665
-412.23,28.63,1677
-410.17,27.65,1688
-406.87,28.98,1700
-409.88,30.24,1712
-411.17,30.23,1724
-408.62,30.35,1735
-412.01,30.68,1747
-411.17,29.49,1759
-408.86,28.46,1770
-407.82,28.66,1782
-412.33,29.60,1794
-408.70,29.47,1806
-407.75,29.37,1817
-413.00,29.90,1829
-414.50,29.52,1841
-409.13,28.93,1853
-405.76,28.98,1864
-409.26,30.33,1876
-411.15,30.21,1888
-408.31,29.84,1900
-409.23,29.87,1911
-414.29,29.21,1924
-407.67,28.70,1935
-409.05,27.93,1946
-409.05,29.40,1958
-409.49,30.06,1970
-409.56,29.61,1982
-412.95,30.01,1993
-410.23,29.91,2006
-411.52,29.38,2017
-407.47,28.68,2029
-408.42,29.83,2040
-408.92,30.15,2053
-410.19,29.59,2064
-410.67,29.62,2076
-415.82,29.51,2087
-410.05,28.86,2100
-407.82,28.35,2111
-408.60,29.54,2122
-411.60,30.68,2135
-407.11,29.87,2146
-410.14,29.81,2158
-412.64,29.60,2169
-413.68,28.80,2182
-408.78,28.35,2193
-407.76,29.14,2205
-408.94,30.30,2216
-410.58,30.00,2229
-406.95,29.48,2240
-413.83,29.95,2252
-412.67,28.79,2264
-412.01,28.11,2275
-404.25,29.01,2287
-409.14,30.48,2298
-407.93,30.37,2311
-409.01,29.78,2322
-414.68,29.97,2334
-411.30,29.10,2345
-410.59,28.43,2358
-408.82,28.33,2369
-409.33,30.10,2381
-409.32,30.48,2393
-410.07,29.67,2405
-411.70,30.24,2416
-413.94,29.48,2428
-407.03,28.46,2440
-407.13,28.24,2451
-411.95,29.49,2463
-410.20,30.27,2475
-406.16,29.64,2487
-411.48,29.96,2498
-413.77,29.86,2510
-413.17,28.95,2522
-406.40,28.20,2534
-405.83,29.84,2545
-412.62,30.14,2557
-410.19,29.67,2569
-408.22,29.43,2581
-413.34,29.59,2592
-412.35,28.68,2605
-409.03,28.29,2616
-410.58,29.48,2627
-408.77,30.37,2639
-408.07,30.30,2651
-409.13,29.87,2663
-411.75,30.25,2674
-415.02,29.16,2686
-406.28,28.33,2698
-410.80,28.89,2710
-411.73,29.86,2721
-408.12,29.62,2734
-408.84,29.16,2745
-413.14,29.98,2757
-412.78,29.43,2768
-409.41,28.94,2781
-405.46,29.12,2792
-408.73,29.99,2803
-410.98,30.24,2816
-409.05,29.30,2827
-412.46,29.73,2839
-414.68,28.83,2850
-408.59,28.36,2863
-408.37,28.32,2874
-410.70,30.07,2886
-409.45,30.59,2897
-406.02,30.14,2910
-409.40,30.32,2921
-415.33,29.95,2933
-410.50,28.79,2945
-407.64,28.00,2957
-407.47,29.31,2968
-411.13,29.71,2979
-408.05,29.38,2992
-410.21,29.50,3003
-412.27,29.85,3015
-410.75,29.08,3026
-409.20,28.74,3039
-408.69,29.93,3050
-409.46,30.58,3062
-409.53,29.84,3074
-413.27,29.41,3086
-416.31,29.73,3097
-409.63,28.59,3109
-405.56,27.88,3121
-409.25,29.15,3133
-411.81,30.27,3144
-410.02,30.45,3155
-407.46,29.78,3168
-411.02,30.22,3179
-413.49,29.30,3191
-410.88,28.32,3203
-406.33,28.63,3215
-409.73,29.77,3226
-408.43,29.79,3238
-412.24,29.20,3250
-413.68,29.79,3262
-409.82,29.19,3273
-409.05,28.56,3286
-407.92,29.05,3297
-410.23,30.38,3308
-409.47,30.60,3320
-406.07,29.94,3332
-410.21,29.80,3344
-416.87,29.34,3355
-411.40,28.16,3367
-406.60,27.82,3379
-408.85,29.76,3391
-410.92,29.96,3402
-408.97,30.00,3415
-410.53,30.30,3426
-410.61,30.15,3438
-412.28,29.39,3449
-409.02,28.29,3462
-409.29,29.58,3473
-409.30,29.87,3484
-408.75,29.42,3496
-415.24,29.14,3508
-411.37,29.36,3520
-410.20,28.86,3531
-407.33,28.23,3544
-409.82,30.11,3555
-409.14,30.51,3567
-408.75,30.80,3578
-407.95,29.88,3591
-414.43,29.95,3602
-414.91,29.06,3614
-407.08,27.86,3625
-408.25,28.38,3638
-412.57,29.67,3649
-407.77,29.78,3660
-407.44,29.68,3673
-414.10,30.38,3684
-411.98,29.71,3696
-409.08,28.98,3707
-408.89,28.90,3720
-408.08,30.37,3731
-409.49,30.13,3743
-410.29,29.41,3755
-412.14,29.41,3767
-414.11,29.10,3778
-411.45,28.01,3790
-406.71,28.66,3802
-407.83,30.40,3814
-412.98,30.43,3825
-408.38,30.01,3836
-408.00,30.24,3849
-412.89,29.56,3860
-408.72,29.10,3872
-407.12,27.95,3884
-410.93,29.74,3896
-410.58,29.58,3907
-408.51,29.35,3919
-411.93,29.48,3931
-415.42,29.97,3943
-409.61,29.14,3954
-404.88,28.73,3966
-409.42,30.09,3978
-409.76,30.56,3990
-407.76,30.17,4001
-412.98,29.66,4013
-412.21,29.36,4025
-411.44,28.45,4036
-409.37,27.49,4048
-408.42,28.79,4060
-410.97,30.21,4072
-409.64,30.46,4083
-405.63,30.42,4096
-414.92,30.43,4107
-412.85,29.20,4119
-409.51,28.08,4130
-406.11,28.42,4143
-409.95,29.82,4154
-410.23,29.63,4166
-410.78,29.30,4177
-409.42,30.06,4189
-413.51,29.23,4201
-410.28,28.77,4212
-408.29,28.79,4225
-408.32,30.52,4236
-406.42,30.13,4248
-410.70,30.01,4259
-414.58,29.93,4272
-413.75,29.47,4283
-405.74,28.26,4295
-407.90,27.73,4306
-412.43,29.60,4319
-411.56,29.75,4330
-407.61,29.58,4342
-412.29,30.21,4354
-413.19,30.30,4365
-412.06,29.73,4377
-405.45,28.80,4388
-407.79,29.97,4401
-410.61,30.20,4412
-411.58,29.24,4424
-411.37,28.93,4435
-413.74,29.03,4448
-410.45,28.64,4459
-409.18,28.51,4471
-407.54,29.85,4483
-411.34,30.74,4495
-407.12,29.99,4506
-407.30,30.05,4517
-414.66,29.75,4530
-414.77,28.88,4541
-407.61,27.99,4553
-407.43,29.01,4564
-409.13,29.93,4577
-412.70,29.79,4588
-408.95,29.44,4600
-409.49,30.06,4612
-413.52,29.55,4624
-404.86,28.71,4635
-409.26,29.01,4647
-408.98,30.07,4659
-409.33,29.79,4671
-410.97,29.46,4682
-414.42,29.67,4694
-408.86,28.98,4706
-411.14,28.42,4717
-409.37,28.37,4729
-408.39,30.05,4741
-408.56,30.48,4753
-407.58,29.93,4764
-411.43,30.12,4776
-414.78,29.42,4788
-408.71,28.71,4800
-404.79,28.18,4811
-411.57,29.63,4824
-413.57,30.09,4835
-406.53,29.33,4847
-409.38,29.87,4858
-413.50,29.66,4870
-414.28,29.24,4882
-408.13,28.53,4893
-406.67,29.85,4905
-409.21,30.53,4917
-410.26,29.88,4929
-409.45,29.56,4940
-412.43,29.29,4953
-411.58,28.73,4964
-410.31,28.13,4976
-407.89,29.09,4987
-410.37,30.32,5000
-408.44,29.99,5011
-411.39,29.81,5023
-414.18,30.40,5035
-410.68,29.35,5046
-406.13,28.42,5058
-408.45,29.09,5069
-411.51,29.97,5082
-408.79,29.92,5093
-408.79,29.50,5105
-412.78,29.98,5116
-413.00,28.94,5129
-408.61,28.37,5140
-409.63,28.70,5152
-408.61,30.11,5164
-409.31,30.38,5176
-407.74,29.83,5187
-413.95,30.23,5199
-414.22,29.34,5211
-409.09,28.53,5222
-406.92,28.27,5234
-410.21,29.87,5245
-411.47,30.14,5258
-408.10,29.57,5269
-408.07,29.87,5281
-416.03,29.78,5293
-412.71,29.08,5305
-406.94,28.78,5316
-407.06,30.08,5328
-410.39,30.48,5340
-408.56,29.44,5352
-408.20,29.57,5363
-412.77,29.43,5376
-413.58,28.81,5387
-408.26,28.33,5398
-410.67,29.82,5410
-409.07,30.31,5422
-407.48,29.94,5434
-412.12,29.82,5445
-413.66,30.31,5457
-410.54,29.04,5469
-405.91,28.16,5481
-408.32,29.19,5492
-413.33,29.90,5505
-409.82,29.79,5516
-407.15,29.13,5528
-413.53,29.95,5539
-413.87,29.20,5552
-408.01,28.94,5563
-408.66,29.35,5574
-408.59,30.54,5586
-407.11,30.24,5598
-410.62,29.38,5610
-414.48,29.64,5621
-410.18,28.80,5634
-410.71,28.49,5645
-406.25,28.86,5657
-410.40,30.38,5668
-411.47,30.59,5681
-406.05,29.51,5692
-411.00,29.96,5704
-415.90,29.55,5715
-411.83,28.63,5728
-406.48,28.61,5739
-407.28,29.81,5750
-412.20,30.26,5763
-410.44,29.33,5774
-406.23,29.53,5786
-414.04,29.62,5797
-408.48,28.77,5810
-407.96,28.33,5821
-410.09,30.00,5833
-408.06,30.54,5844
-409.72,30.24,5857
-413.57,29.84,5868
-412.60,29.76,5880
-408.91,28.38,5892
-407.95,27.82,5904
-410.42,29.27,5915
-412.21,30.43,5926
-406.78,29.95,5939
-409.08,29.92,5950
-414.54,29.99,5962
-414.84,29.12,5974
-409.38,28.04,5986
-404.26,29.20,5997
-410.65,30.34,6009
-411.66,30.16,6021
-408.72,29.52,6033
-411.78,29.79,6044
-413.65,28.83,6056
-409.62,28.08,6068
-406.47,28.82,6079
-409.56,30.56,6091
-409.71,30.51,6103
-408.88,30.14,6115
-410.20,30.02,6126
-415.24,29.19,6138
-411.00,28.16,6150
-405.81,28.13,6162
-407.62,29.83,6173
-408.83,30.16,6185
-406.89,30.15,6197
-415.66,30.20,6209
-413.69,29.84,6220
-407.49,28.52,6233
-406.50,27.95,6244
-408.18,29.90,6255
-411.18,30.59,6267
-412.47,30.15,6279
-410.82,30.10,6291
-412.50,29.55,6302
-412.69,28.52,6315
-408.16,27.60,6326
-408.33,29.36,6338
-410.33,30.16,6349
-407.84,30.53,6362
-410.09,30.42,6373
-415.65,30.33,6385
-411.07,29.23,6396
-406.51,27.89,6409
-408.09,28.76,6420
-411.43,29.64,6431
-409.49,29.74,6444
-407.27,29.76,6455
-412.99,30.19,6467
-414.85,29.28,6478
-410.41,28.11,6491
-407.83,28.83,6502
-408.12,29.91,6514
-409.96,30.40,6525
-409.04,30.40,6538
-410.79,30.34,6549
-413.93,29.46,6561
-406.56,28.05,6573
-409.58,28.21,6585
-412.65,29.48,6596
-407.98,29.81,6607
-406.06,29.67,6620
-414.64,30.19,6631
-414.33,30.05,6643
-409.47,29.48,6654
-405.32,28.82,6667
-407.24,30.25,6678
-410.57,30.06,6690
-410.50,29.14,6702
-412.12,29.03,6714
-414.49,29.36,6725
-410.37,28.73,6737
-408.51,28.41,6749
-407.83,30.15,6761
-410.32,30.57,6772
-405.66,29.98,6784
-411.15,29.85,6796
-415.20,29.76,6807
-411.01,28.77,6819
-407.73,28.15,6831
-407.81,29.60,6843
-411.45,30.08,6854
-410.58,29.62,6866
-407.70,29.17,6878
-411.68,29.63,6890
-414.35,29.18,6901
-411.79,28.81,6914
-406.54,29.76,6925
-407.57,30.65,6937
-409.99,29.89,6948
-410.94,29.26,6960
-413.94,29.20,6972
-410.78,28.56,6983
-407.88,28.10,6995
-410.93,28.91,7007
-410.25,30.76,7019
-405.80,30.70,7030
-406.60,30.04,7043
-416.70,30.03,7054
-413.32,29.07,7066
-408.18,28.34,7077
-406.95,28.10,7090
-411.15,30.41,7101
-412.63,30.18,7113
-406.38,29.52,7124
-409.01,29.70,7136
-414.31,29.38,7148
-413.30,28.70,7159
-406.28,28.48,7172
-406.92,30.17,7183
-409.67,30.56,7195
-411.22,29.81,7206
-408.92,29.85,7219
-412.72,29.48,7230
-412.19,28.72,7242
-407.66,27.91,7254
-409.10,29.16,7266
-411.13,29.98,7277
-406.31,29.93,7289
-407.72,30.18,7301
-414.85,30.39,7312
-412.58,29.64,7324
-408.81,28.56,7335
-408.50,29.04,7348
-413.02,29.85,7359
-410.21,29.78,7371
-407.33,29.54,7383
-414.60,30.05,7395
-413.02,29.15,7406
-406.37,28.40,7418
-409.67,28.58,7430
-408.16,30.16,7442
-408.77,30.42,7453
-410.61,30.27,7464
-410.95,30.56,7477
-410.70,29.30,7488
-410.27,28.68,7500
-407.55,27.97,7512
-411.16,29.33,7524
-410.28,29.52,7535
-407.49,29.46,7547
-413.68,30.34,7559
-415.16,29.95,7571
-409.06,29.65,7582
-406.55,29.14,7595
-407.59,30.17,7606
-410.88,30.34,7618
-408.73,28.84,7629
-408.36,29.48,7641
-414.69,28.92,7653
-415.45,28.53,7664
-407.72,27.99,7676
-407.00,29.80,7688
-411.40,30.28,7700
-407.89,30.07,7711
-408.66,30.00,7724
-411.98,30.13,7735
-410.65,29.35,7747
-408.98,28.32,7758
-409.02,29.02,7771
-411.89,29.57,7782
-410.37,29.17,7794
-407.13,29.14,7805
-415.75,30.08,7817
-413.75,29.53,7829
-404.30,29.11,7840
-407.79,29.63,7853
-410.62,30.79,7864
-409.92,30.14,7876
-408.86,29.12,7887
-413.98,29.31,7900
-412.87,28.25,7911
-409.97,27.96,7923
-410.64,28.55,7934
-409.53,30.64,7947
-407.71,30.99,7958
-406.61,30.38,7970
-413.21,30.25,7982
-414.02,29.47,7993
-411.50,28.17,8005
-405.79,28.32,8016
-409.24,29.85,8029
-411.78,30.13,8040
-410.48,29.22,8052
-405.46,29.70,8064
-414.52,29.52,8076
-412.65,29.05,8087
-409.39,28.81,8099
-408.38,30.11,8111
-409.15,30.27,8123
-410.90,29.85,8134
-411.77,29.75,8146
-412.48,29.69,8158
-411.09,28.52,8169
-408.01,27.82,8181
-410.21,29.26,8193
-411.96,29.97,8205
-405.66,29.95,8216
-409.94,30.17,8228
-414.89,30.43,8240
-412.33,29.16,8252
-405.81,28.27,8263
-408.53,28.96,8275
-411.06,29.93,8287
-410.04,29.80,8299
-409.89,29.34,8310
-411.75,30.05,8323
-413.40,28.88,8334
-408.72,28.38,8345
-408.25,29.14,8357
-408.58,30.10,8369
-409.05,30.40,8381
-407.62,29.85,8392
-410.77,30.55,8404
-414.67,29.54,8416
-412.57,28.41,8428
-405.48,28.25,8439
-410.51,29.26,8452
-413.66,29.53,8463
-406.87,29.16,8475
-409.79,30.32,8486
-412.10,30.04,8499
-408.47,29.37,8510
-404.63,28.82,8521
-411.61,29.96,8534
-412.50,29.70,8545
-408.25,29.29,8557
-410.70,29.18,8568
-414.97,29.28,8581
-409.51,28.52,8592
-408.47,28.34,8604
-408.98,29.71,8615
-408.54,30.51,8628
-409.16,30.01,8639
-411.48,29.56,8651
-412.33,29.84,8663
-413.41,28.97,8675
-406.10,28.23,8686
-408.16,29.58,8697
-411.77,30.29,8710
-408.17,30.11,8721
-407.43,29.11,8733
-413.99,29.50,8744
-412.74,28.86,8757
-410.58,28.45,8768
-405.79,29.59,8780
-409.36,30.38,8792
-409.53,30.52,8804
-409.53,29.43,8815
-409.73,29.65,8827
-415.96,28.63,8839
-410.64,27.96,8851
-408.91,28.42,8862
-409.47,30.22,8873
-408.62,30.13,8886
-411.40,30.03,8897
-413.03,30.34,8909
-412.79,29.81,8921
-407.14,28.59,8933
-406.94,28.25,8944
-412.41,29.86,8956
-410.16,29.99,8968
-407.06,29.70,8980
-411.53,29.59,8991
-413.02,29.56,9004
-412.26,28.69,9015
-406.50,28.09,9026
-409.86,29.98,9038
-409.82,30.53,9050
-408.45,30.33,9062
-408.97,30.32,9073
-413.98,29.89,9085
-410.40,28.97,9097
-409.81,27.44,9109
-408.77,29.07,9120
-410.15,29.53,9133
-408.33,30.07,9144
-409.06,29.82,9156
-410.81,30.69,9167
-414.78,29.88,9180
-405.93,28.84,9191
-407.24,29.41,9202
-410.10,29.84,9214
-410.10,29.21,9226
-407.84,29.06,9238
-412.37,29.75,9249
-413.28,29.28,9262
-404.38,28.63,9273
-408.62,29.18,9285
-410.69,30.26,9296
-409.21,30.30,9309
-407.95,29.83,9320
-417.11,29.94,9332
-408.00,29.29,9344
-411.07,28.22,9356
-407.74,28.10,9367
-411.88,29.39,9378
-407.54,29.88,9391
-410.61,29.78,9402
-408.90,30.28,9414
-416.63,30.04,9425
-406.74,28.96,9438
-408.26,28.56,9449
-409.25,29.95,9461
-411.05,29.91,9473
-407.24,29.33,9485
-412.42,29.32,9496
-414.37,29.21,9508
-414.23,28.75,9520
-406.46,28.10,9532
-406.77,30.18,9543
-410.82,30.65,9554
-410.01,30.02,9567
-408.27,29.74,9578
-413.23,29.77,9590
-411.28,28.59,9602
-409.65,28.09,9614
-408.36,29.37,9625
-408.79,30.21,9637
-409.30,29.72,9649
-411.40,29.88,9661
-415.15,29.95,9672
-411.04,29.34,9684
-404.03,28.45,9696
-410.00,29.05,9708
-412.22,30.16,9719
-408.28,29.84,9731
-407.84,29.45,9743
-413.23,29.93,9754
-412.48,29.17,9766
-411.32,28.84,9778
-404.78,28.79,9790
-408.43,30.59,9801
-410.79,30.42,9814
-409.05,30.16,9825
-411.72,29.98,9837
-413.27,29.22,9848
-408.87,28.52,9861
-408.33,28.31,9872
-410.58,29.94,9884
-408.05,30.09,9895
-406.22,29.28,9907
-411.37,29.86,9919
-414.11,29.40,9930
-412.29,29.11,9943
-406.78,28.33,9954
-404.68,29.99,9966
-412.56,29.96,9977
-411.41,29.70,9990
-407.00,29.60,10001
-410.83,29.63,10013
-413.39,29.01,10024
-410.46,28.17,10037
-410.35,29.36,10048
-409.73,30.20,10060
-407.58,29.87,10072
-411.76,30.09,10083
-413.48,29.94,10095
-409.84,29.07,10106
-404.97,28.06,10119
-411.03,28.54,10130
-412.61,29.98,10142
-407.34,29.72,10153
-407.18,29.54,10166
-414.92,29.99,10177
-412.30,29.44,10189
-411.38,28.86,10201
-405.12,28.93,10213
-408.13,30.45,10224
-411.80,30.11,10236
-412.15,29.42,10248
-410.41,29.58,10259
-413.97,29.01,10271
-409.34,28.66,10283
-407.48,28.53,10295
-413.44,30.08,10306
-407.58,30.15,10318
-405.44,29.66,10330
-411.27,30.29,10342
-417.96,29.71,10353
-409.95,29.08,10365
-407.73,28.19,10377
-406.83,29.66,10389
-412.86,29.72,10400
-410.58,29.67,10413
-407.21,29.63,10424
-414.66,30.22,10435
-411.25,29.09,10447
-409.38,28.59,10459
-404.27,29.55,10471
-411.36,30.30,10482
-410.00,29.79,10494
-412.21,29.95,10506
-412.88,29.87,10518
-410.60,28.74,10529
-405.92,28.09,10542
-412.92,29.08,10553
-408.86,30.41,10565
-407.42,30.15,10576
-407.86,29.83,10588
-417.06,30.32,10600
-411.79,29.27,10611
-410.79,28.25,10624
-403.38,28.68,10635
-410.97,29.93,10647
-411.71,29.86,10658
-409.92,29.46,10671
-410.45,29.91,10682
-415.39,29.09,10694
-409.43,28.54,10705
-409.17,28.55,10718
-408.75,30.19,10729
-408.75,30.22,10741
-407.73,29.72,10753
-412.78,29.97,10764
-412.74,29.33,10776
-412.92,28.43,10787
-406.48,28.30,10800
-407.60,29.65,10811
-408.68,30.26,10823
-407.23,29.49,10834
-412.44,30.07,10847
-413.17,29.83,10858
-410.03,28.91,10870
-406.73,28.31,10882
-408.97,29.66,10894
-410.02,30.17,10905
-408.80,29.79,10917
-412.08,29.63,10929
-413.37,29.73,10940
-410.58,28.50,10952
-409.21,27.99,10963
-410.11,29.45,10976
-409.50,30.42,10987
-408.27,30.04,10999
-408.56,29.80,11011
-413.54,30.34,11023
-414.23,29.19,11034
-407.77,28.34,11046
-405.76,29.21,11058
-413.01,29.96,11070
-409.28,29.83,11081
-408.03,28.90,11094
-414.91,29.88,11105
-412.99,29.05,11116
-408.78,28.53,11128
-409.78,29.37,11140
-407.64,30.67,11152
-408.77,30.49,11163
-410.73,29.66,11175
-408.95,29.80,11187
-414.08,28.79,11199
-407.86,28.22,11210
-408.75,28.16,11223
-411.26,29.81,11234
-408.46,30.12,11246
-407.74,30.01,11257
-413.01,30.72,11270
-409.28,30.12,11281
-411.00,29.13,11292
-406.53,28.39,11304
-409.83,29.70,11316
-410.59,29.50,11328
-408.94,29.36,11339
-410.35,29.32,11352
-415.73,29.57,11363
-410.29,28.75,11375
-406.58,28.47,11386
-411.25,30.07,11399
-407.52,30.43,11410
-407.26,30.57,11422
-409.25,29.95,11433
-412.56,29.94,11446
-415.22,28.52,11457
-407.97,27.56,11468
-406.70,28.66,11481
-411.38,29.71,11492
-412.07,29.82,11504
-408.34,29.61,11515
-411.38,30.65,11528
-411.76,29.82,11539
-409.10,28.72,11551
-409.21,29.55,11563
-408.89,29.99,11575
-408.18,29.80,11586
-412.94,29.19,11598
-415.01,29.53,11610
-411.56,29.02,11622
-405.53,28.09,11633
-409.38,28.77,11644
-412.68,30.16,11657
-409.64,30.19,11668
-405.76,29.79,11680
-412.53,30.48,11692
-415.17,29.71,11704
-410.22,28.84,11715
-405.54,28.19,11727
-409.05,29.44,11739
-412.46,29.55,11751
-410.26,29.47,11762
-411.62,29.62,11774
-413.05,29.94,11786
-408.23,29.04,11797
-408.42,28.76,11809
-411.33,30.04,11821
-407.96,30.19,11833
-406.97,29.80,11844
-409.58,29.36,11856
-415.39,29.39,11868
-414.90,28.48,11880
-405.65,27.91,11891
-404.61,29.55,11904
-412.65,30.33,11915
-410.00,30.42,11927
-408.24,29.82,11938
-409.56,30.31,11951
-412.69,29.28,11962
-412.80,28.30,11973
-406.87,28.87,11985
-409.73,29.78,11997
-408.91,29.60,12009
-410.86,29.25,12020
-414.95,29.86,12033
-409.23,29.22,12044
-407.63,28.39,12056
-409.79,29.15,12067
-412.14,30.18,12080
-408.20,30.09,12091
-408.89,29.95,12103
-412.08,30.03,12114
-416.12,29.28,12127
-409.69,28.18,12138
-406.11,28.01,12149
-410.79,29.55,12162
-410.12,30.23,12173
-407.90,29.89,12185
-410.09,30.26,12196
-413.24,29.73,12209
-410.09,29.18,12220
-408.96,28.13,12232
-408.46,29.60,12243
-409.69,29.73,12256
-407.63,29.39,12267
-408.65,29.63,12279
-415.59,29.76,12291
-413.13,29.29,12303
-407.72,28.41,12314
-406.45,30.08,12325
-411.32,30.66,12338
-408.81,29.97,12349
-407.51,29.94,12361
-413.79,29.65,12372
-411.55,29.08,12385
-408.11,28.09,12396
-407.37,29.28,12408
-410.10,29.81,12420
-409.73,29.65,12432
-410.98,29.50,12443
-413.86,29.99,12455
-410.72,29.26,12467
-407.01,28.59,12479
-406.94,29.47,12490
-411.14,30.64,12502
-409.30,30.23,12514
-407.90,29.52,12525
-413.05,29.85,12537
-413.16,29.03,12549
-408.50,28.37,12561
-409.58,28.51,12572
-409.63,30.14,12584
-408.24,30.05,12596
-407.92,29.89,12608
-412.08,30.26,12619
-413.76,29.48,12632
-412.55,28.98,12643
-405.42,28.32,12655
-408.82,29.97,12666
-411.19,29.86,12678
-409.56,29.28,12690
-409.08,29.76,12701
-413.58,29.47,12713
-410.77,29.08,12725
-410.28,28.47,12737
-406.90,30.30,12748
-408.81,30.39,12761
-411.14,29.65,12772
-412.46,29.85,12784
-415.12,29.24,12795
-407.38,28.38,12808
-407.46,27.82,12819
-411.91,29.37,12831
-411.62,30.65,12843
-404.66,30.04,12854
-411.17,30.30,12866
-414.54,30.32,12877
-413.65,29.23,12890
-407.68,28.00,12901
-406.71,28.81,12913
-410.03,29.82,12924
-414.08,29.92,12937
-407.89,29.40,12948
-412.74,30.15,12960
-411.34,28.92,12972
-410.59,28.72,12984
-407.71,28.89,12995
-410.74,30.33,13006
-407.28,30.06,13019
-409.31,29.58,13030
-411.86,29.91,13042
-416.73,28.95,13053
-407.42,28.42,13066
-407.33,28.41,13077
-409.96,30.11,13089
-412.94,29.80,13101
-405.73,29.43,13113
-408.95,29.97,13124
-411.71,29.43,13136
-408.13,29.28,13148
-405.54,28.39,13160
-409.98,30.10,13171
-412.09,29.79,13182
-410.08,29.47,13195
-412.36,29.51,13206
-410.55,29.52,13218
-409.65,28.84,13230
-410.58,28.44,13242
-409.20,29.95,13253
-406.60,30.32,13265
-408.23,29.96,13277
-410.95,30.01,13289
-417.58,29.80,13300
-410.13,28.59,13313
-405.64,27.86,13324
-408.94,29.19,13336
-413.29,30.11,13347
-409.00,29.92,13359
-405.58,29.66,13371
-410.49,30.32,13382
-417.56,29.30,13394
-410.56,28.44,13406
-404.37,29.40,13418
-409.87,30.31,13429
-409.05,30.25,13442
-410.54,29.30,13453
-413.87,29.93,13465
-411.60,29.03,13476
-406.75,28.56,13489
-412.26,28.80,13500
-409.24,30.22,13512
-408.86,30.02,13523
-408.23,29.67,13535
-416.54,30.43,13547
-414.68,29.64,13558
-403.71,28.57,13571
-405.15,28.50,13582
-414.33,29.69,13594
-411.98,30.14,13605
-408.12,29.23,13618
-408.27,30.03,13629
-413.46,29.54,13641
-412.72,28.73,13652
-407.78,28.31,13665
-407.29,29.50,13676
-408.45,30.20,13688
-407.95,29.95,13700
-415.63,30.03,13711
-413.26,29.43,13723
-405.40,28.77,13734
-410.45,27.96,13747
-410.61,29.49,13758
-410.38,30.20,13770
-406.67,30.07,13782
-406.89,29.76,13794
-413.42,30.29,13805
-417.95,29.01,13817
-406.78,28.20,13829
-402.96,29.22,13841
-412.73,30.30,13852
-411.12,29.92,13863
-410.59,29.18,13876
-410.02,29.93,13887
-411.85,29.18,13899
-412.17,28.52,13911
-406.98,29.35,13923
-408.79,30.38,13934
-408.97,30.17,13946
-410.98,29.65,13958
-415.77,29.77,13970
-409.45,29.11,13981
-406.53,28.25,13993
-409.75,28.78,14005
-412.70,29.92,14017
-408.88,30.27,14028
-407.18,29.80,14040
-409.88,30.24,14052
-415.99,29.78,14063
-411.74,28.52,14075
-403.43,28.27,14087
-408.64,29.60,14099
-412.07,30.10,14110
-409.93,29.54,14123
-409.12,29.64,14134
-413.64,29.57,14146
-409.79,28.61,14157
-409.46,28.44,14170
-410.42,29.96,14181
-407.77,30.39,14193
-406.67,30.20,14204
-409.12,29.86,14216
-416.56,29.98,14228
-413.17,28.64,14239
-405.88,27.91,14252
-408.34,29.24,14263
-411.97,30.05,14275
-410.48,29.84,14286
-407.20,29.83,14299
-412.97,30.30,14310
-413.32,29.45,14322
-405.39,28.31,14333
-406.08,29.19,14346
-410.59,29.92,14357
-410.20,29.79,14369
-411.02,29.02,14381
-412.30,29.46,14392
-410.22,29.08,14404
-410.01,28.43,14415
-408.49,29.21,14428
-410.30,30.42,14439
-406.88,30.14,14451
-407.88,29.71,14462
-415.65,30.01,14475
-413.99,29.44,14486
-406.59,28.25,14498
-406.00,28.49,14510
-412.22,29.67,14522
-411.73,29.93,14533
-407.42,29.51,14545
-410.67,30.13,14557
-413.80,29.93,14568
-412.61,28.97,14580
-407.46,28.33,14592
-407.38,30.10,14604
-409.85,30.06,14615
-409.80,29.54,14627
-411.54,29.67,14639
-411.61,29.27,14651
-412.71,28.69,14662
-408.90,28.09,14674
-407.28,29.86,14686
-409.41,30.56,14698
-406.49,30.05,14709
-413.45,29.69,14721
-414.59,29.84,14733
-410.69,28.95,14744
-405.01,28.01,14756
-409.63,29.48,14768
-410.64,30.24,14780
-410.27,29.81,14791
-405.80,29.38,14803
-415.36,29.98,14815
-411.44,29.21,14827
-409.68,28.30,14838
-405.33,28.98,14851
-410.11,30.24,14862
-409.09,29.98,14874
-411.60,29.77,14885
-412.20,30.02,14897
-413.62,29.28,14909
-406.62,28.33,14920
-409.35,28.56,14932
-411.82,30.06,14944
-410.72,30.04,14956
-405.84,29.84,14967
-412.51,29.92,14980
-415.58,29.43,14991
-413.33,28.49,15003
-405.48,28.06,15014
-408.58,30.11,15027
-411.57,30.01,15038
-411.59,29.69,15050
-406.55,29.92,15062
-411.71,29.87,15073
-413.19,29.17,15085
-405.66,28.15,15096
-409.37,29.75,15109
-409.71,29.82,15120
-409.13,29.57,15132
-412.73,29.50,15143
-415.70,29.75,15156
-407.21,29.03,15167
-407.48,28.34,15179
-412.69,29.99,15191
-407.70,30.29,15203
-406.70,29.88,15214
-409.31,29.92,15226
-415.05,29.89,15238
-415.42,29.16,15249
-406.83,28.22,15261
-404.99,29.11,15272
-411.80,30.37,15285
-412.25,29.65,15296
-407.88,29.59,15308
-411.10,29.90,15320
-411.17,29.51,15332
-411.67,28.81,15343
-407.43,29.17,15355
-409.31,30.17,15367
-410.00,29.75,15379
-408.10,29.10,15390
-413.05,29.45,15403
-416.17,29.07,15414
-410.35,28.52,15425
-405.10,28.83,15437
-411.35,30.45,15449
-410.46,30.43,15461
-407.78,29.64,15472
-413.73,30.06,15484
-414.08,29.36,15496
-410.78,28.52,15508
-407.07,27.94,15519
-408.02,29.80,15532
-411.78,30.02,15543
-410.59,29.68,15555
-411.21,29.82,15566
-412.64,29.69,15578
-411.77,29.02,15590
-405.62,28.62,15601
-409.73,30.05,15613
-411.77,30.68,15625
-406.73,29.89,15637
-409.39,29.46,15648
-418.18,29.53,15661
-411.83,28.50,15672
-407.90,27.98,15684
-410.21,29.14,15695
-409.43,30.35,15708
-408.80,30.00,15719
-409.75,29.98,15731
-411.59,30.13,15742
-414.42,29.20,15754
-410.65,28.28,15766
-405.93,28.67,15777
-409.07,30.03,15790
-412.42,29.71,15801
-408.83,29.32,15813
-411.59,30.18,15824
-412.30,29.36,15837
-412.70,28.43,15848
-407.42,28.85,15860
-410.29,30.12,15872
-410.14,30.30,15884
-406.62,29.65,15895
-416.42,30.06,15907
-412.02,29.12,15919
-406.75,28.34,15930
-409.77,28.25,15942
-410.48,29.76,15953
-409.18,30.25,15966
-408.84,29.82,15977
-411.30,30.13,15989
-414.43,29.85,16001
-411.17,29.02,16013
-406.27,28.66,16024
-408.55,29.82,16036
-409.91,30.07,16048
-408.79,29.20,16060
-410.27,29.25,16071
-413.78,29.52,16083
-412.80,28.83,16095
-407.52,28.55,16106
-406.88,29.83,16118
-410.13,30.81,16130
-410.65,30.17,16142
-405.93,29.81,16153
-413.72,29.78,16165
-414.65,28.73,16177
-408.31,28.13,16189
-407.22,28.90,16200
-410.14,30.03,16212
-410.18,29.90,16224
-408.29,29.50,16236
-414.14,30.16,16247
-410.92,29.41,16260
-407.30,28.88,16271
-408.91,29.32,16282
-409.37,30.49,16294
-408.29,30.32,16306
-410.10,29.18,16318
-414.56,29.67,16329
-412.75,28.81,16342
-409.68,28.07,16353
-407.59,28.51,16365
-411.64,30.12,16376
-408.78,30.63,16389
-406.53,30.03,16400
-412.12,30.35,16412
-414.53,29.56,16423
-408.66,28.58,16436
-407.74,28.05,16447
-409.15,29.48,16458
-410.52,29.93,16471
-409.20,29.66,16482
-411.23,29.85,16494
-412.10,30.01,16505
-412.44,29.07,16518
-407.91,28.54,16529
-407.48,29.98,16541
-409.25,30.33,16552
-409.39,30.02,16565
-407.62,29.73,16576
-414.14,29.99,16588
-415.07,28.50,16600
-408.77,28.03,16611
-405.93,29.09,16623
-409.41,30.19,16634
-407.28,30.07,16647
-411.90,29.84,16658
-413.91,30.28,16670
-411.43,29.37,16681
-406.87,28.25,16694
-407.52,29.14,16705
-410.89,29.89,16717
-409.02,30.14,16729
-409.55,29.27,16741
-413.25,29.96,16752
-412.77,29.22,16764
-408.41,28.49,16776
-406.15,28.99,16787
-409.75,30.21,16799
-411.46,30.23,16811
-408.50,29.51,16823
-411.28,30.02,16834
-416.30,29.39,16846
-409.30,28.48,16858
-406.46,28.61,16870
-410.60,29.91,16881
-409.43,30.05,16893
-406.79,29.44,16905
-410.94,29.88,16917
-415.16,29.39,16928
-411.17,28.66,16941
-406.04,28.22,16952
-407.79,29.84,16963
-410.60,30.22,16975
-410.30,29.77,16987
-407.63,29.71,16999
-412.29,29.60,17010
-413.35,28.93,17022
-406.50,28.02,17034
-409.37,29.70,17046
-409.76,30.48,17057
-409.27,30.32,17070
-411.02,29.93,17081
-414.88,29.70,17093
-409.01,28.88,17104
-408.23,27.76,17117
-411.25,29.14,17128
-411.38,30.13,17139
-407.35,30.26,17152
-408.55,29.72,17163
-413.56,30.07,17175
-414.53,29.23,17186
-406.53,28.09,17199
-405.97,28.90,17210
-410.72,30.13,17222
-411.52,29.93,17233
-407.82,29.47,17246
-410.76,29.91,17257
-412.67,29.22,17269
-412.63,28.41,17281
-408.53,28.64,17293
-408.44,29.89,17304
-408.30,30.03,17315
-410.34,29.80,17328
-410.48,30.11,17339
-415.67,29.50,17351
-409.73,28.62,17362
-405.53,28.37,17375
-410.63,29.95,17386
-411.94,29.98,17398
-406.57,29.68,17410
-413.56,30.26,17422
-414.44,29.79,17433
-408.25,29.08,17445
-406.61,27.86,17457
-410.21,29.24,17468
-412.42,29.67,17480
-407.22,29.62,17491
-411.97,29.89,17504
-411.97,30.14,17515
-410.16,29.36,17527
-409.00,28.36,17539
-407.43,29.63,17551
-408.44,30.07,17562
-410.94,29.51,17574
-409.80,29.32,17586
-414.00,29.39,17598
-413.23,29.08,17609
-406.55,28.32,17622
-406.64,29.64,17633
-412.66,30.74,17644
-406.23,30.01,17656
-407.28,29.61,17668
-413.07,29.61,17680
-414.11,28.93,17691
-411.35,28.16,17703
-406.27,28.55,17715
-408.12,30.05,17727
-412.22,29.89,17738
-408.79,29.48,17751
-409.35,30.13,17762
-414.43,29.66,17774
-410.95,28.96,17785
-408.09,28.77,17798
-409.60,30.20,17809
-409.41,29.97,17820
-408.46,29.58,17832
-414.03,29.59,17844
-414.74,29.01,17856
-407.55,28.42,17867
-406.56,28.05,17880
-411.67,30.03,17891
-409.12,30.54,17903
-408.35,30.17,17914
-409.42,30.24,17927
-414.10,29.69,17938
-413.26,28.81,17950
-408.12,27.58,17961
-407.33,29.17,17974
-412.54,30.10,17985
-408.47,29.89,17996
-410.10,29.64,18009
-412.78,29.98,18020
-411.64,29.18,18032
-408.64,28.31,18043
-409.03,29.36,18056
-411.43,30.33,18067
-408.61,29.84,18079
-407.09,29.60,18091
-412.50,29.93,18103
-414.43,28.85,18114
-409.83,28.16,18126
-406.57,28.67,18138
-409.64,30.06,18150
-409.68,29.98,18161
-410.61,29.81,18172
-413.61,30.26,18185
-411.51,29.60,18196
-407.21,28.79,18208
-408.43,28.77,18220
-411.30,29.95,18232
-407.51,29.92,18243
-408.39,29.42,18255
-415.92,30.04,18267
-412.11,29.51,18279
-407.87,28.94,18290
-407.42,28.59,18302
-410.50,30.11,18314
-409.34,30.12,18325
-409.25,29.54,18337
-408.85,29.66,18349
-415.51,29.44,18361
-411.79,28.76,18372
-408.09,28.21,18384
-406.05,29.51,18396
-411.51,30.24,18408
-410.30,29.56,18419
-409.16,29.84,18432
-413.90,30.08,18443
-412.24,29.16,18455
-407.53,28.70,18466
-407.89,29.86,18479
-410.54,30.11,18490
-407.99,29.61,18501
-408.43,29.18,18513
-413.01,29.72,18525
-414.76,28.76,18537
-410.27,28.42,18548
-404.36,29.21,18561
-411.98,30.82,18572
-406.06,30.49,18584
-410.55,30.01,18595
-414.52,30.41,18608
-411.04,29.00,18619
-408.97,28.18,18631
-408.79,28.22,18642
-408.62,29.82,18655
-410.20,29.92,18666
-409.70,29.38,18677
-411.94,30.17,18690
-412.58,29.55,18701
-411.11,29.08,18713
-405.40,28.97,18724
-411.38,30.29,18737
-410.26,30.33,18748
-407.31,29.29,18760
-410.08,29.46,18771
-416.15,28.85,18784
-412.06,27.91,18795
-406.61,28.03,18807
-409.44,29.81,18819
-411.80,30.64,18831
-406.13,30.28,18842
-408.50,30.43,18853
-414.35,30.21,18866
-412.42,28.85,18877
-409.11,27.92,18889
-408.11,28.88,18900
-408.82,29.51,18913
-412.40,29.24,18924
-411.19,29.39,18936
-410.31,30.14,18948
-409.42,29.22,18960
-407.56,28.84,18971
-409.36,29.90,18983
-409.21,30.55,18995
-408.33,30.26,19007
-410.61,29.56,19018
-414.47,29.73,19030
-412.94,28.63,19042
-405.85,28.03,19053
-408.12,28.78,19065
-412.57,29.98,19077
-408.96,30.25,19089
-406.11,29.73,19100
-413.84,30.56,19112
-411.76,29.61,19124
-408.65,28.93,19136
-407.10,28.69,19147
-409.50,29.60,19160
-408.54,29.86,19171
-410.85,29.09,19182
-410.70,29.59,19194
-414.24,29.21,19206
-409.75,28.69,19218
-409.46,28.99,19229
-406.73,30.42,19241
-410.10,30.92,19253
-406.92,29.68,19265
-408.55,29.90,19276
-415.42,29.35,19289
-413.99,28.40,19300
-405.22,27.89,19312
-408.71,29.71,19323
-412.56,30.06,19336
-406.01,29.76,19347
-411.37,29.90,19358
-413.69,30.02,19371
-411.79,29.41,19382
-406.73,28.56,19394
-409.13,29.70,19405
-409.15,30.11,19418
-410.24,29.84,19429
-413.15,29.18,19441
-412.75,29.67,19452
-411.82,28.57,19465
-408.66,28.32,19476
-409.19,29.47,19488
-410.64,30.71,19500
-407.77,30.40,19512
-406.41,29.95,19523
-415.47,30.01,19534
-415.00,29.07,19547
-407.53,27.71,19558
-407.71,28.37,19570
-411.21,29.59,19581
-409.18,29.76,19594
-411.39,29.49,19605
-409.09,30.34,19617
-413.22,29.79,19629
-412.71,28.97,19641
-407.66,28.72,19652
-407.44,29.87,19664
-410.41,29.84,19676
-406.99,29.45,19688
-412.20,29.75,19699
-415.47,29.55,19710
-410.19,28.41,19723
-409.05,28.26,19734
-410.59,29.96,19746
-411.53,30.33,19758
-407.07,30.36,19770
-412.73,29.98,19781
-414.88,29.88,19793
-409.70,28.81,19805
-406.56,27.82,19817
-411.13,29.18,19828
-409.77,29.79,19841
-409.29,29.60,19852
-409.98,29.64,19864
-412.63,29.96,19875
-411.14,29.23,19887
-407.55,28.62,19899
-407.52,29.49,19910
-410.91,30.28,19922
-407.14,29.75,19934
-409.62,29.24,19946
-416.10,29.54,19957
-412.17,29.07,19970
-408.18,28.07,19981
-407.38,29.44,19993
-410.13,30.45,20004
-409.85,29.95,20017
-409.66,29.58,20028
-409.09,29.81,20039
-415.40,29.31,20051
-411.21,28.42,20063
-406.83,28.45,20075
-409.62,30.08,20086
-410.58,29.98,20099
-408.44,29.58,20110
-413.51,29.85,20122
-413.07,29.55,20133
-406.78,28.67,20146
-407.17,28.41,20157
-411.10,30.34,20169
-410.23,30.00,20180
-406.52,29.79,20193
-412.77,29.50,20204
-414.14,29.36,20215
-411.53,28.67,20228
-406.77,28.05,20239
-409.75,30.00,20251
-409.51,30.33,20262
-408.00,30.04,20275
-411.66,29.75,20286
-413.47,29.52,20298
-410.98,28.83,20310
-409.07,27.94,20322
-409.22,29.35,20333
-410.59,30.19,20345
-409.81,29.84,20357
-406.83,29.78,20369
-414.25,30.10,20380
-413.52,29.29,20391
-406.10,28.33,20404
-408.47,29.21,20415
-408.34,30.21,20427
-408.71,29.88,20439
-410.93,29.50,20451
-410.99,29.82,20462
-412.70,29.12,20474
-411.61,28.37,20486
-406.75,29.00,20498
-411.74,30.47,20509
-406.43,30.25,20521
-408.48,29.74,20533
-415.82,30.16,20545
-411.87,29.14,20556
-408.48,28.34,20568
-406.39,28.14,20580
-412.59,29.83,20591
-410.88,29.90,20603
-407.40,29.78,20615
-410.10,30.12,20627
-413.93,29.99,20638
-408.42,29.19,20651
-408.98,28.43,20662
-408.84,29.93,20674
-408.08,29.83,20685
-409.04,29.31,20698
-412.31,29.52,20709
-414.77,29.47,20720
-411.33,29.05,20732
-406.85,28.34,20744
-407.25,30.21,20756
-411.25,30.56,20767
-407.67,30.10,20780
-407.98,29.78,20791
-412.53,29.91,20803
-414.81,28.60,20814
-410.51,27.88,20827
-405.35,28.89,20838
-409.00,29.93,20850
-412.07,29.80,20861
-407.51,29.74,20874
-408.89,30.22,20885
-411.25,29.34,20896
-408.48,28.49,20909
-407.41,28.90,20920
-409.57,29.99,20932
-407.66,30.09,20943
-410.58,29.40,20956
-414.77,30.00,20967
-413.08,28.88,20979
-407.07,28.51,20990
-409.37,28.63,21003
-411.44,30.56,21014
-409.16,30.63,21026
-405.54,29.76,21038
-413.28,30.28,21050
-412.98,29.11,21061
-411.59,28.42,21072
-406.05,27.80,21085
-408.26,29.74,21096
-411.12,30.21,21108
-409.54,29.89,21120
-410.38,30.31,21132
-412.68,29.93,21143
-413.53,29.03,21155
-407.95,28.20,21167
-407.42,29.73,21179
-412.19,30.04,21190
-407.94,29.45,21202
-408.56,29.59,21214
-414.32,29.80,21226
-413.59,28.65,21237
-406.10,28.13,21249
-409.15,29.17,21261
-410.55,30.42,21272
-407.86,29.83,21284
-410.25,30.04,21296
-412.35,30.21,21308
-411.57,29.06,21319
-406.15,27.98,21331
-409.60,28.72,21343
-411.78,29.77,21355
-408.52,29.65,21366
-409.55,29.53,21379
-414.67,30.44,21390
-409.76,29.39,21401
-408.62,28.83,21413
-408.43,28.98,21425
-411.32,30.18,21437
-407.57,29.76,21448
-408.20,29.17,21460
-412.78,29.71,21472
-416.20,29.20,21484
-408.53,28.37,21495
-407.15,28.34,21508
-408.84,29.92,21519
-411.00,30.36,21531
-409.27,29.51,21542
-408.57,30.25,21555
-415.30,29.87,21566
-412.87,28.77,21577
-406.59,28.26,21590
-407.41,29.52,21601
-410.63,29.91,21613
-409.47,29.50,21624
-408.36,29.57,21637
-414.38,29.78,21648
-412.35,29.10,21660
-406.22,28.53,21671
-409.23,29.91,21684
-410.75,30.27,21695
-409.35,29.88,21707
-411.21,29.54,21719
-414.81,29.51,21731
-410.93,28.75,21742
-408.04,28.04,21753
-409.76,28.91,21766
-409.94,30.30,21777
-409.01,30.18,21789
-409.32,29.66,21800
-415.04,30.38,21813
-411.53,29.06,21824
-407.85,28.44,21836
-407.62,28.88,21848
-410.74,30.20,21860
-411.44,30.07,21871
-407.74,29.35,21883
-413.00,29.78,21895
-413.46,29.37,21907
-410.95,28.40,21918
-407.07,28.67,21929
-408.61,30.18,21942
-410.16,30.32,21953
-408.45,29.71,21965
-411.20,29.99,21977
-413.27,29.32,21989
-410.91,28.66,22000
-408.41,27.92,22012
-408.28,29.59,22024
-411.04,29.96,22036
-408.93,29.80,22047
-408.85,29.93,22060
-413.61,30.15,22071
-409.23,29.05,22082
-405.95,28.48,22094
-410.69,29.71,22106
-412.76,29.74,22118
-406.84,29.77,22129
-411.78,29.43,22141
-414.62,30.00,22153
-409.99,28.88,22165
-406.28,28.33,22176
-409.45,29.58,22189
-409.02,30.26,22200
-411.54,30.16,22212
-408.34,29.54,22223
-412.99,29.98,22236
-411.94,29.06,22247
-408.65,28.15,22258
-407.80,29.10,22270
-410.43,29.82,22282
-407.35,29.95,22294
-410.22,29.38,22305
-413.98,29.83,22318
-413.76,29.36,22329
-409.37,28.49,22341
-406.24,29.05,22352
-409.10,30.31,22365
-412.79,30.05,22376
-407.72,29.17,22388
-408.43,29.66,22400
-415.31,29.22,22412
-413.74,28.52,22423
-406.37,28.67,22434
-407.98,30.23,22447
-409.31,30.34,22458
-408.27,29.69,22470
-413.57,29.93,22481
-412.27,29.53,22494
-409.34,28.58,22505
-406.86,28.14,22517
-410.56,29.77,22529
-408.60,29.95,22541
-408.58,29.84,22552
-412.84,29.42,22564
-415.75,30.03,22576
-409.30,28.77,22588
-408.77,28.31,22599
-407.61,29.55,22610
-411.40,30.47,22623
-408.05,30.25,22634
-408.19,29.98,22646
-413.29,29.97,22658
-413.63,28.76,22670
-408.19,27.75,22681
-408.34,28.68,22693
-409.51,29.96,22705
-410.80,30.00,22717
-406.96,30.02,22728
-411.74,30.40,22740
-413.37,29.75,22752
-410.38,28.55,22764
-406.59,29.08,22775
-409.37,29.91,22787
-409.74,29.63,22799
-409.24,29.39,22810
-411.12,29.37,22822
-413.82,29.17,22834
-406.91,28.41,22846
-408.28,28.50,22857
-413.02,30.39,22870
-407.46,30.28,22881
-407.55,30.15,22893
-414.91,30.24,22904
-413.04,29.70,22917
-409.60,28.45,22928
-406.98,27.72,22940
-409.20,29.48,22951
-410.08,29.82,22963
-410.84,29.63,22975
-408.84,29.86,22986
-414.33,30.14,22999
-410.73,29.11,23010
-407.89,28.66,23022
-408.49,29.90,23033
-410.09,30.09,23046
-407.28,29.50,23057
-410.67,29.39,23069
-413.60,29.21,23080
-414.85,28.87,23093
-406.02,27.90,23104
-407.56,29.72,23115
-412.47,30.53,23128
-407.84,30.17,23139
-406.60,29.87,23151
-413.42,30.12,23162
-412.67,29.03,23175
-411.90,28.02,23186
-406.04,28.62,23198
-408.59,29.97,23209
-410.26,29.76,23222
-409.12,29.40,23233
-414.34,30.07,23245
-410.87,29.47,23257
-408.14,28.73,23269
-408.58,28.98,23280
-410.49,30.58,23291
-407.51,29.92,23304
-409.25,29.50,23315
-414.31,29.59,23327
-414.02,29.01,23339
-409.50,28.43,23351
-404.58,28.14,23362
-413.53,29.90,23374
-410.90,30.27,23386
-406.84,29.87,23398
-408.99,30.20,23409
-413.27,29.70,23421
-412.07,29.03,23433
-408.73,28.22,23445
-408.83,29.88,23456
-407.80,30.02,23468
-409.18,29.85,23480
-411.33,29.95,23491
-413.63,29.62,23503
-411.14,28.95,23515
-407.02,28.01,23527
-407.47,29.32,23538
-412.78,30.35,23550
-410.28,29.77,23562
-405.16,30.01,23574
-411.95,30.03,23585
-415.43,29.15,23598
-409.96,28.16,23609
-409.16,28.92,23621
-409.77,30.09,23632
-410.74,29.89,23644
-410.00,29.56,23656
-412.20,30.15,23667
-410.04,29.22,23680
-409.01,28.35,23691
-409.63,29.17,23703
-408.67,30.23,23714
-406.44,30.24,23727
-408.96,29.63,23738
-414.99,30.10,23750
-415.08,29.05,23761
-406.12,28.42,23774
-407.95,28.40,23785
-410.56,30.09,23796
-410.23,30.28,23809
-406.66,29.73,23820
-409.16,30.37,23832
-414.86,29.86,23843
-411.70,28.99,23856
-407.87,28.66,23867
-406.90,29.75,23879
-410.40,30.03,23890
-410.04,29.23,23903
-409.69,29.68,23914
-415.87,29.53,23926
-410.72,28.92,23938
-407.32,28.33,23950
-406.99,30.04,23961
-412.97,30.39,23972
-407.22,29.69,23985
-408.47,29.84,23996
-415.42,29.63,24008
-410.85,28.50,24019
-405.93,28.00,24032
-408.19,29.16,24043
-412.05,30.13,24055
-409.87,30.07,24067
-409.00,29.78,24079
-412.45,30.14,24090
-413.28,29.12,24102
-407.82,28.19,24114
-407.53,28.81,24126
-410.39,29.96,24137
-409.26,29.79,24148
-409.54,29.43,24161
-414.61,29.88,24172
-411.10,29.06,24184
-410.12,28.50,24196
-407.44,28.96,24208
-410.59,30.42,24219
-406.87,30.58,24231
-408.05,29.62,24243
-412.15,30.06,24255
-416.12,28.97,24266
-410.95,27.92,24279
-405.50,28.06,24290
-410.11,29.79,24302
-412.07,30.41,24313
-409.49,29.73,24325
-408.37,30.38,24337
-413.00,30.00,24348
-413.23,29.18,24360
-407.77,28.36,24372
-407.09,29.64,24384
-409.52,29.80,24395
-409.38,29.29,24408
-414.56,29.62,24419
-411.91,29.66,24431
-408.94,28.82,24442
-406.32,28.44,24455
-411.11,29.71,24466
-409.88,30.53,24478
-407.67,30.14,24489
-407.82,29.77,24501
-416.59,30.24,24513
-411.10,28.72,24524
-407.92,27.90,24537
-408.72,28.53,24548
-411.18,29.91,24560
-408.77,29.85,24571
-410.40,30.03,24584
-410.70,30.14,24595
-412.18,29.70,24607
-409.41,28.58,24619
-406.79,29.40,24631
-409.73,30.19,24642
-410.82,30.41,24653
-406.99,29.17,24666
-412.15,29.80,24677
-415.39,29.01,24689
-410.48,28.25,24700
-407.57,28.64,24713
-411.01,30.28,24724
-408.04,30.48,24736
-408.88,29.95,24748
-408.41,29.93,24760
-413.52,29.58,24771
-409.05,28.50,24783
-405.73,28.25,24795
-409.42,29.66,24807
-409.75,29.97,24818
-408.71,29.53,24829
-412.45,29.85,24842
-414.19,29.89,24853
-407.54,28.76,24865
-405.73,28.84,24877
-412.58,30.09,24889
-409.39,30.38,24900
-408.57,29.89,24912
-408.25,29.40,24924
-414.13,29.71,24936
-411.91,28.73,24947
-407.03,27.78,24960
-405.51,29.14,24971
-411.54,30.06,24983
-407.78,30.35,24994
-410.00,30.10,25006
-413.19,30.38,25018
-411.34,29.14,25029
-407.24,28.01,25041
-409.78,29.04,25053
-411.15,29.73,25065
-408.11,29.93,25076
-408.50,29.45,25089
-411.30,30.08,25100
-413.76,29.09,25112
-413.56,28.34,25123
-404.67,28.76,25136
-406.85,30.28,25147
-413.20,30.36,25159
-407.26,29.71,25170
-414.45,29.62,25182
-411.47,29.11,25194
-409.75,28.17,25205
-408.42,28.41,25218
-409.50,30.10,25229
-408.47,30.23,25241
-408.93,29.90,25252
-413.01,30.39,25265
-414.61,30.00,25276
-408.90,28.93,25288
-405.31,28.36,25299
-412.77,29.61,25312
-410.21,29.65,25323
-409.29,29.41,25334
-410.74,29.41,25347
-414.09,29.88,25358
-410.87,29.07,25370
-408.16,28.25,25381
-407.95,29.91,25394
-409.66,29.96,25405
-409.40,30.03,25417
-409.21,29.82,25428
-412.74,29.86,25441
-413.28,28.67,25452
-408.43,27.95,25464
-406.77,28.87,25476
-412.56,30.01,25488
-409.27,29.85,25499
-408.78,30.02,25510
-410.95,30.43,25523
-413.37,29.85,25534
-411.77,28.64,25546
-407.80,29.10,25558
-413.74,29.97,25570
-406.94,29.66,25581
-409.64,28.91,25593
-417.28,29.28,25605
-411.02,28.78,25617
-406.73,28.81,25628
-410.30,28.98,25640
-407.94,31.01,25652
-409.35,30.43,25664
-410.00,29.85,25675
-411.67,29.78,25687
-412.73,29.17,25699
-411.37,28.36,25710
-405.41,27.87,25722
-410.10,29.82,25734
-411.17,29.39,25746
-408.00,29.57,25757
-411.43,29.97,25769
-413.65,30.34,25781
-412.87,29.34,25793
-405.15,28.71,25804
-409.34,29.75,25817
-412.04,29.77,25828
-408.59,29.02,25840
-408.07,29.22,25851
-415.39,29.27,25863
-412.87,28.75,25875
-408.43,28.10,25886
-408.42,29.81,25899
-408.22,30.93,25910
-407.67,30.76,25922
-409.05,30.30,25933
-412.58,30.09,25946
-411.74,28.91,25957
-407.83,27.73,25969
-410.97,28.61,25980
-411.84,29.74,25993
-408.08,29.55,26004
-407.22,29.57,26016
-416.10,30.39,26028
-413.99,29.74,26039
-406.08,29.01,26051
-406.07,29.04,26062
-411.00,30.76,26075
-409.81,29.91,26086
-409.96,29.52,26098
-411.78,29.53,26109
-413.57,28.74,26122
-409.84,28.22,26133
-408.94,28.08,26145
-410.80,29.88,26157
-408.08,30.47,26169
-405.64,30.40,26180
-413.66,30.76,26191
-414.23,29.86,26204
-410.22,28.72,26215
-405.33,27.58,26227
-408.98,29.34,26238
-412.60,29.66,26251
-412.96,29.30,26262
-405.68,29.87,26274
-412.07,29.87,26286
-414.51,29.29,26298
-409.41,28.59,26309
-406.14,30.02,26321
-407.19,30.48,26333
-410.77,29.76,26345
-413.53,29.47,26356
-413.37,29.43,26368
-410.13,28.28,26380
-407.28,28.04,26391
-412.04,29.24,26403
-411.16,30.52,26415
-406.08,30.02,26427
-408.65,30.16,26438
-415.33,30.50,26450
-413.26,29.52,26462
-408.25,28.34,26474
-406.01,28.59,26485
-410.36,29.23,26498
-414.46,29.04,26509
-409.71,28.93,26521
-410.68,29.89,26532
-413.32,29.66,26544
-409.56,29.20,26556
-406.42,29.36,26567
-412.27,30.40,26579
-407.88,30.27,26591
-408.08,29.52,26603
-412.33,29.87,26614
-415.92,28.47,26627
-410.38,27.91,26638
-407.81,27.69,26650
-409.65,29.71,26661
-411.40,30.38,26674
-408.29,29.99,26685
-407.33,30.35,26697
-412.38,29.98,26708
-409.87,29.20,26720
-405.19,28.22,26732
-410.83,29.69,26743
-409.93,29.96,26756
-407.65,29.10,26767
-412.70,29.20,26779
-413.90,29.41,26790
-411.21,28.81,26803
-406.58,28.44,26814
-409.29,30.01,26826
-409.68,30.65,26838
-407.29,30.38,26850
-406.83,29.93,26861
-415.38,30.17,26872
-411.61,28.70,26885
-408.31,28.05,26896
-407.66,28.56,26908
-411.98,29.69,26919
-410.16,29.65,26932
-409.25,29.53,26943
-413.19,30.55,26955
-413.01,29.79,26967
-408.62,28.82,26979
-405.53,29.33,26990
-411.05,30.14,27002
-410.75,30.07,27014
-407.42,29.22,27026
-411.79,29.45,27037
-412.92,28.68,27048
-411.72,28.18,27061
-410.24,28.33,27072
-408.12,30.21,27084
-410.30,30.94,27096
-407.69,30.31,27108
-413.85,30.47,27119
-413.59,29.76,27131
-406.43,28.53,27143
-409.11,28.12,27155
-411.12,29.31,27166
-409.73,29.78,27179
-407.85,29.21,27190
-411.61,29.55,27202
-415.85,29.76,27213
-410.94,29.36,27225
-405.52,28.90,27237
-409.37,30.41,27248
-409.80,30.41,27260
-408.98,29.85,27272
-411.09,29.26,27284
-413.30,29.37,27295
-412.17,28.12,27308
-409.46,27.58,27319
-408.46,29.17,27331
-410.69,30.27,27342
-408.01,30.55,27355
-406.39,30.59,27366
-413.63,31.01,27378
-414.47,29.43,27389
-406.72,28.30,27401
-407.83,28.81,27413
-411.00,29.52,27424
-411.07,29.45,27437
-409.54,28.84,27448
-408.18,29.65,27460
-414.39,29.42,27471
-413.47,28.68,27484
-406.21,29.38,27495
-409.95,30.49,27507
-407.90,30.82,27518
-411.63,29.71,27531
-413.81,29.85,27542
-411.69,28.75,27553
-407.60,27.67,27566
-410.70,27.96,27577
-411.30,29.58,27589
-406.51,30.37,27600
-405.58,30.16,27613
-413.24,30.68,27624
-414.26,30.24,27636
-407.67,29.12,27648
-407.02,28.22,27660
-409.27,29.73,27671
-411.53,29.51,27683
-410.77,29.14,27695
-409.13,28.95,27707
-411.17,29.53,27718
-413.95,28.51,27729
-408.59,28.53,27742
-406.09,29.87,27753
-411.15,30.93,27765
-406.88,30.37,27777
-409.45,30.29,27789
-415.35,29.75,27800
-412.61,28.69,27812
-406.14,27.33,27824
-409.40,28.82,27836
-413.25,29.38,27847
-409.73,29.53,27859
-406.93,29.58,27871
-418.29,30.51,27883
-412.92,29.74,27894
-403.90,29.13,27906
-407.08,29.45,27918
-411.21,30.41,27929
-411.42,29.81,27941
-411.12,28.84,27953
-411.49,28.99,27965
-412.14,28.75,27976
-410.07,28.25,27988
-409.13,29.03,28000
-408.01,30.73,28012
-408.84,30.55,28023
-406.43,30.22,28036
-412.47,30.25,28047
-415.70,29.56,28059
-409.87,28.16,28070
-403.99,27.93,28082
-412.47,29.20,28094
-412.41,29.61,28105
-410.74,29.28,28118
-409.28,29.80,28129
-412.52,29.99,28141
-409.23,29.48,28152
-413.32,29.09,28165
-405.88,30.40,28176
-405.95,30.55,28188
-410.95,29.82,28199
-409.64,29.25,28212
-415.12,29.01,28223
-415.14,28.15,28234
-404.62,27.61,28247
-407.87,29.77,28258
-408.72,30.60,28270
-405.38,30.37,28281
-409.72,30.50,28294
-412.89,30.22,28305
-414.93,29.38,28317
-405.87,27.85,28328
-405.83,28.65,28341
-411.11,29.68,28352
-411.49,29.66,28364
-411.87,29.57,28376
-412.39,29.92,28388
-408.73,29.48,28399
-409.41,28.85,28410
-410.96,29.25,28423
-408.47,30.58,28434
-408.11,30.22,28446
-407.15,29.84,28457
-414.00,29.77,28470
-416.44,28.83,28481
-409.48,27.79,28493
-403.51,28.00,28505
-411.31,30.02,28517
-411.08,30.38,28528
-410.27,30.03,28540
-408.06,30.41,28552
-411.58,29.70,28564
-413.09,28.84,28575
-409.02,28.33,28587
-408.28,29.54,28599
-409.58,29.51,28610
-408.61,29.36,28622
-410.90,29.75,28634
-415.60,29.30,28646
-406.79,29.29,28657
-407.28,28.25,28669
-412.32,30.08,28681
-410.56,30.23,28693
-406.23,30.04,28704
-410.63,29.72,28717
-415.92,29.73,28728
-411.60,28.83,28740
-407.95,27.99,28751
-407.38,28.91,28763
-411.01,30.02,28775
-409.73,29.64,28786
-411.07,29.70,28798
-414.03,29.94,28810
-410.02,29.13,28822
-407.58,28.53,28833
-410.68,29.27,28846
-410.18,30.37,28857
-407.71,29.78,28869
-406.94,29.33,28880
-414.85,29.49,28893
-415.29,28.59,28904
-410.74,28.08,28915
-404.58,28.78,28928
-410.67,30.69,28939
-411.92,30.59,28951
-409.42,29.95,28962
-407.62,30.13,28975
-412.12,29.12,28986
-413.03,28.43,28998
-410.17,28.00,29009
-408.33,29.54,29022
-408.90,29.89,29033
-410.64,29.39,29045
-415.95,30.14,29057
-410.53,29.57,29069
-405.85,28.90,29080
-408.41,28.56,29091
-412.33,30.22,29104
-409.17,30.19,29115
-407.83,29.54,29127
-410.17,29.53,29138
-416.69,29.28,29151
-411.75,28.31,29162
-404.56,27.90,29174
-408.08,29.37,29186
-410.53,30.92,29198
-407.91,30.36,29209
-409.90,30.52,29221
-411.87,30.38,29233
-411.57,28.99,29245
-409.22,28.01,29256
-408.94,28.74,29267
-409.98,29.74,29280
-411.36,29.80,29291
-404.78,29.63,29303
-415.56,30.39,29315
-413.87,29.34,29327
-407.00,28.59,29338
-407.06,29.32,29350
-411.54,30.34,29362
-408.29,30.24,29374
-409.45,29.58,29385
-412.29,29.90,29398
-412.89,29.06,29409
-412.65,28.30,29421
-408.42,28.66,29432
-410.90,29.97,29444
-407.86,30.06,29456
-408.95,29.49,29467
-415.57,30.22,29479
-411.02,29.46,29491
-407.38,28.70,29503
-406.32,28.79,29514
-411.74,29.85,29527
-410.51,30.18,29538
-407.99,29.44,29550
-410.89,29.76,29561
-416.02,29.64,29574
-409.91,28.20,29585
-407.05,28.70,29596
-409.75,29.14,29608
-409.97,30.75,29620
-409.34,29.58,29632
-411.74,29.79,29643
-411.98,30.08,29656
-414.03,28.13,29667
-405.70,28.74,29679
-407.89,29.01,29690
-412.75,30.44,29703
-407.41,29.83,29714
-408.11,29.55,29726
-416.71,30.03,29737
-410.71,28.83,29750
-408.90,28.40,29761
-407.67,29.31,29772
-409.23,30.54,29785
-411.41,29.85,29796
-406.98,29.69,29808
-415.24,29.96,29819
-410.99,28.74,29832
-406.83,28.34,29843
-409.30,28.61,29855
-410.03,30.21,29867
-411.17,30.33,29879
-406.54,29.50,29890
-412.98,30.29,29902
-416.12,29.26,29914
-405.92,28.30,29926
-407.70,28.70,29937
-413.81,30.11,29948
-405.16,30.12,29961
-411.96,29.80,29972
-411.28,29.99,29984
-411.27,29.36,29996
-411.47,28.79,30008
-406.73,28.48,30019
-407.86,29.96,30031
-413.10,30.38,30043
-405.93,29.45,30055
-408.64,29.92,30066
-417.21,29.32,30078
-409.48,28.51,30090
-406.61,28.14,30102
-409.03,30.02,30113
-409.76,30.33,30125
-410.46,29.98,30137
-406.69,29.67,30148
-413.56,30.01,30160
-414.92,28.77,30172
-409.45,27.99,30184
-406.36,29.88,30195
-409.33,30.24,30208
-407.92,29.84,30219
-412.51,29.89,30231
-413.99,29.56,30242
-409.15,29.19,30255
-408.31,28.26,30266
-412.00,29.32,30277
-408.57,30.03,30289
-407.57,30.02,30301
-410.19,29.74,30313
-412.80,30.49,30324
-412.16,29.45,30337
-410.38,28.49,30348
-403.74,28.90,30360
-412.13,29.97,30371
-411.21,29.65,30384
-408.49,29.59,30395
-411.06,29.70,30407
-415.87,29.67,30418
-406.79,28.72,30431
-409.75,28.86,30442
-410.30,30.14,30453
-408.57,30.10,30466
-407.34,29.81,30477
-409.07,29.92,30489
-415.46,29.22,30500
-413.69,28.41,30513
-404.85,27.90,30524
-409.72,29.71,30536
-410.08,29.96,30547
-409.13,29.83,30560
-410.31,29.83,30571
-412.41,29.78,30583
-410.44,29.52,30595
-409.49,28.32,30607
-408.69,30.35,30618
-409.33,29.91,30629
-405.92,29.78,30642
-413.31,29.12,30653
-417.47,29.40,30665
-410.60,28.45,30676
-404.45,27.79,30689
-410.05,29.43,30700
-410.50,30.72,30712
-410.37,30.40,30724
-407.30,29.89,30736
-411.30,30.31,30747
-411.83,28.92,30759
-412.02,28.09,30771
-407.89,28.67,30782
-408.28,29.67,30794
-409.11,30.03,30806
-410.58,29.54,30818
-411.93,30.14,30829
-412.71,29.65,30841
-407.93,28.63,30853
-407.62,29.14,30865
-412.15,30.26,30876
-411.31,30.08,30888
-405.88,29.52,30900
-409.31,29.99,30912
-418.14,29.09,30923
-412.55,28.37,30936
-405.53,27.93,30947
-408.29,29.99,30958
-410.02,30.40,30970
-409.33,30.10,30982
-412.25,30.63,30994
-410.97,29.78,31005
-411.11,28.80,31017
-407.65,28.33,31029
-409.93,29.73,31041
-410.87,30.08,31052
-406.20,29.40,31065
-412.39,29.82,31076
-417.15,29.52,31088
-407.12,29.05,31099
-405.22,28.40,31112
-411.58,30.15,31123
-410.24,30.67,31134
-408.11,30.47,31147
-406.87,29.69,31158
-414.51,29.45,31170
-413.98,28.51,31181
-407.31,27.51,31194
-408.84,28.95,31205
-408.85,30.76,31217
-406.27,30.15,31228
-412.89,30.52,31241
-412.10,30.28,31252
-408.93,29.03,31264
-411.49,28.69,31276
-409.48,28.71,31288
-408.13,30.24,31299
-411.93,29.73,31310
-404.33,29.46,31323
-410.18,29.80,31334
-418.62,29.05,31346
-409.43,28.34,31357
-402.88,28.81,31370
-411.35,30.65,31381
-409.06,30.22,31393
-406.18,29.83,31405
-411.21,29.89,31417
-412.17,29.20,31428
-411.98,28.59,31440
-408.46,28.11,31452
-407.87,29.80,31463
-407.64,29.98,31475
-412.04,29.68,31486
-412.72,30.12,31499
-412.45,29.94,31510
-406.87,29.10,31522
-406.09,28.84,31534
-412.35,29.96,31546
-412.20,30.00,31557
-405.80,29.15,31569
-407.77,29.22,31581
-416.16,29.17,31593
-416.69,28.43,31604
