,10974⸮9⸮8872.00
7621.00
-413.21,29.73,1134
-415.21,28.99,1135
-409.40,27.49,1137
-407.64,29.16,1148
-410.60,31.17,1160
-403.65,31.85,1172
-413.84,30.26,1183
-412.33,30.36,1196
-410.05,28.61,1207
-411.83,27.79,1219
-410.49,29.02,1230
-412.45,31.06,1242
-409.14,31.81,1254
-403.01,29.61,1265
-412.45,30.17,1277
-417.96,29.22,1289
-408.15,27.86,1301
-407.10,29.63,1312
-410.58,31.47,1325
-407.03,31.49,1336
-410.30,30.13,1348
-411.53,29.59,1359
-410.74,28.60,1372
-411.44,27.72,1383
-409.75,29.25,1395
-411.10,31.32,1406
-407.85,31.97,1418
-404.32,30.01,1430
-410.66,30.33,1441
-416.20,28.68,1454
-409.76,27.47,1465
-406.21,29.24,1477
-411.41,31.05,1488
-411.69,31.75,1501
-405.55,30.04,1512
-413.38,30.19,1524
-412.85,29.04,1536
-408.00,27.76,1548
-411.81,29.41,1559
-408.73,31.31,1571
-405.72,31.65,1583
-410.53,29.80,1594
-413.02,29.86,1606
-410.52,28.53,1617
-410.22,27.45,1630
-410.43,29.65,1641
-412.64,31.06,1653
-404.03,31.93,1665
-407.11,30.03,1677
-412.65,30.16,1688
-415.30,29.17,1700
-409.42,27.67,1712
-405.85,29.78,1724
-409.89,31.42,1735
-409.37,31.47,1747
-409.67,29.53,1759
-410.54,29.36,1770
-412.84,28.52,1782
-409.96,27.51,1794
-410.46,30.38,1806
-411.38,31.45,1817
-405.27,32.00,1829
-404.83,29.77,1841
-412.65,29.78,1853
-414.85,28.65,1864
-411.98,26.81,1876
-404.91,29.60,1888
-409.48,31.40,1900
-406.39,31.61,1911
-407.35,30.41,1923
-410.23,29.89,1935
-411.31,29.03,1946
-411.31,27.52,1958
-411.35,29.71,1970
-407.39,31.24,1982
-405.76,31.50,1993
-410.48,30.31,2006
-415.36,29.66,2017
-411.16,28.84,2029
-407.06,27.41,2040
-408.30,30.26,2053
-413.92,31.76,2064
-404.50,31.61,2076
-408.40,30.25,2087
-410.54,29.40,2099
-414.85,28.57,2111
-410.46,27.39,2122
-408.06,29.97,2135
-410.67,31.66,2146
-405.27,31.29,2158
-407.46,30.21,2169
-413.47,29.70,2182
-412.82,28.70,2193
-408.53,27.60,2205
-408.49,30.29,2216
-411.43,31.60,2229
-408.35,31.31,2240
-406.01,30.01,2252
-410.50,29.43,2264
-412.24,28.92,2275
-411.59,27.48,2287
-410.45,30.46,2298
-406.31,31.46,2311
-408.76,31.31,2322
-411.61,30.16,2334
-412.15,29.69,2345
-411.84,28.60,2358
-406.13,27.71,2369
-410.09,30.46,2381
-411.94,31.44,2393
-404.16,31.05,2405
-407.57,29.88,2416
-415.02,29.44,2428
-411.88,28.71,2440
-408.87,27.45,2451
-411.38,30.45,2463
-407.72,31.59,2475
-404.74,31.25,2487
-409.54,30.50,2498
-411.33,29.41,2510
-412.73,28.62,2522
-409.05,26.99,2534
-408.55,30.17,2545
-412.40,31.48,2557
-406.53,31.24,2569
-404.46,30.62,2581
-413.60,29.62,2592
-411.10,29.24,2604
-411.05,27.29,2616
-409.00,30.57,2627
-409.59,31.35,2639
-408.27,30.64,2651
-409.56,29.77,2663
-410.76,28.71,2674
-413.11,28.53,2686
-407.91,27.57,2698
-411.05,31.02,2710
-407.19,32.27,2721
-402.86,31.27,2734
-412.02,30.60,2745
-416.36,29.14,2757
-409.79,28.30,2768
-408.16,26.88,2780
-410.46,30.18,2792
-411.12,31.34,2803
-406.78,30.63,2816
-409.06,30.81,2827
-411.04,29.63,2839
-412.67,29.37,2850
-409.68,27.81,2863
-410.21,30.53,2874
-409.70,31.35,2886
-406.14,29.79,2897
-410.66,29.94,2910
-416.04,28.95,2921
-410.90,28.67,2933
-408.96,27.89,2945
-408.72,31.08,2956
-411.86,32.27,2968
-404.22,30.97,2979
-408.29,30.33,2992
-413.04,28.94,3003
-414.52,28.17,3015
-410.67,27.39,3026
-408.98,30.29,3039
-410.06,31.87,3050
-408.25,30.34,3062
-409.77,30.09,3074
-413.31,28.97,3086
-410.91,28.87,3097
-408.62,28.04,3109
-410.16,31.19,3121
-407.22,32.17,3132
-405.44,30.35,3144
-413.96,29.81,3155
-412.95,28.49,3168
-411.11,28.25,3179
-409.20,27.93,3191
-409.99,31.19,3203
-410.11,32.40,3215
-405.21,30.67,3226
-409.58,30.65,3238
-414.16,28.99,3250
-413.07,28.13,3262
-406.97,27.65,3273
-411.67,30.21,3284
-410.58,31.79,3297
-407.38,30.12,3308
-409.90,30.43,3320
-412.17,28.89,3332
-412.65,28.40,3344
-410.65,28.17,3355
-407.31,30.82,3367
-410.17,32.11,3379
-408.15,30.53,3391
-407.32,30.59,3402
-413.40,28.57,3415
-413.16,28.27,3426
-409.06,27.34,3438
-411.26,30.30,3449
-403.87,31.81,3461
-407.68,30.42,3473
-412.56,31.01,3484
-412.57,29.24,3496
-409.03,28.81,3508
-409.95,28.06,3520
-410.37,30.61,3531
-410.34,31.64,3544
-406.70,29.52,3555
-409.69,29.91,3567
-414.21,28.40,3578
-412.44,28.54,3591
-407.22,28.39,3602
-411.81,31.20,3614
-406.69,32.53,3625
-406.41,30.13,3637
-411.64,30.60,3649
-412.55,28.48,3660
-409.73,28.27,3673
-410.64,27.59,3684
-409.68,31.37,3696
-409.48,31.23,3707
-405.17,30.10,3720
-409.38,30.08,3731
-414.76,28.54,3743
-411.85,28.55,3755
-408.83,28.43,3767
-408.96,31.53,3778
-407.42,32.39,3790
-409.61,29.93,3802
-407.19,30.15,3813
-410.01,28.11,3825
-416.82,27.55,3836
-405.34,28.00,3849
-414.22,30.79,3860
-403.44,32.22,3872
-409.01,30.51,3884
-412.97,30.73,3896
-409.57,29.34,3907
-408.18,28.42,3919
-413.74,28.56,3931
-408.46,30.91,3943
-406.61,31.52,3954
-406.03,29.83,3965
-412.42,30.52,3978
-415.31,28.45,3989
-411.36,28.29,4001
-405.06,28.42,4013
-410.63,31.25,4025
-410.01,32.09,4036
-409.62,30.52,4048
-407.75,30.58,4060
-411.49,28.96,4072
-410.70,27.99,4083
-409.66,28.20,4096
-412.00,30.91,4107
-408.98,31.06,4119
-401.07,29.81,4130
-413.10,30.43,4142
-416.01,28.69,4154
-411.45,28.47,4165
-406.73,29.05,4177
-407.71,31.58,4189
-411.20,32.56,4201
-410.42,29.61,4212
-404.84,30.30,4225
-414.17,27.99,4236
-411.49,27.76,4248
-411.71,28.53,4259
-408.54,30.93,4272
-401.80,32.11,4283
-411.16,30.31,4295
-415.10,30.86,4306
-410.63,28.82,4318
-408.76,28.24,4330
-406.54,28.91,4341
-413.51,30.97,4354
-408.87,31.41,4365
-405.78,28.87,4377
-411.17,29.94,4388
-415.30,28.46,4401
-411.54,28.16,4412
-407.79,29.74,4424
-408.18,31.65,4435
-408.42,32.71,4448
-408.54,30.03,4459
-411.38,30.20,4470
-413.11,28.29,4483
-408.83,26.99,4494
-410.06,28.63,4506
-414.18,30.44,4517
-406.92,31.88,4530
-405.07,30.02,4541
-409.49,30.84,4553
-414.10,29.25,4564
-412.95,28.17,4577
-404.89,29.64,4588
-410.19,31.23,4600
-411.64,31.89,4612
-406.04,29.40,4624
-414.82,29.57,4635
-409.54,28.23,4646
-412.86,27.22,4659
-410.49,29.43,4670
-407.13,31.68,4682
-404.98,32.65,4694
-409.41,30.50,4706
-411.79,30.73,4717
-413.03,28.89,4729
-407.27,27.23,4741
-408.31,28.88,4753
-414.10,30.50,4764
-407.21,31.40,4776
-405.38,29.28,4788
-411.72,30.08,4800
-413.12,29.01,4811
-410.74,28.10,4823
-406.24,29.92,4835
-409.93,31.45,4846
-406.32,32.06,4858
-408.02,29.79,4870
-414.09,30.02,4882
-410.89,28.08,4893
-409.25,27.42,4905
-411.13,28.91,4917
-410.32,31.42,4929
-408.58,31.61,4940
-405.73,30.35,4953
-408.53,30.21,4964
-415.82,28.65,4976
-412.14,27.89,4987
-406.54,29.38,4999
-410.19,31.52,5011
-406.40,31.26,5022
-408.86,29.61,5035
-411.64,29.50,5046
-412.91,28.39,5058
-411.61,27.72,5069
-408.24,29.89,5082
-410.29,31.86,5093
-403.69,32.20,5105
-409.32,30.12,5116
-413.23,30.20,5129
-412.77,28.87,5140
-407.15,27.09,5151
-410.37,29.57,5164
-411.00,30.93,5175
-408.32,31.46,5187
-405.76,29.59,5198
-411.95,30.08,5211
-413.67,28.98,5222
-411.23,28.05,5234
-408.56,30.08,5245
-410.06,31.50,5258
-404.57,31.62,5269
-409.31,29.57,5281
-412.75,29.57,5293
-413.12,28.36,5305
-410.55,27.27,5316
-409.56,30.04,5327
-410.82,31.57,5340
-408.61,31.78,5351
-404.52,30.39,5363
-409.51,29.95,5374
-413.99,28.94,5387
-413.74,27.07,5398
-410.04,29.47,5410
-410.88,31.07,5422
-407.08,31.03,5434
-411.94,29.94,5445
-412.37,29.59,5457
-410.26,29.06,5469
-409.92,27.69,5481
-411.47,30.62,5492
-408.54,31.58,5504
-406.13,31.40,5516
-406.39,30.25,5527
-414.79,29.39,5539
-416.13,28.79,5551
-406.76,27.01,5563
-405.05,30.02,5574
-414.22,31.02,5586
-406.32,31.25,5598
-407.59,30.06,5610
-413.75,29.82,5621
-410.26,29.03,5634
-409.72,27.92,5645
-410.90,30.38,5656
-409.79,31.35,5668
-405.97,30.95,5680
-406.70,29.57,5692
-413.58,29.31,5703
-414.58,28.38,5715
-410.89,27.45,5727
-406.68,30.61,5739
-411.51,31.94,5750
-409.06,31.98,5763
-407.17,30.18,5774
-408.77,29.78,5786
-413.15,28.54,5797
-410.61,27.46,5810
-406.83,30.03,5821
-409.01,31.22,5832
-406.95,31.20,5844
-409.82,29.78,5856
-414.69,29.36,5868
-410.47,28.78,5879
-407.50,27.47,5892
-410.47,31.17,5903
-410.94,31.65,5915
-404.65,31.69,5926
-406.27,30.07,5939
-415.54,29.42,5950
-414.28,28.48,5962
-407.70,26.99,5974
-410.45,30.37,5986
-410.94,31.34,5997
-404.94,31.24,6008
-410.02,30.49,6021
-411.40,29.95,6032
-409.67,29.14,6044
-410.10,27.90,6055
-410.03,30.46,6068
-409.47,31.23,6079
-408.97,30.46,6091
-407.80,29.80,6103
-411.88,28.93,6115
-414.33,28.73,6126
-409.24,27.44,6138
-407.66,30.94,6150
-411.75,32.05,6162
-406.17,31.43,6173
-412.03,30.64,6184
-411.78,28.92,6197
-411.79,28.67,6208
-408.94,26.81,6220
-411.21,30.42,6232
-407.73,31.41,6244
-405.85,30.68,6255
-410.66,30.48,6267
-413.00,29.36,6279
-411.17,29.42,6291
-406.41,28.22,6302
-412.18,31.15,6315
-408.31,31.75,6326
-404.96,30.00,6337
-411.86,29.59,6349
-414.13,28.34,6361
-411.95,28.37,6373
-408.17,27.56,6384
-408.33,31.19,6396
-412.55,32.49,6408
-406.01,31.22,6420
-407.76,30.94,6431
-410.75,29.09,6444
-413.35,28.66,6455
-410.85,27.10,6467
-409.98,30.05,6478
-409.64,31.46,6491
-407.30,30.15,6502
-409.82,30.47,6513
-411.62,29.18,6525
-410.98,29.15,6537
-409.12,28.14,6549
-408.79,31.23,6560
-407.04,32.17,6573
-406.16,30.69,6584
-412.00,30.19,6596
-413.63,28.53,6607
-413.13,27.76,6620
-407.71,27.03,6631
-410.13,30.51,6643
-408.95,31.86,6654
-406.02,31.26,6667
-410.95,31.02,6678
-412.33,29.73,6689
-410.99,28.90,6702
-407.99,27.66,6713
-413.04,30.47,6725
-408.70,31.42,6736
-406.20,30.05,6749
-410.00,30.32,6760
-415.15,28.94,6772
-413.04,28.85,6784
-406.12,28.04,6796
-408.73,31.07,6807
-410.33,32.12,6819
-406.23,30.65,6831
-409.14,30.33,6842
-411.91,28.81,6854
-411.51,28.50,6865
-412.37,27.49,6878
-409.04,30.45,6889
-407.82,31.39,6901
-406.73,29.85,6913
-408.50,30.34,6925
-414.30,28.90,6936
-413.37,29.08,6948
-409.29,28.54,6960
-414.09,31.70,6972
-404.85,32.14,6983
-406.14,29.36,6995
-412.58,29.74,7007
-413.35,27.68,7018
-413.82,28.08,7030
-408.14,28.11,7042
-407.17,31.18,7054
-409.10,32.86,7065
-408.16,30.25,7077
-409.45,31.03,7089
-413.49,28.51,7101
-410.49,28.23,7112
-407.24,27.71,7124
-413.93,30.62,7136
-409.04,31.73,7148
-403.92,29.75,7159
-409.79,30.44,7172
-414.34,28.45,7183
-411.92,28.32,7194
-410.90,28.27,7206
-405.13,31.38,7218
-410.87,32.80,7230
-405.41,30.70,7241
-407.57,31.19,7254
-414.99,28.28,7265
-410.42,27.80,7277
-408.66,27.40,7288
-414.89,30.20,7301
-408.27,31.67,7312
-404.66,30.21,7324
-410.09,31.19,7335
-411.74,29.79,7347
-412.62,29.09,7359
-403.93,28.66,7370
-413.57,30.76,7383
-408.04,31.19,7394
-406.06,29.26,7406
-413.78,29.66,7417
-412.70,28.60,7430
-409.14,28.08,7441
-408.60,28.62,7453
-410.41,31.15,7464
-405.88,32.35,7477
-407.16,30.30,7488
-410.72,30.64,7500
-412.88,28.98,7512
-408.13,28.33,7523
-409.42,28.42,7535
-410.67,31.06,7546
-408.12,31.56,7559
-406.32,29.76,7570
-411.39,30.14,7582
-411.43,28.80,7593
-413.87,28.38,7606
-406.30,28.83,7617
-409.02,31.37,7629
-411.24,32.44,7641
-407.46,29.90,7653
-408.40,29.99,7664
-413.33,28.41,7676
-411.50,27.64,7688
-410.98,28.82,7699
-410.25,31.02,7711
-408.77,32.31,7723
-409.05,29.82,7735
-414.46,30.45,7746
-412.86,28.76,7758
-405.32,27.93,7770
-411.48,29.13,7782
-410.64,31.09,7793
-406.39,32.12,7805
-406.73,29.64,7817
-411.03,30.58,7829
-412.42,28.57,7840
-413.04,27.85,7853
-407.35,28.75,7864
-408.69,30.71,7875
-408.88,32.31,7887
-407.13,30.06,7899
-410.86,30.84,7911
-412.15,28.93,7922
-409.20,27.78,7934
-408.92,28.76,7946
-412.45,30.46,7958
-407.43,31.95,7969
-406.68,29.43,7982
-410.49,30.35,7993
-413.52,28.72,8005
-411.15,27.91,8016
-405.51,29.57,8028
-411.12,31.18,8040
-410.06,32.22,8051
-404.34,29.55,8064
-409.24,29.84,8075
-413.73,28.54,8087
-410.39,27.38,8098
-411.79,29.09,8111
-407.43,30.97,8122
-407.09,32.15,8134
-408.95,30.04,8145
-411.21,30.56,8158
-412.61,29.33,8169
-408.41,27.87,8181
-408.71,29.48,8193
-412.11,31.02,8204
-406.75,31.56,8216
-406.17,29.47,8227
-414.24,29.74,8240
-412.91,28.89,8251
-410.10,27.70,8263
-409.11,29.89,8274
-407.18,31.85,8287
-409.13,32.12,8298
-407.88,30.47,8310
-409.68,28.93,8322
-413.89,28.72,8334
-413.88,26.86,8345
-404.85,29.31,8357
-414.56,31.69,8369
-408.93,31.70,8380
-402.79,30.37,8392
-413.61,30.03,8403
-414.14,28.76,8416
-407.33,27.94,8427
-412.88,29.62,8439
-412.09,31.37,8451
-405.26,31.40,8463
-408.27,29.77,8474
-410.94,29.54,8486
-412.51,28.69,8498
-405.94,27.23,8510
-410.26,29.71,8521
-409.79,31.29,8532
-406.47,31.88,8545
-409.03,30.21,8556
-410.45,30.13,8568
-413.28,28.80,8580
-410.71,27.40,8592
-406.96,29.31,8603
-412.06,30.80,8615
-406.92,31.49,8627
-406.27,29.76,8639
-415.98,30.22,8650
-411.32,29.00,8663
-405.99,27.61,8674
-413.37,30.43,8686
-409.13,31.21,8697
-406.60,31.78,8709
-408.89,29.62,8721
-409.90,29.63,8732
-416.76,28.36,8744
-412.27,27.10,8756
-403.65,29.68,8768
-413.52,31.22,8779
-407.75,31.57,8792
-404.74,30.21,8803
-414.58,30.40,8815
-411.09,28.98,8826
-407.60,27.92,8839
-413.86,29.98,8850
-408.42,30.98,8862
-407.20,31.16,8873
-409.20,29.36,8885
-414.60,29.47,8897
-413.29,28.88,8908
-406.56,27.35,8921
-408.28,31.04,8932
-408.57,31.62,8944
-405.34,32.17,8955
-413.35,29.99,8968
-410.26,29.42,8979
-412.82,28.24,8991
-410.06,26.86,9003
-409.42,29.72,9015
-413.31,31.40,9026
-406.52,31.24,9037
-403.96,30.52,9050
-416.25,29.78,9061
-413.12,29.38,9073
-408.41,27.65,9084
-409.21,30.42,9097
-409.75,31.62,9108
-408.30,31.00,9120
-410.46,29.77,9132
-410.32,28.65,9144
-411.05,28.33,9155
-411.81,26.96,9167
-409.76,30.25,9179
-412.20,31.91,9191
-404.19,31.97,9202
-406.11,30.70,9213
-413.62,29.89,9226
-413.10,28.81,9237
-410.95,27.00,9249
-405.22,30.09,9261
-412.43,31.20,9273
-403.32,30.76,9284
-411.18,30.03,9296
-414.27,29.23,9308
-410.63,28.96,9320
-410.49,27.69,9331
-408.81,31.15,9344
-405.23,32.02,9355
-407.99,31.39,9367
-411.06,30.01,9378
-412.07,29.05,9390
-415.38,28.20,9402
-407.72,27.13,9413
-409.52,30.18,9425
-413.71,31.51,9437
-405.32,30.85,9449
-406.58,30.45,9460
-414.41,29.63,9473
-411.36,29.49,9484
-408.97,27.91,9496
-408.12,30.76,9507
-409.62,31.09,9520
-406.53,30.33,9531
-411.42,29.29,9542
-412.83,28.90,9554
-411.45,28.65,9566
-411.25,27.55,9578
-408.85,31.31,9589
-410.15,32.01,9602
-407.14,31.34,9613
-405.53,30.54,9625
-412.10,28.94,9636
-415.54,28.11,9649
-410.11,26.82,9660
-412.94,30.17,9672
-409.08,31.75,9683
-406.51,30.54,9696
-410.70,30.65,9707
-412.49,29.17,9718
-411.75,29.41,9731
-408.07,27.41,9742
-409.64,31.22,9754
-407.43,31.57,9765
-404.83,30.78,9778
-413.00,30.23,9789
-413.83,28.43,9801
-408.80,28.36,9812
-411.57,27.04,9825
-410.51,31.01,9836
-408.86,32.29,9848
-407.65,31.35,9860
-405.88,31.19,9872
-411.60,29.19,9883
-416.46,28.68,9894
-406.51,27.16,9907
-408.85,30.13,9918
-411.51,31.43,9930
-406.39,30.25,9942
-408.91,30.09,9954
-413.89,29.29,9965
-410.28,28.80,9977
-409.28,27.96,9989
-410.03,31.28,10001
-411.09,32.01,10012
-403.79,30.65,10024
-408.86,30.39,10036
-411.63,28.75,10048
-410.19,28.00,10059
-408.03,27.36,10071
-413.40,30.18,10083
-409.00,31.96,10094
-405.10,30.62,10106
-408.16,30.89,10118
-415.29,29.78,10130
-411.60,28.87,10141
-406.27,28.42,10153
-414.19,30.40,10165
-402.77,32.05,10177
-411.73,29.46,10188
-411.77,30.06,10201
-411.66,28.36,10212
-411.69,28.27,10223
-408.89,28.59,10235
-407.92,31.51,10247
-412.22,32.97,10259
-402.89,30.37,10270
-405.61,30.67,10283
-418.73,27.99,10294
-411.55,28.42,10306
-408.67,26.89,10317
-409.32,30.59,10330
-408.92,31.87,10341
-408.44,30.06,10353
-408.69,31.08,10364
-412.53,29.44,10377
-410.53,29.15,10388
-408.25,28.72,10399
-409.53,31.00,10412
-412.80,31.70,10423
-403.94,29.48,10435
-414.06,30.08,10446
-411.99,27.74,10459
-414.19,28.32,10470
-404.27,27.54,10482
-411.41,31.29,10493
-410.74,32.74,10506
-402.46,30.85,10517
-410.86,31.48,10529
-414.06,28.68,10541
-409.03,28.31,10553
-412.25,27.51,10564
-411.21,30.07,10575
-405.51,31.49,10588
-407.65,29.91,10599
-410.48,30.54,10611
-411.59,29.05,10622
-413.18,28.96,10635
-404.48,28.52,10646
-411.35,31.39,10658
-409.92,32.05,10670
-404.67,29.70,10682
-411.17,30.09,10693
-413.31,28.07,10705
-411.58,27.91,10717
-412.04,28.31,10729
-407.35,30.85,10740
-409.75,32.53,10752
-405.97,30.30,10764
-407.36,30.56,10775
-415.58,28.71,10787
-411.10,28.31,10799
-406.81,27.98,10811
-409.81,31.02,10822
-405.78,31.79,10834
-406.80,29.55,10846
-414.76,30.30,10858
-410.31,29.12,10869
-411.91,28.19,10882
-409.75,28.93,10893
-409.11,31.11,10904
-408.05,32.09,10916
-407.50,30.13,10928
-410.53,30.00,10940
-413.77,28.79,10951
-410.95,27.39,10963
-406.86,28.37,10975
-414.28,30.72,10987
-407.28,32.42,10998
-403.80,29.98,11011
-411.03,30.54,11022
-414.51,29.18,11034
-411.06,27.95,11045
-406.61,28.84,11058
-411.00,30.68,11069
-407.16,32.27,11080
-408.46,29.82,11092
-409.47,29.96,11104
-413.18,28.61,11116
-410.61,27.74,11127
-409.92,28.72,11140
-410.72,30.97,11151
-407.70,32.39,11163
-409.29,29.87,11174
-405.26,30.91,11187
-413.63,29.11,11198
-412.11,28.40,11210
-408.26,28.68,11222
-412.51,30.46,11234
-404.73,31.54,11245
-409.23,29.12,11256
-414.60,30.45,11269
-413.78,28.84,11280
-407.83,28.06,11292
-407.66,29.05,11303
-411.24,30.75,11316
-407.34,32.42,11327
-407.56,29.57,11339
-410.94,30.64,11351
-410.97,28.46,11363
-412.77,27.63,11374
-410.13,28.60,11386
-409.54,30.35,11398
-406.79,32.16,11410
-407.95,29.90,11421
-409.17,30.67,11432
-412.98,28.91,11445
-410.03,28.16,11456
-404.56,29.37,11468
-413.29,31.00,11480
-408.71,32.22,11492
-404.45,29.30,11503
-409.89,29.72,11515
-414.28,28.42,11527
-412.06,27.69,11539
-409.91,29.11,11550
-406.37,31.44,11563
-408.88,32.57,11574
-406.32,29.87,11586
-409.91,30.32,11597
-411.22,28.64,11609
-407.95,27.58,11621
-412.32,29.02,11632
-411.78,30.93,11644
-404.60,31.88,11656
-408.05,29.57,11668
-415.02,30.39,11679
-412.22,28.96,11692
-411.49,28.07,11703
-404.66,29.25,11715
-413.55,31.36,11726
-407.47,31.91,11739
-407.46,30.17,11750
-410.91,30.10,11761
-413.66,28.73,11773
-410.96,27.43,11785
-410.36,29.04,11797
-411.77,30.50,11808
-406.87,32.30,11821
-406.20,29.89,11832
-409.69,30.67,11844
-414.89,29.23,11855
-409.59,27.91,11868
-409.35,29.38,11879
-411.26,30.87,11891
-405.02,31.19,11902
-412.15,29.69,11915
-408.86,29.32,11926
-412.58,28.54,11937
-413.20,28.12,11950
-408.58,29.45,11961
-409.31,31.79,11973
-411.68,31.90,11984
-410.54,30.16,11997
-415.28,29.65,12008
-410.39,29.05,12020
-410.57,26.73,12032
-407.68,29.48,12044
-412.37,30.90,12055
-408.68,31.48,12067
-406.66,30.30,12079
-411.57,30.02,12091
-413.41,29.27,12102
-407.51,27.62,12113
-410.28,29.40,12126
-411.14,31.16,12137
-402.37,31.59,12149
-409.47,29.77,12161
-413.16,29.93,12173
-411.43,28.82,12184
-412.08,27.13,12196
-406.96,29.54,12208
-412.60,30.85,12220
-409.40,31.97,12231
-403.38,30.53,12243
-410.54,29.90,12255
-413.07,29.31,12267
-411.31,27.19,12278
-409.95,29.41,12290
-408.88,30.96,12302
-408.69,31.65,12313
-409.73,29.73,12325
-408.51,29.73,12337
-414.39,28.74,12349
-410.79,27.31,12360
-407.23,29.90,12372
-409.39,31.60,12384
-402.64,31.73,12396
-412.12,30.27,12407
-414.15,29.31,12420
-412.11,29.01,12431
-411.29,27.18,12443
-407.08,29.71,12454
-411.70,31.45,12466
-407.96,31.31,12478
-406.70,29.93,12489
-415.40,29.80,12502
-411.52,28.76,12513
-406.94,27.62,12525
-411.04,30.02,12536
-411.15,31.43,12549
-404.02,31.61,12560
-409.28,30.04,12572
-412.54,29.69,12583
-410.85,28.63,12596
-411.22,26.95,12607
-407.66,29.52,12619
-410.51,31.37,12631
-410.76,31.43,12642
-404.69,30.34,12654
-409.46,29.95,12665
-414.29,28.73,12678
-410.84,27.59,12689
-407.91,29.47,12701
-411.45,31.04,12712
-407.37,31.46,12725
-406.85,29.70,12736
-410.93,29.58,12748
-413.19,28.61,12760
-408.24,27.49,12772
-413.16,30.07,12783
-408.95,31.58,12794
-403.48,31.45,12807
-409.23,30.26,12818
-414.35,29.52,12830
-410.68,28.55,12841
-409.92,27.00,12854
-409.72,29.49,12865
-410.49,31.18,12877
-406.28,31.38,12889
-409.03,29.93,12901
-410.49,30.21,12912
-412.28,28.95,12924
-407.89,27.81,12936
-408.64,30.28,12948
-410.98,31.35,12959
-406.75,31.05,12971
-407.04,29.81,12983
-412.80,29.02,12994
-412.72,28.64,13006
-409.10,27.12,13018
-410.85,30.40,13030
-409.27,31.59,13041
-405.49,31.62,13053
-408.31,30.30,13065
-410.41,29.56,13077
-414.50,28.92,13088
-410.54,27.22,13101
-406.49,30.09,13112
-411.45,31.12,13124
-408.77,31.11,13135
-406.44,29.75,13147
-414.07,29.29,13159
-411.23,28.68,13170
-409.90,27.35,13182
-409.68,30.28,13194
-407.91,32.17,13206
-406.02,31.24,13217
-410.98,30.57,13230
-413.18,29.31,13241
-411.84,28.70,13253
-408.65,27.19,13264
-411.05,30.05,13277
-410.82,31.60,13288
-405.41,31.02,13300
-408.64,30.12,13312
-414.71,29.40,13323
-411.23,28.83,13335
-410.87,27.71,13346
-407.53,30.48,13359
-410.73,31.64,13370
-407.19,30.94,13382
-408.92,30.07,13393
-413.58,28.88,13406
-413.50,28.11,13417
-410.58,27.16,13429
-409.13,30.05,13441
-413.41,32.06,13453
-406.79,31.45,13464
-406.13,30.70,13476
-411.59,29.59,13488
-411.96,28.66,13499
-412.81,27.13,13511
-407.47,29.84,13522
-410.88,31.19,13535
-407.69,30.91,13546
-410.50,30.26,13558
-412.46,29.76,13570
-411.32,29.14,13582
-407.70,27.92,13593
-412.34,30.56,13605
-409.20,31.57,13617
-404.40,31.01,13629
-411.33,30.08,13640
-413.67,29.14,13651
-411.73,28.36,13664
-406.87,27.00,13675
-411.32,30.09,13687
-409.05,31.65,13699
-408.42,31.42,13711
-408.70,30.51,13722
-412.56,29.45,13734
-411.25,28.89,13746
-411.62,27.06,13758
-407.87,30.44,13769
-410.56,31.15,13782
-407.55,30.84,13793
-408.70,29.96,13805
-411.11,29.21,13816
-413.98,28.71,13828
-407.17,27.54,13840
-408.77,30.76,13851
-412.79,31.59,13863
-407.33,30.83,13875
-406.14,30.06,13887
-411.65,28.96,13898
-413.77,29.02,13911
-412.98,27.42,13922
-409.58,30.61,13934
-407.55,31.75,13945
-407.50,30.94,13958
-411.99,30.30,13969
-413.75,28.96,13981
-408.51,28.40,13992
-408.76,27.55,14004
-412.50,30.57,14016
-408.78,32.16,14027
-403.59,31.09,14040
-408.84,30.76,14051
-413.94,29.15,14063
-412.32,28.71,14074
-408.33,27.05,14087
-409.95,30.35,14098
-409.93,31.67,14110
-407.95,30.90,14121
-408.50,30.62,14134
-410.41,29.35,14145
-410.30,29.03,14157
-412.00,27.74,14169
-407.23,30.35,14180
-410.89,31.62,14192
-405.01,30.43,14203
-406.94,30.28,14216
-414.00,29.16,14227
-413.81,28.66,14239
-404.74,27.75,14251
-409.87,30.60,14263
-412.56,31.83,14274
-406.67,30.96,14286
-406.05,30.50,14298
-410.49,29.22,14310
-412.64,28.52,14321
-407.04,27.18,14333
-410.14,30.29,14345
-408.73,31.48,14356
-407.79,30.57,14368
-412.44,30.34,14380
-410.16,29.35,14392
-411.29,28.85,14403
-409.13,27.80,14415
-410.49,30.86,14427
-408.23,31.62,14439
-407.21,30.55,14450
-407.38,29.90,14462
-416.37,28.74,14474
-412.28,28.32,14486
-406.38,27.60,14497
-410.99,30.92,14509
-411.19,32.00,14521
-404.37,30.96,14532
-410.15,30.62,14544
-412.19,29.02,14556
-410.04,28.57,14568
-410.46,27.56,14579
-408.77,30.58,14592
-409.51,31.36,14603
-406.89,30.10,14615
-408.87,30.14,14626
-413.91,28.97,14639
-411.84,28.77,14650
-407.90,27.91,14662
-407.84,30.99,14673
-412.51,32.04,14685
-405.13,30.11,14697
-412.72,30.23,14708
-412.89,28.30,14721
-411.98,28.25,14732
-408.50,27.45,14744
-408.67,30.81,14755
-408.32,32.56,14768
-407.06,30.93,14779
-409.11,30.77,14791
-413.50,29.05,14802
-412.48,28.14,14815
-407.31,27.53,14826
-411.51,30.47,14838
-409.19,31.62,14850
-404.87,30.28,14861
-409.58,30.62,14873
-414.69,28.89,14884
-410.23,28.85,14897
-406.35,28.06,14908
-411.97,30.89,14920
-408.01,32.17,14931
-403.92,30.27,14944
-409.21,30.37,14955
-413.82,29.00,14967
-410.42,28.21,14979
-411.23,27.90,14991
-408.14,30.68,15002
-408.82,31.76,15014
-406.58,30.15,15026
-408.99,30.44,15037
-411.84,28.87,15049
-414.48,28.48,15060
-406.47,28.25,15073
-409.92,30.91,15084
-404.79,32.14,15096
-405.18,30.07,15108
-413.30,30.37,15120
-412.93,28.68,15131
-413.24,28.16,15143
-406.54,27.97,15155
-409.10,30.91,15167
-410.66,31.93,15178
-407.47,30.46,15191
-409.08,30.51,15202
-413.67,29.12,15213
-408.30,28.57,15225
-410.03,28.23,15237
-412.87,30.77,15249
-405.30,31.47,15260
-407.47,29.86,15272
-412.07,30.21,15284
-412.67,28.70,15296
-412.91,28.42,15307
-406.19,28.28,15320
-409.97,31.32,15331
-412.88,32.21,15343
-403.50,30.36,15354
-408.59,30.50,15366
-414.87,28.53,15378
-409.30,27.79,15389
-411.31,28.00,15401
-412.53,30.72,15413
-406.27,32.15,15425
-408.06,30.22,15436
-408.90,30.85,15449
-412.01,28.78,15460
-413.23,28.45,15472
-406.73,28.37,15483
-413.66,31.02,15496
-406.51,32.07,15507
-406.88,29.49,15519
-414.31,30.02,15531
-413.02,28.25,15542
-411.18,28.22,15554
-408.03,28.71,15565
-409.46,31.36,15578
-407.22,32.56,15589
-405.49,29.90,15601
-413.13,30.54,15612
-413.23,28.59,15625
-411.41,27.75,15636
-407.49,28.27,15648
-412.03,30.60,15660
-407.40,32.14,15672
-406.32,30.00,15683
-412.25,30.99,15695
-412.83,28.84,15707
-410.80,28.38,15718
-408.95,28.31,15730
-410.14,30.89,15741
-410.76,31.89,15754
-405.84,29.80,15765
-409.01,30.48,15777
-411.74,28.71,15789
-412.56,28.13,15801
-407.71,28.72,15812
-411.37,31.19,15824
-409.94,32.19,15836
-406.75,30.07,15848
-409.49,30.50,15859
-412.77,28.65,15872
-410.14,27.85,15883
-407.43,28.44,15894
-413.18,30.88,15906
-405.27,31.95,15918
-406.32,30.01,15930
-413.74,30.58,15941
-413.75,28.80,15953
-408.60,28.06,15965
-409.05,28.62,15977
-412.43,31.19,15988
-406.73,32.20,16001
-408.01,30.00,16012
-411.12,30.46,16024
-412.43,28.83,16035
-412.08,27.85,16048
-407.16,28.77,16059
-411.29,31.01,16070
-407.26,31.72,16082
-407.81,29.92,16094
-411.16,30.31,16106
-412.62,28.73,16117
-410.21,28.19,16130
-408.84,29.05,16141
-410.13,31.18,16153
-409.39,31.97,16164
-406.27,29.70,16177
-407.76,30.48,16188
-414.96,28.78,16200
-413.57,27.74,16211
-405.93,28.84,16224
-409.48,30.80,16235
-412.59,31.84,16246
-410.05,29.86,16259
-412.63,30.43,16270
-411.19,28.80,16282
-407.08,27.91,16293
-413.53,29.03,16306
-410.12,30.75,16317
-404.54,31.86,16329
-408.58,29.33,16340
-413.56,30.56,16353
-412.96,28.62,16364
-411.02,27.69,16376
-406.05,29.20,16388
-411.55,31.06,16399
-409.06,31.99,16411
-409.03,29.62,16422
-408.55,30.14,16435
-411.92,28.54,16446
-412.57,27.77,16458
-409.71,29.10,16470
-410.04,31.05,16482
-408.45,32.06,16493
-404.79,29.91,16505
-411.72,30.22,16517
-415.19,28.73,16529
-410.76,27.26,16540
-405.20,29.37,16552
-413.49,31.03,16564
-410.17,32.06,16575
-405.46,30.05,16587
-408.10,30.05,16599
-413.53,28.92,16611
-411.59,27.69,16622
-410.83,29.37,16634
-408.16,30.80,16646
-405.34,31.70,16658
-411.21,29.64,16669
-415.38,30.04,16681
-411.60,28.82,16693
-406.00,27.66,16705
-410.72,29.77,16716
-412.10,31.83,16729
-406.51,31.98,16740
-404.47,29.92,16751
-414.11,29.68,16763
-414.00,28.66,16775
-411.86,27.10,16787
-406.24,29.33,16798
-409.30,31.30,16811
-407.76,32.09,16822
-408.64,29.96,16834
-409.74,30.46,16845
-412.44,28.90,16858
-408.87,27.72,16869
-408.78,29.59,16881
-414.02,30.78,16892
-405.44,31.64,16905
-405.69,29.48,16916
-413.09,29.73,16927
-415.58,28.49,16940
-408.18,27.83,16951
-409.25,29.61,16963
-409.51,31.77,16974
-409.20,32.08,16987
-404.62,30.16,16998
-408.70,30.14,17010
-412.81,28.45,17021
-409.57,26.94,17034
-410.65,29.20,17045
-408.38,30.92,17057
-406.82,32.21,17069
-408.95,30.06,17081
-411.69,30.47,17092
-410.93,28.97,17103
-409.92,27.54,17116
-408.50,29.67,17127
-413.15,31.41,17139
-404.61,31.61,17150
-407.77,29.73,17163
-413.64,29.66,17174
-413.16,28.63,17186
-409.41,27.29,17198
-408.96,29.99,17210
-410.51,31.62,17221
-406.60,32.10,17233
-406.77,30.25,17245
-412.44,29.87,17257
-411.85,28.83,17268
-412.12,26.88,17280
-408.74,29.66,17292
-410.97,31.01,17303
-408.96,31.27,17315
-406.66,30.03,17327
-411.44,30.02,17339
-413.67,29.17,17350
-408.95,27.60,17362
-408.74,29.97,17374
-411.78,31.47,17386
-406.90,31.16,17397
-407.56,29.86,17410
-413.16,29.35,17421
-411.46,28.44,17433
-410.04,26.99,17444
-410.10,30.20,17456
-410.12,31.52,17468
-402.68,31.77,17479
-410.69,30.61,17491
-413.36,29.79,17503
-412.37,28.82,17515
-406.34,26.90,17526
-409.21,29.65,17539
-411.56,31.03,17550
-407.50,30.90,17562
-408.20,29.91,17573
-411.81,29.58,17586
-412.69,28.80,17597
-409.17,27.89,17609
-409.15,30.40,17620
-408.19,31.76,17632
-406.31,31.40,17644
-408.66,30.04,17655
-414.45,29.41,17668
-411.08,28.50,17679
-408.94,27.07,17691
-409.63,29.94,17702
-412.55,31.14,17715
-406.94,31.20,17726
-406.14,30.32,17738
-410.36,30.01,17750
-414.80,29.20,17762
-410.48,27.74,17773
-406.94,30.17,17784
-410.50,31.40,17797
-407.42,30.93,17808
-410.33,29.84,17820
-411.57,29.35,17831
-411.14,28.70,17844
-409.88,27.40,17855
-411.04,30.60,17867
-406.29,31.76,17879
-404.05,31.61,17891
-411.84,30.52,17902
-413.18,29.42,17914
-410.51,28.86,17926
-407.93,26.85,17938
-410.32,30.45,17949
-412.64,31.39,17960
-406.40,30.92,17973
-405.84,29.91,17984
-412.23,29.29,17996
-414.73,28.78,18008
-409.88,27.72,18020
-406.93,30.96,18031
-408.91,32.03,18043
-406.09,31.48,18055
-408.98,30.24,18067
-413.62,28.98,18078
-410.82,28.43,18091
-410.12,26.87,18102
-409.82,30.43,18114
-412.71,31.37,18125
-406.07,30.78,18137
-404.31,30.36,18149
-412.44,29.84,18160
-415.46,29.29,18172
-410.10,27.77,18184
-410.21,30.42,18196
-409.37,31.67,18207
-408.93,30.27,18220
-412.31,29.92,18231
-409.83,28.74,18243
-410.61,28.49,18254
-411.57,27.35,18267
-410.66,30.80,18278
-406.72,31.86,18290
-406.62,31.19,18301
-409.61,30.91,18313
-414.61,29.10,18325
-412.97,28.52,18336
-406.46,26.86,18349
-409.74,29.94,18360
-414.96,31.54,18372
-405.67,30.17,18383
-407.15,30.31,18396
-412.86,29.16,18407
-413.73,28.89,18419
-409.28,28.05,18430
-409.24,31.02,18443
-408.21,32.12,18454
-404.75,30.81,18466
-408.84,30.09,18478
-414.90,28.51,18489
-412.17,27.96,18501
-408.34,26.95,18512
-409.81,30.50,18525
-412.22,31.70,18536
-405.74,30.67,18548
-406.16,30.49,18560
-411.20,29.68,18572
-411.43,29.09,18583
-405.47,27.93,18595
-410.33,30.60,18607
-407.73,31.55,18619
-408.55,30.31,18630
-411.10,29.65,18641
-412.18,28.63,18654
-410.45,28.31,18665
-410.59,27.74,18677
-410.25,31.09,18689
-407.22,32.35,18701
-405.07,31.18,18712
-407.95,30.95,18724
-417.15,29.10,18736
-412.69,28.07,18748
-405.08,26.93,18759
-412.37,30.10,18771
-411.33,31.62,18783
-405.97,30.38,18795
-408.38,30.78,18806
-411.82,29.17,18818
-411.47,29.03,18830
-411.41,27.96,18841
-409.78,31.18,18853
-410.44,31.97,18865
-404.09,30.18,18877
-409.61,30.27,18888
-414.12,28.26,18900
-413.46,28.27,18912
-408.29,27.29,18924
-408.32,30.78,18935
-411.29,32.29,18948
-407.02,30.68,18959
-410.79,31.26,18971
-412.08,29.34,18982
-412.29,28.87,18994
-408.55,27.65,19006
-411.45,30.30,19017
-405.85,31.24,19030
-409.54,29.54,19041
-412.97,30.23,19053
-414.46,28.48,19064
-408.67,28.72,19077
-406.73,28.59,19088
-412.73,31.55,19100
-409.76,32.50,19111
-402.84,30.24,19124
-409.62,30.38,19135
-414.92,28.43,19147
-413.35,27.73,19159
-409.45,27.09,19170
-409.31,30.33,19182
-407.72,31.80,19193
-409.11,30.38,19206
-409.71,31.18,19217
-411.54,29.53,19229
-408.48,29.16,19240
-409.39,28.36,19253
-410.60,31.08,19264
-409.84,31.76,19276
-404.24,29.64,19288
-407.41,29.90,19300
-414.47,28.27,19311
-416.05,27.92,19323
-408.03,27.98,19335
-406.10,31.35,19346
-408.85,32.70,19358
-405.92,30.83,19369
-409.69,30.67,19382
-411.85,28.95,19393
-412.18,28.12,19405
-411.93,27.54,19417
-411.97,30.50,19429
-401.99,31.40,19440
-407.55,29.82,19452
-414.76,30.63,19464
-411.96,29.06,19476
-407.93,28.58,19487
-406.03,28.63,19499
-412.09,31.33,19511
-413.03,32.09,19522
-403.64,29.52,19534
-408.52,30.07,19546
-414.54,28.35,19558
-415.09,27.98,19569
-408.73,27.94,19581
-407.92,30.98,19593
-405.44,32.17,19605
-408.90,30.46,19616
-410.79,30.77,19629
-411.30,28.89,19640
-409.59,28.32,19652
-408.11,28.39,19663
-411.72,30.81,19675
-413.40,31.63,19687
-400.56,29.32,19698
-408.85,30.37,19710
-416.09,28.63,19722
-412.54,28.13,19734
-406.94,28.80,19745
-408.72,31.21,19758
-411.49,32.81,19769
-407.24,29.78,19781
-410.03,30.52,19792
-411.58,28.39,19805
-412.96,27.78,19816
-410.46,28.28,19828
-410.69,30.65,19840
-404.26,32.17,19851
-407.61,29.86,19863
-412.57,31.02,19874
-413.23,28.83,19887
-411.38,28.31,19898
-403.77,28.65,19910
-413.09,31.06,19921
-412.64,32.15,19934
-404.40,29.39,19945
-409.28,30.12,19957
-416.05,28.34,19969
-411.74,27.63,19981
-409.59,28.81,19992
-410.18,30.98,20004
-405.17,32.37,20016
-406.98,30.23,20027
-411.99,30.69,20039
-413.26,28.69,20050
-409.41,27.75,20063
-408.24,28.55,20074
-412.02,30.76,20086
-410.24,31.90,20098
-404.92,29.74,20110
-407.88,30.26,20121
-413.90,28.85,20133
-408.19,27.97,20145
-407.04,28.94,20157
-410.80,31.15,20168
-408.25,32.23,20179
-407.68,29.84,20192
-413.12,30.36,20203
-411.63,28.57,20215
-410.45,27.83,20227
-408.46,28.62,20239
-410.65,30.97,20250
-408.17,31.61,20262
-406.98,29.70,20274
-410.63,30.29,20286
-416.59,28.83,20297
-408.94,28.27,20310
-405.17,29.20,20321
-412.17,31.29,20333
-406.46,31.92,20344
-406.78,29.58,20356
-412.56,29.93,20368
-413.34,28.34,20379
-410.27,27.58,20391
-409.07,28.93,20403
-410.55,31.21,20415
-407.06,32.12,20426
-404.72,30.06,20439
-409.30,30.96,20450
-414.36,28.79,20462
-410.62,27.86,20473
-405.54,28.66,20486
-410.39,30.67,20497
-411.73,31.47,20509
-408.21,29.36,20520
-412.00,30.13,20533
-412.16,28.78,20544
-411.13,28.01,20555
-407.61,29.64,20568
-409.61,31.48,20579
-406.04,32.27,20591
-408.86,29.63,20602
-412.83,29.98,20615
-412.76,28.34,20626
-408.56,27.28,20638
-408.86,29.15,20649
-411.45,31.18,20662
-405.56,32.31,20673
-407.16,30.03,20684
-412.20,30.44,20697
-413.01,28.99,20708
-411.10,27.63,20720
-406.28,29.43,20731
-410.37,30.97,20744
-408.88,31.88,20755
-406.15,29.61,20767
-408.69,29.73,20779
-413.29,28.62,20791
-410.00,27.30,20802
-408.37,29.43,20814
-410.07,31.49,20826
-407.26,32.03,20838
-405.03,30.31,20849
-409.06,30.15,20860
-413.92,28.89,20873
-411.56,27.09,20884
-407.78,29.24,20896
-410.52,30.69,20908
-405.82,31.60,20920
-407.20,29.86,20931
-413.09,30.07,20943
-413.14,29.21,20955
-407.80,27.66,20967
-408.55,29.72,20978
-410.56,31.22,20990
-405.49,31.78,21002
-408.80,29.69,21014
-413.23,29.57,21025
-412.64,28.42,21037
-410.51,27.22,21049
-409.63,29.59,21060
-410.48,31.18,21072
-407.78,31.86,21084
-406.37,30.06,21096
-411.32,30.16,21107
-413.84,28.86,21120
-409.54,27.58,21131
-408.40,29.42,21143
-412.23,31.03,21154
-408.19,31.49,21167
-406.77,29.56,21178
-412.24,29.93,21190
-412.66,28.71,21201
-411.55,27.78,21213
-408.18,30.08,21225
-409.62,31.63,21236
-408.79,31.82,21249
-407.58,29.84,21260
-410.58,29.64,21272
-414.04,28.23,21283
-412.83,27.20,21296
-410.76,29.55,21307
-410.44,31.22,21319
-404.05,31.83,21330
-408.93,30.25,21343
-415.32,30.25,21354
-411.21,28.97,21365
-407.44,27.42,21378
-409.66,29.71,21389
-411.12,31.07,21401
-407.14,31.34,21412
-409.33,29.79,21425
-411.24,29.73,21436
-414.61,28.89,21448
-410.55,27.30,21459
-407.00,29.99,21472
-410.51,31.40,21483
-406.30,31.71,21495
-407.95,30.07,21507
-413.82,29.65,21519
-410.27,28.82,21530
-410.24,27.21,21541
-409.39,30.02,21554
-410.81,31.24,21565
-408.20,31.26,21577
-407.59,29.90,21588
-408.58,29.46,21601
-414.21,29.09,21612
-411.45,27.15,21624
-406.37,30.43,21636
-411.14,31.39,21648
-407.65,31.41,21659
-406.46,29.89,21671
-411.79,29.07,21683
-412.24,28.34,21695
-407.56,27.08,21706
-410.75,29.88,21718
-408.52,31.79,21730
-404.22,31.67,21741
-407.25,30.80,21753
-415.07,29.78,21765
-411.70,28.73,21777
-407.85,27.00,21788
-409.82,29.82,21800
-409.73,31.25,21812
-407.89,31.19,21824
-409.07,29.96,21835
-412.17,29.51,21848
-412.25,28.95,21859
-409.63,27.57,21871
-409.21,30.54,21882
-410.18,31.94,21894
-406.15,31.34,21906
-405.99,30.24,21917
-414.67,29.29,21929
-412.24,28.54,21941
-409.08,26.96,21953
-409.80,30.14,21964
-409.98,31.43,21977
-406.54,31.61,21988
-406.31,30.12,22000
-410.38,30.18,22011
-413.07,28.82,22024
-409.97,27.45,22035
-407.26,30.06,22046
-411.73,31.01,22059
-408.40,30.68,22070
-411.01,29.67,22082
-413.47,29.14,22093
-409.56,28.65,22106
-408.71,27.56,22117
-410.81,30.83,22129
-407.86,31.98,22140
-406.57,31.42,22153
-408.69,30.05,22164
-414.92,29.30,22176
-413.48,28.07,22188
-409.22,26.71,22200
-409.15,30.24,22211
-412.39,31.36,22222
-405.35,31.36,22235
-409.56,30.38,22246
-411.76,29.61,22258
-412.46,29.12,22269
-408.16,27.36,22282
-410.47,30.55,22293
-410.13,31.23,22305
-407.78,30.56,22317
-406.89,29.78,22329
-413.86,28.92,22340
-412.40,28.91,22352
-410.93,27.57,22364
-406.26,30.72,22376
-412.09,31.80,22387
-405.66,31.08,22398
-408.38,30.31,22411
-411.70,29.05,22422
-413.05,28.75,22434
-409.46,27.08,22446
-409.35,30.37,22458
-408.64,31.24,22469
-405.23,30.77,22481
-411.53,30.51,22493
-414.19,29.14,22505
-410.39,28.90,22516
-406.18,27.55,22529
-410.56,30.58,22540
-408.50,31.96,22551
-406.92,31.05,22563
-407.07,30.11,22575
-411.50,29.05,22587
-412.32,28.10,22598
-410.82,27.43,22610
-409.94,30.52,22622
-408.38,31.97,22634
-405.23,31.19,22645
-407.90,30.62,22658
-412.60,29.31,22669
-412.77,28.87,22681
-408.67,27.80,22692
-408.86,30.45,22705
-411.55,31.73,22716
-406.17,30.26,22727
-406.41,30.04,22739
-412.76,29.04,22751
-412.52,28.47,22763
-410.06,27.87,22774
-408.94,30.76,22787
-409.49,32.25,22798
-406.18,31.07,22810
-406.90,30.45,22821
-412.52,29.09,22834
-412.51,28.39,22845
-409.01,27.18,22857
-413.94,30.51,22868
-407.52,31.43,22881
-405.35,30.62,22892
-409.43,30.68,22903
-413.75,29.50,22916
-411.74,29.18,22927
-407.57,27.82,22939
-409.74,30.37,22950
-411.25,31.57,22963
-407.46,30.39,22974
-410.43,29.98,22986
-413.57,28.97,22998
-412.11,28.45,23010
-407.02,27.44,23021
-410.75,30.85,23033
-410.69,31.83,23045
-404.28,30.91,23057
-407.57,30.66,23068
-415.30,28.81,23079
-411.70,28.36,23092
-409.29,27.40,23103
-410.17,30.30,23115
-411.74,31.86,23127
-405.30,30.20,23139
-407.20,30.36,23150
-413.67,28.96,23162
-413.21,28.72,23174
-411.02,28.15,23186
-407.37,31.18,23197
-410.55,32.01,23209
-406.58,30.28,23221
-407.66,30.27,23232
-414.60,28.50,23244
-408.63,28.39,23256
-408.53,27.65,23268
-411.48,30.85,23279
-407.20,32.26,23291
-405.49,30.31,23303
-411.85,30.81,23315
-412.24,29.10,23326
-412.57,28.60,23339
-405.90,27.91,23350
-409.51,30.72,23362
-411.05,31.61,23373
-408.64,30.35,23386
-409.40,30.09,23397
-413.01,28.85,23408
-408.57,28.22,23420
-410.78,28.30,23432
-412.07,30.83,23444
-407.12,32.22,23455
-403.17,30.19,23468
-410.97,30.62,23479
-413.62,28.88,23491
-411.60,28.08,23502
-407.07,28.03,23515
-408.44,30.54,23526
-412.98,31.87,23538
-406.15,30.41,23549
-405.91,30.30,23562
-411.33,29.17,23573
-413.82,28.63,23584
-410.91,28.36,23597
-407.91,30.86,23608
-408.22,32.19,23620
-405.76,30.01,23631
-414.35,30.47,23644
-411.49,28.50,23655
-409.88,28.06,23667
-407.78,28.07,23678
-411.33,30.71,23691
-407.09,31.73,23702
-407.14,30.42,23714
-408.03,30.32,23726
-415.03,28.95,23738
-411.20,28.48,23749
-408.40,28.28,23760
-410.09,31.12,23773
-407.22,31.93,23784
-405.36,30.22,23796
-413.47,30.37,23808
-413.54,28.15,23820
-410.16,28.07,23831
-407.62,28.15,23843
-411.70,31.36,23855
-410.48,32.70,23867
-403.97,30.56,23878
-407.06,30.63,23890
-414.73,28.63,23902
-412.15,27.85,23913
-410.31,27.76,23925
-410.36,30.59,23937
-409.60,32.00,23949
-405.47,30.22,23960
-410.10,30.80,23972
-413.37,28.91,23984
-412.89,28.45,23996
-407.54,28.53,24007
-412.53,30.83,24019
-406.03,32.20,24031
-406.26,29.70,24043
-413.52,30.47,24054
-411.62,28.44,24067
-412.28,28.00,24078
-408.41,28.37,24089
-407.49,30.74,24101
-408.83,32.12,24113
-407.46,30.24,24125
-410.86,30.74,24136
-413.76,29.09,24148
-408.12,28.19,24160
-407.59,28.46,24172
-413.44,30.54,24183
-407.70,31.82,24196
-404.51,29.54,24207
-412.87,30.21,24219
-412.88,28.90,24230
-412.08,28.02,24243
-407.81,28.98,24254
-408.92,31.09,24265
-410.66,32.35,24278
-407.26,29.91,24289
-408.00,30.07,24301
-414.25,28.30,24312
-410.50,27.69,24325
-409.49,28.49,24336
-411.13,30.87,24348
-408.62,32.01,24359
-403.42,30.15,24372
-410.52,30.59,24383
-413.12,29.18,24395
-408.18,28.24,24407
-407.89,29.27,24419
-410.93,30.89,24430
-407.89,31.84,24441
-407.92,29.47,24454
-411.21,29.84,24465
-413.75,28.49,24477
-409.99,28.01,24488
-407.43,29.10,24501
-410.10,31.43,24512
-405.90,32.24,24524
-407.36,30.12,24536
-412.26,30.58,24548
-413.43,28.50,24559
-409.23,27.78,24571
-408.80,28.51,24583
-411.48,30.71,24594
-408.58,31.80,24606
-406.05,29.72,24617
-411.26,30.38,24630
-412.55,29.25,24641
-413.33,28.09,24653
-405.92,29.53,24665
-409.15,31.42,24677
-410.46,32.17,24688
-406.44,29.84,24700
-409.10,29.76,24712
-413.83,28.02,24724
-411.16,27.48,24735
-409.77,28.87,24748
-412.15,31.29,24759
-409.53,32.53,24770
-403.85,30.22,24782
-411.55,30.81,24794
-412.59,29.06,24806
-408.93,27.70,24817
-407.58,28.87,24829
-411.23,30.57,24841
-408.48,31.72,24853
-408.23,29.36,24864
-411.57,29.94,24877
-411.60,28.90,24888
-411.83,27.95,24900
-406.99,29.85,24911
-410.47,31.44,24924
-404.46,32.33,24935
-407.30,29.86,24946
-413.41,29.81,24958
-414.10,28.35,24970
-409.09,27.08,24982
-409.90,29.28,24993
-410.84,31.03,25006
-409.28,32.18,25017
-404.45,30.12,25029
-409.13,30.30,25040
-413.79,29.13,25053
-412.22,27.48,25064
-404.95,29.52,25076
-410.95,30.84,25088
-408.67,31.68,25099
-407.28,29.52,25111
-410.10,29.94,25122
-411.89,28.72,25135
-410.31,27.62,25146
-410.99,29.70,25158
-409.70,31.17,25169
-404.90,31.88,25182
-409.89,29.92,25193
-415.74,29.83,25205
-411.66,28.85,25217
-405.10,27.25,25229
-411.48,29.64,25240
-410.92,31.32,25252
-406.61,31.77,25264
-407.75,29.68,25275
-411.88,29.92,25287
-414.59,28.64,25298
-412.70,27.48,25311
-408.05,29.67,25322
-408.72,31.38,25334
-407.57,31.92,25346
-408.04,30.02,25358
-414.12,30.05,25369
-411.84,28.39,25381
-408.67,27.14,25393
-411.52,29.28,25405
-412.80,31.07,25416
-407.59,31.71,25428
-405.48,30.05,25440
-410.34,30.39,25451
-415.33,29.18,25463
-411.54,27.68,25475
-404.82,29.74,25487
-410.44,30.88,25498
-409.74,31.47,25510
-407.72,29.35,25522
-410.11,29.63,25534
-411.63,28.44,25545
-410.56,27.75,25558
-411.39,30.05,25569
-406.52,31.66,25581
-404.66,32.02,25592
-410.01,30.20,25604
-414.51,29.71,25616
-411.15,28.57,25627
-409.56,26.76,25639
-408.52,29.55,25651
-412.26,31.04,25663
-407.02,31.73,25674
-405.75,30.34,25687
-411.84,30.13,25698
-412.31,29.27,25710
-409.80,27.75,25721
-407.62,30.24,25734
-410.47,31.12,25745
-405.60,31.38,25757
-408.38,29.70,25768
-413.47,29.33,25780
-410.54,28.58,25792
-408.48,27.11,25803
-409.75,30.31,25816
-411.33,31.56,25827
-405.63,31.96,25839
-405.15,30.50,25850
-411.47,29.58,25863
-413.31,28.90,25874
-412.38,27.01,25886
-407.08,29.69,25897
-409.81,31.27,25910
-409.25,31.23,25921
-407.63,29.91,25933
-410.24,29.56,25945
-410.35,28.77,25956
-408.53,27.59,25968
-411.87,30.58,25979
-408.84,31.67,25992
-404.21,31.29,26003
-410.34,30.22,26015
-415.14,29.28,26027
-411.08,28.71,26039
-408.64,26.99,26050
-409.30,29.87,26062
-410.86,31.42,26074
-407.29,30.94,26086
-407.92,30.30,26097
-412.85,29.80,26109
-412.75,28.89,26121
-410.13,27.39,26132
-407.94,30.17,26144
-410.17,30.93,26156
-407.32,31.06,26168
-409.78,29.74,26179
-412.66,29.37,26191
-412.20,28.82,26203
-407.61,27.44,26215
-409.26,30.57,26226
-412.64,31.88,26238
-406.61,31.27,26250
-405.30,30.29,26262
-411.79,29.59,26273
-413.57,28.48,26286
-412.60,27.13,26297
-407.20,30.09,26308
-410.83,31.08,26320
-408.40,31.46,26332
-410.92,30.06,26344
-413.43,29.60,26355
-408.86,28.86,26368
-409.20,27.73,26379
-411.81,30.83,26391
-407.90,31.66,26402
-406.58,31.02,26415
-409.35,29.92,26426
-413.78,28.89,26438
-414.65,28.39,26449
-407.66,27.41,26461
-408.64,30.40,26473
-412.82,31.96,26484
-406.00,31.22,26497
-407.63,30.23,26508
-413.86,29.34,26520
-412.18,28.82,26531
-410.02,27.45,26544
-411.67,30.72,26555
-407.76,31.44,26567
-405.84,30.72,26578
-409.20,30.19,26591
-413.53,28.94,26602
-411.09,29.02,26614
-409.19,27.58,26626
-407.53,30.83,26637
-412.29,31.94,26649
-406.84,30.79,26660
-405.91,30.28,26673
-410.89,28.96,26684
-414.05,28.59,26696
-410.49,27.39,26707
-407.37,30.67,26720
-408.26,31.76,26731
-406.65,30.90,26743
-411.17,30.51,26755
-413.14,29.25,26767
-411.80,28.76,26778
-408.94,27.56,26790
-410.53,30.30,26802
-408.94,31.90,26813
-406.70,30.43,26825
-409.22,30.48,26836
-414.42,29.10,26849
-411.12,28.53,26860
-409.33,27.82,26872
-411.46,30.65,26884
-408.31,32.12,26896
-405.72,30.81,26907
-409.55,30.44,26919
-412.74,28.97,26931
-412.96,28.42,26943
-410.03,27.52,26954
-408.06,30.40,26966
-411.63,31.83,26978
-405.83,30.53,26989
-406.01,30.64,27001
-416.66,29.20,27013
-413.33,28.66,27025
-405.92,27.81,27036
-411.86,30.80,27048
-411.52,31.63,27060
-404.06,30.57,27072
-409.23,30.03,27083
-412.29,29.02,27096
-412.63,28.41,27107
-407.62,27.43,27119
-409.45,30.84,27130
-408.22,31.85,27142
-408.45,30.74,27154
-412.04,30.76,27165
-411.82,28.93,27177
-412.19,28.72,27189
-408.74,27.65,27201
-410.57,30.38,27212
-410.49,31.70,27225
-405.22,30.33,27236
-408.93,30.34,27248
-415.32,29.31,27259
-412.26,28.81,27272
-407.72,27.83,27283
-410.29,30.89,27295
-408.54,31.58,27307
-407.08,30.46,27318
-411.28,30.32,27330
-412.73,28.58,27341
-412.26,28.36,27354
-409.37,27.78,27365
-409.42,30.73,27377
-411.30,31.87,27388
-403.98,30.23,27401
-407.19,30.27,27412
-416.87,28.85,27424
-413.06,28.49,27436
-406.32,28.19,27448
-409.10,30.98,27459
-408.89,32.23,27471
-409.01,29.98,27483
-409.25,30.26,27494
-411.89,28.73,27506
-413.81,28.37,27517
-408.49,28.27,27530
-409.15,30.68,27541
-406.27,32.21,27553
-406.22,30.11,27565
-412.52,30.78,27577
-414.94,28.73,27588
-407.61,28.24,27600
-408.29,28.27,27612
-412.32,30.65,27624
-408.60,32.22,27635
-406.25,30.03,27646
-409.54,30.69,27659
-413.54,28.84,27670
-412.32,28.23,27682
-408.51,28.33,27694
-409.89,30.64,27706
-408.02,32.41,27717
-406.58,30.16,27729
-410.61,30.64,27741
-413.12,28.66,27753
-409.15,28.10,27764
-412.00,27.98,27777
-411.25,30.60,27788
-409.74,32.17,27800
-404.35,30.21,27811
-409.15,30.73,27823
-414.19,28.87,27835
-413.95,28.25,27846
-408.37,28.19,27858
-408.99,31.08,27870
-411.61,32.04,27882
-405.90,29.93,27893
-410.32,30.05,27906
-411.95,28.56,27917
-412.98,28.01,27929
-408.08,28.31,27940
-408.35,31.03,27953
-404.09,31.96,27964
-409.29,30.10,27976
-412.98,30.51,27987
-412.88,28.69,27999
-408.30,28.21,28011
-407.48,28.32,28022
-412.39,31.02,28035
-408.88,31.77,28046
-404.60,29.81,28058
-409.70,30.21,28069
-415.20,28.61,28082
-412.55,28.11,28093
-407.37,28.43,28105
-409.69,31.49,28116
-408.58,32.25,28129
-407.52,30.26,28140
-410.69,30.36,28152
-412.08,28.52,28164
-411.97,27.89,28175
-409.23,28.28,28187
-410.64,30.73,28198
-411.32,32.24,28211
-403.47,29.79,28222
-407.31,30.72,28234
-416.81,28.72,28246
-411.77,28.23,28258
-406.72,28.87,28269
-408.81,30.98,28281
-408.53,32.13,28293
-409.65,29.50,28305
-409.49,30.03,28316
-413.37,28.46,28328
-412.05,27.92,28340
-406.57,28.73,28351
-410.99,30.98,28363
-406.12,32.35,28375
-405.88,29.88,28387
-413.83,30.79,28398
-413.13,28.71,28410
-407.32,27.98,28422
-408.24,28.89,28434
-412.01,30.89,28445
-407.90,31.90,28457
-405.04,29.84,28469
-411.83,30.49,28481
-413.23,28.93,28492
-411.76,27.60,28504
-408.23,28.94,28516
-409.49,30.81,28527
-407.31,32.05,28539
-407.56,30.02,28551
-411.49,30.33,28563
-412.17,28.83,28574
-410.60,27.89,28587
-407.48,28.91,28598
-410.98,31.06,28610
-409.78,32.01,28621
-404.27,29.98,28634
-406.61,30.32,28645
-414.39,28.80,28657
-410.64,27.46,28668
-406.17,28.82,28680
-409.90,30.86,28692
-409.03,31.85,28703
-408.73,29.83,28716
-410.85,30.33,28727
-412.57,28.75,28739
-408.01,27.95,28750
-410.31,29.35,28763
-412.67,31.06,28774
-403.47,31.64,28786
-405.96,29.66,28797
-416.44,30.22,28810
-413.06,28.59,28821
-409.26,27.83,28833
-408.77,29.19,28845
-410.81,31.38,28856
-408.35,32.15,28868
-406.77,30.16,28879
-410.11,30.38,28892
-410.85,28.64,28903
-413.66,27.61,28915
-408.08,28.73,28926
-410.21,30.78,28939
-407.98,31.83,28950
-406.91,29.75,28962
-410.24,30.51,28974
-413.57,28.87,28986
-410.40,28.02,28997
-408.47,29.48,29009
-409.92,31.18,29021
-410.80,31.73,29032
-405.54,29.14,29044
-412.99,29.93,29056
-414.22,28.25,29068
-410.59,27.53,29079
-407.37,29.22,29091
-409.81,31.03,29103
-406.48,32.11,29115
-408.47,30.15,29126
-414.50,30.72,29138
-408.53,28.64,29150
-410.21,27.62,29162
-410.32,29.02,29173
-412.14,30.66,29185
-407.84,31.77,29197
-405.86,29.77,29208
-411.56,30.42,29220
-415.01,29.02,29232
-411.00,27.87,29244
-407.13,29.48,29255
-408.61,31.38,29267
-408.28,31.91,29279
-408.64,29.81,29291
-410.74,29.70,29302
-412.17,28.37,29315
-411.60,27.28,29326
-409.30,29.24,29338
-411.72,31.36,29349
-406.99,31.93,29361
-403.05,30.20,29373
-410.75,30.10,29384
-415.64,28.80,29396
-410.32,27.52,29408
-409.35,29.17,29420
-409.34,31.16,29431
-407.85,31.37,29444
-407.67,29.77,29455
-410.94,29.85,29467
-414.13,28.99,29478
-408.44,27.48,29491
-409.71,29.51,29502
-408.21,31.18,29514
-405.40,31.75,29526
-409.87,30.04,29537
-414.46,29.89,29549
-410.66,28.39,29560
-408.73,27.28,29573
-407.17,29.24,29584
-413.93,31.25,29596
-406.95,31.94,29607
-403.72,30.17,29620
-411.83,30.42,29631
-414.98,28.79,29643
-410.94,27.51,29655
-408.46,29.27,29667
-408.81,30.95,29678
-406.52,31.68,29690
-408.92,29.97,29702
-410.86,30.12,29713
-410.64,28.77,29725
-410.17,27.80,29736
-408.90,29.62,29749
-412.21,31.18,29760
-407.81,31.67,29772
-404.72,29.96,29784
-409.34,30.17,29796
-414.40,29.02,29807
-413.05,27.40,29819
-408.83,29.88,29831
-412.52,30.60,29843
-406.06,31.80,29854
-409.48,29.55,29867
-410.64,29.97,29878
-412.93,29.12,29889
-409.34,27.41,29901
-410.81,30.34,29913
-408.33,31.11,29925
-403.49,31.64,29936
-408.60,29.78,29948
-416.35,29.45,29960
-411.07,28.26,29972
-407.45,27.16,29983
-409.46,29.84,29996
-411.97,31.49,30007
-405.92,31.70,30019
-406.93,30.26,30030
-409.71,29.75,30042
-414.02,29.03,30054
-413.87,26.89,30065
-405.55,29.42,30077
-408.91,31.00,30089
-409.05,31.09,30101
-407.50,30.06,30112
-411.85,29.69,30125
-410.41,29.24,30136
-409.97,27.86,30148
-407.84,30.36,30159
-412.39,31.44,30172
-407.74,31.17,30183
-403.80,29.87,30195
-410.72,29.02,30206
-411.58,28.47,30218
-405.57,26.74,30230
-411.88,29.85,30241
-410.48,31.53,30254
-405.94,31.79,30265
-407.82,30.73,30277
-411.81,29.95,30288
-411.80,28.86,30301
-410.77,27.42,30312
-409.29,29.37,30324
-409.48,31.21,30336
-405.97,30.82,30348
-409.61,30.07,30359
-415.42,29.64,30371
-410.85,28.73,30383
-408.16,27.59,30394
-409.69,29.97,30406
-412.88,31.66,30417
-407.02,31.44,30430
-406.77,30.03,30441
-412.37,29.63,30453
-414.26,28.56,30465
-411.91,26.84,30477
-406.19,29.57,30488
-410.76,31.18,30500
-408.88,31.61,30512
-406.96,30.30,30524
-410.84,30.20,30535
-411.98,29.01,30547
-410.46,27.86,30559
-409.45,29.72,30570
-412.39,31.08,30582
-407.84,30.89,30594
-410.01,30.08,30606
-416.03,29.72,30617
-410.10,29.16,30629
-405.81,27.45,30641
-410.23,30.09,30653
-411.92,31.42,30664
-406.75,31.32,30676
-408.78,30.30,30688
-411.20,29.56,30700
-413.47,28.83,30711
-409.77,27.16,30724
-410.59,29.97,30735
-409.11,31.21,30746
-405.07,31.34,30758
-410.51,30.11,30770
-413.83,29.53,30782
-411.22,28.85,30793
-408.13,27.21,30806
-409.13,30.29,30817
-410.70,31.55,30829
-405.90,31.43,30840
-406.38,29.95,30853
-411.27,29.17,30864
-414.31,28.66,30876
-412.25,26.95,30887
-407.06,30.06,30899
-410.32,31.40,30911
-408.37,31.52,30922
-407.06,30.27,30935
-408.74,29.54,30946
-416.28,29.09,30958
-408.92,27.45,30969
-407.35,30.33,30982
-407.42,31.53,30993
-405.50,30.78,31005
-414.26,29.75,31016
-411.45,28.91,31029
-413.45,28.55,31040
-407.07,27.19,31052
-411.07,30.78,31064
-406.38,32.09,31075
-405.96,31.73,31087
-408.23,30.51,31098
-415.28,29.23,31111
-410.02,28.27,31122
-410.16,26.68,31134
-411.68,29.35,31145
-411.23,31.24,31158
-406.64,31.18,31169
-407.61,30.79,31181
-411.21,30.33,31193
-413.81,29.21,31205
-408.98,27.73,31216
-407.87,30.08,31228
-410.92,31.20,31240
-408.20,30.69,31251
-408.40,29.75,31263
-412.22,29.02,31275
-411.78,28.47,31287
-410.77,27.48,31298
-407.75,30.70,31310
-412.15,31.84,31322
-407.16,31.71,31334
-402.65,30.74,31345
-412.96,29.89,31357
-414.95,28.90,31369
-406.05,26.67,31381
-411.87,30.49,31392
-409.15,30.28,31405
-406.96,31.19,31416
-411.30,29.48,31427
-411.37,29.34,31439
-409.21,29.39,31451
-412.32,27.39,31463
-407.43,31.29,31474
-409.38,31.52,31486
-406.61,30.65,31498
-409.73,29.85,31510
-413.60,28.30,31521
-415.29,28.50,31534
-405.63,26.95,31545
-409.60,30.64,31557
-410.47,31.59,31568
-406.32,31.50,31580
-408.36,30.07,31592
-412.89,29.56,31603
-410.68,28.80,31616
-411.34,27.25,31627
-408.66,30.70,31639
-411.43,31.26,31650
-404.91,30.66,31663
-406.43,30.17,31674
-413.27,28.48,31686
-414.62,28.46,31697
-409.16,27.03,31710
-406.89,30.61,31721
-413.13,31.94,31733
-409.06,31.54,31745
-404.39,30.87,31756
-413.68,29.85,31768
-412.73,29.03,31779
-410.29,27.11,31792
-409.27,29.84,31803
-408.67,30.87,31815
-408.58,30.53,31826
-411.08,30.41,31839
-413.71,29.19,31850
-408.85,29.31,31862
-405.04,27.88,31874
-415.01,30.82,31886
-408.49,31.90,31897
-402.72,30.82,31909
-409.29,30.00,31921
-413.54,28.86,31932
-414.51,28.06,31944
-411.09,26.71,31955
-405.16,30.10,31968
-410.89,31.61,31979