,102359956396.00
3875.00
-414.74,30.40,1134
-403.67,33.27,1135
-402.97,31.77,1147
-413.24,30.03,1160
-408.20,28.81,1171
-409.79,28.68,1183
-411.80,30.34,1195
-409.93,31.34,1207
-408.49,30.41,1218
-410.92,29.00,1230
-408.64,28.59,1242
-412.29,29.22,1254
-412.98,31.52,1265
-407.54,33.06,1276
-403.60,33.58,1289
-408.14,31.59,1300
-410.56,28.71,1312
-413.79,28.00,1324
-410.44,27.56,1336
-410.92,30.02,1347
-410.64,32.45,1359
-407.99,31.69,1371
-405.88,31.03,1383
-409.44,29.54,1394
-409.27,29.69,1406
-411.81,30.46,1418
-411.71,32.18,1429
-407.06,32.79,1441
-404.16,30.77,1453
-410.88,28.91,1465
-413.25,27.43,1476
-412.22,28.05,1488
-408.85,29.94,1500
-412.20,32.68,1512
-408.72,33.47,1523
-407.22,31.51,1536
-407.54,30.38,1547
-410.17,29.11,1559
-416.78,29.43,1570
-409.92,30.35,1582
-406.50,31.75,1594
-407.14,30.51,1605
-411.58,29.36,1617
-414.59,28.25,1629
-410.41,28.46,1641
-408.79,30.32,1652
-409.30,32.70,1665
-410.09,33.56,1676
-405.69,32.19,1688
-407.07,29.71,1699
-409.49,28.71,1712
-414.78,28.19,1723
-413.20,29.50,1734
-410.23,31.20,1746
-405.02,31.25,1758
-407.90,30.29,1770
-415.06,29.28,1781
-410.37,29.23,1794
-406.46,30.62,1805
-410.65,32.73,1817
-410.87,33.50,1828
-405.58,31.64,1841
-406.84,29.02,1852
-410.40,27.51,1864
-413.58,27.36,1875
-414.86,29.23,1887
-413.15,31.78,1899
-405.69,32.97,1910
-405.40,31.80,1923
-410.77,30.33,1934
-406.31,29.81,1946
-409.44,29.49,1957
-413.42,31.51,1970
-410.31,32.12,1981
-406.89,30.82,1993
-408.09,28.94,2004
-413.08,27.66,2017
-414.43,28.25,2028
-411.40,30.16,2039
-407.26,32.50,2052
-404.99,34.22,2063
-406.39,32.53,2075
-410.81,30.23,2086
-411.64,28.65,2099
-406.93,28.02,2110
-412.70,29.41,2122
-414.73,31.22,2134
-406.19,31.40,2146
-406.67,30.37,2157
-409.20,29.27,2168
-411.32,29.65,2181
-411.96,30.24,2192
-409.33,32.48,2204
-406.48,33.11,2215
-406.79,31.87,2228
-408.58,29.87,2239
-412.55,27.54,2251
-409.62,27.84,2263
-408.14,28.80,2275
-414.73,31.50,2286
-411.23,32.77,2298
-401.99,31.82,2310
-408.61,30.67,2321
-411.46,29.84,2333
-410.73,29.71,2344
-407.98,31.07,2357
-407.70,32.41,2368
-407.69,31.19,2380
-410.03,29.35,2392
-412.27,27.83,2404
-408.53,27.63,2415
-412.06,29.92,2427
-412.08,31.94,2439
-408.15,33.78,2451
-401.51,32.59,2462
-407.97,30.39,2473
-411.91,29.40,2486
-412.09,28.38,2497
-411.20,29.57,2509
-410.34,31.16,2521
-407.38,31.25,2533
-408.80,29.98,2544
-412.21,28.92,2556
-408.35,29.23,2568
-406.08,30.14,2580
-413.84,32.53,2591
-409.37,33.47,2604
-404.14,32.46,2615
-405.48,30.02,2626
-411.65,27.69,2638
-413.18,27.43,2650
-413.57,28.26,2662
-409.69,30.97,2673
-408.67,33.02,2685
-406.96,31.90,2697
-408.41,30.87,2709
-408.59,29.89,2720
-407.43,29.57,2733
-414.15,31.34,2744
-408.63,32.10,2756
-403.96,31.37,2767
-410.30,29.53,2779
-412.85,27.72,2791
-412.56,27.72,2802
-413.59,29.01,2814
-408.28,31.78,2826
-405.96,33.54,2838
-407.04,33.23,2849
-409.64,31.01,2862
-408.12,29.44,2873
-410.60,28.81,2885
-413.24,29.24,2896
-411.45,30.91,2909
-410.11,31.06,2920
-405.98,29.77,2931
-409.35,29.07,2944
-413.36,28.99,2955
-410.67,30.06,2967
-409.26,32.46,2978
-406.79,33.87,2991
-406.54,33.28,3002
-408.91,30.30,3014
-410.50,27.85,3025
-409.23,26.93,3038
-411.65,28.12,3049
-415.85,30.79,3061
-410.31,32.38,3073
-404.81,32.03,3084
-405.46,30.44,3096
-410.08,29.98,3107
-409.84,30.01,3120
-406.37,31.00,3131
-408.80,32.55,3143
-408.27,31.84,3154
-411.21,29.64,3167
-412.17,27.64,3178
-409.76,27.14,3190
-411.87,28.56,3202
-414.90,31.30,3214
-405.12,33.80,3225
-401.95,32.97,3236
-409.09,31.83,3249
-410.11,29.57,3260
-411.09,28.85,3272
-413.07,29.22,3283
-408.44,30.19,3296
-408.51,31.30,3307
-410.90,29.67,3319
-408.70,29.10,3331
-409.82,29.13,3343
-409.29,29.72,3354
-410.43,32.39,3366
-410.22,33.56,3378
-404.55,32.76,3389
-405.10,30.73,3401
-412.47,28.06,3412
-412.60,27.62,3425
-410.75,28.01,3436
-411.67,30.35,3448
-411.23,32.48,3460
-406.34,31.66,3472
-406.97,30.92,3483
-407.74,30.15,3495
-410.66,29.71,3507
-411.12,30.89,3519
-408.55,32.36,3530
-406.53,32.28,3542
-407.37,30.03,3554
-415.24,28.28,3565
-411.30,27.12,3577
-411.60,28.18,3589
-411.65,31.04,3601
-408.87,33.42,3612
-403.00,33.56,3624
-408.17,31.44,3636
-409.58,29.78,3648
-410.16,28.91,3659
-412.48,28.98,3672
-411.82,30.73,3683
-408.13,31.59,3694
-407.88,29.66,3706
-408.59,28.95,3718
-412.25,28.42,3730
-410.80,29.29,3741
-410.51,31.74,3753
-409.29,33.47,3765
-406.19,33.22,3777
-404.62,31.13,3788
-412.10,28.52,3801
-411.55,28.13,3812
-410.85,28.01,3824
-412.29,30.33,3835
-410.41,31.81,3847
-406.51,31.12,3859
-406.27,30.48,3870
-409.79,29.84,3883
-410.03,30.06,3894
-408.83,31.35,3906
-409.55,32.67,3917
-405.00,32.61,3930
-409.63,30.44,3941
-412.71,28.12,3953
-409.96,27.54,3964
-410.63,28.18,3977
-411.78,30.15,3988
-408.54,32.93,3999
-404.98,32.56,4012
-406.85,31.73,4023
-409.69,29.85,4035
-409.53,29.45,4046
-410.18,29.68,4059
-411.02,31.39,4070
-408.38,31.89,4082
-407.14,30.26,4093
-410.38,28.95,4106
-411.00,28.00,4117
-411.73,28.79,4129
-409.98,30.98,4141
-410.57,32.99,4152
-406.80,33.74,4164
-404.63,31.41,4175
-409.94,29.58,4188
-412.33,28.09,4199
-410.80,28.18,4211
-412.32,29.88,4222
-411.98,31.58,4235
-406.57,31.48,4246
-407.09,30.26,4258
-410.90,29.44,4270
-408.59,29.38,4282
-413.01,30.57,4293
-407.73,32.34,4304
-407.98,32.82,4317
-405.97,31.16,4328
-410.85,28.94,4340
-414.49,27.93,4352
-410.47,27.93,4364
-410.59,29.85,4375
-409.34,32.22,4387
-405.48,32.47,4399
-409.52,31.36,4411
-411.20,29.61,4422
-407.39,29.36,4434
-410.41,29.81,4446
-414.77,31.61,4457
-407.15,32.19,4469
-405.95,30.74,4481
-410.65,28.67,4493
-411.36,27.83,4504
-414.26,28.29,4516
-412.91,30.68,4528
-407.41,33.09,4540
-406.88,33.76,4551
-406.78,32.20,4563
-409.49,29.32,4575
-410.82,28.17,4587
-410.38,27.93,4598
-411.99,29.96,4610
-413.79,31.68,4622
-407.39,31.16,4633
-405.45,30.37,4645
-410.05,29.09,4657
-411.66,29.69,4669
-410.67,30.62,4680
-407.95,32.33,4692
-406.48,33.17,4704
-408.40,30.91,4716
-411.50,29.12,4727
-410.56,27.63,4740
-412.06,27.64,4751
-413.42,29.81,4762
-410.19,31.90,4774
-403.77,32.97,4786
-406.74,31.45,4798
-412.80,30.32,4809
-408.87,29.60,4822
-409.67,29.72,4833
-409.78,31.33,4845
-408.06,31.80,4856
-408.51,30.73,4869
-411.96,28.64,4880
-409.34,27.76,4892
-412.91,28.13,4903
-412.27,30.37,4915
-408.92,33.21,4927
-406.03,33.93,4938
-404.19,32.45,4951
-408.03,29.83,4962
-411.93,28.41,4974
-410.86,27.91,4985
-411.36,29.48,4998
-411.35,31.26,5009
-411.72,31.37,5021
-405.93,30.39,5032
-408.68,29.49,5045
-409.65,30.08,5056
-410.07,30.71,5067
-410.29,32.59,5080
-404.80,32.88,5091
-408.67,31.01,5103
-413.53,29.06,5114
-412.30,27.42,5127
-410.23,27.82,5138
-412.05,29.76,5150
-410.07,32.28,5161
-406.17,33.00,5174
-408.08,31.91,5185
-409.00,30.05,5196
-409.66,29.55,5209
-411.52,29.64,5220
-411.51,30.78,5232
-409.38,31.89,5243
-406.52,30.67,5256
-409.59,29.33,5267
-413.79,27.84,5279
-410.65,28.07,5291
-411.06,30.22,5303
-411.40,32.28,5314
-408.44,34.02,5326
-405.10,32.18,5338
-408.45,30.35,5349
-409.65,28.91,5361
-410.96,28.34,5372
-412.79,29.76,5385
-411.36,31.11,5396
-407.58,31.40,5408
-407.55,29.93,5420
-410.14,29.23,5432
-412.60,29.31,5443
-407.98,30.39,5455
-410.00,32.61,5467
-408.16,33.48,5479
-405.80,31.93,5490
-409.58,29.62,5502
-411.93,27.64,5514
-412.72,27.99,5525
-413.06,29.16,5537
-410.35,31.52,5549
-405.09,32.73,5561
-407.77,31.53,5572
-412.65,30.07,5584
-409.86,29.54,5596
-407.07,29.48,5608
-412.88,31.29,5619
-408.13,32.51,5632
-405.25,31.29,5643
-409.82,29.41,5654
-412.42,27.82,5666
-409.77,27.73,5678
-413.54,29.80,5690
-411.83,31.97,5701
-405.62,33.79,5713
-404.35,32.38,5725
-409.18,30.39,5737
-411.66,29.17,5748
-411.35,28.46,5761
-411.41,29.74,5772
-411.39,31.32,5784
-408.43,31.32,5795
-407.76,30.03,5807
-411.41,28.94,5819
-409.82,29.05,5830
-410.87,29.97,5842
-412.15,32.20,5854
-406.57,33.35,5866
-406.27,32.02,5877
-410.25,30.08,5890
-412.99,28.32,5901
-412.26,28.06,5913
-410.46,29.07,5924
-410.45,31.33,5937
-407.61,32.40,5948
-406.49,31.16,5959
-409.70,30.02,5971
-410.28,29.32,5983
-407.69,29.42,5995
-411.40,31.45,6006
-410.34,32.69,6019
-404.91,31.85,6030
-407.97,29.99,6042
-413.97,27.89,6053
-410.64,27.94,6066
-412.30,29.03,6077
-413.07,31.64,6089
-407.31,33.61,6100
-404.43,32.38,6112
-409.41,30.79,6124
-410.38,29.05,6135
-410.29,28.49,6148
-412.16,29.86,6159
-411.50,31.30,6171
-407.35,32.10,6182
-407.77,30.17,6195
-409.97,29.08,6206
-411.21,28.60,6218
-410.46,29.48,6230
-411.77,31.65,6242
-406.98,32.93,6253
-406.18,32.52,6265
-408.44,30.20,6277
-412.68,28.89,6288
-411.06,28.29,6300
-409.87,29.09,6311
-412.10,31.06,6324
-408.16,31.86,6335
-407.33,31.04,6347
-410.44,29.42,6359
-410.53,29.47,6371
-408.87,29.58,6382
-412.52,31.52,6394
-408.36,32.99,6406
-404.43,32.15,6417
-409.75,30.24,6429
-411.69,28.08,6440
-410.13,27.78,6453
-412.56,28.89,6464
-409.79,31.09,6476
-408.52,32.98,6488
-406.78,32.26,6500
-407.59,30.68,6511
-410.38,29.47,6523
-410.47,28.82,6535
-410.28,30.10,6547
-411.26,31.51,6558
-408.27,32.01,6569
-404.14,30.52,6582
-412.58,28.52,6593
-410.70,28.21,6605
-408.63,28.78,6617
-411.83,31.55,6629
-411.32,33.35,6640
-408.13,32.93,6652
-408.54,31.04,6664
-410.23,28.65,6676
-412.27,28.12,6687
-413.64,28.46,6700
-409.79,30.70,6711
-408.31,31.86,6722
-406.55,31.09,6734
-412.06,29.96,6746
-409.86,29.38,6758
-408.47,29.71,6769
-409.96,31.32,6781
-409.37,32.51,6793
-407.52,32.09,6805
-408.53,30.26,6816
-409.42,27.95,6829
-412.21,28.06,6840
-411.02,28.54,6852
-412.01,31.17,6863
-407.88,32.98,6875
-405.31,32.38,6887
-406.73,31.23,6898
-411.55,29.31,6910
-409.45,29.15,6922
-410.14,29.75,6934
-410.11,31.39,6945
-409.57,32.08,6958
-406.73,30.46,6969
-408.47,29.49,6981
-410.03,28.36,6992
-410.19,29.46,7005
-411.97,31.06,7016
-411.45,32.81,7027
-404.11,32.47,7040
-410.71,30.82,7051
-412.07,29.19,7063
-409.81,28.41,7074
-411.52,29.25,7087
-410.14,30.79,7098
-407.05,32.52,7110
-406.51,31.13,7121
-410.23,29.97,7134
-408.86,29.00,7145
-410.54,29.03,7157
-412.81,31.17,7169
-408.09,32.64,7180
-406.29,33.07,7192
-406.00,31.03,7203
-409.72,28.61,7216
-412.94,27.92,7227
-411.49,28.21,7239
-411.36,30.49,7250
-411.10,32.71,7263
-405.53,31.97,7274
-406.00,31.15,7286
-410.32,29.26,7298
-408.64,29.30,7310
-411.76,30.10,7321
-412.71,31.56,7332
-407.16,32.42,7345
-406.01,30.26,7356
-410.00,29.01,7368
-413.16,27.84,7379
-411.49,28.69,7392
-409.04,30.95,7403
-411.21,32.96,7415
-408.80,33.38,7427
-408.42,31.17,7439
-410.79,29.73,7450
-409.46,28.76,7462
-413.74,28.93,7474
-411.25,30.46,7485
-406.91,31.57,7497
-406.92,30.80,7508
-411.70,29.58,7521
-410.59,29.17,7532
-409.54,29.32,7544
-411.18,31.41,7556
-407.68,32.98,7568
-407.97,33.09,7579
-408.63,30.87,7591
-408.95,28.59,7603
-410.32,27.43,7615
-413.67,27.81,7626
-412.31,30.13,7638
-409.80,32.28,7650
-407.15,32.51,7661
-404.22,31.19,7673
-411.63,29.96,7685
-412.06,29.32,7697
-408.56,30.08,7708
-411.54,31.41,7720
-411.64,32.08,7732
-406.08,30.56,7744
-409.89,28.44,7755
-411.21,28.01,7768
-410.68,28.34,7779
-412.39,30.76,7790
-411.42,33.25,7802
-406.60,33.38,7814
-408.49,32.22,7826
-411.60,29.46,7837
-409.85,28.66,7849
-410.18,28.48,7861
-413.57,30.20,7873
-408.32,31.68,7884
-406.32,30.87,7897
-410.68,29.97,7908
-409.28,28.77,7920
-411.35,29.48,7931
-412.68,30.91,7943
-408.48,32.77,7955
-405.33,33.40,7966
-407.04,30.93,7979
-411.64,29.08,7990
-411.09,27.84,8002
-409.82,27.60,8013
-412.66,30.09,8026
-410.71,31.86,8037
-406.74,32.19,8049
-407.46,30.92,8060
-409.00,29.66,8073
-411.30,29.70,8084
-412.41,30.01,8095
-408.89,31.87,8108
-406.73,32.48,8119
-406.71,30.76,8131
-409.28,28.66,8142
-412.46,27.39,8155
-411.58,27.82,8166
-411.49,29.71,8178
-411.57,32.64,8189
-410.10,33.26,8202
-405.61,32.20,8213
-410.21,30.30,8225
-411.21,29.26,8237
-412.11,29.07,8248
-411.07,30.19,8260
-408.79,31.47,8271
-405.81,30.73,8284
-413.15,29.56,8295
-410.32,28.53,8307
-409.09,28.92,8318
-409.42,30.48,8331
-411.89,32.99,8342
-407.03,33.67,8354
-404.72,31.89,8366
-407.44,29.61,8378
-412.49,28.02,8389
-411.93,28.02,8400
-413.13,29.41,8413
-409.80,31.75,8424
-405.99,31.91,8436
-407.52,31.17,8448
-412.35,29.78,8460
-409.75,29.74,8471
-408.49,30.53,8483
-410.42,31.68,8495
-410.24,33.15,8507
-406.44,30.75,8518
-407.59,28.75,8530
-412.06,27.63,8542
-412.98,27.59,8553
-411.08,30.03,8565
-412.64,32.09,8577
-406.50,33.47,8589
-404.84,31.82,8600
-412.33,30.23,8612
-409.72,29.29,8624
-410.65,28.94,8636
-409.74,30.83,8647
-409.33,32.21,8659
-408.03,31.45,8671
-410.12,29.56,8682
-411.73,28.24,8694
-409.16,28.73,8706
-411.88,29.98,8718
-413.07,32.44,8729
-404.49,33.75,8741
-403.17,32.02,8753
-410.71,30.45,8765
-412.59,28.12,8776
-411.15,27.75,8788
-411.71,29.24,8800
-407.93,31.33,8812
-408.82,32.36,8823
-409.01,30.73,8835
-408.86,29.76,8847
-408.62,29.53,8858
-409.31,30.20,8870
-411.62,31.82,8882
-411.88,32.86,8894
-403.10,31.29,8905
-406.50,28.99,8918
-412.93,28.07,8929
-412.86,27.61,8941
-411.50,29.97,8952
-409.82,31.92,8965
-407.31,33.28,8976
-408.32,31.79,8987
-408.54,29.85,8999
-410.13,28.97,9011
-410.85,29.30,9023
-413.00,30.51,9034
-410.66,32.05,9047
-403.19,31.34,9058
-409.76,29.26,9070
-416.75,28.72,9081
-408.77,28.66,9094
-409.06,30.16,9105
-410.75,32.93,9117
-405.17,33.81,9128
-408.21,32.25,9140
-410.39,29.57,9152
-407.80,28.16,9163
-412.87,27.59,9176
-414.80,29.36,9187
-409.26,31.30,9199
-407.52,32.24,9210
-404.59,31.31,9223
-407.38,29.73,9234
-414.49,30.00,9246
-407.76,29.61,9257
-408.72,31.33,9270
-410.62,33.01,9281
-407.34,30.96,9292
-406.94,29.78,9305
-413.19,27.56,9316
-406.90,27.92,9328
-413.17,29.54,9339
-413.72,31.91,9352
-406.83,33.29,9363
-403.89,32.02,9375
-409.59,30.12,9387
-412.85,28.97,9399
-411.88,28.75,9410
-408.26,30.13,9422
-412.28,31.83,9434
-409.28,31.67,9445
-405.50,29.88,9457
-411.40,28.93,9468
-412.18,28.63,9481
-411.48,29.96,9492
-411.87,32.00,9504
-407.70,33.34,9516
-401.64,32.09,9528
-411.76,30.11,9539
-413.54,28.33,9551
-408.91,28.14,9563
-411.05,29.56,9575
-411.84,31.30,9586
-407.98,32.45,9597
-407.61,30.70,9610
-409.15,29.64,9621
-408.50,29.14,9633
-410.11,29.81,9645
-414.86,31.59,9657
-408.37,32.79,9668
-403.60,31.86,9680
-407.28,30.08,9692
-414.11,28.40,9704
-410.68,27.97,9715
-409.15,29.68,9728
-411.97,31.52,9739
-409.87,33.19,9750
-406.00,31.84,9762
-407.61,29.93,9774
-408.81,29.11,9786
-414.54,28.97,9797
-410.17,30.30,9809
-405.88,32.08,9821
-406.82,31.69,9833
-409.50,30.23,9844
-412.34,28.39,9857
-412.15,28.51,9868
-408.50,29.26,9880
-411.65,31.74,9891
-408.72,33.43,9903
-404.68,32.24,9915
-407.57,30.69,9926
-412.51,28.90,9938
-408.59,28.52,9950
-412.20,29.88,9962
-413.26,31.03,9973
-405.49,31.95,9986
-403.85,30.24,9997
-411.76,29.29,10009
-412.43,28.93,10020
-408.19,29.71,10033
-409.37,32.06,10044
-410.73,33.13,10055
-404.80,32.29,10067
-407.62,30.05,10079
-410.53,27.90,10091
-410.13,27.82,10102
-411.64,28.84,10115
-414.46,31.37,10126
-408.44,33.09,10138
-404.63,31.76,10149
-408.03,30.62,10162
-411.76,29.17,10173
-410.52,29.36,10185
-409.44,30.58,10196
-410.77,32.28,10208
-406.37,31.56,10220
-410.06,29.66,10231
-409.74,28.15,10244
-411.39,27.96,10255
-412.84,29.26,10267
-409.50,31.91,10278
-405.74,33.55,10291
-404.75,32.74,10302
-409.55,30.62,10314
-411.58,29.07,10326
-410.24,28.06,10338
-409.32,29.48,10349
-410.24,31.31,10360
-411.51,31.98,10373
-407.56,30.83,10384
-407.59,29.37,10396
-411.71,29.14,10407
-410.57,29.58,10420
-411.18,31.45,10431
-410.58,33.02,10443
-403.86,32.01,10455
-405.17,30.44,10467
-414.52,28.40,10478
-412.37,27.64,10490
-407.98,28.64,10502
-413.34,31.12,10513
-410.39,32.86,10525
-407.79,31.89,10536
-406.97,30.47,10549
-407.47,29.23,10560
-414.00,28.67,10572
-411.96,30.29,10584
-408.36,31.37,10596
-405.58,32.08,10607
-408.96,30.39,10619
-413.00,28.80,10631
-409.45,28.71,10643
-408.44,29.22,10654
-412.31,31.64,10665
-408.83,33.30,10678
-404.48,32.18,10689
-409.82,30.08,10701
-409.56,28.30,10713
-409.59,28.47,10725
-413.90,29.71,10736
-411.50,31.83,10748
-403.30,32.58,10760
-406.29,30.91,10772
-411.63,29.56,10783
-410.91,28.49,10796
-410.56,29.17,10807
-410.20,31.01,10818
-406.90,32.48,10830
-410.17,32.53,10842
-406.36,30.06,10854
-409.04,28.42,10865
-411.66,28.12,10877
-411.48,28.76,10889
-410.93,31.41,10901
-411.85,32.91,10912
-403.70,31.89,10925
-405.71,30.17,10936
-414.12,29.08,10948
-409.60,28.75,10959
-414.65,30.21,10971
-408.36,31.88,10983
-406.22,32.08,10994
-410.10,31.31,11006
-408.82,29.03,11018
-410.24,29.01,11030
-413.74,28.88,11041
-410.21,30.53,11054
-407.86,32.42,11065
-408.04,31.51,11077
-408.22,30.76,11088
-412.74,29.14,11101
-410.62,28.70,11112
-408.32,30.24,11123
-413.14,31.43,11136
-409.19,32.75,11147
-406.11,31.01,11159
-410.88,29.28,11170
-409.68,28.20,11183
-411.52,28.76,11194
-412.70,30.42,11206
-409.35,32.33,11217
-406.71,32.80,11230
-409.26,30.91,11241
-408.92,29.28,11253
-412.86,28.46,11265
-409.95,29.09,11276
-411.28,31.27,11288
-411.00,32.34,11299
-407.05,31.53,11312
-405.12,29.76,11323
-411.25,28.15,11335
-410.81,28.63,11346
-412.01,30.26,11359
-408.32,32.21,11370
-404.13,33.20,11382
-408.78,31.21,11394
-412.05,29.00,11406
-411.16,28.14,11417
-411.19,28.43,11428
-412.08,30.62,11441
-409.35,32.62,11452
-404.52,32.08,11464
-408.25,30.78,11475
-410.80,29.18,11488
-409.85,28.88,11499
-414.13,30.04,11511
-409.99,31.65,11523
-406.67,32.60,11535
-407.51,31.35,11546
-412.24,29.30,11558
-409.56,28.19,11570
-411.80,28.44,11581
-410.71,30.07,11593
-410.71,32.63,11604
-408.28,32.66,11617
-406.66,31.05,11628
-407.22,29.55,11640
-412.04,28.50,11652
-411.05,29.16,11664
-412.06,30.41,11675
-409.68,31.91,11687
-405.72,31.33,11699
-408.56,30.05,11711
-413.52,29.17,11722
-408.60,28.86,11734
-411.86,30.99,11746
-409.94,32.11,11757
-406.51,33.01,11769
-407.55,30.70,11781
-409.18,28.79,11793
-411.99,28.29,11804
-412.86,28.10,11816
-411.61,30.96,11828
-408.21,32.44,11840
-404.50,32.48,11851
-407.49,31.26,11864
-413.50,29.23,11875
-408.89,28.90,11886
-410.13,29.40,11898
-411.60,31.34,11910
-408.62,32.68,11922
-407.91,31.14,11933
-407.89,29.55,11945
-411.09,27.85,11957
-411.37,28.42,11969
-412.77,30.09,11980
-412.26,32.53,11993
-405.38,33.25,12004
-403.97,31.52,12016
-410.34,29.56,12027
-413.70,28.50,12039
-408.49,28.39,12051
-410.88,30.35,12062
-413.13,31.85,12075
-407.34,31.59,12086
-407.65,30.34,12098
-410.46,29.06,12109
-408.42,29.42,12122
-412.29,30.43,12133
-406.25,32.21,12145
-404.59,32.87,12156
-409.02,30.99,12169
-413.07,29.31,12180
-412.25,28.09,12191
-410.08,28.41,12204
-409.27,30.21,12215
-411.15,32.39,12227
-406.26,32.59,12238
-406.80,31.08,12251
-409.83,29.70,12262
-410.80,28.94,12274
-413.30,29.53,12285
-412.32,31.02,12298
-405.60,32.13,12309
-406.46,31.06,12321
-410.80,29.51,12333
-413.28,28.34,12344
-409.61,28.61,12356
-407.66,30.44,12367
-412.27,32.55,12380
-409.32,33.25,12391
-403.88,31.38,12403
-409.29,29.65,12414
-410.68,28.50,12427
-409.37,28.41,12438
-417.18,30.29,12450
-409.37,31.95,12462
-403.47,31.77,12474
-409.34,30.89,12485
-411.80,29.04,12496
-409.45,29.00,12509
-410.02,30.14,12520
-411.06,31.52,12532
-411.46,33.09,12544
-404.10,30.91,12556
-407.11,29.54,12567
-414.18,28.22,12579
-412.72,28.45,12591
-412.06,30.24,12603
-407.67,32.14,12614
-403.23,32.99,12626
-411.10,31.22,12638
-412.36,29.50,12649
-407.79,28.87,12661
-408.49,29.11,12673
-412.86,31.37,12685
-411.89,32.60,12696
-405.56,31.40,12708
-405.29,29.84,12720
-412.49,28.33,12732
-413.71,28.46,12743
-410.86,29.95,12755
-410.68,32.28,12767
-406.46,33.21,12779
-402.12,31.81,12790
-416.92,29.72,12802
-411.21,28.72,12814
-404.35,28.83,12825
-413.78,30.74,12837
-413.37,32.71,12849
-407.00,31.76,12861
-408.35,30.14,12872
-407.72,28.69,12884
-409.85,28.77,12896
-417.87,30.24,12908
-410.56,32.20,12919
-408.13,33.23,12932
-407.51,31.74,12943
-414.39,29.51,12954
-411.56,28.22,12966
-406.36,28.07,12978
-413.19,29.93,12990
-413.52,32.22,13001
-405.65,32.47,13014
-404.89,30.89,13025
-408.43,29.58,13037
-410.72,29.30,13048
-414.85,29.43,13061
-410.30,31.13,13072
-403.94,32.56,13084
-408.28,31.29,13095
-411.82,30.17,13107
-412.03,28.25,13119
-408.91,28.27,13130
-408.40,29.84,13143
-412.74,31.56,13154
-411.76,33.35,13166
-405.51,31.62,13177
-405.72,29.99,13190
-411.58,29.17,13201
-413.57,28.49,13213
-412.96,30.20,13224
-409.83,31.61,13237
-407.02,31.52,13248
-407.49,30.41,13259
-412.92,28.79,13272
-412.61,28.91,13283
-406.38,29.71,13295
-410.28,31.94,13306
-406.23,33.45,13319
-405.53,31.82,13330
-409.97,30.00,13342
-411.21,28.13,13353
-412.64,28.16,13366
-414.46,29.35,13377
-409.34,31.57,13389
-405.03,32.64,13401
-407.63,31.00,13412
-411.73,30.00,13424
-411.06,28.99,13435
-409.95,29.32,13448
-409.71,31.05,13459
-410.00,32.30,13471
-406.63,31.95,13483
-409.55,29.62,13495
-411.02,28.50,13506
-410.18,27.97,13518
-412.47,29.66,13530
-411.23,31.79,13542
-408.29,33.40,13553
-403.76,32.08,13564
-408.73,30.17,13577
-411.40,28.85,13588
-409.90,28.10,13600
-411.32,29.97,13612
-411.37,31.62,13624
-409.89,31.93,13635
-406.36,30.90,13647
-408.85,28.78,13659
-410.06,29.24,13671
-410.72,29.67,13682
-412.38,31.63,13694
-407.16,33.28,13706
-409.85,31.62,13717
-410.14,29.61,13729
-411.94,27.89,13741
-410.17,28.07,13753
-411.15,29.63,13764
-411.41,32.23,13776
-407.01,32.84,13788
-404.04,31.49,13800
-410.56,29.69,13811
-413.60,28.90,13824
-410.96,29.10,13835
-411.99,30.80,13847
-407.47,32.40,13858
-403.86,31.85,13871
-410.82,30.26,13882
-411.89,28.53,13893
-407.89,28.31,13905
-410.26,29.36,13917
-410.59,31.43,13929
-408.98,32.80,13940
-405.87,31.62,13953
-408.30,30.04,13964
-409.93,29.11,13976
-411.92,28.76,13987
-411.18,30.01,14000
-410.93,31.78,14011
-404.70,31.98,14022
-406.98,30.33,14034
-412.92,28.83,14046
-409.34,28.41,14058
-409.99,28.87,14069
-413.16,31.38,14082
-409.01,32.96,14093
-405.46,32.40,14105
-408.06,30.39,14116
-409.61,28.78,14129
-412.08,28.70,14140
-410.94,29.39,14152
-410.31,31.37,14163
-405.57,32.04,14175
-406.90,30.66,14187
-413.14,29.34,14198
-410.10,28.58,14211
-409.00,29.56,14222
-411.51,31.25,14234
-407.62,33.45,14245
-406.26,32.54,14258
-407.82,30.48,14269
-411.26,28.31,14281
-412.02,27.77,14292
-413.25,29.13,14305
-412.23,30.88,14316
-407.00,33.29,14327
-404.44,32.06,14340
-409.04,31.04,14351
-411.02,29.77,14363
-409.36,29.10,14374
-409.43,30.74,14387
-410.94,31.47,14398
-408.78,31.92,14410
-407.19,30.20,14422
-409.90,28.63,14434
-411.28,28.86,14445
-409.76,29.46,14457
-412.01,32.08,14469
-410.40,33.18,14480
-406.74,32.62,14492
-411.40,30.51,14503
-410.79,28.70,14516
-409.84,28.42,14527
-411.48,28.95,14539
-410.33,31.36,14551
-407.53,32.44,14563
-405.93,31.01,14574
-408.86,30.04,14586
-411.25,28.85,14598
-408.53,29.35,14610
-411.24,31.24,14621
-409.82,32.76,14632
-403.57,32.28,14645
-409.37,30.36,14656
-412.59,28.08,14668
-409.38,27.86,14680
-410.89,28.69,14692
-413.64,31.13,14703
-407.43,33.32,14715
-407.84,32.24,14727
-406.20,31.06,14739
-409.44,29.15,14750
-413.12,29.15,14763
-412.43,29.84,14774
-410.48,31.91,14785
-408.94,31.97,14797
-405.39,30.59,14809
-411.86,28.80,14821
-411.82,28.12,14832
-409.41,29.07,14844
-411.74,31.06,14856
-410.89,33.32,14868
-406.91,32.49,14879
-407.40,30.75,14892
-411.89,29.05,14903
-413.45,28.61,14915
-410.72,29.35,14926
-409.97,31.29,14938
-408.10,32.48,14950
-406.16,30.88,14961
-414.33,29.50,14973
-410.86,28.72,14985
-405.61,29.00,14997
-414.46,31.34,15008
-410.70,32.90,15021
-402.81,32.46,15032
-410.17,30.73,15044
-409.63,28.43,15055
-411.36,28.39,15068
-413.35,28.75,15079
-409.06,30.74,15090
-409.21,32.72,15102
-407.45,31.34,15114
-408.00,30.59,15126
-412.50,29.20,15137
-409.04,29.31,15150
-409.98,30.34,15161
-412.17,31.94,15173
-407.45,32.09,15184
-406.55,30.18,15197
-411.98,28.83,15208
-409.50,27.91,15220
-412.21,28.75,15232
-411.49,31.10,15243
-407.94,32.86,15255
-409.90,33.06,15266
-407.54,31.25,15279
-411.97,29.42,15290
-407.62,28.57,15302
-411.97,28.89,15313
-413.45,31.13,15326
-404.10,32.19,15337
-407.07,31.23,15349
-411.36,29.60,15361
-407.70,28.77,15373
-412.37,29.06,15384
-410.71,30.85,15395
-407.35,32.80,15408
-407.18,33.29,15419
-405.49,31.20,15431
-409.78,28.99,15442
-412.92,27.79,15455
-410.32,28.29,15466
-412.13,29.98,15478
-411.09,32.39,15490
-404.44,31.56,15502
-408.46,30.59,15513
-412.14,29.48,15525
-410.23,29.43,15537
-409.76,30.80,15548
-410.28,32.45,15560
-406.15,32.60,15571
-404.93,30.66,15584
-410.45,28.18,15595
-412.99,27.58,15607
-409.27,28.39,15619
-412.34,30.34,15631
-412.41,33.25,15642
-406.04,32.70,15654
-403.21,31.33,15666
-411.43,29.69,15678
-410.66,28.91,15689
-411.49,29.16,15700
-410.72,30.80,15713
-406.95,32.21,15724
-407.68,30.28,15736
-412.12,29.21,15748
-409.89,28.32,15760
-408.24,29.03,15771
-412.81,31.61,15783
-408.62,33.27,15795
-403.98,34.05,15807
-406.57,31.13,15818
-410.20,28.83,15831
-412.56,27.77,15842
-414.75,27.56,15853
-409.95,29.80,15865
-408.81,32.12,15877
-407.19,31.98,15889
-409.08,31.06,15900
-409.91,29.89,15912
-409.21,29.53,15924
-408.99,30.69,15936
-413.08,31.81,15947
-409.97,32.78,15960
-404.73,30.29,15971
-407.90,28.73,15983
-412.53,27.97,15994
-413.56,28.00,16006
-411.97,30.24,16018
-409.98,32.27,16029
-407.15,32.93,16041
-406.19,31.53,16053
-409.53,30.05,16065
-408.54,29.13,16076
-411.51,29.19,16089
-412.94,30.84,16100
-406.55,31.77,16112
-406.15,30.84,16123
-410.78,29.21,16136
-412.70,28.26,16147
-412.02,28.82,16158
-410.68,30.62,16171
-409.23,33.06,16182
-405.06,33.75,16194
-404.64,31.84,16205
-411.87,29.22,16218
-410.30,28.20,16229
-411.37,27.83,16241
-413.77,30.07,16252
-409.61,32.05,16265
-405.51,31.94,16276
-409.11,30.83,16288
-409.60,29.60,16300
-411.63,29.25,16311
-409.78,30.48,16323
-409.36,31.80,16334
-409.36,33.02,16347
-407.56,30.67,16358
-406.05,28.79,16370
-413.63,27.91,16381
-411.80,28.05,16394
-409.73,30.49,16405
-413.85,32.55,16417
-407.97,33.25,16429
-403.44,31.28,16441
-409.76,29.88,16452
-409.51,29.13,16463
-411.09,29.20,16476
-411.92,31.10,16487
-408.40,31.90,16499
-407.62,31.02,16510
-410.59,29.39,16523
-411.49,28.35,16534
-409.41,29.00,16546
-413.27,30.39,16558
-409.47,32.53,16570
-404.33,33.82,16581
-406.87,31.57,16593
-411.50,29.80,16605
-411.54,28.22,16616
-410.21,28.00,16628
-412.65,29.83,16640
-410.37,31.87,16652
-406.72,31.97,16663
-407.91,30.94,16675
-409.29,29.41,16687
-408.99,29.58,16699
-413.14,30.08,16710
-411.27,31.33,16722
-406.99,32.97,16734
-405.90,31.08,16746
-410.28,29.53,16757
-411.65,28.17,16769
-412.16,27.88,16781
-409.27,29.88,16792
-410.89,32.46,16804
-411.72,32.94,16816
-406.16,31.30,16828
-405.66,29.83,16839
-411.15,28.95,16851
-413.99,29.24,16863
-412.41,30.72,16875
-404.45,32.02,16886
-404.41,31.53,16899
-412.92,29.65,16910
-411.67,28.56,16921
-408.44,28.38,16933
-410.40,30.08,16945
-410.01,32.21,16957
-408.45,33.68,16968
-405.94,31.90,16980
-407.01,29.72,16992
-411.37,28.65,17004
-411.84,28.04,17015
-413.95,29.75,17028
-409.33,31.34,17039
-404.35,31.73,17051
-407.67,31.00,17062
-413.35,29.23,17074
-409.97,29.64,17086
-407.96,30.01,17097
-411.17,31.94,17110
-408.91,33.14,17121
-407.11,31.67,17133
-408.83,29.62,17144
-409.80,27.61,17157
-409.30,28.04,17168
-414.94,29.35,17180
-411.15,31.82,17191
-408.01,33.21,17204
-406.18,31.89,17215
-408.84,30.35,17226
-409.49,29.22,17239
-410.69,29.00,17250
-412.43,30.61,17262
-410.26,31.68,17273
-405.24,31.54,17286
-409.28,29.91,17297
-411.01,28.44,17309
-410.56,28.65,17320
-413.02,29.44,17333
-408.76,32.00,17344
-405.22,33.43,17356
-407.49,32.31,17368
-408.34,30.39,17379
-411.26,28.46,17391
-411.15,28.20,17402
-411.94,29.56,17415
-413.31,31.38,17426
-407.82,31.78,17438
-405.19,30.88,17449
-411.98,29.43,17462
-411.37,29.43,17473
-409.24,30.03,17485
-412.11,31.83,17497
-407.93,33.05,17509
-405.31,31.88,17520
-410.75,29.75,17531
-411.96,27.74,17544
-410.83,27.55,17555
-412.02,29.26,17567
-411.64,31.42,17579
-409.85,33.13,17591
-405.80,31.73,17602
-405.38,30.23,17614
-410.88,29.33,17626
-410.34,29.07,17638
-410.17,30.68,17649
-407.96,32.18,17661
-406.81,31.61,17673
-411.28,30.20,17684
-411.21,28.24,17696
-409.07,28.29,17708
-411.88,29.33,17720
-410.75,31.71,17731
-407.14,33.40,17743
-404.74,32.43,17755
-407.49,30.46,17767
-412.37,29.17,17778
-410.38,28.60,17790
-410.58,29.61,17802
-410.34,31.38,17814
-407.18,31.99,17825
-407.79,30.34,17837
-410.56,29.28,17849
-410.26,29.18,17860
-409.58,29.50,17872
-410.96,31.96,17884
-409.82,32.90,17896
-404.57,32.16,17907
-406.62,30.17,17920
-411.77,27.99,17931
-410.55,28.00,17943
-411.06,28.75,17954
-413.88,31.29,17967
-408.24,32.61,17978
-406.58,31.30,17989
-408.64,30.34,18001
-409.40,29.27,18013
-410.74,29.37,18025
-408.82,30.70,18036
-409.62,32.46,18049
-405.66,32.02,18060
-409.57,30.17,18072
-413.07,28.14,18083
-411.06,27.73,18096
-411.66,28.80,18107
-412.06,31.03,18119
-407.64,33.37,18130
-406.16,32.92,18142
-406.31,30.67,18154
-411.30,29.66,18165
-410.91,28.45,18178
-411.55,29.40,18189
-412.44,31.09,18201
-408.11,31.34,18212
-405.76,30.27,18225
-412.24,29.11,18236
-410.49,28.85,18248
-409.35,29.53,18259
-411.63,31.77,18272
-410.18,33.21,18283
-405.26,32.76,18294
-407.98,30.71,18307
-410.12,28.06,18318
-411.81,27.69,18330
-412.17,28.05,18341
-412.82,30.44,18354
-410.87,32.72,18365
-405.94,31.83,18377
-406.78,30.76,18388
-409.63,29.59,18401
-411.30,29.21,18412
-409.75,30.53,18424
-410.66,31.85,18436
-405.96,32.07,18447
-407.63,30.06,18459
-414.78,28.28,18470
-409.73,27.84,18483
-410.62,29.11,18494
-413.94,31.61,18506
-407.45,33.45,18518
-400.62,32.74,18530
-410.73,30.82,18541
-412.23,29.23,18553
-409.06,28.60,18565
-412.97,29.17,18577
-408.86,30.97,18588
-408.30,31.88,18599
-408.17,30.38,18612
-409.63,29.40,18623
-409.23,28.85,18635
-409.65,29.63,18647
-409.77,31.69,18659
-410.78,33.32,18670
-404.40,33.09,18682
-403.98,30.32,18694
-413.65,28.50,18706
-411.87,27.57,18717
-411.70,28.42,18729
-412.02,30.87,18741
-407.79,32.47,18752
-407.11,32.27,18764
-408.10,30.58,18776
-408.23,29.83,18788
-410.14,29.17,18799
-409.40,30.46,18811
-410.10,31.93,18823
-404.70,31.76,18835
-407.84,30.45,18846
-414.84,28.42,18859
-410.93,28.38,18870
-409.85,28.80,18882
-412.54,31.16,18893
-407.28,33.48,18905
-405.49,32.62,18917
-409.12,31.48,18928
-408.98,29.10,18940
-411.09,28.51,18952
-412.85,28.75,18964
-412.02,30.68,18975
-406.61,31.98,18988
-406.44,30.83,18999
-410.54,29.91,19011
-412.51,28.97,19022
-409.10,29.31,19035
-409.95,31.14,19046
-409.62,33.01,19057
-408.09,32.97,19069
-406.47,31.09,19081
-408.97,28.27,19093
-412.79,28.04,19104
-411.93,27.77,19117
-412.60,30.51,19128
-411.64,32.40,19140
-404.66,32.17,19151
-405.63,30.91,19164
-412.13,29.51,19175
-409.34,29.33,19186
-409.09,30.21,19198
-410.40,31.64,19210
-407.20,32.32,19222
-407.69,29.97,19233
-410.25,28.60,19246
-413.00,27.82,19257
-410.51,28.74,19269
-410.70,31.02,19280
-408.53,33.26,19293
-402.64,33.14,19304
-407.93,31.39,19316
-412.41,29.24,19328
-409.32,28.58,19339
-411.03,28.68,19351
-412.22,30.65,19362
-407.61,32.03,19375
-407.21,31.40,19386
-408.50,29.90,19398
-411.91,29.13,19409
-409.60,29.02,19422
-411.95,30.63,19433
-409.51,32.39,19445
-407.43,32.73,19457
-404.35,31.24,19469
-412.70,29.09,19480
-411.52,28.19,19491
-410.48,28.55,19504
-411.51,30.37,19515
-412.68,32.31,19527
-405.84,32.05,19538
-406.71,30.54,19551
-409.24,29.47,19562
-409.98,29.39,19574
-408.72,30.09,19586
-412.35,31.86,19598
-406.49,32.15,19609
-409.05,30.68,19621
-411.17,28.54,19633
-411.70,27.92,19644
-411.98,28.26,19656
-410.66,30.73,19667
-408.65,32.89,19680
-404.96,33.35,19691
-405.85,31.86,19703
-410.60,29.32,19715
-409.82,28.95,19727
-410.63,28.67,19738
-412.64,30.37,19750
-409.41,31.98,19762
-404.89,30.85,19774
-410.83,30.18,19785
-410.85,28.87,19796
-409.58,29.15,19809
-411.02,30.68,19820
-410.66,32.68,19832
-408.35,33.32,19844
-405.08,31.46,19856
-409.61,29.02,19867
-411.57,27.52,19879
-410.05,27.61,19891
-413.29,30.00,19903
-410.94,32.14,19914
-406.38,32.44,19927
-406.92,31.10,19938
-409.05,29.51,19949
-409.21,29.43,19961
-411.99,30.13,19973
-410.56,31.66,19985
-408.45,32.55,19996
-407.01,30.68,20008
-410.46,28.92,20020
-412.53,27.93,20032
-409.00,28.40,20043
-411.57,30.44,20056
-410.32,32.56,20067
-403.09,33.19,20079
-406.27,31.32,20090
-411.21,29.58,20102
-409.71,28.82,20114
-410.69,29.12,20125
-410.26,30.76,20137
-409.08,31.99,20149
-406.75,31.27,20161
-408.82,29.55,20172
-412.14,28.76,20185
-409.95,28.53,20196
-409.87,30.39,20208
-413.03,32.27,20219
-407.39,33.46,20232
-403.53,32.01,20243
-410.87,29.63,20254
-411.91,28.56,20267
-409.39,27.89,20278
-412.37,29.61,20290
-410.83,31.55,20301
-407.26,31.71,20314
-408.37,30.63,20325
-409.37,29.50,20337
-409.86,29.47,20348
-409.17,30.25,20361
-411.42,32.21,20372
-404.34,32.79,20384
-406.87,30.91,20396
-411.69,29.14,20407
-412.19,27.68,20419
-410.85,27.59,20430
-411.62,29.77,20443
-407.50,31.79,20454
-406.95,33.07,20466
-408.26,31.69,20477
-409.40,30.32,20490
-409.92,29.48,20501
-410.85,29.18,20513
-410.67,30.96,20525
-409.44,31.80,20537
-405.58,30.94,20548
-409.55,29.35,20559
-412.27,28.21,20572
-411.81,28.45,20583
-409.60,29.99,20595
-410.11,32.69,20606
-407.75,33.69,20619
-404.45,32.15,20630
-408.61,30.10,20642
-410.07,28.39,20654
-410.63,28.19,20666
-412.77,29.48,20677
-411.55,31.22,20689
-409.19,31.81,20701
-405.66,30.52,20712
-410.47,29.68,20724
-412.47,29.36,20736
-407.52,30.42,20748
-409.35,32.15,20759
-410.21,33.06,20771
-405.94,31.68,20783
-411.05,29.29,20795
-412.28,27.82,20806
-411.84,27.69,20818
-414.02,29.21,20830
-411.29,31.59,20842
-403.45,32.69,20853
-405.48,31.95,20865
-413.77,30.27,20877
-409.54,29.63,20888
-408.28,29.52,20900
-412.60,30.86,20912
-408.18,32.47,20924
-407.27,31.22,20935
-410.51,29.39,20947
-409.74,27.75,20959
-410.63,28.01,20971
-413.48,29.75,20982
-413.10,32.23,20995
-403.06,34.03,21006
-403.71,32.43,21017
-409.66,30.56,21029
-412.13,28.38,21041
-409.91,28.08,21053
-411.69,29.30,21064
-411.16,31.14,21076
-411.05,31.70,21088
-407.48,30.56,21100
-408.67,29.30,21111
-409.24,29.86,21124
-412.43,30.22,21135
-411.77,32.24,21147
-407.46,33.30,21158
-404.49,31.30,21170
-411.79,29.46,21182
-415.46,27.40,21193
-409.11,27.48,21206
-409.80,29.12,21217
-412.37,31.48,21229
-407.08,33.27,21240
-405.24,31.87,21253
-410.19,30.72,21264
-407.85,29.38,21276
-411.34,29.54,21287
-414.49,30.58,21300
-409.76,31.55,21311
-403.37,31.14,21322
-411.04,29.34,21335
-413.67,28.53,21346
-411.56,28.30,21358
-409.09,30.12,21369
-408.52,32.03,21382
-407.63,33.82,21393
-408.21,32.36,21405
-407.33,30.26,21416
-407.68,28.60,21429
-411.82,28.09,21440
-413.97,29.18,21452
-410.73,31.06,21464
-408.18,32.00,21475
-403.23,30.90,21487
-409.87,29.77,21498
-414.23,29.55,21511
-409.67,29.47,21522
-407.29,31.66,21534
-412.73,32.87,21545
-407.12,31.90,21558
-408.29,29.65,21569
-409.30,28.23,21581
-412.39,27.51,21593
-414.45,29.11,21604
-409.11,31.18,21616
-406.86,33.00,21627
-404.89,32.19,21640
-412.14,30.26,21651
-412.78,29.41,21663
-406.31,29.00,21675
-411.66,30.44,21687
-414.02,32.27,21698
-403.15,31.51,21710
-409.23,30.13,21722
-411.27,28.30,21734
-408.70,28.20,21745
-413.96,29.26,21757
-413.35,31.78,21769
-404.58,33.98,21780
-404.45,32.49,21792
-408.25,30.85,21804
-411.97,28.34,21816
-412.04,27.99,21827
-408.53,28.94,21839
-410.64,31.05,21851
-410.97,32.47,21863
-405.81,30.51,21874
-408.08,29.73,21886
-410.16,29.14,21898
-408.66,29.96,21909
-413.28,31.93,21921
-410.48,33.01,21933
-405.49,32.36,21945
-410.78,30.15,21956
-415.23,28.44,21968
-411.07,27.38,21980
-410.82,28.60,21992
-410.76,30.46,22003
-407.69,32.90,22016
-405.87,32.18,22027
-408.76,31.19,22039
-406.74,29.97,22050
-409.11,29.42,22062
-414.13,30.15,22074
-409.63,31.41,22085
-405.87,31.38,22097
-407.92,29.57,22109
-413.13,28.70,22121
-412.77,28.07,22132
-410.01,29.55,22145
-408.20,31.85,22156
-409.80,33.60,22168
-406.82,33.07,22179
-408.22,30.41,22192
-408.93,28.58,22203
-409.81,27.97,22214
-412.46,28.92,22226
-417.18,30.79,22238
-409.28,32.20,22250
-401.89,30.73,22261
-409.49,29.48,22274
-414.21,29.37,22285
-409.58,29.33,22297
-410.06,31.80,22308
-407.81,32.98,22321
-406.26,32.44,22332
-409.35,30.22,22344
-409.47,28.10,22355
-413.30,27.53,22367
-413.69,28.61,22379
-411.78,30.61,22390
-404.99,32.95,22403
-403.59,32.01,22414
-411.15,30.74,22426
-412.46,29.71,22437
-409.22,29.28,22450
-409.93,30.38,22461
-407.49,31.94,22473
-409.81,31.99,22484
-409.49,29.88,22497
-408.82,28.23,22508
-409.60,27.94,22519
-412.97,29.01,22532
-412.24,31.40,22543
-408.42,33.31,22555
-402.92,32.62,22566
-405.13,31.05,22579
-413.56,29.22,22590
-411.42,28.75,22602
-408.65,29.18,22614
-410.92,30.94,22626
-409.15,32.12,22637
-407.10,30.75,22649
-411.18,29.32,22661
-409.09,28.55,22672
-408.97,29.10,22684
-411.50,31.16,22695
-411.89,33.30,22708
-405.32,32.98,22719
-402.15,31.06,22731
-411.98,28.65,22743
-409.32,27.46,22755
-413.74,28.07,22766
-410.37,30.24,22778
-408.04,32.52,22790
-408.85,32.18,22802
-407.90,30.64,22813
-407.22,29.65,22824
-410.66,29.60,22837
-410.36,30.65,22848
-411.00,32.31,22860
-408.63,32.34,22872
-403.22,30.08,22884
-411.37,28.53,22895
-415.63,27.72,22907
-408.48,28.45,22919
-411.41,31.06,22931
-411.38,33.10,22942
-402.80,33.14,22955
-409.33,31.48,22966
-411.59,29.34,22977
-406.54,28.85,22989
-411.68,29.27,23001
-414.93,30.68,23013
-408.01,31.99,23024
-406.47,30.36,23036
-407.75,29.48,23048
-411.48,29.06,23060
-412.43,29.23,23071
-409.13,31.43,23084
-408.43,32.65,23095
-410.01,32.96,23107
-405.07,30.80,23118
-410.23,28.69,23130
-409.15,27.89,23142
-412.75,28.37,23153
-412.63,30.57,23165
-407.90,32.28,23177
-405.46,31.81,23189
-409.61,30.58,23200
-411.35,29.23,23213
-408.18,29.47,23224
-410.99,30.14,23236
-410.12,32.25,23247
-406.95,32.50,23260
-407.10,30.62,23271
-411.91,28.94,23282
-410.78,27.42,23294
-409.55,28.34,23306
-414.03,30.49,23318
-409.09,32.85,23329
-404.71,33.18,23342
-406.82,31.28,23353
-409.53,29.55,23365
-410.67,28.65,23376
-410.67,29.09,23389
-410.53,30.74,23400
-410.85,32.09,23412
-403.70,30.97,23424
-408.96,29.73,23435
-412.35,28.85,23447
-410.49,28.57,23458
-410.45,30.78,23471
-412.06,32.37,23482
-405.75,32.70,23494
-406.82,31.01,23505
-408.50,28.78,23518
-411.30,28.36,23529
-412.14,28.49,23541
-410.73,30.79,23553
-409.18,32.43,23565
-404.85,31.76,23576
-410.45,30.33,23587
-413.32,29.20,23600
-409.36,29.00,23611
-410.15,30.53,23623
-410.36,32.08,23634
-405.81,32.91,23647
-407.40,31.03,23658
-410.68,29.00,23670
-410.14,28.25,23682
-411.49,28.06,23694
-412.14,30.58,23705
-410.05,32.45,23717
-406.20,32.97,23729
-403.94,31.27,23740
-411.17,29.58,23752
-411.50,29.22,23763
-410.54,28.90,23776
-411.93,31.07,23787
-409.81,32.09,23799
-405.36,31.05,23811
-412.10,29.73,23823
-411.21,28.49,23834
-408.36,28.64,23846
-413.33,30.35,23858
-411.07,32.39,23870
-407.48,33.26,23881
-405.58,31.39,23892
-406.45,29.47,23905
-411.41,28.71,23916
-412.32,28.22,23928
-410.93,30.57,23940
-407.51,32.05,23952
-406.52,31.73,23963
-411.38,30.27,23975
-410.38,28.98,23987
-409.16,29.37,23999
-412.81,30.31,24010
-410.18,32.69,24023
-406.50,32.79,24034
-406.19,31.10,24045
-408.67,28.96,24057
-413.24,27.79,24069
-412.74,28.22,24081
-409.31,29.86,24092
-410.59,32.58,24104
-406.40,32.60,24116
-405.85,31.27,24128
-411.51,29.59,24139
-411.11,28.63,24152
-408.57,29.39,24163
-411.62,30.89,24175
-409.87,32.57,24186
-405.75,31.27,24198
-407.71,29.57,24210
-413.30,28.67,24221
-409.82,28.27,24233
-409.32,30.05,24245
-411.62,32.44,24257
-408.39,33.02,24268
-403.37,31.50,24281
-407.62,29.34,24292
-412.28,28.75,24304
-409.62,28.46,24315
-411.54,30.52,24328
-407.09,31.97,24339
-407.03,31.45,24350
-410.07,30.08,24363
-410.27,28.61,24374
-408.30,29.29,24386
-412.10,30.33,24397
-411.37,32.41,24410
-406.07,33.41,24421
-405.12,31.00,24433
-412.34,29.29,24444
-412.93,27.86,24457
-409.91,28.10,24468
-411.07,30.29,24480
-408.72,32.36,24492
-407.06,33.20,24503
-408.45,31.24,24515
-407.52,29.64,24526
-409.42,28.92,24539
-411.18,28.92,24550
-411.35,31.09,24562
-410.62,32.34,24573
-407.22,31.54,24586
-405.63,29.94,24597
-412.45,28.47,24609
-413.39,28.48,24621
-407.77,29.47,24633
-411.66,32.12,24644
-410.12,33.13,24655
-404.88,31.92,24668
-410.04,29.94,24679
-409.37,28.85,24691
-413.15,28.61,24702
-411.80,30.04,24715
-409.01,32.00,24726
-406.60,31.67,24738
-409.27,30.40,24750
-411.76,29.12,24762
-412.42,29.00,24773
-407.25,29.97,24785
-411.94,32.06,24797
-408.31,33.32,24808
-404.33,31.58,24820
-410.22,29.58,24832
-411.13,28.05,24844
-408.57,28.10,24855
-414.51,29.46,24867
-411.01,31.85,24879
-404.14,32.28,24891
-407.09,31.41,24902
-410.69,29.60,24914
-411.00,29.42,24926
-411.07,29.53,24938
-409.72,31.31,24949
-408.33,33.01,24961
-408.94,31.51,24973
-407.12,29.65,24984
-411.03,27.77,24996
-411.87,28.05,25008
-410.31,29.48,25020
-415.40,31.96,25031
-410.11,33.94,25043
-403.06,32.08,25055
-406.74,30.51,25067
-411.52,29.04,25078
-410.77,28.40,25091
-412.22,29.75,25102
-410.17,31.09,25113
-406.76,31.56,25125
-409.90,30.05,25137
-408.99,29.21,25149
-409.29,28.89,25160
-412.29,30.13,25172
-410.47,32.15,25184
-406.14,33.17,25196
-405.96,32.14,25207
-409.94,30.10,25220
-410.77,28.21,25231
-411.13,28.08,25243
-413.32,29.19,25254
-408.05,31.52,25266
-409.97,32.72,25278
-407.35,31.73,25289
-408.62,29.86,25302
-410.34,29.43,25313
-411.54,29.29,25325
-410.07,31.27,25336
-410.33,32.51,25349
-408.11,32.00,25360
-405.35,30.08,25372
-410.34,28.13,25383
-414.41,27.91,25396
-410.93,29.10,25407
-410.26,31.70,25418
-409.38,33.36,25431
-405.84,32.43,25442
-406.84,30.25,25454
-410.72,28.82,25465
-411.82,28.79,25478
-413.80,29.88,25489
-408.94,31.84,25501
-402.78,31.65,25512
-410.06,30.42,25525
-412.53,28.69,25536
-409.37,28.72,25548
-411.05,29.68,25560
-408.80,31.87,25571
-405.47,33.74,25583
-407.00,32.32,25594
-410.46,30.36,25607
-408.88,28.34,25618
-409.21,28.06,25630
-413.40,29.53,25641
-411.85,31.27,25654
-407.56,32.68,25665
-404.71,31.24,25677
-410.48,29.98,25689
-411.80,29.36,25701
-409.77,29.18,25712
-410.70,31.14,25723
-409.05,31.83,25736
-406.13,32.13,25747
-410.23,30.15,25759
-410.56,28.60,25771
-408.42,28.57,25783
-411.05,29.24,25794
-413.20,31.56,25806
-410.67,32.44,25818
-403.79,31.63,25830
-406.36,30.25,25841
-411.79,29.06,25853
-411.46,28.69,25865
-409.84,30.27,25876
-408.48,31.88,25888
-407.61,32.32,25900
-409.53,30.52,25912
-409.71,29.05,25923
-410.50,28.53,25935
-411.54,29.03,25947
-411.51,31.08,25959
-408.99,32.53,25970
-402.98,32.10,25982
-407.85,30.55,25994
-413.26,29.18,26006
-410.04,28.56,26017
-410.29,29.41,26029
-410.20,31.28,26041
-408.95,31.96,26052
-407.95,31.03,26064
-408.38,29.13,26076
-410.57,28.78,26088
-410.08,29.10,26099
-412.23,30.91,26112
-412.17,33.13,26123
-405.24,32.46,26135
-401.35,30.65,26146
-414.07,28.70,26159
-411.81,27.88,26170
-409.77,28.46,26181
-413.76,31.03,26193
-408.58,32.55,26205
-405.69,31.91,26217
-408.73,30.51,26228
-407.17,28.99,26241
-410.83,28.91,26252
-410.19,30.07,26264
-409.82,32.04,26275
-404.32,32.66,26288
-408.11,30.72,26299
-414.38,28.82,26311
-410.00,28.29,26322
-409.13,28.49,26334
-413.24,31.10,26346
-406.94,32.83,26357
-406.17,32.36,26370
-408.03,31.16,26381
-409.06,28.87,26393
-409.99,29.04,26404
-412.98,29.48,26417
-409.58,31.42,26428
-409.12,32.71,26440
-405.90,30.93,26451
-410.05,29.55,26464
-412.14,28.34,26475
-408.81,28.70,26486
-410.88,30.63,26499
-411.81,32.62,26510
-406.75,32.86,26522
-406.41,31.22,26533
-410.33,29.14,26546
-410.73,28.40,26557
-410.93,28.85,26569
-411.89,30.85,26580
-409.67,32.25,26593
-408.44,31.58,26604
-407.38,29.88,26616
-412.97,28.69,26628
-410.10,29.03,26639
-407.89,30.28,26651
-408.49,32.53,26662
-404.30,32.74,26675
-408.61,31.02,26686
-410.15,29.27,26698
-411.22,28.15,26710
-413.28,28.34,26722
-410.83,30.24,26733
-408.81,32.37,26745
-406.22,32.27,26757
-408.80,31.00,26769
-410.66,29.55,26780
-409.95,28.95,26791
-410.61,30.10,26804
-412.28,31.43,26815
-408.10,32.58,26827
-406.67,31.13,26839
-410.86,29.20,26851
-409.56,28.43,26862
-411.00,28.42,26874
-412.78,30.57,26886
-410.59,32.40,26898
-405.87,33.08,26909
-404.43,31.30,26921
-410.14,29.47,26933
-411.89,28.53,26944
-409.16,28.76,26956
-414.47,30.65,26968
-410.70,31.93,26980
-405.27,31.38,26991
-408.91,30.17,27003
-410.51,28.56,27015
-409.19,28.99,27027
-414.54,30.10,27038
-406.13,32.17,27051
-406.85,33.40,27062
-406.11,31.33,27074
-411.19,29.84,27085
-413.45,28.06,27097
-409.60,28.06,27109
-412.00,30.02,27120
-412.87,31.84,27132
-402.34,32.26,27144
-407.09,31.01,27156
-411.65,29.61,27167
-409.47,29.19,27180
-412.01,29.76,27191
-410.54,31.44,27203
-405.99,32.74,27214
-406.72,31.26,27227
-412.14,29.56,27238
-411.10,28.25,27249
-409.77,28.23,27261
-410.02,30.18,27273
-412.68,32.31,27285
-408.12,32.78,27296
-403.95,30.98,27309
-408.48,29.45,27320
-411.17,28.46,27332
-411.23,29.04,27343
-411.01,30.83,27356
-410.45,32.39,27367
-405.57,31.57,27379
-407.15,29.81,27390
-412.18,28.53,27402
-411.83,28.49,27414
-408.34,30.29,27425
-409.39,32.12,27438
-404.40,33.44,27449
-408.11,31.44,27461
-409.55,29.35,27472
-412.36,28.48,27485
-412.21,28.21,27496
-409.01,30.33,27508
-409.43,32.02,27520
-407.56,32.38,27532
-407.14,30.78,27543
-413.51,29.21,27554
-409.52,28.86,27567
-408.24,29.26,27578
-413.95,31.35,27590
-410.24,32.61,27601
-403.03,31.52,27614
-410.63,29.71,27625
-411.58,28.76,27637
-408.79,28.40,27649
-412.27,30.18,27661
-410.55,31.94,27672
-405.56,32.75,27684
-408.55,31.34,27696
-409.28,29.30,27707
-409.36,28.78,27719
-409.62,28.97,27730
-413.39,30.87,27743
-409.40,32.50,27754
-407.10,31.69,27766
-405.82,30.18,27778
-411.52,28.45,27790
-410.53,28.67,27801
-412.31,29.79,27813
-411.81,32.13,27825
-405.36,33.17,27837
-407.67,31.86,27848
-408.16,29.66,27859
-409.77,28.19,27872
-410.71,28.62,27883
-412.40,29.94,27895
-409.44,32.02,27907
-404.12,32.10,27919
-407.49,30.79,27930
-411.62,29.37,27942
-408.88,29.10,27954
-409.59,29.66,27966
-408.99,31.83,27977
-406.73,33.00,27990
-407.82,31.57,28001
-410.00,29.57,28012
-409.43,28.05,28024
-410.71,27.97,28036
-410.09,29.84,28048
-412.93,31.95,28059
-406.93,33.09,28071
-401.93,31.86,28083
-409.79,30.20,28095
-412.17,29.38,28106
-409.12,29.26,28119
-410.65,30.56,28130
-408.22,32.12,28142
-407.27,31.29,28153
-409.08,29.76,28165
-410.95,28.78,28177
-408.38,28.53,28188
-409.46,30.22,28200
-414.16,31.95,28212
-401.81,33.32,28224
-405.27,31.94,28235
-413.98,30.24,28248
-411.15,28.68,28259
-410.48,28.33,28271
-411.27,29.58,28282
-407.91,31.23,28295
-408.48,31.97,28306
-408.13,30.62,28317
-408.17,29.30,28329
-410.02,29.60,28341
-411.80,29.79,28353
-411.50,31.88,28364
-407.48,32.85,28377
-402.88,31.18,28388
-410.11,29.76,28400
-414.65,27.80,28411
-410.09,28.08,28424
-411.77,29.80,28435
-409.88,32.04,28447
-407.09,33.24,28459
-408.13,31.71,28470
-409.05,29.74,28482
-408.55,28.75,28493
-411.01,28.87,28506
-412.45,30.66,28517
-411.29,32.29,28529
-405.66,31.74,28540
-405.90,29.80,28553
-411.01,28.79,28564
-412.44,28.20,28576
-409.67,29.65,28588
-409.54,32.10,28600
23.54,33.12,28611
-408.82,32.04,28622
-411.69,29.78,28646
-411.99,28.65,28657
-411.52,28.60,28668
-411.22,29.70,28680
-402.39,31.75,28691
-408.14,32.11,28702
-415.20,30.70,28715
-409.25,29.47,28726
-408.48,28.88,28737
-412.19,29.27,28748
-406.94,31.55,28760
-406.43,32.96,28771
-409.19,31.86,28782
-409.39,30.27,28793
-408.51,28.32,28806
-415.29,28.31,28817
-410.83,29.77,28828
-407.48,31.24,28839
-404.04,32.37,28851
-409.10,31.08,28862
-413.76,29.12,28873
-410.15,29.44,28884
-408.18,28.94,28897
-411.96,31.08,28908
-406.34,32.94,28919
-405.35,31.97,28931
-411.09,30.55,28942
-409.22,28.15,28953
-410.32,27.95,28964
-416.71,28.87,28976
-407.92,31.31,28988
-404.71,32.83,28999
-406.11,32.03,29010
-410.33,30.43,29022
-411.31,28.92,29034
-412.60,29.04,29045
-407.19,30.01,29058
-410.26,32.18,29069
-407.35,32.36,29080
-407.13,30.15,29092
-412.26,28.87,29104
-410.74,28.22,29116
-408.69,29.07,29127
-415.79,31.81,29139
-406.75,33.58,29151
-402.53,32.44,29163
-409.50,30.73,29174
-409.92,28.45,29187
-411.11,28.33,29198
-413.69,29.05,29210
-408.26,30.95,29221
-409.52,32.53,29233
-407.79,30.97,29245
-409.16,29.70,29256
-411.15,29.22,29268
-409.83,29.25,29280
-412.42,31.11,29292
-411.88,32.81,29303
-403.88,31.85,29316
-405.13,30.43,29327
-412.40,28.14,29339
-411.32,27.92,29350
-410.56,28.96,29363
-410.96,31.17,29374
-408.79,33.21,29385
-409.58,32.29,29398
-410.41,30.28,29409
-407.33,28.94,29421
-411.16,28.66,29432
-414.62,30.02,29445
-407.30,31.82,29456
-406.61,31.95,29468
-408.38,30.46,29479
-410.37,29.02,29492
-412.86,28.40,29503
-413.44,29.39,29515
-405.73,31.53,29527
-409.13,33.55,29538
-407.91,32.59,29550
-407.63,30.78,29561
-410.74,28.70,29574
-409.25,27.87,29585
-410.15,28.97,29597
-415.81,30.73,29608
-407.11,32.17,29621
-402.21,31.01,29632
-411.13,30.08,29644
-412.76,29.37,29656
-408.59,29.42,29668
-409.91,31.30,29679
-407.86,32.44,29690
-407.67,32.61,29703
-410.20,30.22,29714
-410.86,28.22,29726
-409.41,27.78,29737
-410.47,28.59,29750
-412.94,31.36,29761
-411.48,32.81,29773
-404.70,32.29,29785
-411.03,30.85,29797
-412.67,29.59,29808
-409.79,28.83,29820
-408.84,30.30,29832
-409.97,31.47,29843
-410.26,31.93,29855
-408.86,30.22,29867
-408.92,28.76,29879
-409.40,28.63,29890
-410.46,29.38,29902
-413.85,31.70,29914
-408.77,33.44,29926
-401.49,32.59,29937
-407.06,30.40,29949
-413.53,28.96,29961
-409.53,27.92,29973
-410.46,29.19,29984
-411.83,30.84,29996
-407.91,32.07,30008
-408.75,31.44,30019
-410.34,29.71,30031
-406.82,29.33,30043
-409.25,29.19,30055
-414.87,31.04,30066
-410.95,32.33,30078
-407.37,32.12,30090
-403.92,30.47,30102
-408.91,28.69,30113
-414.62,28.55,30126
-411.14,29.14,30137
-408.62,31.38,30148
-411.14,32.83,30160
-407.38,31.79,30172
-410.69,30.09,30184
-408.54,28.49,30195
-410.47,28.88,30208
-413.43,30.62,30219
-410.14,32.29,30231
-405.50,33.00,30242
-405.38,30.84,30255
-411.74,28.93,30266
-413.05,28.30,30278
-411.67,28.31,30289
-409.92,30.87,30301
-407.00,32.55,30313
-406.46,32.53,30324
-412.14,31.07,30337
-406.97,29.05,30348
-408.41,28.94,30360
-413.39,29.59,30371
-411.90,31.42,30384
-408.96,32.40,30395
-404.70,30.91,30407
-407.38,29.53,30418
-412.79,28.58,30431
-413.05,29.00,30442
-410.57,30.71,30453
-408.03,32.62,30466
-407.30,32.49,30477
-406.17,30.93,30489
-410.63,28.98,30500
-409.77,28.29,30513
-411.35,28.97,30524
-413.86,30.62,30536
-410.64,32.28,30547
-407.68,31.73,30560
-409.36,30.56,30571
-412.82,29.36,30583
-409.55,29.02,30595
-410.16,30.39,30606
-408.62,31.74,30618
-405.67,32.43,30629
-410.39,30.74,30642
-412.46,28.93,30653
-407.01,28.04,30665
-410.96,28.65,30676
-412.37,30.98,30689
-410.07,32.84,30700
-402.73,32.26,30712
-407.78,31.14,30724
-409.98,29.00,30736
-412.18,28.63,30747
-411.80,29.67,30758
-411.00,31.17,30771
-407.26,32.89,30782
-407.13,30.92,30794
-411.34,29.46,30806
-410.14,28.31,30818
-407.73,28.46,30829
-414.70,30.88,30841
-411.69,32.56,30853
-407.97,32.93,30865
-401.51,30.87,30876
-409.01,29.13,30888
-414.83,28.33,30900
-412.24,28.46,30911
-409.73,30.75,30923
-410.03,32.26,30935
-405.42,31.84,30947
-410.55,30.33,30958
-405.93,29.02,30970
-409.02,29.08,30982
-416.65,30.12,30994
-407.91,32.26,31005
-405.77,32.37,31017
-408.61,30.72,31029
-409.34,28.79,31041
-414.97,28.18,31052
-412.38,28.36,31064
-407.78,30.76,31076
-407.40,32.68,31087
-406.82,32.36,31099
-407.62,30.93,31111
-411.60,29.20,31123
-407.02,28.98,31134
-411.75,29.53,31147
-412.37,31.41,31158
-407.76,32.31,31170
-406.02,30.77,31181
-409.68,29.23,31194
-411.69,28.40,31205
-413.01,28.52,31216
-410.76,30.65,31228
-406.67,32.91,31240
-408.64,33.11,31252
-407.41,31.57,31263
-407.51,29.25,31276
-410.30,28.26,31287
-410.21,28.25,31299
-412.18,30.33,31310
-414.55,32.31,31323
-407.61,31.42,31334
-402.45,30.71,31346
-411.58,29.26,31357
-410.43,29.68,31369
-409.17,30.70,31381
-408.21,32.57,31392
-406.86,32.97,31405
-408.24,30.84,31416
-410.71,28.55,31428
-410.73,27.74,31439
-410.24,28.08,31452
-414.62,30.75,31463
-409.50,33.00,31475
-402.00,32.92,31486
-405.06,31.50,31499
-413.43,29.48,31510
-411.12,28.92,31521
-409.93,29.20,31534
-410.32,30.76,31545
-408.71,32.42,31557
-406.80,30.78,31568
-412.38,29.19,31581
-409.63,28.46,31592
-408.96,28.68,31604
-413.15,30.83,31616
-411.69,32.72,31628
-404.24,33.61,31639
-405.64,31.15,31651
-408.69,29.64,31663
-412.81,28.15,31674
-413.38,28.03,31686
-411.51,30.11,31697
-408.54,31.73,31710
-410.64,31.81,31721
-406.75,30.50,31733
-410.18,29.30,31745
-409.45,29.38,31757
-411.26,30.27,31768
-410.44,32.00,31780
-404.07,32.57,31792
-407.85,31.13,31804
-412.17,29.24,31815
-413.55,28.24,31826
-411.71,27.92,31839
-410.00,29.98,31850
-407.27,31.88,31862
-407.39,32.59,31874
-407.01,31.48,31886
-411.47,29.89,31897
-410.89,29.21,31909
-409.39,29.76,31921
-413.00,31.13,31933
-409.73,32.25,31944
-402.72,31.09,31956
-410.31,29.07,31968
-411.09,28.63,31979
-409.64,28.44,31991
-411.84,30.54,32003
-410.71,32.42,32015
-408.11,32.94,32026
-404.07,31.58,32038
-407.90,29.43,32050
-410.45,29.01,32062
-411.07,28.86,32073
-410.99,30.83,32086
-411.06,32.43,32097
-406.11,31.52,32108
-404.26,30.19,32120
-413.89,28.22,32132
-408.40,28.68,32144
-409.34,29.90,32155
-409.20,32.64,32167
-405.85,33.71,32179
-407.82,31.74,32191
-408.82,29.32,32202
-409.48,27.82,32215
-409.51,27.85,32226
-414.90,29.94,32238
-410.33,32.25,32249
-402.27,32.30,32261
-406.27,31.06,32273
-414.75,29.46,32284
-409.79,29.33,32296
-406.66,29.62,32308
-409.71,31.92,32320
-408.03,32.92,32331
-407.40,31.58,32344
-411.51,29.22,32355
-407.87,27.82,32367
-408.85,28.27,32378
-415.20,29.73,32391
-411.54,32.49,32402
-404.91,33.24,32413
-405.07,31.60,32425
-407.29,30.36,32437
-412.76,29.05,32449
-411.98,28.93,32460
-409.52,29.96,32473
-410.00,31.44,32484
-412.48,30.80,32496
-405.72,29.95,32507
-409.30,28.97,32520
-410.19,29.65,32531
-411.94,30.35,32543
-411.02,32.33,32555
-401.88,33.07,32566
-407.54,31.38,32578
-412.99,29.36,32589
-412.54,28.05,32602
-411.71,27.38,32613
-409.94,29.27,32625
-410.53,31.89,32636
-410.22,32.63,32649
-406.66,32.16,32660
-407.62,29.98,32672
-410.04,29.37,32684
-412.91,29.23,32696
-413.44,30.78,32707
-408.09,32.47,32718
-404.16,31.66,32731
-409.94,29.98,32742
-413.72,27.79,32754
-412.07,27.77,32765
-409.95,28.91,32778
-410.40,31.87,32789
-409.47,33.78,32801
-406.71,32.25,32813
-405.15,30.70,32825
-408.57,28.99,32836
-411.74,28.38,32848
-414.76,29.75,32860
-412.27,30.99,32872
-404.54,30.98,32883
-404.59,30.15,32894
-413.03,28.81,32907
-409.10,29.55,32918
-406.71,30.73,32930
-410.22,32.74,32942
-408.18,33.77,32954
-404.85,31.35,32965
-407.71,29.13,32977
-412.04,27.68,32989
-413.21,27.78,33001
-413.28,29.58,33012
-409.25,31.72,33025
-402.41,32.16,33036
-407.07,31.46,33047
-414.23,29.85,33059
-407.76,29.92,33071
-407.87,30.43,33083
-411.58,31.84,33094
-408.44,32.68,33106
-407.27,31.01,33118
-406.94,28.68,33130
-413.62,27.39,33141
-411.43,27.65,33154
-411.49,29.60,33165
-408.81,32.72,33177
-406.77,33.91,33188
-404.94,32.88,33200
-409.35,30.67,33212
-411.33,29.01,33223
-407.71,28.51,33235
-411.01,29.42,33247
-414.41,31.24,33259
-409.36,31.06,33270
-405.89,30.18,33283
-409.22,28.99,33294
-409.91,29.46,33306
-413.07,30.28,33317
-406.91,32.03,33329
-406.71,33.40,33341
-408.91,31.57,33352
-408.65,29.65,33364
-411.68,28.17,33376
-412.43,27.76,33388
-412.29,29.39,33399
-412.36,31.23,33412
-406.98,32.30,33423
-406.55,30.83,33435
-410.80,29.50,33446
-409.53,29.40,33459
-411.69,29.99,33470
-412.10,31.85,33482
-407.37,33.19,33494
-405.94,31.51,33505
-408.63,29.12,33517
-411.06,27.07,33528
-414.31,27.02,33541
-411.72,28.97,33552
-410.44,32.04,33564
-409.13,33.99,33575
-403.92,32.77,33588
-406.86,30.57,33599
-412.03,28.82,33611
-409.94,28.51,33623
-411.65,29.62,33635
-412.75,31.12,33646
-406.92,31.27,33657
-407.67,29.56,33670
-410.15,28.69,33681
-411.72,29.07,33693
-408.01,30.44,33704
-408.70,32.82,33717
-407.17,33.86,33728
-404.22,31.79,33740
-412.07,29.87,33752
-412.57,27.75,33764
-408.94,27.71,33775
-413.26,29.25,33787
-409.74,31.42,33799
-404.56,32.10,33810
-409.79,31.30,33822
-410.30,29.71,33833
-406.95,29.99,33846
-409.49,30.36,33857
-409.51,31.81,33869
-408.32,32.85,33881
-406.16,31.07,33893
-406.59,29.03,33904
-412.46,27.56,33916
-411.54,27.54,33928
-411.25,29.66,33939
-409.85,32.56,33951
-406.23,33.93,33963
-403.44,32.86,33975
-410.17,30.37,33986
-408.92,28.98,33998
-409.37,28.10,34010
-410.93,29.83,34022
-413.39,31.35,34033
-407.57,31.46,34045
-406.51,30.24,34057
-408.22,28.99,34069
-410.59,29.16,34080
-409.94,29.79,34093
-407.17,32.22,34104
-407.01,33.34,34115
-405.52,31.74,34127
-410.38,30.39,34139
-411.81,27.97,34151
-408.72,28.07,34162
-411.34,29.34,34174
-412.96,31.16,34186
-405.09,32.58,34198
-405.85,31.03,34209
-412.10,30.06,34222
-410.15,29.38,34233
-409.52,29.70,34245
-412.47,31.69,34256
-408.87,33.00,34268
-406.52,31.72,34280
-410.05,29.53,34291
-410.62,27.48,34304
-410.70,27.35,34315
-412.30,29.29,34327
-411.75,32.01,34338
-407.87,33.54,34351
-403.23,32.36,34362
-408.49,30.17,34374
-410.11,29.02,34385
-410.96,28.80,34398
-410.02,30.18,34409
-410.50,31.72,34420
-407.54,31.62,34433
-408.00,29.66,34444
-408.78,28.30,34456
-410.52,28.33,34467
-412.77,29.43,34480
-407.25,32.11,34491
-407.24,33.64,34503
-404.90,32.62,34514
-409.88,30.64,34527
-412.16,28.80,34538
-410.21,28.18,34550
-410.57,29.29,34562
-413.15,30.93,34573
-406.99,31.63,34585
-406.01,30.95,34596
-412.11,29.41,34609
-409.85,29.94,34620
-407.57,30.04,34632
-411.80,31.92,34643
-407.76,32.96,34656
-402.62,31.51,34667
-410.27,29.80,34679
-412.60,27.79,34691
-409.12,27.74,34703
-411.23,29.10,34714
-411.76,31.57,34725
-409.44,33.10,34738
-405.24,31.98,34749
-406.05,30.33,34761
-410.62,29.09,34772
-409.99,29.23,34785
-410.91,30.44,34796
-413.50,32.01,34808
-408.22,32.17,34820
-403.79,29.89,34832
-411.44,28.54,34843
-411.28,28.04,34855
-407.70,29.09,34867
-409.43,31.89,34878
-403.21,33.50,34890
-407.63,33.09,34902
-408.71,30.88,34914
-409.00,28.74,34925
-413.15,28.09,34937
-412.25,28.90,34949
-409.52,30.83,34961
-407.05,32.43,34972
-406.44,31.07,34984
-411.05,29.81,34996
-410.30,29.04,35008
-408.21,29.39,35019
-410.86,31.25,35031
-408.16,33.27,35043
-407.07,32.21,35054
-407.49,29.96,35066
-410.49,28.23,35078
-410.61,27.65,35090
-413.83,29.01,35101
-413.22,31.24,35113
-407.14,32.95,35125
-404.21,31.84,35137
-409.38,30.42,35148
-411.33,29.53,35161
-409.37,29.17,35172
-411.08,30.72,35183
-411.26,31.84,35195
-408.86,31.59,35207
-407.02,29.95,35219
-408.51,28.09,35230
-412.17,28.44,35243
-412.93,29.04,35254
-412.44,31.64,35266
-404.43,33.30,35277
-405.17,32.03,35290
-412.00,30.75,35301
-410.93,28.64,35313
-408.86,28.39,35324
-412.77,29.60,35336
-409.61,31.12,35348
-407.78,32.41,35359
-407.41,30.54,35372
-408.34,29.51,35383
-409.54,29.07,35395
-412.06,29.29,35406
-410.67,31.32,35419
-408.83,32.75,35430
-403.70,32.44,35442
-409.17,30.09,35453
-413.28,28.26,35466
-410.22,27.63,35477
-410.06,28.96,35488
-411.02,31.24,35501
-409.38,33.11,35512
-406.79,32.11,35524
-405.75,30.19,35535
-409.31,28.94,35548
-412.44,28.92,35559
-412.53,30.32,35571
-409.58,32.23,35582
-408.20,32.37,35595
-403.64,30.67,35606
-411.45,29.15,35618
-413.54,28.11,35630
-409.36,28.75,35641
-408.82,30.81,35653
-407.92,32.78,35664
-407.41,32.23,35677
-407.33,30.64,35688
-410.17,29.25,35700
-410.45,29.04,35712
-413.79,29.91,35724
-411.71,31.38,35735
-402.91,32.22,35747
-406.02,30.85,35759
-416.49,29.18,35771
-410.82,28.74,35782
-406.90,29.15,35793
-411.02,31.32,35806
-410.05,33.30,35817
-409.23,32.31,35829
-407.14,30.47,35841
-406.81,28.38,35853
-412.37,27.86,35864
-415.72,28.90,35876
-410.85,30.97,35888
-408.26,32.77,35900
-404.61,31.74,35911
-408.57,30.18,35923
-413.91,28.90,35935
-410.35,29.04,35946
-407.00,30.46,35958
-412.32,32.38,35970
-411.19,32.79,35982
-406.92,30.24,35993
-405.25,28.71,36005
-409.18,27.78,36017
-412.73,28.33,36029
-413.90,31.11,36040
-404.73,32.75,36052
-403.84,32.65,36064
-411.60,31.14,36076
-414.37,28.86,36087
-405.78,28.73,36099
-407.20,29.21,36111
-414.47,31.21,36122
-409.15,32.64,36134
-405.61,30.48,36146
-407.91,29.44,36158
-410.80,28.75,36169
-412.17,29.02,36182
-413.40,31.08,36193
-407.12,32.64,36205
-402.86,32.15,36216
-408.37,30.74,36229
-416.58,28.82,36240
-408.46,28.49,36251
-408.50,29.05,36263
-411.60,31.01,36275
-411.34,32.30,36287
-406.50,31.88,36298
-409.40,29.63,36311
-407.41,29.44,36322
-410.63,29.20,36334
-413.14,30.54,36345
-410.87,32.36,36358
-405.49,32.33,36369
-405.62,30.72,36381
-411.04,28.89,36392
-413.07,28.13,36404
-411.38,28.51,36416
-410.17,31.09,36427
-409.36,32.98,36440
-406.52,32.97,36451
-406.06,31.07,36463
-409.13,29.35,36474
-412.84,28.56,36487
-413.68,29.15,36498
-409.71,30.86,36510
-407.15,32.02,36521
-405.99,30.81,36534
-409.71,29.79,36545
-413.75,29.30,36556
-407.96,29.01,36569
-408.89,31.18,36580
-410.06,32.69,36592
-406.04,32.42,36603
-406.39,30.85,36616
-411.57,28.58,36627
-411.28,28.13,36639
-411.39,28.70,36651
-413.54,31.00,36663
-409.35,32.72,36674
-403.29,31.80,36686
-408.16,30.49,36698
-412.75,29.08,36709
-409.81,29.13,36721
-409.60,29.95,36732
-411.80,31.94,36745
-407.59,32.47,36756
-406.69,30.21,36768
-410.33,29.02,36780
-408.53,28.14,36792
-409.39,29.10,36803
-413.31,31.22,36815
-410.30,32.65,36827
-403.93,32.54,36839
-408.68,30.32,36850
-413.25,28.99,36861
-410.04,28.66,36874
-410.03,29.41,36885
-409.65,31.30,36897
-407.92,32.64,36909
-407.96,31.06,36921
-409.71,29.54,36932
-408.87,28.69,36944
-411.29,28.73,36956
-412.58,31.02,36968
-409.52,32.62,36979
-405.27,32.95,36992
-404.49,30.90,37003
-411.59,28.93,37014
-412.32,28.48,37026
-409.97,28.50,37038
-410.85,30.71,37050
-409.03,32.62,37061
-407.80,31.82,37073
-409.45,30.31,37085
-409.91,28.74,37097
-408.92,28.85,37108
-412.56,30.27,37121
-409.98,32.00,37132
-409.07,32.73,37144
-404.37,31.32,37155
-408.77,29.14,37167
-412.36,28.24,37179
-410.64,28.27,37190
-409.09,30.15,37202
-412.17,32.17,37214
-406.11,32.15,37226
-409.48,31.52,37237
-408.69,28.95,37250
-408.01,29.73,37261
-412.03,29.63,37273
-410.31,31.47,37284
-407.76,32.62,37297
-404.57,30.56,37308
-412.00,29.32,37319
-411.42,27.98,37331
-409.03,28.34,37343
-412.24,30.74,37355
-409.27,32.89,37366
-403.69,33.72,37379
-407.08,31.95,37390
-409.76,29.55,37402
-407.87,28.67,37413
-413.46,28.20,37426
-412.21,30.46,37437
-409.06,31.75,37448
-407.00,31.55,37460
-406.80,30.11,37472
-411.13,28.98,37484
-412.71,29.38,37495
-409.44,30.45,37508
-410.13,33.03,37519
-407.95,33.02,37531
-403.93,31.33,37542
-410.29,29.12,37555
-412.03,27.65,37566
-409.86,28.36,37578
-414.13,29.81,37590
-409.62,32.26,37602
23.56,32.06,37613
-7998.68,31.21,37624
-411.10,29.84,37637
-408.26,29.64,37648
-409.93,30.46,37660
-410.16,31.82,37671
-408.22,32.12,37684
-408.27,29.99,37695
-410.22,28.49,37707
-411.40,27.55,37719
-411.48,28.53,37731
-411.55,31.05,37742
-408.99,32.78,37753
-405.62,33.48,37766
-404.05,31.92,37777
-411.42,29.67,37789
-412.40,28.72,37800
-408.33,28.26,37813
-411.92,29.84,37824
-411.91,31.75,37836
-406.70,31.17,37848
-408.32,30.50,37860
-412.36,29.23,37871
-408.93,29.25,37883
-410.09,30.31,37895
-411.77,32.64,37906
-407.07,33.27,37918
-403.02,31.73,37929
-410.15,29.31,37942
-413.25,27.71,37953
-408.96,27.60,37965
-412.38,29.46,37977
-412.36,31.83,37989
-408.72,32.57,38000
-406.56,31.20,38012
-409.31,30.08,38024
-411.01,30.15,38036
-411.76,30.15,38047
-409.10,32.07,38059
-405.62,32.66,38071
-406.53,30.42,38082
-412.71,28.61,38094
-410.45,27.12,38106
-408.81,27.93,38118
-412.15,30.18,38129
-409.12,32.72,38141
-405.39,33.55,38153
-403.97,31.52,38165
-408.32,29.79,38176
-410.85,28.68,38189
-413.51,28.82,38200
-411.59,30.04,38211
-408.17,31.98,38223
-403.68,31.12,38235
-411.16,30.11,38247
-413.12,29.05,38258
-408.59,28.84,38270
-410.90,30.50,38282
-408.46,32.56,38294
-408.78,33.34,38305
-408.14,31.96,38318
-406.33,29.29,38329
-408.95,28.35,38341
-411.96,27.81,38352
-412.29,29.70,38365
-411.72,31.52,38376
-408.84,31.89,38387
-410.39,31.27,38400
-410.32,29.46,38411
-407.69,29.96,38423
-409.06,29.93,38434
-412.22,32.03,38447
-410.40,32.48,38458
-407.62,30.55,38470
-407.38,28.87,38481
-410.25,27.80,38494
-411.88,28.42,38505
-415.95,30.94,38516
-409.33,32.42,38529
-403.60,33.08,38540
-403.96,31.85,38552
-414.49,29.07,38563
-411.59,29.25,38576
-408.15,28.65,38587
-410.11,30.46,38599
-410.96,32.14,38610
-407.20,31.10,38623
-408.26,29.78,38634
-408.09,28.85,38646
-410.01,28.92,38658
-413.74,30.08,38669
-410.98,32.43,38681
-405.55,33.16,38692
-403.96,31.41,38705
-410.20,30.04,38716
-414.24,27.69,38728
-410.03,28.45,38739
-408.91,29.57,38752
-410.78,31.95,38763
-412.02,32.56,38775
23.56,30.91,38787
2979.30,29.51,38799
-411.05,29.18,38810
-411.21,29.77,38821
-410.12,31.65,38834
-405.76,33.00,38845
-404.95,31.52,38857
-411.95,29.52,38868
-411.49,27.86,38881
-407.40,27.72,38892
-413.31,29.98,38904
-409.75,32.22,38916
-407.17,33.15,38928
-406.82,32.09,38939
-407.32,29.65,38951
-409.04,29.13,38963
-413.35,28.78,38974
-409.33,30.62,38986
-410.43,32.22,38998
-404.67,31.31,39010
-406.77,30.11,39021
-412.17,28.53,39033
-412.89,28.34,39045
-408.27,29.69,39057
-411.99,32.00,39068
-409.18,33.33,39080
-405.00,31.87,39092
-408.16,30.37,391