953638.00
12729.00
-422.42,35.04,1134
-432.16,32.91,1136
-398.61,29.18,1147
-406.33,29.71,1160
-418.35,34.20,1171
-423.23,37.38,1183
-428.73,36.12,1195
-388.45,32.17,1207
-379.72,29.15,1218
-414.42,30.96,1230
-418.38,34.90,1242
-428.97,35.40,1254
-424.49,33.43,1265
-378.74,29.84,1276
-385.83,29.54,1289
-418.75,33.97,1300
-417.60,37.03,1312
-430.94,36.82,1324
-411.48,32.59,1336
-371.54,28.95,1347
-396.60,30.43,1359
-421.79,34.10,1371
-422.48,35.44,1383
-433.33,33.74,1394
-397.33,30.21,1406
-374.54,29.63,1418
-407.51,33.71,1429
-417.11,36.99,1441
-423.68,36.78,1453
-428.10,32.96,1465
-384.17,28.59,1476
-382.53,29.81,1488
-416.64,33.67,1500
-416.43,35.76,1512
-427.71,34.88,1523
-420.76,30.76,1536
-390.51,29.72,1547
-415.24,32.79,1559
-416.15,36.40,1570
-433.45,37.34,1582
-409.13,33.60,1594
-370.19,29.35,1605
-400.39,29.11,1617
-420.37,33.04,1629
-421.74,35.76,1641
-432.87,34.97,1652
-393.14,31.62,1665
-374.21,29.41,1676
-411.29,32.37,1688
-416.79,36.23,1699
-422.20,37.03,1712
-426.11,34.22,1723
-384.58,29.46,1734
-385.09,28.80,1746
-417.09,32.02,1758
-415.54,35.26,1770
-429.93,35.57,1781
-421.38,32.14,1794
-377.69,29.76,1805
-389.09,31.40,1817
-415.95,35.32,1828
-418.97,37.01,1841
-436.04,34.36,1852
-406.38,30.35,1864
-370.16,28.70,1875
-401.45,31.84,1887
-421.19,35.74,1899
-423.61,35.57,1910
-430.91,32.79,1923
-390.55,30.09,1934
-412.73,30.73,1946
-418.06,35.01,1957
-423.18,36.55,1970
-425.53,34.46,1981
-383.47,30.72,1993
-385.27,28.71,2004
-415.86,31.51,2017
-413.49,35.19,2028
-430.28,36.06,2039
-420.39,33.00,2052
-376.35,30.09,2063
-389.65,30.36,2075
-416.54,34.59,2086
-419.59,37.28,2099
-433.58,35.04,2110
-403.77,31.38,2122
-370.83,28.45,2134
-403.75,30.43,2146
-423.27,34.83,2157
-421.33,35.55,2169
-428.74,33.49,2181
-391.31,30.26,2192
-377.30,30.16,2204
-413.48,34.19,2215
-415.57,37.38,2228
-420.45,35.96,2239
-424.75,31.76,2251
-385.48,28.48,2263
-385.53,29.40,2275
-414.34,34.60,2286
-416.13,36.48,2298
-431.33,34.85,2310
-417.34,31.06,2322
-392.56,29.60,2333
-418.48,33.24,2344
-421.66,36.75,2357
-432.01,36.28,2368
-397.91,32.62,2380
-374.13,29.04,2392
-408.48,29.39,2404
-417.68,33.86,2415
-422.41,36.36,2427
-428.18,35.07,2439
-387.73,31.31,2451
-381.76,29.51,2462
-413.59,31.93,2475
-412.05,36.24,2486
-427.37,36.69,2497
-424.98,33.47,2509
-378.96,29.34,2521
-387.57,28.68,2533
-415.25,33.08,2544
-418.51,35.93,2556
-433.70,35.67,2568
-412.59,32.32,2580
-370.91,29.61,2591
-392.80,31.93,2604
-420.74,35.34,2615
-422.72,36.42,2627
-431.82,33.50,2638
-398.57,29.60,2650
-374.67,29.21,2662
-408.29,32.86,2673
-418.80,36.01,2685
-420.97,35.98,2697
-425.90,32.34,2709
-380.89,29.78,2720
-412.30,30.71,2733
-415.02,34.57,2744
-428.38,36.74,2756
-423.15,34.16,2767
-380.07,30.84,2780
-385.30,29.27,2791
-415.53,32.18,2802
-417.38,35.94,2814
-432.84,35.76,2826
-413.53,32.66,2838
-372.73,29.38,2849
-396.24,30.33,2862
-420.34,34.06,2873
-421.36,36.95,2885
-432.60,34.96,2896
-397.00,30.73,2909
-373.01,29.54,2920
-410.18,31.44,2932
-419.31,35.68,2944
-420.89,36.33,2955
-427.89,32.89,2967
-388.53,29.80,2978
-381.57,29.56,2991
-416.39,33.65,3002
-413.41,36.87,3014
-426.58,35.92,3025
-424.77,31.99,3038
-377.98,29.08,3049
-386.11,31.03,3061
-416.60,34.95,3073
-415.78,36.70,3085
-436.83,33.42,3096
-411.05,30.01,3107
-399.09,29.46,3120
-421.23,32.85,3131
-420.35,37.15,3143
-429.99,36.09,3154
-392.96,32.45,3167
-374.82,29.53,3178
-413.30,30.01,3190
-417.24,34.66,3202
-422.15,36.16,3214
-425.70,33.96,3225
-388.54,30.46,3237
-384.99,28.99,3249
-411.19,32.76,3260
-412.52,36.70,3272
-432.20,36.85,3283
-421.98,33.36,3296
-374.76,29.22,3307
-387.92,29.33,3319
-415.97,33.61,3331
-421.46,36.35,3343
-436.63,34.54,3354
-404.47,31.02,3366
-371.73,29.23,3378
-402.26,31.88,3390
-420.45,36.52,3401
-420.71,36.80,3412
-428.36,33.74,3425
-393.40,29.79,3436
-378.49,28.99,3448
-412.82,33.01,3460
-416.92,35.84,3472
-421.86,35.32,3483
-427.65,31.96,3495
-381.64,29.48,3507
-411.80,31.37,3519
-414.59,35.41,3530
-431.28,36.67,3543
-421.31,33.84,3554
-377.71,29.92,3565
-387.97,28.79,3577
-418.33,32.83,3589
-422.49,36.61,3601
-432.63,36.16,3612
-403.73,32.68,3624
-371.21,29.59,3636
-402.49,30.85,3648
-422.54,34.84,3659
-420.92,36.44,3672
-427.27,34.35,3683
-393.04,30.62,3695
-381.10,28.75,3706
-411.87,31.89,3718
-415.41,35.68,3730
-422.81,36.29,3741
-425.48,33.39,3753
-385.50,29.94,3765
-384.19,29.90,3777
-412.02,33.88,3788
-415.89,36.52,3801
-433.23,34.60,3812
-418.81,31.09,3824
-373.86,28.51,3835
-389.70,31.40,3848
-418.41,35.78,3859
-422.14,36.50,3870
-432.28,34.20,3883
-399.43,29.78,3894
-407.71,29.83,3906
-421.27,33.66,3917
-419.19,35.73,3930
-428.11,35.61,3941
-391.74,31.99,3953
-379.58,29.31,3964
-413.80,31.38,3977
-411.27,34.95,3988
-422.67,36.71,4000
-429.38,34.58,4012
-383.84,30.33,4023
-381.88,29.23,4035
-414.02,32.81,4046
-418.24,35.68,4059
-434.14,36.21,4070
-417.46,32.52,4082
-370.18,29.30,4093
-392.94,30.99,4106
-421.57,35.01,4117
-419.87,36.70,4129
-432.00,34.98,4141
-399.42,30.29,4153
-373.84,28.87,4164
-408.66,31.94,4175
-419.66,35.05,4188
-419.63,36.25,4199
-427.71,33.42,4211
-391.37,30.41,4222
-382.47,30.52,4235
-410.39,33.80,4246
-413.47,36.32,4258
-427.31,35.08,4270
-426.65,31.07,4282
-385.36,28.60,4293
-412.16,31.14,4305
-419.17,35.25,4317
-433.10,36.83,4328
-412.97,34.22,4340
-374.31,30.35,4352
-392.67,29.76,4364
-420.28,33.23,4375
-424.56,36.05,4387
-428.49,35.10,4399
-399.85,31.73,4411
-377.11,29.47,4422
-406.10,30.95,4434
-420.54,35.12,4446
-420.84,36.41,4458
-424.19,34.20,4469
-392.86,30.87,4481
-382.90,29.37,4493
-411.81,32.48,4504
-414.77,35.61,4516
-425.21,35.45,4528
-427.92,32.58,4540
-383.73,28.71,4551
-382.97,30.04,4563
-415.08,34.24,4575
-417.67,36.68,4587
-433.75,35.60,4598
-413.72,31.44,4611
-371.55,29.24,4622
-395.41,31.76,4633
-420.92,35.10,4645
-420.10,35.82,4657
-431.21,32.95,4669
-372.56,29.99,4680
-407.69,30.19,4692
-418.17,34.02,4704
-418.85,36.69,4716
-428.67,35.49,4727
-392.85,32.07,4740
-380.16,29.21,4751
-410.79,31.11,4763
-413.18,34.57,4774
-427.42,36.27,4786
-426.01,34.25,4798
-380.66,30.19,4809
-384.75,29.67,4822
-415.91,32.60,4833
-418.81,36.20,4845
-433.91,35.81,4856
-411.06,32.20,4869
-370.92,29.81,4880
-397.40,30.53,4892
-420.01,34.80,4903
-417.99,35.97,4916
-432.07,34.28,4927
-399.20,30.88,4938
-374.42,29.22,4951
-407.29,32.83,4962
-416.11,35.74,4974
-419.97,36.29,4985
-431.36,33.26,4998
-391.29,29.20,5009
-378.40,30.22,5021
-412.77,33.60,5032
-415.35,36.12,5045
-428.07,35.32,5056
-426.19,31.41,5068
-383.65,29.71,5080
-417.91,31.90,5091
-417.82,35.22,5103
-430.04,35.91,5114
-411.92,33.12,5127
-374.23,29.58,5138
-398.27,29.80,5150
-419.95,33.61,5161
-419.01,36.13,5174
-428.78,35.58,5185
-401.63,32.00,5197
-377.03,29.55,5209
-405.32,31.44,5221
-416.35,34.67,5232
-420.48,36.32,5243
-431.98,33.99,5256
-393.30,29.95,5267
-377.34,29.16,5279
-410.68,32.43,5291
-415.84,35.94,5303
-429.07,35.97,5314
-423.20,32.98,5326
-379.60,29.51,5338
-385.79,30.84,5350
-417.74,34.24,5361
-419.50,36.21,5373
-430.25,34.05,5385
-412.14,30.28,5396
-376.07,28.93,5408
-397.76,31.99,5420
-421.06,35.83,5432
-418.32,36.50,5443
-428.22,33.25,5455
-376.80,29.56,5467
-404.97,29.70,5479
-416.94,33.54,5490
-420.71,36.40,5502
-429.33,35.58,5514
-391.19,31.39,5526
-379.01,29.30,5537
-411.77,774.17,5549
-398.54,31.01,5558
-418.16,34.90,5567
-427.36,36.60,5572
-422.63,33.79,5584
-379.44,30.48,5596
-384.61,29.77,5608
-417.17,33.31,5619
-417.64,36.39,5632
-427.60,35.60,5643
-413.25,31.96,5655
-374.97,28.83,5666
-397.04,30.50,5679
-420.50,34.14,5690
-416.45,37.29,5701
-429.15,35.09,5713
-402.28,31.07,5725
-375.09,29.97,5737
-403.72,31.75,5748
-418.00,35.98,5761
-422.75,35.80,5772
-428.56,32.46,5784
-391.16,29.79,5795
-379.47,29.48,5808
-411.55,33.89,5819
-417.06,36.66,5831
-428.64,35.27,5842
-377.36,32.03,5854
-387.28,29.51,5866
-417.25,31.54,5877
-418.57,34.83,5890
-429.42,36.01,5901
-413.96,32.79,5913
-375.46,30.25,5924
-397.76,29.46,5937
-419.91,33.13,5948
-415.99,36.51,5960
-431.09,35.58,5971
-403.98,32.57,5984
-374.93,29.67,5995
-405.58,30.63,6006
-417.89,34.60,6019
-421.18,35.89,6030
-433.91,34.04,6042
-390.18,31.15,6053
-375.71,29.79,6066
-412.25,33.08,6077
-415.95,35.86,6089
-427.27,35.44,6100
-425.59,32.37,6113
-378.03,29.26,6124
-385.58,30.41,6136
-419.56,34.32,6148
-414.96,36.35,6159
-428.59,34.74,6171
-414.49,31.16,6182
-373.41,29.72,6195
-397.58,32.15,6206
-419.97,35.61,6218
-415.94,35.67,6230
-430.94,32.90,6242
-373.92,29.67,6253
-403.65,30.43,6265
-416.97,33.26,6277
-419.81,36.90,6289
-431.18,34.74,6300
-391.78,31.26,6311
-378.43,29.37,6324
-410.85,30.73,6335
-417.58,35.08,6347
-428.08,36.14,6359
-422.36,33.37,6371
-381.10,30.84,6382
-388.23,30.05,6394
-415.98,33.58,6406
-416.82,36.92,6418
-431.47,35.28,6429
-412.45,32.36,6441
-378.15,28.96,6453
-398.73,30.34,6464
-419.91,34.17,6476
-415.20,36.39,6488
-430.08,34.80,6500
-405.90,31.42,6511
-374.05,29.95,6523
-404.93,32.39,6535
-417.39,35.95,6547
-419.12,35.41,6558
-431.06,32.28,6571
-396.23,29.17,6582
-375.88,29.78,6594
-411.93,34.29,6605
-419.40,36.82,6618
-423.06,35.21,6629
-382.76,31.55,6640
-382.34,29.16,6652
-417.49,31.50,6664
-419.93,35.58,6676
-428.20,36.18,6687
-410.92,33.58,6700
-377.12,29.89,6711
-396.93,29.67,6723
-419.33,33.33,6734
-415.72,36.12,6747
-431.39,35.45,6758
-401.83,32.07,6770
-376.45,29.82,6781
-408.06,30.80,6794
-410.93,35.63,6805
-421.52,36.13,6816
-434.87,33.98,6829
-387.96,29.89,6840
-379.04,28.61,6852
-415.03,32.57,6863
-415.03,36.20,6876
-428.66,36.26,6887
-423.06,33.01,6899
-377.40,29.50,6910
-389.01,30.24,6923
-418.13,34.09,6934
-416.37,36.34,6946
-430.26,34.71,6958
-411.50,31.22,6969
-376.63,29.29,6981
-397.65,32.08,6992
-415.60,35.33,7005
-419.78,35.87,7016
-402.90,33.17,7028
-378.54,29.73,7040
-402.43,30.30,7052
-415.68,33.89,7063
-423.44,36.97,7075
-428.51,35.54,7087
-390.70,31.79,7099
-378.98,29.14,7110
-409.88,30.59,7122
-419.06,34.74,7134
-427.32,35.76,7145
-421.64,33.64,7157
-382.29,30.53,7169
-387.12,29.67,7181
-415.53,33.34,7192
-415.75,36.34,7204
-427.56,35.65,7216
-416.09,32.17,7228
-378.26,29.19,7239
-394.70,29.87,7251
-417.70,34.77,7263
-418.50,36.07,7275
-431.97,34.51,7286
-404.94,31.32,7298
-373.30,29.07,7310
-403.08,32.87,7321
-418.96,35.67,7333
-421.99,35.89,7345
-431.00,33.02,7357
-391.55,29.30,7368
-379.68,29.96,7380
-414.40,33.63,7392
-418.59,35.97,7404
-422.71,35.01,7415
-382.89,31.74,7428
-387.98,29.84,7439
-417.04,32.03,7450
-412.67,35.49,7462
-428.98,35.95,7474
-419.00,33.15,7486
-380.05,29.50,7497
-392.94,28.84,7510
-415.25,33.21,7521
-419.76,36.48,7533
-432.07,35.84,7544
-403.64,32.62,7557
-373.10,29.57,7568
-401.55,31.21,7580
-420.35,34.94,7591
-423.70,35.99,7603
-427.97,33.56,7615
-391.53,30.24,7626
-381.10,29.39,7639
-412.25,32.85,7650
-416.37,36.45,7662
-422.87,35.74,7673
-422.32,32.71,7686
-386.71,29.60,7697
-389.16,30.16,7709
-412.33,34.59,7720
-414.67,36.36,7733
-429.64,34.83,7744
-416.53,30.57,7755
-377.79,28.50,7768
-393.48,31.58,7779
-416.98,35.52,7791
-420.06,36.71,7802
-401.47,33.54,7815
-374.16,29.98,7826
-402.57,29.71,7838
-419.14,33.65,7849
-421.95,36.39,7862
-428.90,35.16,7873
-390.61,31.23,7885
-380.30,28.81,7897
-413.05,30.69,7908
-414.63,35.38,7920
-423.61,37.02,7931
-423.31,34.57,7944
-384.35,30.91,7955
-384.55,29.21,7967
-415.34,32.74,7979
-417.21,36.07,7991
-428.81,35.68,8002
-417.32,32.22,8014
-378.07,29.24,8026
-389.51,30.16,8038
-418.92,34.60,8049
-423.00,36.85,8060
-429.85,34.85,8073
-401.27,31.44,8084
-375.64,29.53,8096
-403.87,31.81,8108
-420.68,35.46,8120
-421.37,35.25,8131
-426.02,32.75,8143
-393.73,29.76,8155
-382.05,29.62,8167
-411.50,34.13,8178
-415.25,36.57,8190
-426.78,35.39,8202
-386.80,32.09,8213
-383.35,29.20,8225
-414.78,31.15,8237
-418.69,35.23,8249
-431.40,35.62,8260
-419.43,33.86,8272
-374.22,29.48,8284
-389.46,29.71,8296
-423.90,33.23,8307
-419.09,36.48,8320
-428.01,36.07,8331
-405.09,32.27,8343
-371.96,29.99,8354
-407.77,29.98,8366
-419.67,34.57,8378
-416.82,35.10,8389
-430.15,34.18,8401
-399.25,30.81,8413
-376.06,29.46,8425
-409.30,33.21,8436
-415.30,35.89,8449
-423.09,36.46,8460
-428.85,32.64,8472
-382.68,29.64,8483
-381.03,29.82,8496
-415.11,33.48,8507
-420.28,36.26,8518
-429.72,33.99,8530
-413.00,31.61,8542
-377.50,29.48,8554
-395.41,32.03,8565
-417.73,35.93,8578
-429.09,35.88,8589
-405.34,33.66,8601
-380.18,29.82,8612
-400.55,30.19,8625
-413.06,33.65,8636
-425.64,35.90,8648
-428.50,34.97,8659
-394.13,31.45,8671
-379.86,28.99,8683
-406.00,31.42,8694
-417.59,35.42,8707
-428.40,37.14,8718
-422.86,34.05,8730
-382.61,30.54,8741
-385.13,28.97,8754
-416.11,32.86,8765
-419.24,35.84,8777
-425.85,35.73,8788
-416.06,32.13,8801
-378.21,29.92,8812
-393.04,30.40,8823
-420.85,35.15,8836
-414.60,36.46,8847
-427.47,34.78,8859
-411.03,30.98,8870
-376.12,29.37,8883
-397.72,32.21,8894
-420.52,35.81,8906
-420.21,35.95,8918
-430.12,32.65,8930
-396.97,29.34,8941
-375.20,29.58,8953
-409.45,34.15,8965
-421.93,36.97,8976
-421.72,35.66,8988
-382.83,31.98,8999
-384.70,29.32,9012
-417.07,31.07,9023
-418.53,34.92,9035
-428.68,35.26,9047
-415.76,33.19,9059
-378.07,29.75,9070
-396.28,29.28,9082
-418.55,33.83,9094
-413.07,36.73,9106
-431.76,36.39,9117
-407.57,32.73,9128
-371.73,29.37,9141
-404.12,30.25,9152
-418.25,34.26,9164
-419.79,35.99,9176
-434.85,33.65,9188
-393.07,31.03,9199
-374.43,29.07,9211
-410.39,32.93,9223
-417.25,36.67,9235
-423.81,36.20,9246
-425.21,33.69,9259
-381.16,29.40,9270
-383.82,30.31,9281
-418.45,33.68,9293
-414.01,35.54,9305
-428.55,34.41,9317
-417.06,30.70,9328
-375.51,29.29,9340
-395.48,31.91,9352
-416.81,35.88,9364
-432.07,36.77,9375
-406.92,33.95,9388
-373.57,30.51,9399
-401.25,29.71,9411
-416.86,33.22,9422
-423.29,35.53,9434
-433.02,34.53,9446
-393.03,31.43,9457
-375.01,28.95,9469
-412.13,31.63,9481
-418.65,35.38,9493
-424.54,36.65,9504
-421.64,34.41,9517
-382.31,30.68,9528
-387.52,29.80,9540
-418.45,32.97,9551
-416.27,35.36,9564
-426.37,35.41,9575
-417.52,31.66,9586
-380.72,29.69,9598
-394.48,30.43,9610
-416.68,34.82,9622
-414.78,37.05,9633
-433.98,34.66,9646
-405.80,31.74,9657
-374.61,28.95,9669
-400.03,32.46,9680
-418.46,35.09,9693
-422.93,35.09,9704
-431.45,32.54,9716
-391.08,29.14,9728
-376.41,30.25,9739
-413.55,34.67,9751
-423.28,36.96,9762
-423.23,35.34,9775
-383.00,32.01,9786
-386.50,28.77,9798
-417.59,31.39,9809
-414.30,35.17,9822
-426.42,35.45,9833
-420.14,33.81,9845
-379.23,29.92,9857
-390.26,29.67,9869
-416.13,34.00,9880
-418.79,36.17,9891
-429.71,36.03,9904
-406.82,32.76,9915
-373.89,29.02,9927
-399.85,30.90,9938
-422.32,34.53,9951
-420.78,36.01,9962
-427.01,34.44,9974
-395.30,30.31,9986
-377.74,29.37,9998
-409.83,33.12,10009
-418.78,36.21,10021
-422.85,36.10,10033
-422.16,33.26,10044
-385.24,29.23,10056
-383.76,29.99,10067
-415.71,33.92,10080
-417.24,35.60,10091
-428.46,34.89,10103
-417.02,31.16,10115
-377.38,29.49,10127
-391.48,32.60,10138
-416.25,35.78,10150
-431.22,36.51,10162
-403.76,33.73,10174
-373.25,29.67,10185
-404.24,29.59,10196
-420.42,33.34,10209
-419.82,35.59,10220
-427.75,35.24,10232
-396.33,31.83,10244
-376.86,29.66,10256
-409.57,31.99,10267
-417.41,35.32,10279
-422.14,36.74,10291
-426.51,34.19,10303
-387.27,29.98,10314
-384.07,28.99,10327
-414.00,32.29,10338
-417.93,35.30,10349
-428.67,35.74,10361
-416.56,32.55,10373
-378.98,29.58,10385
-391.25,31.33,10396
-417.54,34.84,10408
-415.53,36.86,10420
-430.34,35.06,10432
-406.82,30.61,10443
-374.10,28.96,10456
-402.12,31.95,10467
-421.08,35.10,10479
-417.81,36.09,10490
-431.34,33.47,10502
-397.70,29.84,10514
-373.19,30.79,10525
-411.88,34.11,10537
-419.43,36.37,10549
-427.15,35.58,10561
-388.63,30.90,10572
-382.20,29.09,10585
-417.41,30.99,10596
-415.53,34.49,10608
-425.00,37.01,10619
-420.94,34.11,10632
-378.31,30.54,10643
-389.06,30.17,10654
-417.16,33.01,10667
-416.41,36.38,10678
-433.98,35.44,10690
-408.37,31.64,10701
-373.62,29.01,10714
-403.28,30.08,10725
-420.27,34.29,10737
-418.60,36.61,10748
-431.83,34.95,10761
-394.96,31.27,10772
-374.99,29.92,10784
-413.61,32.17,10796
-417.52,35.49,10807
-420.16,35.83,10819
-430.31,32.13,10830
-390.12,29.67,10843
-379.45,29.69,10854
-414.66,33.76,10866
-416.71,37.15,10877
-426.89,35.30,10890
-421.77,32.20,10901
-379.61,29.40,10913
-387.73,30.98,10925
-421.13,35.34,10937
-432.31,35.15,10948
-408.03,33.61,10959
-375.11,29.95,10972
-401.73,29.85,10983
-418.28,34.15,10995
-418.39,36.38,11006
-429.39,35.98,11019
-396.49,32.34,11030
-378.86,29.08,11042
-410.97,31.21,11054
-414.52,33.52,11066
-420.22,36.52,11077
-434.93,33.49,11089
-388.20,30.63,11101
-379.06,29.94,11112
-415.92,32.45,11124
-413.48,37.10,11136
-428.38,36.04,11148
-422.36,33.10,11159
-376.52,29.25,11171
-386.51,29.71,11183
-420.99,33.75,11195
-418.22,35.72,11206
-431.64,34.24,11218
-407.55,31.06,11230
-373.94,29.90,11242
-402.61,32.62,11253
-417.29,36.35,11265
-416.26,36.43,11277
-427.78,33.02,11288
-399.86,29.50,11300
-379.08,28.72,11312
-408.94,32.87,11324
-421.99,35.82,11335
-429.08,35.34,11347
-389.47,32.68,11359
-381.38,29.92,11371
-409.66,30.98,11382
-414.69,36.51,11395
-426.69,35.68,11406
-422.12,35.02,11417
-381.86,29.56,11429
-385.43,28.50,11441
-421.00,32.23,11453
-416.21,35.30,11464
-428.97,36.29,11476
-414.14,33.02,11488
-373.37,30.03,11500
-396.33,30.84,11511
-421.11,35.11,11524
-415.28,36.16,11535
-428.80,34.69,11547
-406.05,30.27,11558
-374.06,27.87,11570
-407.83,31.50,11582
-420.55,35.10,11593
-417.37,36.57,11606
-430.78,34.50,11617
-389.72,30.29,11629
-377.27,30.53,11640
-414.05,33.55,11653
-417.22,36.07,11664
-423.94,34.99,11676
-426.13,31.04,11687
-382.21,28.99,11700
-386.04,30.49,11711
-418.79,34.93,11722
-429.36,36.64,11735
-408.25,34.79,11746
-377.28,31.29,11758
-398.44,29.92,11769
-414.94,32.99,11782
-420.09,35.42,11793
-430.36,35.29,11805
-401.49,31.91,11816
-378.26,28.92,11829
-403.42,30.25,11840
-415.75,33.78,11852
-422.42,36.72,11864
-429.73,35.01,11875
-390.89,31.64,11887
-378.40,30.44,11898
-411.60,32.09,11911
-417.04,35.88,11922
-426.13,35.72,11934
-423.34,32.47,11945
-381.95,29.69,11958
-384.96,29.44,11969
-417.98,33.37,11981
-417.53,36.16,11993
-426.63,35.20,12005
-416.31,31.84,12016
-377.35,29.85,12027
-393.34,31.49,12040
-418.29,35.36,12051
-415.85,36.45,12063
-429.31,33.50,12075
-406.52,30.18,12087
-374.52,28.89,12098
-403.16,32.33,12110
-419.85,35.86,12122
-429.02,35.35,12134
-394.26,32.82,12145
-377.52,30.34,12157
-410.99,31.22,12169
-415.49,35.09,12180
-423.96,36.43,12192
-425.35,33.93,12204
-385.51,30.54,12216
-384.68,28.85,12227
-417.35,32.24,12239
-416.52,35.11,12251
-426.34,36.96,12263
-417.56,32.28,12274
-375.38,30.64,12286
-395.65,30.38,12298
-414.95,33.86,12310
-418.85,37.06,12321
-431.02,34.71,12333
-402.55,30.90,12345
-381.70,28.81,12356
-401.32,30.30,12368
-415.63,34.93,12380
-423.13,36.73,12392
-430.39,33.93,12403
-393.26,31.00,12416
-378.88,30.19,12427
-406.71,33.77,12439
-417.06,36.06,12450
-427.50,35.00,12463
-422.99,30.57,12474
-385.15,28.66,12485
-384.05,30.22,12497
-418.75,34.73,12509
-424.49,37.54,12521
-413.91,34.77,12532
-378.76,32.12,12545
-393.30,29.45,12556
-419.66,32.28,12568
-414.78,35.73,12579
-425.67,34.87,12592
-414.61,32.56,12603
-375.82,28.97,12615
-398.68,29.62,12626
-420.69,33.99,12638
-418.86,36.70,12650
-430.98,35.68,12661
-396.42,31.99,12674
-373.77,30.02,12685
-410.17,31.70,12697
-420.68,35.15,12708
-427.05,35.20,12721
-423.76,32.50,12732
-382.31,29.19,12744
-386.95,29.07,12755
-419.67,33.59,12768
-415.95,36.33,12779
-426.77,36.16,12790
-416.02,32.92,12803
-378.54,29.91,12814
-396.67,31.32,12826
-417.09,34.18,12837
-412.30,35.69,12850
-435.42,33.50,12861
-409.83,30.12,12873
-376.32,29.15,12884
-414.72,32.68,12897
-421.45,35.88,12908
-434.69,36.34,12920
-394.05,32.87,12932
-373.62,29.68,12943
-409.12,30.82,12955
-420.45,33.98,12966
-425.40,36.06,12979
-423.89,34.13,12990
-385.05,30.46,13002
-385.32,28.97,13014
-416.95,31.82,13026
-415.46,35.83,13037
-425.46,36.58,13049
-419.13,34.01,13061
-380.24,30.35,13073
-391.98,30.20,13084
-415.67,33.19,13095
-414.57,35.63,13108
-433.57,34.76,13119
-411.14,30.89,13131
-375.64,29.48,13143
-398.59,31.50,13155
-416.63,35.18,13166
-420.17,37.07,13178
-432.64,33.81,13190
-396.56,30.39,13202
-373.20,29.81,13213
-409.77,33.14,13225
-421.04,36.08,13237
-422.57,35.18,13248
-426.15,31.44,13260
-385.53,29.06,13272
-385.12,30.48,13284
-411.35,34.54,13295
-425.57,36.60,13307
-421.75,35.06,13319
-379.67,31.25,13331
-390.43,30.07,13342
-417.45,32.04,13355
-414.40,35.13,13366
-432.44,35.32,13378
-415.10,31.65,13389
-373.88,29.05,13401
-399.24,29.70,13413
-420.53,34.16,13424
-420.95,37.13,13436
-429.72,35.40,13448
-395.57,31.69,13460
-375.04,29.37,13471
-411.72,31.24,13484
-419.59,34.62,13495
-423.56,35.69,13507
-424.99,32.94,13518
-388.43,29.92,13531
-386.88,29.90,13542
-415.30,32.99,13553
-411.01,37.02,13565
-425.83,36.14,13577
-422.31,32.80,13589
-381.16,30.07,13600
-388.76,30.16,13613
-415.99,34.32,13624
-416.16,35.49,13636
-437.39,33.22,13647
-411.53,30.42,13660
-369.63,29.55,13671
-420.04,33.44,13683
-417.07,37.03,13694
-429.43,36.96,13706
-396.45,33.24,13718
-376.02,29.33,13729
-410.70,29.29,13742
-418.27,32.80,13753
-421.20,35.13,13765
-428.28,34.12,13776
-390.19,31.54,13789
-382.04,30.32,13800
-411.25,32.90,13812
-412.49,36.62,13824
-426.42,36.89,13836
-422.75,33.26,13847
-380.72,29.56,13858
-389.81,28.65,13871
-417.03,32.60,13882
-416.17,35.87,13894
-432.24,35.06,13905
-411.46,32.31,13918
-372.21,29.88,13929
-398.03,32.00,13941
-417.13,35.84,13953
-416.27,36.76,13965
-432.50,34.35,13976
-400.19,30.22,13988
-376.64,27.67,14000
-407.56,33.26,14011
-417.71,33.87,14023
-420.24,36.57,14034
-431.22,32.74,14047
-390.50,29.87,14058
-375.18,32.14,14070
-411.83,34.81,14082
-426.36,36.91,14094
-427.95,34.19,14105
-376.10,30.20,14117
-387.60,27.99,14129
-422.06,31.86,14141
-413.47,35.32,14152
-431.29,36.17,14163
-411.50,34.57,14176
-369.73,30.31,14187
-402.70,30.76,14199
-418.64,33.93,14211
-414.09,35.32,14223
-433.93,34.82,14234
-399.79,31.20,14246
-378.69,29.02,14258
-405.10,31.58,14270
-413.42,35.15,14281
-421.02,36.32,14294
-431.60,33.84,14305
-390.25,29.99,14316
-383.36,29.62,14328
-408.65,33.71,14340
-416.24,36.11,14352
-431.83,36.31,14363
-415.99,32.14,14375
-382.99,28.79,14387
-388.09,31.03,14399
-412.65,33.78,14410
-424.85,36.26,14423
-427.50,34.84,14434
-406.67,30.57,14446
-381.91,30.13,14457
-416.57,32.62,14469
-417.86,35.91,14481
-427.90,36.23,14492
-403.40,32.59,14504
-380.05,29.05,14516
-404.36,29.63,14528
-415.89,33.88,14539
-421.78,36.29,14552
-430.67,35.73,14563
-392.63,31.41,14575
-375.47,29.43,14586
-412.99,32.14,14599
-421.37,34.94,14610
-421.49,36.80,14621
-422.09,33.57,14633
-382.06,29.61,14645
-384.66,29.60,14657
-421.93,32.29,14668
-417.40,35.48,14681
-422.41,35.34,14692
-415.24,32.27,14704
-380.79,29.92,14715
-394.27,31.87,14728
-416.26,35.02,14739
-416.63,36.65,14751
-431.40,34.52,14763
-404.92,29.52,14774
-375.67,29.14,14786
-400.58,31.82,14797
-417.04,35.43,14810
-426.93,36.46,14821
-429.07,32.46,14833
-387.56,30.02,14844
-376.46,30.93,14857
-417.92,34.35,14868
-423.82,36.72,14880
-421.22,34.69,14892
-381.12,30.78,14904
-388.40,29.18,14915
-417.30,31.37,14926
-415.24,34.99,14939
-428.20,35.89,14950
-416.83,33.01,14962
-378.62,30.20,14973
-392.57,30.56,14986
-415.31,34.22,14997
-418.55,37.14,15009
-429.71,35.66,15021
-405.35,31.34,15033
-376.32,28.88,15044
-399.64,30.30,15056
-418.40,34.04,15068
-424.02,36.33,15079
-427.70,34.00,15091
-390.27,30.56,15102
-378.70,30.51,15115
-410.30,33.50,15126
-416.66,36.59,15138
-424.67,35.53,15150
-421.68,31.74,15162
-383.43,29.11,15173
-387.78,29.76,15185
-417.10,33.73,15197
-415.65,36.27,15209
-427.87,34.32,15220
-417.54,31.38,15232
-376.79,30.14,15244
-418.55,32.58,15255
-416.85,36.33,15267
-430.28,36.48,15279
-408.41,32.53,15291
-375.12,29.25,15302
-402.19,29.32,15314
-420.95,32.86,15326
-422.52,36.29,15338
-427.07,34.91,15349
-392.98,31.76,15362
-377.58,30.17,15373
-409.00,32.04,15384
-417.98,36.15,15396
-424.23,36.41,15408
-422.59,33.41,15420
-383.88,29.67,15431
-388.42,28.76,15443
-416.51,32.01,15455
-414.57,35.75,15467
-429.38,35.31,15478
-416.95,32.23,15491
-376.56,30.40,15502
-393.67,31.03,15514
-418.25,35.32,15525
-418.41,36.52,15537
-431.22,33.72,15549
-405.84,30.68,15560
-375.02,28.70,15572
-404.45,31.79,15584
-420.74,35.33,15596
-419.20,35.15,15607
-430.73,32.88,15620
-394.92,30.11,15631
-412.35,30.97,15643
-417.50,35.20,15654
-422.18,36.73,15667
-425.31,34.78,15678
-385.27,30.78,15689
-384.16,28.69,15702
-416.91,30.61,15713
-418.20,34.90,15725
-430.00,35.51,15736
-415.45,33.74,15749
-375.15,31.17,15760
-393.57,30.35,15772
-418.03,34.47,15783
-416.82,36.41,15796
-430.31,34.78,15807
-406.32,31.72,15819
-378.68,28.66,15831
-406.40,30.63,15842
-415.75,34.59,15854
-417.58,35.91,15865
-431.92,34.46,15878
-395.80,31.28,15889
-377.91,30.24,15901
-407.46,33.35,15912
-416.64,36.45,15925
-428.03,35.32,15936
-425.21,32.13,15948
-382.81,28.97,15960
-383.38,29.69,15972
-416.65,33.97,15983
-421.85,35.81,15994
-427.82,34.61,16007
-412.31,31.62,16018
-378.23,30.45,16030
-418.85,32.97,16041
-417.08,35.98,16054
-427.00,35.75,16065
-406.62,32.48,16077
-379.10,29.40,16089
-404.29,29.45,16101
-416.01,33.43,16112
-419.23,36.32,16124
-431.43,35.11,16136
-395.16,32.36,16147
-376.75,30.04,16159
-407.42,31.79,16171
-415.28,35.50,16183
-427.26,36.17,16194
-424.77,33.02,16206
-382.35,29.60,16218
-385.87,28.87,16230
-418.45,32.58,16241
-418.26,35.70,16253
-428.60,35.33,16265
-415.24,32.74,16277
-377.75,30.08,16288
-394.60,31.46,16300
-416.81,35.04,16312
-416.41,36.09,16323
-431.36,33.76,16335
-406.08,30.08,16347
-377.04,28.86,16359
-404.03,31.93,16370
-416.87,35.84,16382
-419.77,36.19,16394
-431.66,33.33,16406
-393.97,30.29,16417
-410.55,30.15,16430
-417.53,34.21,16441
-424.70,36.20,16452
-426.91,34.83,16464
-384.56,31.29,16476
-382.45,28.85,16488
-417.04,31.68,16499
-418.53,35.09,16512
-424.64,36.13,16523
-416.71,33.91,16535
-379.61,30.32,16546
-390.89,30.36,16559
-418.12,33.79,16570
-419.00,36.29,16582
-429.00,35.06,16593
-407.10,31.41,16605
-375.46,28.82,16617
-402.12,30.44,16628
-419.19,35.15,16641
-419.37,36.43,16652
-430.04,34.77,16664
-396.14,31.14,16675
-377.74,29.75,16688
-409.24,33.09,16699
-415.44,35.76,16711
-423.94,35.51,16722
-426.83,32.10,16735
-385.33,29.13,16746
-381.59,30.16,16757
-416.36,34.32,16770
-418.90,36.40,16781
-425.91,34.75,16793
-415.66,31.60,16804
-377.15,29.77,16817
-420.26,32.31,16828
-418.16,35.84,16840
-427.68,35.58,16851
-406.13,33.02,16864
-378.72,29.38,16875
-401.40,29.26,16887
-417.15,33.74,16899
-420.03,36.22,16910
-428.69,35.36,16922
-396.42,32.00,16933
-378.38,29.20,16946
-409.32,31.37,16957
-416.82,35.05,16969
-426.60,35.97,16980
-427.37,33.87,16993
-383.32,30.32,17004
-383.41,29.25,17016
-415.13,33.20,17028
-418.66,35.90,17040
-430.07,35.21,17051
-416.21,32.12,17062
-376.04,29.10,17075
-395.22,31.05,17086
-420.19,34.84,17098
-417.35,36.24,17110
-428.65,34.57,17122
-405.90,30.60,17133
-378.20,28.86,17145
-404.80,32.18,17157
-415.90,35.31,17169
-418.40,36.04,17180
-431.81,33.49,17192
-397.31,29.70,17204
-407.95,30.57,17215
-415.80,34.14,17227
-427.66,36.00,17239
-428.78,34.99,17251
-382.56,31.18,17262
-381.11,29.08,17274
-418.06,32.16,17286
-419.04,35.45,17298
-426.70,36.21,17309
-415.93,33.42,17321
-377.32,29.30,17333
-393.66,30.01,17345
-420.33,33.49,17356
-416.06,36.61,17368
-427.09,36.08,17380
-405.99,31.81,17391
-378.39,29.21,17403
-402.71,30.64,17415
-416.51,34.27,17427
-421.65,36.29,17438
-432.72,34.32,17451
-393.39,30.63,17462
-376.54,30.07,17474
-408.04,32.94,17485
-416.43,35.76,17498
-427.24,35.61,17509
-427.24,31.68,17520
-380.93,29.00,17532
-385.81,30.35,17544
-418.43,34.36,17556
-414.76,37.15,17567
-428.34,35.15,17580
-416.97,31.08,17591
-375.24,29.59,17603
-418.59,31.48,17614
-415.22,34.97,17627
-431.48,36.00,17638
-407.44,33.16,17650
-373.62,30.48,17661
-402.94,30.40,17673
-415.65,33.91,17685
-419.83,36.53,17696
-431.86,34.83,17709
-394.25,31.27,17720
-377.90,29.45,17732
-410.24,31.36,17743
-414.79,35.53,17756
-427.54,36.58,17767
-426.06,33.71,17779
-381.30,30.40,17790
-385.32,29.69,17803
-416.44,32.74,17814
-414.47,36.32,17825
-430.56,35.52,17838
-415.04,31.80,17849
-374.57,30.04,17861
-396.20,30.55,17872
-417.39,34.80,17885
-415.11,36.56,17896
-431.06,33.84,17908
-405.70,31.16,17920
-374.54,29.43,17932
-403.76,32.24,17943
-416.34,36.28,17955
-419.28,35.40,17967
-432.51,32.44,17978
-395.35,29.55,17990
-409.70,29.67,18001
-415.77,34.18,18014
-425.92,37.07,18025
-425.49,34.87,18037
-382.41,31.67,18049
-383.89,29.55,18061
-416.30,31.19,18072
-416.93,35.74,18084
-429.33,35.69,18096
-416.05,32.95,18108
-377.42,30.37,18119
-396.32,29.49,18130
-418.31,34.03,18143
-415.05,36.51,18154
-431.22,34.91,18166
-406.83,31.93,18178
-376.64,28.69,18190
-402.38,30.22,18201
-416.06,34.84,18213
-421.23,35.99,18225
-433.26,34.01,18237
-393.94,30.69,18248
-376.66,29.51,18260
-409.82,33.07,18272
-417.78,36.68,18283
-427.79,35.62,18295
-424.89,32.49,18307
-383.43,29.03,18319
-385.61,29.76,18330
-417.65,34.88,18342
-416.82,36.50,18354
-425.44,35.01,18366
-415.95,31.53,18377
-393.18,29.03,18390
-415.81,32.36,18401
-417.55,35.60,18413
-430.57,35.74,18424
-407.13,33.16,18436
-376.77,29.27,18448
-399.23,29.62,18459
-417.02,33.94,18471
-424.53,36.77,18483
-429.29,35.49,18495
-391.27,31.71,18506
-377.72,29.16,18519
-411.16,31.15,18530
-419.11,35.42,18542
-426.52,35.87,18553
-421.23,33.72,18566
-382.51,30.31,18577
-388.33,29.29,18588
-417.76,33.46,18600
-413.38,35.71,18612
-428.89,35.45,18624
-418.53,32.76,18635
-374.99,29.23,18648
-393.01,30.99,18659
-417.08,34.80,18671
-415.87,36.22,18682
-435.67,34.70,18695
-408.00,30.52,18706
-369.64,28.99,18717
-401.62,32.81,18729
-421.17,35.87,18741
-421.31,36.07,18753
-431.11,33.21,18764
-391.61,29.63,18777
-413.23,30.52,18788
-420.54,34.51,18800
-421.47,35.78,18811
-423.30,34.83,18824
-386.53,31.18,18835
-384.50,29.07,18847
-416.20,32.39,18859
-413.40,35.23,18870
-427.92,36.08,18882
-421.28,33.15,18893
-379.98,29.63,18906
-390.40,29.91,18917
-415.80,33.82,18929
-419.25,36.66,18940
-434.36,35.35,18953
-404.79,31.99,18964
-372.46,28.96,18976
-403.13,31.40,18988
-419.13,35.18,19000
-420.40,35.90,19011
-428.83,34.04,19022
-393.41,29.49,19035
-378.99,29.20,19046
-411.98,33.10,19058
-415.98,36.12,19069
-423.54,36.40,19082
-423.33,32.53,19093
-384.76,29.32,19105
-387.14,30.68,19117
-413.26,34.04,19129
-415.08,35.93,19140
-432.36,34.39,19152
-417.70,30.32,19164
-393.75,28.96,19176
-417.30,32.22,19187
-419.01,35.96,19198
-432.03,36.73,19211
-400.94,33.62,19222
-373.28,29.66,19234
-404.33,30.25,19246
-416.83,33.38,19258
-421.92,35.48,19269
-431.11,34.64,19281
-393.29,30.59,19293
-379.10,29.03,19305
-410.36,31.79,19316
-414.89,35.66,19328
-425.81,37.41,19340
-425.48,34.29,19351
-381.62,30.22,19363
-384.63,29.34,19375
-416.83,31.95,19387
-417.16,35.04,19398
-430.55,34.66,19410
-416.79,31.56,19422
-375.29,29.95,19434
-394.34,31.78,19445
-417.78,35.69,19458
-416.42,37.20,19469
-431.59,34.63,19480
-404.95,30.08,19492
-374.24,29.14,19504
-406.12,31.67,19516
-417.43,34.92,19527
-420.23,35.87,19539
-433.12,32.31,19551
-391.73,30.04,19563
-412.62,30.93,19574
-415.76,34.48,19587
-425.23,37.30,19598
-425.91,35.03,19610
-381.28,30.85,19621
-385.80,29.11,19633
-418.25,30.99,19645
-414.72,34.55,19656
-429.48,35.63,19668
-416.65,33.11,19680
-374.25,30.36,19692
-395.87,30.77,19703
-416.87,34.24,19716
-412.37,37.02,19727
-432.46,35.70,19739
-406.65,31.58,19750
-372.61,29.15,19763
-404.79,30.32,19774
-417.63,34.20,19785
-420.04,36.04,19798
-432.41,33.54,19809
-393.17,30.92,19821
-375.68,30.20,19832
-410.84,33.42,19845
-418.63,37.01,19856
-424.46,36.04,19868
-423.63,32.52,19879
-384.15,29.58,19892
-384.59,30.09,19903
-417.88,33.65,19915
-419.10,35.56,19927
-427.92,33.68,19938
-415.99,30.61,19950
-391.89,29.83,19961
-416.62,32.74,19974
-418.41,36.73,19985
-429.76,36.58,19997
-405.55,32.86,20008
-376.36,29.57,20021
-401.36,28.92,20032
-418.68,32.94,20044
-423.62,35.54,20056
-430.39,34.28,20068
-393.16,31.70,20079
-377.11,29.86,20090
-411.47,32.80,20103
-416.93,36.36,20114
-420.44,37.00,20126
-424.82,33.95,20137
-383.82,29.44,20150
-385.38,28.75,20161
-419.93,31.95,20173
-415.03,35.31,20185
-428.22,35.00,20197
-421.03,31.95,20208
-375.96,29.99,20220
-390.71,31.76,20232
-418.46,36.32,20243
-416.56,37.69,20255
-431.11,34.49,20267
-405.06,30.13,20279
-372.50,28.11,20290
-405.15,31.13,20302
-422.15,34.60,20314
-423.45,35.07,20326
-428.12,32.93,20337
-390.68,30.55,20349
-412.33,31.95,20361
-414.15,35.80,20373
-422.69,37.43,20384
-424.09,34.62,20396
-384.14,30.25,20408
-386.93,27.97,20419
-417.54,30.52,20431
-414.14,35.27,20443
-431.51,35.94,20455
-417.15,33.79,20466
-373.94,30.82,20478
-392.35,30.65,20490
-418.01,34.78,20502
-418.41,36.91,20513
-432.41,35.31,20526
-401.39,31.27,20537
-374.93,28.30,20548
-405.86,30.19,20560
-420.72,34.16,20572
-424.29,35.66,20584
-428.79,34.21,20595
-389.46,31.25,20608
-379.28,30.74,20619
-410.52,34.50,20631
-414.48,37.06,20642
-427.19,35.32,20655
-423.89,31.27,20666
-383.43,27.82,20678
-389.92,28.96,20689
-416.43,34.01,20701
-418.11,35.91,20713
-432.39,35.04,20724
-412.98,31.95,20737
-394.10,30.44,20748
-419.21,33.70,20760
-419.43,36.26,20771
-433.18,35.52,20784
-403.01,32.10,20795
-375.24,28.48,20807
-407.83,29.25,20818
-420.26,33.61,20831
-423.22,36.05,20842
-429.84,34.94,20853
-390.89,31.89,20866
-379.42,30.25,20877
-411.40,32.94,20889
-416.44,36.61,20900
-426.62,36.38,20913
-424.18,33.49,20924
-383.82,28.99,20936
-387.20,28.38,20947
-415.90,32.66,20960
-419.34,35.41,20971
-433.12,35.62,20983
-411.48,32.46,20995
-372.67,30.37,21006
-396.54,32.71,21018
-419.66,35.58,21029
-417.24,36.13,21042
-429.85,33.24,21053
-401.51,28.98,21065
-376.49,28.59,21076
-409.71,32.14,21089
-418.82,35.48,21100
-418.18,36.19,21112
-429.19,33.50,21124
-398.22,30.25,21136
12268.36,31.73,21147
-415.91,34.93,21158
-427.62,36.46,21171
-425.03,34.61,21182
-380.29,29.45,21194
-383.87,28.54,21206
-417.23,31.30,21218
-419.64,34.85,21229
-430.26,36.58,21241
-411.18,33.68,21253
-372.55,31.17,21265
-394.56,32.06,21276
-419.59,34.90,21288
-416.63,36.57,21300
-428.33,34.66,21311
-403.64,29.77,21323
-378.18,28.25,21335
-407.47,30.73,21347
-419.48,34.56,21358
-416.42,37.00,21370
-427.31,34.57,21382
-394.48,31.50,21394
-377.41,31.26,21405
-407.20,33.54,21417
-416.81,36.40,21429
-428.15,35.05,21441
-425.86,30.26,21452
-381.46,28.04,21464
-385.51,29.84,21476
-417.87,34.23,21487
-421.49,37.23,21499
-429.84,34.92,21511
-411.05,31.75,21523
-396.97,30.98,21534
-419.51,33.35,21547
-417.80,36.66,21558
-430.48,35.16,21570
-402.79,31.01,21581
-377.76,28.01,21594
-407.53,28.71,21605
-417.00,33.50,21616
-421.57,37.03,21628
-428.42,35.84,21640
-390.44,32.66,21652
-379.84,31.08,21663
-409.62,32.37,21676
-415.88,36.06,21687
-429.84,35.67,21699
-425.55,31.44,21710
-380.69,28.58,21723
-388.39,28.37,21734
-417.88,33.47,21746
-418.35,37.14,21757
-429.10,35.95,21769
-409.69,33.27,21781
-374.17,30.55,21792
-397.01,31.99,21805
-417.83,36.06,21816
-419.38,35.97,21828
-430.06,32.80,21839
-402.15,28.79,21852
-378.18,27.74,21863
-407.16,32.02,21875
-416.85,36.51,21886
-422.28,36.70,21899
-427.05,33.90,21910
-378.71,31.04,21921
-411.03,31.27,21934
-417.36,35.05,21945
-428.07,35.91,21957
-421.60,33.34,21968
-380.79,29.57,21981
-388.53,27.77,21992
-417.84,31.77,22004
-418.08,36.13,22016
-429.33,36.74,22028
-409.50,34.17,22039
-373.90,30.56,22051
-397.03,30.61,22063
-418.68,34.32,22074
-418.02,36.39,22086
-431.84,34.41,22097
-401.16,30.36,22110
-373.61,27.95,22121
-408.44,30.65,22133
-418.98,35.25,22145
-421.16,36.90,22157
-428.30,34.79,22168
-387.12,31.52,22180
-377.72,30.78,22192
-413.77,34.29,22204
-415.02,36.09,22215
-426.42,34.37,22226
-424.15,30.49,22239
-379.94,27.28,22250
-387.16,29.85,22262
-418.59,34.77,22274
-417.87,37.09,22286
-429.75,35.67,22297
-410.15,31.73,22309
-393.63,30.33,22321
-419.22,33.26,22333
-423.00,35.73,22344
-430.80,34.98,22355
-399.47,31.39,22368
-377.40,28.24,22379
-408.13,29.67,22391
-419.39,34.21,22403
-421.71,36.84,22415
-426.82,35.57,22426
-390.51,32.16,22438
-381.80,29.99,22450
-411.84,32.64,22462
-417.08,35.74,22473
-428.54,35.72,22486
-425.18,32.25,22497
-381.48,28.22,22508
-387.34,28.67,22520
-417.17,33.17,22532
-420.44,36.62,22544
-433.94,36.27,22555
-409.41,32.69,22567
-372.15,30.44,22579
-396.50,32.04,22591
-420.04,35.27,22602
-420.14,35.92,22615
-430.34,32.76,22626
-399.13,28.75,22638
-377.12,28.55,22649
-409.31,32.52,22661
-418.35,36.16,22673
-421.58,36.52,22684
-426.36,33.10,22696
-379.37,30.57,22708
-410.39,31.92,22720
-417.15,34.71,22731
-428.52,36.23,22744
-422.28,32.94,22755
-379.95,28.68,22767
-388.48,28.25,22778
-417.65,31.69,22791
-419.36,36.51,22802
-430.03,37.41,22813
-405.97,34.03,22825
-372.21,31.13,22837
-398.46,31.05,22849
-418.61,34.18,22860
-420.83,35.85,22873
-429.54,33.31,22884
-398.03,29.54,22896
-378.36,28.44,22907
-409.45,31.68,22920
-417.01,36.10,22931
-420.26,37.62,22943
-425.27,34.31,22955
-385.67,30.74,22966
-381.74,30.38,22978
-412.41,33.43,22989
-414.20,36.23,23002
-431.10,34.58,23013
-421.27,30.38,23025
-376.42,28.40,23036
-389.59,30.68,23049
-418.68,35.54,23060
-417.68,37.59,23072
-431.62,35.25,23084
-405.54,31.18,23096
-400.46,29.93,23107
-419.08,33.00,23118
-419.70,35.70,23131
-431.24,35.10,23142
-395.29,30.87,23154
-377.44,28.51,23165
-409.89,30.27,23178
-416.89,34.63,23189
-422.61,37.42,23201
-425.63,35.58,23213
-383.86,32.00,23225
-381.43,30.04,23236
-414.56,31.99,23248
-417.15,35.43,23260
-430.75,35.12,23271
-418.40,32.03,23283
-378.56,28.99,23294
-391.57,29.83,23307
-416.46,34.64,23318
-418.62,37.23,23330
-432.03,35.60,23342
-405.81,31.95,23354
-374.29,29.71,23365
-399.29,31.77,23377
-418.51,35.36,23389
-422.29,35.92,23401
-430.38,32.72,23412
-395.72,29.45,23424
-378.25,29.28,23436
-409.10,33.25,23447
-419.36,36.80,23459
-423.52,35.87,23471
-424.70,32.76,23483
-380.38,30.11,23494
-414.65,31.45,23506
-418.53,35.18,23518
-428.28,35.62,23530
-419.28,33.13,23541
-377.78,29.42,23554
-391.65,28.95,23565
-418.79,33.27,23576
-417.16,36.56,23588
-431.13,36.77,23600
-408.06,32.96,23612
-371.50,30.01,23623
-400.92,31.13,23635
-420.15,34.20,23647
-421.20,36.34,23659
-431.75,33.85,23670
-395.34,29.80,23683
-376.04,29.10,23694
-413.07,31.97,23706
-419.57,36.51,23717
-422.06,37.16,23729
-424.68,34.00,23741
-383.01,30.60,23752
-383.46,30.38,23764
-416.20,33.51,23776
-414.60,35.61,23788
-430.76,34.32,23799
-419.25,29.87,23812
-376.92,28.76,23823
-393.02,31.55,23835
-417.23,36.10,23846
-416.86,38.07,23859
-431.27,34.43,23870
-401.35,31.02,23881
-404.24,30.03,23894
-420.79,32.68,23905
-422.31,35.60,23917
-430.30,34.30,23928
-391.06,30.71,23941
-379.81,29.11,23952
-413.04,31.19,23964
-416.02,35.61,23975
-423.91,37.86,23988
-422.21,35.03,23999
-383.88,31.03,24011
-386.96,29.55,24023
-413.91,31.58,24034
-417.20,35.50,24046
-431.54,35.08,24057
-417.27,31.65,24070
-375.75,29.65,24081
-391.59,30.06,24093
-417.70,35.10,24104
-421.45,37.42,24117
-431.41,35.14,24128
-400.75,31.69,24140
-372.66,29.20,24152
-405.27,31.43,24164
-422.59,35.03,24175
-422.44,35.12,24186
-426.85,32.55,24199
-391.73,29.84,24210
-380.54,30.15,24222
-413.13,34.36,24233
-413.52,37.37,24246
-422.81,35.90,24257
-425.69,32.32,24269
-382.33,29.38,24281
-417.13,30.46,24293
-419.12,34.50,24304
-431.82,35.29,24316
-415.73,33.17,24328
-372.38,30.38,24339
-392.73,29.94,24351
-420.41,34.31,24363
-416.82,37.49,24375
-430.31,36.23,24386
-401.81,32.95,24398
-373.84,29.47,24410
-406.70,30.28,24422
-420.65,34.07,24433
-421.47,35.64,24445
-428.93,33.50,24457
-392.58,30.70,24469
-378.09,29.60,24480
-408.97,33.03,24492
-416.19,37.19,24504
-425.83,36.54,24515
-423.47,33.41,24527
-383.01,29.99,24539
-384.03,29.36,24551
-414.79,33.83,24562
-421.19,35.39,24574
-432.24,33.55,24586
-411.88,30.81,24598
-374.41,28.99,24609
-396.31,32.35,24622
-419.17,36.60,24633
-417.63,36.80,24644
-430.14,34.22,24656
-399.70,30.09,24668
-406.59,29.57,24680
-416.98,33.26,24691
-420.50,35.29,24704
-432.03,34.20,24715
-391.51,31.05,24727
-377.90,29.03,24738
-411.13,31.67,24751
-416.06,36.38,24762
-426.59,37.40,24773
-423.04,34.77,24785
-380.48,30.58,24797
-384.93,28.94,24809
-415.88,32.72,24820
-420.47,35.32,24833
-432.03,34.67,24844
-410.44,31.68,24856
-374.85,28.57,24867
-397.45,31.00,24880
-420.18,35.71,24891
-419.54,37.33,24903
-428.44,35.56,24914
-398.99,31.50,24926
-375.48,29.28,24938
-407.78,32.00,24949
-416.99,34.78,24962
-422.03,34.46,24973
-432.25,31.99,24985
-391.78,28.55,24996
-378.85,30.02,25009
-412.54,35.35,25020
-415.57,37.56,25032
-426.73,36.90,25043
-422.70,32.12,25056
-385.11,28.50,25067
-421.81,31.15,25078
-419.50,33.45,25091
-431.12,34.92,25102
-411.63,32.71,25114
-374.04,29.26,25125
-398.71,30.49,25138
-418.65,34.39,25149
-414.61,37.29,25161
-429.70,36.90,25172
-399.66,32.71,25185
-375.84,29.25,25196
-407.27,30.48,25208
-414.94,33.56,25220
-425.15,35.02,25231
-434.03,33.16,25243
-388.17,29.33,25254
-379.15,29.51,25267
-410.31,33.94,25278
-416.96,37.56,25290
-430.01,37.86,25302
-418.78,33.45,25314
-374.85,29.43,25325
-389.60,29.77,25337
-419.57,32.68,25349
-419.86,34.79,25361
-432.15,33.19,25372
-408.53,30.36,25383
-377.50,30.09,25396
-399.44,33.46,25407
-414.78,37.64,25419
-416.78,37.72,25431
-429.12,33.95,25443
-401.34,29.58,25454
-404.58,28.89,25466
-416.78,32.52,25478
-427.91,34.86,25490
-430.14,34.20,25501
-388.62,31.06,25513
-377.70,29.14,25525
-410.36,32.67,25536
-419.62,36.48,25548
-429.43,37.71,25560
-415.92,34.67,25572
-376.70,30.10,25583
-391.88,29.35,25595
-422.72,32.10,25607
-419.86,34.62,25619
-428.64,34.17,25630
-410.96,31.21,25643
-378.17,29.49,25654
-399.85,31.87,25666
-415.55,36.27,25677
-416.77,38.00,25689
-431.60,35.40,25701
-401.50,30.79,25712
-374.67,28.83,25724
-404.35,31.06,25736
-420.54,34.25,25748
-427.15,34.54,25759
-429.19,31.40,25772
-386.97,29.73,25783
-377.85,31.38,25795
-414.32,36.01,25806
-419.31,38.38,25819
-425.14,35.58,25830
-415.85,31.31,25841
-391.54,28.27,25853
-420.94,30.50,25865
-419.31,34.04,25877
-429.27,34.55,25888
-410.45,32.68,25901
-376.86,29.87,25912
-398.55,30.76,25924
-415.52,35.11,25935
-418.79,37.95,25948
-431.26,36.48,25959
-397.84,31.93,25971
-375.04,28.77,25982
-408.55,29.84,25994
-420.85,33.89,26006
-426.73,34.99,26017
-428.45,33.17,26030
-386.01,30.28,26041
-379.14,30.06,26053
-413.83,34.59,26064
-419.21,37.46,26077
-425.88,36.51,26088
-416.02,32.77,26100
-377.39,28.92,26112
-390.91,29.43,26124
-419.26,33.40,26135
-419.94,34.69,26146
-429.85,33.68,26159
-408.60,30.53,26170
-376.66,29.89,26182
-398.62,34.03,26193
-414.67,37.39,26206
-419.19,37.35,26217
-430.78,33.34,26229
-398.20,28.93,26241
-9687.60,29.28,26253
-418.74,32.57,26264
-427.85,34.84,26276
-426.92,34.15,26288
-381.58,30.92,26299
-381.16,30.05,26311
-416.98,33.01,26322
-416.09,36.62,26335
-427.06,37.34,26346
-415.71,33.69,26358
-377.89,29.36,26370
-395.60,29.05,26382
-418.87,31.88,26393
-416.51,35.23,26405
-432.06,34.76,26417
-408.37,31.57,26429
-376.24,29.76,26440
-398.82,32.06,26451
-415.23,35.93,26464
-422.08,37.88,26475
-430.73,34.47,26487
-394.73,30.02,26499
-375.09,29.05,26511
-409.74,31.67,26522
-420.67,35.62,26534
-428.69,35.37,26546
-422.97,31.89,26558
-381.31,29.88,26569
-383.54,31.46,26582
-416.26,35.25,26593
-418.17,37.76,26604
-428.60,34.56,26616
-412.48,30.46,26628
-395.93,29.16,26640
-419.16,30.70,26651
-417.37,35.10,26663
-431.36,35.50,26675
-406.39,32.49,26687
-373.96,30.57,26698
-401.48,30.36,26711
-418.37,34.86,26722
-421.19,37.48,26734
-432.31,34.82,26745
-392.61,31.30,26757
-374.77,28.90,26769
-412.55,30.86,26780
-419.46,35.11,26792
-426.85,35.72,26804
-424.03,33.11,26816
-379.99,30.25,26827
-386.63,29.96,26840
-418.00,33.91,26851
-414.91,37.34,26863
-428.69,35.65,26874
-415.85,32.36,26887
-375.22,29.31,26898
-396.18,29.96,26909
-417.84,34.54,26921
-416.16,35.08,26933
-436.79,33.38,26945
-406.96,30.56,26956
-369.27,29.44,26969
-402.44,33.93,26980
-419.55,37.06,26992
-422.82,36.28,27003
-431.35,32.99,27016
-376.10,29.27,27027
-416.48,29.93,27039
-419.65,33.86,27051
-424.16,35.23,27062
-423.12,33.84,27074
-382.12,30.76,27085
-387.25,29.46,27098
-416.42,33.15,27109
-411.70,36.57,27121
-429.65,36.72,27132
-417.76,33.42,27145
-375.24,29.32,27156
-394.08,29.60,27168
-416.71,33.41,27180
-420.30,35.61,27191
-436.36,34.22,27203
-403.96,30.85,27214
-370.58,29.19,27227
-402.66,32.51,27238
-421.60,36.94,27250
-422.09,37.57,27261
-424.24,34.57,27274
-387.81,30.08,27285
-379.26,29.49,27297
-415.80,32.73,27309
-418.33,35.39,27321
-423.34,34.51,27332
-421.43,31.28,27343
-384.90,28.94,27356
-388.99,31.10,27367
-412.78,36.18,27379
-413.22,37.77,27390
-430.20,35.49,27403
-414.12,30.63,27414
-391.89,28.62,27426
-419.50,31.95,27438
-423.44,35.22,27450
-432.14,35.62,27461
-397.32,32.13,27473
-372.12,28.97,27485
-407.86,31.03,27496
-420.60,35.18,27508
-419.95,37.80,27520
-424.34,35.84,27532
-388.11,31.19,27543
-381.78,29.20,27555
-412.36,31.07,27567
-416.20,34.77,27579
-427.23,35.12,27590
-424.31,32.34,27602
-379.75,29.32,27614
-384.59,29.98,27626
-416.11,34.64,27637
-418.84,37.45,27649
-431.19,36.59,27661
-410.01,31.79,27672
-371.62,29.04,27684
-396.54,30.61,27696
-420.94,33.90,27708
-423.75,35.49,27719
-430.55,32.47,27731
-396.30,29.78,27743
-376.10,29.95,27755
-408.23,34.00,27766
-417.38,37.89,27779
-422.43,36.52,27790
-425.75,32.55,27801
-398.30,29.20,27813
11423.90,29.76,27825
-415.74,34.00,27837
-432.02,35.37,27848
-421.79,33.48,27860
-376.92,30.06,27872
-388.05,29.12,27884
-416.28,33.47,27895
-419.07,37.23,27908
-432.61,37.34,27919
-406.58,33.45,27931
-374.65,29.56,27942
-399.91,29.65,27954
-420.33,33.35,27966
-423.66,35.40,27977
-431.19,33.56,27990
-396.51,30.49,28001
-377.20,29.12,28013
-407.41,32.98,28024
-415.02,37.07,28037
-423.14,37.20,28048
-425.09,33.98,28060
-387.55,29.48,28071
-381.88,29.39,28084
-411.14,33.18,28095
-418.63,35.87,28106
-431.29,34.85,28119
-418.41,31.24,28130
-375.84,29.28,28142
-387.95,31.81,28153
-418.21,36.17,28166
-420.78,37.17,28177
-431.78,34.12,28189
-403.22,30.41,28200
-403.54,29.81,28213
-418.25,32.74,28224
-418.40,35.85,28235
-428.77,34.75,28248
-395.56,31.12,28259
-380.29,28.76,28271
-408.65,30.60,28282
-415.34,35.64,28295
-424.92,37.57,28306
-427.21,35.11,28318
-385.83,30.85,28329
-381.01,29.28,28342
-412.52,32.23,28353
-420.05,35.81,28365
-431.91,35.52,28377
-415.61,31.89,28388
-375.76,28.94,28400
-391.87,29.97,28411
-420.53,34.99,28424
-421.55,37.43,28435
-427.56,35.47,28447
-401.80,31.78,28459
-373.94,29.00,28471
-405.39,31.68,28482
-419.37,35.25,28494
-417.91,34.88,28506
-431.56,32.63,28518
-397.85,28.97,28529
-377.43,29.21,28540
-408.62,34.51,28553
-416.38,37.30,28564
-425.10,36.88,28576
-425.81,32.61,28588
-381.17,28.75,28600
-417.41,30.94,28611
-421.65,34.13,28623
-431.19,35.04,28635
-414.33,33.16,28647
-374.84,29.28,28658
-394.77,29.96,28670
-418.18,34.28,28682
-419.11,37.35,28693
-429.52,37.01,28705
-398.79,32.75,28717
-376.09,28.81,28729
-405.39,30.65,28740
-415.92,33.70,28752
-424.86,35.57,28764
-431.51,34.08,28776
-389.53,29.79,28787
-381.01,29.55,28800
-409.88,32.98,28811
-414.38,36.59,28823
-428.88,37.63,28834
-422.81,33.28,28846
-377.60,29.69,28858
-387.04,29.93,28869
-416.31,33.19,28881
-419.81,35.48,28893
-432.78,33.82,28905
-412.40,30.47,28916
-374.21,29.57,28929
-395.62,32.79,28940
-419.13,36.64,28952
-419.92,37.25,28963
-428.55,33.58,28976
-401.73,29.60,28987
-403.94,29.56,28998
-419.48,32.94,29010
-425.43,35.97,29022
-427.03,34.90,29034
-390.48,31.39,29045
-377.59,29.65,29058
-409.96,31.60,29069
-417.34,35.88,29081
-427.42,36.93,29092
-420.14,34.02,29105
-381.00,30.32,29116
-387.57,29.32,29128
-416.24,32.70,29139
-417.75,35.92,29151
-431.72,35.18,29163
-410.92,31.77,29174
-374.63,29.39,29187
-397.10,31.05,29198
-417.41,35.42,29210
-417.99,37.07,29221
-432.34,34.47,29234
-399.68,30.60,29245
-375.62,28.75,29257
-405.85,31.91,29268
-418.35,36.05,29280
-425.15,36.00,29292
-427.38,32.80,29303
-385.16,29.61,29316
-381.55,30.38,29327
-415.86,34.59,29339
-415.72,36.59,29350
-428.21,35.04,29363
-421.56,31.42,29374
-377.51,29.31,29386
-417.35,31.88,29398
-416.74,35.77,29410
-433.38,35.77,29421
-412.16,32.69,29432
-372.17,29.04,29445
-399.02,29.49,29456
-419.91,33.98,29468
-418.81,37.59,29479
-429.58,36.07,29492
-396.84,32.03,29503
-376.00,29.15,29515
-408.57,30.46,29527
-418.33,34.80,29539
-425.00,36.03,29550
-427.59,33.79,29562
-386.97,30.27,29574
-382.46,29.50,29585
-413.60,33.35,29597
-416.36,36.96,29608
-428.35,36.39,29621
-419.72,32.71,29632
-375.58,29.60,29644
-390.00,30.02,29656
-418.70,34.20,29668
-419.11,36.03,29679
-434.12,33.74,29691
-406.04,30.61,29703
-372.22,28.87,29715
-403.31,32.45,29726
-419.81,36.81,29737
-418.07,36.25,29750
-431.07,33.59,29761
-395.53,29.76,29773
-411.61,29.49,29785
-415.86,33.53,29797
-424.71,35.47,29808
-430.98,34.67,29820
-384.32,31.31,29832
-378.68,29.15,29844
-414.60,32.06,29855
-418.03,36.11,29868
-430.26,36.62,29879
-418.59,33.57,29890
-373.57,29.97,29902
-388.62,29.20,29914
-422.05,33.34,29926
-420.28,35.97,29937
-430.56,34.78,29949
-405.06,31.88,29961
-375.20,29.25,29973
-402.02,31.43,29984
-416.93,35.93,29997
-418.55,36.74,30008
-429.66,34.43,30020
-396.61,30.40,30031
-377.06,28.84,30043
-406.68,32.52,30055
-417.14,35.57,30066
-426.77,35.23,30078
-427.97,32.34,30090
-382.92,29.58,30102
-378.80,31.16,30113
-413.90,35.69,30126
-420.54,37.27,30137
-429.42,34.62,30149
-411.40,30.57,30160
-375.87,28.62,30172
-420.25,31.58,30184
-418.55,35.37,30195
-429.23,35.81,30208
-405.49,33.37,30219
-377.19,30.05,30231
-401.31,30.49,30242
-415.56,34.78,30255
-421.18,36.82,30266
-430.61,35.15,30278
-394.28,31.06,30289
-376.02,28.65,30302
-408.54,31.24,30313
-418.96,35.45,30324
-427.26,36.59,30337
-423.71,33.35,30348
-381.98,29.74,30360
-383.22,29.30,30371
-416.47,33.48,30384
-420.24,37.14,30395
-428.01,35.51,30407
-412.66,31.86,30418
-376.36,28.78,30431
-395.20,30.50,30442
-420.69,34.97,30454
-416.38,36.35,30466
-430.73,34.19,30477
-405.58,30.37,30489
-373.69,29.14,30500
-402.30,32.76,30513
-418.04,36.42,30524
-421.98,36.20,30536
-430.80,32.65,30547
-389.22,29.12,30560
-413.27,29.66,30571
-418.09,34.21,30583
-428.26,36.23,30595
-424.16,34.56,30607
-376.93,31.13,30618
-385.54,29.22,30629
-419.77,32.52,30642
-416.65,36.40,30653
-430.17,36.56,30665
-413.98,33.43,30676
-373.94,29.36,30689
-397.60,29.30,30700
-420.18,33.14,30712
-417.63,35.91,30724
-433.20,35.02,30736
-401.85,31.70,30747
-373.59,29.66,30759
-404.60,31.73,30771
-416.53,35.95,30782
-423.84,36.72,30794
-431.35,33.77,30806
-388.11,29.75,30818
-378.03,28.99,30829
-413.68,33.04,30841
-418.55,36.04,30853
-428.06,35.42,30865
-420.78,32.20,30876
-377.59,29.24,30888
-388.13,31.08,30900
-418.61,35.17,30912
-414.96,36.80,30923
-430.21,34.59,30935
-413.05,30.59,30947
-373.56,29.00,30958
-418.29,32.32,30970
-416.16,36.02,30982
-434.50,35.83,30994
-401.33,32.40,31005
-369.65,29.64,31017
-405.58,30.46,31029
-419.97,34.93,31041
-423.28,37.09,31052
-427.81,35.12,31065
-386.50,31.21,31076
-378.26,29.11,31087
-415.20,31.80,31099
-418.58,35.31,31111
-426.44,36.08,31123
-419.44,33.27,31134
-381.46,29.77,31147
-391.24,30.06,31158
-415.87,33.67,31170
-414.65,36.74,31181
-431.70,35.51,31194
-409.96,31.79,31205
-376.53,29.37,31216
-395.67,31.02,31228
-413.14,35.24,31240
-423.93,36.34,31252
-434.65,33.67,31263
-395.66,30.25,31276
-372.51,29.56,31287
-406.47,33.39,31299
-420.73,36.74,31310
-426.77,36.03,31323
-424.65,32.24,31334
-384.75,29.34,31346
-414.71,30.43,31357
-419.23,34.12,31369
-427.29,36.08,31381
-418.04,34.17,31392
-380.99,30.64,31405
-391.94,29.96,31416
-412.99,32.77,31428
-413.95,36.63,31439
-433.70,36.28,31452
-411.43,32.49,31463
-375.11,28.85,31475
-397.29,29.36,31486
-415.67,33.53,31499
-423.23,36.30,31510
-434.64,35.05,31521
-393.51,31.20,31534
-371.55,29.71,31545
-409.23,32.36,31557
-420.22,36.03,31568
-425.22,36.83,31581
-425.97,32.75,31592
-384.18,29.34,31604
-383.42,29.61,31616
-419.49,32.87,31628
-416.03,36.47,31639
-425.60,35.09,31651
-420.11,31.86,31663
-380.21,29.93,31674
-390.80,31.04,31686
-414.99,35.67,31697
-415.15,36.68,31710
-432.42,34.07,31721
-409.30,30.26,31733
-372.90,28.86,31745
-416.68,32.50,31757
-423.26,36.09,31768
-431.41,35.83,31780
-392.20,32.67,31792
-375.18,29.84,31804
-408.28,30.94,31815
-416.11,35.10,31826
-426.80,37.02,31839
-424.38,34.26,31850
-380.84,31.08,31862
-385.26,28.75,31874
-415.01,31.65,31886
-414.15,35.86,31897
-430.81,35.45,31909
-417.42,33.30,31921
-375.03,30.31,31933
-392.56,30.72,31944
-418.23,35.01,31955
-413.94,36.84,31968
-432.54,34.76,31979
-410.02,30.87,31991
-372.54,28.25,32003
-400.42,30.92,32015
-420.81,35.19,32026
-421.33,35.94,32038
-431.95,33.74,32050
-395.31,30.59,32062
-373.07,30.36,32073
-409.12,34.53,32086
-419.70,36.66,32097
-423.95,34.87,32108
-424.22,31.40,32120
-383.81,28.20,32132
-417.33,30.57,32144
-416.49,34.92,32155
-429.82,36.04,32167
-417.15,34.63,32179
-376.98,30.52,32191
-393.68,29.91,32202
-415.22,33.83,32215
-416.66,36.45,32226
-434.60,36.14,32238
-405.84,31.71,32249
-373.69,28.07,32261
-402.95,29.18,32273
-419.54,33.39,32284
-425.41,36.38,32296
-430.28,35.07,32308
-389.59,31.68,32320
-375.33,30.60,32331
-411.44,33.52,32344
-419.85,36.49,32355
-422.91,35.77,32367
-423.42,31.90,32378
-385.92,28.16,32391
-387.05,28.91,32402
-417.06,33.58,32413
-417.00,36.59,32425
-426.52,35.86,32437
-415.64,32.17,32449
-377.21,29.87,32460
-389.56,32.10,32473
-416.87,36.03,32484
-420.68,36.35,32496
-429.72,33.12,32507
-404.48,29.22,32520
-374.44,28.27,32531
-421.24,32.65,32543
-421.67,36.00,32555
-427.03,35.87,32566
-389.83,33.17,32578
-376.24,30.39,32589
-410.44,32.12,32602
-417.62,35.56,32613
-424.39,36.21,32625
-425.45,33.78,32636
-384.01,29.23,32649
-385.16,28.33,32660
-417.93,32.00,32672
-415.56,35.78,32684
-428.69,36.53,32696
-414.90,33.29,32707
-372.88,30.38,32718
-391.38,31.02,32731
-418.19,34.80,32742
-418.60,36.58,32754
-434.48,34.26,32765
-400.91,30.36,32778
-370.23,28.37,32789
-405.94,31.47,32801
-419.09,35.21,32813
-420.28,36.05,32825
-430.97,33.51,32836
-387.62,30.45,32847
-377.87,31.21,32860
-415.47,34.61,32871
-413.00,37.09,32883
-423.50,35.38,32894
-426.73,30.75,32907
-381.27,28.14,32918
-417.20,30.17,32930
-415.13,34.34,32942
-431.27,36.47,32954
-415.17,34.09,32965
-372.65,30.83,32977
-393.64,30.67,32989
-417.64,34.00,33000
-421.15,36.94,33012
-432.68,35.62,33024
-398.72,31.15,33036
-374.01,28.35,33047
-408.83,29.79,33059
-421.10,34.05,33071
-423.33,36.45,33083
-425.34,34.65,33094
-387.67,31.15,33106
-382.77,30.28,33118
-413.67,32.66,33130
-414.22,36.18,33141
-425.77,36.12,33153
-423.19,32.14,33165
-383.31,29.07,33176
-388.15,29.02,33188
-414.04,33.45,33200
-416.91,36.48,33212
-434.46,35.07,33223
-413.36,31.70,33235
-373.07,30.10,33247
-394.63,32.52,33259
-418.11,35.80,33270
-423.95,36.31,33283
-433.14,32.49,33294
-397.87,28.76,33305
-375.47,29.05,33317
-419.75,32.68,33329
-421.98,36.26,33341
-426.59,35.55,33352
-387.22,32.27,33364
-381.07,30.28,33376
-414.31,31.69,33388
-412.16,35.58,33399
-427.06,36.47,33412
-426.10,33.51,33423
-380.16,29.64,33435
-384.74,28.49,33446
-417.05,32.55,33458
-417.56,36.13,33470
-432.05,36.01,33481
-413.32,33.05,33494
-371.21,29.94,33505
-393.00,31.61,33517
-421.43,35.23,33528
-421.71,36.61,33541
-426.73,34.12,33552
-397.07,29.72,33564
-376.11,28.66,33575
-407.53,31.75,33588
-421.04,35.78,33599
-421.62,36.52,33610
-421.61,33.68,33623
-391.20,30.61,33634
-382.98,30.82,33646
-409.14,34.58,33657
-414.13,36.49,33670
-428.17,34.51,33681
-422.77,30.65,33693
-382.75,28.29,33704
-411.98,30.84,33717
-420.69,35.68,33728
-434.43,36.80,33739
-407.55,34.28,33752
-370.90,30.92,33763
-395.34,30.33,33775
-421.46,34.15,33786
-422.53,36.39,33799
-427.96,34.91,33810
-394.51,31.10,33822
-376.67,28.44,33833
-411.13,30.58,33846
-418.33,34.91,33857
-418.20,36.49,33869
-424.73,34.69,33881
-390.90,31.00,33892
-382.21,30.08,33904
-410.00,33.28,33915
-413.48,36.13,33928
-428.77,35.83,33939
-424.10,31.80,33951
-379.16,28.66,33963
-384.66,29.58,33975
-417.73,34.17,33986
-420.95,36.92,33998
-431.67,35.24,34010
-406.26,31.84,34022
-369.59,29.96,34033
-399.60,32.62,34044
-422.89,36.01,34057
-419.70,35.62,34068
-428.64,32.19,34080
-397.62,28.59,34092
-380.42,29.16,34104
-415.43,33.47,34115
-421.25,36.58,34127
-430.23,36.20,34139
-388.26,32.24,34151
-380.88,30.21,34162
-412.41,31.67,34174
-413.71,35.15,34186
-433.99,36.30,34197
-423.38,32.65,34209
-374.10,28.96,34221
-389.36,28.56,34233
-420.02,32.98,34244
-419.54,36.93,34256
-434.23,36.12,34268
-405.16,32.66,34280
-370.19,30.18,34291
-403.12,31.49,34304
-419.41,35.09,34315
-418.31,36.33,34327
-430.34,33.43,34338
-396.87,29.45,34350
-380.11,28.21,34362
-411.40,31.42,34373
-414.02,35.99,34385
-422.89,36.54,34397
-428.04,33.73,34409
-385.57,30.79,34420
-380.13,30.75,34433
-412.37,34.38,34444
-417.55,36.19,34456
-431.86,33.82,34467
-419.61,29.78,34480
-376.21,28.17,34491
-420.66,31.36,34502
-420.24,36.04,34514
-426.71,37.11,34526
-403.41,34.44,34538
-376.57,30.85,34549
-402.83,30.17,34562
-418.31,33.35,34573
-418.49,35.79,34585
-431.05,34.75,34596
-399.07,30.96,34609
-378.20,28.59,34620
-406.18,30.61,34631
-415.66,35.14,34643
-425.70,37.08,34655
-429.18,34.77,34667
-383.27,31.03,34678
-376.85,29.96,34691
-415.76,33.05,34702
-419.70,35.89,34714
-428.79,34.83,34725
-417.83,31.35,34738
-375.50,28.48,34749
-392.12,30.18,34761
-422.29,34.74,34772
-416.04,37.08,34784
-426.74,35.49,34796
-406.64,31.54,34807
-375.04,30.32,34820
-402.36,32.59,34831
-417.20,35.47,34843
-418.10,35.44,34854
-433.42,31.85,34867
-397.57,28.50,34878
-377.31,30.11,34890
-415.95,33.56,34902
-427.41,37.81,34914
-426.83,35.86,34925
-378.83,31.98,34936
-381.93,29.80,34949
-416.53,31.45,34960
-420.24,35.14,34972
-430.35,35.62,34983
-413.68,32.61,34996
-374.49,29.75,35007
-397.79,29.94,35019
-419.33,33.32,35031
-413.00,36.61,35043
-429.61,35.66,35054
-406.77,32.03,35066
-376.91,29.69,35078
-404.30,30.74,35089
-415.98,34.54,35101
-418.03,36.19,35112
-434.90,33.43,35125
-397.31,30.39,35136
-372.75,29.40,35148
-408.66,32.69,35160
-418.14,36.44,35172
-427.17,35.87,35183
-427.75,32.33,35195
-381.88,29.79,35207
-379.41,30.63,35219
-417.25,34.82,35230
-422.89,36.65,35241
-425.75,34.21,35254
-413.88,30.42,35265
-379.31,28.71,35277
-420.94,31.57,35289
-414.20,35.63,35301
-428.50,35.98,35312
-407.76,33.34,35324
-379.05,30.63,35336
-401.94,30.07,35348
-412.50,34.19,35359
-421.28,36.52,35371
-435.71,34.88,35383
-394.27,30.94,35394
-373.40,28.12,35406
-410.55,30.69,35418
-420.46,35.32,35430
-427.32,36.63,35441
-423.94,34.12,35453
-378.68,30.88,35465
-384.32,29.94,35477
-418.15,33.52,35488
-418.72,36.44,35501
-427.17,34.97,35512
-411.39,32.01,35523
-379.34,28.61,35535
-398.59,29.92,35547
-416.68,35.07,35559
-415.24,36.27,35570
-431.76,35.38,35582
-405.64,31.53,35594
-376.25,29.78,35606
-400.34,32.61,35617
-412.38,35.24,35630
-425.43,35.40,35641
-435.91,31.98,35653
-390.77,28.75,35664
-376.10,30.08,35676
-419.25,34.51,35688
-427.08,37.17,35699
-423.51,35.58,35712
-376.47,31.74,35723
-386.90,29.82,35735
-422.40,31.87,35746
-414.44,35.04,35759
-427.47,34.94,35770
-417.67,32.46,35782
-378.50,29.57,35793
-396.09,29.73,35806
-417.65,34.25,35817
-412.94,37.18,35828
-430.20,36.41,35841
-407.99,32.67,35852
-374.41,29.42,35864
-400.61,30.61,35875
-416.51,34.22,35888
-425.63,35.22,35899
-434.86,32.76,35911
-391.41,29.65,35922
-373.87,29.74,35935
-410.06,33.98,35946
-419.80,37.53,35958
-428.04,36.51,35970
-419.63,32.37,35981
-379.01,28.80,35993
-388.00,29.88,36004
-420.54,34.04,36017
-416.62,36.07,36028
-426.32,34.49,36040
-413.98,30.87,36051
-380.45,29.21,36064
-413.43,32.18,36075
-412.92,35.95,36087
-435.53,36.62,36099
-406.78,33.57,36110
-373.14,29.72,36122
-401.30,29.88,36133
-415.93,33.39,36146
-426.38,35.72,36157
-436.43,34.22,36169
-387.18,30.81,36180
-373.40,29.18,36193
-416.36,32.18,36204
-420.68,36.50,36216
-423.77,36.77,36228
-422.11,34.12,36240
-379.57,29.74,36251
-389.79,28.94,36262
-421.54,32.85,36275
-412.23,35.38,36286
-425.37,35.68,36298
-417.75,32.42,36310
-379.22,29.67,36322
-395.56,31.37,36333
-413.27,35.02,36345
-416.83,36.51,36357
-436.10,34.45,36369
-406.91,30.41,36380
-370.80,29.07,36392
-401.45,32.68,36404
-420.47,35.92,36415
-427.19,35.71,36427
-429.54,32.44,36439
-386.27,28.81,36451
-377.67,30.63,36462
-421.17,34.70,36474
-423.71,36.86,36486
-416.22,35.40,36498
-384.69,31.33,36509
-391.73,29.35,36521
-415.95,31.33,36533
-414.19,34.70,36545
-428.67,35.71,36556
-416.63,33.15,36568
-380.11,30.29,36580
-390.33,30.10,36591
-412.55,34.34,36603
-420.41,36.84,36615
-434.79,35.31,36627
-401.10,31.55,36638
-372.69,28.64,36651
-402.60,30.94,36662
-421.64,34.89,36674
-427.30,35.99,36685
-427.35,33.71,36698
-384.55,30.16,36709
-380.75,29.55,36720
-416.35,33.15,36732
-416.30,36.26,36744
-423.87,35.58,36756
-420.63,32.29,36767
-383.43,29.58,36780
-392.37,30.24,36791
-413.59,34.39,36803
-414.41,36.06,36814
-432.91,34.41,36827
-415.65,31.05,36838
-375.02,29.58,36849
-393.84,32.81,36861
-423.75,35.82,36873
-435.34,35.57,36885
-399.09,32.49,36896
-372.33,29.19,36909
-406.34,30.50,36920
-421.66,34.24,36932
-424.17,36.54,36943
-424.34,35.12,36956
-386.56,31.04,36967
-382.69,29.83,36979
-415.52,31.80,36990
-414.49,35.30,37002
-424.89,36.32,37014
-421.80,33.11,37025
-383.28,30.30,37038
-388.73,29.87,37049
-414.37,33.52,37061
-414.96,36.63,37072
-432.52,35.16,37085
-416.13,31.31,37096
-374.29,29.01,37108
-392.94,31.31,37120
-419.12,35.71,37132
-422.03,37.10,37143
-432.04,33.74,37154
-397.41,29.94,37167
-373.88,29.18,37178
-409.16,32.46,37190
-421.42,36.44,37201
-421.25,35.55,37214
-424.65,32.01,37225
-390.90,29.59,37237
-383.55,30.14,37249
-415.48,34.98,37261
-423.39,37.20,37272
-423.97,34.73,37284
-383.67,31.12,37296
-386.07,28.64,37307
-414.55,31.78,37319
-418.80,35.72,37330
-433.97,35.80,37343
-412.62,32.88,37354
-372.05,29.41,37366
-394.94,29.92,37378
-421.76,34.43,37390
-423.92,37.66,37401
-427.99,35.41,37413
-393.86,31.57,37425
-375.20,29.10,37437
-411.39,30.70,37448
-420.30,34.99,37459
-420.98,35.62,37472
-423.65,33.32,37483
-388.97,30.38,37495
-386.80,29.87,37507
-411.35,33.95,37519
-409.95,36.92,37530
-429.38,36.11,37542
-425.19,32.09,37554
-377.64,28.91,37566
-387.11,29.94,37577
-414.91,34.11,37588
-419.62,36.10,37601
-438.97,33.99,37612
-407.97,30.83,37624
-367.29,29.84,37636
-399.87,33.39,37648
-419.34,36.91,37659
-430.62,36.06,37671
-392.79,32.10,37683
-376.35,29.16,37695
-414.36,29.75,37706
-415.92,33.71,37719
-419.70,36.15,37730
-427.40,34.66,37741
-389.12,31.41,37753
-381.35,29.79,37765
-411.15,32.36,37777
-413.52,36.04,37788
-430.18,36.27,37800
-423.91,32.84,37812
-377.41,29.49,37824
-386.32,29.40,37835
-417.29,33.51,37848
-422.05,36.56,37859
-432.70,34.66,37871
-405.55,31.65,37882
-373.64,29.60,37894
-400.97,31.52,37906
-420.92,36.19,37917
-419.58,36.33,37929
-427.39,33.85,37941
-396.68,30.03,37953
-379.15,29.00,37964
-410.52,32.90,37977
-415.17,35.71,37988
-422.57,35.43,38000
-429.44,32.41,38011
-390.39,29.33,38024
-380.30,31.14,38035
-417.03,35.24,38046
-431.22,36.75,38059
-420.31,34.13,38070
-375.42,29.99,38082
-388.82,28.22,38093
-420.28,32.09,38106
-420.77,36.09,38117
-430.55,35.74,38129
-404.67,33.23,38140
-374.10,29.60,38153
-404.07,30.65,38164
-418.26,35.22,38176
-418.95,36.44,38188
-429.89,35.27,38199
-396.86,30.86,38211
-381.43,28.32,38222
-409.68,31.25,38235
-414.66,34.76,38246
-427.27,36.19,38258
-429.32,33.77,38269
-384.46,30.33,38282
-381.35,30.53,38293
-410.65,34.37,38305
-418.73,36.91,38317
-432.58,35.19,38328
-415.26,31.25,38340
-375.49,28.13,38351
-394.35,30.46,38364
-421.01,34.79,38375
-420.35,36.13,38387
-428.19,34.66,38398
-401.74,30.91,38411
-376.36,30.15,38422
-404.41,33.78,38434
-417.56,35.76,38446
-430.63,35.55,38458
-398.91,31.92,38469
-379.42,28.37,38480
-406.61,29.89,38493
-415.14,34.63,38504
-426.47,36.64,38516
-428.73,34.98,38528
-382.46,31.32,38540
-379.36,29.13,38551
-414.69,32.80,38563
-421.72,36.03,38575
-430.92,35.64,38587
-413.68,32.85,38598
-374.35,29.00,38610
-393.98,30.08,38622
-422.58,34.28,38633
-418.44,36.16,38645
-426.57,35.45,38657
-401.50,31.06,38669
-378.22,29.25,38680
-406.35,31.96,38692
-413.55,35.39,38704
-418.74,36.88,38716
-432.72,34.10,38727
-394.88,29.64,38739
-378.23,29.29,38751
-406.50,32.58,38763
-415.33,35.37,38774
-432.98,35.16,38786
-428.99,31.68,38798
-377.79,29.26,38809
-382.20,31.95,38821
-418.93,35.63,38833
-431.77,37.13,38845
-411.03,34.78,38856
-371.32,29.83,38868
-397.82,29.46,38880
-422.26,31.99,38892
-417.53,35.07,38903
-429.24,35.72,38916
-406.67,32.32,38927
-377.01,30.25,38938
-400.20,31.50,38950
-416.22,35.20,38962
-421.50,37.27,38974
-429.84,34.59,38985
-396.53,30.14,38998
-375.99,28.21,39009
-406.00,31.16,39021
-423.13,35.08,39032
-430.48,36.05,39045
-421.22,33.07,39056
-380.42,30.19,39067
-382.88,31.19,39079
-416.44,34.78,39091
-419.05,37.10,39103
-426.83,35.12,39114
-412.80,30.55,39127
-379.57,28.36,39138
-397.24,30.26,39150
-419.08,34.53,39161
-417.46,36.19,39174
-430.99,34.08,39185
-406.65,30.91,39197
-374.22,30.70,39208
-400.98,34.29,39220
-421.05,37.21,39232
-430.50,35.95,39243
-391.28,31.28,39256
-376.04,28.03,39267
-413.31,29.46,39279
-420.54,34.07,39290
-425.92,36.41,39303
-421.16,34.86,39314
-378.98,31.77,39326
-384.88,30.64,39337
-419.10,33.58,39350
-416.23,36.11,39361
-428.19,35.23,39372
-414.17,31.61,39385
-378.71,28.22,39396
-398.14,29.27,39408
-416.09,33.95,39419
-416.81,36.61,39432
-434.64,35.87,39443
-403.21,32.00,39455
-371.55,29.90,39467
-402.67,32.41,39479
-418.75,35.50,39490
-424.08,35.85,39502
-430.77,32.75,39514
-389.86,28.85,39525
-378.02,29.35,39537
-414.89,33.21,39548
-418.60,36.34,39561
-425.09,36.14,39572
-421.55,32.25,39584
-380.03,30.13,39596
-386.24,32.09,39608
-415.70,35.19,39619
-430.24,36.09,39631
-415.45,33.40,39643
-376.08,28.88,39655
-395.15,28.86,39666
-418.07,32.74,39677
-420.93,35.77,39690
-431.94,36.48,39701
-397.90,33.00,39713
-373.44,29.95,39725
-407.04,31.69,39737
-418.49,34.36,39748
-423.33,36.26,39760
-429.56,34.04,39772
-389.85,29.48,39784
-382.15,28.88,39795
-414.31,31.56,39808
-415.11,35.66,39819
-425.67,36.80,39830
-422.87,33.63,39842
-381.76,30.48,39854
-386.48,30.86,39866
-413.63,34.06,39877
-416.45,36.30,39889
-433.34,34.51,39901
-414.66,30.13,39913
-375.12,28.63,39924
-393.13,31.52,39937
-418.08,35.17,39948
-423.82,37.10,39959
-429.23,33.65,39971
-396.28,30.41,39983
-376.34,30.59,39995
-406.95,33.47,40006
-422.11,36.73,40018
-426.42,35.33,40030
-389.74,31.36,40042
-383.97,28.92,40053
-413.05,30.14,40066
-414.19,34.46,40077
-427.14,36.23,40089
-424.36,34.51,40100
-379.89,31.10,40112
-384.27,30.12,40124
-413.47,33.49,40135
-416.49,36.45,40147
-432.15,36.05,40159
-412.92,31.64,40171
-372.78,28.41,40182
-396.78,29.49,40195
-420.27,33.75,40206
-421.09,36.70,40218
-429.47,35.05,40229
-397.07,32.00,40242
-374.43,30.43,40253
-406.50,32.89,40264
-417.52,36.29,40276
-422.02,35.64,40288
-425.19,32.48,40300
-389.49,28.88,40311
-384.08,28.99,40324
-411.68,33.32,40335
-413.37,36.50,40347
-428.71,35.85,40358
-421.44,32.40,40371
-379.28,30.18,40382
-385.56,32.13,40394
-412.53,35.71,40406
-435.01,36.25,40417
-410.68,32.59,40429
-373.47,28.84,40440
-399.27,28.45,40453
-421.15,32.32,40464
-423.57,36.49,40476
-429.61,36.30,40487
-392.91,33.39,40500
-378.25,30.54,40511
-409.23,31.71,40523
-416.75,35.08,40535
-421.24,35.83,40547
-427.06,33.43,40558
-391.31,29.36,40569
-386.58,28.60,40582
-410.80,32.06,40593
-412.62,35.91,40605
-429.47,37.00,40616
-423.77,33.51,40629
-378.53,30.46,40640
-385.17,30.71,40652
-414.53,34.15,40664
-422.12,36.38,40676
-434.96,33.95,40687
-408.15,30.06,40699
-371.78,28.58,40711
-401.47,31.43,40722
-422.31,35.57,40734
-418.48,36.53,40745
-428.59,33.78,40758
-396.79,30.61,40769
-378.38,30.53,40781
-409.78,33.72,40793
-418.59,36.19,40805
-429.80,34.93,40816
-392.66,30.67,40828
-381.83,28.48,40840
-411.68,30.18,40852
-416.39,34.87,40863
-429.15,36.95,40875
-422.47,34.78,40887
-376.39,31.47,40898
-384.56,30.00,40910
-417.83,33.23,40922
-422.03,36.17,40934
-431.59,34.92,40945
-406.89,31.46,40957
-372.61,28.19,40969
-403.34,29.83,40981
-422.86,34.67,40992
-416.38,36.67,41004
-426.19,35.57,41016
-397.76,32.20,41027
-377.80,30.24,41039
-408.96,32.59,41051
-414.23,35.28,41063
-421.63,34.78,41074
-431.02,31.83,41086
-391.67,28.26,41098
-381.18,28.98,41110
-412.62,34.30,41121
-415.99,37.32,41134
-430.80,36.56,41145
-419.18,32.89,41156
-373.45,29.50,41168
-388.43,31.71,41180
-418.39,34.48,41192
-432.95,34.80,41203
-406.42,32.48,41216
-374.92,28.64,41227
-403.08,29.59,41239
-418.87,33.86,41250
-417.78,37.18,41263
-428.05,37.10,41274
-394.88,33.26,41286
-378.58,29.83,41297
-409.39,30.83,41309
-415.21,33.83,41321
-424.45,35.54,41332
-430.08,33.40,41345
-389.20,29.43,41356
-381.69,29.00,41368
-410.22,32.76,41379
-418.81,36.75,41392
-428.18,37.57,41403
-415.89,33.73,41415
-377.74,30.30,41426
-387.01,30.47,41439
-416.83,33.00,41450
-423.93,35.18,41461
-430.83,33.35,41474
-405.31,29.97,41485
-377.34,29.52,41497
-400.29,32.31,41508
-416.59,36.58,41521
-419.73,37.65,41532
-426.49,34.05,41544
-396.53,30.69,41555
-379.01,29.83,41568
-406.62,32.64,41579
-426.69,35.14,41591
-430.31,34.00,41603
-386.58,31.09,41614
-380.19,29.47,41626
-413.58,32.16,41637
-415.24,36.12,41650
-430.66,37.32,41661
-420.86,34.58,41673
-373.28,30.07,41684
-390.38,29.72,41697
-423.13,32.31,41708
-418.79,35.36,41720
-430.54,34.86,41732
-409.59,31.30,41743
-374.94,29.51,41755
-401.30,31.10,41766
-418.29,35.44,41779
-415.56,37.28,41790
-430.51,34.94,41802
-399.35,30.79,41814
-375.32,29.06,41826
-407.73,31.91,41837
-416.67,35.36,41849
-424.31,36.01,41861
-428.02,32.37,41873
-386.54,29.27,41884
-379.47,30.21,41895
-413.59,34.20,41908
-418.51,37.31,41919
-428.47,35.30,41931
-416.73,31.26,41943
-377.31,29.36,41955
-390.82,31.46,41966
-419.62,35.67,41978
-430.06,36.24,41990
-406.32,33.32,42002
-377.20,29.92,42013
-401.17,29.61,42025
-415.32,33.44,42037
-419.77,36.55,42048
-432.25,35.58,42060
-395.53,31.87,42072
-375.93,29.22,42084
-407.68,30.81,42095
-418.26,34.85,42107
-425.57,36.48,42119
-426.81,33.72,42131
-384.67,30.02,42142
-381.52,29.20,42155
-414.55,32.92,42166
-420.54,36.84,42178
-427.17,36.17,42189
-415.58,32.69,42201
-378.78,29.26,42213
-393.16,29.82,42224
-419.83,34.05,42236
-418.34,36.15,42248
-428.69,34.58,42260
-409.54,30.86,42271
-378.29,29.32,42284
-398.34,32.03,42295
-415.60,36.42,42307
-423.09,36.78,42318
-431.74,33.38,42331
-395.93,29.80,42342
-376.60,29.24,42353
-405.80,33.42,42365
-430.22,36.18,42377
-425.16,34.50,42389
-382.72,31.56,42400
-382.71,29.17,42413
-416.25,31.44,42424
-420.35,35.89,42436
-425.35,36.53,42447
-415.14,34.35,42460
-379.06,30.11,42471
-394.23,29.38,42483
-418.58,32.90,42494
-414.99,35.43,42506
-431.71,35.38,42518
-410.47,31.86,42529
-373.38,29.53,42542
-399.38,31.18,42553
-415.82,35.23,42565
-420.16,36.88,42576
-434.42,34.30,42589
-395.37,30.50,42600
-371.36,28.77,42612
-410.53,32.18,42624
-422.03,35.64,42635
-424.71,35.27,42647
-424.76,33.00,42658
-382.25,29.62,42671
-382.44,30.94,42682
-418.16,35.08,42694
-416.69,36.41,42705
-425.29,35.31,42718
-417.36,30.66,42729
-382.19,28.88,42741
-392.99,32.05,42753
-415.47,35.32,42765
-431.26,36.73,42776
-407.45,33.51,42787
-375.11,29.67,42800
-399.27,29.92,42811
-416.52,33.73,42823
-423.16,36.76,42834
-432.67,35.87,42847
-391.31,31.73,42858
-375.70,29.11,42870
-409.97,31.25,42882
-420.00,34.97,42894
-426.38,36.52,42905
-421.46,34.15,42917
-381.04,29.85,42929
-387.41,29.85,42940
-416.84,32.73,42952
-415.06,36.11,42963
-426.64,36.48,42976
-415.67,32.59,42987
-377.75,30.02,42999
-394.96,30.50,43011
-415.66,33.98,43023
-417.04,36.39,43034
-431.06,34.22,43046
-407.66,30.55,43058
-375.38,29.01,43070
-398.35,31.89,43081
-417.43,36.18,43092
-425.07,36.63,43105
-430.73,33.58,43116
-392.13,30.04,43128
-375.94,29.77,43140
-410.54,33.54,43152
-425.98,36.06,43163
-421.69,34.53,43175
-384.55,31.21,43187
-385.44,29.34,43199
-417.01,31.43,43210
-416.46,35.85,43223
-425.09,36.75,43234
-418.48,34.25,43245
-378.08,30.78,43257
-389.50,29.28,43269
-417.88,32.57,43281
-418.70,35.47,43292
-433.98,34.65,43304
-409.21,31.73,43316
-371.18,29.33,43328
-399.80,30.94,43339
-422.99,35.48,43352
-421.45,36.80,43363
-427.40,34.72,43375
-391.54,31.04,43386
-375.52,29.49,43398
-414.80,32.06,43410
-420.16,34.87,43421
-421.85,34.69,43433
-426.67,32.28,43445
-386.62,30.08,43457
-383.47,31.03,43468
-414.76,35.32,43481
-411.91,37.07,43492
-429.86,34.84,43504
-422.34,31.11,43515
-375.19,28.28,43528
-391.16,31.36,43539
-419.61,35.12,43550
-433.89,35.64,43563
-405.97,33.50,43574
-371.31,29.94,43586
-402.40,30.48,43597
-420.63,34.47,43610
-420.32,36.68,43621
-427.62,35.60,43633
-394.08,31.51,43644
-379.50,28.79,43657
-411.05,30.68,43668
-416.91,34.37,43679
-425.04,35.79,43692
-425.02,33.83,43703
-385.86,30.53,43715
-383.70,29.80,43726
-410.27,33.61,43739
-416.33,36.58,43750
-430.91,36.03,43762
-415.42,32.21,43773
-376.50,28.85,43786
-391.41,30.19,43797
-417.88,33.96,43809
-422.16,35.84,43821
-430.95,33.97,43832
-401.64,30.90,43844
-373.87,30.13,43855
-402.47,33.34,43868
-418.47,36.81,43879
-420.04,36.27,43891
-428.08,32.70,43902
-393.56,29.12,43915
-379.92,29.11,43926
-411.00,33.47,43938
-423.79,35.90,43950
-424.35,35.06,43962
-386.42,31.83,43973
-382.89,29.85,43984
-412.62,32.61,43997
-416.76,36.11,44008
-428.43,36.54,44020
-420.08,33.27,44032
-376.20,28.86,44044
-391.88,28.53,44055
-421.21,32.68,44067
-420.31,36.03,44079
-430.30,35.43,44091
-402.93,32.50,44102
-374.96,30.06,44114
-405.90,31.86,44126
-417.36,35.74,44137
-420.35,36.24,44149
-429.37,33.54,44161
-392.58,29.74,44173
-380.81,28.11,44184
-412.93,32.32,44196
-416.28,35.54,44208
-424.14,36.13,44220
-426.65,33.29,44231
-382.60,30.09,44243
-383.37,31.08,44255
-415.63,34.99,44267
-416.55,36.57,44278
-432.56,34.41,44290
-417.43,29.86,44302
-375.69,28.07,44313
-393.44,31.00,44325
-422.65,35.39,44337
-429.88,36.68,44349
-400.91,34.46,44360
-372.49,31.17,44372
-405.24,31.02,44384
-418.41,34.21,44396
-420.64,35.50,44407
-428.06,34.33,44420
-394.49,30.38,44431
-381.26,28.09,44442
-409.87,31.00,44454
-414.98,34.85,44466
-426.97,37.64,44478
-424.46,35.07,44489
-380.76,31.15,44502
-383.41,30.76,44513
-414.53,32.73,44525
-417.26,36.32,44536
-434.17,34.32,44549
-414.65,31.15,44560
-372.86,28.53,44572
-396.57,29.84,44583
-420.45,35.14,44595
-420.82,36.66,44607
-428.18,35.76,44618
-399.46,31.74,44631
-375.35,30.88,44642
-403.94,33.00,44654
-416.96,35.64,44665
-420.03,34.82,44678
-426.70,31.15,44689
-396.11,28.29,44701
-381.44,29.20,44712
-406.84,34.56,44724
-427.47,37.53,44736
-423.45,36.80,44747
-378.87,33.21,44760
-381.59,30.56,44771
-415.28,32.78,44783
-419.86,34.87,44794
-432.57,34.77,44807
-412.33,31.38,44818
-375.62,27.99,44830
-399.76,29.36,44841
-419.97,33.86,44854
-416.12,37.72,44865
-429.16,36.82,44876
-400.83,33.27,44889
-373.75,30.43,44900
-408.77,31.63,44912
-414.87,34.82,44923
-419.25,35.20,44936
-434.58,32.35,44947
-394.14,28.84,44959
-378.82,28.61,44971
-411.95,32.93,44983
-415.10,37.15,44994
-425.69,37.31,45006
-424.62,33.60,45018
-377.95,30.39,45029
-383.03,30.73,45041
-417.20,34.22,45052
-420.35,35.88,45065
-430.48,33.02,45076
-411.43,29.17,45088
-378.18,28.47,45100
-398.31,31.58,45112
-420.26,36.56,45123
-426.24,37.60,45135
-398.34,34.27,45147
-378.94,31.57,45159
-407.10,30.64,45170
-413.26,33.5