9⸮⸮995.00
13841.00
-365.34,30.08,1134
-409.20,30.61,1136
-414.85,35.73,1137
-424.65,38.75,1148
-436.25,36.14,1160
-373.56,30.12,1172
-378.32,27.15,1183
-424.98,31.36,1196
-417.45,36.49,1207
-435.49,37.13,1219
-410.27,33.64,1230
-358.85,29.88,1243
-404.11,31.41,1254
-423.64,36.22,1266
-413.83,38.18,1277
-435.88,34.85,1290
-387.48,29.53,1301
-373.87,27.32,1312
-422.28,31.90,1325
-412.61,36.66,1336
-425.05,37.11,1348
-429.28,32.76,1359
-367.46,29.60,1372
-387.48,31.36,1383
-421.43,37.03,1395
-411.85,38.42,1406
-441.37,34.87,1419
-403.00,29.28,1430
-361.50,27.37,1442
-411.75,32.62,1454
-421.61,36.76,1465
-424.28,36.61,1477
-435.58,32.06,1488
-372.62,29.22,1501
-376.77,32.20,1512
-411.74,37.37,1524
-432.34,38.34,1536
-416.52,33.54,1548
-361.77,29.23,1559
-404.31,28.14,1571
-424.47,33.25,1583
-413.50,37.96,1595
-438.92,35.73,1606
-388.98,32.24,1618
-366.77,28.99,1630
-420.32,32.06,1641
-413.18,37.87,1653
-424.12,37.68,1665
-430.33,33.90,1677
-369.16,29.01,1688
-388.49,28.46,1700
-423.09,34.00,1712
-412.20,37.48,1724
-441.77,35.57,1735
-406.56,31.06,1747
-357.69,29.07,1759
-408.29,32.78,1771
-420.00,38.25,1782
-424.10,37.55,1795
-437.44,32.69,1806
-373.64,28.90,1817
-373.93,29.24,1829
-426.37,34.78,1841
-414.80,37.57,1853
-433.42,34.57,1864
-417.60,30.25,1876
-362.78,28.92,1888
-403.36,33.11,1900
-410.23,38.29,1911
-439.79,37.37,1924
-392.83,32.48,1935
-368.52,28.80,1947
-418.21,30.05,1958
-411.41,35.22,1970
-427.71,37.79,1982
-437.21,34.18,1993
-368.32,29.82,2006
-380.28,29.51,2017
-424.04,33.74,2029
-411.63,39.60,2040
-439.51,36.88,2053
-405.02,31.69,2064
-358.77,28.04,2076
-409.91,29.73,2087
-424.43,36.00,2100
-419.00,37.42,2111
-432.60,33.68,2123
-379.07,30.07,2135
-377.04,29.43,2146
-421.72,34.90,2158
-411.03,38.98,2169
-429.65,36.76,2182
-420.51,31.71,2193
-366.78,28.12,2205
-397.37,30.47,2216
-422.29,35.98,2229
-413.99,36.98,2240
-441.11,33.31,2252
-397.35,29.50,2264
-363.53,30.18,2276
-415.50,35.24,2287
-423.65,38.88,2299
-434.33,36.46,2311
-369.92,30.92,2322
-379.30,28.20,2334
-428.08,31.32,2345
-415.52,36.52,2358
-434.33,36.83,2369
-411.01,32.59,2381
-361.12,29.24,2393
-404.63,30.69,2405
-422.17,36.19,2416
-414.15,38.84,2428
-435.00,35.86,2440
-383.67,30.46,2452
-370.98,28.32,2463
-423.31,31.89,2476
-414.57,36.25,2487
-430.02,36.37,2498
-426.89,31.89,2510
-363.66,29.04,2522
-393.93,31.70,2534
-423.54,36.48,2545
-411.47,39.20,2557
-439.88,34.76,2569
-400.69,29.82,2581
-363.12,28.25,2592
-414.93,32.19,2605
-417.85,36.94,2616
-424.74,36.22,2628
-434.70,31.62,2639
-373.71,29.02,2651
-377.10,31.82,2663
-423.94,37.27,2674
-433.69,38.61,2686
-411.28,34.14,2698
-363.74,29.34,2710
-404.50,28.73,2721
-422.22,33.32,2734
-417.96,36.92,2745
-439.26,35.63,2757
-385.33,30.57,2768
-371.70,28.78,2781
-420.51,32.71,2792
-411.03,37.84,2804
-429.41,39.24,2816
-424.65,33.76,2827
-365.76,28.98,2839
-393.12,29.15,2850
-422.77,33.22,2863
-414.33,37.27,2874
-440.21,35.20,2886
-401.77,30.49,2897
-363.41,29.08,2910
-411.58,33.30,2921
-417.42,38.34,2933
-420.14,38.53,2945
-436.00,33.24,2957
-373.79,28.23,2968
-377.64,29.41,2980
-427.85,33.89,2992
-412.19,36.85,3003
-433.85,34.72,3015
-418.06,29.79,3026
-361.71,29.43,3039
-400.29,33.77,3050
-421.74,38.59,3062
-435.80,38.64,3074
-389.93,32.96,3086
-366.81,28.58,3097
-419.33,30.08,3109
-417.22,34.16,3121
-426.70,36.49,3133
-431.13,33.70,3144
-370.90,29.28,3155
-385.99,29.54,3168
-421.37,34.86,3179
-412.17,39.11,3191
-436.46,38.11,3203
-404.37,32.50,3215
-363.18,28.34,3226
-405.76,30.47,3238
-420.82,34.99,3250
-425.75,36.19,3262
-435.73,33.37,3273
-375.88,28.27,3286
-376.44,30.22,3297
-423.09,34.88,3309
-411.71,39.10,3320
-430.29,37.80,3332
-417.34,31.02,3344
-361.59,28.82,3355
-401.61,30.93,3367
-422.71,35.85,3379
-412.89,36.87,3391
-442.01,32.09,3402
-394.94,28.62,3415
-363.27,29.67,3426
-419.27,35.48,3438
-414.77,39.12,3449
-433.85,37.37,3462
-367.58,31.58,3473
-382.02,28.67,3485
-429.36,32.04,3496
-413.56,35.64,3508
-434.82,36.59,3520
-410.56,31.57,3531
-361.87,28.49,3544
-406.80,30.27,3555
-422.04,35.55,3567
-416.89,39.33,3578
-433.69,36.13,3591
-382.22,31.11,3602
-375.09,28.82,3614
-421.57,32.41,3625
-412.03,36.65,3638
-433.55,36.25,3649
-421.67,31.76,3660
-363.44,28.11,3673
-394.94,30.82,3684
-421.03,36.04,3696
-415.26,38.87,3707
-440.21,35.78,3720
-391.24,30.41,3731
-364.34,29.57,3743
-416.21,33.34,3755
-414.96,37.09,3767
-425.55,35.73,3778
-433.49,30.84,3790
-370.57,28.11,3802
-385.43,31.20,3814
-424.76,36.69,3825
-409.96,38.42,3836
-410.00,35.03,3849
-361.91,30.26,3860
-406.18,29.95,3872
-418.48,34.18,3884
-418.00,37.04,3896
-442.58,35.55,3907
-383.56,30.00,3919
-373.25,27.96,3931
-422.53,31.62,3943
-411.18,37.21,3954
-431.47,38.32,3966
-425.64,34.27,3978
-362.65,29.59,3990
-394.67,29.89,4001
-424.80,34.91,4013
-412.15,37.21,4025
-440.40,35.13,4036
-400.32,29.75,4048
-365.00,27.95,4060
-415.88,32.52,4072
-417.51,37.19,4083
-424.51,38.23,4096
-433.86,33.50,4107
-373.03,29.28,4119
-381.49,30.83,4130
-422.08,35.24,4143
-412.77,37.74,4154
-437.96,34.69,4166
-413.52,29.16,4177
-363.09,27.59,4189
-406.58,32.29,4201
-422.40,37.26,4212
-417.22,37.43,4225
-386.10,33.68,4236
-368.06,29.66,4248
-420.43,31.67,4259
-414.25,36.07,4272
-428.81,37.37,4283
-429.68,34.11,4295
-368.95,28.45,4306
-390.24,27.82,4319
-424.92,32.93,4330
-412.42,37.33,4341
-436.18,37.39,4354
-403.53,32.69,4365
-363.48,29.17,4377
-408.45,31.73,4388
-417.44,36.27,4401
-423.70,37.45,4412
-437.17,33.61,4424
-376.53,28.60,4435
-377.65,28.31,4448
-422.26,34.13,4459
-412.89,37.25,4471
-434.55,36.84,4483
-414.84,31.67,4495
-360.81,29.01,4506
-401.29,32.80,4517
-424.52,36.70,4530
-408.12,37.79,4541
-442.88,32.56,4553
-391.82,29.16,4564
-363.14,28.41,4577
-424.64,34.63,4588
-411.41,37.61,4600
-423.12,36.40,4612
-368.60,30.97,4624
-381.16,28.98,4635
-428.40,33.12,4647
-406.93,37.35,4659
-438.46,38.24,4671
-411.85,31.99,4682
-355.97,28.61,4694
-409.42,29.42,4706
-420.05,34.48,4717
-421.83,38.87,4729
-436.86,34.85,4741
-374.67,31.15,4753
-375.93,29.08,4764
-425.13,33.63,4776
-408.24,38.41,4788
-432.22,37.24,4800
-420.72,32.40,4811
-359.97,27.46,4824
-405.12,29.92,4835
-421.26,34.28,4847
-410.17,37.89,4858
-447.37,35.05,4870
-391.86,30.12,4882
-363.45,29.98,4893
-419.13,33.56,4905
-412.65,38.57,4917
-425.66,37.07,4929
-435.03,31.25,4940
-368.74,27.60,4953
-383.18,29.31,4964
-429.38,35.26,4976
-414.54,37.23,4987
-434.35,34.88,5000
-361.93,30.66,5011
-404.33,30.31,5022
-420.25,35.06,5035
-417.94,38.06,5046
-435.71,36.29,5058
-385.68,30.10,5069
-375.76,27.21,5082
-418.48,30.22,5093
-415.36,35.56,5105
-432.75,37.70,5116
-422.51,34.30,5129
-365.29,30.60,5140
-390.23,30.87,5152
-419.15,35.41,5164
-417.64,38.29,5176
-443.24,35.27,5187
-395.64,29.59,5198
-366.49,27.29,5211
-416.07,31.38,5222
-418.30,36.66,5234
-425.04,37.46,5245
-432.38,33.62,5258
-372.42,29.86,5269
-381.99,31.30,5281
-423.94,36.10,5293
-408.72,38.28,5305
-435.83,35.20,5316
-415.79,29.60,5328
-363.68,27.76,5340
-404.49,31.98,5352
-421.22,36.86,5363
-416.59,37.19,5374
-437.54,33.03,5387
-370.12,29.54,5398
-414.96,31.63,5410
-416.18,36.81,5422
-429.71,38.43,5434
-424.50,34.95,5445
-367.63,28.95,5457
-391.00,27.39,5469
-422.57,32.58,5481
-416.61,36.90,5492
-438.94,36.79,5505
-396.70,32.47,5516
-363.19,29.36,5528
-413.11,32.68,5539
-414.38,37.38,5551
-420.46,38.19,5563
-435.12,34.52,5574
-373.07,28.36,5586
-380.95,28.11,5598
-426.34,32.74,5610
-410.49,36.92,5621
-433.50,36.51,5634
-416.19,31.91,5645
-361.18,29.70,5657
-400.37,33.49,5668
-420.26,37.78,5681
-412.22,38.57,5692
-439.35,33.40,5703
-390.75,28.20,5715
-369.22,27.91,5727
-421.27,33.12,5739
-415.73,37.20,5750
-429.74,36.17,5763
-431.68,31.80,5774
-383.74,29.80,5786
-424.13,34.01,5797
-415.09,38.22,5810
-436.87,37.75,5821
-403.97,32.32,5833
-362.39,27.24,5844
-412.94,28.89,5857
-423.64,33.46,5868
-420.53,37.37,5879
-433.90,35.95,5892
-377.26,31.27,5903
-374.00,30.61,5915
-423.51,34.27,5926
-411.34,38.24,5939
-431.24,37.21,5950
-422.35,31.47,5962
-364.53,27.55,5974
-397.43,29.19,5986
-425.95,34.55,5997
-415.05,37.18,6009
-440.74,35.15,6021
-395.15,30.44,6033
-361.62,30.26,6044
-416.01,34.82,6055
-419.79,38.17,6068
-425.56,36.95,6079
-431.41,31.00,6091
-369.69,27.50,6103
-384.70,30.38,6115
-429.20,34.98,6126
-415.19,37.02,6138
-433.77,33.87,6150
-409.65,30.03,6162
-407.56,30.62,6173
-418.95,35.49,6185
-417.44,38.86,6197
-437.66,36.53,6209
-383.52,30.72,6220
-374.75,27.33,6232
-421.01,30.86,6244
-416.17,35.92,6255
-433.35,36.92,6267
-420.54,33.50,6279
-363.13,29.53,6291
-395.77,30.96,6302
-424.26,35.93,6315
-413.45,38.64,6326
-437.50,36.39,6338
-395.84,30.54,6349
-364.53,27.99,6362
-419.91,31.58,6373
-417.16,36.10,6384
-423.47,36.60,6396
-432.75,32.48,6408
-372.29,29.05,6420
-383.28,31.40,6431
-422.26,36.68,6444
-410.74,39.68,6455
-437.62,35.25,6467
-409.73,31.03,6478
-361.33,26.10,6491
-405.51,32.55,6502
-421.26,35.65,6514
-422.93,36.02,6525
-435.50,33.33,6538
-382.75,28.39,6549
-421.10,32.98,6560
-414.79,37.08,6573
-427.42,38.68,6584
-420.73,35.29,6596
-369.93,29.12,6607
-393.57,28.17,6620
-422.91,32.69,6631
-417.19,36.81,6643
-436.03,36.48,6654
-402.33,31.84,6667
-363.98,28.88,6678
-409.58,32.08,6690
-417.53,37.59,6702
-423.49,38.76,6714
-434.25,34.78,6725
-371.01,29.11,6736
-380.42,28.38,6749
-424.02,33.42,6760
-414.90,36.97,6772
-437.34,35.69,6784
-414.20,30.87,6796
-359.98,28.48,6807
-404.55,32.09,6819
-423.88,38.17,6831
-413.56,37.67,6843
-440.70,33.89,6854
-386.22,28.77,6866
-367.77,29.00,6878
-424.08,34.46,6889
-416.61,37.07,6901
-427.17,35.62,6913
-428.42,30.31,6925
-367.40,28.32,6936
-424.91,32.34,6948
-413.90,37.70,6960
-439.82,38.07,6972
-398.49,33.50,6983
-366.07,28.90,6995
-413.32,29.89,7007
-416.56,34.81,7019
-422.07,37.30,7030
-437.69,35.01,7043
-375.87,29.62,7054
-378.39,28.65,7065
-424.17,32.85,7077
-412.09,37.73,7089
-436.86,37.90,7101
-413.34,32.82,7112
-359.07,29.15,7124
-402.19,30.81,7136
-422.80,35.33,7148
-416.68,36.97,7159
-439.10,33.59,7172
-388.66,28.33,7183
-369.51,28.91,7195
-422.79,33.53,7206
-411.91,38.55,7219
-427.12,38.12,7230
-426.54,32.72,7241
-366.45,29.58,7254
-389.44,31.27,7265
-422.60,35.66,7277
-412.49,36.26,7288
-441.07,32.45,7301
-404.32,28.53,7312
-362.43,29.30,7324
-416.28,35.32,7335
-419.39,38.85,7348
-434.86,37.38,7359
-374.61,31.84,7371
-376.71,28.58,7383
-423.37,32.05,7395
-414.07,36.04,7406
-433.32,37.07,7417
-416.67,32.06,7430
-364.66,28.39,7441
-400.59,29.64,7453
-421.73,34.86,7464
-414.74,39.13,7477
-436.57,36.59,7488
-390.58,31.31,7500
-368.24,28.99,7512
-417.09,32.24,7524
-416.38,36.46,7535
-426.31,36.46,7547
-429.17,31.65,7559
-370.08,27.67,7570
-387.54,29.86,7582
-423.93,35.26,7593
-413.99,38.64,7606
-436.05,36.32,7617
-403.05,30.83,7629
-363.56,29.82,7641
-409.51,33.03,7653
-421.14,36.60,7664
-419.13,36.14,7676
-436.23,30.71,7688
-384.23,27.82,7700
-375.34,30.10,7711
-413.03,36.66,7724
-430.14,37.77,7735
-422.23,36.37,7746
-365.10,30.29,7758
-390.18,29.53,7770
-427.11,34.01,7782
-414.97,36.92,7793
-440.74,35.79,7805
-398.55,30.12,7817
-361.43,27.38,7829
-416.50,30.83,7840
-424.03,37.03,7853
-421.00,38.45,7864
-428.74,35.25,7876
-371.05,30.19,7887
-378.34,30.41,7900
-430.72,34.62,7911
-413.29,37.54,7922
-430.21,34.95,7934
-413.50,29.55,7946
-363.00,27.86,7958
-412.19,31.34,7969
-417.39,37.13,7982
-414.62,38.23,7993
-440.55,34.41,8005
-383.64,30.11,8016
-368.97,30.52,8029
-421.68,35.04,8040
-410.34,37.33,8052
-433.60,34.81,8064
-429.43,28.95,8076
-357.25,27.65,8087
-398.09,32.36,8098
-406.49,37.68,8111
-445.43,38.39,8122
-395.11,33.62,8134
-356.30,29.96,8145
-422.69,30.88,8158
-418.83,35.49,8169
-418.68,37.52,8181
-436.63,33.92,8193
-373.34,28.72,8205
-381.94,27.81,8216
-426.86,32.60,8228
-410.46,37.53,8240
-432.68,38.10,8251
-413.15,33.18,8263
-363.02,29.84,8274
-401.65,31.65,8287
-418.51,36.26,8298
-419.11,37.89,8310
-441.23,33.25,8322
-384.45,28.28,8334
-371.44,27.29,8345
-421.24,33.04,8357
-414.74,37.92,8369
-432.29,37.43,8381
-423.69,33.29,8392
-360.09,29.86,8404
-392.22,32.62,8416
-426.39,36.40,8427
-412.59,37.31,8439
-437.10,32.82,8451
-400.08,27.83,8463
-366.56,28.67,8474
-414.76,33.58,8486
-420.64,38.25,8498
-433.39,37.14,8510
-378.10,32.45,8521
-379.04,29.87,8534
-419.04,32.61,8545
-410.64,37.40,8557
-438.58,37.30,8568
-418.39,32.50,8581
-361.90,27.67,8592
-401.49,28.44,8603
-422.30,34.06,8615
-418.22,38.07,8627
-438.73,36.49,8639
-386.69,31.57,8650
-365.67,29.88,8663
-418.42,33.43,8674
-417.42,37.78,8686
-427.55,37.20,8697
-427.19,31.35,8710
-368.61,27.69,8721
-390.24,28.90,8733
-424.92,34.74,8744
-415.10,37.31,8757
-436.78,36.81,8768
-400.67,30.37,8779
-364.09,30.84,8792
-411.48,33.81,8803
-416.90,37.32,8815
-416.12,37.44,8826
-442.15,30.53,8839
-377.36,28.02,8850
-375.89,29.02,8862
-428.74,34.93,8873
-432.94,37.77,8886
-430.12,35.11,8897
-358.78,30.81,8909
-391.12,29.81,8921
-428.57,35.00,8932
-410.94,37.82,8944
-440.83,37.44,8955
-397.60,30.10,8968
-361.37,27.68,8979
-417.43,30.19,8991
-419.46,35.32,9003
-428.32,38.41,9015
-426.41,34.33,9026
-369.80,30.58,9038
-385.50,29.97,9050
-422.01,34.39,9062
-412.12,38.03,9073
-439.22,35.67,9085
-407.45,30.45,9097
-364.19,27.00,9108
-413.13,30.91,9120
-412.89,35.90,9132
-418.28,37.84,9144
-441.73,34.51,9155
-376.76,29.61,9167
-374.21,30.84,9179
-419.98,34.76,9191
-410.25,38.17,9202
-435.70,35.94,9214
-423.08,29.82,9226
-362.91,27.79,9238
-393.63,31.43,9249
-424.39,36.46,9262
-437.09,37.17,9273
-393.73,33.14,9284
-366.09,29.50,9296
-414.38,30.67,9308
-415.38,36.11,9320
-423.88,38.07,9331
-430.63,35.69,9344
-373.03,30.31,9355
-385.48,27.90,9367
-420.58,32.30,9378
-411.77,36.19,9391
-438.43,36.58,9402
-414.70,32.34,9414
-362.85,28.88,9425
-401.99,31.34,9438
-418.23,36.60,9449
-417.67,38.83,9460
-439.89,35.63,9473
-383.76,30.12,9484
-368.68,28.26,9496
-421.47,32.33,9507
-414.48,36.23,9520
-430.45,35.53,9531
-428.40,31.74,9543
-364.63,28.68,9554
-388.87,32.35,9567
-426.74,37.57,9578
-410.34,38.71,9590
-436.42,34.80,9602
-403.04,29.57,9613
-363.31,28.38,9625
-411.89,32.87,9636
-420.60,36.64,9649
-435.92,35.38,9660
-381.06,31.45,9672
-375.16,28.75,9683
-420.95,32.50,9696
-412.97,37.82,9707
-432.37,38.34,9719
-420.08,33.86,9731
-364.66,28.98,9743
-398.35,28.74,9754
-422.34,33.75,9766
-418.31,37.15,9778
-441.43,35.09,9789
-390.23,30.52,9801
-365.50,28.46,9812
-418.27,32.66,9825
-416.19,38.35,9836
-426.52,38.41,9848
-426.71,33.72,9860
-368.12,28.76,9872
-389.30,28.88,9883
-427.30,33.98,9895
-412.70,36.45,9907
-436.79,35.05,9919
-408.98,30.21,9930
-362.95,29.04,9943
-408.73,33.79,9954
-415.53,38.06,9965
-417.38,38.43,9977
-441.72,32.44,9989
-379.73,28.10,10001
-371.59,29.42,10012
-422.83,34.06,10024
-414.93,37.51,10036
-421.59,34.97,10048
-360.46,30.23,10059
-396.34,29.44,10072
-424.05,33.86,10083
-412.85,38.31,10095
-438.93,37.37,10106
-395.26,32.34,10119
-364.00,28.54,10130
-416.03,31.03,10141
-417.82,35.63,10153
-421.71,37.42,10165
-433.32,33.96,10177
-374.60,29.29,10188
-382.58,28.89,10201
-422.63,34.08,10212
-410.91,38.46,10224
-435.28,37.69,10235
-411.93,32.55,10248
-362.05,28.83,10259
-400.40,31.11,10271
-419.77,36.06,10283
-421.72,36.54,10294
-439.09,33.21,10306
-385.24,28.94,10317
-372.86,29.33,10330
-417.93,35.33,10341
-412.16,39.15,10353
-431.31,36.83,10364
-424.95,31.78,10377
-364.02,28.21,10388
-392.44,31.40,10400
-423.76,36.45,10412
-415.05,36.34,10424
-400.64,32.67,10435
-365.15,28.36,10447
-414.53,29.38,10459
-415.70,35.72,10470
-421.04,38.90,10482
-434.10,36.78,10493
-374.45,31.66,10506
-380.98,28.61,10517
-422.57,31.76,10529
-412.31,36.61,10541
-437.05,36.08,10553
-418.36,31.98,10564
-363.85,28.43,10576
-400.09,29.84,10588
-420.01,36.57,10600
-415.39,39.07,10611
-438.93,36.41,10624
-387.86,31.46,10635
-367.33,28.53,10646
-417.60,32.83,10658
-415.88,36.67,10670
-431.11,35.81,10682
-430.07,31.49,10693
-368.10,27.69,10705
-388.98,30.68,10717
-424.75,36.76,10729
-412.41,39.07,10740
-437.23,36.16,10753
-402.78,30.85,10764
-362.79,28.96,10776
-410.56,32.85,10787
-417.40,36.38,10799
-420.67,35.40,10811
-380.20,31.06,10822
-375.81,28.15,10834
-421.55,31.10,10846
-411.94,37.11,10858
-432.96,38.45,10869
-421.69,35.00,10882
-363.33,30.39,10893
-396.30,29.35,10905
-422.76,34.03,10916
-416.25,36.98,10929
-439.58,35.36,10940
-395.29,30.40,10952
-367.71,27.67,10963
-415.85,31.51,10975
-414.72,37.04,10987
-424.87,38.64,10998
-430.44,34.52,11011
-371.72,30.47,11022
-383.58,29.85,11034
-420.42,34.52,11045
-412.93,37.05,11058
-439.76,34.03,11069
-411.95,29.74,11081
-363.81,27.73,11092
-404.18,32.34,11105
-419.25,38.51,11116
-419.51,38.50,11128
-437.55,33.94,11140
-381.44,29.29,11151
-371.11,29.97,11163
-420.80,35.15,11174
-415.15,37.18,11187
-431.54,34.42,11198
-364.59,29.24,11210
-395.42,27.78,11222
-424.72,32.81,11234
-412.30,37.75,11245
-434.31,38.07,11257
-397.15,33.76,11269
-366.98,29.88,11281
-411.47,31.43,11292
-415.85,35.68,11304
-421.70,37.41,11316
-434.13,33.62,11327
-377.12,28.41,11339
-380.46,27.70,11351
-420.31,32.59,11363
-413.50,38.06,11374
-437.60,38.02,11386
-410.34,33.49,11398
-361.16,29.74,11410
-401.82,31.61,11421
-418.87,36.10,11433
-419.12,36.72,11445
-439.89,33.27,11457
-385.41,28.20,11468
-370.54,28.25,11480
-420.30,33.78,11492
-415.26,38.05,11503
-427.50,37.39,11515
-425.34,32.44,11527
-367.30,29.49,11539
-389.50,32.05,11550
-422.15,36.33,11563
-414.16,36.97,11574
-440.20,32.46,11586
-364.79,28.06,11597
-407.94,28.26,11610
-419.27,34.06,11621
-424.53,38.31,11633
-433.76,36.84,11644
-376.52,32.42,11656
-374.23,29.49,11668
-419.89,33.00,11679
-418.84,37.17,11692
-432.96,36.38,11703
-415.14,31.75,11715
-368.85,27.42,11726
-400.22,29.00,11739
-420.78,34.76,11750
-417.46,38.62,11762
-436.16,36.50,11773
-392.07,31.32,11786
-368.83,29.60,11797
-413.68,32.67,11809
-417.10,36.89,11821
-428.92,36.25,11832
-429.83,30.74,11844
-372.86,27.87,11855
-385.56,29.92,11868
-423.79,35.83,11879
-415.82,39.17,11891
-434.92,35.77,11902
-404.76,31.08,11915
-363.90,29.46,11926
-406.94,33.05,11938
-420.54,37.35,11950
-420.28,36.15,11962
-436.49,30.53,11973
-375.60,27.25,11984
-422.13,30.03,11997
-413.43,35.73,12008
-430.43,38.92,12020
-421.30,35.49,12032
-364.69,31.20,12044
-391.62,30.16,12055
-421.27,33.74,12067
-416.00,37.45,12079
-441.14,35.14,12091
-398.43,29.72,12102
-366.33,27.17,12114
-415.40,30.51,12126
-418.12,36.74,12138
-425.92,38.98,12149
-430.91,35.03,12161
-366.75,30.74,12173
-381.56,30.58,12184
-425.21,34.31,12196
-412.46,37.19,12208
-438.32,34.56,12220
-411.16,29.37,12231
-362.02,27.89,12243
-409.33,31.34,12255
-419.47,36.96,12267
-414.45,38.30,12278
-440.13,33.95,12291
-382.71,30.40,12302
-370.49,31.03,12314
-422.43,35.01,12325
-410.10,37.71,12337
-429.87,34.16,12349
-428.78,28.51,12360
-391.83,27.75,12372
-423.26,31.80,12384
-413.42,37.78,12396
-438.28,38.96,12407
-398.38,33.56,12420
-363.36,29.87,12431
-412.14,31.03,12443
-418.29,35.21,12454
-422.78,37.50,12467
-435.65,34.00,12478
-374.82,28.56,12490
-383.48,28.25,12502
-423.07,32.49,12513
-410.31,37.90,12525
-434.04,38.15,12536
-414.14,32.35,12549
-363.98,29.58,12560
-401.84,31.30,12572
-418.28,35.95,12583
-418.33,38.48,12596
-439.28,33.64,12607
-390.26,28.34,12619
-369.45,27.87,12631
-415.81,32.49,12643
-416.36,38.12,12654
-431.38,37.81,12665
-425.29,32.59,12678
-366.09,29.80,12689
-388.30,31.89,12701
-422.14,36.20,12712
-416.08,37.73,12725
-439.96,33.18,12736
-401.05,28.42,12748
-412.04,29.08,12760
-418.36,33.31,12772
-421.75,37.87,12783
-435.44,36.82,12795
-377.99,31.19,12807
-377.19,29.36,12819
-421.79,32.23,12830
-410.87,36.91,12841
-432.33,38.17,12854
-422.20,33.04,12865
-365.13,28.35,12877
-395.55,29.06,12889
-422.55,33.69,12901
-417.61,37.63,12912
-439.42,36.08,12924
-395.62,30.44,12936
-363.40,29.49,12948
-412.81,33.40,12959
-418.79,37.27,12972
-427.40,38.02,12983
-428.34,32.14,12995
-370.05,27.79,13006
-385.62,30.00,13018
-424.98,34.15,13030
-414.47,37.89,13041
-434.49,35.88,13053
-406.24,30.31,13065
-365.52,30.13,13077
-406.36,33.42,13088
-418.45,37.48,13101
-417.51,37.54,13112
-437.21,31.49,13124
-384.24,28.23,13135
-420.05,30.45,13148
-414.51,34.87,13159
-431.65,37.69,13170
-425.16,35.01,13182
-364.22,29.51,13194
-392.69,29.61,13206
-422.29,34.26,13217
-414.25,38.08,13230
-438.97,37.79,13241
-397.11,31.39,13253
-364.78,28.04,13264
-415.56,30.89,13277
-417.27,34.99,13288
-424.52,37.36,13300
-434.03,33.98,13312
-372.95,29.36,13324
-380.75,30.55,13335
-421.91,35.14,13346
-410.02,38.81,13359
-435.12,37.24,13370
-413.54,30.85,13382
-362.72,27.58,13393
-403.37,30.97,13406
-420.25,35.65,13417
-419.00,37.21,13429
-440.15,33.51,13441
-385.84,28.75,13453
-369.75,30.33,13464
-418.82,35.25,13476
-413.98,38.30,13488
-430.40,36.89,13500
-425.86,30.36,13511
-367.32,28.07,13522
-423.58,31.67,13535
-415.95,35.65,13546
-439.02,37.24,13558
-402.10,32.69,13570
-366.10,28.46,13582
-410.16,30.86,13593
-416.49,35.58,13605
-424.51,38.54,13617
-434.03,36.15,13629
-375.17,29.83,13640
-380.96,27.93,13652
-423.05,32.01,13664
-414.48,36.11,13675
-437.39,36.75,13687
-416.89,32.48,13699
-363.05,28.86,13711
-399.64,31.77,13722
-422.16,36.36,13734
-416.37,38.35,13746
-438.95,35.58,13758
-391.96,29.49,13769
-368.05,28.57,13782
-416.81,32.82,13793
-417.56,36.51,13805
-427.60,36.38,13816
-430.26,31.41,13829
-371.02,28.40,13840
-385.30,31.71,13851
-423.35,37.16,13863
-413.73,38.69,13875
-435.10,34.91,13887
-407.89,29.32,13898
-363.93,28.64,13911
-421.49,33.16,13922
-422.97,36.38,13934
-435.60,35.81,13945
-380.82,30.87,13958
-374.77,28.33,13969
-420.47,32.54,13981
-413.81,37.58,13992
-428.96,38.61,14005
-418.62,34.76,14016
-362.97,29.25,14027
-395.17,29.21,14040
-426.27,33.70,14051
-414.22,36.52,14063
-436.39,35.29,14074
-399.31,30.50,14087
-367.38,28.64,14098
-411.21,32.89,14110
-414.80,37.80,14121
-423.26,38.61,14134
-431.28,34.12,14145
-374.13,29.07,14157
-380.08,29.56,14169
-421.78,34.32,14181
-417.55,36.64,14192
-438.24,34.59,14203
-410.43,30.07,14216
-362.63,28.33,14227
-404.86,33.60,14239
-421.20,38.21,14251
-417.14,38.29,14263
-436.56,33.55,14274
-383.62,28.57,14286
-370.59,30.00,14298
-413.68,34.59,14310
-429.85,36.88,14321
-425.59,34.14,14333
-366.24,29.18,14345
-391.14,28.63,14357
-422.02,33.86,14368
-413.48,38.64,14380
-438.90,38.22,14392
-399.08,32.95,14403
-362.48,28.81,14415
-412.39,30.52,14427
-417.93,35.06,14439
-424.26,36.32,14450
-436.28,33.32,14462
-374.64,28.86,14474
-379.11,28.97,14486
-424.17,34.50,14497
-411.77,38.42,14510
-433.86,37.65,14521
-414.47,32.06,14532
-361.32,28.67,14544
-401.84,31.47,14556
-421.91,35.47,14568
-417.42,36.95,14579
-439.98,33.11,14592
-389.97,28.41,14603
-370.62,29.29,14615
-418.08,34.61,14626
-413.90,38.76,14639
-428.09,37.55,14650
-426.36,31.82,14662
-367.61,28.65,14673
-390.31,31.67,14686
-413.03,35.90,14697
-440.67,36.61,14708
-405.41,32.65,14721
-364.26,28.04,14732
-410.31,29.75,14744
-416.41,35.25,14755
-420.83,38.78,14768
-437.09,37.27,14779
-377.23,31.12,14791
-373.91,28.51,14802
-423.11,32.45,14815
-413.66,36.01,14826
-433.70,36.75,14838
-420.21,32.00,14850
-363.42,27.99,14862
-397.69,30.39,14873
-422.14,35.39,14884
-414.40,38.74,14897
-438.13,36.55,14908
-392.84,30.99,14920
-364.69,29.30,14931
-413.75,32.89,14944
-415.93,36.49,14955
-426.82,35.97,14967
-434.60,31.00,14979
-373.66,27.36,14991
-382.31,30.72,15002
-422.39,36.36,15014
-413.62,39.01,15026
-435.33,36.14,15038
-408.78,30.56,15049
-361.18,29.51,15060
-402.41,33.47,15073
-422.33,36.66,15084
-436.29,35.44,15096
-383.46,30.08,15108
-374.27,27.66,15120
-421.03,31.32,15131
-413.13,36.82,15143
-429.69,38.87,15155
-421.60,35.34,15167
-366.21,30.30,15178
-393.53,29.47,15191
-421.19,34.02,15202
-413.57,37.12,15213
-441.72,35.32,15225
-400.59,30.06,15237
-365.88,27.40,15249
-412.86,31.80,15260
-417.80,37.04,15272
-421.80,38.59,15284
-434.92,34.86,15296
-373.53,29.33,15307
-376.25,30.16,15320
-425.60,34.63,15331
-416.44,37.23,15343
-434.23,35.48,15354
-415.39,29.58,15367
-363.44,27.46,15378
-404.10,32.13,15389
-425.03,37.13,15401
-416.72,38.11,15413
-433.65,34.24,15425
-389.73,29.86,15436
-370.56,30.74,15449
-419.17,34.97,15460
-428.46,36.92,15472
-430.57,34.37,15483
-372.28,29.10,15496
-388.35,27.34,15507
-422.65,32.59,15519
-414.73,37.53,15531
-440.74,38.31,15543
-402.17,33.68,15554
-361.04,29.12,15565
-409.30,31.15,15578
-421.56,35.31,15589
-425.17,36.81,15601
-435.89,33.89,15612
-375.35,28.67,15625
-377.36,28.64,15636
-425.77,33.79,15648
-410.98,37.99,15660
-430.44,37.78,15672
-418.86,32.53,15683
-363.44,29.03,15695
-400.19,31.58,15707
-422.99,36.09,15719
-411.08,36.96,15730
-440.45,33.55,15741
-397.47,28.56,15754
-366.86,28.56,15765
-415.58,34.26,15777
-414.98,37.95,15789
-426.83,37.32,15801
-432.04,31.83,15812
-369.41,28.43,15824
-381.89,32.17,15836
-424.14,36.72,15848
-436.71,37.61,15859
-404.06,33.36,15872
-362.18,28.09,15883
-409.93,29.20,15895
-419.60,34.59,15906
-417.68,38.03,15918
-434.32,36.75,15930
-379.90,31.58,15941
-375.44,28.48,15953
-421.58,32.47,15965
-409.14,36.41,15977
-431.79,37.18,15988
-424.42,33.47,16001
-363.43,28.31,16012
-392.36,30.13,16024
-422.03,35.30,16035
-413.77,37.72,16048
-441.14,36.20,16059
-396.36,30.00,16071
-361.64,28.40,16082
-412.99,33.28,16094
-418.92,37.14,16106
-425.70,37.59,16117
-430.87,32.62,16130
-369.03,28.31,16141
-382.10,30.48,16153
-426.13,35.46,16164
-414.04,37.42,16177
-433.20,35.21,16188
-410.96,30.24,16200
-364.45,29.09,16211
-405.46,33.76,16224
-417.39,37.44,16235
-439.36,36.97,16246
-387.11,31.97,16259
-373.30,27.97,16270
-415.24,31.02,16282
-411.19,36.00,16293
-435.59,37.56,16306
-426.77,34.44,16317
-363.03,28.81,16329
-390.07,28.87,16340
-424.18,34.48,16353
-415.05,37.90,16364
-439.78,37.38,16376
-396.92,31.66,16388
-361.27,28.06,16400
-417.29,31.36,16411
-419.14,35.71,16422
-420.97,37.18,16435
-435.34,33.78,16446
-376.59,29.24,16458
-380.35,29.89,16470
-423.02,35.09,16482
-410.59,38.30,16493
-432.45,36.85,16505
-417.53,31.30,16517
-364.11,27.88,16529
-397.77,31.73,16540
-420.12,36.13,16552
-417.73,36.79,16564
-441.67,33.43,16576
-389.16,28.56,16587
-366.91,30.60,16599
-417.17,35.75,16611
-414.53,38.33,16622
-427.32,36.41,16634
-362.90,30.30,16646
-389.13,28.57,16658
-428.83,32.03,16669
-412.28,36.05,16681
-437.27,36.44,16693
-406.03,31.70,16705
-362.17,28.56,16716
-411.01,31.16,16729
-417.39,36.73,16740
-414.14,39.14,16752
-438.48,36.21,16763
-381.84,30.11,16775
-374.49,28.20,16787
-422.90,32.36,16798
-412.49,36.50,16811
-432.38,36.60,16822
-424.63,31.69,16834
-362.74,28.52,16845
-391.85,31.57,16858
-423.95,36.77,16869
-417.55,39.06,16881
-436.49,34.65,16892
-393.15,29.36,16905
-364.82,28.48,16916
-415.88,32.85,16928
-421.30,37.26,16940
-426.99,36.34,16951
-427.05,31.49,16963
-370.56,28.47,16974
-387.70,31.57,16987
-424.70,36.75,16998
-410.99,38.35,17010
-409.32,34.41,17021
-365.33,29.37,17034
-406.52,28.98,17045
-419.41,33.15,17057
-419.94,36.91,17069
-439.17,35.68,17081
-384.35,30.57,17092
-371.73,28.89,17103
-417.62,32.45,17116
-413.43,37.44,17127
-431.96,38.99,17139
-423.62,33.78,17150
-363.94,28.97,17163
-393.53,29.34,17174
-424.69,33.77,17186
-416.48,37.38,17198
-439.33,35.21,17210
-396.66,30.70,17221
-364.40,29.29,17233
-413.82,33.09,17245
-415.55,38.10,17257
-422.65,37.82,17268
-432.71,32.58,17280
-375.54,28.54,17292
-381.69,29.72,17303
-423.32,34.61,17315
-412.12,37.73,17327
-436.39,35.35,17339
-415.21,29.87,17350
-361.56,28.96,17362
-401.41,33.13,17374
-420.80,37.46,17386
-418.20,37.37,17397
-384.75,31.93,17410
-370.76,28.77,17421
-419.40,30.61,17433
-414.20,35.33,17444
-429.80,37.88,17456
-426.26,34.19,17468
-366.91,29.46,17479
-391.56,29.05,17491
-423.88,33.69,17503
-411.71,38.16,17515
-437.06,37.17,17526
-402.18,31.81,17539
-364.16,28.48,17550
-411.10,31.19,17562
-417.47,35.86,17573
-421.59,37.45,17586
-436.29,33.77,17597
-377.22,29.09,17609
-376.90,29.33,17620
-422.68,34.01,17632
-412.75,38.04,17644
-432.68,36.67,17655
-417.60,31.17,17668
-363.92,28.64,17679
-398.50,31.51,17691
-421.05,36.29,17702
-416.72,37.45,17715
-439.85,33.32,17726
-391.46,28.73,17738
-365.91,29.50,17750
-415.88,34.67,17762
-416.99,38.15,17773
-430.31,35.84,17785
-367.83,30.82,17797
-386.85,28.88,17808
-424.76,32.43,17820
-414.65,37.02,17831
-435.13,37.28,17844
-404.44,32.27,17855
-365.00,28.20,17867
-410.62,29.89,17879
-417.86,34.78,17891
-417.91,38.21,17902
-437.69,35.89,17914
-380.91,30.59,17926
-374.09,29.46,17938
-419.28,32.95,17949
-413.01,37.26,17960
-431.64,36.81,17973
-422.73,31.06,17984
-366.02,27.82,17996
-394.02,29.96,18008
-423.15,35.54,18020
-417.98,38.57,18031
-436.48,35.43,18043
-393.70,30.46,18055
-365.61,29.46,18067
-413.49,33.84,18078
-418.58,37.50,18091
-425.48,36.52,18102
-429.66,30.68,18114
-374.39,27.41,18125
-385.98,30.42,18137
-424.38,35.85,18149
-413.30,38.52,18160
-433.98,35.01,18172
-364.02,30.28,18184
-401.96,29.95,18196
-420.50,33.79,18207
-420.29,37.31,18220
-436.20,35.61,18231
-385.40,29.95,18243
-374.01,27.83,18254
-419.99,31.13,18267
-414.67,36.68,18278
-429.58,38.52,18290
-422.58,34.54,18301
-366.84,29.94,18313
-392.65,30.04,18325
-423.12,34.21,18336
-416.62,37.32,18349
-439.72,35.24,18360
-399.28,29.84,18372
-364.84,28.16,18383
-414.35,32.09,18396
-417.57,37.29,18407
-423.10,38.37,18419
-431.67,33.47,18430
-373.85,29.61,18443
-380.69,30.60,18454
-422.14,34.42,18466
-413.22,37.45,18478
-435.29,34.49,18489
-414.99,29.20,18501
-364.75,28.27,18512
-401.48,32.70,18525
-421.61,38.02,18536
-417.94,38.41,18548
-438.57,33.31,18560
-369.53,29.09,18572
-416.79,30.83,18583
-415.02,35.16,18595
-431.37,37.28,18607
-426.76,34.30,18619
-366.86,28.68,18630
-390.33,28.47,18642
-424.79,33.56,18654
-413.80,37.85,18665
-436.75,38.25,18677
-399.38,32.91,18689
-362.27,29.31,18701
-413.87,32.01,18712
-416.43,35.72,18724
-418.56,37.34,18736
-438.98,33.44,18748
-379.42,27.92,18759
-377.06,28.37,18771
-422.73,33.66,18783
-411.02,38.23,18795
-432.52,38.18,18806
-418.86,32.79,18818
-358.77,29.22,18830
-398.15,32.02,18841
-424.18,35.72,18853
-414.47,36.56,18865
-441.06,32.48,18877
-391.69,27.68,18888
-365.49,29.44,18900
-419.29,34.87,18912
-417.21,38.77,18924
-424.24,37.78,18935
-427.15,31.73,18948
-386.34,28.97,18959
-425.59,32.03,18971
-412.65,36.09,18982
-437.55,36.77,18994
-408.41,32.21,19006
-363.37,28.24,19017
-409.07,29.69,19030
-417.84,34.86,19041
-418.74,38.32,19053
-438.13,36.57,19064
-378.63,31.34,19077
-371.60,29.32,19088
-422.66,33.03,19100
-413.61,36.78,19111
-433.25,36.34,19124
-422.96,31.42,19135
-361.80,27.62,19147
-397.17,30.34,19159
-424.01,35.71,19170
-413.68,38.84,19182
-437.39,36.09,19193
-393.20,30.83,19206
-365.89,29.60,19217
-415.17,33.04,19229
-415.46,36.81,19240
-426.27,35.82,19253
-432.66,30.86,19264
-371.93,28.27,19276
-383.14,31.04,19288
-422.92,36.61,19300
-409.70,38.47,19311
-436.64,34.95,19323
-361.95,30.11,19335
-405.67,29.21,19347
-417.73,33.78,19358
-419.43,37.55,19369
-441.10,35.99,19382
-381.79,30.63,19393
-370.84,27.86,19405
-420.09,31.34,19417
-413.59,36.68,19429
-431.02,38.16,19440
-424.24,34.10,19452
-363.62,29.70,19464
-391.52,30.17,19476
-422.61,34.57,19487
-412.53,37.66,19499
-440.94,35.25,19511
-400.12,29.68,19522
-365.98,27.74,19534
-415.35,31.70,19546
-415.77,37.38,19558
-423.77,38.17,19569
-433.67,33.70,19581
-373.12,29.50,19593
-381.38,30.29,19605
-423.37,34.87,19616
-410.38,37.70,19629
-436.53,35.11,19640
-416.98,29.44,19652
-362.01,27.74,19663
-404.28,32.19,19675
-421.74,37.35,19687
-416.86,38.34,19698
-438.60,33.30,19710
-367.37,29.30,19722
-420.83,30.95,19734
-414.80,35.60,19745
-426.28,38.11,19758
-428.59,34.27,19769
-370.87,28.92,19781
-388.41,27.53,19792
-424.29,32.12,19805
-414.93,37.74,19816
-435.95,37.69,19828
-402.51,33.06,19840
-362.85,29.38,19851
-406.02,31.53,19863
-419.39,36.38,19874
-425.06,37.63,19887
-434.09,33.77,19898
-376.73,28.42,19910
-378.42,28.21,19921
-422.08,32.78,19934
-415.11,37.54,19945
-434.68,37.30,19957
-415.41,32.08,19969
-363.21,29.85,19981
-398.15,32.24,19992
-420.98,36.87,20004
-417.44,37.65,20016
-438.62,32.51,20027
-392.74,28.13,20039
-370.66,28.45,20050
-416.28,33.67,20063
-414.69,38.08,20074
-427.35,36.84,20086
-427.43,32.05,20098
-386.27,29.28,20110
-420.11,32.62,20121
-414.87,36.81,20133
-440.81,37.26,20145
-406.66,32.46,20157
-364.95,27.74,20168
-409.60,29.39,20180
-417.90,34.24,20192
-420.49,37.88,20203
-437.62,36.00,20215
-379.86,30.91,20227
-375.00,29.48,20239
-421.45,33.16,20250
-412.83,37.53,20262
-432.48,37.37,20274
-421.38,32.00,20286
-365.87,27.70,20297
-397.43,29.64,20310
-422.15,35.13,20321
-415.89,38.02,20333
-440.50,35.77,20344
-396.55,30.22,20356
-366.82,29.16,20368
-413.89,33.78,20379
-414.57,37.74,20391
-426.82,37.17,20403
-433.27,31.56,20415
-371.57,27.75,20426
-382.97,30.09,20439
-425.64,35.45,20450
-415.28,37.97,20462
-434.70,34.74,20473
-408.68,30.05,20486
-406.44,29.29,20497
-422.18,34.02,20509
-417.99,38.31,20520
-434.35,36.98,20532
-385.97,31.67,20544
-375.35,28.26,20555
-419.39,30.53,20568
-413.09,35.74,20579
-432.82,37.39,20591
-425.87,34.14,20602
-364.80,30.09,20615
-389.70,30.10,20626
-422.54,35.28,20638
-415.25,38.53,20649
-440.20,36.61,20662
-398.75,30.68,20673
-361.73,27.62,20685
-414.97,31.04,20697
-420.90,35.81,20708
-422.60,37.19,20720
-433.89,33.44,20731
-372.31,29.73,20744
-378.50,31.23,20755
-423.91,35.70,20767
-411.67,38.67,20779
-430.87,35.82,20791
-416.93,30.04,20802
-366.01,28.15,20814
-401.62,31.51,20826
-420.42,36.50,20838
-415.74,36.99,20849
-440.41,32.77,20861
-392.22,29.44,20873
-415.40,31.11,20884
-412.90,36.52,20896
-430.65,38.77,20908
-428.91,35.35,20920
-367.17,29.45,20931
-389.40,27.75,20943
-426.44,32.05,20955
-414.72,36.62,20967
-438.52,36.76,20978
-403.23,32.13,20990
-361.88,29.21,21002
-410.17,31.80,21014
-419.24,37.05,21025
-418.71,39.14,21037
-435.89,34.44,21049
-380.04,29.05,21060
-376.86,27.98,21072
-422.33,32.44,21084
-414.41,37.46,21096
-434.27,36.40,21107
-418.63,31.51,21120
-363.87,28.79,21131
-395.82,31.86,21143
-420.33,37.53,21154
-418.29,38.88,21167
-438.53,34.46,21178
-389.54,28.77,21190
-367.71,28.04,21201
-418.30,32.62,21213
-418.08,36.82,21225
-429.23,35.88,21236
-428.73,31.37,21249
-368.97,29.68,21260
-423.35,32.87,21272
-410.14,38.28,21283
-433.61,38.45,21296
-408.48,33.46,21307
-365.84,28.75,21319
-406.16,28.22,21330
-419.50,33.12,21343
-423.37,36.58,21354
-438.72,35.32,21366
-381.74,31.01,21378
-372.55,29.43,21389
-417.18,33.71,21401
-415.29,38.57,21412
-435.52,38.46,21425
-416.94,33.48,21436
-361.26,28.27,21448
-398.76,28.90,21459
-424.09,33.50,21472
-415.69,36.23,21483
-441.48,34.23,21495
-394.23,30.59,21507
-365.54,30.08,21519
-415.48,34.66,21530
-413.31,39.38,21542
-421.54,37.92,21554
-433.78,32.46,21565
-374.26,28.19,21577
-381.75,29.18,21588
-421.54,34.47,21601
-415.94,36.19,21612
-438.90,33.59,21624
-413.16,29.83,21636
-361.08,29.82,21648
-418.88,35.74,21659
-419.79,39.76,21671
-435.37,37.66,21683
-381.15,32.15,21695
-372.06,27.50,21706
-423.95,29.78,21719
-415.66,35.35,21730
-427.56,36.06,21741
-425.16,33.21,21753
-368.08,29.28,21765
-392.83,30.00,21777
-422.68,36.02,21788
-409.04,39.72,21800
-435.28,37.77,21812
-401.70,31.64,21824
-366.21,27.70,21835
-410.03,30.23,21848
-418.12,35.37,21859
-427.46,36.45,21871
-434.44,32.91,21882
-374.69,29.32,21894
-379.47,29.98,21906
-421.88,36.44,21917
-412.69,39.17,21929
-435.62,37.02,21941
-409.83,31.42,21953
-359.29,27.86,21964
-407.31,31.60,21977
-426.50,35.64,21988
-416.18,36.01,22000
-439.17,31.96,22011
-387.09,28.75,22024
-369.36,30.97,22035
-411.46,36.74,22047
-424.38,39.32,22059
-430.15,36.18,22070
-368.88,31.03,22082
-388.66,28.30,22093
-423.48,32.12,22106
-414.20,36.27,22117
-441.91,35.31,22129
-404.51,31.52,22140
-361.53,28.27,22153
-409.47,31.61,22164
-418.73,37.86,22176
-422.79,39.22,22188
-433.75,35.38,22200
-374.28,29.71,22211
-378.31,28.18,22223
-426.90,33.03,22235
-415.10,36.82,22246
-431.08,35.78,22258
-417.43,31.23,22269
-365.09,28.26,22282
-400.44,31.48,22293
-421.79,37.06,22305
-414.72,38.49,22317
-437.77,34.64,22329
-393.16,29.77,22340
-368.09,29.11,22352
-414.85,34.00,22364
-416.63,37.13,22376
-430.13,35.05,22387
-430.41,29.95,22400
-368.12,27.63,22411
-386.81,31.84,22422
-415.42,37.77,22434
-437.83,38.55,22446
-402.60,34.53,22458
-360.00,29.58,22469
-412.74,29.72,22481
-420.90,34.21,22493
-419.18,36.90,22505
-436.68,34.84,22516
-379.51,29.94,22529
-378.15,28.33,22540
-426.12,32.48,22552
-408.08,37.89,22563
-430.98,38.06,22576
-422.93,33.30,22587
-363.25,29.07,22598
-396.00,30.00,22610
-422.19,35.32,22622
-415.01,37.78,22634
-441.58,34.57,22645
-392.57,29.76,22658
-364.18,27.94,22669
-417.14,32.92,22681
-417.88,37.76,22692
-427.26,37.23,22705
-428.83,33.02,22716
-365.17,29.09,22728
-386.52,31.17,22739
-426.90,35.97,22751
-411.58,37.35,22763
-436.19,33.91,22774
-407.33,29.45,22787
-362.26,28.86,22798
-410.08,33.60,22810
-415.99,38.53,22821
-438.59,37.10,22834
-383.64,32.27,22845
-371.27,28.86,22857
-419.84,30.93,22868
-415.85,36.42,22881
-434.49,37.04,22892
-422.79,32.87,22904
-364.96,28.93,22916
-393.15,28.82,22927
-424.08,34.37,22939
-418.80,38.27,22950
-436.36,36.30,22963
-393.20,31.59,22974
-366.05,28.69,22986
-417.39,31.80,22998
-418.51,36.69,23010
-423.68,36.70,23021
-430.90,32.51,23033
-374.56,28.79,23045
-384.69,29.33,23057
-423.65,35.07,23068
-411.44,38.49,23080
-436.14,35.94,23092
-412.41,31.30,23103
-363.71,29.01,23115
-401.17,32.47,23127
-420.18,37.27,23139
-421.29,36.48,23150
-439.87,32.03,23162
-383.94,28.29,23174
-371.59,29.71,23186
-421.95,35.86,23197
-429.84,38.26,23209
-422.74,35.65,23221
-363.54,31.03,23233
-394.89,29.05,23244
-423.33,33.54,23257
-411.97,37.38,23268
-440.10,36.05,23279
-400.21,31.17,23291
-365.19,27.76,23303
-414.09,30.44,23315
-414.97,36.32,23326
-422.13,38.52,23339
-437.56,35.08,23350
-372.16,30.30,23362
-377.45,29.32,23373
-425.85,33.86,23386
-412.52,37.60,23397
-436.02,35.75,23409
-415.31,30.80,23420
-360.64,27.95,23432
-403.36,31.28,23444
-422.46,37.18,23455
-415.73,38.04,23468
-439.65,34.41,23479
-384.42,29.55,23491
-367.36,29.50,23502
-423.26,34.36,23515
-414.67,37.45,23526
-428.56,35.70,23538
-428.94,30.70,23549
-366.22,28.34,23562
-391.59,32.02,23573
-426.17,36.97,23585
-437.23,37.78,23597
-404.01,33.49,23608
-362.01,29.15,23620
-412.11,29.83,23631
-418.72,34.95,23644
-419.47,37.85,23655
-437.33,35.40,23667
-377.06,30.33,23678
-376.03,28.10,23691
-424.02,32.63,23702
-412.53,37.31,23714
-434.88,37.39,23726
-417.53,33.36,23738
-360.75,29.01,23749
-400.80,30.42,23761
-422.26,35.38,23773
-416.28,37.52,23784
-440.56,34.83,23796
-389.22,29.68,23808
-367.69,28.66,23820
-419.14,33.41,23831
-415.16,37.73,23843
-428.27,37.07,23855
-429.97,31.80,23867
-368.58,28.80,23878
-388.19,30.86,23890
-422.76,36.35,23902
-412.99,38.09,23914
-440.08,34.03,23925
-404.37,29.71,23938
-363.96,28.49,23949
-411.35,33.70,23960
-418.43,37.53,23972
-438.22,36.52,23984
-378.20,31.90,23996
-375.99,28.53,24007
-424.03,32.03,24019
-410.63,36.63,24031
-432.36,37.33,24043
-424.40,33.41,24054
-363.95,28.40,24067
-395.23,28.98,24078
-424.50,34.48,24090
-417.06,38.27,24101
-438.38,36.67,24114
-393.02,31.24,24125
-364.65,28.55,24136
-414.82,31.87,24148
-420.77,36.73,24160
-427.63,37.04,24172
-425.55,32.62,24183
-371.93,28.59,24196
-388.82,29.67,24207
-423.31,35.16,24219
-413.08,38.17,24230
-435.73,35.95,24243
-407.45,31.10,24254
-365.04,28.53,24266
-408.06,32.86,24278
-415.19,37.42,24290
-418.87,37.05,24301
-441.35,32.18,24312
-381.96,27.78,24325
-372.80,29.84,24336
-420.02,35.45,24348
-413.95,38.44,24359
-420.82,35.67,24372
-361.18,30.49,24383
-393.92,29.06,24395
-424.64,33.24,24407
-415.86,37.35,24419
-436.70,36.52,24430
-394.54,31.40,24442
-366.73,28.24,24454
-417.46,30.94,24465
-415.77,36.27,24477
-420.99,38.38,24488
-430.20,35.06,24501
-374.41,29.87,24512
-383.88,29.17,24524
-420.54,33.61,24536
-410.79,37.26,24548
-438.88,36.41,24559
-413.67,30.67,24571
-362.50,27.67,24583
-403.25,31.16,24595
-420.46,36.29,24606
-418.92,38.64,24619
-439.31,34.49,24630
-382.53,29.64,24641
-369.90,29.81,24653
-422.52,33.83,24665
-414.01,37.57,24677
-429.85,35.63,24688
-425.59,30.15,24700
-365.57,28.14,24712
-394.66,31.88,24724
-424.19,37.13,24735
-410.49,38.34,24748
-400.99,33.79,24759
-363.12,29.43,24771
-413.78,29.92,24782
-416.78,34.19,24795
-423.43,37.45,24806
-438.43,35.45,24817
-373.34,29.89,24829
-377.44,28.70,24841
-425.99,32.45,24853
-411.41,37.09,24864
-433.96,37.69,24877
-418.85,32.68,24888
-359.99,29.23,24900
-400.63,30.61,24911
-425.88,34.87,24924
-415.62,37.65,24935
-439.36,34.40,24947
-391.74,29.85,24958
-367.56,29.28,24971
-417.20,33.34,24982
-416.86,37.63,24993
-425.24,37.01,25006
-428.97,31.65,25017
-370.44,28.33,25029
-387.97,30.68,25040
-424.94,35.30,25053
-413.29,37.60,25064
-437.29,34.51,25076
-406.41,29.76,25088
-362.33,29.71,25100
-408.04,33.97,25111
-419.94,37.71,25123
-420.64,36.42,25135
-378.55,31.09,25147
-373.24,28.71,25158
-424.75,31.57,25169
-415.07,36.67,25182
-429.89,37.62,25193
-419.86,33.13,25205
-363.48,28.91,25217
-398.84,29.21,25229
-425.76,34.71,25240
-414.08,38.48,25252
-435.02,36.41,25264
-392.58,31.06,25276
-369.73,28.24,25287
-418.52,31.87,25299
-414.65,36.49,25311
-425.41,36.74,25323
-432.50,32.81,25334
-370.20,28.64,25346
-385.58,30.04,25358
-422.33,35.69,25369
-409.87,38.93,25381
-439.41,36.40,25393
-407.77,30.53,25405
-358.71,28.32,25416
-408.52,31.92,25428
-422.39,36.97,25440
-420.61,37.13,25452
-435.01,32.16,25463
-378.84,28.84,25476
-374.01,30.30,25487
-423.14,35.98,25498
-413.59,38.35,25510
-420.81,35.56,25522
-361.54,30.43,25534
-397.34,28.56,25545
-425.39,33.15,25558
-413.05,37.14,25569
-439.11,36.47,25581
-396.73,31.75,25592
-365.60,28.24,25605
-416.17,30.83,25616
-416.48,36.35,25628
-423.77,38.10,25639
-434.74,34.74,25652
-372.52,30.03,25663
-378.61,29.12,25674
-423.51,33.68,25687
-416.69,37.34,25698
-437.34,35.79,25710
-410.21,31.02,25721
-361.96,28.21,25734
-404.86,31.66,25745
-423.51,37.17,25757
-418.91,37.71,25768
-435.80,34.27,25781
-383.53,29.48,25792
-372.75,29.34,25804
-422.67,34.41,25816
-412.97,37.17,25828
-428.76,35.68,25839
-426.61,30.95,25850
-366.95,28.37,25863
-392.59,32.35,25874
-423.71,37.23,25886
-411.66,37.56,25897
-404.54,33.26,25910
-364.29,28.78,25921
-409.48,29.46,25933
-419.96,34.98,25945
-423.52,37.87,25957
-434.68,35.72,25968
-375.95,30.91,25980
-376.78,28.46,25992
-424.06,33.06,26004
-415.58,37.61,26015
-434.18,37.16,26027
-413.86,32.64,26039
-363.55,28.25,26050
-403.46,29.93,26062
-423.27,35.47,26074
-417.39,37.74,26086
-437.51,35.31,26097
-388.30,30.32,26109
-370.12,29.03,26121
-418.90,33.55,26133
-414.70,37.79,26144
-426.55,36.90,26157
-427.03,31.81,26168
-369.22,27.85,26180
-390.23,30.11,26191
-424.04,35.65,26203
-412.90,37.73,26215
-437.92,34.77,26226
-404.81,30.51,26238
-362.29,29.27,26250
-407.48,34.11,26262
-418.02,37.97,26273
-423.89,36.04,26286
-375.28,31.29,26297
-377.00,27.37,26309
-425.88,30.70,26320
-415.25,36.33,26333
-432.89,37.49,26344
-415.38,34.46,26356
-363.07,29.48,26368
-400.87,29.54,26379
-422.66,34.36,26391
-414.12,37.82,26402
-439.95,36.23,26415
-393.23,30.74,26426
-367.79,27.96,26438
-417.56,31.39,26449
-414.13,36.65,26462
-426.88,37.68,26473
-432.36,33.42,26485
-367.64,29.40,26497
-383.87,29.83,26509
-425.20,34.90,26520
-414.17,37.89,26531
-438.02,35.38,26544
-408.19,30.43,26555
-362.85,27.88,26567
-408.03,32.26,26578
-420.29,37.05,26591
-420.54,37.21,26602
-436.23,33.03,26614
-381.04,28.58,26626
-376.30,30.57,26638
-422.85,35.49,26649
-411.99,37.79,26661
-431.44,35.52,26673
-363.74,30.17,26685
-394.62,28.59,26696
-424.74,32.86,26707
-415.90,36.99,26720
-439.61,36.67,26731
-395.85,32.04,26743
-364.43,28.41,26755
-415.24,31.28,26767
-417.16,36.64,26778
-424.75,38.11,26790
-430.99,35.01,26802
-371.74,29.45,26814
-383.57,28.40,26825
-425.19,33.32,26838
-414.93,36.87,26849
-435.73,36.41,26861
-409.97,31.88,26872
-363.09,28.75,26884
-405.81,32.24,26896
-418.80,37.13,26907
-416.33,38.07,26919
-437.73,34.23,26931
-385.34,28.93,26943
-372.29,28.62,26954
-419.32,33.74,26967
-413.27,37.69,26978
-430.88,36.11,26990
-427.03,31.45,27001
-364.99,28.67,27014
-389.05,32.35,27025
-422.30,37.56,27037
-414.86,37.84,27048
-441.50,33.51,27060
-359.98,28.77,27072
-414.69,29.29,27083
-420.23,34.57,27096
-423.93,37.72,27107
-431.89,35.40,27119
-372.15,30.57,27130
-381.37,28.77,27143
-425.26,32.93,27154
-410.39,37.86,27166
-432.21,37.73,27177
-413.69,32.81,27190
-363.14,28.50,27201
-404.60,29.60,27213
-418.75,34.49,27225
-415.08,37.66,27236
-443.12,35.11,27248
-387.91,30.38,27259
-366.38,29.31,27272
-417.96,33.50,27283
-413.47,38.09,27295
-429.39,37.33,27307
-427.40,32.13,27319
-363.54,28.20,27330
-389.81,30.20,27342
-425.69,35.29,27354
-413.11,37.26,27366
-438.78,34.21,27377
-401.32,29.69,27389
-363.39,29.53,27401
-412.46,34.37,27412
-417.39,38.66,27424
-420.05,37.41,27436
-435.75,31.42,27448
-377.79,28.22,27459
-422.96,30.41,27471
-413.19,35.67,27483
-433.19,37.48,27495
-418.73,33.67,27506
-364.42,29.90,27518
-398.64,29.86,27530
-419.36,34.65,27542
-417.69,38.70,27553
-440.36,36.47,27566
-390.45,30.90,27577
-367.78,28.07,27588
-417.30,31.19,27600
-417.02,36.47,27612
-428.34,37.40,27624
-426.98,33.22,27635
-367.71,28.97,27648
-388.03,30.03,27659
-424.52,35.06,27671
-412.61,38.54,27682
-435.60,36.13,27695
-406.48,30.83,27706
-363.96,28.54,27718
-408.61,31.84,27729
-417.79,36.69,27741
-419.94,37.15,27753
-437.23,32.42,27764
-381.78,28.96,27777
-374.94,30.58,27788
-421.23,35.66,27800
-412.85,38.46,27811
-433.93,35.49,27824
-420.63,30.38,27835
-394.32,28.77,27847
-422.95,32.96,27858
-418.43,37.14,27871
-437.63,36.41,27882
-392.66,31.52,27894
-366.91,27.85,27906
-419.43,31.09,27917
-414.52,36.31,27929
-422.03,38.83,27940
-431.97,35.55,27953
-371.15,30.23,27964
-382.84,29.36,27976
-425.48,33.05,27987
-410.45,37.19,28000
-436.77,35.99,28011
-413.65,31.02,28023
-363.15,28.17,28035
-403.09,31.37,28047
-420.16,37.44,28058
-418.58,38.74,28070
-436.31,34.79,28082
-381.80,29.61,28093
-370.96,29.17,28105
-421.71,33.91,28116
-415.52,37.36,28129
-431.09,35.93,28140
-421.63,30.72,28152
-364.08,28.09,28164
-395.32,31.92,28176
-424.63,37.05,28187
-413.95,38.25,28199
-437.23,34.25,28211
-395.36,29.66,28223
-416.00,30.33,28234
-414.98,34.66,28247
-420.38,37.57,28258
-437.00,35.30,28269
-375.66,29.91,28281
-381.61,28.09,28293
-421.43,32.27,28305
-410.66,37.73,28316
-437.60,38.40,28328
-413.02,33.58,28340
-359.64,29.09,28352
-401.63,29.90,28363
-421.71,35.06,28376
-421.46,37.23,28387
-440.76,34.78,28399
-382.68,29.93,28410
-370.09,28.62,28423
-423.27,33.57,28434
-414.20,37.67,28445
-429.69,37.47,28457
-424.48,32.49,28469
-365.67,28.44,28481
-394.76,30.87,28492
-423.54,35.55,28505
-411.88,37.82,28516
-439.70,34.26,28528
-402.52,29.39,28539
-364.76,28.85,28552
-413.61,33.29,28563
-414.52,38.02,28575
-421.89,36.75,28587
-439.05,31.71,28599
-375.98,28.34,28610
-422.38,31.20,28621
-413.53,36.53,28634
-438.67,37.69,28645
-415.00,33.84,28657
-360.49,28.73,28668
-402.82,29.11,28681
-423.41,34.17,28692
-418.69,37.88,28704
-437.94,36.34,28716
-385.36,30.66,28728
-372.34,28.55,28739
-422.15,31.72,28751
-412.32,36.66,28763
-428.69,38.09,28774
-427.26,33.50,28786
-367.79,29.36,28797
-392.55,29.74,28810
-421.31,34.47,28821
-409.15,37.69,28833
-441.64,35.71,28845
-406.05,30.79,28857
-362.19,28.53,28868
-408.77,32.59,28880
-417.44,37.33,28892
-422.63,37.70,28904
-438.41,32.98,28915
-374.62,28.51,28928
-374.25,30.12,28939
-423.63,34.92,28950
-415.78,37.67,28962
-434.74,35.07,28974
-415.94,30.03,28986
-362.43,29.13,28997
-421.76,33.49,29009
-412.41,37.63,29021
-439.45,37.33,29033
-393.50,32.03,29044
-367.34,28.26,29057
-417.49,30.47,29068
-414.21,35.52,29080
-426.51,37.78,29091
-431.23,34.51,29104
-370.36,30.07,29115
-382.20,29.11,29126
-422.53,33.88,29138
-413.54,38.00,29150
-437.38,36.48,29162
-408.88,31.35,29173
-363.12,27.80,29186
-405.85,30.94,29197
-422.23,36.10,29209
-421.43,37.69,29220
-434.11,33.95,29233
-380.53,29.56,29244
-375.21,29.89,29256
-422.49,34.44,29267
-412.50,38.12,29280
-430.21,35.80,29291
-421.89,30.36,29302
-367.75,27.81,29315
-395.70,31.12,29326
-421.75,36.88,29338
-415.72,37.72,29349
-438.40,33.63,29362
-397.61,29.18,29373
-363.66,29.57,29385
-418.55,34.73,29396
-426.23,37.63,29409
-431.82,35.38,29420
-372.38,30.27,29432
-381.40,28.23,29444
-424.79,32.18,29456
-414.76,37.29,29467
-434.92,37.44,29478
-408.83,32.82,29491
-361.95,28.93,29502
-405.80,30.39,29514
-422.83,35.27,29526
-418.48,37.81,29538
-436.92,34.98,29549
-383.03,29.71,29561
-374.13,28.61,29573
-420.96,32.84,29585
-412.03,37.56,29596
-430.00,37.49,29608
-424.21,32.58,29620
-364.22,28.71,29632
-394.43,30.40,29643
-422.84,35.31,29655
-412.32,36.93,29667
-443.40,33.89,29678
-399.65,29.51,29690
-360.39,29.31,29702
-413.77,34.53,29714
-416.57,38.39,29725
-422.82,37.07,29737
-436.95,30.98,29749
-370.92,27.87,29761
-378.56,30.89,29772
-415.86,35.74,29785
-435.20,37.81,29796
-411.46,34.11,29807
-361.30,29.69,29819
-403.74,30.35,29831
-420.84,34.87,29843
-415.39,38.21,29854
-435.85,36.39,29867
-387.22,30.74,29878
-372.81,28.08,29890
-419.45,31.70,29901
-412.39,36.61,29914
-427.18,37.90,29925
-427.56,33.64,29937
-369.31,29.29,29948
-386.22,30.19,29961
-420.28,35.20,29972
-416.64,38.24,29983
-438.59,35.74,29996
-401.85,29.74,30007
-364.61,27.62,30019
-409.65,31.87,30030
-421.15,36.97,30043
-423.90,37.80,30054
-431.73,33.30,30066
-375.13,29.33,30077
-379.50,30.83,30090
-421.47,35.73,30101
-412.98,38.03,30113
-434.14,34.95,30125
-416.65,29.45,30137
-363.72,28.00,30148
-401.29,32.64,30159
-417.22,37.26,30172
-439.92,37.30,30183
-391.52,32.58,30195
-366.00,28.79,30206
-416.91,31.15,30219
-416.59,35.95,30230
-427.40,37.83,30242
-431.51,34.79,30254
-368.28,29.47,30266
-385.81,28.90,30277
-427.10,33.30,30289
-414.84,37.23,30301
-437.89,36.43,30312
-405.57,31.29,30324
-362.47,29.03,30336
-410.34,31.88,30348
-418.83,36.63,30359
-417.91,37.89,30371
-437.11,33.75,30383
-380.89,28.90,30395
-376.97,28.97,30406
-423.72,34.20,30418
-409.18,37.76,30430
-432.66,36.76,30442
-423.49,31.49,30453
-361.28,28.59,30465
-395.86,32.36,30477
-422.42,36.61,30488
-412.47,37.43,30500
-441.39,33.04,30512
-395.82,28.22,30524
-361.93,29.56,30535
-416.52,34.75,30547
-424.34,38.16,30559
-430.17,36.22,30571
-368.86,30.86,30582
-382.74,28.55,30595
-426.47,32.61,30606
-414.43,37.05,30617
-434.98,37.03,30629
-406.16,32.47,30641
-364.67,28.15,30653
-409.14,29.91,30664
-418.29,35.71,30676
-417.96,37.88,30688
-436.69,35.95,30700
-381.10,30.95,30711
-373.60,29.03,30724
-422.17,33.61,30735
-411.32,37.07,30747
-430.75,36.61,30758
-427.14,32.00,30770
-365.03,27.83,30782
-392.51,30.62,30793
-424.29,36.38,30806
-413.54,38.49,30817
-437.61,35.51,30829
-397.59,30.15,30840
-363.14,28.55,30853
-413.96,33.20,30864
-419.55,37.11,30876
-424.09,36.26,30887
-432.14,32.04,30900
-371.79,28.52,30911
-381.81,31.48,30922
-426.19,36.85,30935
-434.55,37.64,30946
-415.01,34.59,30958
-362.09,29.88,30969
-403.12,28.87,30982
-422.12,34.49,30993
-415.46,37.43,31005
-441.47,36.11,31016
-390.48,31.21,31029
-367.80,27.89,31040
-418.23,31.53,31052
-416.93,36.79,31064
-430.22,37.36,31075
-426.81,33.59,31087
-367.07,29.35,31098
-387.52,29.51,31111
-423.78,35.02,31122
-417.45,37.84,31134
-437.23,35.39,31145
-400.18,30.83,31158
-365.13,27.88,31169
-413.39,32.44,31181
-418.91,37.29,31193
-421.47,36.97,31205
-432.73,33.43,31216
-378.51,28.69,31227
-379.94,29.75,31240
-421.81,35.56,31251
-411.45,37.96,31263
-433.82,35.13,31275
-419.11,30.23,31287
-366.93,28.15,31298
-397.68,32.59,31310
-419.90,37.68,31322
-438.95,37.13,31334
-389.13,32.32,31345
-366.18,28.83,31357
-417.74,30.46,31369
-416.43,36.35,31380
-428.43,38.15,31392
-426.41,34.43,31404
-365.57,29.75,31416
-389.57,27.98,31427
-427.14,33.37,31439
-410.65,37.97,31451
-435.23,37.02,31463
-404.35,32.54,31474
-364.20,28.55,31486
-411.12,30.89,31498
-417.07,36.51,31510
-415.33,38.00,31521
-438.45,34.72,31533
-382.34,29.79,31545
-375.10,28.35,31556
-419.83,33.52,31568
-412.57,37.86,31580
-435.01,36.52,31592
-420.82,31.71,31603
-361.13,28.45,31616
-396.02,31.35,31627
-422.54,37.12,31639
-416.92,38.18,31650
-438.89,34.51,31663
-388.46,29.74,31674
-364.12,28.86,31686
-420.45,33.86,31697
-416.08,36.92,31709
-423.87,35.59,31721
-369.56,31.04,31732
-385.85,28.50,31745
-423.59,32.07,31756
-410.04,36.94,31768
-437.16,37.66,31779
-412.91,33.76,31792
-361.65,29.46,31803
-401.88,29.98,31815
-419.24,34.66,31826
-421.81,37.62,31839
-441.04,35.01,31850
-382.85,30.20,31861
-367.93,28.57,31874
-418.98,32.34,31885
-417.29,37.70,31897
-431.87,37.48,31908
-420.02,33.08,31921
-363.29,29.48,31932
-394.24,30.54,31944
-424.28,35.50,31955
-414.65,36.99,31968
-436.99,33.77,31979
-400.74,29.41,31991
-367.93,28.56,32003
-412.57,33.72,32014
-415.30,38.34,32026
-420.80,37.52,32037
-433.71,32.47,32050
-376.13,28.53,32061
-380.23,30.32,32073
-423.30,35.55,32084
-413.95,37.37,32097
-436.88,34.14,32108
-359.29,29.98,32120
-401.49,29.50,32132
-422.80,34.21,32144
-415.12,38.54,32155
-439.12,36.28,32166
-385.85,32.17,32179
-371.01,27.95,32190
-422.63,30.83,32202
-412.45,36.78,32214
-426.06,36.92,32226
-428.24,34.58,32237
-368.05,29.17,32249
-389.42,29.23,32261
-424.30,34.77,32273
-411.88,37.62,32284
-439.02,36.42,32296
-402.72,31.41,32308
-363.31,28.47,32319
-409.38,31.89,32331
-419.04,36.91,32343
-424.00,36.85,32355
-435.67,33.06,32366
-377.28,29.00,32378
-376.56,29.38,32390
-421.31,35.75,32402
-413.84,37.98,32413
-434.22,35.78,32425
-416.48,30.92,32437
-364.26,27.94,32449
-400.86,32.35,32460
-421.15,37.28,32472
-417.47,36.97,32484
-439.08,33.02,32495
-369.05,29.09,32507
-416.25,29.99,32519
-415.65,35.59,32531
-427.39,37.46,32542
-430.44,34.60,32555
-368.62,30.22,32566
-386.26,28.43,32578
-424.68,33.06,32589
-411.50,38.19,32602
-435.77,36.68,32613
-408.03,32.53,32624
-362.49,28.60,32636
-408.62,29.76,32648
-420.11,36.15,32660
-420.58,37.50,32671
-438.35,34.02,32684
-383.28,30.41,32695
-372.82,28.52,32707
-421.22,33.94,32718
-415.97,38.41,32731
-429.88,36.30,32742
-420.29,32.14,32754
-366.06,28.09,32765
-396.21,30.07,32777
-423.59,36.34,32789
-415.84,37.04,32800
-438.74,33.65,32813
-395.69,29.96,32824
-367.68,28.67,32836
-413.96,34.65,32847
-414.62,38.64,32860
-424.27,36.26,32871
-434.30,31.43,32883
-372.97,27.80,32894
-423.05,30.65,32907
-412.61,36.66,32918
-439.00,37.16,32929
-412.50,32.93,32942
-359.17,29.50,32953
-405.18,28.87,32965
-422.24,35.25,32976
-418.33,38.68,32989
-439.12,35.48,33000
-384.47,31.27,33012
-368.39,27.70,33024
-424.97,31.65,33036
-417.44,36.99,33047
-428.13,36.50,33059
-425.31,32.55,33071
-367.89,28.69,33082
-394.68,29.38,33094
-424.15,35.42,33105
-409.90,38.95,33118
-438.26,36.20,33129
-402.04,31.32,33141
-365.05,28.38,33153
-411.14,31.50,33165
-417.14,36.75,33176
-426.18,35.62,33188
-438.06,31.92,33200
-373.15,28.99,33212
-377.70,30.65,33223
-421.47,37.41,33234
-411.58,39.35,33247
-434.79,35.81,33258
-413.26,30.45,33270
-360.34,27.92,33282
-424.42,31.94,33294
-417.26,36.60,33305
-439.25,36.01,33317
-386.94,31.78,33329
-369.74,29.13,33341
-419.61,31.57,33352
-411.25,37.04,33364
-427.42,38.68,33376
-430.77,34.64,33387
-368.21,29.90,33399
-386.97,28.57,33411
-422.50,32.87,33423
-414.49,37.26,33434
-441.65,35.27,33446
-405.46,31.00,33458
-361.18,28.40,33470
-406.40,32.30,33481
-419.08,37.76,33494
-422.17,39.10,33505
-434.38,34.41,33517
-376.66,29.40,33528
-377.11,28.86,33540
-424.07,32.87,33552
-413.29,36.82,33563
-434.45,34.68,33575
-418.67,30.03,33587
-365.86,29.06,33599
-399.54,32.48,33610
-420.27,38.10,33623
-412.98,38.80,33634
-439.26,33.24,33646
-392.72,29.03,33657
-368.68,28.95,33670
-413.56,33.45,33681
-430.15,37.29,33692
-434.48,34.66,33704
-366.19,30.15,33716
-385.35,28.88,33728
-423.55,32.65,33739
-412.03,38.37,33752
-439.12,38.19,33763
-406.74,33.08,33775
-360.51,29.21,33786
-410.56,29.71,33799
-420.33,34.38,33810
-418.30,36.76,33822
-440.25,33.55,33833
-382.72,29.28,33845
-376.78,28.72,33857
-421.95,33.57,33868
-409.16,39.10,33881
-430.86,38.63,33892
-422.45,32.93,33904
-364.21,28.94,33915
-395.29,30.05,33928
-421.20,34.57,33939
-418.02,36.95,33951
-442.43,33.19,33963
-396.08,29.43,33975
-364.41,29.08,33986
