955783.00
-13116.00
-440.30,34.41,1134
-434.90,33.22,1136
-390.06,30.91,1147
-394.19,33.07,1160
-425.45,38.66,1171
-441.23,40.16,1183
-398.21,36.69,1195
-375.59,31.58,1207
-392.13,30.46,1218
-416.87,34.12,1230
-442.89,35.73,1242
-420.51,33.23,1253
-379.71,30.48,1265
-378.97,31.07,1276
-406.99,36.96,1289
-438.72,40.46,1300
-425.16,37.85,1312
-383.92,33.36,1324
-377.51,31.16,1336
-397.94,34.32,1347
-436.27,36.87,1359
-439.56,33.89,1371
-393.76,30.14,1383
-377.63,29.47,1394
-395.12,34.19,1405
-421.69,39.27,1418
-438.77,38.77,1429
-407.37,34.87,1441
-375.44,32.01,1453
-384.57,33.96,1465
-415.87,37.18,1476
-441.53,36.43,1488
-420.68,31.62,1500
-383.48,28.26,1512
-381.73,30.76,1523
-403.98,36.15,1536
-433.88,38.35,1547
-386.15,35.82,1558
-375.10,32.77,1570
-394.58,33.80,1582
-427.42,37.28,1594
-439.68,37.44,1605
-404.19,33.46,1617
-377.48,29.16,1629
-387.65,29.42,1641
-423.70,34.50,1652
-446.36,37.06,1665
-412.57,35.26,1676
-380.53,33.02,1688
-381.66,33.36,1699
-405.03,38.10,1711
-442.33,39.80,1723
-425.39,35.12,1734
-383.11,30.35,1746
-386.69,28.73,1758
-402.82,32.88,1770
-430.53,36.84,1781
-438.97,35.05,1794
-396.87,32.23,1805
-375.89,32.13,1817
-391.19,36.76,1828
-422.63,40.45,1841
-439.76,37.78,1852
-405.13,32.09,1863
-379.39,28.79,1875
-386.73,31.70,1887
-415.61,35.76,1899
-447.75,35.48,1910
-418.32,32.70,1923
-379.93,31.13,1934
-401.03,34.90,1946
-436.91,39.69,1957
-432.39,39.59,1970
-384.08,35.38,1981
-376.35,30.90,1992
-396.55,31.44,2004
-432.04,34.84,2016
-444.21,35.24,2028
-400.89,32.56,2039
-375.94,29.94,2052
-388.50,32.77,2063
-417.87,38.59,2075
-442.71,40.76,2086
-409.64,37.14,2099
-376.26,32.64,2110
-382.11,31.79,2122
-410.01,34.49,2134
-444.26,35.78,2145
-424.98,32.41,2157
-385.62,29.16,2168
-384.74,30.71,2181
-395.70,36.23,2192
-434.83,40.47,2204
-436.69,37.91,2215
-385.16,33.87,2228
-379.47,32.56,2239
-395.66,35.01,2251
-420.28,37.41,2263
-444.59,33.87,2275
-407.41,29.36,2286
-377.57,28.41,2297
-393.38,32.79,2310
-415.83,38.34,2321
-420.78,38.29,2333
-378.13,34.97,2344
-376.83,32.96,2357
-404.55,35.24,2368
-439.83,38.12,2380
-433.41,35.87,2392
-388.22,31.10,2404
-379.50,27.73,2415
-399.53,30.51,2427
-434.13,36.00,2439
-441.51,37.39,2450
-396.85,35.72,2462
-374.59,33.38,2473
-387.82,34.94,2486
-421.23,38.49,2497
-444.59,37.70,2509
-411.02,32.97,2521
-378.62,28.51,2533
-388.65,29.64,2544
-413.54,34.51,2556
-443.39,36.91,2568
-424.49,34.83,2580
-380.96,32.63,2591
-379.97,33.81,2603
-400.07,38.16,2615
-429.92,39.84,2626
-434.33,35.15,2638
-395.53,29.80,2650
-379.90,29.19,2662
-394.28,33.17,2673
-428.88,36.74,2685
-443.69,34.58,2697
-405.05,31.28,2709
-376.15,31.64,2720
-413.86,36.75,2733
-441.17,40.67,2744
-414.71,37.77,2755
-377.89,32.78,2767
-382.39,29.69,2779
-409.47,32.14,2791
-443.24,35.64,2802
-429.52,34.17,2814
-386.13,31.68,2826
-380.21,30.59,2838
-395.68,34.85,2849
-430.07,40.02,2862
-440.17,39.40,2873
-389.29,35.53,2885
-375.06,31.20,2896
-397.11,31.99,2908
-419.54,35.26,2920
-441.58,34.92,2931
-415.15,31.91,2944
-377.86,29.69,2955
-383.85,32.64,2967
-410.92,38.28,2978
-436.30,39.85,2991
-423.19,36.57,3002
-386.03,31.81,3014
-375.78,31.92,3025
-398.62,36.00,3038
-440.28,36.62,3049
-437.85,33.17,3060
-391.51,29.44,3073
-378.65,30.34,3084
-393.31,36.30,3096
-430.07,39.35,3107
-397.99,36.51,3120
-372.94,32.71,3131
-388.94,32.30,3143
-418.93,35.88,3154
-445.70,38.48,3167
-414.62,34.82,3178
-377.21,30.05,3190
-388.94,28.94,3202
-413.43,32.97,3213
-439.53,37.55,3225
-428.00,36.38,3236
-384.38,33.58,3249
-377.65,32.86,3260
-399.22,35.76,3272
-429.80,39.12,3283
-436.55,36.55,3296
-400.82,31.47,3307
-378.75,28.90,3319
-390.44,31.35,3331
-425.28,36.24,3343
-444.27,36.64,3354
-410.97,34.09,3365
-379.59,31.78,3378
-380.41,34.42,3389
-410.73,38.98,3401
-442.91,38.50,3412
-422.35,34.25,3425
-382.36,29.56,3436
-378.79,30.19,3448
-404.05,34.98,3460
-442.03,36.16,3472
-434.60,34.01,3483
-387.47,31.33,3494
-376.55,33.10,3507
-427.52,38.35,3518
-441.49,40.06,3530
-395.87,36.13,3542
-375.45,30.77,3554
-391.92,30.11,3565
-419.77,34.29,3577
-443.96,36.45,3589
-414.96,34.05,3601
-378.50,30.46,3612
-384.62,31.45,3624
-409.83,36.51,3636
-436.64,40.04,3647
-423.46,37.71,3659
-385.40,33.02,3671
-379.53,31.44,3683
-398.50,33.88,3694
-433.36,36.38,3706
-439.08,34.33,3718
-395.33,30.69,3730
-380.09,29.84,3741
-391.51,34.15,3753
-419.71,39.45,3765
-442.95,38.41,3777
-406.68,34.81,3788
-374.65,32.02,3801
-383.79,33.54,3812
-413.65,37.24,3823
-444.87,35.47,3835
-421.67,31.84,3847
-381.43,29.02,3859
-381.12,31.31,3870
-403.74,37.28,3883
-438.64,38.48,3894
-383.89,35.51,3906
-377.41,32.46,3917
-397.90,33.13,3930
-427.08,37.17,3941
-441.17,37.48,3953
-399.60,33.44,3964
-376.85,29.32,3976
-391.79,30.45,3988
-420.91,35.43,3999
-443.49,38.07,4012
-412.74,35.92,4023
-377.67,32.18,4035
-381.59,32.75,4046
-408.09,37.10,4059
-441.16,38.82,4070
-425.26,35.55,4082
-381.61,30.31,4093
-379.96,29.51,4106
-404.21,33.66,4117
-435.90,36.87,4129
-437.98,35.56,4141
-393.68,31.99,4152
-374.96,32.26,4164
-392.42,36.64,4175
-424.76,39.89,4188
-440.36,37.01,4199
-406.16,31.68,4211
-376.85,29.54,4222
-389.08,32.24,4235
-418.84,36.43,4246
-443.78,35.56,4258
-419.19,32.66,4270
-381.60,31.35,4282
-404.18,34.34,4293
-436.98,39.43,4304
-428.04,38.68,4317
-387.42,34.17,4328
-380.17,30.20,4340
-397.16,31.33,4352
-431.28,35.80,4364
-442.17,36.44,4375
-399.42,33.53,4387
-377.44,30.30,4399
-390.61,31.97,4411
-420.74,37.46,4422
-442.32,39.18,4434
-409.50,36.35,4446
-376.07,31.98,4458
-380.15,31.38,4469
-412.72,35.38,4481
-446.88,36.57,4493
-423.80,33.56,4504
-384.38,29.83,4516
-380.86,30.73,4528
-399.15,36.35,4540
-436.22,39.28,4551
-435.09,37.17,4563
-386.84,32.71,4575
-377.84,31.83,4587
-395.51,35.28,4598
-424.22,37.22,4611
-443.24,34.67,4622
-405.51,30.35,4633
-377.77,29.75,4645
-388.03,34.13,4657
-415.82,38.62,4669
-415.23,37.34,4680
-382.15,33.26,4692
-383.90,31.72,4704
-402.20,34.38,4716
-439.02,38.21,4727
-430.06,36.84,4740
-384.08,32.06,4751
-382.26,30.01,4763
-398.64,31.86,4774
-427.77,36.45,4787
-443.57,37.30,4798
-398.83,33.95,4809
-370.85,31.68,4822
-391.18,33.58,4833
-423.38,37.93,4845
-444.23,37.96,4856
-412.63,34.02,4869
-376.26,29.42,4880
-383.48,30.76,4892
-417.71,35.74,4903
-444.84,36.97,4916
-422.98,34.56,4927
-380.58,30.95,4939
-379.17,32.01,4951
-404.81,37.14,4962
-438.89,38.42,4974
-432.85,35.04,4985
-389.76,30.45,4998
-380.64,30.09,5009
-396.44,34.98,5021
-428.17,37.40,5032
-442.43,35.05,5045
-401.16,31.46,5056
-378.11,31.11,5068
-417.15,35.36,5080
-441.87,39.05,5092
-415.90,36.81,5103
-379.90,32.54,5114
-382.80,30.93,5127
-408.93,33.25,5138
-442.05,36.71,5150
-428.41,35.20,5161
-387.61,30.93,5174
-382.51,30.68,5185
-395.17,34.13,5197
-431.83,38.62,5209
-440.24,38.51,5221
-391.96,34.14,5232
-374.15,31.61,5244
-391.76,33.62,5256
-420.82,36.56,5267
-444.65,36.16,5279
-412.36,32.18,5291
-377.81,29.36,5303
-383.78,32.45,5314
-414.70,37.84,5326
-444.21,39.04,5338
-417.09,35.67,5350
-377.05,31.54,5361
-382.23,32.57,5373
-402.30,36.88,5385
-438.70,37.03,5397
-435.62,33.66,5408
-383.69,29.60,5420
-378.72,30.21,5432
-401.03,36.42,5443
-425.31,38.93,5455
-400.34,36.49,5467
-372.38,32.81,5479
-388.60,31.59,5490
-421.57,35.86,5502
-441.17,37.88,5514
-412.49,34.35,5526
-384.35,30.67,5537
-383.88,29.66,5549
-405.12,34.50,5561
-442.86,38.56,5572
-428.79,36.54,5584
-382.82,32.67,5596
-378.75,31.39,5608
-399.20,34.44,5619
-434.93,38.25,5632
-440.43,36.46,5643
-395.30,31.51,5655
-373.18,29.80,5666
-392.49,32.35,5679
-429.29,36.77,5690
-446.02,37.06,5701
-403.98,33.05,5713
-374.14,31.35,5725
-387.58,33.79,5737
-416.26,37.84,5748
-444.35,37.99,5761
-416.13,33.57,5772
-378.04,30.36,5784
-383.06,32.09,5795
-409.07,36.06,5808
-438.88,36.87,5819
-427.43,33.82,5831
-388.67,30.65,5842
-381.85,32.22,5854
-427.41,37.53,5866
-438.99,38.46,5877
-396.78,35.50,5890
-378.99,31.35,5901
-390.05,30.87,5913
-416.45,35.81,5924
-445.26,36.95,5937
-416.73,34.27,5948
-379.11,30.81,5960
-382.61,30.51,5971
-408.19,36.36,5984
-443.34,39.49,5995
-426.12,36.83,6006
-378.26,32.58,6019
-377.60,30.60,6030
-402.50,34.33,6042
-438.16,37.44,6053
-438.78,34.59,6066
-388.33,31.10,6077
-375.45,30.36,6089
-397.81,34.55,6100
-426.23,39.10,6113
-437.95,37.70,6124
-401.23,33.55,6136
-376.72,31.66,6148
-387.33,33.63,6159
-416.72,36.86,6171
-441.13,36.19,6182
-416.29,31.61,6195
-383.58,29.51,6206
-383.60,32.69,6218
-405.14,37.43,6230
-438.00,38.79,6242
-387.35,35.15,6253
-378.17,31.72,6265
-393.44,32.91,6277
-434.05,36.34,6289
-440.43,37.20,6300
-394.74,33.44,6311
-381.10,29.78,6324
-390.10,31.21,6335
-417.93,36.20,6347
-447.81,38.50,6359
-408.04,35.74,6371
-373.13,31.42,6382
-385.06,31.65,6394
-409.84,36.55,6406
-442.98,38.05,6418
-427.43,34.76,6429
-378.42,30.50,6441
-378.49,29.83,6453
-405.85,35.06,6464
-441.14,37.77,6476
-433.63,35.49,6488
-388.81,31.99,6500
-378.19,31.31,6511
-396.11,36.00,6523
-429.75,39.05,6535
-443.75,36.24,6547
-397.69,31.81,6558
-375.72,29.89,6571
-394.18,33.23,6582
-417.23,37.51,6594
-443.77,36.25,6605
-416.73,32.71,6617
-376.77,31.54,6629
-384.47,34.33,6640
-438.40,38.23,6652
-430.57,37.69,6664
-384.54,32.84,6676
-377.81,30.19,6687
-400.98,31.92,6700
-432.34,35.97,6711
-440.79,36.75,6723
-398.42,33.18,6734
-374.13,30.63,6746
-391.89,32.88,6758
-424.77,37.38,6769
-443.05,38.70,6781
-407.23,34.78,6793
-375.91,30.90,6805
-384.17,31.71,6816
-414.70,36.18,6829
-444.72,37.17,6840
-420.57,33.90,6852
-378.61,30.02,6863
-383.59,30.75,6876
-407.61,36.54,6887
-435.03,39.08,6898
-430.41,36.55,6910
-389.37,32.28,6922
-375.44,31.26,6934
-397.57,35.45,6945
-431.13,37.28,6958
-437.05,34.54,6969
-402.26,30.56,6981
-381.81,29.77,6992
-387.62,34.63,7005
-419.37,38.70,7016
-443.22,37.18,7028
-378.93,33.47,7040
-382.65,31.49,7051
-407.19,34.37,7063
-443.26,37.80,7074
-427.67,36.06,7087
-384.67,32.08,7098
-378.58,29.73,7110
-399.22,32.85,7121
-437.96,37.24,7134
-438.78,36.99,7145
-389.53,33.92,7157
-375.03,31.41,7169
-393.27,33.78,7181
-425.95,37.82,7192
-442.64,37.61,7203
-402.98,33.62,7216
-375.95,29.79,7227
-390.75,31.31,7239
-417.23,35.88,7250
-442.05,37.19,7263
-418.81,34.42,7274
-381.22,31.48,7286
-382.26,32.71,7298
-403.46,37.49,7310
-437.17,39.26,7321
-430.93,34.84,7333
-390.08,30.75,7345
-380.77,30.04,7356
-394.95,34.51,7368
-431.74,37.49,7379
-444.08,34.59,7392
-399.41,31.60,7403
-375.73,31.83,7415
-387.09,36.56,7427
-444.73,39.84,7439
-412.84,36.21,7450
-376.21,31.32,7462
-384.70,30.14,7474
-411.98,33.84,7486
-443.56,37.46,7497
-425.53,35.98,7508
-380.90,31.73,7521
-382.18,30.27,7532
-403.19,34.24,7544
-434.01,38.30,7556
-436.36,37.67,7568
-391.24,33.70,7579
-377.79,30.63,7591
-395.89,33.68,7603
-424.96,36.70,7615
-444.61,36.40,7626
-405.17,32.63,7639
-376.18,29.24,7650
-391.31,32.27,7661
-415.42,37.17,7673
-440.90,37.92,7685
-421.85,35.58,7697
-378.65,31.96,7708
-377.84,32.81,7720
-407.58,37.08,7732
-440.53,37.45,7744
-431.32,33.81,7755
-387.46,29.89,7768
-376.88,30.70,7779
-398.41,36.22,7791
-434.45,38.40,7802
-439.56,35.20,7814
-375.32,32.22,7826
-391.32,32.36,7837
-421.95,37.07,7849
-442.37,39.31,7861
-406.99,34.99,7873
-377.54,31.00,7884
-387.49,30.23,7897
-414.09,33.99,7908
-441.69,37.67,7920
-420.41,35.63,7931
-382.82,32.11,7944
-382.61,31.97,7955
-400.55,35.92,7966
-433.63,39.08,7979
-433.94,37.29,7990
-389.57,32.12,8002
-378.67,29.80,8013
-395.36,32.74,8026
-427.26,36.17,8037
-444.98,35.87,8049
-405.43,32.96,8060
-373.73,31.12,8073
-384.52,34.71,8084
-417.39,38.70,8096
-443.95,37.84,8108
-416.54,34.14,8119
-377.37,29.94,8131
-383.81,32.11,8142
-410.12,36.37,8155
-443.08,36.55,8166
-429.62,33.82,8178
-382.66,30.88,8189
-378.04,32.93,8202
-400.83,37.81,8213
-435.84,38.70,8225
-394.29,34.59,8237
-378.74,30.60,8249
-392.87,31.06,8260
-422.68,35.73,8271
-442.93,37.90,8284
-407.68,34.28,8295
-380.08,30.53,8307
-387.80,31.01,8318
-409.81,35.83,8331
-442.72,39.48,8342
-423.24,36.31,8354
-378.92,31.97,8366
-379.88,30.93,8378
-403.63,34.55,8389
-438.11,37.89,8400
-435.26,35.36,8413
-388.70,31.05,8424
-376.60,30.02,8436
-398.15,34.04,8448
-431.74,38.27,8460
-439.63,37.10,8471
-400.48,33.39,8483
-374.24,31.50,8495
-387.72,34.29,8507
-421.17,37.84,8518
-442.82,36.56,8530
-414.52,32.57,8542
-379.86,29.76,8553
-381.79,32.81,8565
-410.54,37.16,8577
-442.13,37.22,8589
-426.50,34.31,8600
-378.69,31.40,8612
-394.95,33.41,8624
-435.20,37.62,8636
-440.38,37.57,8647
-389.28,34.01,8659
-376.93,30.12,8671
-394.77,31.35,8683
-421.90,35.99,8694
-445.12,37.18,8706
-407.15,34.48,8718
-373.56,30.99,8729
-389.11,32.27,8741
-414.90,37.15,8753
-440.47,39.19,8765
-420.60,35.15,8776
-378.57,30.62,8788
-382.04,30.57,8800
-408.56,34.73,8812
-439.14,37.80,8823
-431.67,34.87,8836
-386.76,31.57,8847
-378.67,31.90,8858
-396.37,36.08,8870
-429.64,39.52,8882
-437.71,36.30,8894
-396.13,31.64,8905
-379.14,30.37,8918
-391.40,33.36,8929
-420.30,37.24,8941
-444.97,35.67,8952
-412.29,32.16,8965
-378.37,30.65,8976
-386.10,34.15,8988
-409.14,38.30,8999
-425.81,37.47,9011
-382.83,33.67,9023
-380.24,30.48,9034
-402.18,32.88,9047
-435.92,36.63,9058
-439.93,36.53,9070
-393.74,33.33,9081
-376.69,29.87,9094
-393.60,32.65,9105
-427.23,37.73,9117
-443.16,38.58,9128
-403.96,35.89,9141
-375.31,31.28,9152
-386.45,31.91,9163
-417.74,35.83,9176
-446.11,36.71,9187
-417.56,33.88,9199
-380.21,30.07,9210
-383.50,31.06,9223
-407.24,36.40,9234
-437.65,39.08,9246
-430.28,36.33,9257
-386.45,31.74,9270
-378.05,31.16,9281
-397.05,35.03,9293
-432.14,37.36,9305
-441.87,34.87,9316
-401.11,30.79,9328
-376.80,30.57,9339
-389.95,34.96,9352
-422.20,38.44,9363
-443.72,36.60,9375
-410.85,32.52,9387
-381.20,31.45,9399
-412.27,35.05,9410
-445.64,38.24,9422
-422.51,35.85,9434
-381.95,31.58,9446
-381.64,29.51,9457
-401.72,32.89,9468
-438.81,37.94,9481
-434.04,37.28,9492
-387.97,34.11,9504
-377.74,31.46,9516
-396.01,33.41,9528
-426.56,37.78,9539
-440.51,37.09,9551
-401.10,33.13,9563
-380.86,29.95,9575
-389.77,31.49,9586
-413.35,36.55,9598
-443.43,38.27,9610
-416.91,35.19,9621
-377.49,31.19,9633
-383.64,32.06,9645
-403.87,36.57,9657
-437.27,38.08,9668
-434.51,35.17,9680
-386.64,30.61,9692
-374.13,31.08,9704
-396.30,35.55,9715
-434.73,37.57,9728
-440.21,35.34,9739
-395.15,30.84,9750
-376.73,31.54,9762
-388.06,36.27,9774
-449.08,38.83,9786
-404.75,36.36,9797
-373.19,31.20,9809
-390.97,30.48,9821
-411.24,34.44,9833
-441.58,37.78,9844
-425.23,35.75,9857
-377.30,31.74,9868
-380.08,30.65,9880
-408.87,34.56,9891
-433.85,38.35,9903
-427.49,36.65,9915
-392.64,32.89,9926
-380.79,30.47,9938
-396.24,33.23,9950
-427.53,37.44,9962
-438.17,36.25,9973
-403.29,33.58,9986
-380.59,30.53,9997
-389.10,32.48,10009
-415.99,37.45,10020
-443.67,36.96,10033
-417.82,34.00,10044
-380.75,30.87,10055
-379.40,32.03,10067
-405.08,37.00,10079
-445.54,37.96,10091
-431.84,34.37,10102
-382.44,30.74,10115
-377.40,31.49,10126
-396.76,36.10,10138
-437.06,37.84,10149
-443.90,34.22,10162
-388.83,30.67,10173
-397.61,31.62,10185
-425.89,36.36,10196
-442.35,38.46,10208
-404.80,35.31,10220
-374.78,30.95,10231
-392.48,31.15,10244
-418.40,35.53,10255
-438.06,37.88,10267
-417.65,35.71,10278
-384.05,31.39,10291
-387.00,30.50,10302
-403.72,34.57,10314
-433.19,37.93,10326
-432.62,36.50,10338
-391.90,32.30,10349
-379.60,30.61,10360
-393.67,34.32,10373
-424.84,38.17,10384
-442.54,36.73,10396
-405.10,32.64,10407
-376.64,30.40,10420
-385.34,32.63,10431
-415.99,37.71,10443
-447.60,37.07,10455
-417.82,33.80,10467
-373.77,31.33,10478
-377.64,32.76,10490
-412.00,37.98,10502
-444.19,37.33,10513
-426.60,33.21,10525
-380.71,30.53,10536
-373.83,31.57,10549
-405.10,36.95,10560
-431.20,38.05,10572
-385.98,34.26,10584
-378.16,31.50,10596
-395.33,32.60,10607
-426.85,36.82,10619
-440.18,38.20,10631
-399.74,34.64,10643
-380.63,30.33,10654
-394.58,31.21,10665
-412.24,35.28,10678
-436.99,37.90,10689
-419.60,35.99,10701
-384.18,31.52,10713
-382.85,31.85,10725
-399.84,35.72,10736
-433.79,38.03,10748
-434.54,36.10,10760
-392.98,31.45,10772
-376.69,30.55,10783
-390.77,34.81,10796
-429.90,37.78,10807
-444.50,35.99,10818
-402.37,32.13,10830
-374.55,30.22,10842
-385.28,34.24,10854
-422.79,38.91,10865
-449.22,37.06,10877
-410.98,33.21,10889
-372.82,30.34,10901
-383.69,32.82,10912
-416.00,37.51,10925
-444.88,36.55,10936
-422.34,32.95,10948
-382.82,30.63,10959
-406.15,32.41,10971
-435.50,37.61,10983
-431.48,37.93,10994
-390.41,34.07,11006
-382.29,31.18,11018
-394.64,31.79,11030
-424.87,36.40,11041
-439.59,37.62,11054
-404.50,34.31,11065
-381.66,31.04,11077
-386.42,31.45,11088
-411.74,36.10,11101
-443.10,38.17,11112
-419.36,35.44,11123
-382.95,31.45,11136
-379.25,31.36,11147
-400.96,35.72,11159
-442.05,37.72,11170
-435.37,35.26,11183
-385.90,30.79,11194
-376.30,30.58,11206
-396.89,35.31,11217
-433.51,38.17,11230
-443.03,36.00,11241
-393.49,31.49,11252
-375.00,30.81,11265
-395.94,35.10,11276
-423.54,38.34,11288
-442.96,36.45,11299
-407.30,32.23,11312
-375.89,30.91,11323
-388.92,33.85,11335
-412.24,37.72,11346
-422.01,36.61,11359
-382.41,32.76,11370
-382.35,30.60,11382
-404.19,32.96,11394
-432.94,37.64,11405
-435.03,37.35,11417
-394.17,33.91,11428
-374.07,30.75,11441
-393.73,32.41,11452
-428.15,37.01,11464
-442.64,37.11,11475
-403.44,33.95,11488
-377.22,30.64,11499
-386.97,31.84,11511
-415.65,37.28,11523
-445.56,38.47,11535
-417.43,34.99,11546
-374.01,31.21,11557
-382.35,31.29,11570
-410.87,36.23,11581
-440.86,37.63,11593
-429.83,34.32,11604
-385.22,30.88,11617
-378.20,31.22,11628
-402.43,36.26,11640
-434.35,38.80,11652
-434.19,35.94,11664
-392.94,31.82,11675
-379.88,31.02,11687
-392.20,34.71,11699
-420.90,37.81,11710
-443.40,35.70,11722
-406.28,31.67,11734
-388.50,30.78,11746
-408.57,34.59,11757
-441.30,38.16,11769
-423.35,36.55,11781
-381.69,32.43,11793
-380.78,30.63,11804
-401.41,34.14,11816
-436.70,37.67,11828
-436.39,36.61,11840
-389.90,32.56,11851
-376.10,30.19,11863
-392.92,33.20,11875
-428.99,37.56,11886
-443.72,37.67,11898
-399.62,33.61,11910
-373.05,30.88,11922
-388.51,32.82,11933
-420.16,37.27,11945
-443.95,37.91,11957
-412.32,33.87,11969
-376.16,30.27,11980
-386.48,31.50,11993
-412.60,36.30,12004
-440.45,38.20,12015
-423.46,35.01,12027
-384.47,31.42,12039
-382.84,31.76,12051
-401.09,36.24,12062
-430.37,38.19,12075
-437.01,34.82,12086
-395.28,30.89,12098
-377.10,30.56,12109
-392.08,35.60,12122
-422.56,38.23,12133
-410.68,35.88,12145
-378.81,31.63,12156
-380.42,30.88,12168
-412.49,35.21,12180
-446.51,38.13,12191
-420.62,36.26,12204
-380.79,31.90,12215
-377.42,30.67,12227
-401.10,34.24,12238
-445.85,37.65,12251
-434.97,36.16,12262
-382.26,31.81,12274
-378.09,30.71,12285
-398.46,34.28,12298
-429.79,38.18,12309
-440.62,37.60,12320
-395.85,33.26,12333
-374.23,30.65,12344
-395.29,32.84,12356
-421.49,36.75,12367
-439.56,36.80,12380
-412.53,33.20,12391
-380.51,30.88,12403
-384.85,33.04,12414
-409.35,37.77,12427
-439.53,38.44,12438
-423.99,34.49,12450
-384.81,30.83,12462
-382.23,31.40,12473
-398.34,35.69,12485
-435.02,37.18,12496
-440.66,33.82,12509
-393.45,30.49,12520
-392.96,31.48,12532
-421.13,36.58,12544
-444.90,39.36,12556
-407.41,36.07,12567
-372.62,31.57,12579
-386.05,31.03,12591
-416.34,35.08,12602
-444.83,37.48,12614
-424.04,34.50,12625
-378.31,30.24,12638
-379.14,29.88,12649
-410.78,35.16,12661
-438.88,38.94,12673
-427.98,37.49,12685
-386.47,33.20,12696
-375.44,31.30,12708
-397.17,34.40,12720
-435.97,36.92,12732
-438.34,35.08,12743
-396.94,31.37,12754
-380.51,29.70,12767
-391.98,33.65,12778
-420.67,38.33,12790
-442.26,37.97,12802
-407.86,34.54,12814
-379.97,31.28,12825
-387.63,32.93,12837
-408.36,36.88,12849
-442.68,36.48,12861
-428.62,32.86,12872
-385.18,30.09,12884
-381.58,31.79,12896
-400.24,37.15,12907
-435.99,38.24,12919
-391.67,34.81,12931
-374.82,31.89,12943
-390.77,32.41,12954
-429.34,36.86,12966
-444.60,38.16,12978
-399.71,33.70,12990
-378.61,30.12,13001
-389.11,30.42,13014
-414.66,35.26,13025
-447.66,38.56,13037
-414.25,35.49,13048
-374.13,31.97,13060
-388.81,31.88,13072
-406.99,35.95,13083
-436.39,38.19,13095
-431.96,35.37,13107
-384.76,31.13,13119
-380.59,30.19,13130
-402.22,35.02,13143
-427.67,38.03,13154
-438.58,36.25,13166
-398.78,32.27,13177
-376.85,30.32,13190
-392.34,34.29,13201
-419.85,38.08,13212
-440.90,36.79,13224
-412.47,33.40,13236
-377.35,30.71,13248
-384.30,33.28,13259
-412.41,37.51,13272
-441.40,36.58,13283
-426.83,32.96,13295
-381.73,30.68,13306
-405.10,33.07,13319
-434.97,37.87,13330
-435.23,38.02,13342
-392.51,33.89,13353
-373.99,30.45,13365
-398.48,31.76,13377
-430.80,36.34,13388
-439.21,37.67,13401
-404.91,34.27,13412
-375.66,30.92,13424
-386.40,32.14,13435
-421.04,36.75,13448
-441.03,38.56,13459
-413.31,34.81,13471
-383.45,30.45,13483
-381.81,30.93,13495
-407.74,35.65,13506
-443.85,38.07,13517
-426.81,35.27,13530
-385.20,31.09,13541
-380.63,30.83,13553
-397.06,35.70,13564
-434.70,38.23,13577
-440.12,35.82,13588
-394.87,31.90,13600
-376.24,30.12,13612
-392.30,34.38,13624
-427.12,37.28,13635
-444.58,35.22,13646
-406.48,32.34,13659
-376.26,30.78,13670
-385.56,34.87,13682
-414.08,38.76,13693
-418.96,36.14,13706
-380.67,32.56,13717
-384.60,30.24,13729
-403.37,33.12,13741
-436.27,38.12,13753
-433.55,36.82,13764
-387.21,33.07,13776
-377.02,30.36,13788
-397.94,32.67,13799
-429.94,37.58,13811
-437.94,37.83,13822
-399.26,33.87,13835
-375.97,30.85,13846
-386.34,32.27,13858
-422.43,36.87,13870
-445.41,38.21,13882
-408.32,34.16,13893
-377.56,30.44,13905
-384.78,31.61,13917
-408.21,35.84,13929
-446.52,38.21,13940
-425.41,35.30,13952
-378.53,31.36,13964
-381.61,32.27,13975
-398.60,36.38,13987
-435.04,38.08,13999
-441.02,34.63,14011
-387.42,30.23,14022
-374.53,30.74,14034
-396.76,35.42,14046
-426.03,38.03,14058
-442.51,35.71,14069
-404.21,32.14,14082
-371.85,31.58,14093
-418.35,36.28,14104
-440.45,38.53,14116
-416.31,35.58,14128
-379.96,31.50,14140
-384.17,29.41,14151
-409.34,33.51,14163
-439.50,37.66,14175
-429.18,36.04,14187
-383.45,33.03,14198
-379.81,31.16,14211
-399.21,34.69,14222
-430.27,39.27,14234
-437.52,37.39,14245
-394.56,33.00,14257
-375.28,29.92,14269
-393.63,31.61,14280
-426.22,36.28,14292
-443.28,36.80,14304
-410.23,33.76,14316
-375.98,31.59,14327
-382.38,33.91,14340
-413.93,38.02,14351
-442.50,38.37,14363
-421.43,34.07,14374
-379.50,29.52,14387
-380.40,31.25,14398
-407.24,35.53,14409
-439.00,37.46,14422
-434.34,34.60,14433
-388.81,30.67,14445
-375.63,32.19,14456
-396.27,36.92,14469
-430.44,38.73,14480
-400.42,35.40,14492
-375.85,30.94,14503
-386.91,31.13,14516
-421.86,35.50,14527
-447.39,37.64,14539
-411.51,34.63,14551
-377.32,31.02,14562
-383.64,31.03,14574
-408.65,36.00,14585
-442.75,39.35,14598
-424.74,36.32,14609
-379.11,32.03,14621
-381.49,30.32,14632
-403.08,33.79,14645
-436.50,37.69,14656
-436.44,35.84,14668
-390.36,32.12,14680
-376.39,30.59,14691
-396.19,34.21,14703
-426.66,38.39,14714
-441.68,37.03,14727
-402.39,33.33,14738
-375.27,30.62,14750
-389.18,33.39,14761
-415.97,37.43,14774
-441.34,36.91,14785
-418.94,33.07,14797
-379.63,30.19,14809
-380.19,32.47,14821
-406.97,37.07,14832
-440.09,37.97,14843
-431.91,34.39,14856
-385.74,30.94,14867
-398.69,32.72,14879
-435.37,37.07,14891
-439.20,37.68,14903
-394.92,33.76,14914
-374.37,30.11,14926
-390.67,31.49,14938
-427.25,36.80,14950
-444.76,38.55,14961
-404.59,35.20,14973
-374.65,31.24,14985
-385.80,31.50,14996
-414.38,36.40,15008
-443.85,38.26,15020
-417.62,34.74,15032
-379.05,31.01,15043
-383.60,31.25,15055
-404.75,35.97,15067
-437.93,38.74,15079
-431.24,35.65,15090
-386.57,31.75,15102
-380.71,31.08,15114
-395.27,34.84,15126
-428.87,38.45,15137
-441.97,36.16,15149
-398.95,31.79,15161
-377.39,30.30,15172
-390.81,33.71,15184
-417.46,38.02,15196
-446.51,36.78,15208
-414.99,32.60,15219
-374.59,30.52,15232
-383.74,33.61,15243
-411.54,37.80,15255
-443.61,37.04,15266
-379.00,33.28,15279
-376.76,30.10,15290
-403.91,33.01,15301
-437.49,37.43,15313
-437.25,37.24,15325
-390.04,33.84,15337
-371.06,30.27,15348
-396.44,32.81,15361
-430.03,37.26,15372
-441.87,37.56,15384
-401.63,34.45,15395
-372.66,30.70,15408
-388.27,32.22,15419
-421.65,36.42,15431
-442.24,37.46,15442
-414.78,34.19,15454
-379.96,30.56,15466
-383.76,31.51,15477
-406.57,36.68,15490
-437.84,39.42,15501
-427.13,35.54,15513
-385.56,31.30,15524
-380.98,30.82,15537
-397.38,34.70,15548
-433.92,37.88,15560
-439.43,34.52,15571
-395.16,31.21,15583
-374.86,31.63,15595
-389.21,35.90,15606
-425.03,39.49,15619
-443.82,36.42,15630
-404.51,31.73,15642
-375.20,30.49,15653
-416.15,34.15,15666
-448.04,37.47,15677
-418.20,36.07,15689
-375.15,32.02,15700
-382.50,30.58,15713
-406.30,34.66,15724
-440.43,38.48,15735
-430.53,37.29,15748
-383.12,33.53,15759
-377.99,30.60,15771
-399.78,33.41,15782
-432.08,37.22,15795
-439.65,35.91,15806
-396.49,32.73,15818
-379.58,30.08,15830
-391.24,32.66,15842
-417.11,38.06,15853
-443.10,38.12,15865
-411.49,35.04,15877
-375.98,31.43,15888
-386.60,32.34,15900
-408.05,36.62,15911
-441.02,37.21,15924
-431.81,33.25,15935
-382.79,29.65,15947
-378.96,31.45,15959
-403.21,36.58,15971
-433.95,39.13,15982
-438.17,35.47,15994
-390.15,31.11,16006
-373.00,31.61,16018
-394.45,35.91,16029
-431.27,38.21,16040
-444.83,34.79,16053
-372.75,30.18,16064
-388.15,30.50,16076
-423.09,34.95,16088
-446.27,38.65,16100
-414.02,36.24,16111
-373.60,31.90,16123
-382.39,31.49,16135
-415.54,35.32,16147
-440.56,38.26,16158
-424.21,35.94,16171
-384.94,31.86,16182
-379.77,30.20,16193
-401.00,33.83,16205
-437.40,37.49,16217
-435.53,35.73,16229
-393.24,32.76,16240
-379.65,30.93,16252
-391.23,34.40,16264
-422.56,38.78,16276
-444.91,37.28,16287
-407.91,33.31,16300
-376.21,30.28,16311
-383.82,32.53,16323
-414.15,37.08,16334
-444.49,36.65,16346
-424.12,32.91,16358
-378.76,30.32,16369
-377.00,33.26,16381
-406.87,38.42,16393
-442.07,38.84,16405
-430.18,34.40,16416
-383.92,30.10,16429
-374.78,31.41,16440
-438.86,36.20,16452
-441.12,37.54,16463
-391.56,34.03,16476
-376.16,30.50,16487
-394.13,31.74,16498
-423.08,36.80,16510
-441.03,39.09,16522
-405.76,36.00,16534
-374.68,31.99,16545
-385.90,31.60,16558
-414.31,35.74,16569
-440.58,38.04,16581
-420.38,34.42,16592
-385.08,30.78,16605
-382.02,30.41,16616
-397.92,35.32,16628
-437.12,39.48,16640
-433.40,36.85,16651
-387.22,32.69,16663
-378.71,31.06,16674
-393.71,33.93,16687
-425.34,37.63,16698
-447.69,35.38,16710
-404.53,31.36,16721
-369.14,30.44,16734
-387.10,34.26,16745
-421.08,39.09,16757
-443.57,37.74,16769
-414.89,33.61,16780
-375.27,30.75,16792
-378.38,32.95,16803
-415.98,36.91,16816
-447.03,36.01,16827
-380.71,32.84,16839
-381.32,30.26,16850
-402.31,32.85,16863
-436.06,37.99,16874
-433.79,38.28,16886
-387.01,34.79,16898
-379.29,31.09,16910
-394.86,32.46,16921
-422.80,36.81,16932
-444.10,36.84,16945
-404.84,33.67,16956
-378.93,29.85,16968
-389.49,30.98,16979
-412.05,36.65,16992
-442.97,38.36,17003
-421.95,35.47,17015
-378.36,31.54,17027
-379.02,31.75,17039
-403.87,36.72,17050
-441.77,38.53,17062
-434.68,34.55,17074
-382.07,30.26,17085
-374.06,30.07,17097
-401.72,34.78,17108
-434.36,38.40,17121
-441.82,35.48,17132
-393.77,31.88,17144
-368.49,31.96,17156
-394.49,35.50,17168
-429.28,39.06,17179
-439.42,35.92,17191
-406.64,31.42,17203
-377.70,30.41,17215
-384.45,33.68,17226
-442.18,37.67,17238
-415.83,36.31,17250
-382.14,32.37,17261
-383.62,30.87,17273
-400.69,34.36,17285
-434.26,38.52,17297
-431.86,37.90,17308
-388.65,33.97,17320
-378.56,30.50,17332
-395.50,32.73,17344
-427.89,36.55,17355
-442.62,36.41,17368
-400.43,33.62,17379
-375.53,30.23,17390
-388.82,32.76,17402
-418.73,38.01,17414
-443.48,38.33,17426
-413.37,34.94,17437
-375.33,30.88,17449
-382.38,31.51,17461
-411.83,36.26,17473
-442.85,37.14,17484
-427.78,34.21,17497
-380.84,30.93,17508
-375.59,31.63,17520
-404.27,36.82,17531
-436.21,38.94,17543
-433.99,35.31,17555
-390.61,31.46,17566
-376.80,31.29,17579
-395.68,35.35,17590
-428.70,38.00,17602
-441.06,34.99,17613
-379.03,30.89,17626
-390.23,30.79,17637
-415.32,34.84,17649
-442.48,38.28,17660
-419.37,36.01,17673
-381.82,31.99,17684
-380.49,31.67,17695
-404.48,35.28,17708
-439.39,38.54,17719
-430.84,36.02,17731
-387.46,31.34,17742
-378.39,29.43,17755
-395.72,33.04,17766
-436.23,37.70,17778
-443.41,36.92,17789
-392.30,33.73,17802
-375.48,31.17,17813
-389.29,33.75,17825
-421.25,38.45,17837
-448.14,37.07,17848
-407.58,32.88,17860
-374.56,29.64,17871
-389.79,31.62,17884
-415.07,36.74,17895
-442.85,37.22,17907
-422.49,34.47,17918
-378.66,31.26,17931
-380.96,32.91,17942
-404.50,37.91,17954
-434.78,38.52,17966
-435.69,34.86,17977
-390.10,29.91,17989
-377.18,30.39,18000
-401.78,35.41,18013
-438.21,37.56,18024
-405.07,35.39,18036
-375.46,31.68,18048
-385.65,32.05,18060
-418.30,36.88,18071
-441.95,38.91,18083
-413.52,35.78,18095
-380.33,31.08,18107
-384.42,30.18,18118
-407.32,34.37,18129
-442.90,37.65,18142
-430.82,35.44,18153
-379.65,31.78,18165
-376.35,31.16,18177
-400.72,35.11,18189
-434.02,39.07,18200
-438.92,36.66,18212
-391.39,32.57,18224
-373.92,30.84,18236
-395.53,33.52,18247
-428.74,37.41,18259
-443.72,35.75,18271
-403.41,32.32,18282
-376.59,30.90,18294
-387.32,33.80,18306
-415.43,38.55,18318
-444.28,37.45,18329
-416.42,33.68,18341
-378.58,30.67,18353
-382.42,32.40,18365
-405.37,37.11,18376
-438.94,37.02,18388
-432.06,33.37,18400
-378.61,30.50,18412
-398.65,32.18,18423
-430.78,37.15,18435
-440.11,38.00,18447
-395.22,34.39,18458
-374.75,30.69,18470
-391.90,31.77,18482
-420.35,36.68,18494
-443.72,38.39,18505
-411.97,34.90,18518
-375.94,30.37,18529
-384.20,30.83,18541
-413.65,35.47,18552
-442.47,38.40,18565
-422.00,35.86,18576
-382.05,31.32,18587
-381.49,31.35,18599
-401.58,35.73,18611
-436.16,38.43,18623
-435.95,36.05,18634
-387.92,31.19,18647
-376.86,30.36,18658
-397.58,34.50,18670
-425.99,38.04,18681
-442.54,36.62,18694
-405.23,32.27,18705
-374.56,30.88,18717
-387.33,34.03,18728
-419.11,37.99,18740
-441.26,36.70,18752
-415.81,32.84,18763
-380.72,30.76,18776
-381.44,33.05,18787
-442.03,37.56,18799
-430.41,36.26,18810
-387.49,32.35,18823
-377.85,30.34,18834
-398.48,32.52,18846
-434.47,38.19,18857
-437.79,38.49,18869
-394.44,34.39,18881
-377.07,30.81,18892
-390.96,31.46,18905
-424.84,36.08,18916
-445.67,36.97,18928
-406.40,33.83,18939
-377.04,30.89,18952
-387.54,31.78,18963
-413.05,36.80,18975
-444.95,38.47,18987
-419.39,35.23,18999
-378.23,30.86,19010
-383.71,30.84,19021
-404.87,35.65,19034
-437.57,38.03,19045
-435.34,35.52,19057
-386.93,31.62,19068
-376.50,31.21,19081
-397.70,35.57,19092
-428.61,37.91,19104
-441.15,35.65,19116
-400.94,31.91,19128
-374.86,31.24,19139
-388.29,35.34,19151
-419.93,38.42,19163
-443.95,36.12,19174
-411.85,31.86,19186
-385.29,30.42,19197
-410.41,33.85,19210
-441.42,38.01,19221
-427.11,36.70,19233
-380.88,32.44,19245
-379.54,31.01,19257
-404.01,34.00,19268
-432.66,38.12,19280
-435.48,37.43,19292
-392.65,33.04,19304
-375.12,30.38,19315
-395.48,32.24,19326
-427.44,36.97,19339
-441.85,37.01,19350
-405.34,33.70,19362
-377.79,31.09,19374
-385.86,32.41,19386
-414.40,37.64,19397
-443.50,38.04,19409
-419.06,34.41,19421
-377.57,30.67,19433
-381.36,31.10,19444
-408.61,36.18,19457
-437.85,37.44,19468
-430.69,34.77,19479
-389.38,30.94,19491
-374.81,31.38,19503
-396.90,36.69,19515
-434.55,38.59,19526
-436.85,35.52,19538
-396.88,31.12,19550
-378.61,30.58,19562
-388.62,35.28,19573
-448.17,38.18,19586
-407.79,35.46,19597
-377.60,31.14,19609
-385.84,30.60,19620
-411.15,34.81,19632
-443.84,38.62,19644
-422.77,36.72,19655
-381.18,31.92,19667
-380.45,30.72,19679
-402.57,33.76,19691
-440.02,37.40,19702
-435.43,36.22,19715
-388.37,32.38,19726
-378.86,30.66,19738
-394.34,33.68,19749
-426.98,38.02,19762
-445.08,37.31,19773
-399.28,33.49,19784
-373.89,30.45,19796
-390.75,32.40,19808
-418.84,36.73,19820
-444.80,36.72,19831
-416.87,33.89,19844
-376.96,30.99,19855
-383.78,32.47,19867
-407.50,37.48,19878
-438.41,37.77,19891
-427.02,34.39,19902
-384.02,31.10,19913
-379.56,31.32,19926
-400.10,36.41,19937
-430.66,37.94,19949
-437.48,34.42,19960
-378.12,31.23,19973
-391.69,31.57,19984
-420.32,36.47,19996
-441.62,38.98,20007
-408.32,35.52,20020
-376.34,30.99,20031
-386.47,30.51,20043
-413.48,34.74,20055
-443.34,37.81,20066
-421.84,36.00,20078
-380.76,31.75,20089
-379.45,31.16,20102
-402.71,35.19,20113
-439.11,38.19,20125
-434.40,36.39,20136
-387.86,31.80,20149
-377.47,30.40,20160
-395.62,33.85,20172
-431.22,37.25,20184
-444.17,36.48,20196
-397.16,32.73,20207
-373.17,30.98,20218
-392.24,33.84,20231
-420.09,37.61,20242
-444.15,37.15,20254
-413.82,33.27,20265
-376.14,30.63,20278
-385.19,32.82,20289
-411.78,37.49,20301
-439.11,37.15,20313
-424.28,33.75,20325
-386.43,30.51,20336
-382.38,31.74,20348
-400.14,36.80,20360
-436.55,37.85,20371
-398.37,34.66,20383
-377.29,31.39,20395
-390.90,31.86,20407
-422.55,36.81,20418
-442.67,38.12,20430
-411.32,34.07,20442
-378.22,30.27,20454
-381.34,30.31,20465
-414.67,35.73,20477
-446.25,38.89,20489
-418.19,36.16,20501
-378.21,32.09,20512
-380.53,31.35,20524
-403.66,35.40,20536
-441.23,37.87,20547
-435.64,35.24,20559
-384.31,30.81,20571
-375.75,30.01,20583
-400.35,34.90,20594
-431.86,38.38,20606
-439.77,37.23,20618
-396.16,32.71,20630
-373.35,30.72,20641
-391.68,34.36,20654
-422.71,37.61,20665
-441.29,36.33,20676
-409.94,32.63,20688
-381.81,30.12,20700
-386.36,33.11,20712
-408.73,37.54,20723
-440.80,37.40,20736
-424.16,34.09,20747
-379.62,31.44,20759
-395.96,33.02,20770
-434.78,37.31,20783
-437.36,37.36,20794
-394.91,33.42,20805
-380.39,30.36,20817
-390.91,31.77,20829
-421.67,36.85,20841
-445.50,38.44,20852
-405.24,35.13,20865
-375.09,31.56,20876
-386.31,31.51,20888
-412.93,36.28,20899
-444.60,38.19,20912
-421.01,34.66,20923
-377.17,30.95,20935
-381.18,30.71,20946
-406.06,35.87,20958
-441.43,38.35,20970
-429.85,35.76,20981
-382.06,31.57,20994
-380.77,30.83,21005
-400.38,35.38,21017
-430.18,37.75,21028
-440.68,35.71,21041
-396.58,32.12,21052
-375.00,30.96,21064
-391.37,34.95,21075
-421.04,38.02,21088
-442.18,36.17,21099
-411.89,32.14,21110
-380.56,30.08,21123
-386.54,33.89,21134
-407.72,37.53,21146
-424.93,36.95,21157
-381.66,33.57,21170
-381.93,30.86,21181
-399.02,33.71,21193
-431.46,37.91,21204
-439.61,37.18,21217
-395.53,33.06,21228
-374.26,29.57,21240
-392.42,31.67,21252
-426.34,37.02,21263
-442.58,38.33,21275
-407.09,35.01,21286
-372.38,31.46,21299
-382.48,32.27,21310
-419.18,37.10,21322
-446.80,38.06,21334
-414.81,34.45,21346
-375.91,30.48,21357
-384.27,30.60,21369
-409.36,35.61,21381
-441.43,37.95,21393
-428.98,35.26,21404
-383.59,31.89,21415
-380.36,31.80,21428
-400.08,36.22,21439
-428.21,38.62,21451
-437.72,35.61,21463
-398.06,31.69,21475
-378.35,30.38,21486
-392.85,34.32,21498
-418.69,37.57,21510
-443.05,35.47,21522
-413.23,32.53,21533
-383.15,31.29,21544
-404.68,34.97,21557
-442.03,38.96,21568
-428.14,36.91,21580
-384.78,32.55,21592
-379.99,29.78,21604
-398.62,32.87,21615
-438.64,36.92,21627
-441.92,36.70,21639
-388.76,33.26,21651
-374.36,30.70,21662
-394.80,33.81,21675
-428.36,38.11,21686
-443.87,37.72,21697
-401.86,33.85,21709
-372.85,30.30,21721
-389.70,32.01,21733
-421.24,36.27,21744
-444.80,36.93,21756
-413.60,33.76,21768
-378.52,30.45,21780
-386.50,31.89,21791
-407.30,36.91,21804
-437.44,38.84,21815
-427.01,35.27,21827
-383.80,31.30,21838
-384.95,30.86,21850
-401.28,35.05,21862
-425.90,37.51,21873
-438.68,34.71,21885
-403.01,31.32,21897
-378.70,31.01,21909
-387.60,35.74,21920
-440.82,39.19,21933
-414.21,36.62,21944
-380.08,32.01,21956
-379.64,30.37,21967
-409.86,33.74,21980
-449.24,37.25,21991
-426.26,35.73,22002
-380.40,32.18,22014
-377.49,30.89,22026
-398.58,34.84,22038
-439.55,38.50,22049
-436.93,37.02,22062
-385.04,32.95,22073
-373.89,30.41,22085
-398.15,33.55,22096
-429.26,36.97,22109
-439.32,36.22,22120
-399.79,32.95,22132
-378.25,30.27,22144
-392.40,33.20,22155
-417.72,37.41,22167
-439.58,37.62,22178
-412.33,34.38,22191
-380.50,31.01,22202
-388.61,32.41,22214
-405.33,36.77,22225
-434.24,37.38,22238
-430.90,33.68,22249
-390.27,30.15,22261
-381.45,30.83,22273
-397.09,36.17,22285
-427.86,38.99,22296
-439.77,35.99,22307
-399.73,31.75,22320
-387.12,31.08,22331
-423.22,35.39,22343
-447.42,37.75,22354
-412.50,34.54,22367
-375.05,30.73,22378
-381.71,30.16,22390
-415.06,35.27,22402
-445.43,38.90,22414
-422.30,36.36,22425
-378.48,32.28,22437
-378.02,30.59,22449
-406.29,34.33,22460
-441.33,37.74,22472
-433.20,35.83,22483
-386.97,32.56,22496
-379.54,30.70,22507
-398.13,34.05,22519
-426.36,37.74,22531
-438.39,36.25,22543
-402.69,32.82,22554
-380.33,30.43,22566
-390.17,33.10,22578
-416.45,37.64,22589
-439.33,37.46,22601
-416.44,33.88,22612
-385.75,30.44,22625
-382.46,32.25,22636
-400.63,36.83,22648
-440.51,38.00,22660
-432.41,34.58,22672
-386.37,30.40,22683
-378.89,31.69,22695
-394.99,36.48,22707
-445.84,37.65,22719
-393.94,34.60,22730
-373.21,30.68,22742
-393.21,31.69,22754
-424.99,36.65,22765
-443.53,38.81,22777
-406.78,35.63,22789
-373.33,31.23,22801
-385.94,30.84,22812
-418.61,35.12,22824
-443.09,37.88,22836
-417.14,35.47,22848
-380.14,32.30,22859
-385.02,31.61,22872
-402.50,35.41,22883
-434.62,38.60,22894
-431.88,35.57,22906
-389.87,31.89,22918
-383.34,30.31,22930
-395.76,33.56,22941
-422.34,37.85,22953
-442.64,36.46,22965
-403.45,33.31,22977
-377.66,31.38,22988
-386.62,34.22,23001
-412.99,38.14,23012
-443.96,36.83,23024
-418.99,32.64,23035
-378.19,29.70,23047
-381.43,32.59,23059
-405.66,37.09,23070
-441.53,37.58,23083
-430.16,34.30,23094
-398.19,30.87,23106
1290.38,32.95,23117
-433.81,37.23,23130
-439.02,37.81,23141
-391.60,34.21,23153
-376.02,29.87,23164
-394.64,31.19,23177
-424.57,35.84,23188
-442.02,37.97,23199
-404.18,35.48,23212
-376.37,31.29,23223
-389.51,32.04,23235
-413.16,36.30,23246
-436.69,38.37,23259
-420.79,35.48,23270
-384.02,30.69,23282
-381.64,30.05,23293
-404.64,34.32,23306
-435.54,37.96,23317
-431.23,36.08,23329
-393.65,32.55,23341
-379.58,31.42,23352
-390.13,34.76,23364
-425.99,38.18,23375
-443.76,35.86,23388
-403.92,31.73,23399
-377.53,30.06,23411
-386.54,33.34,23422
-418.14,37.59,23435
-448.02,36.17,23446
-416.01,33.06,23458
-375.07,31.28,23470
-379.33,34.02,23481
-409.46,38.50,23493
-425.50,37.04,23504
-381.94,32.96,23517
-381.25,29.98,23528
-402.09,31.93,23540
-434.93,36.85,23552
-436.82,36.97,23564
-391.42,33.89,23575
-378.60,31.14,23587
-394.97,32.74,23599
-421.41,37.44,23611
-439.99,38.16,23622
-407.29,34.33,23633
-382.07,29.88,23646
-390.73,30.57,23657
-411.49,35.66,23669
-440.28,38.14,23681
-423.18,35.97,23693
-382.92,31.39,23704
-381.03,31.38,23716
-399.25,35.62,23728
-435.27,38.12,23740
-436.98,35.86,23751
-391.80,31.42,23763
-376.67,30.69,23775
-392.45,34.68,23786
-428.60,38.28,23798
-445.05,36.51,23810
-400.07,32.29,23822
-373.99,30.46,23833
-387.83,34.31,23845
-419.01,37.94,23857
-445.81,36.56,23869
-415.77,32.86,23880
-381.76,30.90,23892
-410.76,33.72,23904
-439.20,37.83,23916
-425.31,36.67,23927
-385.11,33.07,23939
-380.57,31.02,23951
-399.14,33.33,23962
-433.79,37.90,23974
-433.63,37.13,23986
-394.68,33.42,23998
-382.66,30.14,24009
-391.22,31.93,24022
-418.45,36.76,24033
-442.56,37.64,24045
-407.99,34.85,24056
-381.28,31.16,24069
-387.39,31.84,24080
-408.12,36.19,24091
-441.25,37.74,24103
-425.34,34.71,24115
-383.42,30.57,24127
-380.32,31.07,24138
-399.19,35.58,24151
-437.91,38.16,24162
-438.72,35.50,24174
-390.29,30.82,24185
-375.52,30.75,24198
-393.25,35.36,24209
-430.10,38.48,24221
-444.47,36.50,24232
-398.94,32.22,24244
-374.18,30.71,24256
-387.40,34.34,24267
-420.62,37.16,24280
-414.12,35.38,24291
-378.85,31.60,24303
-385.35,30.70,24314
-405.97,34.74,24327
-438.88,38.60,24338
-428.80,37.05,24350
-383.51,32.60,24361
-383.63,30.31,24373
-400.45,32.44,24385
-427.01,36.90,24396
-439.39,36.72,24409
-398.09,33.73,24420
-376.11,31.63,24432
-392.55,33.28,24443
-420.49,37.94,24456
-439.49,37.28,24467
-411.26,33.38,24479
-380.05,29.95,24491
-383.16,31.36,24503
-412.81,37.13,24514
-443.33,38.53,24525
-420.07,35.22,24538
-381.28,30.86,24549
-381.27,31.09,24561
-400.02,35.67,24572
-437.02,37.57,24585
-436.30,35.10,24596
-388.82,31.29,24608
-377.07,31.52,24620
-396.24,35.93,24632
-426.84,38.20,24643
-441.14,35.46,24655
-401.41,30.93,24667
-387.54,30.52,24678
-416.69,34.89,24690
-442.87,37.94,24701
-414.92,36.39,24714
-380.10,32.31,24725
-383.44,30.91,24737
-404.96,34.20,24749
-439.60,37.37,24761
-430.27,35.99,24772
-386.74,32.19,24784
-377.81,31.01,24796
-395.89,34.15,24808
-432.01,38.21,24819
-440.76,37.03,24830
-395.73,32.51,24843
-377.11,30.09,24854
-391.46,32.61,24866
-420.18,37.61,24878
-442.58,38.39,24890
-408.09,34.66,24901
-376.26,31.23,24913
-386.94,31.96,24925
-412.67,36.16,24937
-439.73,36.93,24948
-422.07,33.80,24961
-384.60,30.62,24972
-380.84,31.67,24983
-401.56,36.99,24995
-435.99,38.58,25007
-432.99,35.40,25019
-390.95,31.14,25030
-380.00,30.96,25042
-393.19,35.70,25054
-422.58,37.80,25066
-405.17,35.30,25077
-374.71,31.24,25090
-389.35,30.81,25101
-415.24,35.70,25113
-442.29,38.32,25124
-421.97,36.53,25136
-379.21,31.92,25148
-379.58,30.75,25159
-407.22,34.71,25171
-440.40,37.64,25183
-430.26,36.19,25195
-388.31,31.78,25206
-379.96,30.18,25219
-398.06,33.69,25230
-431.91,37.56,25242
-438.01,37.44,25253
-395.55,33.63,25265
-376.71,31.19,25277
-391.91,33.65,25288
-418.79,37.11,25300
-442.56,36.51,25312
-413.29,32.40,25324
-380.35,29.56,25335
-383.64,32.19,25348
-409.58,37.69,25359
-440.84,38.65,25371
-424.18,35.34,25382
-385.18,31.43,25395
-377.67,31.50,25406
-397.01,36.18,25417
-438.71,37.04,25430
-438.75,33.88,25441
-391.94,30.54,25453
-391.29,30.85,25464
-424.50,36.38,25477
-444.12,39.02,25488
-401.63,36.27,25500
-375.33,32.01,25511
-388.10,31.13,25524
-416.52,35.31,25535
-443.85,37.33,25547
-415.92,35.09,25559
-381.59,31.44,25570
-383.47,30.19,25582
-402.86,34.78,25593
-438.64,38.07,25606
-430.92,36.57,25617
-384.52,32.81,25629
-382.87,31.30,25640
-395.64,34.58,25653
-423.59,37.89,25664
-442.25,36.25,25676
-401.84,31.99,25688
-377.07,30.05,25700
-391.54,32.79,25711
-418.13,37.48,25722
-440.85,37.58,25735
-414.89,33.97,25746
-380.29,31.42,25758
-381.16,32.90,25769
-408.97,37.20,25782
-442.68,37.47,25793
-426.14,33.52,25805
-384.45,30.51,25817
-382.07,32.05,25829
-397.23,36.59,25840
-440.93,37.94,25852
-391.08,34.51,25864
-377.39,30.36,25875
-397.21,31.48,25887
-421.77,35.84,25899
-444.12,38.07,25911
-409.97,35.39,25922
-374.77,31.23,25934
-386.20,31.08,25946
-413.60,35.57,25958
-442.73,37.77,25969
-422.16,35.13,25981
-381.13,31.53,25993
-381.06,30.59,26004
-404.40,35.32,26016
-439.57,38.36,26028
-432.45,35.93,26040
-386.99,32.24,26051
-379.26,30.37,26063
-398.02,34.19,26075
-427.40,37.81,26087
-438.78,36.19,26098
-403.62,32.55,26110
-378.39,30.43,26122
-389.82,33.61,26134
-418.79,37.83,26145
-440.72,37.35,26157
-415.34,33.46,26169
-381.46,30.66,26180
-383.64,32.68,26192
-405.84,36.83,26204
-441.04,37.41,26216
-429.83,33.62,26227
-385.96,30.56,26240
-397.19,32.20,26251
-433.97,36.58,26263
-438.12,38.54,26274
-392.98,35.23,26287
-375.98,31.37,26298
-392.16,32.29,26309
-423.75,35.94,26321
-443.63,37.45,26333
-407.84,34.09,26345
-377.49,30.05,26356
-387.33,31.20,26369
-413.07,36.19,26380
-439.03,38.84,26392
-419.34,36.29,26403
-381.56,32.17,26416
-381.44,31.20,26427
-402.63,35.30,26439
-434.04,37.60,26450
-431.84,35.12,26462
-393.53,31.47,26474
-380.81,30.27,26485
-391.46,34.88,26498
-427.31,38.55,26509
-440.00,36.78,26521
-402.27,33.16,26532
-379.83,30.52,26545
-384.47,33.70,26556
-413.53,37.99,26568
-445.87,36.52,26579
-419.60,32.79,26592
-379.67,29.96,26603
-380.19,32.55,26614
-404.91,37.31,26627
-431.67,37.30,26638
-383.35,34.04,26650
-376.70,31.20,26661
-398.98,33.18,26674
-434.70,37.45,26685
-438.96,37.72,26697
-393.54,33.87,26708
-378.31,29.92,26721
-392.61,31.18,26732
-423.89,35.58,26743
-444.72,37.80,26756
-406.42,35.23,26767
-378.36,31.59,26779
-388.81,32.31,26790
-410.80,36.40,26803
-438.54,38.28,26814
-424.67,35.26,26826
-384.48,31.04,26838
-383.03,30.49,26850
-402.71,34.68,26861
-435.04,37.87,26873
-433.65,35.58,26885
-396.90,31.92,26896
-381.45,31.13,26908
-388.41,35.16,26919
-424.14,38.68,26932
-445.47,36.42,26943
-404.01,32.31,26955
-379.03,30.47,26967
-387.93,34.03,26979
-414.96,37.38,26990
-445.92,35.53,27002
-421.41,32.06,27014
-377.89,30.10,27026
-407.30,33.71,27037
-440.50,38.56,27048
-429.16,37.83,27061
-386.25,34.19,27072
-379.54,30.27,27084
-398.46,32.00,27096
-435.44,36.45,27108
-438.79,36.70,27119
-392.87,33.93,27131
-380.51,30.86,27143
-393.98,32.36,27155
-418.00,37.22,27166
-442.07,38.20,27179
-410.05,34.73,27190
-380.11,30.95,27201
-388.88,31.07,27213
-406.72,35.52,27225
-436.92,38.22,27237
-426.92,35.27,27248
-386.70,31.38,27260
-381.99,31.18,27272
-395.10,34.87,27284
-432.06,38.13,27295
-443.96,35.52,27308
-393.22,31.57,27319
-372.80,31.44,27331
-391.49,35.33,27342
-424.65,38.64,27354
-446.25,36.25,27366
-405.65,31.17,27377
-373.38,30.26,27389
-389.06,34.02,27401
-417.81,37.96,27413
-417.60,37.22,27424
-380.76,33.10,27437
-383.12,30.73,27448
-405.65,33.69,27460
-436.66,36.95,27471
-430.69,36.07,27483
-388.89,33.01,27495
-379.82,30.19,27506
-398.06,33.47,27518
-427.06,37.90,27530
-437.44,37.12,27542
-400.33,34.17,27553
-378.29,30.18,27566
-389.22,31.71,27577
-418.29,36.68,27589
-442.64,37.45,27600
-413.55,34.83,27613
-379.88,30.79,27624
-382.94,31.07,27635
-408.79,36.09,27648
-441.52,37.61,27659
-426.48,34.75,27671
-383.16,31.35,27682
-378.40,31.46,27695
-400.35,36.18,27706
-433.43,38.79,27718
-435.28,35.50,27729
-394.42,31.08,27742
-379.33,30.47,27753
-392.47,34.19,27765
-424.85,37.71,27777
-443.47,35.74,27788
-406.18,31.95,27800
-386.73,31.31,27811
-412.28,34.65,27824
-442.79,37.85,27835
-420.42,35.93,27847
-382.32,32.05,27858
-383.12,30.78,27871
-402.83,33.86,27882
-436.37,37.86,27894
-433.19,36.42,27906
-391.01,32.55,27918
-381.09,30.11,27929
-394.72,32.81,27940
-426.77,37.68,27953
-441.22,37.83,27964
-401.96,34.18,27976
-377.84,30.34,27987
-387.33,32.02,28000
-417.23,36.59,28011
-445.74,36.92,28023
-415.83,33.88,28035
-379.09,30.09,28047
-384.05,31.46,28058
-408.06,36.88,28070
-439.07,38.35,28082
-427.73,35.75,28093
-383.43,31.26,28105
-377.82,31.17,28116
-399.09,35.81,28129
-434.09,37.32,28140
-438.31,34.95,28152
-394.04,30.91,28164
-376.28,31.04,28176
-391.04,35.98,28187
-420.59,38.68,28199
-408.69,36.06,28211
-377.13,31.84,28222
-384.52,31.15,28234
-412.62,34.41,28246
-441.74,37.87,28258
-420.63,35.75,28269
-384.22,31.59,28281
-381.71,30.95,28293
-400.97,33.83,28305
-436.20,38.14,28316
-431.37,37.19,28328
-390.60,32.78,28340
-380.16,30.77,28352
-394.19,33.35,28363
-425.03,37.69,28375
-441.63,37.34,28387
-401.32,33.30,28398
-377.71,30.45,28410
-390.00,31.99,28422
-415.90,36.75,28434
-443.35,37.61,28445
-416.94,34.45,28457
-380.52,31.05,28469
-383.34,31.99,28481
-404.64,36.33,28492
-443.91,37.51,28505
-431.18,34.71,28516
-383.71,30.86,28527
-380.90,31.34,28539
-397.64,36.03,28551
-431.02,37.49,28563
-441.53,34.77,28574
-394.98,30.96,28587
-393.80,30.80,28598
-422.42,35.74,28610
-441.54,38.15,28621
-409.99,35.83,28634
-377.52,31.74,28645
-384.25,31.06,28657
-411.50,34.87,28668
-442.95,37.70,28680
-422.78,35.34,28692
-384.20,31.14,28703
-384.98,30.53,28716
-401.08,34.40,28727
-433.42,38.20,28739
-437.19,36.88,28750
-391.93,32.92,28763
-379.40,31.35,28774
-393.05,33.78,28786
-424.41,37.82,28797
-442.86,36.85,28810
-406.61,32.09,28821
-379.10,29.59,28832
-387.21,32.18,28845
-415.47,37.51,28856
-445.06,38.02,28868
-417.37,35.05,28879
-376.76,31.43,28892
-380.48,32.56,28903
-407.48,37.21,28915
-440.78,37.27,28926
-430.11,33.68,28939
-385.12,29.79,28950
-380.47,30.56,28962
-399.16,36.21,28974
-430.93,38.65,28985
-393.08,35.94,28997
-376.11,32.33,29008
-392.44,31.58,29021
-420.72,35.98,29032
-443.87,37.82,29044
-409.83,34.68,29056
-378.15,31.12,29068
-388.42,30.37,29079
-410.48,34.78,29091
-437.55,37.78,29103
-424.37,35.99,29114
-385.29,32.58,29126
-380.05,31.69,29137
-398.71,35.33,29150
-432.36,38.44,29161
-437.31,36.40,29173
-396.08,31.75,29185
-378.52,29.91,29197
-389.95,33.06,29208
-423.98,37.07,29220
-444.98,36.69,29232
-406.68,33.00,29244
-374.07,31.16,29255
-384.70,33.97,29266
-416.67,38.30,29279
-443.56,37.91,29290
-416.88,33.39,29302
-380.75,30.06,29314
-381.05,31.55,29326
-408.02,36.45,29337
-442.88,37.30,29349
-426.43,34.06,29361
-385.16,31.02,29373
-396.57,31.75,29384
-430.19,36.91,29396
-437.08,38.35,29408
-393.98,35.16,29419
-380.34,31.80,29431
-393.50,31.14,29443
-416.93,35.55,29455
-442.45,37.48,29466
-413.70,34.21,29478
-382.95,30.62,29490
-385.74,30.63,29502
-402.29,35.17,29513
-441.35,38.96,29526
-430.71,36.82,29537
-383.59,32.31,29549
-378.52,31.14,29560
-396.53,34.36,29572
-435.52,37.37,29584
-443.23,35.21,29595
-393.99,31.12,29607
-373.34,30.15,29619
-394.80,34.34,29631
-428.68,38.07,29642
-444.10,37.24,29655
-405.17,33.24,29666
-375.14,30.82,29678
-386.69,34.41,29689
-418.81,37.19,29702
-442.56,36.71,29713
-415.24,32.44,29724
-381.72,29.38,29736
-386.05,32.10,29748
-407.09,36.66,29760
-427.59,37.48,29771
-386.90,34.64,29784
-382.63,32.14,29795
-394.21,33.21,29807
-423.47,37.46,29818
-441.28,38.17,29831
-402.55,33.90,29842
-379.30,30.03,29853
-388.38,29.68,29865
-418.07,35.09,29877
-446.36,37.92,29889
-416.83,34.87,29900
-375.69,31.86,29913
-378.90,31.88,29924
-409.77,37.06,29936
-441.10,39.54,29947
-426.37,35.57,29960
-383.16,31.17,29971
-376.64,29.87,29983
-402.07,33.91,29995
-439.48,36.88,30006
-435.02,35.29,30018
-391.42,32.18,30029
-377.87,31.52,30042
-390.54,35.69,30053
-424.63,39.20,30065
-439.47,37.50,30076
-402.32,33.06,30089
-382.00,30.49,30100
-389.58,33.13,30112
-409.70,36.12,30124
-443.29,35.62,30136
-419.11,32.40,30147
-385.91,30.05,30158
-395.57,33.61,30171
-434.27,38.37,30182
-437.52,38.78,30194
-388.69,34.93,30205
-378.68,30.96,30218
-392.03,31.65,30229
-427.62,35.75,30241
-446.19,36.62,30253
-401.88,32.89,30265
-374.95,30.06,30276
-389.35,31.28,30288
-418.90,36.86,30300
-445.67,39.18,30311
-413.60,35.92,30323
-374.46,32.08,30334
-383.51,31.74,30347
-410.92,35.64,30358
-441.23,37.66,30370
-428.17,34.18,30382
-383.60,30.21,30394
-380.85,30.33,30405
-401.73,34.73,30417
-432.08,38.26,30429
-439.18,36.27,30441
-393.83,32.39,30452
-376.61,32.02,30464
-392.32,35.71,30476
-420.01,38.17,30487
-442.34,35.86,30499
-409.53,31.32,30511
-377.39,29.27,30523
-389.05,32.98,30534
-414.74,36.98,30546
-423.46,36.48,30558
-383.92,33.77,30570
-377.75,31.73,30581
-402.87,34.75,30593
-436.10,38.60,30605
-430.91,37.21,30616
-394.51,33.21,30628
-380.54,29.42,30640
-392.00,31.26,30652
-430.80,36.43,30663
-442.78,37.31,30675
-397.40,34.59,30687
-377.38,31.71,30699
-389.17,33.09,30710
-416.22,37.58,30723
-444.60,38.55,30734
-413.84,34.42,30745
-378.00,30.49,30757
-385.82,30.57,30769
-409.24,34.98,30781
-440.78,37.61,30792
-426.34,34.51,30804
-383.64,31.43,30816
-382.49,31.97,30828
-397.50,36.44,30839
-428.84,39.54,30852
-438.19,36.25,30863
-395.22,31.51,30875
-377.06,30.43,30886
-392.92,33.75,30898
-421.98,37.35,30910
-442.12,35.31,30921
-409.72,31.95,30934
-378.77,31.32,30945
-407.31,35.13,30957
-442.60,38.77,30968
-424.85,37.46,30981
-377.69,32.87,30992
-379.67,30.43,31004
-403.81,33.53,31015
-436.94,36.44,31028
-438.40,36.07,31039
-389.67,32.68,31050
-372.87,30.15,31063
-396.83,33.54,31074
-429.88,38.14,31086
-437.44,38.00,31097
-400.99,34.47,31110
-377.81,30.53,31121
-388.68,32.52,31133
-421.12,36.84,31144
-441.49,37.34,31157
-411.13,33.93,31168
-380.56,29.96,31180
-388.36,31.26,31192
-405.77,36.19,31203
-436.34,38.53,31215
-430.03,35.38,31226
-384.62,31.40,31239
-379.30,31.77,31250
-400.84,35.57,31262
-428.10,38.40,31273
-439.40,35.27,31286
-402.57,30.60,31297
-375.06,30.18,31309
-387.69,34.16,31321
-426.48,37.67,31332
-409.59,35.69,31344
-377.35,32.35,31355
-380.96,31.69,31368
-412.60,35.43,31379
-447.16,38.42,31391
-423.01,35.98,31403
-379.95,31.67,31415
-380.65,30.26,31426
-407.57,33.89,31438
-438.65,37.57,31450
-431.01,35.99,31462
-392.34,32.23,31473
-379.48,30.38,31484
-394.17,33.71,31497
-429.97,38.27,31508
-436.00,37.38,31520
-398.74,34.06,31532
-383.63,30.70,31544
-387.50,32.33,31555
-413.23,37.14,31567
-445.20,36.76,31579
-412.69,33.67,31591
-381.97,30.08,31602
-387.44,31.32,31614
-401.08,36.91,31626
-440.08,38.46,31637
-433.44,35.49,31649
-380.79,31.89,31661
-377.85,31.73,31673
-398.33,35.79,31684
-431.24,37.75,31696
-444.76,34.02,31708
-394.70,30.29,31720
-394.54,30.89,31731
-424.46,35.58,31744
-442.91,38.84,31755
-408.58,36.40,31767
-374.37,32.37,31778
-385.08,32.06,31790
-415.22,35.06,31802
-441.01,37.53,31813
-421.72,34.61,31825
-383.83,30.27,31837
-382.73,30.45,31849
-404.46,34.77,31860
-435.79,38.27,31873
-431.79,37.52,31884
-388.86,32.79,31896
-377.19,31.34,31907
-394.68,34.19,31920
-425.44,37.74,31931
-439.87,36.40,31942
-402.55,32.37,31954
-377.91,29.49,31966
-390.41,32.52,31978
-417.04,37.38,31989
-442.50,37.65,32002
-415.73,34.93,32013
-376.78,31.55,32025
-379.88,33.58,32036
-407.10,38.03,32049
-439.28,37.47,32060
-429.45,33.44,32071
-385.86,29.31,32083
-377.36,30.44,32095
-400.85,36.30,32107
-435.96,38.14,32118
-394.31,35.85,32131
-375.80,32.21,32142
-390.49,32.36,32154
-426.04,36.60,32165
-445.88,37.91,32178
-406.54,34.27,32189
-378.63,29.98,32201
-388.75,30.08,32212
-415.11,34.70,32224
-443.59,38.39,32236
-420.75,35.95,32247
-379.58,32.36,32260
-379.66,32.12,32271
-403.02,35.30,32283
-438.36,38.45,32294
-433.81,35.69,32307
-389.12,31.05,32318
-377.10,30.40,32330
-397.69,33.64,32342
-431.16,37.95,32354
-438.11,36.40,32365
-400.49,32.44,32376
-379.09,31.37,32389
-387.76,34.08,32400
-420.02,38.39,32412
-443.96,37.15,32423
-411.21,32.91,32436
-380.39,29.98,32447
-384.52,32.13,32459
-406.57,37.03,32471
-443.95,37.00,32483
-429.15,33.79,32494
-381.62,30.55,32506
-399.36,32.84,32518
-433.03,37.86,32529
-440.12,38.20,32541
-392.26,35.03,32552
-373.03,30.46,32565
-395.22,31.40,32576
-428.69,35.96,32588
-443.22,36.93,32600
-404.77,34.44,32612
-377.21,30.60,32623
-387.15,31.31,32635
-415.54,36.54,32647
-443.41,38.88,32659
-416.27,36.13,32670
-378.47,32.20,32681
-385.42,31.31,32694
-404.72,35.12,32705
-432.74,37.81,32717
-434.23,34.52,32729
-391.17,30.95,32741
-377.75,30.48,32752
-398.25,34.48,32764
-427.52,38.74,32776
-435.73,36.88,32788
-402.40,32.93,32799
-378.21,31.79,32811
-383.86,34.53,32823
-419.24,37.62,32834
-445.07,36.02,32846
-411.69,31.57,32858
-382.39,29.45,32870
-384.15,32.79,32881
-406.53,37.78,32893
-443.94,37.91,32905
-381.05,33.97,32917
-380.31,31.53,32928
-397.23,33.30,32941
-435.84,37.70,32952
-440.44,37.45,32963
-389.66,33.12,32975
-378.44,29.81,32987
-397.16,30.86,32999
-424.17,35.99,33010
-444.62,37.56,33022
-404.72,35.02,33034
-373.71,31.97,33046
-390.63,32.21,33057
-414.96,36.96,33070
-440.22,37.87,33081
-423.05,34.43,33093
-379.26,30.56,33104
-381.04,30.31,33116
-411.95,35.18,33128
-436.82,37.38,33139
-429.56,35.29,33152
-391.67,31.55,33163
-376.87,31.66,33175
-392.73,36.56,33186
-429.29,39.06,33199
-439.50,36.27,33210
-402.16,31.38,33222
-376.98,30.06,33233
-386.73,33.61,33246
-421.48,37.42,33257
-447.73,35.47,33268
-411.48,31.54,33281
-377.50,31.47,33292
-409.36,34.96,33304
-444.25,39.28,33315
-423.66,37.68,33328
-377.71,32.93,33339
-380.59,30.37,33351
-406.30,32.25,33362
-440.49,36.48,33375
-434.33,36.01,33386
-387.87,32.84,33397
-379.55,30.78,33410
-397.81,33.45,33421
-424.28,38.46,33433
-438.70,38.59,33444
-401.76,35.06,33457
-379.28,31.13,33468
-390.66,31.47,33480
-413.33,35.90,33491
-442.10,36.62,33504
-420.87,33.64,33515
-385.10,30.36,33527
-383.49,31.64,33539
-401.87,36.98,33550
-438.18,39.38,33562
-433.04,36.43,33573
-388.01,31.79,33586
-377.48,31.54,33597
-394.82,34.99,33609
-432.76,37.18,33620
-445.43,34.17,33633
-401.35,29.93,33644
-373.45,30.41,33656
-389.18,35.50,33668
-424.42,39.55,33680
-442.91,37.74,33691
-377.92,32.77,33702
-385.41,31.21,33715
-410.17,34.05,33726
-444.14,37.22,33738
-424.00,35.49,33750
-381.31,31.56,33762
-384.79,30.08,33773
-401.19,33.52,33785
-432.87,37.67,33797
-435.32,37.62,33809
-389.86,34.10,33820
-377.60,31.74,33832
-396.33,33.67,33844
-421.31,37.36,33855
-439.60,37.35,33867
-409.07,33.15,33879
-377.65,30.01,33891
-385.08,31.49,33902
-415.78,36.12,33914
-442.12,37.71,33926
-420.01,34.67,33938
-383.24,31.64,33949
-378.22,32.74,33961
-400.57,37.22,33973
-441.78,38.22,33985
-432.94,34.58,33996
-385.51,30.16,34008
-378.70,30.49,34020
-396.50,35.63,34031
-432.97,37.79,34043
-442.64,35.23,34055
-394.87,31.34,34067
-376.04,31.81,34078
-421.31,36.53,34091
-442.60,39.18,34102
-407.20,36.02,34114
-377.84,31.52,34125
-389.40,30.13,34137
-410.00,34.21,34149
-440.08,37.21,34160
-423.99,35.76,34172
-383.94,32.02,34184
-382.79,30.74,34196
-399.99,34.27,34207
-431.36,38.19,34220
-435.90,37.58,34231
-393.13,33.30,34243
-378.32,30.92,34254
-391.77,32.80,34267
-422.94,36.40,34278
-446.22,36.41,34289
-408.37,33.03,34301
-374.70,30.59,34313
-386.47,33.00,34325
-413.47,37.81,34336
-443.86,38.35,34349
-420.41,34.88,34360
-378.08,31.35,34372
-378.27,31.86,34383
-406.02,36.40,34396
-442.81,37.09,34407
-429.66,33.71,34419
-385.77,30.20,34430
-379.33,31.04,34442
-397.03,36.58,34454
-428.