947952.00
32941.00
-418.71,35.51,1134
-450.45,38.84,1136
-423.21,32.70,1147
-371.79,29.92,1160
-408.12,33.33,1171
-449.11,39.15,1183
-442.70,37.01,1195
-376.98,31.13,1207
-361.05,30.07,1218
-404.58,34.11,1229
-442.86,40.32,1242
-446.87,39.35,1253
-389.59,32.85,1265
-351.07,30.98,1276
-393.93,33.83,1289
-446.14,38.77,1300
-451.22,38.09,1312
-398.62,31.36,1324
-355.35,29.51,1336
-383.96,33.79,1347
-438.81,39.32,1359
-454.92,39.16,1371
-404.59,32.84,1382
-357.86,30.68,1394
-378.39,34.42,1405
-428.79,39.75,1418
-455.24,38.15,1429
-416.63,31.67,1441
-362.24,29.27,1453
-374.76,33.15,1465
-420.49,39.44,1476
-451.88,38.38,1488
-427.55,33.14,1500
-367.97,30.75,1512
-367.33,33.75,1523
-411.69,39.64,1534
-438.62,38.46,1547
-379.94,32.46,1558
-359.46,29.83,1570
-404.35,32.54,1582
-443.45,38.62,1594
-443.27,38.88,1605
-392.52,33.12,1617
-357.80,30.64,1629
-390.81,33.49,1641
-438.52,39.45,1652
-450.15,39.56,1665
-403.26,33.52,1676
-358.39,29.89,1687
-381.62,32.46,1699
-433.50,38.28,1711
-453.98,38.58,1723
-414.58,33.31,1734
-363.56,30.09,1746
-371.73,33.12,1758
-423.81,39.56,1770
-455.51,39.78,1781
-422.27,33.98,1794
-365.20,29.86,1805
-368.54,32.04,1817
-415.83,38.35,1828
-453.71,38.93,1840
-434.73,33.26,1852
-371.67,29.95,1863
-362.74,33.02,1875
-406.89,39.15,1887
-448.78,40.16,1899
-442.65,33.88,1910
-379.67,29.84,1923
-359.53,32.45,1934
-443.87,38.04,1946
-452.43,39.58,1957
-392.42,33.90,1970
-351.96,29.74,1981
-391.40,32.33,1992
-441.66,38.17,2004
-450.48,39.57,2016
-407.15,33.94,2028
-355.12,29.73,2039
-378.16,32.35,2052
-436.08,38.49,2063
-453.45,39.72,2075
-412.84,33.98,2086
-361.50,29.72,2099
-371.89,31.88,2110
-424.78,37.68,2121
-455.49,39.31,2134
-424.60,33.98,2145
-365.67,30.15,2157
-368.50,32.51,2168
-414.91,38.64,2181
-451.11,40.70,2192
-434.24,34.69,2204
-373.81,30.19,2215
-361.40,31.39,2228
-408.11,36.66,2239
-449.52,38.64,2251
-443.11,33.21,2263
-385.89,29.88,2274
-359.46,32.20,2286
-394.27,38.83,2297
-444.36,41.23,2310
-447.41,35.30,2321
-358.08,30.51,2333
-387.16,31.31,2344
-437.63,36.65,2357
-455.08,38.93,2368
-405.06,33.72,2380
-358.83,29.56,2392
-382.34,31.45,2404
-427.34,38.28,2415
-450.51,41.07,2426
-418.41,36.07,2439
-360.58,30.87,2450
-370.50,31.36,2462
-423.62,37.36,2473
-454.12,39.54,2486
-427.81,34.21,2497
-370.39,29.35,2509
-363.84,30.41,2521
-410.91,36.98,2533
-454.11,40.49,2544
-436.40,36.47,2556
-374.09,31.69,2568
-358.91,32.46,2579
-401.19,37.19,2591
-449.83,39.58,2603
-447.69,34.73,2615
-384.76,29.27,2626
-356.58,30.79,2638
-394.57,36.47,2650
-442.39,39.87,2662
-451.25,36.38,2673
-393.73,31.10,2685
-357.01,32.35,2697
-386.93,37.92,2709
-432.42,40.51,2720
-408.88,35.94,2732
-358.85,29.61,2744
-378.94,30.09,2755
-427.25,35.88,2767
-454.29,39.03,2779
-421.52,35.49,2791
-362.84,30.58,2802
-369.20,31.85,2814
-420.22,37.69,2826
-451.14,41.47,2838
-430.63,36.80,2849
-370.70,30.68,2861
-361.08,30.20,2873
-413.34,35.20,2884
-454.59,39.15,2896
-438.90,35.29,2908
-378.83,30.28,2920
-357.88,31.13,2931
-401.90,36.76,2944
-449.22,41.45,2955
-443.07,37.31,2967
-386.29,31.20,2978
-358.54,30.96,2991
-393.11,35.29,3002
-441.49,39.12,3013
-451.03,35.29,3025
-400.33,29.62,3037
-359.00,30.23,3049
-383.89,35.84,3060
-432.09,40.76,3073
-452.95,37.75,3084
-410.81,31.95,3096
-360.66,31.42,3107
-424.40,35.94,3120
-458.83,39.78,3131
-423.03,35.85,3143
-363.71,29.66,3154
-369.93,29.31,3166
-416.99,35.07,3178
-453.45,40.26,3189
-433.94,37.68,3202
-367.16,32.30,3213
-358.26,31.61,3225
-411.39,36.39,3236
-452.62,40.31,3249
-438.91,36.28,3260
-378.75,30.53,3272
-359.82,29.47,3283
-400.91,34.95,3296
-449.43,39.95,3307
-447.89,36.79,3318
-383.80,32.11,3331
-355.99,31.39,3342
-393.81,36.23,3354
-436.38,41.01,3365
-449.48,37.43,3378
-402.35,31.18,3389
-358.26,29.63,3401
-383.46,33.99,3412
-432.80,39.10,3425
-451.95,37.09,3436
-414.68,31.55,3448
-362.35,30.78,3460
-371.06,36.19,3471
-421.71,41.40,3483
-454.63,38.93,3494
-366.13,31.67,3507
-367.05,29.72,3518
-413.10,34.12,3530
-453.46,38.74,3542
-437.81,36.84,3554
-371.74,30.89,3565
-361.31,29.72,3577
-406.47,35.09,3589
-448.55,40.74,3600
-444.04,38.97,3612
-380.98,33.12,3623
-352.82,31.13,3636
-399.53,34.96,3647
-447.91,39.48,3659
-447.51,36.85,3671
-393.81,30.54,3683
-356.70,28.93,3694
-390.07,33.47,3706
-442.12,40.06,3718
-451.30,39.30,3730
-399.92,33.43,3741
-357.18,32.06,3752
-380.87,35.03,3765
-431.47,40.01,3776
-453.02,37.29,3788
-414.72,30.36,3800
-365.62,28.47,3812
-376.21,32.33,3823
-423.53,38.71,3835
-453.81,38.68,3847
-425.13,33.50,3859
-369.04,32.49,3870
-366.21,35.84,3883
-408.83,40.22,3894
-439.14,37.77,3905
-377.62,30.89,3917
-362.33,27.94,3929
-404.72,32.06,3941
-449.23,38.38,3952
-448.78,38.28,3964
-385.37,33.46,3976
-353.69,31.43,3988
-391.45,35.44,3999
-442.07,41.48,4012
-452.17,39.57,4023
-395.47,32.56,4035
-354.36,28.86,4046
-388.35,31.62,4058
-439.27,38.21,4070
-454.58,37.71,4081
-404.82,32.56,4093
-356.27,30.73,4105
-378.29,34.52,4117
-430.93,41.35,4128
-453.10,40.66,4141
-413.92,33.35,4152
-359.25,29.52,4164
-375.66,31.97,4175
-426.48,37.17,4188
-453.63,37.35,4199
-425.81,32.21,4210
-367.42,29.86,4222
-367.01,34.45,4234
-412.81,39.95,4246
-445.51,39.92,4257
-433.59,34.39,4270
-376.03,30.28,4281
-403.97,33.28,4293
-444.22,38.37,4304
-445.28,38.20,4317
-389.56,32.92,4328
-358.29,29.39,4340
-392.39,32.47,4352
-439.91,39.05,4363
-450.70,39.66,4375
-398.16,34.15,4386
-355.49,30.86,4399
-381.72,33.37,4410
-435.19,39.22,4422
-455.62,39.24,4433
-409.59,32.49,4446
-355.65,28.92,4457
-374.83,32.12,4469
-429.60,38.42,4481
-457.69,39.64,4492
-420.26,33.92,4504
-357.23,30.58,4515
-368.49,33.85,4528
-424.99,39.40,4539
-453.19,39.91,4551
-428.47,33.28,4562
-368.13,29.19,4575
-363.31,31.93,4586
-415.40,37.79,4598
-452.46,39.58,4610
-434.20,34.03,4622
-377.47,30.42,4633
-361.45,32.84,4644
-400.92,38.69,4657
-445.65,40.29,4668
-442.52,34.24,4680
-361.66,29.78,4691
-392.53,31.52,4704
-437.98,37.79,4715
-451.50,39.19,4727
-402.88,33.90,4739
-358.87,30.11,4751
-382.52,32.22,4762
-431.55,38.87,4774
-453.48,40.48,4786
-413.47,35.14,4797
-360.34,30.62,4809
-373.30,31.34,4820
-425.79,37.47,4833
-458.27,39.18,4844
-424.64,33.84,4856
-363.69,30.28,4868
-364.67,32.02,4880
-416.88,38.60,4891
-456.90,40.59,4903
-433.05,34.86,4915
-366.99,30.32,4927
-361.50,32.12,4938
-410.66,37.96,4950
-452.99,39.65,4962
-440.94,34.25,4973
-374.38,29.74,4985
-357.09,31.84,4997
-403.76,37.77,5009
-445.72,39.80,5020
-445.75,34.69,5032
-387.61,30.07,5044
-356.67,31.91,5056
-395.94,37.64,5067
-446.77,40.25,5079
-401.86,35.30,5091
-358.98,29.96,5102
-385.16,31.31,5114
-433.11,36.87,5126
-449.47,39.54,5138
-413.55,35.39,5149
-364.57,30.19,5161
-374.08,31.43,5173
-422.02,37.72,5185
-451.05,40.42,5196
-426.87,36.03,5209
-369.93,30.39,5220
-363.11,30.75,5231
-413.28,36.43,5243
-456.59,39.62,5255
-436.18,35.38,5267
-372.41,30.65,5278
-359.49,31.55,5291
-405.08,37.16,5302
-449.77,40.86,5314
-443.24,35.88,5325
-380.22,30.79,5338
-357.83,31.35,5349
-399.42,36.17,5361
-446.73,39.77,5372
-447.94,34.99,5384
-393.02,29.95,5396
-357.79,31.30,5407
-389.83,36.72,5420
-439.09,40.93,5431
-450.87,36.68,5443
-401.63,30.87,5454
-358.38,31.15,5467
-431.98,35.94,5478
-452.07,39.55,5490
-415.23,35.57,5501
-362.45,30.18,5514
-375.57,30.41,5525
-423.28,36.49,5536
-449.61,40.74,5549
-425.48,37.45,5560
-369.01,32.17,5572
-364.80,31.35,5583
-412.20,36.24,5596
-451.96,39.43,5607
-438.00,35.14,5619
-377.17,30.35,5630
-361.11,30.12,5643
-403.23,35.75,5654
-448.69,40.42,5666
-444.45,36.49,5678
-385.09,31.86,5689
-355.90,31.49,5701
-392.16,36.33,5712
-442.63,40.45,5725
-452.14,36.07,5736
-395.46,30.36,5748
-355.67,29.53,5760
-388.29,34.81,5772
-437.56,39.84,5783
-453.87,36.84,5795
-407.55,31.57,5807
-354.94,31.31,5818
-378.09,37.04,5830
-431.35,41.25,5841
-449.46,37.65,5854
-365.08,30.74,5865
-374.04,28.95,5877
-422.16,33.76,5889
-452.85,38.37,5901
-428.56,36.70,5912
-369.89,31.93,5924
-363.56,31.56,5936
-408.91,36.74,5948
-449.21,41.16,5959
-435.21,38.17,5970
-378.48,31.80,5983
-360.88,29.86,5994
-400.42,34.25,6006
-448.05,38.71,6018
-447.53,36.52,6030
-386.00,30.85,6041
-357.21,29.83,6053
-393.76,34.99,6065
-440.07,40.64,6077
-449.94,38.50,6088
-398.19,32.67,6100
-355.46,31.20,6112
-384.47,34.80,6123
-433.83,39.63,6135
-453.91,36.71,6147
-411.10,30.04,6159
-359.83,29.05,6170
-377.78,33.83,6182
-427.62,40.09,6194
-455.49,39.19,6206
-419.51,33.16,6217
-359.66,31.88,6230
-368.49,35.31,6241
-420.87,39.58,6253
-431.00,36.74,6264
-371.15,30.21,6276
-366.27,28.84,6288
-413.60,33.25,6299
-448.86,39.67,6311
-437.86,38.95,6323
-380.34,33.39,6335
-357.47,31.41,6346
-400.36,35.02,6359
-446.34,40.14,6370
-445.37,37.85,6382
-390.05,31.49,6393
-360.28,28.86,6406
-393.36,32.63,6417
-438.97,38.68,6428
-451.48,37.84,6440
-402.10,32.78,6452
-356.50,31.39,6464
-381.77,35.14,6475
-430.44,40.51,6488
-450.35,39.01,6499
-413.65,32.60,6511
-361.84,29.28,6522
-372.68,32.67,6535
-425.99,38.30,6546
-455.37,37.59,6558
-422.77,32.36,6569
-368.36,30.47,6581
-366.05,34.81,6593
-412.30,40.87,6604
-454.36,39.76,6617
-430.89,32.99,6628
-371.20,29.46,6640
-405.56,32.91,6651
-447.94,38.39,6664
-446.65,38.20,6675
-381.98,32.57,6687
-356.99,29.50,6699
-398.99,33.70,6711
-440.69,39.97,6722
-448.91,40.07,6733
-394.83,33.89,6746
-353.17,30.31,6757
-387.70,33.05,6769
-442.91,38.65,6780
-452.65,38.21,6793
-403.82,32.15,6804
-359.49,29.14,6816
-382.58,32.86,6828
-432.14,39.18,6840
-454.99,39.68,6851
-413.24,34.47,6862
-358.50,31.03,6875
-373.52,33.88,6886
-423.28,38.74,6898
-451.89,38.35,6909
-429.77,32.01,6922
-369.60,28.71,6933
-365.71,32.04,6945
-414.95,38.27,6957
-452.93,39.62,6969
-434.93,34.09,6980
-376.32,30.96,6992
-361.63,33.73,7004
-400.62,39.05,7015
-447.07,39.41,7027
-384.93,32.90,7038
-357.25,29.13,7051
-395.12,31.71,7062
-442.86,38.08,7074
-451.99,39.27,7086
-394.92,33.37,7098
-352.39,30.15,7109
-387.15,33.12,7121
-439.71,39.71,7133
-452.86,40.62,7145
-403.40,34.28,7156
-355.90,30.05,7168
-381.33,31.61,7180
-432.21,37.22,7191
-452.27,38.49,7203
-416.26,32.92,7215
-363.03,30.03,7227
-372.65,32.62,7238
-422.09,39.16,7250
-449.86,41.01,7262
-423.54,35.23,7274
-370.40,30.38,7285
-366.82,31.81,7298
-410.17,37.19,7309
-450.37,38.40,7320
-440.16,33.38,7332
-378.86,29.42,7344
-360.07,31.94,7356
-401.78,38.69,7367
-442.45,40.89,7379
-444.36,35.93,7391
-389.78,31.08,7403
-354.38,32.26,7414
-390.52,37.91,7427
-451.65,38.68,7438
-400.19,33.47,7450
-357.56,28.60,7461
-382.87,30.65,7473
-435.60,38.30,7485
-456.27,41.10,7496
-407.00,36.42,7508
-353.30,31.46,7520
-374.20,32.58,7532
-430.35,37.90,7543
-455.68,39.15,7556
-419.50,33.79,7567
-364.00,28.50,7579
-371.02,30.12,7590
-420.99,36.23,7602
-455.82,39.82,7614
-428.25,36.18,7625
-366.64,31.76,7638
-363.72,33.23,7649
-409.86,38.05,7661
-448.79,40.44,7672
-438.25,34.81,7685
-379.46,29.22,7696
-363.20,30.11,7708
-401.91,35.12,7719
-446.30,38.63,7732
-447.22,35.01,7743
-390.07,31.25,7754
-360.06,33.50,7767
-390.42,38.84,7778
-433.05,41.20,7790
-451.53,35.78,7801
-407.16,29.32,7814
-382.93,29.44,7825
-433.70,35.04,7837
-454.06,38.75,7848
-417.99,34.85,7861
-359.80,30.64,7872
-369.00,32.18,7884
-423.87,38.65,7896
-456.57,41.99,7907
-426.17,36.50,7919
-361.44,30.52,7930
-365.65,30.05,7943
-420.38,35.66,7954
-456.73,39.52,7966
-436.15,34.81,7977
-369.61,30.09,7990
-358.16,30.53,8001
-412.63,36.75,8013
-454.43,41.53,8025
-435.96,37.31,8037
-376.70,31.81,8048
-359.48,31.02,8059
-399.86,35.90,8072
-447.87,39.16,8083
-446.49,34.65,8095
-388.73,29.87,8107
-360.89,30.25,8119
-393.01,36.23,8130
-435.25,40.83,8142
-448.48,37.95,8154
-402.53,32.50,8166
-359.15,31.76,8177
-381.37,36.03,8189
-427.39,38.98,8201
-420.21,35.26,8212
-362.93,29.61,8224
-372.76,29.91,8236
-420.68,36.15,8248
-451.84,40.60,8259
-428.99,37.19,8271
-367.68,31.66,8283
-360.94,31.45,8295
-414.73,36.40,8306
-454.71,40.06,8318
-435.64,36.30,8330
-374.59,30.36,8342
-359.75,29.51,8353
-407.18,34.93,8365
-452.45,39.54,8377
-443.03,36.90,8388
-380.50,31.61,8400
-356.84,31.20,8412
-398.03,36.35,8424
-444.83,40.75,8435
-448.24,37.35,8448
-391.99,30.45,8459
-358.89,29.33,8471
-391.18,34.37,8482
-434.84,39.43,8495
-452.69,37.25,8506
-407.03,31.71,8517
-359.15,31.14,8529
-379.83,35.88,8541
-427.70,40.46,8553
-452.58,37.59,8564
-421.54,31.21,8577
-364.64,29.67,8588
-368.81,33.90,8600
-456.31,39.24,8611
-430.01,36.99,8624
-369.99,31.25,8635
-362.15,30.93,8646
-410.99,35.22,8658
-452.96,40.57,8670
-439.03,38.20,8682
-374.74,31.67,8693
-358.32,30.25,8706
-403.86,34.12,8717
-447.62,39.75,8729
-445.28,37.49,8740
-389.06,31.21,8753
-354.16,29.85,8764
-393.86,34.30,8776
-445.96,40.42,8787
-449.10,38.50,8799
-394.33,32.67,8811
-357.03,30.70,8822
-383.41,34.81,8835
-436.84,40.05,8846
-455.86,37.26,8858
-406.95,31.43,8869
-360.20,29.16,8882
-378.72,33.37,8893
-429.12,39.67,8905
-457.13,38.38,8916
-417.92,33.08,8929
-361.85,31.15,8940
-368.89,34.64,8951
-417.81,39.80,8964
-457.09,37.32,8975
-432.30,31.10,8987
-367.09,28.99,8998
-412.55,33.23,9011
-447.59,39.67,9022
-443.06,38.72,9034
-377.63,32.96,9046
-356.67,30.96,9058
-403.17,34.59,9069
-443.19,39.83,9081
-444.76,38.66,9093
-393.29,32.30,9104
-356.76,29.21,9116
-391.62,33.32,9127
-441.60,38.82,9140
-451.55,38.36,9151
-401.43,32.77,9163
-354.54,30.00,9175
-382.63,34.42,9187
-434.89,40.23,9198
-451.63,39.70,9210
-411.64,33.15,9222
-358.91,29.50,9234
-374.03,32.83,9245
-429.96,38.21,9256
-455.05,38.05,9269
-420.89,32.42,9280
-366.36,29.85,9292
-365.95,33.56,9304
-417.80,39.37,9316
-455.96,39.27,9327
-428.67,33.38,9339
-371.51,30.36,9351
-363.35,33.88,9363
-406.29,39.18,9374
-451.50,38.95,9387
-378.14,32.57,9398
-360.61,29.29,9409
-399.18,32.55,9421
-443.83,38.56,9433
-449.39,39.32,9445
-390.54,33.50,9456
-353.42,30.72,9468
-392.26,33.88,9480
-438.36,39.61,9492
-449.49,39.58,9503
-402.41,33.14,9516
-355.77,29.30,9527
-383.70,32.02,9538
-434.86,37.75,9550
-452.89,38.71,9562
-413.74,33.21,9574
-360.38,30.46,9585
-374.70,33.87,9597
-423.94,40.17,9609
-449.86,40.44,9621
-423.27,33.89,9632
-367.12,29.77,9645
-367.48,31.42,9656
-416.81,37.61,9668
-452.26,38.51,9679
-434.24,33.11,9691
-377.60,30.24,9703
-361.31,32.83,9714
-403.63,39.40,9726
-447.66,40.51,9738
-443.16,34.80,9750
-383.56,30.49,9761
-356.43,32.23,9774
-446.89,38.08,9785
-452.97,38.87,9797
-393.67,33.24,9808
-355.80,29.17,9821
-388.64,31.83,9832
-439.04,38.50,9843
-453.75,40.05,9856
-399.98,35.20,9867
-356.26,30.80,9879
-383.21,32.62,9890
-430.96,38.60,9903
-456.34,38.86,9914
-416.50,33.06,9926
-359.44,29.17,9937
-375.98,31.23,9950
-425.77,38.03,9961
-450.09,40.26,9973
-423.90,35.09,9985
-368.90,31.35,9996
-365.76,32.92,10008
-413.26,38.17,10019
-450.60,39.98,10032
-436.32,33.60,10043
-375.66,29.07,10055
-361.80,31.09,10066
-404.75,37.09,10079
-446.11,40.28,10090
-446.15,34.99,10102
-386.09,30.22,10114
-352.34,32.67,10126
-395.86,38.43,10137
-445.61,40.45,10148
-449.61,35.03,10161
-353.86,29.36,10172
-386.52,31.02,10184
-442.41,36.74,10195
-456.22,39.14,10208
-404.11,34.40,10219
-354.87,30.13,10231
-379.67,31.94,10243
-431.77,38.61,10255
-453.13,41.32,10266
-414.94,35.62,10277
-360.16,30.49,10290
-371.26,30.91,10301
-423.79,36.28,10313
-454.26,39.15,10324
-426.12,33.88,10337
-366.94,29.90,10348
-367.73,31.91,10360
-412.53,37.80,10372
-447.66,41.25,10384
-436.97,35.58,10395
-376.69,30.15,10407
-360.76,31.11,10419
-405.92,36.40,10430
-448.45,40.07,10442
-444.51,35.34,10454
-385.57,30.11,10466
-358.62,30.89,10477
-395.11,36.75,10489
-441.50,39.98,10501
-449.65,36.05,10513
-397.23,31.10,10524
-355.80,31.47,10536
-385.58,37.51,10548
-436.70,40.17,10560
-406.79,35.36,10571
-359.29,30.14,10583
-377.22,30.16,10595
-427.76,36.30,10606
-454.81,40.07,10618
-418.45,36.00,10630
-361.71,31.49,10642
-368.57,31.56,10653
-419.46,37.13,10665
-453.10,40.31,10677
-429.51,35.30,10689
-368.94,30.13,10700
-362.25,30.35,10713
-413.44,36.18,10724
-453.03,40.08,10735
-436.73,35.94,10747
-377.80,30.65,10759
-360.01,31.13,10771
-402.19,36.95,10782
-447.83,40.79,10795
-444.53,36.85,10806
-384.52,30.95,10818
-357.24,30.69,10829
-397.33,35.32,10842
-442.20,38.89,10853
-450.35,35.77,10865
-398.61,30.38,10876
-356.27,31.18,10888
-385.80,37.07,10900
-434.44,40.80,10911
-450.47,37.39,10924
-410.37,31.10,10935
-360.58,30.24,10947
-427.08,35.28,10958
-454.83,39.29,10971
-420.33,35.89,10982
-366.64,30.60,10994
-368.95,30.40,11005
-414.52,36.01,11018
-452.70,41.29,11029
-431.58,37.84,11040
-369.64,32.03,11053
-362.79,30.69,11064
-409.07,34.90,11076
-451.04,39.48,11087
-444.44,36.19,11100
-378.96,30.28,11111
-357.70,30.25,11123
-402.54,35.17,11134
-445.35,40.61,11147
-446.00,38.32,11158
-388.16,31.87,11169
-354.31,30.82,11182
-393.19,35.14,11193
-442.93,39.30,11205
-451.14,36.47,11216
-400.48,30.47,11229
-359.03,29.77,11240
-384.97,35.15,11252
-432.90,40.29,11264
-450.76,37.91,11276
-412.36,32.70,11287
-360.38,31.17,11299
-373.48,35.41,11311
-423.99,39.68,11322
-452.49,36.38,11334
-425.43,31.05,11345
-368.52,29.04,11358
-416.42,33.84,11369
-451.68,40.14,11381
-434.34,37.94,11393
-372.90,32.67,11405
-360.11,30.57,11416
-404.64,34.66,11428
-449.99,40.26,11440
-444.40,37.51,11452
-382.48,31.39,11463
-356.84,29.45,11474
-398.37,33.78,11487
-444.35,39.42,11498
-449.07,37.85,11510
-392.84,31.82,11522
-355.06,30.48,11534
-388.52,34.97,11545
-440.82,40.08,11557
-450.58,39.01,11569
-402.15,32.50,11581
-356.91,30.15,11592
-378.65,34.09,11604
-433.63,38.66,11616
-455.60,37.34,11627
-414.35,31.41,11639
-363.39,29.35,11651
-373.49,34.40,11663
-421.79,40.25,11674
-457.09,39.27,11686
-425.10,33.44,11698
-363.47,30.65,11710
-366.06,34.31,11721
-411.95,39.57,11734
-439.75,37.75,11745
-373.54,31.11,11756
-362.55,28.64,11768
-408.66,32.84,11780
-445.06,40.04,11792
-443.72,39.94,11803
-385.12,33.94,11815
-352.37,31.50,11827
-395.07,34.18,11839
-444.34,39.44,11850
-449.25,38.24,11863
-399.09,31.19,11874
-355.52,28.73,11886
-385.27,32.33,11897
-440.72,38.93,11909
-455.25,39.25,11921
-405.01,33.77,11932
-355.23,31.30,11944
-376.93,34.49,11956
-431.57,39.60,11968
-455.13,38.92,11979
-417.00,32.13,11992
-363.49,29.32,12003
-370.59,32.27,12015
-422.76,38.44,12026
-454.82,38.50,12039
-424.18,33.09,12050
-370.62,30.76,12061
-368.62,34.00,12073
-409.17,40.14,12085
-448.69,39.54,12097
-438.20,32.81,12108
-375.68,29.30,12121
-362.58,32.00,12132
-443.10,38.05,12144
-446.57,38.83,12155
-390.34,33.09,12168
-356.33,29.95,12179
-393.88,33.15,12191
-439.79,39.46,12203
-451.27,40.08,12214
-399.00,34.29,12226
-355.80,30.15,12237
-383.89,32.50,12250
-435.55,38.27,12261
-453.61,38.67,12273
-412.31,33.22,12284
-360.50,29.05,12297
-374.36,32.04,12308
-427.60,38.73,12320
-456.40,39.85,12332
-420.69,35.23,12344
-361.58,30.81,12355
-366.46,32.98,12366
-418.47,38.87,12379
-455.23,39.07,12390
-434.49,32.92,12402
-371.44,28.64,12413
-362.94,31.10,12426
-409.62,38.18,12437
-450.51,40.77,12449
-440.54,35.41,12461
-378.69,31.22,12473
-357.50,32.71,12484
-401.02,37.90,12495
-445.73,39.15,12508
-447.66,33.04,12519
-357.74,28.81,12531
-392.53,31.14,12542
-441.56,37.61,12555
-448.66,40.54,12566
-401.43,35.50,12578
-358.70,31.07,12590
-381.22,32.77,12602
-431.60,37.93,12613
-453.72,39.68,12625
-414.03,34.40,12637
-361.59,29.49,12648
-377.64,31.26,12660
-424.30,36.66,12672
-452.36,39.16,12684
-427.62,34.59,12695
-365.97,30.41,12707
-365.36,32.62,12719
-415.02,38.83,12731
-450.96,41.03,12742
-433.37,35.14,12754
-374.16,29.73,12766
-363.69,30.18,12778
-405.32,35.83,12789
-449.05,39.37,12801
-444.24,34.54,12813
-383.52,30.81,12824
-355.77,32.24,12836
-395.58,38.09,12848
-443.31,41.31,12860
-449.69,35.73,12871
-394.94,30.38,12883
-355.00,30.97,12895
-385.88,36.16,12907
-441.05,39.41,12918
-403.88,34.83,12931
-356.27,29.72,12942
-381.43,31.33,12953
-430.18,37.32,12965
-454.15,40.42,12977
-416.12,36.49,12989
-360.18,30.89,13000
-374.10,31.08,13012
-422.70,37.05,13024
-451.77,39.29,13036
-428.13,34.93,13047
-371.38,29.45,13060
-368.58,29.72,13071
-412.72,36.21,13083
-449.76,40.11,13094
-437.31,36.77,13106
-377.21,31.93,13118
-357.84,31.99,13129
-401.66,37.23,13142
-446.75,39.95,13153
-446.29,35.13,13165
-389.22,29.38,13176
-357.67,29.33,13189
-392.47,35.02,13200
-443.99,39.91,13212
-451.94,37.19,13223
-395.87,31.98,13235
-354.32,32.43,13247
-385.78,36.98,13258
-435.05,40.23,13271
-455.53,35.98,13282
-408.18,29.12,13294
-356.17,29.45,13305
-430.61,35.27,13318
-450.99,39.62,13329
-419.21,37.26,13341
-364.09,31.29,13352
-370.14,31.14,13365
-418.24,36.66,13376
-450.49,40.06,13387
-428.21,37.30,13400
-373.02,31.70,13411
-365.95,30.35,13423
-407.59,35.18,13434
-448.58,39.02,13447
-442.69,36.00,13458
-382.27,30.70,13470
-358.54,30.18,13481
-398.30,35.97,13494
-443.89,41.60,13505
-445.47,38.51,13517
-391.34,32.41,13529
-355.88,30.60,13540
-388.53,34.03,13552
-442.36,38.78,13563
-454.69,35.42,13576
-399.23,30.09,13587
-356.63,30.58,13599
-381.99,35.89,13611
-432.57,41.73,13623
-454.47,39.01,13634
-410.83,32.45,13646
-354.46,30.70,13658
-376.34,34.45,13670
-430.09,38.93,13681
-454.60,36.00,13692
-364.78,30.76,13705
-368.95,29.69,13716
-419.59,34.78,13728
-451.11,40.49,13740
-429.47,37.58,13752
-372.77,32.73,13763
-364.94,31.10,13775
-408.53,35.23,13787
-446.42,40.42,13799
-437.85,36.87,13810
-386.77,30.93,13822
-363.72,28.90,13834
-397.44,33.08,13845
-442.61,38.90,13857
-447.76,37.85,13869
-395.53,33.20,13881
-356.91,31.74,13892
-385.49,35.99,13904
-435.52,40.88,13916
-454.03,38.27,13928
-405.49,30.83,13939
-357.05,28.00,13952
-380.68,32.41,13963
-433.63,38.29,13974
-458.38,38.50,13986
-416.63,32.86,13998
-357.09,31.17,14010
-368.82,35.98,14021
-424.83,40.72,14033
-455.62,38.72,14045
-423.61,31.84,14057
-364.73,29.01,14068
-367.33,32.70,14081
-416.96,38.39,14092
-435.86,37.27,14104
-372.13,31.50,14115
-363.11,30.18,14127
-406.69,34.57,14139
-445.11,40.89,14150
-443.10,39.71,14162
-383.63,33.22,14174
-359.96,29.94,14186
-402.39,32.64,14197
-439.96,37.74,14210
-446.34,37.20,14221
-402.26,31.51,14233
-359.74,29.58,14244
-384.43,33.75,14257
-435.01,40.23,14268
-451.18,40.41,14279
-406.03,34.04,14291
-361.87,30.61,14303
-375.09,33.16,14315
-425.86,38.57,14326
-460.41,37.91,14339
-419.86,31.36,14350
-360.45,28.82,14362
-369.93,32.65,14373
-420.95,39.36,14386
-456.56,39.63,14397
-428.65,33.87,14409
-366.30,31.01,14420
-362.25,33.60,14432
-412.93,39.24,14444
-455.71,38.51,14455
-438.71,32.04,14468
-372.72,29.02,14479
-407.50,31.98,14491
-445.96,38.75,14502
-444.90,39.20,14515
-384.32,33.51,14526
-355.62,30.98,14538
-398.99,33.53,14550
-440.40,39.67,14562
-446.13,39.65,14573
-399.17,33.15,14584
-360.41,29.41,14597
-389.07,31.19,14608
-434.05,37.29,14620
-450.25,38.37,14631
-412.04,33.50,14644
-361.41,30.61,14655
-374.26,33.64,14667
-424.52,39.76,14679
-451.51,40.52,14691
-421.99,34.37,14702
-367.52,29.45,14714
-366.75,31.28,14726
-417.81,37.17,14737
-457.33,37.99,14749
-433.73,33.27,14760
-371.12,29.76,14773
-361.44,32.99,14784
-407.60,39.78,14796
-451.99,40.70,14808
-441.90,35.00,14820
-376.43,30.18,14831
-356.02,31.82,14843
-401.47,37.60,14855
-448.66,38.68,14866
-450.85,32.88,14878
-355.24,28.88,14889
-394.76,31.98,14902
-443.00,38.51,14913
-448.89,40.61,14925
-396.02,35.10,14937
-357.05,30.79,14949
-385.12,32.87,14960
-434.14,37.89,14972
-451.86,39.19,14984
-409.67,33.27,14996
-362.75,28.60,15007
-379.57,31.11,15019
-424.04,37.35,15031
-450.24,40.16,15042
-422.32,35.56,15054
-366.35,30.90,15066
-369.63,32.20,15078
-415.58,37.95,15089
-448.06,39.86,15101
-436.13,34.48,15113
-376.41,29.79,15125
-359.62,30.75,15136
-406.58,36.77,15149
-450.43,39.65,15160
-441.55,35.07,15171
-384.37,31.10,15183
-356.38,32.27,15195
-392.82,38.33,15207
-446.52,40.92,15218
-451.14,34.94,15230
-387.91,29.99,15242
-355.30,30.54,15254
-390.29,36.36,15265
-456.14,39.61,15278
-399.82,34.92,15289
-353.06,30.95,15301
-385.67,32.63,15312
-430.82,38.22,15324
-450.21,40.66,15336
-412.52,35.42,15347
-359.35,30.20,15360
-379.20,30.94,15371
-426.68,36.30,15383
-448.29,39.32,15394
-425.59,35.44,15407
-370.24,30.64,15418
-366.46,31.46,15430
-415.86,37.68,15441
-447.30,40.57,15454
-431.09,36.29,15465
-381.36,30.98,15476
-360.23,30.51,15489
-402.03,36.41,15500
-449.69,39.67,15512
-442.21,35.42,15523
-388.17,30.23,15536
-361.30,30.49,15547
-388.97,36.67,15559
-440.39,40.64,15570
-454.61,37.02,15583
-396.37,31.22,15594
-352.11,30.95,15605
-382.69,36.01,15618
-435.37,39.61,15629
-459.82,35.73,15641
-408.33,30.38,15652
-354.06,31.05,15665
-430.32,36.53,15676
-457.83,40.46,15688
-414.09,36.92,15699
-356.57,31.36,15712
-371.51,31.63,15723
-423.09,36.41,15735
-454.65,39.93,15747
-427.80,36.15,15758
-368.32,29.95,15770
-366.06,30.42,15781
-415.21,35.59,15794
-450.07,40.13,15805
-432.92,37.16,15817
-377.38,31.58,15828
-364.22,31.51,15841
-402.00,36.29,15852
-444.02,40.27,15864
-444.45,36.50,15876
-385.52,30.59,15888
-362.32,30.03,15899
-396.56,35.09,15910
-433.27,39.91,15923
-451.62,37.16,15934
-402.49,31.62,15946
-354.97,30.38,15958
-384.78,35.29,15970
-431.64,40.67,15981
-451.52,37.34,15993
-415.34,31.65,16005
-358.91,30.29,16017
-371.43,34.62,16028
-426.58,39.95,16039
-456.39,36.90,16052
-363.27,31.39,16063
-368.14,30.54,16075
-420.04,35.05,16087
-453.48,40.26,16099
-432.90,37.67,16110
-369.27,32.08,16122
-361.10,30.37,16134
-411.85,34.62,16146
-450.36,39.49,16157
-440.40,36.92,16169
-381.94,31.45,16181
-358.72,30.08,16192
-400.30,34.80,16204
-445.52,40.36,16216
-444.76,38.36,16228
-391.51,32.64,16239
-359.70,30.44,16251
-391.81,34.16,16263
-439.05,39.20,16275
-449.13,37.03,16286
-405.08,31.88,16299
-363.74,30.19,16310
-380.54,34.47,16322
-428.67,40.17,16333
-453.81,38.47,16345
-415.58,32.46,16357
-363.70,30.16,16368
-371.71,33.90,16380
-421.28,39.42,16392
-456.35,37.51,16404
-426.89,31.57,16415
-367.51,29.49,16428
-365.62,34.02,16439
-413.85,39.61,16451
-437.24,38.69,16462
-371.24,32.59,16475
-359.79,30.47,16486
-405.73,34.33,16497
-451.76,39.31,16509
-445.92,38.26,16521
-380.47,31.46,16533
-359.24,28.88,16544
-400.38,33.13,16557
-445.00,38.92,16568
-449.50,39.12,16580
-389.82,33.29,16591
-355.16,30.70,16604
-392.38,34.45,16615
-436.98,39.48,16627
-449.20,38.35,16638
-405.77,32.09,16650
-360.79,29.14,16662
-383.37,32.87,16673
-428.58,38.88,16686
-449.43,38.93,16697
-418.53,33.57,16709
-363.43,30.70,16720
-372.47,33.51,16733
-419.37,39.09,16744
-448.31,38.76,16756
-431.33,33.01,16768
-373.85,30.04,16779
-361.79,32.49,16791
-410.20,38.96,16802
-449.46,38.98,16815
-436.19,32.86,16826
-382.26,30.20,16838
-396.39,32.71,16849
-449.17,38.93,16862
-446.02,39.47,16873
-388.31,33.14,16885
-358.22,29.90,16897
-386.77,32.40,16909
-444.14,38.75,16920
-456.08,39.37,16931
-393.37,33.23,16944
-354.71,29.59,16955
-384.95,32.71,16967
-435.35,38.94,16978
-459.52,39.41,16991
-405.17,33.79,17002
-354.02,30.09,17014
-381.93,32.79,17026
-428.69,38.88,17038
-451.26,38.93,17049
-421.61,33.71,17061
-361.73,29.84,17073
-371.84,32.21,17084
-420.42,38.75,17096
-449.15,39.55,17107
-429.31,33.80,17120
-373.99,30.14,17131
-364.74,32.47,17143
-409.82,38.50,17155
-446.69,39.92,17167
-439.49,33.91,17178
-383.50,29.66,17190
-361.55,32.15,17202
-397.46,37.66,17214
-444.00,39.71,17225
-446.51,34.73,17236
-358.63,29.81,17249
-388.64,32.38,17260
-436.27,38.01,17272
-455.61,39.74,17284
-403.62,34.60,17296
-354.25,29.50,17307
-381.19,31.46,17319
-432.84,37.75,17331
-454.25,39.69,17343
-416.49,34.83,17354
-356.29,30.54,17366
-370.58,32.32,17378
-428.29,38.34,17389
-454.92,39.70,17401
-420.84,34.17,17413
-366.18,29.96,17425
-367.23,31.39,17436
-417.65,37.22,17448
-453.65,39.92,17460
-431.40,34.57,17472
-371.76,30.47,17483
-365.47,32.21,17496
-407.42,37.59,17507
-446.76,40.31,17518
-441.55,34.84,17530
-382.71,30.01,17542
-361.02,31.49,17554
-400.13,36.98,17565
-441.12,40.10,17577
-446.82,34.83,17589
-398.95,29.79,17601
-358.93,31.00,17612
-384.80,37.11,17625
-453.37,40.44,17636
-407.39,35.79,17648
-360.33,30.56,17659
-377.41,30.67,17671
-428.57,36.57,17683
-457.28,39.47,17694
-418.90,34.96,17707
-359.74,30.66,17718
-370.03,31.13,17730
-422.27,36.95,17741
-456.98,40.38,17754
-427.36,35.35,17765
-365.19,30.40,17777
-363.97,30.70,17788
-413.31,36.41,17801
-455.47,40.02,17812
-435.96,35.49,17823
-371.08,30.63,17836
-362.33,31.38,17847
-405.68,36.59,17859
-448.18,39.90,17870
-443.55,35.48,17883
-383.24,30.05,17894
-359.00,31.45,17906
-399.98,36.95,17917
-439.38,40.59,17930
-445.54,36.76,17941
-395.86,30.62,17953
-357.89,30.58,17965
-390.74,35.75,17976
-435.41,39.08,17988
-450.72,36.25,17999
-409.96,30.80,18012
-360.39,31.08,18023
-427.60,36.97,18035
-452.30,40.30,18046
-420.75,36.68,18059
-363.84,30.80,18070
-369.21,30.29,18082
-418.84,35.58,18094
-455.01,39.64,18105
-430.53,36.27,18117
-370.47,30.83,18128
-362.43,30.65,18141
-408.80,35.94,18152
-453.41,40.57,18164
-439.89,37.32,18176
-375.54,31.43,18188
-360.47,30.93,18199
-400.94,35.21,18211
-448.52,39.48,18223
-449.73,35.75,18235
-387.03,30.02,18246
-356.02,30.64,18257
-395.56,36.19,18270
-441.84,40.97,18281
-449.73,37.62,18293
-396.76,31.14,18305
-355.02,30.03,18317
-386.16,34.94,18328
-438.43,39.41,18340
-450.82,36.57,18352
-408.14,31.00,18364
-361.42,30.45,18375
-375.67,35.40,18387
-427.31,40.74,18399
-454.58,37.78,18410
-364.34,31.94,18422
-375.50,30.40,18434
-416.75,34.31,18446
-451.29,39.11,18457
-435.17,36.55,18469
-370.64,31.41,18481
-365.65,30.19,18493
-410.32,34.70,18504
-444.74,40.26,18516
-441.47,37.88,18528
-383.64,32.24,18540
-358.93,30.60,18551
-399.26,34.72,18563
-444.46,39.54,18575
-448.52,37.01,18586
-394.57,31.17,18598
-357.12,29.98,18610
-385.93,34.82,18622
-438.56,40.27,18633
-456.96,38.02,18646
-402.84,31.99,18657
-353.22,30.04,18669
-379.74,34.89,18680
-434.44,40.01,18693
-457.34,37.69,18704
-414.63,31.37,18715
-354.29,29.25,18727
-375.13,33.89,18739
-431.49,39.25,18751
-454.34,37.95,18762
-422.32,32.34,18775
-363.00,30.38,18786
-366.58,34.97,18798
-421.35,39.92,18809
-427.21,38.53,18822
-372.47,32.49,18833
-365.18,29.86,18844
-408.47,33.69,18856
-448.80,38.58,18868
-437.70,37.54,18880
-383.19,31.63,18891
-363.72,29.98,18904
-397.14,34.43,18915
-440.23,40.04,18927
-447.44,39.17,18938
-395.17,32.70,18951
-360.25,30.18,18962
-386.26,33.67,18974
-435.05,39.03,18985
-455.92,38.02,18997
-408.73,31.75,19009
-357.00,29.33,19020
-379.27,33.53,19033
-430.62,39.83,19044
-456.30,39.51,19056
-417.51,33.35,19067
-357.85,30.06,19080
-369.68,33.27,19091
-426.70,39.10,19103
-457.20,38.37,19115
-425.64,32.12,19127
-365.24,29.33,19138
-365.78,32.49,19149
-417.79,39.16,19162
-455.25,39.27,19173
-431.59,33.60,19185
-370.66,31.27,19196
-408.10,33.76,19209
-448.28,39.17,19220
-443.00,38.56,19232
-385.45,31.83,19244
-360.03,29.51,19256
-398.32,32.55,19267
-443.13,38.33,19279
-448.65,38.83,19291
-396.78,33.30,19302
-359.55,30.77,19314
-384.63,34.20,19325
-434.05,39.79,19338
-453.74,39.48,19349
-406.41,33.01,19361
-360.81,29.21,19373
-379.28,32.07,19385
-426.82,38.29,19396
-456.00,38.45,19408
-420.76,33.23,19420
-361.26,29.65,19431
-369.81,33.26,19443
-421.25,40.47,19454
-452.42,40.38,19467
-428.08,34.21,19478
-366.79,29.38,19490
-362.46,31.50,19502
-416.57,37.65,19514
-455.27,38.43,19525
-435.69,33.21,19537
-373.91,29.76,19549
-362.18,32.95,19561
-403.55,39.22,19572
-446.45,40.83,19584
-445.99,35.07,19596
-355.94,30.44,19607
-400.67,32.23,19619
-440.23,37.26,19631
-447.57,38.57,19643
-400.13,33.20,19654
-356.02,29.52,19666
-383.26,32.95,19678
-438.67,38.91,19690
-451.20,39.93,19701
-405.82,34.83,19714
-362.96,30.26,19725
-375.63,32.75,19736
-424.10,38.55,19748
-456.35,39.09,19760
-422.13,33.60,19772
-363.55,29.10,19783
-371.05,31.46,19795
-418.23,38.09,19807
-452.94,40.07,19819
-432.08,34.89,19830
-368.08,30.60,19843
-362.40,32.41,19854
-411.34,38.52,19866
-451.50,40.18,19877
-439.12,33.83,19889
-379.21,29.01,19901
-359.04,30.57,19912
-404.49,36.66,19924
-449.91,40.08,19936
-446.44,34.76,19948
-384.88,30.82,19959
-354.56,33.01,19972
-395.50,38.44,19983
-450.13,40.68,19995
-400.44,34.65,20006
-355.58,29.73,20018
-384.93,31.13,20030
-439.31,37.02,20041
-451.18,39.36,20054
-409.99,34.42,20065
-364.17,30.39,20077
-372.89,32.01,20088
-426.41,38.41,20101
-456.08,40.96,20112
-417.39,35.61,20124
-365.82,30.66,20135
-370.19,31.16,20148
-412.69,36.87,20159
-456.01,39.16,20170
-436.45,33.97,20183
-368.70,29.21,20194
-362.21,30.73,20206
-410.24,37.90,20217
-448.06,41.27,20230
-441.58,36.71,20241
-378.69,31.38,20253
-352.67,31.59,20264
-399.56,37.10,20277
-449.88,39.43,20288
-449.30,34.23,20300
-387.18,29.08,20312
-356.85,30.37,20323
-393.06,36.96,20335
-440.30,40.74,20346
-453.59,36.73,20359
-396.90,31.73,20370
-350.75,32.44,20382
-437.17,37.37,20393
-451.31,39.85,20406
-409.43,35.10,20417
-361.69,29.16,20429
-375.10,30.16,20441
-429.30,36.06,20453
-454.00,39.86,20464
-416.00,36.62,20475
-366.31,31.55,20488
-370.69,32.74,20499
-413.74,37.63,20511
-451.57,40.28,20523
-433.98,35.18,20535
-372.06,29.27,20546
-365.25,30.14,20558
-410.41,35.56,20570
-446.77,39.71,20582
-441.43,36.09,20593
-383.74,31.15,20605
-355.68,31.75,20617
-397.92,37.28,20628
-445.09,40.88,20640
-447.43,36.86,20652
-391.88,30.96,20664
-356.28,30.41,20675
-388.54,35.38,20687
-441.30,39.37,20699
-455.60,35.51,20711
-402.19,30.11,20722
-354.61,30.99,20734
-381.19,37.02,20746
-432.35,41.57,20757
-456.47,37.40,20769
-356.22,31.05,20781
-373.93,30.49,20793
-429.38,35.22,20804
-455.73,39.24,20816
-423.41,35.22,20828
-365.89,29.82,20840
-365.99,30.58,20851
-417.59,36.43,20864
-456.24,41.30,20875
-431.35,37.61,20887
-369.40,31.53,20898
-363.16,30.56,20910
-409.09,35.25,20922
-449.88,39.44,20933
-441.78,35.67,20945
-381.48,30.45,20957
-358.98,29.79,20969
-402.29,35.24,20980
-446.34,40.23,20993
-444.81,37.34,21004
-392.56,32.44,21016
-358.54,31.31,21027
-388.42,35.97,21040
-437.33,40.16,21051
-453.08,36.00,21062
-404.76,30.17,21074
-357.88,28.86,21086
-382.16,34.30,21098
-430.60,40.05,21109
-452.32,37.43,21122
-416.97,32.04,21133
-362.29,30.72,21145
-369.40,35.96,21156
-421.15,41.08,21169
-424.61,37.61,21180
-365.51,31.02,21192
-367.55,29.56,21203
-414.36,33.97,21215
-453.51,39.21,21227
-437.06,37.21,21238
-369.90,31.72,21251
-359.42,31.16,21262
-408.61,35.77,21274
-447.47,40.55,21285
-441.37,38.76,21298
-381.55,32.33,21309
-355.26,30.12,21321
-401.23,33.77,21332
-444.41,38.24,21344
-446.88,36.76,21356
-395.92,31.24,21367
-356.23,30.14,21380
-387.67,35.17,21391
-437.82,40.76,21403
-447.99,39.01,21414
-405.36,32.51,21427
-358.89,30.63,21438
-377.05,34.55,21450
-429.05,39.16,21462
-455.11,37.07,21474
-417.19,30.86,21485
-363.29,29.43,21496
-372.68,34.04,21509
-419.41,40.12,21520
-452.41,38.95,21532
-427.20,32.96,21543
-367.38,30.95,21556
-411.61,34.72,21567
-453.15,39.99,21579
-435.92,38.07,21591
-375.96,31.09,21603
-362.04,28.38,21614
-403.84,32.61,21626
-448.96,39.34,21638
-446.50,38.55,21649
-384.18,33.32,21661
-353.79,31.19,21672
-394.59,34.68,21685
-442.37,40.46,21696
-448.56,38.49,21708
-397.96,32.07,21720
-357.46,29.58,21732
-383.34,32.75,21743
-437.85,38.53,21755
-454.56,37.87,21767
-405.81,32.48,21779
-359.76,30.56,21790
-378.22,33.99,21801
-426.69,40.20,21814
-452.62,39.65,21825
-418.37,33.49,21837
-363.72,30.13,21849
-372.25,32.76,21861
-418.45,38.17,21872
-453.12,37.99,21884
-431.15,32.43,21896
-368.91,29.91,21908
-367.76,34.08,21919
-410.25,40.07,21931
-445.34,39.76,21943
-442.13,33.94,21954
-357.22,29.67,21966
-405.27,32.80,21978
-445.33,38.16,21990
-447.26,38.03,22001
-394.46,32.85,22013
-353.15,29.70,22025
-389.55,33.33,22037
-444.69,39.68,22048
-450.03,39.54,22061
-398.34,33.78,22072
-358.12,30.34,22083
-380.25,32.91,22095
-435.09,39.28,22107
-455.85,39.37,22119
-409.40,33.17,22130
-359.18,29.48,22142
-376.48,31.78,22154
-427.81,38.71,22166
-454.90,40.00,22177
-420.19,34.24,22190
-361.98,30.89,22201
-368.03,32.97,22213
-418.55,38.74,22224
-454.87,39.42,22236
-434.35,32.66,22248
-368.68,29.12,22259
-362.47,32.31,22272
-412.82,38.52,22283
-449.00,40.17,22295
-437.85,34.10,22306
-381.76,30.40,22319
-358.44,32.86,22330
-399.55,37.81,22342
-445.63,39.34,22353
-390.65,33.77,22366
-361.83,29.97,22377
-389.29,32.40,22388
-434.88,38.00,22401
-453.70,39.45,22412
-404.42,33.85,22424
-358.73,29.34,22435
-383.40,31.57,22448
-429.37,38.22,22459
-453.93,40.27,22471
-418.79,34.92,22482
-357.88,30.50,22495
-369.26,31.60,22506
-427.27,37.95,22517
-454.96,39.17,22530
-426.33,33.86,22541
-367.38,30.19,22553
-363.18,31.81,22564
-415.14,38.63,22577
-457.02,40.31,22588
-433.73,34.79,22600
-369.94,30.11,22611
-361.80,31.50,22624
-408.76,37.40,22635
-452.65,39.68,22647
-443.57,34.44,22659
-379.40,29.88,22670
-359.61,31.87,22682
-400.56,37.49,22693
-443.16,40.11,22706
-446.84,35.10,22717
-389.81,30.29,22729
-360.03,31.68,22740
-433.76,37.25,22753
-451.89,39.83,22764
-406.47,34.95,22776
-357.33,29.92,22788
-384.36,31.19,22800
-427.46,37.27,22811
-449.18,39.88,22822
-423.26,35.63,22835
-362.36,30.32,22846
-366.49,31.40,22858
-424.55,37.29,22870
-451.38,39.60,22882
-427.88,35.35,22893
-371.45,30.35,22905
-359.55,31.10,22917
-412.16,36.93,22929
-457.66,39.83,22940
-434.48,35.42,22952
-374.13,30.59,22964
-359.95,31.22,22975
-400.89,36.96,22987
-450.63,40.38,22999
-445.66,35.37,23011
-380.35,30.13,23022
-358.76,31.26,23034
-397.21,36.61,23046
-442.01,40.34,23058
-449.92,35.44,23069
-392.58,29.91,23081
-356.13,31.42,23093
-390.05,36.78,23104
-435.30,40.74,23116
-452.08,36.32,23128
-359.41,30.48,23140
-381.21,31.19,23151
-427.34,36.09,23163
-450.55,40.04,23175
-420.58,36.38,23187
-365.19,30.75,23198
-370.85,30.62,23211
-420.77,35.78,23222
-452.61,39.90,23234
-430.51,36.84,23245
-371.03,31.58,23257
-361.07,30.91,23269
-410.07,36.36,23280
-453.93,40.05,23292
-440.22,35.90,23304
-378.61,30.71,23316
-357.80,30.22,23327
-399.13,35.92,23340
-451.66,40.46,23351
-448.31,35.84,23363
-384.45,30.85,23374
-356.37,30.70,23387
-394.31,36.04,23398
-440.75,40.85,23409
-452.75,36.25,23421
-397.85,30.76,23433
-355.25,30.28,23445
-390.34,35.01,23456
-437.79,40.16,23469
-450.87,36.72,23480
-412.08,31.07,23492
-358.88,30.50,23503
-375.75,35.55,23516
-431.07,40.23,23527
-418.78,37.44,23538
-366.41,31.33,23550
-368.04,30.15,23562
-419.37,35.01,23574
-457.06,39.37,23585
-430.70,36.80,23598
-371.89,31.64,23609
-364.17,30.83,23621
-406.28,36.11,23632
-451.20,40.68,23645
-441.73,37.53,23656
-376.68,31.55,23668
-358.67,30.22,23680
-401.05,34.82,23691
-445.56,39.55,23703
-447.99,36.36,23714
-389.02,30.78,23727
-355.71,30.64,23738
-392.38,35.24,23750
-439.15,40.64,23761
-448.49,38.35,23774
-400.16,31.40,23785
-356.05,30.55,23797
-383.20,34.54,23809
-434.56,39.37,23821
-451.07,37.78,23832
-412.37,31.21,23843
-360.06,30.34,23856
-369.99,35.19,23867
-427.28,40.42,23879
-454.64,38.53,23890
-417.69,31.94,23903
-365.72,30.11,23914
-415.84,34.79,23926
-458.40,39.73,23938
-432.27,37.62,23950
-366.81,31.38,23961
-366.09,29.75,23973
-410.54,34.34,23985
-447.14,40.08,23996
-441.72,38.32,24008
-378.32,32.49,24019
-359.61,30.42,24032
-403.43,34.07,24043
-441.96,39.76,24055
-446.88,37.91,24067
-392.72,32.13,24079
-355.97,30.24,24090
-391.51,33.28,24102
-439.14,39.55,24114
-451.67,38.10,24125
-404.84,32.23,24137
-358.74,30.72,24148
-378.03,34.23,24161
-430.17,40.17,24172
-457.07,38.81,24184
-417.06,32.09,24196
-360.88,29.66,24208
-371.28,33.74,24219
-423.41,38.89,24231
-457.15,38.04,24243
-428.02,32.43,24255
-363.65,30.01,24266
-366.04,34.60,24278
-417.17,40.09,24290
-453.61,38.67,24301
-435.78,32.82,24313
-360.04,29.06,24325
-410.95,33.18,24337
-452.14,39.46,24348
-440.03,38.49,24360
-381.06,33.15,24372
-357.85,30.37,24384
-399.17,33.58,24395
-447.54,39.71,24408
-445.13,38.72,24419
-391.28,32.68,24430
-360.79,29.91,24442
-393.70,33.16,24454
-439.30,38.64,24466
-449.27,38.60,24477
-403.90,32.73,24489
-364.01,29.92,24501
-379.98,33.88,24513
-425.97,39.41,24524
-453.78,39.57,24537
-417.12,33.17,24548
-365.03,29.30,24560
-374.92,32.51,24571
-416.37,38.07,24583
-454.56,39.42,24595
-431.53,33.96,24606
-366.10,30.38,24619
-363.66,33.75,24630
-410.79,39.31,24642
-450.29,39.48,24653
-441.04,33.36,24666
-376.89,29.21,24677
-355.89,31.58,24689
-404.72,38.18,24700
-444.05,39.00,24712
-381.89,33.65,24724
-354.46,30.70,24735
-396.12,33.40,24748
-446.26,39.51,24759
-449.76,39.72,24771
-392.01,33.00,24782
-354.40,29.66,24795
-392.39,32.43,24806
-438.98,38.29,24818
-449.61,39.31,24829
-405.13,33.35,24842
-357.54,30.32,24853
-379.90,33.22,24864
-431.43,38.89,24877
-449.95,39.65,24888
-416.29,33.66,24900
-365.10,29.84,24911
-372.93,32.41,24924
-420.51,38.44,24935
-452.82,39.48,24947
-427.10,33.97,24958
-370.57,29.57,24971
-365.38,31.82,24982
-411.78,38.60,24994
-449.78,39.99,25006
-436.69,34.57,25017
-377.18,30.34,25029
-359.50,31.51,25040
-401.36,37.70,25053
-451.26,38.79,25064
-445.30,33.66,25076
-386.22,30.19,25088
-360.19,32.37,25100
-439.58,38.64,25111
-456.29,40.12,25123
-394.41,34.58,25135
-355.09,30.05,25147
-388.98,32.11,25158
-432.89,37.84,25169
-453.65,39.47,25182
-413.30,33.94,25193
-356.86,29.16,25205
-376.84,31.37,25217
-431.39,37.92,25229
-453.76,40.28,25240
-419.90,35.48,25252
-364.25,30.46,25264
-368.26,32.01,25276
-421.02,37.99,25287
-453.81,40.02,25298
-429.97,34.91,25311
-368.59,29.54,25322
-364.11,30.88,25334
-416.34,36.93,25346
-449.60,39.45,25358
-436.37,35.31,25369
-381.62,30.88,25381
-356.50,32.18,25393
-400.71,37.47,25405
-450.35,40.13,25416
-442.60,34.97,25428
-388.53,30.66,25440
-360.29,31.72,25451
-388.26,36.66,25463
-439.74,39.58,25475
-454.05,34.50,25487
-355.23,29.96,25498
-384.92,31.96,25510
-431.23,37.68,25522
-453.17,40.81,25534
-413.42,35.36,25545
-357.75,30.04,25558
-373.23,31.53,25569
-424.92,37.12,25581
-456.49,40.02,25592
-422.82,34.86,25604
-361.53,29.59,25616
-370.59,30.62,25627
-418.81,37.39,25639
-452.91,40.98,25651
-432.40,36.13,25663
-366.45,31.16,25674
-360.90,31.37,25687
-412.96,37.42,25698
-452.06,40.61,25710
-438.24,35.36,25721
-377.79,30.15,25734
-359.15,30.08,25745
-404.60,35.73,25756
-449.19,40.12,25768
-444.88,35.82,25780
-387.31,31.05,25792
-357.85,31.72,25803
-393.70,36.88,25816
-440.53,40.45,25827
-451.15,35.38,25839
-401.78,29.76,25850
-357.96,30.15,25863
-383.93,35.90,25874
-433.16,40.26,25886
-414.04,36.55,25897
-361.95,31.31,25909
-370.31,31.32,25921
-424.85,36.82,25932
-457.70,39.86,25945
-422.49,35.93,25956
-366.24,30.34,25968
-367.92,30.32,25979
-413.68,36.27,25992
-456.64,40.26,26003
-435.89,36.42,26015
-366.08,30.50,26027
-360.49,30.28,26038
-411.39,36.22,26050
-453.01,40.38,26061
-441.52,36.68,26074
-376.58,30.92,26085
-356.34,30.79,26097
-404.58,36.15,26108
-448.33,39.90,26121
-444.63,36.20,26132
-388.12,30.47,26144
-358.47,31.02,26156
-395.43,36.11,26168
-441.18,40.21,26179
-449.57,36.90,26190
-398.36,30.89,26203
-358.99,30.67,26214
-386.38,35.87,26226
-432.37,39.91,26237
-451.89,37.09,26250
-412.67,31.00,26261
-361.52,30.47,26273
-426.06,35.51,26285
-452.99,40.06,26297
-423.35,36.87,26308
-370.60,30.89,26320
-368.81,30.14,26332
-412.62,35.14,26343
-452.80,40.51,26355
-436.32,37.37,26366
-374.82,31.42,26379
-362.73,30.26,26390
-405.06,34.53,26402
-448.77,39.78,26414
-447.04,36.88,26426
-381.73,31.17,26437
-354.10,30.76,26449
-398.61,35.42,26461
-445.13,40.75,26473
-451.54,37.23,26484
-393.19,30.99,26496
-352.53,29.90,26508
-389.42,34.50,26519
-443.12,40.05,26531
-455.53,37.50,26543
-400.89,31.66,26555
-353.17,30.38,26566
-383.10,34.89,26578
-435.96,40.13,26590
-453.87,37.59,26602
-410.91,31.76,26613
-358.41,30.85,26625
-373.87,35.02,26637
-429.20,40.28,26648
-452.06,37.47,26660
-419.83,31.07,26672
-370.49,29.82,26684
-414.37,34.24,26695
-451.69,39.68,26707
-433.24,37.99,26719
-374.06,32.35,26731
-364.34,30.45,26742
-403.90,34.88,26755
-445.95,39.94,26766
-444.30,37.54,26777
-384.92,31.53,26789
-357.39,29.40,26801
-394.61,34.45,26813
-442.28,40.27,26824
-454.27,38.30,26836
-393.80,32.02,26848
-352.14,29.09,26860
-387.83,33.77,26871
-437.57,39.97,26884
-456.74,38.56,26895
-406.27,32.43,26907
-350.56,30.08,26918
-379.76,33.81,26930
-436.72,39.51,26942
-455.65,38.20,26953
-410.96,31.80,26966
-357.75,29.95,26977
-373.75,33.89,26989
-427.45,39.78,27000
-455.93,38.75,27013
-423.50,32.26,27024
-363.84,30.59,27036
-367.94,33.97,27047
-416.60,39.07,27060
-434.13,38.51,27071
-375.74,31.97,27083
-361.65,30.00,27095
-406.70,33.91,27106
-448.80,39.06,27118
-441.60,38.53,27129
-385.16,32.74,27142
-360.53,30.06,27153
-393.77,34.02,27165
-441.19,39.55,27176
-453.48,38.47,27189
-394.89,32.32,27200
-354.87,29.70,27212
-388.52,33.54,27224
-436.62,39.76,27235
-454.39,38.65,27247
-406.92,32.55,27258
-353.43,29.83,27271
-379.85,33.08,27282
-433.52,39.56,27294
-453.52,39.03,27305
-413.76,32.91,27318
-362.05,30.34,27329
-369.82,32.81,27341
-425.10,38.99,27353
-456.00,38.96,27364
-424.68,32.48,27376
-366.41,29.93,27387
-366.03,33.17,27400
-415.57,39.41,27411
-451.93,39.50,27423
-435.71,33.18,27435
-376.45,29.78,27447
-358.02,32.94,27458
-450.35,38.69,27470
-442.89,38.56,27482
-385.15,33.21,27494
-359.89,29.53,27505
-395.45,32.94,27516
-442.27,39.23,27529
-451.73,39.28,27540
-393.72,34.02,27552
-355.14,30.05,27564
-389.25,33.00,27576
-435.93,39.15,27587
-452.49,39.04,27599
-409.29,33.42,27611
-357.94,29.99,27623
-377.51,32.52,27634
-430.83,38.86,27646
-453.60,39.32,27658
-416.48,33.59,27669
-364.64,30.16,27681
-370.31,32.58,27693
-419.36,38.42,27705
-458.91,39.34,27716
-429.91,33.21,27728
-364.23,29.69,27740
-365.30,32.79,27752
-413.19,38.58,27763
-451.57,39.73,27776
-439.62,33.79,27787
-373.46,29.72,27799
-357.00,32.70,27810
-406.63,38.62,27822
-449.65,39.69,27834
-443.23,33.65,27845
-385.97,29.47,27857
-395.10,32.06,27869
-445.55,38.38,27881
-449.60,39.58,27892
-395.59,33.73,27905
-357.59,29.81,27916
-385.47,32.27,27928
-438.22,38.30,27939
-455.16,39.79,27951
-406.48,33.53,27963
-358.18,29.76,27974
-379.79,32.06,27986
-428.77,38.24,27998
-455.28,40.30,28010
-419.84,34.39,28021
-357.45,30.01,28034
-369.50,31.92,28045
-424.56,37.85,28057
-454.51,39.70,28068
-428.95,33.68,28081
-366.87,29.93,28092
-362.30,31.87,28103
-414.15,38.08,28115
-454.12,40.05,28127
-436.05,34.08,28139
-374.51,30.49,28150
-360.59,32.07,28163
-403.42,37.93,28174
-448.90,39.88,28186
-445.68,33.85,28197
-384.90,29.71,28210
-357.76,31.40,28221
-396.14,37.80,28233
-443.88,40.13,28244
-395.73,34.63,28256
-356.76,29.91,28268
-386.45,32.01,28279
-437.16,38.12,28292
-453.59,40.15,28303
-404.83,34.80,28315
-357.44,29.51,28326
-378.66,31.29,28339
-426.82,37.34,28350
-455.95,39.91,28362
-419.92,35.01,28374
-359.54,30.07,28386
-368.93,31.47,28397
-422.23,37.51,28408
-455.38,39.91,28421
-428.97,35.21,28432
-367.73,30.15,28444
-362.68,31.14,28455
-412.86,37.23,28468
-454.02,39.51,28479
-438.05,34.64,28491
-378.09,30.11,28503
-358.77,31.32,28515
-401.27,37.62,28526
-449.50,40.37,28537
-446.44,35.44,28550
-384.51,30.33,28561
-357.58,31.56,28573
-392.35,37.28,28584
-441.44,40.07,28597
-453.73,34.98,28608
-397.15,29.25,28620
-354.35,30.83,28632
23.09,36.93,28644
-407.58,40.44,28655
-354.63,36.12,28678
-378.88,30.48,28690
-433.15,31.63,28701
-454.97,37.12,28712
-416.63,39.92,28724
-360.42,35.40,28735
-371.61,29.93,28746
-425.00,30.85,28758
-456.88,36.45,28769
-427.92,39.94,28781
-366.70,35.53,28792
-364.80,30.75,28804
-414.12,31.71,28815
-451.12,37.47,28826
-436.65,40.79,28837
-376.87,35.61,28849
-360.53,30.53,28860
-405.05,30.79,28872
-447.78,35.83,28883
-443.68,39.53,28895
-388.13,34.97,28906
-359.13,30.62,28917
-391.29,31.61,28929
-439.22,37.29,28940
-450.19,41.25,28952
-396.16,36.53,28963
-355.00,30.59,28975
-387.05,30.44,28986
-436.14,35.66,28997
-453.49,39.46,29008
-410.51,35.52,29020
-355.64,30.20,29031
-376.83,30.92,29043
-432.03,36.99,29054
-454.02,41.26,29066
-415.97,36.77,29078
-361.18,31.12,29089
-369.41,30.68,29102
-421.02,36.03,29113
-454.92,39.84,29124
-429.15,35.63,29136
-367.93,30.25,29148
-363.14,30.34,29160
-411.18,36.51,29171
-450.55,40.88,29184
-435.11,37.17,29195
-377.38,31.23,29207
-359.07,30.48,29218
-401.04,35.57,29231
-448.93,39.90,29242
-445.49,36.21,29254
-385.27,30.76,29265
-357.29,30.25,29277
-394.32,35.68,29289
-441.42,40.06,29300
-452.36,37.06,29313
-397.88,31.00,29324
-355.18,30.76,29336
-385.25,36.00,29347
-435.79,40.29,29360
-455.67,36.74,29371
-410.15,30.55,29383
-358.66,30.21,29394
-378.39,35.47,29407
-427.68,39.73,29418
-421.07,36.81,29429
-362.87,31.06,29442
-367.90,30.78,29453
-418.75,36.05,29465
-455.48,40.45,29476
-431.18,37.22,29489
-368.81,30.83,29500
-362.86,30.19,29512
-412.09,35.26,29523
-452.76,40.22,29536
-440.61,37.26,29547
-374.90,30.73,29559
-357.84,30.11,29571
-405.71,35.01,29582
-446.61,40.60,29594
-444.62,38.21,29605
-387.85,31.80,29618
-353.52,30.51,29629
-395.29,34.68,29641
-444.54,39.66,29652
-449.03,37.09,29665
-398.30,31.40,29676
-356.71,30.29,29688
-380.60,34.77,29700
-438.16,40.24,29712
-457.34,37.57,29723
-405.74,31.92,29734
-358.45,30.85,29747
-376.59,35.17,29758
-425.55,40.30,29770
-456.16,37.37,29782
-418.91,31.26,29794
-362.47,30.22,29805
-370.93,34.42,29817
-452.40,39.60,29829
-431.33,37.49,29841
-369.24,31.69,29852
-363.31,30.48,29864
-411.18,35.12,29876
-449.15,40.30,29887
-440.02,38.08,29899
-377.36,31.38,29911
-359.53,29.29,29923
-403.25,34.12,29934
-444.46,39.86,29946
-447.03,38.22,29958
-389.19,32.63,29970
-353.37,30.44,29981
-391.73,34.95,29993
-443.42,40.25,30005
-452.09,37.58,30016
-401.56,31.40,30028
-355.70,29.14,30040
-381.45,33.88,30052
-438.06,40.26,30063
-456.06,38.80,30075
-408.76,32.97,30087
-356.32,30.55,30099
-371.35,34.21,30110
-429.22,39.58,30123
-459.59,37.83,30134
-419.47,31.37,30146
-360.72,29.72,30157
-369.36,33.91,30169
-420.04,39.47,30181
-454.28,39.03,30192
-431.63,32.44,30204
-360.95,30.12,30216
-413.73,34.33,30228
-451.57,38.95,30239
-437.88,38.19,30252
-379.46,31.69,30263
-357.85,29.42,30275
-400.63,34.37,30286
-450.90,39.57,30299
-443.50,38.43,30310
-384.55,32.26,30321
-360.30,30.05,30333
-391.66,34.14,30345
-439.99,39.82,30357
-453.54,38.56,30368
-396.00,32.01,30381
-355.23,29.69,30392
-389.31,33.39,30404
-433.66,39.58,30415
-448.12,39.10,30428
-410.56,33.06,30439
-358.07,30.36,30451
-375.32,33.31,30462
-427.57,39.35,30474
-453.98,39.01,30486
-419.33,32.69,30497
-365.79,29.90,30510
-369.31,33.07,30521
-414.80,39.07,30533
-455.56,39.26,30544
-433.87,33.07,30557
-366.21,30.07,30568
-363.53,33.02,30580
-410.40,38.61,30592
-450.29,38.66,30603
-377.67,32.86,30615
-353.06,30.30,30626
-402.64,34.06,30639
-447.85,39.45,30650
-446.00,38.57,30662
-389.51,32.48,30673
-357.55,29.05,30686
-393.01,32.70,30697
-440.08,39.18,30709
-450.76,39.16,30721
-399.10,33.61,30733
-357.35,30.33,30744
-384.39,33.09,30755
-433.90,39.33,30768
-450.98,39.19,30779
-411.22,32.64,30791
-359.80,29.27,30802
-377.02,32.42,30815
-426.90,38.73,30826
-453.67,39.62,30838
-420.76,33.68,30850
-363.80,29.92,30862
-368.36,32.69,30873
-420.21,38.64,30885
-452.86,39.32,30897
-432.19,33.75,30908
-373.70,29.59,30920
-360.76,32.26,30931
-408.45,38.03,30944
-454.17,38.73,30955
-441.29,33.44,30967
-381.43,29.63,30979
-356.92,33.09,30991
-448.22,39.38,31002
-448.10,40.02,31014
-388.73,33.75,31026
-357.48,29.60,31038
-390.81,32.30,31049
-441.47,38.05,31060
-452.79,39.65,31073
-398.79,33.44,31084
-357.89,29.89,31096
-380.81,32.68,31108
-433.27,38.44,31120
-459.45,40.13,31131
-408.58,34.00,31143
-355.45,29.43,31155
-380.60,32.34,31167
-423.94,38.47,31178
-453.73,40.21,31191
-428.12,34.69,31202
-357.40,30.04,31213
-365.28,31.86,31225
-424.89,37.24,31237
-450.84,38.57,31249
-432.82,33.41,31260
-374.87,29.93,31272
-357.09,33.15,31284
-407.47,39.25,31296
-451.77,40.60,31307
-438.08,34.13,31320
-379.13,29.39,31331
-357.49,31.16,31342
-400.27,37.50,31354
-448.66,39.08,31366
-447.04,33.72,31378
-390.80,30.09,31389
-390.78,32.23,31401
-441.96,38.95,31413
-448.05,40.61,31425
-398.09,34.60,31436
-359.04,30.22,31449
-382.94,31.20,31460
-433.24,37.63,31472
-454.75,39.67,31483
-411.80,33.89,31495
-360.06,29.87,31507
-377.10,31.24,31518
-424.16,37.63,31531
-451.32,40.51,31542
-422.72,35.03,31554
-364.33,30.35,31565
-367.10,31.73,31578
-416.24,37.58,31589
-450.42,39.86,31601
-434.99,34.82,31612
-373.14,29.91,31625
-358.92,31.34,31636
-408.54,37.33,31647
-450.66,39.97,31660
-440.19,35.58,31671
-381.77,30.51,31683
-356.96,31.57,31694
-397.29,37.39,31707
-445.75,39.66,31718
-450.73,35.37,31730
-392.42,29.95,31741
-356.58,31.08,31754
-390.56,37.26,31765
-437.04,39.67,31777
-404.86,35.35,31789
-354.03,30.20,31800
-381.36,31.24,31812
-435.97,37.32,31823
-454.47,40.29,31836
-414.18,35.24,31847
-360.64,30.33,31859
-369.63,31.57,31870
-426.07,37.46,31883
-458.51,40.64,31894
-421.46,35.27,31906
-364.14,29.85,31918
-368.69,31.10,31929
-417.53,36.53,31941
-455.42,40.50,31952
-432.78,36.25,31965
-369.02,30.89,31976
-361.66,32.21,31988
-409.19,37.10,32000
-450.76,40.23,32012
-440.78,35.38,32023
-380.22,29.53,32035
-360.77,30.44,32047
-399.95,36.36,32059
-442.85,40.39,32070
-448.50,36.84,32081
-391.81,31.36,32094
-355.29,31.34,32105
-391.47,36.58,32117
-436.50,40.08,32129
-450.37,35.45,32141
-408.23,29.80,32152
-357.25,30.39,32164
-379.42,36.04,32176
-453.66,40.36,32188
-414.70,36.39,32199
-359.74,31.23,32211
-371.06,31.57,32223
-421.59,36.75,32234
-453.65,41.00,32246
-426.52,36.24,32258
-366.50,30.44,32270
-365.29,29.81,32281
-415.88,35.33,32293
-455.58,39.62,32305
-435.31,36.33,32317
-371.01,31.31,32328
-360.68,30.91,32340
-406.90,36.94,32352
-448.21,41.12,32364
-443.25,37.10,32375
-380.42,31.01,32387
-356.85,29.74,32399
-401.36,35.18,32410
-443.94,39.17,32422
-448.30,35.96,32434
-395.65,31.16,32446
-355.87,31.06,32457
-388.62,36.80,32470
-437.99,41.03,32481
-448.38,37.27,32493
-404.68,31.61,32504
-359.14,30.34,32516
-377.49,34.88,32528
-432.53,39.14,32539
-457.54,35.60,32551
-413.61,30.61,32563
-374.40,30.74,32575
-419.83,35.82,32586
-452.78,41.07,32599
-428.10,37.79,32610
-366.91,31.55,32622
-362.93,30.69,32633
-415.75,35.09,32646
-452.83,39.59,32657
-435.98,37.03,32668
-376.51,30.06,32680
-360.09,29.71,32692
-405.60,35.56,32704
-449.22,40.55,32715
-441.99,38.38,32728
-383.38,32.04,32739
-356.67,30.87,32751
-395.99,35.17,32762
-445.05,39.53,32775
-450.71,36.89,32786
-393.54,30.75,32798
-357.88,29.46,32809
-387.70,34.38,32821
-438.04,40.02,32833
-454.08,38.03,32844
-405.07,32.49,32857
-358.06,31.10,32868
-379.25,34.78,32880
-426.84,40.17,32891
-454.98,37.36,32904
-418.95,31.11,32915
-361.67,30.20,32927
-370.51,33.86,32939
-421.21,39.51,32951
-453.66,37.69,32962
-369.61,31.40,32973
-363.99,30.46,32986
-410.54,34.73,32997
-449.78,40.25,33009
-440.57,38.54,33020
-378.21,31.68,33033
-357.60,29.98,33044
-403.95,34.23,33056
-447.65,39.78,33068
-444.56,38.31,33080
-387.81,32.08,33091
-357.60,29.58,33103
-392.98,34.08,33115
-443.51,40.00,33126
-451.25,38.42,33138
-394.90,32.57,33149
-354.72,30.00,33162
-386.77,34.02,33173
-437.06,39.96,33185
-453.33,38.31,33197
-407.59,32.67,33209
-356.31,30.02,33220
-376.78,33.36,33232
-432.26,39.00,33244
-454.98,37.96,33256
-417.93,32.43,33267
-362.77,30.50,33278
-371.16,34.53,33291
-418.40,40.01,33302
-449.05,38.92,33314
-429.04,32.78,33326
-370.60,29.80,33338
-364.43,33.56,33349
-448.96,38.71,33361
-438.34,38.23,33373
-381.16,32.59,33385
-362.40,29.96,33396
-398.40,34.24,33408
-443.00,40.26,33420
-447.72,39.49,33431
-387.62,33.04,33443
-355.71,29.52,33455
-394.62,32.70,33467
-441.58,38.41,33478
-451.57,38.43,33490
-400.57,32.61,33502
-354.43,30.09,33514
-383.22,33.93,33525
-436.30,39.54,33538
-452.64,39.67,33549
-410.12,33.18,33560
-359.32,29.85,33572
-374.78,33.13,33584
-431.10,38.52,33596
-455.90,38.48,33607
-419.24,32.58,33619
-366.96,29.42,33631
-367.91,33.43,33643
-415.72,39.59,33654
-455.83,39.45,33667
-428.75,33.57,33678
-369.71,29.95,33690
-366.71,32.79,33701
-408.42,39.01,33713
-448.87,39.08,33725
-442.11,33.28,33736
-378.48,29.79,33748
-401.14,32.19,33760
-440.10,38.77,33772
-449.99,39.65,33783
-391.31,33.46,33796
-353.48,30.75,33807
-394.64,32.21,33819
-439.59,38.99,33830
-451.02,39.33,33843
-403.37,33.50,33854
-356.76,30.35,33865
-379.93,32.30,33878
-436.31,38.01,33889
-455.38,38.92,33901
-411.19,33.18,33912
-362.75,30.27,33925
-372.83,32.84,33936
-424.38,38.92,33948
-457.44,39.86,33959
-423.07,34.35,33972
-363.79,30.46,33983
-369.63,32.53,33995
-415.30,38.46,34007
-452.76,38.74,34018
-434.92,33.55,34030
-371.82,29.02,34041
-365.07,31.82,34054
-409.68,38.75,34065
-448.11,39.90,34077
-441.04,34.87,34088
-380.29,30.21,34101
-358.97,32.03,34112
-402.12,38.44,34124
-440.75,39.58,34136
-392.50,33.90,34147
-355.93,29.07,34159
-393.20,31.41,34170
-437.62,37.38,34183
-449.82,39.98,34194
-407.43,35.15,34206
-353.65,30.85,34217
-378.37,32.76,34230
-434.43,37.63,34241
-452.80,39.73,34253
-415.50,34.35,34265
-364.55,29.56,34277
-370.44,31.56,34288
-423.92,37.17,34299
-454.64,39.88,34312
-424.12,35.30,34323
-366.14,30.61,34335
-366.86,32.50,34347
-412.31,38.21,34359
-450.30,39.99,34370
-436.28,34.40,34382
-376.44,29.62,34394
-361.19,30.95,34406
-404.77,37.11,34417
-447.40,40.03,34429
-444.31,34.81,34441
-383.65,30.29,34452
-355.52,31.98,34464
-396.72,37.95,34476
-442.73,40.59,34488
-449.64,34.65,34499
-394.32,29.35,34511
-354.83,30.64,34523
-388.05,36.56,34535
-452.20,40.13,34546
-404.24,35.41,34558
-358.32,30.53,34570
-377.44,31.96,34582
-430.30,37.64,34593
-457.83,40.34,34605
-415.86,35.38,34617
-360.92,29.56,34628
-373.34,30.71,34640
-422.61,36.59,34652
-456.08,40.16,34664
-429.29,35.76,34675
-364.85,30.78,34688
-365.05,31.55,34699
-413.83,37.09,34711
-452.32,40.04,34722
-436.87,35.18,34734
-375.12,30.05,34746
-360.92,30.56,34757
-404.53,36.54,34769
-449.19,39.88,34781
-443.37,35.55,34793
-383.56,30.55,34804
-357.08,31.09,34817
-394.64,37.24,34828
-441.24,40.57,34840
-451.24,35.87,34851
-395.74,30.36,34864
-353.91,30.42,34875
-387.47,36.41,34886
-437.18,39.82,34898
-453.77,35.80,34910
-407.98,30.60,34922
-378.75,31.00,34933
-432.10,36.85,34946
-453.46,40.27,34957
-415.33,36.59,34969
-360.25,30.75,34980
-370.70,30.63,34993
-424.24,35.97,35004
-453.80,39.58,35016
-424.25,36.40,35027
-367.73,30.96,35039
-364.51,31.14,35051
-412.48,36.13,35062
-450.60,39.94,35075
-436.88,36.40,35086
-378.23,30.52,35098
-360.69,30.98,35109
-402.31,36.34,35122
-446.09,40.32,35133
-445.63,36.93,35145
-387.95,30.68,35156
-356.18,30.67,35169
-393.02,35.86,35180
-443.40,40.17,35191
-450.06,36.34,35204
-397.96,30.40,35215
-357.13,30.32,35227
-384.66,35.77,35238
-437.48,41.21,35251
-455.11,37.29,35262
-404.82,31.49,35274
-354.84,30.72,35286
-378.51,35.16,35298
-430.92,40.15,35309
-456.20,36.47,35321
-358.05,30.58,35333
-371.94,30.45,35344
-423.62,35.25,35356
-452.18,40.29,35367
-425.93,37.64,35380
-368.22,31.86,35391
-364.25,31.16,35403
-411.81,35.53,35415
-449.28,39.78,35427
-436.82,37.01,35438
-377.15,30.92,35450
-362.88,30.07,35462
-401.89,35.03,35474
-443.09,39.70,35485
-446.31,37.32,35496
-390.59,31.91,35509
-357.32,30.61,35520
-393.08,35.50,35532
-437.78,40.40,35544
-450.28,37.33,35556
-404.04,31.53,35567
-359.85,29.53,35579
-379.96,34.05,35591
-434.74,39.78,35603
-455.70,37.62,35614
-412.02,31.81,35625
-358.78,30.58,35638
-374.78,34.84,35649
-426.27,40.38,35661
-458.56,38.20,35673
-423.30,31.70,35685
-358.72,29.80,35696
-366.19,34.11,35708
-456.17,39.02,35720
-430.01,37.30,35732
-369.71,31.62,35743
-361.68,30.27,35756
-410.72,35.40,35767
-455.39,40.24,35778
-438.67,38.22,35790
-373.71,32.05,35802
-358.90,30.25,35814
-402.93,35.22,35825
-447.77,39.67,35837
-445.61,37.60,35849
-384.22,31.40,35861
-358.58,29.68,35872
-398.64,34.50,35885
-437.18,39.80,35896
-446.20,38.57,35908
-398.70,32.87,35919
-359.20,30.88,35931
-387.55,34.63,35943
-429.34,39.77,35954
-448.38,38.11,35966
-413.03,31.52,35978
-364.62,29.14,35990
-377.83,32.96,36001
-422.44,39.37,36014
-451.43,39.26,36025
-426.76,33.16,36037
-367.68,30.88,36048
-362.86,34.25,36061
-413.28,40.03,36072
-454.14,38.85,36083
-436.56,31.95,36096
-374.14,29.66,36107
-405.66,32.88,36119
-457.36,39.09,36130
-444.19,38.48,36143
-376.84,32.62,36154
-352.58,30.31,36166
-399.36,34.10,36177
-449.91,40.26,36190
-449.06,39.17,36201
-385.99,32.60,36213
-353.35,29.54,36225
-393.68,32.61,36236
-443.94,38.48,36248
-451.84,38.05,36259
-397.18,32.14,36272
-356.86,30.16,36283
-384.43,34.10,36295
-433.36,40.26,36306
-451.63,39.33,36319
-407.65,33.09,36330
-363.39,29.62,36342
-378.65,32.65,36354
-424.85,38.72,36365
-453.27,38.53,36377
-420.36,33.16,36388
-367.30,30.16,36401
-372.24,33.23,36412
-412.81,39.33,36424
-447.88,39.02,36435
-436.59,33.27,36448
-372.69,30.26,36459
-362.82,32.90,36471
-406.18,39.12,36483
-443.90,39.48,36495
-385.16,33.57,36506
-351.55,30.03,36517
-397.92,32.46,36530
-446.90,37.98,36541
-448.97,38.66,36553
-394.15,33.15,36564
-354.17,29.96,36577
-384.34,33.70,36588
-444.06,39.14,36600
-456.19,39.35,36612
-397.58,33.15,36624
-356.72,28.74,36635
-382.49,32.36,36647
-434.56,38.09,36659
-457.59,39.02,36670
-408.75,34.08,36682
-358.20,30.29,36694
-379.03,33.39,36706
-423.63,39.03,36717
-450.82,39.81,36729
-422.87,33.93,36741
-364.23,29.63,36753
-373.01,32.07,36764
-416.32,37.98,36776
-444.04,39.31,36788
-438.43,33.75,36800
-377.02,29.57,36811
-360.29,32.10,36823
-406.54,38.71,36835
-444.27,40.73,36846
-443.02,34.88,36858
-390.37,30.50,36870
-353.21,32.19,36882
-389.91,37.66,36893
-454.83,39.28,36905
-396.78,33.22,36917
-354.82,29.15,36929
-383.07,31.84,36940
-440.85,38.22,36953
-459.42,40.58,36964
-401.76,35.22,36975
-350.62,30.85,36987
-378.39,32.58,36999
-437.32,38.13,37011
-456.91,39.01,37022
-409.89,33.15,37035
-361.04,28.98,37046
-376.62,31.26,37058
-424.63,38.27,37069
-454.16,40.34,37082
-421.03,35.15,37093
-363.46,30.70,37104
-371.84,32.13,37116
-418.06,38.03,37128
-447.28,39.31,37140
-435.02,33.74,37151
-378.11,29.58,37164
-365.22,31.04,37175
-405.17,37.51,37187
-445.13,39.92,37198
-444.06,35.16,37211
-387.45,30.93,37222
-359.02,31.65,37234
-392.53,37.61,37245
-439.64,40.18,37257
-454.67,34.52,37269
-397.58,29.96,37280
-385.72,31.25,37293
-436.30,37.11,37304
-459.25,39.78,37316
-410.19,34.49,37327
-351.86,29.75,37340
-375.32,31.91,37351
-435.86,38.10,37363
-457.74,40.38,37374
-414.03,35.34,37387
-357.77,29.75,37398
-369.85,31.15,37409
-428.49,37.26,37422
-460.14,39.57,37433
-419.79,35.24,37445
-364.14,29.71,37456
-369.75,31.46,37469
-417.89,37.74,37480
-451.76,40.31,37492
-430.83,35.97,37504
-370.57,30.36,37516
-365.61,30.93,37527
-409.68,36.83,37539
-441.12,39.94,37551
-441.21,35.76,37562
-387.97,30.77,37574
-359.62,30.92,37585
-395.45,36.38,37598
-438.30,40.09,37609
-448.02,35.92,37621
-400.77,31.22,37633
-357.85,31.80,37645
-381.90,36.49,37656
-430.01,40.28,37668
-455.75,35.25,37680
-353.86,29.79,37692
-372.53,30.69,37703
-431.03,36.38,37714
-456.22,40.60,37727
-421.30,36.11,37738
-357.53,30.91,37750
-363.98,31.87,37762
-426.15,37.08,37774
-460.14,40.46,37785
-424.90,35.44,37797
-364.29,29.85,37809
-366.99,30.55,37821
-417.31,36.35,37832
-454.09,40.25,37843
-433.36,36.18,37856
-370.26,31.02,37867
-364.85,31.00,37879
-410.23,36.75,37891
-443.74,40.49,37903
-440.77,36.17,37914
-387.62,31.00,37926
-359.47,30.38,37938
-395.92,35.61,37950
-442.13,39.66,37961
-447.81,35.47,37974
-400.47,30.78,37985
-359.92,30.51,37996
-382.79,36.18,38008
-433.02,40.92,38020
-453.97,36.94,38032
-412.40,31.14,38043
-359.40,30.49,38055
-371.86,35.31,38067
-459.21,39.84,38079
-423.49,36.13,38090
-362.36,30.09,38103
-365.98,30.07,38114
-420.07,35.66,38126
-459.59,40.37,38137
-431.23,37.56,38149
-362.56,31.19,38161
-359.75,30.79,38172
-416.54,36.06,38184
-456.02,39.50,38196
-436.65,36.24,38208
-372.57,30.41,38219
-358.78,29.86,38232
-409.53,35.52,38243
-450.85,40.00,38255
-440.65,37.01,38266
-384.31,31.84,38279
-360.30,30.93,38290
-399.08,35.89,38301
-439.95,40.23,38313
-444.54,36.66,38325
-398.32,30.87,38337
-362.73,30.07,38348
-387.63,34.65,38361
-431.32,39.82,38372
-449.07,37.04,38384
-412.25,31.36,38395
-363.85,30.90,38408
-373.70,35.45,38419
-421.06,40.87,38431
-454.24,37.99,38443
-424.26,30.91,38454
-365.34,29.65,38466
-414.34,34.19,38477
-457.63,39.62,38490
-435.62,37.90,38501
-365.36,31.26,38513
-356.57,30.29,38524
-410.60,35.24,38537
-456.63,40.67,38548
-441.02,38.71,38560
-369.04,31.73,38572
-354.19,30.24,38583
-407.71,34.45,38595
-450.18,39.47,38606
-444.00,37.13,38619
-383.64,31.44,38630
-356.11,30.10,38642
-399.67,34.47,38653
-444.75,40.01,38666
-443.36,38.09,38677
-396.32,32.91,38689
-361.67,30.96,38701
-384.78,34.55,38713
-433.79,39.34,38724
-449.54,36.75,38735
-408.15,31.23,38748
-367.80,29.65,38759
-380.35,33.86,38771
-419.89,39.97,38782
-451.99,38.24,38795
-424.53,32.77,38806
-367.98,30.94,38818
-369.67,34.53,38830
-411.96,39.97,38842
-450.98,37.96,38853
-373.43,31.22,38865
-358.31,28.97,38877
-409.38,33.09,38888
-453.15,39.23,38900
-444.86,39.00,38912
-379.65,32.89,38924
-351.04,30.52,38935
-398.44,34.74,38947
-453.55,39.96,38959
-448.65,38.30,38971
-385.01,31.40,38982
-354.45,28.45,38994
-392.90,33.25,39006
-448.26,39.36,39018
-454.80,38.58,39029
-392.44,32.91,39041
-354.50,30.35,39053
-387.58,34.56,39064
-433.10,40.08,39076
-452.53,38.48,39088
-410.11,32.23,39100
-359.71,29.30,39111
-380.52,32.69,39123
-428.00,38.78,39135
-448.13,38.51,39147
-421.56,33.28,39158
-369.69,30.70,39170
-368.19,33.81,39182
-414.17,39.63,39193
-448.45,39.28,39205
-432.55,32.63,39217
-377.72,29.51,39229
-364.78,32.49,39240
-403.76,38.26,39252
-445.75,39.01,39264
-383.98,32.83,39276
-354.36,30.00,39287
-395.62,33.72,39300
-443.36,39.67,39311
-452.05,39.66,39322
-395.45,33.30,39334
-350.03,29.69,39346
-385.59,32.45,39358
-445.76,38.69,39369
-454.74,38.87,39382
-399.61,32.78,39393
-354.62,30.22,39405
-378.33,33.26,39416
-434.97,39.61,39429
-459.56,39.44,39440
-407.93,32.86,39452
-354.04,29.86,39463
-377.68,32.97,39475
-428.28,39.26,39487
-451.93,39.36,39498
-420.61,33.21,39511
-365.70,29.86,39522
-369.38,32.33,39534
-419.23,38.42,39545
-451.06,39.27,39558
-428.44,33.90,39569
-375.70,30.72,39581
-367.85,32.97,39592
-404.65,39.18,39605
-444.16,39.45,39616
-444.13,33.58,39627
-385.31,29.73,39640
-396.68,31.57,39651
-439.67,38.34,39663
-451.19,39.79,39674
-398.86,34.42,39687
-354.73,30.25,39698
-384.56,32.02,39710
-436.38,38.01,39721
-456.18,39.33,39734
-407.22,33.89,39745
-353.35,30.05,39756
-377.17,32.53,39769
-432.71,38.54,39780
-456.05,39.75,39792
-419.90,33.61,39803
-360.55,29.06,39816
-368.29,31.66,39827
-425.24,37.82,39839
-457.83,40.20,39851
-424.36,34.94,39863
-363.96,30.44,39874
-365.38,32.84,39886
-414.42,37.99,39898
-454.34,39.21,39909
-436.52,33.73,39921
-372.39,28.86,39932
-362.95,31.65,39945
-410.19,38.03,39956
-448.87,39.87,39968
-441.83,35.23,39980
-384.95,30.18,39992
-356.07,32.32,40003
-397.49,38.33,40015
-441.90,39.99,40027
-447.51,34.65,40039
-356.44,29.75,40050
-388.61,31.00,40061
-437.87,37.07,40074
-448.61,39.76,40085
-409.99,34.85,40097
-359.94,30.70,40109
-373.94,32.07,40121
-429.68,37.92,40132
-453.27,40.92,40144
-417.36,35.42,40156
-367.17,30.21,40168
-368.38,30.76,40179
-417.71,35.97,40192
-458.80,39.08,40203
-431.60,34.74,40214
-365.56,30.41,40226
-361.96,32.35,40238
-410.24,38.51,40250
-452.82,40.76,40261
-439.80,35.20,40273
-375.73,29.76,40285
-356.96,30.66,40297
-404.60,36.77,40308
-452.88,39.43,40321
-446.61,34.87,40332
-382.36,30.85,40344
-356.98,31.72,40355
-397.03,37.73,40367
-442.67,40.31,40379
-449.12,35.19,40390
-394.27,30.20,40402
-356.21,30.93,40414
-391.94,36.88,40426
-449.45,40.05,40437
-408.62,35.05,40450
-360.34,29.79,40461
-379.78,30.35,40473
-428.70,36.57,40484
-450.43,40.20,40496
-419.84,36.61,40508
-366.23,31.10,40519
-368.11,31.44,40531
-418.35,36.59,40543
-453.98,39.74,40555
-432.42,35.69,40566
-372.96,29.90,40579
-360.85,30.30,40590
-408.63,36.31,40602
-452.93,39.61,40613
-441.00,36.67,40626
-377.64,30.97,40637
-358.40,31.18,40648
-400.87,36.75,40660
-449.46,39.92,40672
-448.99,36.08,40684
-387.20,30.64,40695
-357.24,30.53,40708
-393.24,36.21,40719
-441.36,39.96,40731
-454.18,35.68,40742
-396.82,30.27,40755
-356.14,30.35,40766
-387.35,36.30,40778
-433.07,41.29,40790
-452.23,37.28,40801
-409.97,31.09,40813
-356.14,31.67,40824
-427.45,34.87,40837
-451.05,40.06,40848
-423.16,35.71,40860
-364.88,29.74,40871
-369.22,30.59,40884
-418.12,35.64,40895
-451.11,40.79,40907
-430.94,37.92,40919
-371.00,31.49,40931
-359.92,31.61,40942
-410.86,35.75,40953
-448.38,40.08,40966
-440.37,36.57,40977
-383.17,30.03,40989
-357.44,29.31,41000
-400.28,34.45,41013
-447.08,40.39,41024
-445.43,37.74,41036
-389.28,32.98,41048
-355.53,31.47,41060
-387.09,36.11,41071
-438.98,40.55,41082
-453.33,36.25,41095
-401.56,30.18,41106
-356.41,28.64,41118
-384.94,33.49,41129
-436.36,39.47,41142
-453.77,37.17,41153
-414.46,32.66,41165
-358.50,32.19,41177
-368.68,36.38,41189
-426.50,40.77,41200
-456.93,36.92,41212
-366.80,30.01,41224
-369.52,29.11,41235
-417.54,33.82,41247
-457.24,39.15,41259
-432.59,37.47,41271
-368.55,31.66,41282
-362.08,31.46,41294
-409.09,36.37,41306
-448.85,41.05,41318
-440.11,38.31,41329
-380.16,31.21,41341
-360.67,29.04,41353
-403.01,33.77,41365
-443.56,38.67,41376
-447.01,37.06,41388
-393.19,31.71,41400
-356.66,30.24,41411
-389.26,35.25,41423
-436.52,41.06,41435
-452.21,38.70,41447
-404.84,32.40,41458
-356.80,29.67,41470
-379.21,33.37,41482
-432.36,38.72,41494
-457.69,36.96,41505
-416.71,31.29,41518
-360.17,29.56,41529
-373.57,34.38,41540
-424.76,40.21,41552
-455.57,39.21,41564
-425.64,32.93,41576
-361.74,30.69,41587
-362.79,34.31,41600
-418.53,39.05,41611
-434.92,37.57,41623
-375.34,30.66,41634
-359.56,28.48,41647
-408.02,33.34,41658
-451.13,39.47,41669
-439.74,39.14,41681
-381.17,33.18,41693
-356.96,31.59,41705
-396.87,34.87,41716
-444.14,39.93,41729
-447.21,38.20,41740
-393.83,31.21,41752
-356.36,28.67,41763
-389.95,32