v-248706.00,975714.0,2280
-249026.00,976156.0,2292
-249127.00,976436.0,2304
-248603.00,976456.0,2316
-248758.00,976384.0,2327
-249176.00,976085.0,2339
-248864.00,976005.0,2351
-249296.00,975593.0,2363
-249204.00,975345.0,2374
-248956.00,975338.0,2386
-249113.00,975214.0,2398
-249164.00,975541.0,2410
-248949.00,975691.0,2421
-249154.00,975754.0,2434
-248951.00,975760.0,2445
-248676.00,975986.0,2457
-248723.00,976203.0,2468
-248820.00,976017.0,2481
-249247.00,975962.0,2492
-249206.00,975788.0,2504
-248890.00,975384.0,2515
-249042.00,975342.0,2528
-249488.00,975379.0,2539
-249159.00,975430.0,2551
-248696.00,975737.0,2563
-249247.00,976016.0,2575
-248951.00,976152.0,2586
-248943.00,976316.0,2598
-248965.00,976285.0,2610
-248238.00,976023.0,2622
-248631.00,975985.0,2633
-249288.00,975855.0,2646
-249275.00,975819.0,2657
-248617.00,975703.0,2669
-248862.00,975456.0,2680
-249361.00,975446.0,2693
-249229.00,975376.0,2704
-249555.00,975398.0,2715
-248726.00,975852.0,2727
-248251.00,976310.0,2739
-249423.00,976396.0,2751
-248513.00,976325.0,2762
-248575.00,976253.0,2775
-249062.00,975920.0,2786
-249049.00,975720.0,2798
-248986.00,975519.0,2809
-249046.00,975441.0,2822
-248666.00,975382.0,2833
-249003.00,975287.0,2845
-249610.00,975412.0,2856
-249108.00,975510.0,2869
-248670.00,975412.0,2880
-248740.00,975821.0,2892
-248931.00,976063.0,2904
-249395.00,976323.0,2916
-249174.00,976292.0,2927
-248526.00,975962.0,2939
-248620.00,975897.0,2951
-249251.00,975755.0,2963
-249320.00,975717.0,2974
-248856.00,975662.0,2987
-248745.00,975536.0,2998
-249134.00,975579.0,3010
-249400.00,975684.0,3021
-249055.00,975875.0,3034
-248483.00,975998.0,3045
-249039.00,975988.0,3057
-249272.00,976007.0,3068
-248785.00,975991.0,3081
-248757.00,976222.0,3092
-248663.00,976176.0,3104
-248728.00,975946.0,3116
-249187.00,975756.0,3128
-248944.00,975653.0,3139
-248378.00,975459.0,3151
-249573.00,975345.0,3163
-249781.00,975607.0,3175
-248590.00,975918.0,3186
-248720.00,975997.0,3198
-248874.00,975976.0,3210
-249035.00,975868.0,3222
-249638.00,975887.0,3233
-248690.00,975574.0,3246
-247778.00,975673.0,3257
-249236.00,975691.0,3269
-250122.00,975702.0,3280
-248849.00,975710.0,3293
-248369.00,975573.0,3304
-249010.00,975698.0,3316
-249055.00,975872.0,3328
-249373.00,975765.0,3340
-249455.00,975865.0,3351
-248629.00,976005.0,3363
-248256.00,976100.0,3375
-249531.00,976108.0,3387
-249858.00,975917.0,3398
-248184.00,975807.0,3410
-248486.00,975710.0,3422
-249593.00,975724.0,3434
-249169.00,975779.0,3445
-249158.00,975823.0,3458
-248881.00,975834.0,3469
-248529.00,975918.0,3481
-249226.00,975986.0,3492
-249615.00,976080.0,3505
-248987.00,976110.0,3516
-248653.00,976130.0,3528
-249481.00,976101.0,3539
-249217.00,976050.0,3552
-248607.00,975787.0,3563
-248849.00,975529.0,3575
-249019.00,975408.0,3587
-249158.00,975419.0,3599
-249572.00,975353.0,3610
-249011.00,975585.0,3622
-248435.00,975852.0,3634
-249303.00,976026.0,3646
-249502.00,976085.0,3657
-248539.00,976118.0,3668
-248373.00,975896.0,3681
-249036.00,975987.0,3692
-249411.00,975956.0,3704
-249162.00,975669.0,3716
-248696.00,975640.0,3728
-248611.00,975370.0,3739
-249128.00,975427.0,3751
-249655.00,975643.0,3763
-249240.00,975649.0,3775
-248700.00,975816.0,3786
-248688.00,975812.0,3799
-248977.00,975911.0,3810
-249165.00,976063.0,3822
-248897.00,976126.0,3833
-248669.00,976180.0,3846
-248706.00,976143.0,3857
-249071.00,976088.0,3869
-249423.00,975815.0,3880
-249095.00,975657.0,3893
-248196.00,975592.0,3904
-249802.00,975649.0,3916
-249525.00,975860.0,3928
-248781.00,975674.0,3940
-248739.00,975552.0,3951
-249088.00,975761.0,3963
-248775.00,975928.0,3975
-249090.00,975853.0,3987
-248794.00,975990.0,3998
-248244.00,976025.0,4011
-249410.00,975940.0,4022
-249709.00,975682.0,4034
-248669.00,975415.0,4045
-248499.00,975491.0,4058
-248940.00,975504.0,4069
-249517.00,975537.0,4081
-249454.00,975778.0,4092
-249030.00,975846.0,4105
-248709.00,975962.0,4116
-248577.00,975944.0,4128
-249006.00,976044.0,4140
-249094.00,976084.0,4152
-248956.00,975853.0,4163
-248696.00,975866.0,4175
-249209.00,975822.0,4187
-249669.00,975579.0,4199
-248784.00,975449.0,4210
-248731.00,975313.0,4222
-248908.00,975598.0,4234
-249199.00,975867.0,4246
-249029.00,976103.0,4257
-248864.00,976197.0,4270
-248926.00,976214.0,4281
-248175.00,976406.0,4293
-249709.00,976093.0,4304
-248058.00,975915.0,4317
-248976.00,975631.0,4328
-249339.00,975192.0,4340
-248987.00,975319.0,4352
-249775.00,975487.0,4364
-249451.00,975357.0,4375
-248490.00,975586.0,4387
-248648.00,975835.0,4399
-249367.00,976092.0,4411
-249062.00,976353.0,4422
-248607.00,976223.0,4434
-248671.00,976006.0,4446
-248792.00,975974.0,4458
-249058.00,975877.0,4469
-249330.00,975592.0,4482
-249003.00,975502.0,4493
-248375.00,975415.0,4505
-249525.00,975375.0,4516
-250142.00,975410.0,4529
-248438.00,975514.0,4540
-248795.00,975822.0,4552
-249386.00,976249.0,4563
-248492.00,976381.0,4576
-248989.00,976371.0,4587
-249018.00,976199.0,4598
-248410.00,975875.0,4611
-248879.00,975688.0,4622
-249343.00,975521.0,4634
-249499.00,975461.0,4645
-248314.00,975329.0,4658
-248720.00,975439.0,4669
-249949.00,975684.0,4681
-248579.00,975740.0,4692
-249375.00,975811.0,4705
-248675.00,976047.0,4716
-248594.00,976078.0,4728
-249434.00,976095.0,4740
-248696.00,975974.0,4752
-248214.00,975812.0,4763
-249707.00,975500.0,4775
-249042.00,975363.0,4787
-248780.00,975280.0,4799
-249496.00,975474.0,4810
-249287.00,975439.0,4823
-248939.00,975335.0,4834
-248755.00,975735.0,4846
-248898.00,976127.0,4857
-248481.00,976355.0,4870
-249052.00,976450.0,4881
-249643.00,976367.0,4893
-248223.00,975935.0,4904
-248304.00,975750.0,4917
-249803.00,975618.0,4928
-249551.00,975417.0,4940
-249063.00,975232.0,4952
-249268.00,975125.0,4964
-249149.00,975346.0,4975
-249288.00,975673.0,4987
-249605.00,975968.0,4999
-248865.00,976118.0,5011
-248334.00,976228.0,5022
-248937.00,976172.0,5035
-249107.00,976326.0,5046
-248731.00,976267.0,5058
-248643.00,975870.0,5069
-249009.00,975455.0,5082
-249193.00,975392.0,5093
-249290.00,975180.0,5105
-249085.00,975022.0,5116
-248720.00,975208.0,5129
-249413.00,975560.0,5140
-249193.00,975910.0,5152
-248787.00,976042.0,5164
-248657.00,976121.0,5176
-248645.00,976134.0,5187
-249228.00,976028.0,5199
-248640.00,975988.0,5211
-248836.00,975771.0,5223
-249431.00,975462.0,5234
-249021.00,975296.0,5246
-249594.00,975146.0,5258
-249161.00,975247.0,5270
-248780.00,975277.0,5281
-249553.00,975576.0,5294
-249082.00,975896.0,5305
-248812.00,976183.0,5317
-248861.00,976373.0,5328
-248550.00,976406.0,5341
-248854.00,976374.0,5352
-248880.00,976043.0,5364
-248871.00,975640.0,5376
-249084.00,975385.0,5388
-249309.00,975197.0,5399
-249521.00,975170.0,5411
-249227.00,975286.0,5423
-248893.00,975607.0,5435
-248980.00,975834.0,5446
-249554.00,976034.0,5458
-248739.00,976196.0,5470
-248179.00,976150.0,5482
-248615.00,976382.0,5493
-249492.00,976214.0,5505
-248991.00,975719.0,5517
-248599.00,975308.0,5528
-249205.00,975253.0,5540
-249268.00,975380.0,5552
-249773.00,975353.0,5564
-249069.00,975244.0,5575
-248366.00,975473.0,5587
-249151.00,975696.0,5599
-249208.00,975790.0,5611
-248871.00,975996.0,5622
-248396.00,976168.0,5635
-248197.00,976100.0,5646
-249176.00,975993.0,5658
-249530.00,975628.0,5669
-249124.00,975304.0,5682
-248909.00,975337.0,5693
-248906.00,975288.0,5705
-249135.00,975516.0,5716
-249643.00,975578.0,5729
-249207.00,975623.0,5740
-248496.00,976062.0,5752
-248831.00,976251.0,5764
-248656.00,976316.0,5776
-249136.00,976272.0,5787
-249390.00,976023.0,5799
-247950.00,975804.0,5811
-248862.00,975700.0,5823
-249711.00,975599.0,5834
-248910.00,975493.0,5847
-249450.00,975347.0,5858
-249183.00,975389.0,5870
-249498.00,975721.0,5881
-248997.00,975991.0,5894
-248794.00,976132.0,5905
-248831.00,976242.0,5917
-248657.00,976132.0,5928
-249142.00,976053.0,5941
-249098.00,976028.0,5952
-248287.00,975686.0,5964
-249163.00,975560.0,5976
-249500.00,975633.0,5988
-249063.00,975208.0,5999
-249467.00,975102.0,6011
-248650.00,975344.0,6023
-248902.00,975814.0,6035
-249475.00,975918.0,6046
-248762.00,976018.0,6059
-248968.00,976348.0,6070
-248146.00,976243.0,6082
-248938.00,976069.0,6093
-249443.00,975908.0,6106
-248694.00,975792.0,6117
-249021.00,975576.0,6129
-249276.00,975431.0,6140
-249222.00,975350.0,6153
-249374.00,975278.0,6164
-249208.00,975378.0,6176
-248501.00,975629.0,6188
-249035.00,975894.0,6200
-249735.00,976111.0,6211
-248585.00,976295.0,6223
-248234.00,976350.0,6235
-248731.00,976381.0,6247
-249062.00,976212.0,6258
-249193.00,975812.0,6270
-248753.00,975457.0,6282
-248749.00,975282.0,6294
-249965.00,974985.0,6305
-249674.00,975102.0,6318
-248133.00,975283.0,6329
-248742.00,975573.0,6341
-249286.00,976009.0,6352
-249392.00,976292.0,6365
-248863.00,976241.0,6376
-248334.00,976159.0,6388
-248751.00,975926.0,6400
-248809.00,975984.0,6412
-249721.00,975813.0,6423
-249179.00,975465.0,6434
-248152.00,975331.0,6447
-249478.00,975241.0,6458
-249744.00,975544.0,6470
-248882.00,975710.0,6481
-248719.00,975948.0,6494
-248482.00,976305.0,6505
-248717.00,976609.0,6517
-249353.00,976681.0,6529
-248865.00,976468.0,6541
-248273.00,976181.0,6552
-248685.00,975751.0,6564
-249256.00,975380.0,6576
-249712.00,975305.0,6588
-249177.00,975151.0,6599
-248339.00,975151.0,6611
-249420.00,975375.0,6623
-249669.00,975660.0,6635
-248973.00,975946.0,6646
-249154.00,976156.0,6659
-248436.00,976447.0,6670
-249315.00,976577.0,6682
-249166.00,976261.0,6693
-248609.00,975960.0,6706
-248547.00,975630.0,6717
-249293.00,975034.0,6729
-249440.00,974792.0,6740
-249413.00,975086.0,6753
-249029.00,975094.0,6764
-248854.00,975243.0,6776
-249761.00,975801.0,6788
-249378.00,976127.0,6800
-248356.00,976226.0,6811
-247987.00,976317.0,6823
-248819.00,976313.0,6835
-249442.00,976357.0,6847
-248770.00,975683.0,6858
-249160.00,975444.0,6871
-248858.00,975204.0,6882
-248907.00,975137.0,6894
-250283.00,975004.0,6905
-249649.00,975171.0,6918
-248633.00,975636.0,6929
-248577.00,976026.0,6941
-248955.00,976533.0,6952
-249363.00,976674.0,6965
-248725.00,976460.0,6976
-248174.00,976459.0,6988
-248329.00,976274.0,7000
-249350.00,975964.0,7012
-249095.00,975418.0,7023
-249262.00,975185.0,7035
-249368.00,974980.0,7047
-250136.00,974976.0,7059
-249573.00,975133.0,7070
-248304.00,975495.0,7083
-248839.00,976152.0,7094
-248867.00,976491.0,7106
-249076.00,976468.0,7117
-248486.00,976562.0,7130
-248240.00,976451.0,7141
-248622.00,976099.0,7153
-248799.00,975571.0,7164
-249887.00,974969.0,7177
-249422.00,974708.0,7188
-248606.00,974705.0,7200
-249265.00,975140.0,7212
-249685.00,975537.0,7224
-249181.00,976022.0,7235
-248268.00,976303.0,7247
-248517.00,976532.0,7259
-248792.00,976677.0,7271
-248810.00,976472.0,7282
-248740.00,976244.0,7294
-248019.00,975766.0,7306
-249034.00,975424.0,7318
-249613.00,975017.0,7329
-249265.00,974891.0,7341
-249584.00,974912.0,7353
-248933.00,975083.0,7364
-249045.00,975469.0,7376
-249109.00,975975.0,7388
-248939.00,976394.0,7400
-249134.00,976529.0,7411
-247983.00,976636.0,7424
-248264.00,976757.0,7435
-248880.00,976296.0,7447
-248818.00,975653.0,7458
-249098.00,975072.0,7471
-249482.00,974811.0,7482
-249570.00,974718.0,7494
-249260.00,974847.0,7505
-248981.00,975176.0,7518
-249254.00,975506.0,7529
-248804.00,976155.0,7541
-248702.00,976541.0,7553
-248988.00,976669.0,7565
-248276.00,976728.0,7576
-248722.00,976348.0,7588
-249383.00,975776.0,7600
-248878.00,975487.0,7612
-249090.00,975247.0,7623
-249450.00,974677.0,7635
-249537.00,974626.0,7647
-249091.00,974783.0,7659
-248685.00,975306.0,7670
-249077.00,975854.0,7683
-249176.00,976184.0,7694
-248711.00,976775.0,7706
-248695.00,976804.0,7717
-248208.00,976594.0,7730
-248775.00,976231.0,7741
-249456.00,975901.0,7753
-248440.00,975583.0,7764
-248691.00,975413.0,7777
-249394.00,975290.0,7788
-249629.00,974990.0,7800
-249493.00,975050.0,7812
-249245.00,975675.0,7824
-248702.00,976226.0,7835
-249067.00,976739.0,7847
-248981.00,976696.0,7859
-248419.00,976513.0,7871
-248175.00,976376.0,7882
-248853.00,976022.0,7895
-249332.00,975600.0,7906
-249291.00,975121.0,7918
-249441.00,974890.0,7929
-249158.00,974911.0,7942
-249195.00,975160.0,7953
-249586.00,975504.0,7965
-249121.00,975889.0,7976
-248380.00,976396.0,7989
-248734.00,976514.0,8000
-249257.00,976725.0,8012
-248626.00,976644.0,8024
-248268.00,976263.0,8036
-248981.00,975866.0,8047
-249078.00,975370.0,8059
-249341.00,975055.0,8071
-249847.00,974775.0,8083
-248927.00,975002.0,8094
-248687.00,975231.0,8107
-249716.00,975510.0,8118
-249489.00,975829.0,8130
-248549.00,976173.0,8141
-248649.00,976622.0,8154
-248819.00,976664.0,8165
-249071.00,976514.0,8177
-248782.00,976135.0,8188
-248478.00,975721.0,8201
-248884.00,975456.0,8212
-249094.00,975195.0,8224
-249682.00,974977.0,8236
-248706.00,975025.0,8248
-249258.00,975269.0,8259
-249019.00,975652.0,8271
-248587.00,976007.0,8283
-249183.00,976374.0,8294
-248499.00,976537.0,8306
-248373.00,976601.0,8317
-249226.00,976327.0,8330
-249068.00,975965.0,8341
-248453.00,975774.0,8353
-248677.00,975424.0,8365
-249862.00,975131.0,8377
-249895.00,975097.0,8388
-248864.00,975137.0,8400
-249040.00,975272.0,8412
-249622.00,975706.0,8424
-248823.00,975928.0,8435
-248586.00,976323.0,8448
-248795.00,976543.0,8459
-248210.00,976431.0,8471
-248900.00,976086.0,8482
-249594.00,975940.0,8495
-248632.00,975580.0,8506
-248739.00,975228.0,8518
-249330.00,975159.0,8529
-249543.00,975006.0,8542
-249480.00,975191.0,8553
-248812.00,975307.0,8565
-249271.00,975729.0,8577
-249247.00,976301.0,8589
-248622.00,976630.0,8600
-249026.00,976574.0,8612
-248199.00,976437.0,8624
-249329.00,976300.0,8636
-249158.00,975859.0,8647
-248832.00,975353.0,8659
-249160.00,975146.0,8671
-249345.00,975011.0,8683
-249292.00,975174.0,8694
-249300.00,975141.0,8707
-248685.00,975448.0,8718
-248592.00,975796.0,8730
-249377.00,976080.0,8741
-249167.00,976469.0,8754
-248438.00,976385.0,8765
-248257.00,976387.0,8777
-248739.00,976095.0,8788
-249235.00,975788.0,8801
-248897.00,975395.0,8812
-249392.00,975117.0,8824
-249424.00,975275.0,8836
-248658.00,975347.0,8848
-249705.00,975437.0,8859
-249600.00,975668.0,8871
-248454.00,976172.0,8883
-248708.00,976546.0,8895
-248971.00,976493.0,8906
-249002.00,976502.0,8919
-248668.00,976383.0,8930
-248606.00,975843.0,8942
-249110.00,975521.0,8953
-248822.00,975421.0,8966
-249599.00,975199.0,8977
-249885.00,975120.0,8989
-248437.00,975127.0,9000
-248901.00,975710.0,9013
-248643.00,976153.0,9024
-248441.00,976398.0,9036
-248733.00,976453.0,9048
-248463.00,976594.0,9060
-249091.00,976389.0,9071
-249259.00,976040.0,9083
-249000.00,975757.0,9095
-248560.00,975283.0,9107
-248816.00,975063.0,9118
-249713.00,975090.0,9131
-248981.00,975120.0,9142
-248920.00,975272.0,9154
-249582.00,975828.0,9165
-248827.00,976020.0,9178
-248556.00,976137.0,9189
-248688.00,976430.0,9201
-248451.00,976491.0,9212
-249257.00,976325.0,9224
-249340.00,976049.0,9236
-248685.00,975729.0,9247
-249109.00,975333.0,9260
-248966.00,975124.0,9271
-249288.00,975219.0,9283
-249395.00,975510.0,9294
-248675.00,975637.0,9307
-249253.00,975901.0,9318
-248996.00,976396.0,9330
-248412.00,976434.0,9341
-249421.00,976533.0,9354
-248751.00,976348.0,9365
-248053.00,976120.0,9377
-249426.00,975838.0,9389
-249257.00,975422.0,9401
-249510.00,975257.0,9412
-249176.00,975035.0,9424
-249205.00,975096.0,9436
-249314.00,975325.0,9448
-248943.00,975571.0,9459
-249216.00,975868.0,9472
-248598.00,976170.0,9483
-248943.00,976414.0,9495
-249720.00,976510.0,9506
-248039.00,976576.0,9519
-248234.00,976472.0,9530
-249476.00,975926.0,9542
-249005.00,975346.0,9553
-249425.00,975035.0,9566
-249269.00,975007.0,9577
-248826.00,975234.0,9589
-249296.00,975487.0,9601
-248894.00,975653.0,9613
-248761.00,976075.0,9624
-249149.00,976426.0,9636
-248457.00,976550.0,9648
-248859.00,976331.0,9660
-249424.00,976000.0,9671
-248628.00,975786.0,9683
-249104.00,975673.0,9695
-249263.00,975240.0,9707
-248779.00,975264.0,9718
-249424.00,975368.0,9731
-248947.00,975378.0,9742
-249371.00,975532.0,9754
-249385.00,975863.0,9765
-248364.00,976150.0,9778
-248915.00,976296.0,9789
-248687.00,976590.0,9801
-249278.00,976465.0,9812
-249014.00,976082.0,9825
-249007.00,975678.0,9836
-249347.00,975415.0,9848
-249028.00,975189.0,9860
-249344.00,975115.0,9872
-249326.00,975493.0,9883
-248907.00,975722.0,9895
-249018.00,975745.0,9907
-248957.00,976070.0,9919
-249093.00,976380.0,9930
-248814.00,976358.0,9943
-248499.00,976156.0,9954
-248986.00,976003.0,9966
-248915.00,975823.0,9977
-249141.00,975674.0,9990
-249302.00,975447.0,10001
-248832.00,975108.0,10013
-249461.00,974967.0,10024
-249679.00,975070.0,10037
-248783.00,975415.0,10048
-249020.00,975807.0,10060
-249012.00,976345.0,10072
-248498.00,976626.0,10084
-249338.00,976575.0,10095
-248316.00,976273.0,10107
-247606.00,976018.0,10119
-249671.00,975818.0,10130
-249338.00,975399.0,10142
-248635.00,975225.0,10153
-249235.00,975178.0,10166
-249055.00,975167.0,10177
-249649.00,975575.0,10189
-248331.00,975681.0,10201
-248957.00,975890.0,10213
-248816.00,976300.0,10224
-248493.00,976607.0,10236
-248947.00,976789.0,10248
-248535.00,976449.0,10260
-248556.00,976025.0,10271
-249202.00,975308.0,10284
-249227.00,975112.0,10295
-249303.00,974935.0,10307
-249267.00,974979.0,10318
-248835.00,975220.0,10331
-249440.00,975489.0,10342
-248850.00,975829.0,10354
-248628.00,976196.0,10365
-249216.00,976380.0,10378
-248007.00,976361.0,10389
-248680.00,976238.0,10401
-249473.00,976147.0,10413
-248365.00,975856.0,10425
-248794.00,975650.0,10436
-249136.00,975547.0,10448
-248945.00,975224.0,10460
-249322.00,974955.0,10472
-249421.00,975019.0,10483
-249041.00,975391.0,10496
-249130.00,975833.0,10507
-248950.00,976336.0,10519
-248315.00,976780.0,10530
-248694.00,976564.0,10543
-248629.00,976323.0,10554
-248869.00,976057.0,10566
-249016.00,975668.0,10577
-249378.00,975475.0,10590
-249013.00,975326.0,10601
-248845.00,975152.0,10613
-249556.00,975244.0,10625
-249141.00,975471.0,10637
-249345.00,975706.0,10648
-248934.00,975896.0,10660
-248315.00,976103.0,10672
-248543.00,976382.0,10684
-248740.00,976611.0,10695
-248808.00,976281.0,10707
-248973.00,975992.0,10719
-248815.00,975712.0,10731
-248776.00,975454.0,10742
-249496.00,975225.0,10755
-249445.00,974993.0,10766
-249116.00,974920.0,10778
-249260.00,975117.0,10789
-248954.00,975707.0,10802
-248803.00,976237.0,10813
-249161.00,976567.0,10825
-248690.00,976591.0,10836
-248370.00,976543.0,10849
-248566.00,976243.0,10860
-249168.00,975889.0,10872
-249071.00,975683.0,10884
-248572.00,975173.0,10896
-249170.00,975100.0,10907
-249299.00,975241.0,10919
-248899.00,975362.0,10931
-249572.00,975456.0,10943
-249024.00,975817.0,10954
-248505.00,976171.0,10967
-249629.00,976387.0,10978
-248258.00,976488.0,10990
-249234.00,976336.0,11001
-248394.00,976286.0,11014
-248102.00,976087.0,11025
-249702.00,975856.0,11037
-249914.00,975424.0,11048
-248947.00,975026.0,11060
-248839.00,975038.0,11072
-249457.00,975215.0,11083
-249319.00,975489.0,11096
-249064.00,975802.0,11107
-249358.00,976159.0,11119
-248485.00,976264.0,11130
-248150.00,976206.0,11143
-249372.00,976231.0,11154
-249162.00,976101.0,11166
-248028.00,975922.0,11177
-248483.00,975569.0,11190
-249475.00,975265.0,11201
-249649.00,975185.0,11213
-249740.00,975060.0,11225
-249115.00,975186.0,11237
-248479.00,975710.0,11248
-248985.00,975845.0,11260
-249690.00,976012.0,11272
-248847.00,976368.0,11284
-247580.00,976725.0,11295
-248657.00,976595.0,11308
-249544.00,976110.0,11319
-248693.00,975783.0,11331
-249215.00,975429.0,11342
-249091.00,975380.0,11355
-248270.00,975344.0,11366
-249725.00,975376.0,11378
-248903.00,975522.0,11389
-248946.00,975505.0,11402
-249084.00,975779.0,11413
-249005.00,975872.0,11425
-248470.00,976254.0,11437
-248800.00,976417.0,11449
-248879.00,976229.0,11460
-248499.00,976115.0,11472
-249739.00,975839.0,11484
-249454.00,975598.0,11496
-248501.00,975334.0,11507
-249054.00,975189.0,11520
-249535.00,975529.0,11531
-249187.00,975677.0,11543
-248771.00,975901.0,11554
-249259.00,976077.0,11567
-248943.00,976079.0,11578
-248625.00,976013.0,11590
-249290.00,976159.0,11601
-248937.00,976212.0,11614
-248436.00,976021.0,11625
-248760.00,975902.0,11637
-249176.00,975614.0,11649
-249216.00,975497.0,11661
-249247.00,975257.0,11672
-249245.00,975253.0,11684
-249044.00,975508.0,11696
-248893.00,975666.0,11708
-248706.00,975857.0,11719
-249218.00,976237.0,11731
-248952.00,976466.0,11743
-248551.00,976554.0,11755
-248415.00,976325.0,11766
-248863.00,976163.0,11779
-249241.00,975777.0,11790
-248941.00,975246.0,11802
-249066.00,975307.0,11813
-249141.00,975240.0,11826
-249440.00,975626.0,11837
-249536.00,975953.0,11849
-248507.00,975980.0,11860
-248473.00,975995.0,11873
-248823.00,976205.0,11884
-248511.00,976281.0,11896
-249076.00,976198.0,11908
-249353.00,975906.0,11920
-248689.00,975718.0,11931
-248933.00,975367.0,11943
-249349.00,975286.0,11955
-249097.00,975290.0,11967
-248971.00,975628.0,11978
-249111.00,975489.0,11991
-249183.00,975516.0,12002
-249021.00,975838.0,12013
-248756.00,975952.0,12025
-248943.00,976209.0,12037
-248431.00,976326.0,12049
-248930.00,976210.0,12060
-249644.00,975782.0,12072
-248445.00,975603.0,12084
-248558.00,975640.0,12096
-249234.00,975685.0,12107
-249018.00,975652.0,12120
-249397.00,975520.0,12131
-249267.00,975371.0,12143
-248628.00,975605.0,12154
-249552.00,975683.0,12167
-249025.00,975980.0,12178
-248212.00,976101.0,12190
-248664.00,976406.0,12201
-248872.00,976197.0,12214
-248761.00,976073.0,12225
-249076.00,975891.0,12237
-249271.00,975523.0,12249
-249076.00,975073.0,12261
-248989.00,975299.0,12272
-249407.00,975537.0,12284
-249090.00,975594.0,12296
-249014.00,975555.0,12308
-249161.00,975690.0,12319
-248545.00,975694.0,12332
-249029.00,975749.0,12343
-248904.00,976070.0,12355
-248705.00,976325.0,12366
-249064.00,976143.0,12379
-248817.00,976012.0,12390
-249106.00,975755.0,12402
-248880.00,975473.0,12413
-248892.00,975404.0,12426
-249554.00,975597.0,12437
-249220.00,975895.0,12449
-249055.00,975806.0,12461
-248984.00,975738.0,12473
-248473.00,975932.0,12484
-248376.00,976228.0,12496
-249321.00,976425.0,12508
-249724.00,976276.0,12520
-248682.00,975872.0,12531
-248648.00,975633.0,12544
-248976.00,975627.0,12555
-249220.00,975293.0,12567
-249384.00,975115.0,12578
-248988.00,975242.0,12591
-249164.00,975418.0,12602
-249329.00,975820.0,12614
-248528.00,976007.0,12625
-248542.00,976061.0,12638
-248924.00,976110.0,12649
-249012.00,976084.0,12661
-249111.00,975918.0,12673
-248661.00,975735.0,12685
-248780.00,975513.0,12696
-249449.00,975381.0,12708
-249535.00,975361.0,12720
-249607.00,975422.0,12732
-248698.00,975541.0,12743
-248552.00,975819.0,12755
-249502.00,975888.0,12767
-248954.00,976008.0,12779
-248832.00,975991.0,12790
-248651.00,975818.0,12803
-248145.00,975961.0,12814
-249464.00,975914.0,12826
-249574.00,976055.0,12837
-248733.00,975862.0,12850
-249083.00,975408.0,12861
-249038.00,975406.0,12873
-249401.00,975288.0,12884
-249415.00,975376.0,12897
-248694.00,975619.0,12908
-248760.00,975957.0,12919
-249249.00,976315.0,12932
-248688.00,976554.0,12943
-248270.00,976574.0,12955
-248846.00,976260.0,12966
-248940.00,975954.0,12979
-249277.00,975591.0,12990
-249202.00,975229.0,13002
-248523.00,975203.0,13014
-249338.00,975036.0,13026
-250126.00,975295.0,13037
-249092.00,975416.0,13049
-248469.00,975541.0,13061
-248970.00,975788.0,13073
-249171.00,976289.0,13084
-248796.00,976525.0,13096
-249024.00,976378.0,13108
-248908.00,976311.0,13120
-247893.00,976016.0,13131
-248709.00,975827.0,13144
-250211.00,975339.0,13155
-249114.00,974971.0,13167
-248449.00,975087.0,13178
-249716.00,975125.0,13191
-249422.00,975445.0,13202
-248373.00,975917.0,13214
-249023.00,976161.0,13225
-248961.00,976600.0,13238
-248375.00,976750.0,13249
-249193.00,976565.0,13261
-248928.00,976172.0,13273
-248360.00,975997.0,13285
-248750.00,975586.0,13296
-249588.00,975114.0,13308
-249296.00,974851.0,13320
-248629.00,974920.0,13332
-249081.00,975187.0,13343
-248840.00,975627.0,13356
-249631.00,975880.0,13367
-248579.00,976230.0,13379
-247867.00,976574.0,13390
-249170.00,976478.0,13403
-249236.00,976314.0,13414
-248198.00,976141.0,13426
-248784.00,975705.0,13437
-249352.00,975311.0,13450
-249326.00,975231.0,13461
-249419.00,975126.0,13473
-249266.00,975174.0,13485
-249257.00,975294.0,13497
-249151.00,975669.0,13508
-249002.00,976002.0,13520
-249002.00,976276.0,13532
-248709.00,976487.0,13544
-248569.00,976492.0,13555
-248975.00,976414.0,13568
-248898.00,975976.0,13579
-248883.00,975643.0,13591
-248695.00,975478.0,13602
-248683.00,975168.0,13615
-249647.00,975122.0,13626
-249396.00,975332.0,13638
-248897.00,975537.0,13649
-249269.00,975592.0,13662
-249032.00,975955.0,13673
-249175.00,976279.0,13685
-248499.00,976300.0,13697
-248249.00,976384.0,13709
-249071.00,976293.0,13720
-248910.00,975971.0,13732
-248946.00,975508.0,13744
-248989.00,975382.0,13756
-248742.00,975157.0,13767
-249154.00,975087.0,13779
-250034.00,975130.0,13791
-248819.00,975227.0,13802
-248678.00,975613.0,13814
-248986.00,975947.0,13826
-248747.00,976300.0,13838
-248545.00,976570.0,13849
-248419.00,976440.0,13861
-248857.00,976403.0,13873
-248803.00,976088.0,13885
-249286.00,975627.0,13896
-249225.00,975330.0,13908
-248847.00,975147.0,13920
-249566.00,974991.0,13932
-249510.00,975230.0,13943
-248855.00,975634.0,13956
-248689.00,976022.0,13967
-248939.00,976397.0,13979
-249042.00,976716.0,13990
-248867.00,976571.0,14003
-248501.00,976510.0,14014
-248291.00,976185.0,14026
-248787.00,975712.0,14038
-249382.00,975487.0,14050
-249266.00,975139.0,14061
-248867.00,974987.0,14073
-249420.00,974884.0,14085
-249434.00,975155.0,14097
-248707.00,975831.0,14108
-248792.00,976356.0,14120
-248779.00,976612.0,14132
-248858.00,976588.0,14144
-248923.00,976517.0,14155
-248618.00,976386.0,14168
-248456.00,976032.0,14179
-249060.00,975659.0,14191
-249867.00,975260.0,14202
-248949.00,974864.0,14215
-248701.00,974805.0,14226
-249727.00,975139.0,14238
-249066.00,975526.0,14249
-248653.00,975830.0,14262
-249039.00,976114.0,14273
-248331.00,976423.0,14285
-248542.00,976577.0,14297
-249436.00,976638.0,14309
-248930.00,976359.0,14320
-248497.00,976009.0,14332
-248893.00,975352.0,14344
-249697.00,974978.0,14356
-249318.00,975002.0,14367
-248714.00,975117.0,14380
-249601.00,975462.0,14391
-249098.00,975897.0,14403
-248797.00,976233.0,14414
-249607.00,976321.0,14427
-248288.00,976582.0,14438
-247765.00,976781.0,14450
-249257.00,976562.0,14461
-249266.00,976087.0,14474
-248559.00,975481.0,14485
-249036.00,975106.0,14497
-248816.00,974907.0,14509
-250092.00,975118.0,14521
-249172.00,975156.0,14532
-248652.00,975206.0,14544
-248746.00,975766.0,14556
-249195.00,976318.0,14568
-249213.00,976466.0,14579
-248142.00,976441.0,14592
-248366.00,976244.0,14603
-249058.00,976042.0,14615
-249291.00,975698.0,14626
-249547.00,975356.0,14639
-248957.00,974949.0,14650
-248697.00,974633.0,14662
-249632.00,974716.0,14673
-249724.00,974982.0,14686
-248965.00,975560.0,14697
-248598.00,976150.0,14709
-248778.00,976599.0,14721
-248887.00,976877.0,14733
-248681.00,976699.0,14744
-248415.00,976449.0,14756
-248777.00,976087.0,14768
-248986.00,975708.0,14779
-249229.00,975167.0,14791
-249340.00,974748.0,14802
-248807.00,974712.0,14815
-249125.00,974847.0,14826
-249614.00,975292.0,14838
-249148.00,975689.0,14850
-248742.00,976104.0,14862
-248776.00,976768.0,14873
-248573.00,977019.0,14885
-248327.00,977058.0,14897
-248621.00,976545.0,14909
-248816.00,975902.0,14920
-249513.00,975355.0,14932
-249268.00,974699.0,14944
-249343.00,974509.0,14956
-249747.00,974568.0,14967
-249363.00,974810.0,14980
-249121.00,975418.0,14991
-248986.00,975965.0,15003
-248492.00,976364.0,15014
-248490.00,976498.0,15027
-248521.00,976507.0,15038
-248420.00,976418.0,15050
-248891.00,976253.0,15062
-248919.00,975984.0,15074
-248554.00,975307.0,15085
-249161.00,974937.0,15097
-249317.00,974630.0,15109
-249400.00,974683.0,15121
-249668.00,975248.0,15132
-248758.00,975795.0,15144
-248824.00,975984.0,15156
-249030.00,976448.0,15168
-248600.00,976632.0,15179
-248392.00,976886.0,15192
-248530.00,976840.0,15203
-248852.00,976503.0,15215
-248594.00,975674.0,15226
-249049.00,974976.0,15239
-249196.00,974740.0,15250
-249253.00,974662.0,15262
-249839.00,974805.0,15273
-249680.00,975381.0,15286
-248790.00,975913.0,15297
-249106.00,976272.0,15309
-249386.00,976550.0,15321
-248600.00,976816.0,15333
-247827.00,976516.0,15344
-248478.00,976085.0,15356
-249668.00,975998.0,15368
-249469.00,975547.0,15380
-249166.00,974866.0,15391
-248776.00,974616.0,15404
-248838.00,974914.0,15415
-250100.00,975092.0,15427
-250285.00,975439.0,15438
-248626.00,975939.0,15451
-247561.00,976071.0,15462
-248607.00,976558.0,15474
-249229.00,976950.0,15485
-248490.00,976716.0,15498
-248402.00,976430.0,15509
-248508.00,975951.0,15521
-248846.00,975393.0,15533
-250372.00,974901.0,15545
-249436.00,974666.0,15556
-247691.00,974687.0,15568
-249475.00,974897.0,15580
-250267.00,975523.0,15592
-248841.00,976236.0,15603
-248915.00,976653.0,15616
-248369.00,977018.0,15627
-247816.00,977121.0,15639
-249237.00,976821.0,15650
-249041.00,975998.0,15662
-247732.00,975488.0,15674
-248615.00,975130.0,15685
-249755.00,974870.0,15697
-249282.00,974677.0,15709
-249183.00,974545.0,15721
-249135.00,974995.0,15732
-248656.00,975492.0,15745
-249145.00,975991.0,15756
-248907.00,976603.0,15768
-248106.00,977017.0,15779
-248601.00,976906.0,15792
-248820.00,976663.0,15803
-248815.00,976204.0,15815
-249029.00,975641.0,15826
-249089.00,975224.0,15839
-249201.00,974894.0,15850
-249941.00,974537.0,15862
-249734.00,974756.0,15874
-248863.00,975094.0,15886
-248904.00,975631.0,15897
-248765.00,976110.0,15909
-248735.00,976779.0,15921
-248413.00,977167.0,15933
-248366.00,976910.0,15944
-248906.00,976482.0,15956
-248672.00,975804.0,15968
-248679.00,975204.0,15980
-248815.00,974879.0,15991
-249300.00,974712.0,16004
-249611.00,974639.0,16015
-249628.00,975061.0,16027
-249580.00,975421.0,16038
-248592.00,975830.0,16051
-248903.00,976532.0,16062
-248992.00,977025.0,16074
-248530.00,977150.0,16086
-248975.00,976891.0,16098
-248712.00,976312.0,16109
-248992.00,975835.0,16121
-249315.00,975236.0,16133
-248528.00,974794.0,16145
-249481.00,974751.0,16156
-250256.00,974744.0,16168
-248824.00,974985.0,16180
-248468.00,975568.0,16192
-248627.00,976163.0,16203
-248660.00,976718.0,16216
-248899.00,977028.0,16227
-248715.00,976838.0,16239
-248231.00,976443.0,16250
-247929.00,975831.0,16263
-249096.00,975466.0,16274
-249579.00,975021.0,16286
-249133.00,974734.0,16297
-249379.00,974336.0,16310
-249387.00,974565.0,16321
-249276.00,975266.0,16333
-249763.00,975771.0,16345
-248769.00,976363.0,16357
-247913.00,976769.0,16368
-248745.00,976938.0,16380
-249067.00,976896.0,16392
-248702.00,976692.0,16404
-248606.00,976130.0,16415
-248723.00,975654.0,16428
-249305.00,974985.0,16439
-249825.00,974666.0,16451
-249558.00,974679.0,16462
-248703.00,975108.0,16475
-249533.00,975523.0,16486
-249295.00,975988.0,16498
-248430.00,976305.0,16509
-248317.00,976466.0,16522
-248250.00,976842.0,16533
-248462.00,976599.0,16545
-249576.00,976178.0,16557
-248910.00,975773.0,16569
-248558.00,975190.0,16580
-249763.00,975062.0,16591
-249791.00,975171.0,16604
-248998.00,975394.0,16615
-249069.00,975392.0,16627
-249253.00,975573.0,16638
-249014.00,976163.0,16651
-248951.00,976635.0,16662
-248889.00,976817.0,16674
-248481.00,976795.0,16686
-248001.00,976580.0,16698
-249260.00,976008.0,16709
-249546.00,975438.0,16721
-248384.00,974973.0,16733
-249163.00,974735.0,16745
-249709.00,974956.0,16756
-248863.00,975102.0,16769
-249492.00,975401.0,16780
-249647.00,975815.0,16792
-248338.00,976212.0,16803
-248925.00,976460.0,16816
-249064.00,976778.0,16827
-248200.00,976750.0,16839
-248426.00,976492.0,16850
-248838.00,976036.0,16863
-248231.00,975457.0,16874
-249516.00,974984.0,16886
-250152.00,974675.0,16898
-248649.00,974668.0,16910
-248986.00,974843.0,16921
-249283.00,975233.0,16933
-248402.00,975982.0,16945
-248829.00,976625.0,16957
-248867.00,976887.0,16968
-247893.00,976761.0,16980
-248364.00,976681.0,16992
-249170.00,976234.0,17004
-249207.00,975673.0,17015
-249175.00,975221.0,17028
-248989.00,974709.0,17039
-249550.00,974611.0,17051
-249693.00,974717.0,17062
-249179.00,975035.0,17075
-249220.00,975595.0,17086
-248699.00,976251.0,17098
-248661.00,976942.0,17110
-249050.00,977119.0,17122
-248368.00,977010.0,17133
-248026.00,976625.0,17145
-248831.00,976166.0,17157
-249286.00,975551.0,17169
-249116.00,974906.0,17180
-249367.00,974691.0,17192
-249342.00,974650.0,17204
-249412.00,974818.0,17216
-249418.00,975351.0,17227
-249277.00,975914.0,17240
-248926.00,976492.0,17251
-248353.00,977243.0,17263
-248565.00,977353.0,17274
-248378.00,977022.0,17287
-248742.00,976671.0,17298
-248742.00,975881.0,17310
-248852.00,975135.0,17321
-249793.00,974467.0,17334
-249740.00,974250.0,17345
-249240.00,974621.0,17357
-249247.00,974956.0,17369
-249182.00,975475.0,17381
-248790.00,976286.0,17392
-248232.00,976747.0,17404
-248454.00,977165.0,17416
-248739.00,977163.0,17428
-248954.00,976668.0,17439
-248750.00,976100.0,17452
-248304.00,975328.0,17463
-249007.00,974794.0,17475
-249927.00,974412.0,17486
-249656.00,974353.0,17499
-249064.00,974582.0,17510
-248883.00,975006.0,17521
-249419.00,975713.0,17533
-249432.00,976451.0,17545
-248433.00,977172.0,17557
-247847.00,977346.0,17568
-248333.00,977151.0,17581
-249042.00,976653.0,17592
-248787.00,975889.0,17604
-248640.00,975228.0,17615
-248613.00,974971.0,17628
-249257.00,974680.0,17639
-250031.00,974467.0,17651
-249178.00,974744.0,17662
-248047.00,975267.0,17675
-248939.00,975898.0,17686
-249675.00,976652.0,17698
-248232.00,976984.0,17710
-247681.00,976798.0,17722
-247870.00,976652.0,17733
-248662.00,976328.0,17745
-249960.00,975767.0,17757
-249514.00,975286.0,17769
-248303.00,974844.0,17780
-249068.00,974463.0,17793
-250688.00,974505.0,17804
-249783.00,975023.0,17816
-247973.00,975722.0,17827
-248857.00,976381.0,17840
-249014.00,976916.0,17851
-248359.00,977018.0,17863
-248904.00,976893.0,17874
-247804.00,976561.0,17887
-247616.00,976226.0,17898
-249559.00,975708.0,17910
-249590.00,975003.0,17922
-249042.00,974616.0,17934
-249238.00,974420.0,17945
-249428.00,974712.0,17957
-249299.00,975068.0,17969
-249725.00,975679.0,17981
-249039.00,976442.0,17992
-247592.00,977042.0,18004
-248221.00,977550.0,18016
-249640.00,977415.0,18028
-249153.00,976805.0,18039
-248713.00,975988.0,18052
-249925.00,975231.0,18063
-249161.00,974845.0,18075
-249963.00,974513.0,18086
-249126.00,974271.0,18099
-248319.00,974627.0,18110
-249885.00,975387.0,18122
-249768.00,975851.0,18134
-248379.00,976343.0,18146
-247829.00,977124.0,18157
-248069.00,977208.0,18169
-249074.00,977004.0,18181
-249089.00,976526.0,18193
-248723.00,975684.0,18204
-248952.00,975067.0,18216
-248862.00,974726.0,18228
-249921.00,974412.0,18240
-250499.00,974415.0,18251
-248783.00,974732.0,18264
-248298.00,975350.0,18275
-249460.00,976180.0,18287
-249183.00,976880.0,18298
-248243.00,977140.0,18311
-248947.00,977108.0,18322
-248550.00,976901.0,18334
-247680.00,976540.0,18345
-249054.00,975921.0,18358
-249753.00,975117.0,18369
-249109.00,974598.0,18381
-249244.00,974505.0,18393
-249675.00,974721.0,18405
-249381.00,975341.0,18416
-248769.00,975890.0,18427
-3886.00,976446.0,18440
4194303.00,976964.0,18451
-249130.00,977226.0,18463
-248572.00,976886.0,18475
-247677.00,976373.0,18487
-248609.00,975803.0,18498
-249441.00,975278.0,18510
-249578.00,974806.0,18522
-249717.00,974340.0,18534
-249207.00,974277.0,18545
-248926.00,974480.0,18557
-249412.00,975086.0,18569
-249083.00,975839.0,18581
-248861.00,976790.0,18592
-248335.00,977200.0,18605
-248308.00,977047.0,18616
-248980.00,976875.0,18628
-248225.00,976653.0,18639
-248677.00,976174.0,18652
-249497.00,975392.0,18663
-249381.00,974691.0,18675
-249202.00,974310.0,18686
-249002.00,974545.0,18699
-249468.00,975064.0,18710
-249182.00,975535.0,18722
-249154.00,975980.0,18734
-249162.00,976531.0,18746
-247501.00,976839.0,18757
-247961.00,977108.0,18769
-249524.00,976924.0,18781
-249258.00,976284.0,18793
-248724.00,975479.0,18804
-248660.00,975131.0,18817
-248741.00,974797.0,18828
-250625.00,974618.0,18840
-249416.00,974844.0,18851
-248287.00,975164.0,18864
-248913.00,975686.0,18875
-249102.00,976331.0,18887
-248329.00,976791.0,18898
-247971.00,976993.0,18911
-248483.00,976912.0,18922
-248667.00,976666.0,18934
-248959.00,976063.0,18946
-249571.00,975186.0,18958
-248782.00,974738.0,18969
-248787.00,974615.0,18981
-249734.00,974870.0,18993
-249658.00,975060.0,19005
-249200.00,975271.0,19016
-248372.00,975871.0,19028
-248343.00,976438.0,19040
-248642.00,976900.0,19052
-248751.00,976969.0,19063
-249301.00,976873.0,19076
-248360.00,976484.0,19087
-247755.00,975821.0,19099
-249455.00,975298.0,19110
-250111.00,974852.0,19123
-249188.00,974657.0,19134
-248870.00,974751.0,19146
-249224.00,975234.0,19158
-249091.00,975721.0,19170
-249543.00,976145.0,19181
-249301.00,976748.0,19193
-247717.00,976849.0,19205
-248056.00,976639.0,19217
-248894.00,976552.0,19228
-248807.00,976044.0,19240
-248879.00,975580.0,19252
-249226.00,975137.0,19264
-249151.00,974984.0,19275
-249245.00,974768.0,19288
-249681.00,974697.0,19299
-248845.00,975143.0,19311
-249226.00,975507.0,19322
-249655.00,975859.0,19334
-248045.00,976394.0,19346
-248121.00,976667.0,19357
-249028.00,976586.0,19369
-248796.00,976555.0,19381
-248917.00,976362.0,19393
-249039.00,975783.0,19404
-248761.00,975221.0,19417
-248922.00,974870.0,19428
-249468.00,974757.0,19440
-249508.00,974909.0,19451
-248536.00,975244.0,19464
-248865.00,975801.0,19475
-249941.00,976172.0,19487
-248733.00,976595.0,19499
-247801.00,976790.0,19511
-248837.00,976656.0,19522
-248818.00,976459.0,19534
-248610.00,976378.0,19546
-249161.00,975893.0,19558
-248672.00,975284.0,19569
-249014.00,975029.0,19581
-249817.00,975018.0,19593
-249494.00,975135.0,19605
-248687.00,975573.0,19616
-249045.00,975998.0,19629
-249290.00,976420.0,19640
-249144.00,976438.0,19652
-248269.00,976363.0,19663
-248506.00,976411.0,19676
-248543.00,976221.0,19687
-248968.00,975902.0,19699
-249235.00,975558.0,19710
-248787.00,975188.0,19723
-248702.00,974993.0,19734
-249065.00,974967.0,19746
-249499.00,974966.0,19758
-249049.00,975407.0,19770
-248852.00,975753.0,19781
-248945.00,976209.0,19793
-248646.00,976662.0,19805
-249029.00,976555.0,19817
-248492.00,976551.0,19828
-248191.00,976335.0,19841
-249033.00,976161.0,19852
-249548.00,975672.0,19864
-249282.00,975157.0,19875
-248955.00,974946.0,19888
-249166.00,974876.0,19899
-248994.00,975472.0,19911
-249103.00,975777.0,19922
-249519.00,975976.0,19935
-248660.00,976252.0,19946
-248896.00,976403.0,19958
-248985.00,976309.0,19970
-248071.00,976311.0,19982
-248979.00,976208.0,19993
-249190.00,976020.0,20005
-248681.00,975798.0,20017
-249323.00,975397.0,20029
-249903.00,974754.0,20040
-249104.00,974735.0,20052
-248657.00,975094.0,20064
-248763.00,975617.0,20076
-249184.00,976014.0,20087
-249458.00,976245.0,20100
-248568.00,976395.0,20111
-248038.00,976429.0,20123
-248605.00,976474.0,20134
-248801.00,976395.0,20147
-249078.00,975951.0,20158
-249280.00,975477.0,20170
-248577.00,975104.0,20182
-248862.00,974959.0,20194
-250112.00,975090.0,20205
-249429.00,975334.0,20216
-248156.00,975742.0,20229
-248682.00,976118.0,20240
-248796.00,976572.0,20252
-249151.00,976801.0,20263
-249211.00,976781.0,20276
-248352.00,976516.0,20287
-248265.00,976114.0,20299
-248733.00,975819.0,20311
-250018.00,975241.0,20323
-249685.00,974942.0,20334
-248064.00,975169.0,20346
-248941.00,975383.0,20358
-249673.00,975716.0,20370
-249429.00,976082.0,20381
-249633.00,976360.0,20393
-247827.00,976464.0,20405
-249215.00,976542.0,20417
-249356.00,976199.0,20428
-248584.00,975830.0,20441
-247874.00,975734.0,20452
-248745.00,975425.0,20464
-249753.00,975085.0,20475
-249643.00,975059.0,20488
-249120.00,975152.0,20499
-248641.00,975300.0,20511
-248715.00,975651.0,20523
-250040.00,976083.0,20535
-249530.00,976375.0,20546
-247352.00,976275.0,20558
-248280.00,976403.0,20570
-249441.00,976451.0,20582
-249161.00,976265.0,20593
-249210.00,975650.0,20605
-248342.00,975180.0,20617
-248920.00,975066.0,20629
-250497.00,975029.0,20640
-249561.00,975214.0,20653
-248216.00,975497.0,20664
-248200.00,975974.0,20676
-249482.00,976537.0,20687
-250110.00,976671.0,20700
-248421.00,976473.0,20711
-247876.00,976293.0,20723
-248688.00,976239.0,20734
-248487.00,975916.0,20747
-249795.00,975520.0,20758
-249542.00,975359.0,20770
-247920.00,975224.0,20782
-249266.00,975075.0,20794
-249193.00,975315.0,20805
-248192.00,975556.0,20817
-249060.00,975774.0,20829
-249057.00,976153.0,20841
-248370.00,976661.0,20852
-249100.00,976729.0,20865
-248583.00,976386.0,20876
-247717.00,976191.0,20888
-249362.00,975937.0,20899
-250545.00,975428.0,20912
-248522.00,974869.0,20923
-248066.00,974603.0,20935
-249550.00,974883.0,20946
-249500.00,975324.0,20959
-249575.00,975819.0,20970
-249165.00,976115.0,20982
-248301.00,976225.0,20994
-248302.00,976641.0,21006
-248981.00,976676.0,21017
-249671.00,976400.0,21029
-248125.00,976037.0,21041
-247819.00,975658.0,21053
-249457.00,975411.0,21064
-249952.00,974996.0,21076
-249539.00,974907.0,21088
-248778.00,975112.0,21100
-248862.00,975679.0,21111
-249615.00,975973.0,21124
-249183.00,976141.0,21135
-248784.00,976575.0,21146
-248304.00,976509.0,21158
-247864.00,976566.0,21170
-249195.00,976375.0,21182
-248236.00,976051.0,21193
-248456.00,975541.0,21206
-249748.00,975153.0,21217
-249553.00,975232.0,21229
-249438.00,975167.0,21240
-248967.00,975291.0,21253
-248064.00,975633.0,21264
-248983.00,975902.0,21276
-249082.00,976247.0,21287
-248625.00,976442.0,21300
-248654.00,976437.0,21311
-248700.00,975971.0,21323
-249344.00,975659.0,21335
-248919.00,975577.0,21347
-248382.00,975356.0,21358
-249263.00,975430.0,21370
-249226.00,975453.0,21382
-249387.00,975465.0,21394
-249393.00,975728.0,21405
-248619.00,975859.0,21417
-249023.00,975975.0,21429
-249536.00,975983.0,21441
-248999.00,976120.0,21452
-248418.00,976277.0,21465
-248933.00,976124.0,21476
-249198.00,976102.0,21488
-248990.00,975749.0,21499
-248858.00,975474.0,21512
-248954.00,975355.0,21523
-249287.00,975493.0,21535
-249105.00,975685.0,21547
-249334.00,975765.0,21559
-249075.00,976239.0,21570
-249077.00,976356.0,21582
-249332.00,976186.0,21594
-248648.00,976118.0,21606
-248308.00,975919.0,21617
-248716.00,975728.0,21629
-249261.00,975704.0,21641
-249106.00,975674.0,21653
-249217.00,975492.0,21664
-248939.00,975232.0,21677
-248691.00,975174.0,21688
-249053.00,975575.0,21700
-249166.00,975879.0,21711
-249118.00,975569.0,21724
-248375.00,975641.0,21735
-248553.00,975853.0,21747
-249137.00,975951.0,21758
-249125.00,976058.0,21771
-249161.00,976020.0,21782
-248495.00,975973.0,21794
-248438.00,975886.0,21806
-249615.00,975982.0,21818
-249511.00,975773.0,21829
-248728.00,975467.0,21841
-248717.00,975632.0,21853
-248717.00,975931.0,21865
-249170.00,975863.0,21876
-249858.00,975840.0,21889
-248429.00,976114.0,21900
-248174.00,976198.0,21912
-249212.00,976063.0,21923
-249101.00,976028.0,21936
-249230.00,975853.0,21947
-248783.00,975700.0,21959
-248271.00,975903.0,21970
-249572.00,975757.0,21983
-249366.00,975746.0,21994
-248669.00,975848.0,22006
-248660.00,975564.0,22018
-249174.00,975677.0,22029
-248870.00,975832.0,22041
-248878.00,975959.0,22052
-248521.00,975857.0,22065
-248337.00,975637.0,22076
-249538.00,975739.0,22088
-248962.00,975888.0,22099
-248623.00,975988.0,22112
-249308.00,975921.0,22123
-248634.00,975841.0,22135
-248653.00,975644.0,22147
-249192.00,975569.0,22159
-248426.00,975895.0,22170
-248655.00,976053.0,22182
-249242.00,975950.0,22194
-248806.00,975895.0,22206
-249026.00,975765.0,22217
-248725.00,975696.0,22230
-248542.00,975734.0,22241
-249354.00,975715.0,22253
-249303.00,975807.0,22264
-248984.00,975883.0,22277
-248227.00,975765.0,22288
-248897.00,975915.0,22300
-249739.00,975886.0,22311
-248102.00,975835.0,22324
-248756.00,975885.0,22335
-249318.00,975901.0,22347
-248385.00,975826.0,22359
-249406.00,975821.0,22371
-248276.00,975774.0,22382
-249104.00,975769.0,22394
-249019.00,975638.0,22406
-248747.00,975786.0,22418
-249045.00,975819.0,22429
-249069.00,975616.0,22441
-249178.00,975868.0,22453
-248665.00,976149.0,22465
-248789.00,975769.0,22476
-249589.00,975594.0,22489
-248949.00,975583.0,22500
-248844.00,975559.0,22512
-249181.00,975644.0,22523
-248649.00,975767.0,22536
-249304.00,975885.0,22547
-249466.00,975854.0,22559
-248498.00,975871.0,22571
-249013.00,975726.0,22583
-249003.00,975813.0,22594
-248534.00,976027.0,22606
-249510.00,976080.0,22618
-248733.00,975872.0,22630
-248838.00,975809.0,22641
-249379.00,975821.0,22653
-248539.00,975902.0,22665
-249314.00,975642.0,22677
-249098.00,975536.0,22688
-248481.00,975578.0,22701
-249269.00,975631.0,22712
-249137.00,975857.0,22724
-248654.00,975894.0,22735
-248975.00,976017.0,22748
-249340.00,976023.0,22759
-248484.00,975980.0,22771
-248881.00,975881.0,22782
-248959.00,975881.0,22795
-248504.00,975916.0,22806
-248945.00,975862.0,22818
-249442.00,975692.0,22830
-248724.00,975605.0,22842
-249042.00,975544.0,22853
-249759.00,975509.0,22865
-248506.00,975599.0,22877
-248549.00,975685.0,22889
-249576.00,975832.0,22900
-248799.00,976023.0,22913
-249186.00,976013.0,22924
-248949.00,975893.0,22935
-248254.00,975938.0,22947
-248958.00,975845.0,22959
-249202.00,975630.0,22971
-249174.00,975727.0,22982
-248317.00,975878.0,22994
-248632.00,975924.0,23006
-249747.00,975856.0,23018
-248853.00,975807.0,23029
-248964.00,975748.0,23042
-249108.00,975657.0,23053
-248502.00,975959.0,23065
-248665.00,976050.0,23076
-249719.00,976058.0,23089
-248902.00,975994.0,23100
-247592.00,975927.0,23112
-249450.00,976011.0,23123
-249591.00,976020.0,23136
-248678.00,975955.0,23147
-248614.00,975771.0,23159
-249259.00,975726.0,23171
-249389.00,975468.0,23183
-248787.00,975365.0,23194
-248216.00,975532.0,23206
-248758.00,975710.0,23218
-249831.00,975890.0,23230
-249058.00,975882.0,23241
-248015.00,975964.0,23254
-248554.00,976093.0,23265
-249417.00,976092.0,23277
-249477.00,975984.0,23288
-248614.00,975651.0,23301
-248751.00,975565.0,23312
-248884.00,975581.0,23324
-249557.00,975543.0,23335
-249987.00,975615.0,23348
-248085.00,975664.0,23359
-248023.00,976011.0,23371
-249431.00,975978.0,23383
-249779.00,976049.0,23395
-248863.00,976064.0,23406
-247846.00,976196.0,23418
-248696.00,976342.0,23430
-249511.00,975980.0,23442
-249586.00,975846.0,23453
-249001.00,975565.0,23465
-248278.00,975436.0,23477
-248648.00,975698.0,23489
-249954.00,975919.0,23500
-249921.00,975963.0,23513
-247856.00,975978.0,23524
-248588.00,976139.0,23536
-3887.00,976335.0,23547
3145727.00,976388.0,23560
-248485.00,976122.0,23571
-248380.00,975744.0,23583
-249682.00,975582.0,23595
-249369.00,975478.0,23607
-248694.00,975422.0,23618
-248516.00,975578.0,23630
-249064.00,975684.0,23642
-249570.00,975912.0,23654
-249202.00,975952.0,23665
-248464.00,975870.0,23677
-248528.00,975894.0,23689
-248503.00,976037.0,23701
-248825.00,976033.0,23712
-249230.00,975973.0,23725
-248658.00,975869.0,23736
-249094.00,975675.0,23748
-249308.00,975492.0,23759
-248910.00,975496.0,23772
-249069.00,975569.0,23783
-249155.00,975825.0,23795
-249094.00,975861.0,23806
-249141.00,976088.0,23818
-248542.00,976267.0,23830
-248855.00,976322.0,23841
-249367.00,976199.0,23854
-248375.00,975915.0,23865
-249118.00,975684.0,23877
-249358.00,975673.0,23888
-248766.00,975702.0,23901
-248900.00,975754.0,23912
-248729.00,975694.0,23924
-249067.00,975685.0,23936
-249194.00,975773.0,23948
-249100.00,975869.0,23959
-248774.00,975950.0,23971
-248965.00,976091.0,23983
-249081.00,975892.0,23995
-249366.00,975817.0,24006
-248708.00,975917.0,24018
-248300.00,975869.0,24030
-248701.00,975842.0,24042
-249154.00,975715.0,24053
-249719.00,975585.0,24066
-248783.00,975320.0,24077
-248423.00,975510.0,24089
-248810.00,975663.0,24100
-248558.00,975890.0,24113
-249560.00,976186.0,24124
-248776.00,975972.0,24136
-248449.00,975988.0,24147
-249412.00,975971.0,24160
-248525.00,975895.0,24171
-248750.00,976000.0,24183
-249133.00,975792.0,24195
-248841.00,975453.0,24207
-249624.00,975492.0,24218
-249344.00,975685.0,24230
-248636.00,975675.0,24242
-248602.00,975818.0,24254
-248714.00,975898.0,24265
-249094.00,975743.0,24278
-249775.00,975959.0,24289
-249118.00,976039.0,24301
-248192.00,976036.0,24312
-248684.00,975949.0,24325
-3890.00,975721.0,24336
-1.00,975655.0,24348
-249395.00,975591.0,24359
-248935.00,975774.0,24372
-248659.00,975986.0,24383
-249785.00,975779.0,24395
-248644.00,975573.0,24407
-247904.00,975587.0,24419
-249880.00,975657.0,24430
-249362.00,975708.0,24442
-248243.00,975896.0,24454
-249338.00,975926.0,24466
-248680.00,975767.0,24477
-249042.00,975771.0,24489
-249737.00,975691.0,24501
-248656.00,975870.0,24513
-248404.00,975951.0,24524
-248699.00,975925.0,24537
-250118.00,975986.0,24548
-249225.00,976014.0,24560
-247438.00,975906.0,24571
-249427.00,975781.0,24584
-249103.00,975827.0,24595
-248623.00,975681.0,24607
-249993.00,975573.0,24619
-248422.00,975577.0,24631
-248311.00,975653.0,24642
-249666.00,975831.0,24654
-248972.00,975777.0,24666
-248668.00,975824.0,24678
-248143.00,975869.0,24689
-248751.00,976009.0,24700
-250363.00,976251.0,24713
-248919.00,976076.0,24724
-249078.00,975817.0,24736
-248615.00,975895.0,24748
-249466.00,975613.0,24760
-250461.00,975490.0,24771
-247742.00,975444.0,24783
-248094.00,975415.0,24795
-250021.00,975735.0,24807
-249179.00,975809.0,24818
-248803.00,975879.0,24830
-248361.00,975858.0,24842
-248681.00,975899.0,24854
-249664.00,975968.0,24865
-248920.00,975764.0,24878
-248755.00,975716.0,24889
-247825.00,975863.0,24901
-248359.00,976130.0,24912
-250447.00,976155.0,24925
-248980.00,975877.0,24936
-247989.00,975663.0,24948
-249168.00,975615.0,24960
-249210.00,975688.0,24972
-249370.00,975689.0,24983
-249150.00,975496.0,24995
-248004.00,975356.0,25007
-248402.00,975452.0,25019
-250097.00,975761.0,25030
-249375.00,976068.0,25042
-248538.00,976071.0,25054
-248632.00,976005.0,25066
-248189.00,975933.0,25077
-249075.00,975957.0,25090
-249436.00,975844.0,25101
-248619.00,976106.0,25113
-249352.00,975856.0,25124
-249827.00,975711.0,25137
-248518.00,975669.0,25148
-248255.00,975423.0,25160
-248995.00,975462.0,25171
-249480.00,975675.0,25184
-249514.00,975723.0,25195
-248396.00,975883.0,25207
-248333.00,976026.0,25219
-248409.00,975939.0,25231
-249109.00,975962.0,25242
-249217.00,975936.0,25254
-248296.00,975817.0,25266
-248926.00,975610.0,25278
-249306.00,975452.0,25289
-249301.00,975540.0,25302
-249210.00,975728.0,25313
-248209.00,975976.0,25325
-248669.00,975933.0,25336
-249413.00,976034.0,25349
-249205.00,976049.0,25360
-248708.00,975911.0,25372
-248821.00,975896.0,25383
-248795.00,976036.0,25396
-248831.00,976096.0,25407
-249414.00,975919.0,25419
-248636.00,975633.0,25431
-248499.00,975605.0,25443
-249185.00,975731.0,25454
-249475.00,975673.0,25466
-249071.00,975515.0,25478
-248126.00,975531.0,25490
-248937.00,975803.0,25501
-249211.00,976185.0,25513
-249004.00,976301.0,25525
-248477.00,976215.0,25537
-248907.00,976034.0,25548
-249531.00,975918.0,25561
-249074.00,975805.0,25572
-248667.00,975634.0,25584
-248642.00,975539.0,25595
-249428.00,975514.0,25607
-249423.00,975434.0,25619
-248892.00,975550.0,25630
-248994.00,975724.0,25643
-248296.00,975731.0,25654
-248887.00,976117.0,25666
-249222.00,976484.0,25677
-248332.00,976450.0,25690
-248929.00,976322.0,25701
-249261.00,975928.0,25713
-249164.00,975510.0,25724
-249280.00,975202.0,25737
-248725.00,974905.0,25748
-248864.00,974970.0,25760
-249419.00,975674.0,25772
-248912.00,976172.0,25784
-248918.00,976324.0,25795
-249022.00,976527.0,25807
-248304.00,976413.0,25819
-248957.00,976164.0,25831
-248868.00,976019.0,25842
-248287.00,975842.0,25854
-249317.00,975750.0,25866
-249069.00,975460.0,25878
-248617.00,975214.0,25889
-249627.00,975196.0,25902
-248946.00,975318.0,25913
-248853.00,975632.0,25925
-248815.00,975840.0,25936
-249190.00,976362.0,25949
-248572.00,976633.0,25960
-248256.00,976600.0,25972
-248850.00,976442.0,25984
-249171.00,975897.0,25996
-249131.00,975697.0,26007
-248737.00,975436.0,26019
-248894.00,975095.0,26031
-249259.00,975065.0,26043
-249616.00,975417.0,26054
-249297.00,975732.0,26066
-249069.00,975811.0,26078
-248777.00,975873.0,26090
-248463.00,975929.0,26101
-248822.00,976108.0,26114
-248841.00,976469.0,26125
-248773.00,976502.0,26137
-248712.00,976303.0,26148
-248491.00,976087.0,26161
-249446.00,975752.0,26172
-249784.00,975099.0,26184
-248481.00,974761.0,26195
-248356.00,974970.0,26208
-249262.00,975391.0,26219
-249443.00,976014.0,26231
-249381.00,976324.0,26243
-249035.00,976308.0,26255
-248100.00,976304.0,26266
-248633.00,976351.0,26278
-249048.00,976192.0,26290
-248429.00,975984.0,26302
-248536.00,975937.0,26313
-249603.00,975845.0,26326
-250334.00,975444.0,26337
-249293.00,975133.0,26349
-248273.00,974809.0,26360
-248608.00,975095.0,26373
-249534.00,975768.0,26384
-249564.00,976337.0,26396
-248141.00,976725.0,26407
-247449.00,977046.0,26420
-248953.00,976790.0,26431
-249574.00,976183.0,26443
-249268.00,975534.0,26455
-249308.00,975084.0,26467
-248144.00,974698.0,26478
-249064.00,974997.0,26490
-250579.00,975506.0,26502
-249349.00,975820.0,26514
-248352.00,976017.0,26525
-248607.00,976139.0,26537
-249150.00,976565.0,26549
-249000.00,976605.0,26561
-248592.00,976274.0,26572
-248439.00,976346.0,26584
-247844.00,976355.0,26596
-248737.00,976060.0,26607
-250329.00,975502.0,26619
-249436.00,974942.0,26631
-248533.00,974848.0,26643
-249217.00,974778.0,26654
-249611.00,975277.0,26667
-249387.00,975885.0,26678
-248867.00,976518.0,26690
-248616.00,977068.0,26701
-249550.00,977264.0,26714
-249107.00,976712.0,26725
-247888.00,975917.0,26737
-248341.00,975498.0,26748
-249673.00,975046.0,26761
-249737.00,975008.0,26772
-249265.00,975243.0,26784
-248980.00,975248.0,26796
-249037.00,975138.0,26808
-249555.00,975410.0,26819
-249401.00,975677.0,26831
-248256.00,976113.0,26843
-248108.00,976587.0,26855
-248997.00,976817.0,26866
-249346.00,976808.0,26878
-248735.00,976473.0,26890
-248529.00,975799.0,26902
-249226.00,975110.0,26913
-249145.00,974626.0,26926
-249280.00,974432.0,26937
-249562.00,975009.0,26949
-248940.00,975734.0,26960
-249404.00,976271.0,26973
-249238.00,976476.0,26984
-248292.00,976727.0,26996
-248184.00,976800.0,27008
-248586.00,976688.0,27020
-249256.00,976453.0,27031
-249017.00,976047.0,27043
-248444.00,975575.0,27055
-248519.00,975442.0,27067
-248997.00,975183.0,27078
-249829.00,975023.0,27090
-249007.00,974927.0,27102
-248718.00,975034.0,27114
-249488.00,975544.0,27125
-248952.00,976166.0,27138
-248072.00,976738.0,27149
-248188.00,976924.0,27161
-248659.00,976875.0,27172
-249371.00,976465.0,27185
-248595.00,975859.0,27196
-248788.00,975326.0,27208
-249426.00,974716.0,27219
-249500.00,974632.0,27232
-249702.00,974915.0,27243
-249074.00,975220.0,27255
-248833.00,975639.0,27267
-249096.00,976090.0,27279
-248976.00,976439.0,27290
-248793.00,976544.0,27302
-248526.00,976505.0,27314
-248181.00,976558.0,27326
-248734.00,976406.0,27337
-249025.00,976032.0,27350
-248873.00,975424.0,27361
-249478.00,974966.0,27373
-249159.00,974652.0,27384
-249189.00,974582.0,27397
-249454.00,974912.0,27408
-248904.00,975691.0,27420
-249317.00,976286.0,27431
-248721.00,976936.0,27444
-247910.00,977143.0,27455
-248833.00,976984.0,27467
-248922.00,976651.0,27479
-248976.00,976208.0,27491
-249061.00,975583.0,27502
-249633.00,975107.0,27513
-249557.00,974763.0,27526
-248509.00,974566.0,27537
-249219.00,974785.0,27549
-249719.00,975327.0,27560
-249259.00,975809.0,27573
-249468.00,976288.0,27584
-248195.00,976614.0,27596
-247725.00,976829.0,27608
-248870.00,976929.0,27620
-248791.00,976869.0,27631
-248601.00,976279.0,27643
-249156.00,975497.0,27655
-249479.00,975001.0,27667
-249878.00,974750.0,27678
-249596.00,974738.0,27691
-248726.00,974944.0,27702
-248847.00,975520.0,27714
-249192.00,976003.0,27725
-248891.00,976365.0,27738
-248709.00,976675.0,27749
-248300.00,976730.0,27761
-248788.00,976671.0,27772
-248852.00,976358.0,27785
-248053.00,975741.0,27796
-249030.00,975489.0,27808
-249596.00,975161.0,27820
-249063.00,974877.0,27832
-249695.00,974835.0,27843
-249643.00,975103.0,27855
-248922.00,975716.0,27867
-248984.00,976304.0,27879
-248270.00,976895.0,27890
-248518.00,977141.0,27902
-248815.00,977014.0,27914
-248609.00,976654.0,27926
-248530.00,976147.0,27937
-248511.00,975436.0,27950
-249573.00,975008.0,27961
-249786.00,974809.0,27973
-249063.00,974755.0,27984
-249192.00,974843.0,27997
-249278.00,975418.0,28008
-248840.00,975959.0,28020
-249316.00,976450.0,28032
-249029.00,976764.0,28044
-247880.00,976806.0,28055
-248268.00,976619.0,28067
-249172.00,976177.0,28079
-248670.00,975971.0,28091
-248670.00,975530.0,28102
-249135.00,975108.0,28114
-249504.00,974710.0,28126
-249760.00,974544.0,28138
-249546.00,974972.0,28149
-248989.00,975487.0,28162
-248184.00,976392.0,28173
-248762.00,977088.0,28185
-249051.00,977233.0,28196
-248284.00,976968.0,28209
-248321.00,976624.0,28220
-248490.00,976191.0,28232
-248645.00,975596.0,28243
-249578.00,975036.0,28256
-249360.00,974785.0,28267
-249664.00,974810.0,28279
-249781.00,974982.0,28291
-248845.00,975297.0,28303
-249019.00,975764.0,28314
-248900.00,976372.0,28326
-248321.00,976988.0,28338
-248592.00,977229.0,28350
-248801.00,977009.0,28361
-248404.00,976378.0,28374
-248598.00,975748.0,28385
-248979.00,975237.0,28397
-249349.00,974858.0,28408
-249689.00,974734.0,28421
-249481.00,974936.0,28432
-249245.00,975267.0,28443
-248664.00,975740.0,28455
-248665.00,976266.0,28467
-249052.00,976587.0,28479
-248697.00,976844.0,28490
-248400.00,976727.0,28503
-248434.00,976821.0,28514
-248812.00,976559.0,28526
-249343.00,975986.0,28537
-248927.00,975518.0,28550
-248859.00,974895.0,28561
-249673.00,974505.0,28573
-249560.00,974815.0,28584
-249158.00,975175.0,28597
-249226.00,975663.0,28608
-248753.00,976285.0,28620
-248781.00,976859.0,28632
-248948.00,977265.0,28644
-248493.00,977109.0,28655
-248811.00,976628.0,28667
-248565.00,976008.0,28679
-249412.00,975398.0,28691
-249111.00,975005.0,28702
-249278.00,974752.0,28715
-249595.00,974755.0,28726
-249332.00,975040.0,28738
-249187.00,975493.0,28749
-248569.00,975858.0,28762
-249096.00,976384.0,28773
-249110.00,976756.0,28785
-247891.00,976903.0,28796
-248492.00,976755.0,28809
-248716.00,976431.0,28820
-248745.00,975983.0,28832
-249501.00,975531.0,28844
-248958.00,974994.0,28856
-248755.00,974606.0,28867
-249515.00,974779.0,28879
-249566.00,975104.0,28891
-249243.00,975568.0,28903
-248603.00,976167.0,28914
-248514.00,976727.0,28926
-248654.00,977066.0,28938
-248556.00,976921.0,28950
-248499.00,976608.0,28961
-248314.00,976246.0,28974
-248544.00,975866.0,28985
-249727.00,975468.0,28997
-249904.00,975254.0,29008
-248974.00,975100.0,29021
-249125.00,974985.0,29032
-249390.00,975150.0,29044
-249462.00,975504.0,29056
-248834.00,976124.0,29068
-248557.00,976661.0,29079
-248763.00,977011.0,29091
-248499.00,977034.0,29103
-248798.00,976580.0,29115
-248245.00,976109.0,29126
-248201.00,975584.0,29138
-249863.00,975068.0,29150
-249647.00,974800.0,29162
-249292.00,974827.0,29173
-249452.00,975133.0,29186
-248686.00,975326.0,29197
-248937.00,975905.0,29209
-249402.00,976333.0,29220
-248607.00,976466.0,29233
-247905.00,976600.0,29244
-248610.00,976574.0,29256
-249453.00,976495.0,29267
-248840.00,976061.0,29280
-248462.00,975832.0,29291
-248955.00,975385.0,29303
-249428.00,974887.0,29315
-249599.00,974887.0,29327
-249570.00,974980.0,29338
-249057.00,975354.0,29349
-248455.00,975819.0,29362
-249483.00,976578.0,29373
-249383.00,976931.0,29385
-247749.00,977047.0,29396
-248197.00,976826.0,29409
-249023.00,976279.0,29420
-249190.00,975837.0,29432
-249059.00,975366.0,29444
-249021.00,975031.0,29456
-249146.00,974980.0,29467
-250039.00,974842.0,29479
-249722.00,975077.0,29491
-248228.00,975615.0,29503
-248845.00,975907.0,29514
-249184.00,976264.0,29527
-248654.00,976812.0,29538
-248486.00,976825.0,29550
-248160.00,976602.0,29561
-248646.00,976535.0,29574
-249261.00,976136.0,29585
-249191.00,975300.0,29597
-248724.00,974866.0,29608
-248941.00,974643.0,29621
-250203.00,974786.0,29632
-249645.00,975234.0,29644
-248434.00,975795.0,29656
-248826.00,976238.0,29668
-248704.00,976685.0,29679
-248667.00,976756.0,29691
-249218.00,976736.0,29703
-248545.00,976400.0,29715
-248142.00,976167.0,29726
-249132.00,975891.0,29739
-249291.00,975533.0,29750
-249320.00,975086.0,29762
-249576.00,974930.0,29773
-249043.00,974984.0,29786
-249235.00,975321.0,29797
-249053.00,975956.0,29809
-248517.00,976725.0,29820
-249343.00,977006.0,29833
-248286.00,977022.0,29844
-248430.00,976687.0,29856
-248314.00,976269.0,29868
-248959.00,975916.0,29880
-249771.00,975292.0,29891
-249269.00,974725.0,29903
-249243.00,974556.0,29915
-249497.00,974745.0,29927
-249098.00,975291.0,29938
-249296.00,975630.0,29950
-248868.00,976023.0,29962
-248405.00,976587.0,29974
-248674.00,976888.0,29985
-248882.00,976832.0,29998
-248980.00,976732.0,30009
-248248.00,976215.0,30021
-248246.00,975599.0,30032
-249549.00,975099.0,30045
-249540.00,974775.0,30056
-249413.00,974666.0,30068
-249380.00,974789.0,30080
-248633.00,975323.0,30092
-249172.00,976141.0,30103
-249718.00,976510.0,30115
-248566.00,976826.0,30127
-247857.00,976969.0,30139
-248400.00,977044.0,30150
-248663.00,976654.0,30162
-248943.00,975933.0,30174
-249494.00,975436.0,30186
-248787.00,974951.0,30197
-249044.00,974844.0,30210
-250094.00,974944.0,30221
-249595.00,974948.0,30233
-248552.00,975316.0,30244
-248749.00,975935.0,30256
-249172.00,976598.0,30268
-248887.00,977093.0,30279
-248254.00,977280.0,30291
-247681.00,977018.0,30303
-249055.00,976404.0,30315
-249638.00,975746.0,30326
-248665.00,974969.0,30339
-248822.00,974591.0,30350
-249481.00,974516.0,30362
-250224.00,974796.0,30373
-249627.00,975210.0,30386
-248551.00,975705.0,30397
-248767.00,976512.0,30409
-248496.00,977018.0,30420
-248730.00,977085.0,30433
-248396.00,976830.0,30444
-247904.00,976564.0,30456
-249006.00,975997.0,30468
-249441.00,975306.0,30480
-249381.00,974950.0,30491
-249035.00,974624.0,30503
-248669.00,974637.0,30515
-249572.00,974936.0,30527
-250069.00,975326.0,30538
-249422.00,976008.0,30551
-248088.00,976570.0,30562
-248600.00,976974.0,30574
-248715.00,977231.0,30585
-248686.00,977084.0,30598
-248719.00,976498.0,30609
-247669.00,975981.0,30621
-250080.00,975405.0,30632
-249188.00,974826.0,30645
-249547.00,974359.0,30656
-249009.00,974538.0,30668
-249290.00,974892.0,30680
-250026.00,975441.0,30692
-248419.00,976059.0,30703
-247974.00,976511.0,30715
-248380.00,976948.0,30727
-248900.00,977154.0,30739
-249119.00,977144.0,30750
-248279.00,976472.0,30763
-248403.00,975686.0,30774
-249231.00,975005.0,30786
-249725.00,974647.0,30797
-249685.00,974566.0,30810
-249483.00,974728.0,30821
-248817.00,975010.0,30833
-249396.00,975668.0,30844
-249269.00,976373.0,30857
-247951.00,976775.0,30868
-248537.00,976864.0,30880
-248643.00,976871.0,30892
-248211.00,976674.0,30904
-249025.00,976135.0,30915
-248941.00,975579.0,30927
-249253.00,975032.0,30939
-249565.00,974753.0,30951
-249158.00,974729.0,30962
-249652.00,974983.0,30974
-249456.00,975383.0,30986
-249273.00,975851.0,30998
-249238.00,976584.0,31009
-248667.00,976801.0,31022
-248691.00,976947.0,31033
-248514.00,976863.0,31045
-248335.00,976465.0,31056
-248836.00,975984.0,31069
-249028.00,975382.0,31080
-249642.00,974896.0,31092
-249375.00,974692.0,31104
-249116.00,974538.0,31116
-249638.00,974577.0,31127
-249336.00,975273.0,31139
-248853.00,976088.0,31151
-248649.00,976521.0,31163
-248680.00,977128.0,31174
-248238.00,977228.0,31185
-248480.00,976842.0,31198
-248936.00,976465.0,31209
-248692.00,975927.0,31221
-249167.00,975212.0,31233
-249596.00,974597.0,31245
-249149.00,974351.0,31256
-249490.00,974531.0,31268
-249723.00,974947.0,31280
-249246.00,975636.0,31292
-249099.00,976364.0,31303
-248537.00,976890.0,31315
-248656.00,977207.0,31327
-248838.00,976990.0,31339
-248399.00,976509.0,31350
-248511.00,976095.0,31363
-248784.00,975679.0,31374
-249038.00,975251.0,31386
-249747.00,974862.0,31397
-250046.00,974795.0,31410
-248447.00,974959.0,31421
-249208.00,975353.0,31433
-249551.00,975999.0,31444
-249124.00,976527.0,31457
-248253.00,976652.0,31468
-248039.00,976847.0,31480
-248975.00,976913.0,31492
-248653.00,976680.0,31504
-248473.00,976217.0,31515
-248787.00,975491.0,31527
-249434.00,974891.0,31539
-249900.00,974542.0,31551
-249504.00,974414.0,31562
-249195.00,974915.0,31575
-248680.00,975589.0,31586
-249247.00,976182.0,31598
-249713.00,976609.0,31609
-248393.00,976705.0,31622
-247858.00,976960.0,31633
-248259.00,977044.0,31645
-249017.00,976553.0,31656
-248995.00,975847.0,31669
-248892.00,975215.0,31680
-249330.00,974811.0,31692
-248882.00,974841.0,31704
-249346.00,975236.0,31716
-249809.00,975463.0,31727
-248769.00,975601.0,31739
-248814.00,976018.0,31751
-249022.00,976534.0,31763
-248498.00,977004.0,31774
-248543.00,977258.0,31787
-248471.00,977019.0,31798
-248959.00,976372.0,31810
-249061.00,975592.0,31821
-248711.00,974803.0,31834
-249327.00,974848.0,31845
-249762.00,974836.0,31857
-249680.00,974937.0,31868
-249454.00,975164.0,31881
-248371.00,975471.0,31892
-248777.00,976135.0,31904
-249137.00,976699.0,31916
-248338.00,977158.0,31928
-248520.00,977060.0,31939
-248018.00,976812.0,31951
-248382.00,976248.0,31963
-249666.00,975669.0,31975
-249046.00,975095.0,31986
-249149.00,974521.0,31998
-249315.00,974501.0,32010
-249285.00,974771.0,32022
-250117.00,975312.0,32033
-249245.00,975949.0,32046
-247977.00,976338.0,32057
-248728.00,976980.0,32069
-248961.00,977096.0,32080
-248484.00,976933.0,32092
-248568.00,976668.0,32104
-247856.00,976163.0,32115
-248663.00,975500.0,32128
-250324.00,975155.0,32139
-249309.00,974953.0,32151
-248762.00,974783.0,32162
-249150.00,974977.0,32175
-249173.00,975577.0,32186
-249463.00,976075.0,32198
-248329.00,976593.0,32209
-248896.00,976842.0,32222
-248235.00,976911.0,32233
-248407.00,976722.0,32245
-249221.00,976225.0,32257
-248460.00,975708.0,32269
-249150.00,974989.0,32280
-249948.00,974555.0,32292
-249007.00,974498.0,32304
-248836.00,974639.0,32316
-249534.00,974895.0,32327
-249636.00,975258.0,32339
-249155.00,975853.0,32351
-248150.00,976329.0,32363
-247865.00,976893.0,32374
-248868.00,977177.0,32387
-248983.00,976849.0,32398
-248681.00,976360.0,32410
-248710.00,975704.0,32421
-248248.00,975379.0,32434
-249547.00,975036.0,32445
-250196.00,974550.0,32457
-248876.00,974471.0,32468
-249083.00,975006.0,32481
-248985.00,975827.0,32492
-249252.00,976496.0,32504
-249398.00,976900.0,32516
-247858.00,976916.0,32528
-247818.00,976932.0,32539
-248986.00,976739.0,32551
-248667.00,975949.0,32563
-248763.00,975325.0,32575
-249146.00,974730.0,32586
-249593.00,974478.0,32599
-250220.00,974451.0,32610
-249372.00,974703.0,32622
-248735.00,975315.0,32633
-248196.00,975989.0,32646
-248907.00,976598.0,32657
-249425.00,977204.0,32669
-248105.00,977167.0,32680
-247799.00,976757.0,32693
-248222.00,976323.0,32704
-248964.00,975852.0,32716
-249845.00,975470.0,32728
-249352.00,975032.0,32740
-248965.00,974687.0,32751
-249320.00,974489.0,32763
-249302.00,974772.0,32775
-249135.00,975488.0,32787
-249129.00,975940.0,32798
-248667.00,976731.0,32811
-248157.00,977086.0,32822
-248568.00,977225.0,32834
-248487.00,977168.0,32845
-248222.00,976421.0,32858
-248713.00,975840.0,32869
-249340.00,975081.0,32881
-249330.00,974600.0,32892
-249318.00,974440.0,32905
-249807.00,974623.0,32916
-249550.00,975147.0,32928
-248916.00,975635.0,32940
-249182.00,976611.0,32952
-249206.00,977000.0,32963
-248397.00,977145.0,32974
-248694.00,977046.0,32987
-247989.00,976783.0,32998
-249124.00,976162.0,33010
-249708.00,975362.0,33021
-249147.00,974903.0,33034
-249518.00,974471.0,33045
-249455.00,974321.0,33057
-249040.00,974835.0,33069
-249467.00,975326.0,33081
-249152.00,975936.0,33092
-248054.00,976611.0,33104
-248573.00,976995.0,33116
-249075.00,977044.0,33128
-248493.00,976809.0,33139
-248318.00,976240.0,33152
-248586.00,975700.0,33163
-249533.00,975318.0,33175
-249431.00,975047.0,33186
-249397.00,974507.0,33199
-249612.00,974438.0,33210
-248467.00,974985.0,33222
-249029.00,975617.0,33233
-249934.00,976271.0,33246
-248314.00,976762.0,33257
-248151.00,977151.0,33269
-248854.00,977050.0,33281
-247779.00,976811.0,33293
-248756.00,976206.0,33304
-249624.00,975434.0,33316
-248253.00,975133.0,33328
-248890.00,974821.0,33340
-249825.00,974797.0,33351
-249618.00,975041.0,33363
-249482.00,975313.0,33375
-249094.00,975893.0,33387
-248963.00,976391.0,33398
-248074.00,976813.0,33411
-248731.00,976955.0,33422
-248387.00,976723.0,33434
-248381.00,976363.0,33445
-249752.00,976016.0,33458
-248536.00,975706.0,33469
-248391.00,975326.0,33481
-250261.00,974964.0,33492
-249193.00,974815.0,33505
-249062.00,974963.0,33516
-249812.00,975297.0,33528
-248310.00,975854.0,33540
-248780.00,976460.0,33552
-249156.00,976830.0,33563
-248377.00,977011.0,33575
-248741.00,976935.0,33587
-248538.00,976436.0,33599
-248798.00,975944.0,33610
-249221.00,975437.0,33623
-248674.00,974909.0,33634
-249540.00,974733.0,33646
-249837.00,974685.0,33657
-249155.00,975207.0,33670
-249183.00,975750.0,33681
-248883.00,976238.0,33693
-248765.00,976652.0,33704
-249127.00,976810.0,33717
-248511.00,976877.0,33728
-248160.00,976559.0,33740
-248921.00,976151.0,33752
-248694.00,975809.0,33764
-248653.00,975476.0,33775
-249401.00,975235.0,33787
-249309.00,974946.0,33799
-249150.00,974795.0,33811
-249128.00,974987.0,33822
-249138.00,975555.0,33835
-248465.00,975941.0,33846
-249137.00,976410.0,33858
-248525.00,976859.0,33869
-247788.00,976847.0,33882
-249356.00,976647.0,33893
-248876.00,976364.0,33905
-248820.00,975679.0,33916
-249478.00,975108.0,33929
-249143.00,974846.0,33940
-248841.00,974825.0,33951
-249323.00,975283.0,33964
-249912.00,975770.0,33975
-248634.00,976107.0,33987
-248592.00,976142.0,33998
-249434.00,976393.0,34011
-248583.00,976355.0,34022
-248332.00,976356.0,34034
-248538.00,976191.0,34045
-248566.00,976026.0,34058
-248733.00,975594.0,34069
-249590.00,975154.0,34081
-249711.00,974979.0,34093
-248440.00,974969.0,34105
-248760.00,975068.0,34116
-249295.00,975674.0,34128
-249141.00,976163.0,34140
-249327.00,976449.0,34152
-248260.00,976710.0,34163
-249306.00,976899.0,34176
-248690.00,976531.0,34187
-248690.00,976088.0,34199
-248627.00,975599.0,34210
-249104.00,975240.0,34223
-249786.00,975024.0,34234
-249292.00,974906.0,34246
-248951.00,975036.0,34257
-249136.00,975386.0,34270
-249210.00,975730.0,34281
-249089.00,976047.0,34293
-248493.00,976492.0,34305
-248510.00,976640.0,34317
-249066.00,976697.0,34328
-248715.00,976480.0,34340
-248477.00,975881.0,34352
-249209.00,975691.0,34364
-249030.00,975563.0,34375
-248733.00,975198.0,34387
-249373.00,975046.0,34399
-249026.00,975150.0,34411
-248667.00,975549.0,34422
-249459.00,976140.0,34435
-249162.00,976495.0,34446
-248645.00,976652.0,34458
-248095.00,976591.0,34469
-248283.00,976251.0,34482
-249828.00,976023.0,34493
-248955.00,975754.0,34505
-248456.00,975494.0,34516
-249221.00,975175.0,34529
-249339.00,974989.0,34540
-249277.00,975138.0,34552
-249272.00,975469.0,34564
-248819.00,975933.0,34576
-248734.00,976321.0,34587
-248870.00,976495.0,34599
-248778.00,976472.0,34611
-248342.00,976515.0,34623
-248532.00,976453.0,34634
-249204.00,976163.0,34647
-248896.00,975847.0,34658
-249168.00,975552.0,34670
-249255.00,975136.0,34681
-248780.00,974991.0,34694
-249437.00,974978.0,34705
-249181.00,975420.0,34717
-248259.00,975851.0,34728
-248551.00,976137.0,34741
-249225.00,976503.0,34752
-249133.00,976683.0,34764
-248485.00,976562.0,34776
-248373.00,976443.0,34788
-248918.00,975974.0,34799
-248946.00,975592.0,34811
-249421.00,975143.0,34823
-249475.00,974964.0,34834
-248805.00,974958.0,34846
-249521.00,975119.0,34857
-249503.00,975652.0,34870
-248760.00,976103.0,34881
-248927.00,976555.0,34893
-248167.00,976835.0,34905
-248442.00,976814.0,34917
-249369.00,976577.0,34928
-248726.00,976170.0,34940
-248671.00,975784.0,34952
-249463.00,975500.0,34964
-249835.00,975201.0,34975
-249005.00,975022.0,34988
-248771.00,975119.0,34999
-248408.00,975489.0,35011
-249379.00,975735.0,35022
-250057.00,976168.0,35035
-248295.00,976415.0,35046
-247572.00,976554.0,35058
-248784.00,976849.0,35069
-249797.00,976428.0,35082
-249364.00,975903.0,35093
-248453.00,975441.0,35105
-248103.00,975048.0,35117
-249420.00,974958.0,35129
-250275.00,975191.0,35140
-249186.00,975330.0,35152
-248682.00,975612.0,35164
-248713.00,975930.0,35176
-249287.00,976315.0,35187
-249310.00,976602.0,35200
-248051.00,976884.0,35211
-247790.00,976762.0,35223
-248648.00,976512.0,35234
-249480.00,976137.0,35247
-249599.00,975560.0,35258
-248881.00,975227.0,35270
-248433.00,975006.0,35281
-249363.00,975016.0,35294
-250068.00,975277.0,35305
-249452.00,975640.0,35317
-248636.00,975894.0,35329
-248043.00,976458.0,35341
-249086.00,976875.0,35352
-248727.00,976672.0,35364
-248476.00,976246.0,35376
-248329.00,976053.0,35388
-249223.00,975667.0,35399
-249693.00,975251.0,35411
-248887.00,974866.0,35423
-248942.00,974904.0,35435
-249060.00,975107.0,35446
-249053.00,975230.0,35459
-249574.00,975872.0,35470
-248433.00,976480.0,35482
-247926.00,976679.0,35493
-248873.00,976752.0,35506
-249176.00,976491.0,35517
-249062.00,976217.0,35529
-247838.00,975929.0,35540
-248537.00,975706.0,35553
-250121.00,975337.0,35564
-249461.00,974765.0,35576
-248790.00,974710.0,35588
-249001.00,975047.0,35600
-249330.00,975699.0,35611
-249572.00,976063.0,35623
-249242.00,976452.0,35635
-247590.00,976658.0,35647
-248044.00,976668.0,35658
-249921.00,976657.0,35671
-248833.00,976303.0,35682
-248229.00,975806.0,35694
-248796.00,975416.0,35705
-249418.00,975300.0,35718
-249839.00,975236.0,35729
-248970.00,974985.0,35741
-248869.00,975269.0,35752
-248450.00,975886.0,35765
-249764.00,976191.0,35776
-249167.00,976446.0,35787
-248035.00,976416.0,35800
-248848.00,976550.0,35811
-248428.00,976411.0,35823
-248510.00,976248.0,35834
-249457.00,975935.0,35847
-248998.00,975539.0,35858
-249152.00,975200.0,35870
-249819.00,975217.0,35881
-249273.00,975264.0,35894
-248774.00,975315.0,35905
-248790.00,975562.0,35917
-249107.00,976150.0,35929
-249217.00,976693.0,35941
-248329.00,976784.0,35952
-248325.00,976693.0,35964
-248672.00,976488.0,35976
-248431.00,975835.0,35988
-249184.00,975487.0,35999
-249509.00,975417.0,36012
-248411.00,975162.0,36023
-249268.00,975191.0,36035
-249869.00,975204.0,36046
-249236.00,975205.0,36059
-249175.00,976039.0,36070
-248390.00,976612.0,36082
-248472.00,976809.0,36093
-249347.00,976711.0,36106
-248899.00,976529.0,36117
-248243.00,976354.0,36129
-249203.00,976054.0,36141
-249611.00,975654.0,36153
-248899.00,975340.0,36164
-248828.00,974930.0,36176
-249358.00,975149.0,36188
-249610.00,975326.0,36200
-249340.00,975811.0,36211
-248630.00,976171.0,36224
-248304.00,976430.0,36235
-248950.00,976629.0,36247
-249219.00,976510.0,36258
-248317.00,976455.0,36271
-248094.00,976228.0,36282
-248951.00,975791.0,36294
-249347.00,975594.0,36305
-249486.00,975234.0,36318
-249202.00,974886.0,36329
-248892.00,974993.0,36341
-248694.00,975365.0,36353
-248963.00,975937.0,36365
-249291.00,976513.0,36376
-248706.00,976766.0,36388
-248644.00,976741.0,36400
-248649.00,976682.0,36412
-248950.00,976397.0,36423
-249191.00,976003.0,36435
-248241.00,975661.0,36447
-249372.00,975342.0,36459
-249572.00,975322.0,36470
-248914.00,975492.0,36483
-249242.00,975480.0,36494
-248564.00,975664.0,36506
-249228.00,975944.0,36517
-249255.00,976164.0,36530
-248907.00,976667.0,36541
-248908.00,976845.0,36553
-248471.00,976591.0,36564
-248869.00,976275.0,36577
-249017.00,975809.0,36588
-248424.00,975511.0,36600
-249714.00,975460.0,36612
-249712.00,975371.0,36624
-248515.00,975190.0,36635
-249441.00,975315.0,36646
-249335.00,975280.0,36659
-249335.00,975791.0,36670
-248853.00,976061.0,36682
-248133.00,976408.0,36694
-248877.00,976617.0,36706
-248745.00,976398.0,36717
-249129.00,976231.0,36729
-249024.00,975899.0,36741
-247933.00,975626.0,36753
-249191.00,975549.0,36764
-249640.00,975386.0,36776
-248955.00,975306.0,36788
-249104.00,975549.0,36800
-249188.00,975891.0,36811
-248626.00,976207.0,36824
-249061.00,976347.0,36835
-248942.00,976308.0,36847
-248158.00,976148.0,36858
-248795.00,976114.0,36871
-249072.00,976243.0,36882
-248850.00,976146.0,36894
-248734.00,975958.0,36905
-248758.00,975692.0,36918
-249368.00,975672.0,36929
-249427.00,975624.0,36941
-248951.00,975696.0,36953
-248525.00,975913.0,36965
-248909.00,976023.0,36976
-249157.00,976082.0,36988
-248715.00,976160.0,37000
-248661.00,976239.0,37012
-248717.00,976239.0,37023
-248869.00,976219.0,37036
-249336.00,975915.0,37047
-248882.00,975420.0,37059
-248556.00,975345.0,37070
-249438.00,975333.0,37083
-249649.00,975414.0,37094
-248901.00,975721.0,37106
-248458.00,975909.0,37117
-248842.00,975937.0,37130
-249309.00,976073.0,37141
-248836.00,976050.0,37153
-248608.00,976178.0,37165
-248498.00,976156.0,37177
-248736.00,976236.0,37188
-249361.00,976024.0,37200
-249246.00,975755.0,37212
-249185.00,975680.0,37224
-248736.00,975614.0,37235
-248868.00,975367.0,37248
-249606.00,975425.0,37259
-248825.00,975749.0,37271
-248700.00,976217.0,37282
-249250.00,976588.0,37295
-249233.00,976785.0,37306
-3879.00,976789.0,37318
-1.00,976404.0,37329
-248988.00,975875.0,37342
-249641.00,975463.0,37353
-249198.00,975229.0,37365
-249007.00,975081.0,37377
-248786.00,975099.0,37389
-249149.00,975488.0,37400
-249850.00,975675.0,37412
-249146.00,975878.0,37424
-248227.00,975997.0,37436
-248188.00,976133.0,37447
-249170.00,976370.0,37459
-249556.00,976428.0,37471
-248497.00,976026.0,37483
-248246.00,975837.0,37494
-248797.00,975804.0,37507
-249365.00,975657.0,37518
-249701.00,975414.0,37530
-249025.00,975119.0,37541
-248170.00,975207.0,37553
-248897.00,975501.0,37565
-249581.00,975943.0,37576
-249220.00,976259.0,37588
-248206.00,976355.0,37600
-248057.00,976603.0,37612
-249344.00,976460.0,37623
-249324.00,975960.0,37636
-248517.00,975690.0,37647
-248367.00,975604.0,37659
-248852.00,975665.0,37670
-249385.00,975469.0,37683
-250011.00,975455.0,37694
-249322.00,975514.0,37706
-248716.00,975580.0,37718
-249288.00,975979.0,37730
-249055.00,976340.0,37741
-248707.00,976512.0,37753
-248044.00,976403.0,37765
-248368.00,976233.0,37777
-249617.00,975781.0,37788
-249239.00,975321.0,37800
-248143.00,975357.0,37812
-249079.00,975303.0,37824
-249884.00,975279.0,37835
-249529.00,975465.0,37848
-248810.00,975631.0,37859
-247885.00,976123.0,37871
-248784.00,976522.0,37882
-249940.00,976616.0,37895
-248900.00,976510.0,37906
-248025.00,976238.0,37918
-247832.00,976186.0,37929
-248950.00,976048.0,37942
-249643.00,975909.0,37953
-248991.00,975538.0,37965
-249023.00,975444.0,37977
-248758.00,975388.0,37989
-248950.00,975417.0,38000
-250217.00,975889.0,38012
-248477.00,976195.0,38024
-247231.00,976596.0,38036
-249384.00,976985.0,38047
-249985.00,976903.0,38060
-249014.00,976314.0,38071
-248668.00,975801.0,38083
-247869.00,975473.0,38094
-250090.00,975431.0,38107
-249538.00,975537.0,38118
-248782.00,975622.0,38130
-248614.00,975602.0,38141
-249334.00,975419.0,38154
-250054.00,975519.0,38165
-248156.00,975892.0,38177
-247523.00,976239.0,38189
-249115.00,976782.0,38201
-249146.00,976927.0,38212
-249144.00,976744.0,38224
-248923.00,976079.0,38236
-248381.00,975246.0,38248
-249230.00,974828.0,38259
-249067.00,974829.0,38272
-249348.00,975216.0,38283
-249966.00,975679.0,38295
-248675.00,975850.0,38306
-249053.00,975978.0,38319
-249361.00,976484.0,38330
-248163.00,976651.0,38342
-248615.00,976437.0,38353
-248869.00,976424.0,38366
-248361.00,976443.0,38377
-249442.00,976043.0,38389
-249244.00,975504.0,38401
-248358.00,975479.0,38413
-249691.00,975167.0,38424
-249648.00,975099.0,38436
-248826.00,975620.0,38448
-249325.00,976156.0,38459
-248752.00,976490.0,38471
-249206.00,976801.0,38482
-248792.00,976978.0,38495
-248915.00,976728.0,38506
-249510.00,976239.0,38518
-248962.00,975778.0,38530
-248781.00,975506.0,38542
-249021.00,975312.0,38553
-249321.00,974957.0,38565
-249288.00,974845.0,38577
-249287.00,975187.0,38589
-249415.00,975539.0,38600
-248515.00,975969.0,38612
-248175.00,976199.0,38624
-249289.00,976303.0,38636
-248432.00,976411.0,38647
-248071.00,976361.0,38660
-249384.00,976043.0,38671
-248983.00,975857.0,38683
-249183.00,975772.0,38694
-249578.00,975374.0,38707
-248426.00,975005.0,38718
-248717.00,975101.0,38730
-249528.00,975524.0,38742
-249039.00,976013.0,38754
-249328.00,976298.0,38765
-249226.00,976462.0,38777
-248067.00,976430.0,38789
-248104.00,976571.0,38801
-248986.00,976657.0,38812
-249142.00,976141.0,38824
-248751.00,975850.0,38836
-248845.00,975650.0,38848
-249415.00,975188.0,38859
-249474.00,975071.0,38872
-249328.00,975389.0,38883
-248463.00,975909.0,38895
-249314.00,976152.0,38906
-249634.00,976364.0,38919
-248146.00,976299.0,38930
-248282.00,976254.0,38942
-249134.00,976223.0,38953
-248496.00,976171.0,38966
-248996.00,976070.0,38977
-249459.00,975640.0,38989
-248755.00,975212.0,39001
-249089.00,975242.0,39013
-249353.00,975238.0,39024
-249190.00,975380.0,39036
-248879.00,975741.0,39048
-248539.00,975808.0,39060
-248865.00,976098.0,39071
-248924.00,976477.0,39084
-248543.00,976556.0,39095
-248711.00,976449.0,39107
-248830.00,976141.0,39118
-248651.00,975790.0,39131
-249416.00,975335.0,39142
-249350.00,975231.0,39154
-248643.00,975166.0,39165
-249050.00,975318.0,39178
-249142.00,975574.0,39189
-249018.00,975589.0,39201
-248988.00,976057.0,39213
-248914.00,976489.0,39225
-248973.00,976569.0,39236
-248882.00,976481.0,39248
-248585.00,976319.0,39260
-248487.00,976073.0,39272
-249133.00,975837.0,39283
-249168.00,975747.0,39296
-248892.00,975476.0,39307
-249235.00,975136.0,39319
-249192.00,975102.0,39330
-248822.00,975384.0,39342
-249134.00,975850.0,39354
-249042.00,976262.0,39365
-248780.00,976652.0,39377
-248504.00,976649.0,39389
-248334.00,976268.0,39401
-248611.00,976145.0,39412
-248957.00,975805.0,39425
-248993.00,975305.0,39436
-248759.00,975396.0,39448
-248970.00,975516.0,39459
-249226.00,975491.0,39472
-249346.00,975528.0,39483
-249341.00,975717.0,39495
-248791.00,975973.0,39506
-248438.00,976218.0,39519
-248661.00,976539.0,39530
-249018.00,976697.0,39542
-248955.00,976575.0,39554
-248242.00,975993.0,39566
-248481.00,975519.0,39577
-249168.00,975416.0,39589
-249548.00,975112.0,39601
-249300.00,975176.0,39613
-248613.00,975480.0,39624
-248957.00,975717.0,39636
-249647.00,975928.0,39648
-249367.00,976077.0,39660
-248465.00,976271.0,39671
-249181.00,976369.0,39684
-249326.00,976322.0,39695
-248760.00,975915.0,39707
-248608.00,975779.0,39718
-248423.00,975874.0,39731
-249561.00,975662.0,39742
-249956.00,975399.0,39754
-248541.00,975178.0,39766
-248444.00,975236.0,39778
-248987.00,975436.0,39789
-249004.00,975954.0,39801
-249278.00,976422.0,39813
-248590.00,976427.0,39825
-248146.00,976329.0,39836
-248862.00,976397.0,39848
-249260.00,976240.0,39860
-249055.00,975891.0,39872
-248934.00,975552.0,39883
-248903.00,975624.0,39896
-248978.00,975597.0,39907
-249437.00,975417.0,39919
-249165.00,975361.0,39930
-248644.00,975672.0,39943
-248909.00,976027.0,39954
-249212.00,976289.0,39966
-249174.00,976491.0,39977
-248123.00,976425.0,39990
-248476.00,976554.0,40001
-249002.00,976215.0,40013
-249157.00,975855.0,40025
-249285.00,975614.0,40037
-248335.00,975370.0,40048
-248900.00,975325.0,40060
-249135.00,975399.0,40072
-249203.00,975380.0,40084
-248468.00,975706.0,40095
-248689.00,976003.0,40108
-249201.00,976246.0,40119
-248959.00,976563.0,40131
-248412.00,976398.0,40142
-248354.00,975958.0,40155
-249239.00,975647.0,40166
-248931.00,975502.0,40178
-248961.00,975437.0,40189
-249139.00,975338.0,40202
-248769.00,975440.0,40213
-249463.00,975595.0,40224
-249027.00,975743.0,40237
-248290.00,975998.0,40248
-248609.00,976192.0,40260
-248972.00,976135.0,40271
-249072.00,976134.0,40284
-248555.00,976219.0,40295
-248353.00,975922.0,40307
-248997.00,975800.0,40318
-249617.00,975678.0,40331
-249584.00,975358.0,40342
-248618.00,975473.0,40354
-248549.00,975632.0,40366
-248984.00,975742.0,40378
-249366.00,976019.0,40389
-249328.00,976186.0,40401
-248464.00,976298.0,40413
-248482.00,976229.0,40425
-249099.00,976422.0,40436
-249159.00,976143.0,40449
-248552.00,975694.0,40460
-248946.00,975915.0,40472
-249297.00,975779.0,40483
-249729.00