-253688.00,958042.0,8391
-254044.00,958060.0,8402
-254199.00,958073.0,8415
-254349.00,958263.0,8426
-253330.00,958421.0,8438
-254785.00,958421.0,8450
-252569.00,958947.0,8462
-253825.00,958638.0,8473
-256904.00,958676.0,8485
-251416.00,958164.0,8497
-252592.00,957947.0,8509
-257397.00,957873.0,8520
-253304.00,957885.0,8532
-253219.00,958082.0,8544
-253984.00,957854.0,8555
-254157.00,958421.0,8567
-255805.00,958768.0,8579
-251628.00,958868.0,8591
-254011.00,958724.0,8602
-255499.00,958623.0,8614
-252139.00,958696.0,8626
-255510.00,958220.0,8638
-254342.00,958113.0,8649
-251965.00,957998.0,8662
-255411.00,957969.0,8673
-255409.00,957953.0,8685
-252929.00,958027.0,8696
-254700.00,958445.0,8709
-253316.00,958767.0,8720
-254579.00,959037.0,8732
-254139.00,958998.0,8743
-251780.00,958862.0,8756
-256435.00,959064.0,8767
-252952.00,958536.0,8779
-258331.00,957986.0,8791
-251447.00,957684.0,8803
-252305.00,957672.0,8814
-256887.00,957853.0,8826
-253418.00,957936.0,8838
-253747.00,958157.0,8850
-255135.00,958094.0,8861
-252288.00,958396.0,8873
-254765.00,958678.0,8885
-255296.00,958702.0,8897
-252541.00,958706.0,8908
-253932.00,958435.0,8921
-253589.00,958260.0,8932
-255138.00,958106.0,8944
-255237.00,957929.0,8955
-252016.00,957727.0,8968
-254218.00,957706.0,8979
-255410.00,958115.0,8991
-253509.00,958145.0,9003
-254743.00,958406.0,9015
-253296.00,958796.0,9026
-253034.00,959137.0,9038
-255730.00,959063.0,9050
-253857.00,958775.0,9062
-252867.00,958513.0,9073
-253708.00,958154.0,9085
-253951.00,958056.0,9097
-255385.00,957652.0,9109
-254477.00,957411.0,9120
-253369.00,957968.0,9133
-253905.00,958290.0,9144
-254400.00,958729.0,9156
-253826.00,959140.0,9167
-252416.00,959077.0,9180
-253304.00,958747.0,9191
-256280.00,958624.0,9203
-254197.00,958375.0,9214
-251839.00,958152.0,9227
-254891.00,957952.0,9238
-254580.00,957867.0,9250
-254148.00,957686.0,9262
-255708.00,957609.0,9274
-252995.00,957758.0,9285
-252988.00,958375.0,9297
-255834.00,958922.0,9309
-254009.00,959002.0,9321
-252648.00,958882.0,9332
-253279.00,958461.0,9345
-254222.00,958543.0,9356
-254962.00,958302.0,9368
-254295.00,957894.0,9379
-253212.00,957774.0,9392
-253669.00,957681.0,9403
-254688.00,957758.0,9415
-255108.00,957832.0,9426
-254406.00,958306.0,9439
-252376.00,958856.0,9450
-253943.00,959143.0,9462
-255101.00,959100.0,9474
-253415.00,958658.0,9486
-253739.00,958576.0,9497
-252694.00,958554.0,9509
-253288.00,958388.0,9521
-255752.00,957898.0,9533
-254641.00,957490.0,9544
-253496.00,957657.0,9556
-254246.00,957999.0,9568
-254820.00,958539.0,9580
-253797.00,958820.0,9591
-252644.00,958751.0,9604
-253511.00,958841.0,9615
-255309.00,958607.0,9627
-254073.00,958604.0,9638
-253185.00,958361.0,9651
-253732.00,958035.0,9662
-253991.00,957749.0,9674
-255301.00,957591.0,9686
-254805.00,957746.0,9698
-253657.00,957844.0,9709
-253322.00,958208.0,9721
-253666.00,958643.0,9733
-254935.00,958834.0,9745
-254321.00,958960.0,9756
-252696.00,958926.0,9768
-253232.00,958952.0,9780
-254777.00,958723.0,9792
-254669.00,958255.0,9803
-254019.00,957585.0,9816
-253671.00,957402.0,9827
-254037.00,957711.0,9839
-255499.00,958061.0,9850
-254936.00,958441.0,9863
-253074.00,958903.0,9874
-253324.00,958968.0,9885
-254592.00,958941.0,9897
-254716.00,958701.0,9909
-253068.00,958453.0,9921
-252877.00,958499.0,9932
-254757.00,958421.0,9945
-255122.00,957953.0,9956
-254472.00,957438.0,9968
-252942.00,957514.0,9979
-253799.00,957715.0,9992
-255351.00,958129.0,10003
-254018.00,958491.0,10015
-252932.00,958531.0,10027
-253647.00,958701.0,10039
-254182.00,958942.0,10050
-254110.00,958995.0,10062
-254035.00,958585.0,10074
-253096.00,958115.0,10086
-253859.00,958046.0,10097
-254839.00,957720.0,10109
-255554.00,957411.0,10121
-254075.00,957823.0,10133
-251260.00,958010.0,10144
-255302.00,958533.0,10157
-255437.00,958561.0,10168
-251886.00,958869.0,10180
-255641.00,958986.0,10191
-252823.00,958720.0,10204
-252098.00,958791.0,10215
-256637.00,958481.0,10227
-253618.00,958159.0,10238
-252630.00,957781.0,10251
-255157.00,957684.0,10262
-254493.00,957769.0,10274
-254036.00,957962.0,10286
-254381.00,958293.0,10298
-253700.00,958592.0,10309
-254063.00,959103.0,10321
-3965.00,959184.0,10333
-252241.00,959337.0,10345
-254941.00,959082.0,10368
-255470.00,958345.0,10379
-252323.00,958054.0,10391
-255402.00,957707.0,10402
-254465.00,957293.0,10414
-251512.00,957602.0,10425
-257987.00,957783.0,10436
-254035.00,958104.0,10447
-249876.00,958596.0,10459
-257410.00,958572.0,10471
-253578.00,958708.0,10482
-250947.00,958669.0,10493
-256503.00,959003.0,10505
-253616.00,958818.0,10516
-252876.00,958456.0,10527
-256076.00,957877.0,10540
-253528.00,957428.0,10551
-253269.00,957326.0,10562
-254717.00,957409.0,10573
-254293.00,957725.0,10585
-254713.00,958250.0,10596
-252576.00,958792.0,10608
-254049.00,958957.0,10619
-255433.00,958958.0,10631
-251823.00,958923.0,10642
-254173.00,958432.0,10653
-255269.00,958218.0,10664
-251691.00,957956.0,10677
-256314.00,957896.0,10688
-255507.00,957618.0,10699
-251109.00,957690.0,10711
-255552.00,957813.0,10722
-254456.00,958060.0,10733
-253238.00,958336.0,10745
-255432.00,958587.0,10757
-252376.00,958766.0,10769
-253113.00,959021.0,10780
-255843.00,959140.0,10792
-253900.00,958498.0,10804
-253432.00,958272.0,10816
-253659.00,958011.0,10827
-254027.00,957737.0,10840
-255425.00,957949.0,10851
-254800.00,958015.0,10863
-252944.00,958066.0,10874
-253496.00,958304.0,10887
-254831.00,958693.0,10898
-254361.00,958820.0,10910
-253801.00,958921.0,10921
-252306.00,959063.0,10934
-252783.00,958994.0,10945
-255961.00,958549.0,10957
-254483.00,958122.0,10969
-253020.00,957478.0,10981
-253932.00,957403.0,10992
-253855.00,957700.0,11004
-254865.00,957816.0,11016
-255589.00,958151.0,11028
-253782.00,958343.0,11039
-251916.00,958854.0,11052
-253867.00,959475.0,11063
-255690.00,959456.0,11075
-253507.00,958787.0,11086
-252137.00,958237.0,11099
-253595.00,958069.0,11110
-254630.00,957951.0,11122
-253950.00,957949.0,11133
-254112.00,957804.0,11146
-252651.00,957945.0,11157
-255068.00,958261.0,11169
-255237.00,958518.0,11181
-252988.00,958625.0,11192
-252936.00,958635.0,11204
-253004.00,958893.0,11215
-255060.00,958586.0,11228
-254959.00,958409.0,11239
-252497.00,958021.0,11251
-252919.00,957899.0,11262
-255681.00,957750.0,11275
-254887.00,957476.0,11286
-253563.00,957557.0,11298
-254529.00,957977.0,11310
-253940.00,958355.0,11322
-253961.00,958922.0,11333
-254667.00,959286.0,11345
-253096.00,959379.0,11357
-252270.00,958897.0,11369
-254618.00,958716.0,11380
-254659.00,958484.0,11393
-253736.00,957838.0,11404
-254185.00,957524.0,11416
-253864.00,957500.0,11427
-253662.00,957797.0,11440
-255188.00,958009.0,11451
-254609.00,958673.0,11463
-253272.00,958928.0,11474
-253969.00,958953.0,11487
-253554.00,959176.0,11498
-253921.00,959020.0,11510
-252948.00,958999.0,11522
-254764.00,958589.0,11534
-254164.00,958137.0,11545
-253645.00,957729.0,11557
-253988.00,957605.0,11569
-253833.00,957715.0,11581
-254994.00,957954.0,11592
-254248.00,958182.0,11604
-253078.00,958512.0,11616
-253952.00,958680.0,11628
-254024.00,958583.0,11639
-254124.00,958704.0,11652
-253845.00,958721.0,11663
-252970.00,958636.0,11675
-253419.00,958402.0,11686
-254748.00,958165.0,11699
-254905.00,957765.0,11710
-254118.00,957570.0,11722
-253662.00,957766.0,11734
-253111.00,958290.0,11746
-255707.00,958606.0,11757
-254928.00,958777.0,11769
-251189.00,958582.0,11781
-254883.00,958549.0,11793
-255391.00,958744.0,11804
-252220.00,958621.0,11816
-254883.00,958551.0,11828
-254413.00,958379.0,11840
-252524.00,958194.0,11851
-255306.00,957922.0,11864
-255194.00,957918.0,11875
-253013.00,958105.0,11887
-254922.00,958203.0,11898
-254197.00,958451.0,11911
-253333.00,958743.0,11922
-253775.00,958794.0,11934
-254242.00,958969.0,11945
-253117.00,958817.0,11958
-254065.00,958134.0,11969
-255814.00,957730.0,11981
-252323.00,957699.0,11993
-253361.00,957810.0,12005
-256457.00,958009.0,12016
-253003.00,958285.0,12028
-253757.00,958022.0,12040
-254167.00,957993.0,12052
-253194.00,958312.0,12063
-255750.00,958696.0,12076
-253269.00,958806.0,12087
-252579.00,958796.0,12099
-254812.00,958598.0,12110
-253587.00,958086.0,12123
-254631.00,957975.0,12134
-254292.00,957767.0,12146
-253423.00,957743.0,12157
-255098.00,957855.0,12170
-254350.00,957940.0,12181
-254181.00,958252.0,12193
-253981.00,958504.0,12205
-252841.00,958861.0,12217
-254366.00,958974.0,12228
-255140.00,958863.0,12240
-252979.00,958531.0,12252
-253273.00,958055.0,12264
-254705.00,957836.0,12275
-254363.00,957756.0,12288
-253638.00,957927.0,12299
-254013.00,958038.0,12311
-255395.00,957947.0,12322
-253528.00,957865.0,12335
-253854.00,958209.0,12346
-253593.00,958992.0,12358
-252526.00,959118.0,12369
-255489.00,958931.0,12382
-253176.00,958533.0,12393
-253899.00,957954.0,12405
-254784.00,957844.0,12417
-252897.00,957694.0,12429
-256048.00,957404.0,12440
-254286.00,957589.0,12452
-251809.00,957898.0,12464
-254714.00,958463.0,12476
-255621.00,959017.0,12487
-253739.00,959174.0,12498
-252753.00,958879.0,12511
-253206.00,958511.0,12522
-253831.00,958323.0,12534
-255107.00,958026.0,12546
-254679.00,957876.0,12558
-252647.00,957918.0,12569
-253093.00,957793.0,12581
-256028.00,957825.0,12593
-255108.00,957774.0,12605
-252037.00,957903.0,12616
-253865.00,958491.0,12628
-254482.00,958856.0,12640
-253082.00,959047.0,12652
-255597.00,958701.0,12663
-251434.00,958625.0,12676
-255830.00,958187.0,12687
-255003.00,957860.0,12699
-253923.00,957600.0,12710
-253948.00,957444.0,12723
-252477.00,957500.0,12734
-255733.00,957836.0,12746
-255504.00,958367.0,12758
-253004.00,958511.0,12770
-252923.00,958723.0,12781
-253239.00,958812.0,12793
-255659.00,958623.0,12805
-254359.00,958445.0,12817
-252680.00,958136.0,12828
-253792.00,958088.0,12840
-253177.00,958014.0,12852
-255906.00,957950.0,12864
-255415.00,957686.0,12875
-251969.00,957524.0,12888
-253954.00,957921.0,12899
-255475.00,958550.0,12911
-253650.00,958819.0,12922
-253919.00,959062.0,12935
-253193.00,958855.0,12946
-252784.00,958772.0,12958
-255837.00,958437.0,12969
-254670.00,957927.0,12982
-252640.00,957738.0,12993
-253581.00,957702.0,13005
-254229.00,957861.0,13017
-255793.00,958015.0,13029
-254573.00,957952.0,13040
-252305.00,958130.0,13052
-253744.00,958658.0,13064
-254893.00,959006.0,13076
-254206.00,959004.0,13087
-252091.00,958991.0,13100
-253929.00,958715.0,13111
-255076.00,958250.0,13123
-254408.00,957773.0,13134
-253911.00,957359.0,13147
-253011.00,957221.0,13158
-254387.00,957487.0,13170
-255795.00,958092.0,13181
-254276.00,958350.0,13194
-252649.00,958472.0,13205
-252847.00,958794.0,13217
-254548.00,959034.0,13229
-255175.00,959185.0,13241
-253045.00,958797.0,13252
-253200.00,958182.0,13264
-254324.00,957843.0,13276
-254199.00,957634.0,13288
-255191.00,957429.0,13299
-253691.00,957569.0,13312
-252855.00,957883.0,13323
-255006.00,958039.0,13335
-255042.00,958430.0,13346
-254020.00,958873.0,13359
-252583.00,959021.0,13370
-252487.00,959198.0,13382
-255302.00,958948.0,13393
-254596.00,958254.0,13406
-252822.00,957717.0,13417
-254282.00,957592.0,13429
-254500.00,957502.0,13441
-254575.00,957604.0,13453
-253589.00,957790.0,13464
-253703.00,958031.0,13476
-254242.00,958474.0,13488
-254689.00,958892.0,13500
-253722.00,959173.0,13511
-252184.00,959129.0,13523
-253743.00,959130.0,13535
-255112.00,958782.0,13547
-253915.00,957931.0,13558
-254143.00,957253.0,13571
-253930.00,957091.0,13582
-253544.00,957093.0,13594
-255918.00,957325.0,13605
-254548.00,957745.0,13618
-252705.00,958430.0,13629
-254454.00,959058.0,13641
-253611.00,959364.0,13652
-253648.00,959282.0,13665
-254004.00,958754.0,13676
-252270.00,958307.0,13688
-254054.00,958112.0,13700
-255329.00,957841.0,13712
-254497.00,957399.0,13723
-253601.00,957205.0,13735
-253509.00,957287.0,13747
-255341.00,957586.0,13759
-254750.00,958066.0,13770
-253375.00,958948.0,13782
-253496.00,959477.0,13794
-252830.00,959662.0,13805
-253664.00,959613.0,13817
-254641.00,959121.0,13829
-253349.00,958473.0,13841
-254499.00,957764.0,13852
-254622.00,957061.0,13864
-254836.00,956771.0,13876
-253856.00,956810.0,13888
-253668.00,957437.0,13899
-255767.00,958282.0,13912
-254514.00,958890.0,13923
-252393.00,959126.0,13935
-253353.00,959251.0,13946
-253431.00,959392.0,13959
-253690.00,958941.0,13970
-255174.00,958505.0,13982
-253737.00,957958.0,13993
-252932.00,957240.0,14006
-254681.00,957287.0,14017
-255499.00,957141.0,14029
-254697.00,957505.0,14041
-253203.00,957966.0,14053
-253849.00,958432.0,14064
-253876.00,959037.0,14076
-253706.00,959252.0,14088
-254188.00,959289.0,14100
-252609.00,959252.0,14111
-253429.00,958904.0,14124
-254873.00,958210.0,14135
-253811.00,957758.0,14147
-253990.00,957455.0,14158
-254023.00,957347.0,14171
-254391.00,957656.0,14182
-255711.00,958025.0,14194
-254482.00,958370.0,14205
-252465.00,958836.0,14218
-253310.00,959295.0,14229
-254314.00,959611.0,14241
-253577.00,959361.0,14253
-253033.00,958868.0,14265
-253178.00,958305.0,14276
-254841.00,957943.0,14288
-255344.00,957458.0,14300
-253957.00,956919.0,14312
-253442.00,956894.0,14323
-254509.00,957278.0,14336
-255364.00,957887.0,14347
-254029.00,958399.0,14359
-252937.00,958806.0,14370
-253624.00,959121.0,14383
-253965.00,959246.0,14394
-254291.00,959164.0,14406
-253370.00,958593.0,14417
-252867.00,958176.0,14430
-254517.00,957634.0,14441
-254997.00,957158.0,14453
-255092.00,957000.0,14465
-254140.00,957367.0,14477
-253334.00,957901.0,14488
-254479.00,958417.0,14500
-254751.00,959196.0,14512
-254149.00,959405.0,14524
-253010.00,959582.0,14535
-252814.00,959496.0,14547
-254358.00,958937.0,14559
-254276.00,958150.0,14571
-253662.00,957425.0,14582
-254024.00,957260.0,14595
-254618.00,957353.0,14606
-254646.00,957462.0,14618
-253784.00,957920.0,14629
-253257.00,958268.0,14642
-254558.00,958622.0,14653
-254461.00,959124.0,14665
-253030.00,959299.0,14676
-252856.00,959193.0,14689
-253479.00,958990.0,14700
-254643.00,958548.0,14712
-254494.00,957909.0,14724
-254149.00,957241.0,14736
-254615.00,957114.0,14747
-253562.00,957120.0,14759
-255062.00,957547.0,14771
-255490.00,957966.0,14783
-252383.00,958651.0,14794
-253332.00,959096.0,14807
-254541.00,959275.0,14818
-253838.00,959374.0,14830
-253959.00,958728.0,14841
-253006.00,958188.0,14854
-253584.00,957931.0,14865
-255019.00,957703.0,14877
-254839.00,957365.0,14888
-253844.00,957266.0,14901
-253288.00,957674.0,14912
-254139.00,958118.0,14924
-254949.00,958497.0,14936
-254240.00,958907.0,14948
-253109.00,959205.0,14959
-253306.00,959333.0,14971
-253401.00,959244.0,14983
-254364.00,958912.0,14995
-254675.00,958258.0,15006
-253751.00,957805.0,15019
-255604.00,957407.0,15030
-254210.00,957108.0,15041
-254184.00,957171.0,15053
-253991.00,957511.0,15065
-253643.00,958046.0,15077
-254684.00,958631.0,15088
-254267.00,959104.0,15100
-253047.00,959335.0,15112
-253021.00,959227.0,15124
-254074.00,958965.0,15135
-254848.00,958500.0,15148
-253800.00,958063.0,15159
-253229.00,957556.0,15171
-254472.00,957179.0,15182
-255289.00,957185.0,15195
-254630.00,957395.0,15206
-253502.00,957809.0,15218
-253314.00,958447.0,15229
-254186.00,959167.0,15242
-254458.00,959561.0,15253
-253667.00,959169.0,15265
-252928.00,958889.0,15277
-253172.00,958605.0,15289
-254474.00,958271.0,15300
-255032.00,957843.0,15312
-254224.00,957376.0,15324
-253621.00,957291.0,15336
-254440.00,957589.0,15347
-255216.00,958193.0,15360
-253878.00,958787.0,15371
-253411.00,959058.0,15383
-253833.00,959364.0,15394
-253368.00,959462.0,15407
-254422.00,959186.0,15418
-253357.00,958777.0,15430
-253785.00,958392.0,15441
-254875.00,957941.0,15454
-254798.00,957450.0,15465
-254176.00,957443.0,15477
-253727.00,957443.0,15489
-254434.00,957645.0,15501
-254740.00,958197.0,15512
-253954.00,958593.0,15524
-253536.00,958968.0,15536
-253443.00,959400.0,15548
-253714.00,959363.0,15559
-254124.00,958887.0,15571
-253631.00,958133.0,15583
-253593.00,957743.0,15595
-254212.00,957575.0,15606
-254328.00,957560.0,15619
-254928.00,957535.0,15630
-254537.00,957705.0,15642
-253012.00,958169.0,15653
-254032.00,958440.0,15666
-254542.00,958875.0,15677
-253279.00,959293.0,15689
-253322.00,959445.0,15700
-253462.00,959164.0,15713
-253775.00,958604.0,15724
-254230.00,958155.0,15736
-254154.00,957651.0,15748
-254278.00,957459.0,15760
-253773.00,957596.0,15771
-254330.00,957838.0,15783
-255060.00,958083.0,15795
-253356.00,958402.0,15807
-253984.00,958979.0,15818
-254204.00,959004.0,15831
-253681.00,958900.0,15842
-253649.00,958605.0,15854
-253822.00,958250.0,15865
-253959.00,957919.0,15878
-255162.00,957682.0,15889
-254639.00,957702.0,15901
-253836.00,957507.0,15912
-254167.00,957509.0,15925
-254163.00,958010.0,15936
-254194.00,958524.0,15948
-253801.00,958818.0,15960
-253154.00,958980.0,15972
-253725.00,958835.0,15983
-254136.00,958688.0,15995
-254276.00,958564.0,16007
-253582.00,958102.0,16019
-253593.00,957872.0,16030
-254465.00,957771.0,16043
-254774.00,957724.0,16054
-254450.00,957563.0,16066
-253792.00,957744.0,16077
-253345.00,958384.0,16090
-253957.00,958796.0,16101
-255074.00,959100.0,16113
-253781.00,959066.0,16124
-252125.00,958943.0,16137
-253540.00,958900.0,16148
-254854.00,958479.0,16160
-254474.00,958153.0,16172
-254120.00,957784.0,16184
-254309.00,957561.0,16195
-254957.00,957465.0,16207
-254991.00,957561.0,16219
-253805.00,958080.0,16231
-252405.00,958615.0,16242
-254445.00,959152.0,16254
-254798.00,959188.0,16266
-252955.00,959137.0,16278
-252991.00,958766.0,16289
-253727.00,958390.0,16302
-254956.00,957794.0,16313
-255260.00,957350.0,16324
-253897.00,957084.0,16336
-253751.00,957215.0,16348
-254643.00,957690.0,16360
-254790.00,957987.0,16371
-254374.00,958421.0,16384
-253639.00,958891.0,16395
-252784.00,959217.0,16407
-254137.00,959594.0,16418
-254775.00,959221.0,16431
-253489.00,958764.0,16442
-252880.00,958164.0,16454
-254268.00,957885.0,16465
-254795.00,957715.0,16478
-253903.00,957409.0,16489
-254963.00,957432.0,16501
-254249.00,957825.0,16513
-252963.00,958291.0,16525
-254568.00,958625.0,16536
-255114.00,959097.0,16548
-252507.00,959435.0,16560
-252701.00,959210.0,16572
-254087.00,958942.0,16583
-253795.00,958450.0,16595
-253347.00,957885.0,16607
-254129.00,957503.0,16619
-255093.00,957508.0,16630
-254120.00,957504.0,16643
-253981.00,957543.0,16654
-253794.00,958036.0,16666
-253743.00,958496.0,16677
-254669.00,958896.0,16690
-254324.00,959143.0,16701
-252661.00,959070.0,16713
-252967.00,958894.0,16724
-254228.00,958790.0,16737
-254918.00,958387.0,16748
-254063.00,957861.0,16760
-253157.00,957391.0,16772
-254496.00,957373.0,16784
-254661.00,957505.0,16795
-254608.00,957867.0,16807
-254451.00,958425.0,16819
-252508.00,958972.0,16831
-253611.00,959270.0,16842
-255383.00,959152.0,16855
-253454.00,958862.0,16866
-252508.00,958512.0,16878
-253676.00,958088.0,16889
-254662.00,957896.0,16902
-255002.00,957521.0,16913
-254158.00,957318.0,16925
-253257.00,957689.0,16936
-254554.00,958236.0,16949
-254860.00,958482.0,16960
-253841.00,958828.0,16972
-252869.00,959016.0,16984
-253239.00,959052.0,16996
-255051.00,959115.0,17007
-254152.00,958753.0,17019
-253463.00,958335.0,17031
-253350.00,957730.0,17043
-254214.00,957486.0,17054
-255105.00,957488.0,17067
-254430.00,957562.0,17078
-254249.00,957867.0,17090
-253654.00,958157.0,17101
-253856.00,958523.0,17114
-254574.00,959039.0,17125
-253595.00,959392.0,17137
-252899.00,959358.0,17148
-254228.00,958980.0,17161
-254658.00,958490.0,17172
-253594.00,957890.0,17184
-253610.00,957658.0,17196
-254336.00,957625.0,17208
-254800.00,957763.0,17219
-254830.00,958025.0,17231
-253852.00,958311.0,17243
-253657.00,958723.0,17255
-254114.00,959014.0,17266
-253961.00,959108.0,17278
-253949.00,958953.0,17290
-253376.00,958650.0,17302
-253468.00,958476.0,17313
-254356.00,958085.0,17326
-254564.00,957830.0,17337
-254302.00,957393.0,17349
-254433.00,957543.0,17360
-254662.00,957968.0,17373
-254144.00,958276.0,17384
-254000.00,958557.0,17396
-252974.00,958868.0,17408
-253360.00,959020.0,17420
-254460.00,958982.0,17431
-253961.00,958762.0,17443
-253303.00,958294.0,17455
-253475.00,957817.0,17467
-254342.00,957732.0,17478
-254667.00,957528.0,17490
-254628.00,957446.0,17502
-254187.00,957401.0,17514
-253269.00,957845.0,17525
-254225.00,958471.0,17538
-254939.00,958696.0,17549
-253768.00,959069.0,17561
-252660.00,959098.0,17572
-254014.00,958931.0,17584
-254590.00,958811.0,17596
-253738.00,958560.0,17607
-254193.00,958054.0,17619
-253798.00,957736.0,17631
-254084.00,957540.0,17643
-255034.00,957515.0,17654
-254748.00,957765.0,17667
-253576.00,958052.0,17678
-253181.00,958614.0,17690
-254201.00,958975.0,17701
-254648.00,959271.0,17714
-253908.00,959192.0,17725
-252890.00,958896.0,17737
-253542.00,958569.0,17748
-254397.00,958038.0,17761
-254651.00,957745.0,17772
-253557.00,957642.0,17784
-253904.00,957550.0,17796
-255016.00,957839.0,17808
-254034.00,958102.0,17819
-253792.00,958484.0,17831
-253749.00,958683.0,17843
-253732.00,959054.0,17855
-253758.00,959208.0,17866
-253887.00,958879.0,17879
-253986.00,958483.0,17890
-253910.00,958058.0,17902
-254455.00,957701.0,17913
-254899.00,957681.0,17926
-254556.00,957764.0,17937
-253787.00,957816.0,17949
-253790.00,958127.0,17960
-254271.00,958545.0,17973
-254043.00,958722.0,17984
-253909.00,959046.0,17996
-253448.00,959108.0,18008
-253766.00,958876.0,18020
-254097.00,958592.0,18031
-253281.00,958244.0,18043
-253995.00,958056.0,18055
-254917.00,957789.0,18067
-254071.00,957626.0,18078
-254150.00,957654.0,18091
-254041.00,957973.0,18102
-253829.00,958388.0,18114
-254730.00,958698.0,18125
-254341.00,959064.0,18138
-253460.00,959136.0,18149
-254172.00,958915.0,18161
-254344.00,958571.0,18172
-253857.00,958213.0,18185
-253556.00,957876.0,18196
-254141.00,957623.0,18208
-254587.00,957598.0,18220
-254416.00,957570.0,18232
-254044.00,957641.0,18243
-253730.00,958221.0,18255
-253781.00,958803.0,18267
-253993.00,959243.0,18279
-254209.00,959012.0,18290
-253307.00,958843.0,18302
-253082.00,958699.0,18314
-254114.00,958535.0,18326
-254621.00,958316.0,18337
-254302.00,958026.0,18350
-253472.00,957874.0,18361
-254206.00,957682.0,18373
-255068.00,957669.0,18384
-254306.00,958006.0,18397
-253699.00,958506.0,18408
-253849.00,958797.0,18420
-253793.00,958968.0,18432
-254119.00,958918.0,18444
-254081.00,958781.0,18455
-253387.00,958638.0,18467
-253436.00,958554.0,18479
-253962.00,958362.0,18491
-254540.00,958323.0,18502
-254666.00,958005.0,18514
-252503.00,957861.0,18526
-254131.00,958086.0,18538
-252786.00,958043.0,18549
-254672.00,958161.0,18562
-253680.00,958484.0,18573
-254058.00,958776.0,18585
-253549.00,959161.0,18596
-254073.00,959043.0,18609
-253187.00,958508.0,18620
-254023.00,957960.0,18632
-254623.00,957750.0,18643
-253962.00,957842.0,18656
-254052.00,957756.0,18667
-254272.00,958023.0,18679
-254867.00,958066.0,18691
-253244.00,958243.0,18703
-254289.00,958513.0,18714
-254908.00,958799.0,18726
-252615.00,958901.0,18738
-254189.00,958915.0,18750
-254303.00,958665.0,18761
-252728.00,958490.0,18774
-254805.00,958056.0,18785
-254536.00,958014.0,18797
-253699.00,957884.0,18808
-254191.00,957931.0,18821
-253824.00,957990.0,18832
-254619.00,958171.0,18844
-254482.00,958591.0,18855
-253539.00,958520.0,18868
-253560.00,958907.0,18879
-253844.00,958927.0,18890
-253848.00,958999.0,18903
-253868.00,958653.0,18914
-254291.00,958340.0,18926
-254384.00,958122.0,18937
-253337.00,957645.0,18950
-254156.00,957650.0,18961
-254033.00,957739.0,18973
-254133.00,958071.0,18984
-254890.00,958418.0,18997
-254322.00,958468.0,19008
-252673.00,958839.0,19020
-253326.00,959016.0,19032
-253895.00,958705.0,19044
-254736.00,958662.0,19055
-254263.00,958203.0,19067
-252942.00,957895.0,19079
-254484.00,957805.0,19091
-254224.00,957640.0,19102
-254155.00,957542.0,19115
-254743.00,957813.0,19126
-253556.00,958398.0,19138
-254242.00,958659.0,19149
-253984.00,958800.0,19162
-253487.00,958763.0,19173
-253746.00,958591.0,19185
-253616.00,958586.0,19196
-254327.00,958309.0,19209
-254593.00,958305.0,19220
-253906.00,958075.0,19232
-253460.00,957759.0,19244
-254555.00,957657.0,19256
-255126.00,957761.0,19267
-253910.00,958261.0,19279
-254009.00,958654.0,19291
-253486.00,958929.0,19303
-254056.00,958885.0,19314
-253743.00,958880.0,19326
-253941.00,958618.0,19338
-253204.00,958443.0,19350
-254173.00,958307.0,19361
-254490.00,958049.0,19374
-253768.00,957878.0,19385
-254030.00,957494.0,19397
-254541.00,957588.0,19408
-254548.00,957942.0,19421
-253553.00,958206.0,19432
-253731.00,958631.0,19444
-253331.00,958810.0,19456
-254059.00,958617.0,19468
-254735.00,958836.0,19479
-253211.00,958639.0,19491
-253806.00,958421.0,19503
-253596.00,958214.0,19515
-253827.00,957913.0,19526
-256350.00,957794.0,19538
-253332.00,957728.0,19550
-252554.00,958058.0,19562
-255381.00,958589.0,19573
-253863.00,958662.0,19586
-253989.00,958759.0,19597
-253637.00,958828.0,19609
-253152.00,958876.0,19620
-255300.00,958874.0,19633
-253318.00,958549.0,19644
-253784.00,958100.0,19656
-255167.00,957905.0,19667
-251948.00,957970.0,19680
-255268.00,958169.0,19691
-251558.00,958005.0,19703
-254101.00,958303.0,19715
-254047.00,958485.0,19727
-254265.00,958627.0,19738
-255112.00,958641.0,19750
-251825.00,958480.0,19762
-254864.00,958197.0,19774
-253617.00,958446.0,19785
-253030.00,958172.0,19798
-255714.00,958151.0,19809
-252901.00,957426.0,19821
-255584.00,957756.0,19832
-253130.00,958016.0,19845
-253334.00,958085.0,19856
-256965.00,958503.0,19868
-251259.00,958532.0,19879
-253275.00,958815.0,19892
-255909.00,958949.0,19903
-253162.00,958812.0,19915
-253476.00,958691.0,19927
-253772.00,958068.0,19939
-253871.00,958176.0,19950
-254246.00,957707.0,19962
-255082.00,957881.0,19974
-254567.00,957729.0,19986
-253469.00,958382.0,19997
-252588.00,958581.0,20009
-255146.00,958579.0,20021
-255918.00,958996.0,20033
-250745.00,958778.0,20044
-254923.00,958845.0,20057
-255662.00,958739.0,20068
-251306.00,958605.0,20080
-256028.00,958134.0,20091
-253640.00,957700.0,20103
-255527.00,958073.0,20115
-252556.00,957835.0,20126
-255271.00,957808.0,20139
-253832.00,958345.0,20150
-252575.00,958422.0,20162
-255388.00,958481.0,20173
-253882.00,958597.0,20186
-252783.00,958744.0,20197
-254511.00,958772.0,20209
-253798.00,958391.0,20220
-254346.00,958106.0,20233
-255087.00,957917.0,20244
-252778.00,957732.0,20256
-254674.00,957819.0,20268
-255306.00,957951.0,20280
-253046.00,958300.0,20291
-255006.00,958458.0,20303
-254138.00,958731.0,20315
-252217.00,959036.0,20327
-255212.00,959153.0,20338
-253574.00,958828.0,20350
-253115.00,958600.0,20362
-255020.00,958212.0,20374
-252976.00,957942.0,20385
-255011.00,957855.0,20398
-254318.00,957858.0,20409
-252304.00,957833.0,20421
-255784.00,958388.0,20432
-254323.00,958630.0,20445
-252651.00,958807.0,20456
-254656.00,958972.0,20468
-253342.00,958818.0,20480
-255113.00,958697.0,20492
-254249.00,958404.0,20503
-253148.00,958188.0,20515
-254335.00,958030.0,20527
-254505.00,958001.0,20539
-254044.00,957911.0,20550
-254392.00,957970.0,20562
-253759.00,958197.0,20574
-253922.00,958338.0,20586
-254042.00,958328.0,20597
-253536.00,958404.0,20610
-254445.00,958401.0,20621
-254288.00,958477.0,20633
-253305.00,958438.0,20644
-254210.00,958537.0,20657
-253688.00,958473.0,20668
-253124.00,958083.0,20680
-254912.00,957986.0,20691
-254325.00,957891.0,20704
-254085.00,958111.0,20715
-254183.00,958214.0,20727
-252874.00,958509.0,20739
-254890.00,958619.0,20751
-254421.00,958681.0,20762
-252333.00,958840.0,20774
-254953.00,958673.0,20786
-254045.00,958755.0,20798
-252554.00,958501.0,20809
-255077.00,958128.0,20822
-254243.00,958006.0,20833
-253606.00,957877.0,20845
-254871.00,957974.0,20856
-253714.00,958046.0,20869
-252856.00,958473.0,20880
-253640.00,958377.0,20892
-256343.00,958757.0,20903
-251172.00,958903.0,20916
-253167.00,958721.0,20927
-257489.00,958771.0,20939
-252551.00,958362.0,20951
-251997.00,958307.0,20963
-256523.00,957936.0,20974
-253837.00,957856.0,20986
-253637.00,958063.0,20998
-254148.00,957843.0,21010
-253369.00,958214.0,21021
-256096.00,958268.0,21033
-253085.00,958573.0,21045
-254166.00,958827.0,21057
-254729.00,958754.0,21068
-251581.00,958699.0,21081
-255193.00,958639.0,21092
-255155.00,958661.0,21104
-251929.00,958131.0,21115
-254934.00,958047.0,21128
-254514.00,958128.0,21139
-253076.00,958076.0,21151
-255535.00,958157.0,21163
-253639.00,958133.0,21175
-253416.00,958436.0,21186
-254508.00,958570.0,21198
-253582.00,958826.0,21210
-255549.00,959005.0,21222
-253534.00,958644.0,21233
-252176.00,958424.0,21245
-255580.00,958353.0,21257
-252984.00,958218.0,21269
-255297.00,958117.0,21280
-253414.00,957879.0,21293
-254163.00,958054.0,21304
-255074.00,958020.0,21316
-252768.00,958238.0,21327
-254278.00,958449.0,21340
-254570.00,958504.0,21351
-253512.00,958779.0,21362
-254769.00,958778.0,21374
-253196.00,958613.0,21386
-253310.00,958333.0,21398
-254657.00,958172.0,21409
-253940.00,958011.0,21422
-254359.00,957792.0,21433
-253586.00,957794.0,21445
-254205.00,957953.0,21456
-255314.00,958313.0,21469
-253241.00,958374.0,21480
-253766.00,958392.0,21492
-254327.00,958630.0,21504
-253673.00,958721.0,21516
-254452.00,958880.0,21527
-254155.00,958671.0,21539
-253339.00,958481.0,21551
-253641.00,958336.0,21563
-254597.00,958288.0,21574
-254290.00,958152.0,21586
-253627.00,958101.0,21598
-254137.00,958343.0,21610
-253991.00,958504.0,21621
-254621.00,958552.0,21634
-254075.00,958713.0,21645
-253964.00,958598.0,21657
-254260.00,958594.0,21668
-254065.00,958401.0,21681
-253663.00,958239.0,21692
-253908.00,958096.0,21704
-253937.00,957939.0,21715
-254291.00,958105.0,21728
-254564.00,958138.0,21739
-253847.00,957900.0,21751
-253705.00,958060.0,21763
-253809.00,958376.0,21775
-255776.00,958521.0,21786
-254107.00,958318.0,21798
-251335.00,958533.0,21810
-254883.00,958407.0,21822
-255548.00,958467.0,21833
-252786.00,958413.0,21846
-253988.00,958094.0,21857
-254016.00,958369.0,21869
-253797.00,958249.0,21880
-254859.00,958251.0,21893
-253571.00,958062.0,21904
-254140.00,958126.0,21916
-254176.00,958537.0,21927
-253654.00,958756.0,21940
-255445.00,958860.0,21951
-253186.00,958732.0,21963
-253155.00,958899.0,21975
-255041.00,958906.0,21987
-252750.00,958564.0,21998
-254501.00,958334.0,22010
-254857.00,958044.0,22022
-252717.00,957976.0,22034
-254816.00,957878.0,22045
-253343.00,957944.0,22057
-254164.00,958258.0,22069
-253516.00,958425.0,22081
-253922.00,958565.0,22092
-255036.00,958686.0,22105
-252893.00,958531.0,22116
-253789.00,958426.0,22128
-254662.00,958300.0,22139
-253411.00,958111.0,22152
-254868.00,957836.0,22163
-253586.00,957922.0,22175
-253714.00,958151.0,22187
-255774.00,958172.0,22199
-253419.00,958394.0,22210
-253486.00,958338.0,22222
-254551.00,958491.0,22234
-252977.00,958571.0,22246
-254438.00,958661.0,22257
-254507.00,958590.0,22269
-252757.00,958477.0,22281
-254279.00,958649.0,22293
-254229.00,958327.0,22304
-254232.00,958172.0,22317
-254377.00,958155.0,22328
-253137.00,958069.0,22340
-254677.00,958328.0,22351
-254369.00,958387.0,22364
-253343.00,958530.0,22375
-254793.00,958554.0,22387
-253160.00,958703.0,22398
-253148.00,958846.0,22411
-254966.00,958567.0,22422
-253359.00,958417.0,22434
-254071.00,958013.0,22446
-254621.00,957779.0,22458
-254287.00,957866.0,22469
-253858.00,957897.0,22481
-254030.00,958078.0,22493
-254489.00,958252.0,22505
-254159.00,958548.0,22516
-254211.00,958686.0,22529
-253850.00,958754.0,22540
-252654.00,958884.0,22551
-254281.00,958672.0,22563
-254468.00,958517.0,22575
-254135.00,958069.0,22587
-254448.00,957709.0,22598
-253480.00,957968.0,22610
-254598.00,957877.0,22622
-254602.00,958100.0,22634
-253586.00,958164.0,22645
-253881.00,958563.0,22658
-253889.00,958739.0,22669
-254244.00,958746.0,22681
-253978.00,958777.0,22692
-253357.00,958527.0,22705
-254134.00,958324.0,22716
-254022.00,957912.0,22728
-254253.00,958054.0,22739
-254693.00,957940.0,22752
-253388.00,957877.0,22763
-254031.00,958419.0,22775
-254941.00,958410.0,22787
-253479.00,958602.0,22799
-253757.00,958700.0,22810
-3959.00,958902.0,22822
-4718593.00,958886.0,22834
-254066.00,958614.0,22846
-253194.00,958423.0,22857
-254373.00,958110.0,22870
-254342.00,958079.0,22881
-254518.00,957942.0,22893
-254334.00,957771.0,22904
-253028.00,957811.0,22917
-253952.00,957981.0,22928
-254374.00,958364.0,22940
-253696.00,958724.0,22951
-253542.00,958840.0,22964
-252968.00,958953.0,22975
-254044.00,958841.0,22987
-255250.00,958489.0,22999
-253904.00,958181.0,23011
-253454.00,957831.0,23022
-254076.00,957944.0,23034
-254495.00,957975.0,23046
-254839.00,957842.0,23058
-254004.00,957938.0,23069
-253226.00,958308.0,23081
-254232.00,958637.0,23093
-254186.00,958867.0,23105
-253998.00,958986.0,23116
-253833.00,958851.0,23129
-253305.00,958759.0,23140
-254450.00,958463.0,23152
-254573.00,957958.0,23163
-254124.00,957915.0,23176
-254475.00,957798.0,23187
-253519.00,957910.0,23199
-254062.00,958221.0,23211
-253678.00,958672.0,23223
-253553.00,959001.0,23234
-253592.00,959030.0,23246
-253880.00,958976.0,23258
-254316.00,958699.0,23270
-253606.00,958360.0,23281
-254133.00,958064.0,23293
-254262.00,957799.0,23305
-253952.00,957517.0,23317
-254496.00,957616.0,23328
-254483.00,957805.0,23341
-254029.00,958023.0,23352
-254456.00,958417.0,23364
-253953.00,958902.0,23375
-253348.00,958992.0,23388
-254283.00,959044.0,23399
-253674.00,958764.0,23411
-253762.00,958404.0,23422
-254782.00,958181.0,23435
-253406.00,957964.0,23446
-253901.00,958139.0,23458
-254816.00,957989.0,23470
-254121.00,957765.0,23482
-254210.00,957923.0,23493
-254167.00,958130.0,23505
-254287.00,958367.0,23517
-253926.00,958750.0,23529
-253467.00,958900.0,23540
-253999.00,958792.0,23553
-253669.00,958735.0,23564
-253788.00,958573.0,23576
-254708.00,958439.0,23587
-254019.00,958195.0,23600
-254025.00,958106.0,23611
-254222.00,957834.0,23623
-254556.00,957923.0,23634
-254193.00,958119.0,23647
-253905.00,958546.0,23658
-253585.00,958982.0,23670
-253762.00,959048.0,23682
-254402.00,958848.0,23694
-253845.00,958717.0,23705
-253376.00,958385.0,23717
-254061.00,958095.0,23729
-254821.00,958013.0,23741
-254341.00,957744.0,23752
-253709.00,957762.0,23764
-254273.00,958050.0,23776
-254019.00,958377.0,23788
-254266.00,958679.0,23799
-254374.00,958780.0,23811
-253494.00,958854.0,23823
-253400.00,958959.0,23834
-253813.00,958974.0,23846
-254325.00,958607.0,23858
-253921.00,958227.0,23870
-254086.00,957754.0,23881
-254282.00,957634.0,23894
-253709.00,957810.0,23905
-254545.00,957944.0,23917
-254191.00,958245.0,23928
-253451.00,958533.0,23941
-253963.00,958822.0,23952
-253800.00,959023.0,23964
-253686.00,958907.0,23975
-253888.00,958708.0,23988
-253914.00,958626.0,23999
-253987.00,958424.0,24011
-254770.00,957900.0,24023
-254534.00,957713.0,24035
-253865.00,957671.0,24046
-254170.00,957711.0,24058
-254154.00,958030.0,24070
-253968.00,958473.0,24082
-254194.00,958586.0,24093
-254081.00,958743.0,24105
-253291.00,958987.0,24117
-253568.00,959001.0,24129
-254415.00,958498.0,24140
-254213.00,958240.0,24153
-254157.00,957981.0,24164
-253921.00,957706.0,24176
-254391.00,957700.0,24187
-254672.00,957894.0,24200
-253833.00,958151.0,24211
-253925.00,958398.0,24223
-253803.00,958738.0,24235
-253613.00,958995.0,24247
-254452.00,959007.0,24258
-253843.00,958751.0,24270
-253347.00,958449.0,24282
-254274.00,958591.0,24294
-254312.00,958399.0,24305
-253663.00,958146.0,24317
-254112.00,957985.0,24329
-254379.00,958090.0,24341
-254088.00,958130.0,24352
-253964.00,958301.0,24365
-254088.00,958650.0,24376
-253829.00,958722.0,24388
-253629.00,958806.0,24399
-254188.00,958798.0,24412
-253753.00,958783.0,24423
-253774.00,958582.0,24435
-254108.00,958361.0,24446
-253534.00,958283.0,24459
-254323.00,958169.0,24470
-254558.00,957988.0,24482
-253490.00,958038.0,24494
-254509.00,958158.0,24506
-254221.00,958178.0,24517
-253695.00,958433.0,24529
-253923.00,958823.0,24541
-253792.00,958951.0,24553
-253761.00,958976.0,24564
-254109.00,958792.0,24577
-254199.00,958317.0,24588
-253632.00,958080.0,24600
-254013.00,957789.0,24611
-254649.00,957655.0,24624
-254294.00,957903.0,24635
-253784.00,958113.0,24647
-254013.00,958458.0,24658
-254265.00,958838.0,24671
-253691.00,958929.0,24682
-253810.00,958914.0,24694
-254171.00,958736.0,24706
-253207.00,958558.0,24718
-254120.00,958388.0,24729
-254738.00,958157.0,24741
-253431.00,957979.0,24753
-254321.00,957992.0,24765
-253989.00,958091.0,24776
-253798.00,958175.0,24788
-254044.00,958225.0,24800
-254280.00,958406.0,24812
-253665.00,958695.0,24823
-253928.00,958703.0,24836
-253978.00,958529.0,24847
-253439.00,958831.0,24859
-253907.00,958812.0,24870
-254664.00,958644.0,24883
-253997.00,958291.0,24894
-253374.00,958017.0,24906
-254352.00,958010.0,24918
-254466.00,958019.0,24930
-254040.00,958181.0,24941
-254240.00,958236.0,24953
-253799.00,958438.0,24965
-253402.00,958639.0,24977
-254471.00,958801.0,24988
-254043.00,958769.0,25000
-252840.00,958676.0,25012
-254205.00,958478.0,25024
-254756.00,958092.0,25035
-254046.00,957819.0,25048
-253999.00,957798.0,25059
-253846.00,957908.0,25071
-254365.00,958100.0,25082
-254325.00,958427.0,25094
-254459.00,958453.0,25106
-253958.00,958614.0,25117
-252941.00,958857.0,25129
-254219.00,958930.0,25141
-254694.00,958771.0,25153
-253557.00,958530.0,25164
-254425.00,958303.0,25177
-254054.00,958145.0,25188
-254724.00,957877.0,25200
-254332.00,957825.0,25211
-253109.00,957988.0,25224
-254327.00,958145.0,25235
-254642.00,958340.0,25247
-253898.00,958604.0,25259
-253883.00,958763.0,25271
-253900.00,958742.0,25282
-254216.00,958823.0,25294
-254168.00,958710.0,25306
-253810.00,958393.0,25318
-253759.00,958119.0,25329
-253433.00,957913.0,25341
-254550.00,958002.0,25353
-254716.00,958224.0,25365
-253713.00,958404.0,25376
-254211.00,958325.0,25389
-253891.00,958394.0,25400
-253701.00,958627.0,25412
-254249.00,958740.0,25423
-253843.00,958778.0,25436
-253230.00,958505.0,25447
-254206.00,958461.0,25459
-254665.00,958498.0,25470
-253665.00,958412.0,25483
-254184.00,958284.0,25494
-254102.00,958139.0,25506
-253296.00,958123.0,25518
-255746.00,958574.0,25530
-253100.00,958354.0,25541
-256249.00,958545.0,25553
-252414.00,958790.0,25565
-252413.00,958850.0,25577
-255611.00,958691.0,25588
-254327.00,958372.0,25601
-252645.00,958311.0,25612
-254014.00,957942.0,25624
-254800.00,957812.0,25635
-254181.00,957735.0,25648
-254153.00,957881.0,25659
-253778.00,958285.0,25671
-254010.00,958441.0,25682
-253728.00,958917.0,25695
-254931.00,959111.0,25706
-253258.00,959095.0,25718
-251769.00,958889.0,25730
-255978.00,958364.0,25742
-254407.00,958223.0,25753
-252655.00,957959.0,25765
-255463.00,957763.0,25777
-253472.00,957828.0,25789
-253539.00,958014.0,25800
-255711.00,958071.0,25812
-253570.00,958001.0,25824
-253689.00,958708.0,25836
-253525.00,959093.0,25847
-253565.00,959208.0,25860
-255237.00,959035.0,25871
-253375.00,958631.0,25883
-252975.00,958610.0,25894
-254035.00,958072.0,25907
-253981.00,958050.0,25918
-254878.00,958051.0,25930
-254542.00,958074.0,25942
-254532.00,958199.0,25954
-254649.00,958084.0,25965
-253269.00,958284.0,25977
-253504.00,958369.0,25989
-253668.00,958502.0,26001
-254460.00,958818.0,26012
-254546.00,958974.0,26024
-252700.00,958665.0,26036
-253747.00,958193.0,26048
-254931.00,957982.0,26059
-254317.00,957730.0,26072
-254675.00,957640.0,26083
-253424.00,957955.0,26095
-253376.00,958208.0,26106
-255287.00,958814.0,26119
-253859.00,958982.0,26130
-253373.00,958909.0,26142
-253986.00,958981.0,26153
-253210.00,958678.0,26166
-254049.00,958552.0,26177
-254439.00,958214.0,26189
-253290.00,958140.0,26201
-253730.00,958218.0,26213
-254850.00,958183.0,26224
-254249.00,958137.0,26236
-253911.00,958078.0,26248
-254264.00,958413.0,26260
-253703.00,958678.0,26271
-253779.00,958901.0,26284
-254444.00,959110.0,26295
-253785.00,958964.0,26306
-252769.00,958845.0,26318
-253786.00,958560.0,26330
-254268.00,958132.0,26342
-253446.00,957833.0,26353
-254001.00,957845.0,26365
-254127.00,957982.0,26377
-254838.00,958141.0,26389
-254314.00,958211.0,26400
-253212.00,958414.0,26413
-253685.00,958777.0,26424
-254419.00,958926.0,26436
-253726.00,958656.0,26447
-253441.00,958557.0,26460
-253606.00,958331.0,26471
-253512.00,958074.0,26483
-254854.00,958223.0,26494
-254695.00,958191.0,26507
-253396.00,958173.0,26518
-253719.00,958007.0,26530
-254149.00,958303.0,26542
-254174.00,958499.0,26554
-254432.00,958572.0,26565
-253713.00,958754.0,26577
-252709.00,958825.0,26589
-254177.00,958851.0,26601
-255152.00,958525.0,26612
-253811.00,958186.0,26625
-253616.00,958021.0,26636
-254009.00,958173.0,26648
-254212.00,958220.0,26659
-254789.00,958008.0,26672
-254328.00,957987.0,26683
-253440.00,958395.0,26695
-253597.00,958735.0,26706
-254572.00,958916.0,26719
-253020.00,958644.0,26730
-252963.00,958501.0,26742
-254704.00,958544.0,26754
-254244.00,958458.0,26766
-254825.00,958349.0,26777
-252763.00,958149.0,26789
-253699.00,957869.0,26801
-256034.00,958156.0,26813
-253676.00,958172.0,26824
-253808.00,958313.0,26836
-253593.00,958488.0,26848
-253931.00,958740.0,26860
-254387.00,958724.0,26871
-253693.00,958442.0,26884
-253803.00,958459.0,26895
-253761.00,958257.0,26907
-253802.00,958257.0,26918
-254274.00,958198.0,26931
-254118.00,958195.0,26942
-253110.00,958349.0,26954
-254853.00,958045.0,26966
-254239.00,958213.0,26978
-253059.00,958304.0,26989
-255129.00,958605.0,27001
-254232.00,958651.0,27013
-253058.00,958673.0,27025
-254977.00,958748.0,27036
-253769.00,958671.0,27048
-253304.00,958561.0,27060
-254370.00,958311.0,27072
-254199.00,958090.0,27083
-254687.00,958050.0,27096
-253440.00,958000.0,27107
-254943.00,958250.0,27119
-253557.00,958558.0,27130
-254223.00,958731.0,27143
-254257.00,958589.0,27154
-253030.00,958359.0,27166
-254619.00,958542.0,27177
-254567.00,958540.0,27190
-252919.00,958282.0,27201
-254301.00,958088.0,27213
-254273.00,958010.0,27225
-253847.00,958127.0,27237
-254559.00,958185.0,27248
-253867.00,958235.0,27260
-253982.00,958459.0,27272
-254383.00,958502.0,27284
-254033.00,958458.0,27295
-253800.00,958465.0,27308
-253958.00,958463.0,27319
-253812.00,958491.0,27331
-255111.00,958356.0,27342
-253939.00,958161.0,27355
-252748.00,958129.0,27366
-254866.00,958394.0,27378
-253623.00,958540.0,27389
-253892.00,958589.0,27402
-255162.00,958555.0,27413
-253176.00,958417.0,27425
-253555.00,958494.0,27437
-254696.00,958470.0,27449
-253976.00,958583.0,27460
-253419.00,958474.0,27472
-253671.00,958266.0,27484
-254196.00,958477.0,27496
-254371.00,958280.0,27507
-253553.00,958222.0,27520
-253919.00,958063.0,27531
-253903.00,958193.0,27543
-254628.00,958280.0,27554
-254492.00,958327.0,27566
-252882.00,958632.0,27578
-254268.00,958656.0,27589
-254620.00,958646.0,27601
-253648.00,958475.0,27613
-254237.00,958445.0,27625
-253455.00,958348.0,27636
-253784.00,958144.0,27649
-255215.00,958168.0,27660
-253994.00,958131.0,27672
-253408.00,958302.0,27683
-254400.00,958392.0,27696
-253888.00,958421.0,27707
-253904.00,958730.0,27719
-254021.00,958581.0,27730
-253681.00,958507.0,27743
-253919.00,958672.0,27754
-253793.00,958332.0,27766
-254325.00,958392.0,27778
-253945.00,958299.0,27790
-253230.00,958038.0,27801
-254729.00,958090.0,27813
-254704.00,958265.0,27825
-254309.00,958414.0,27837
-252436.00,958340.0,27848
-254968.00,958812.0,27860
-254843.00,958548.0,27872
-253212.00,958621.0,27884
-252627.00,958322.0,27895
-254881.00,958161.0,27908
-254609.00,958156.0,27919
-253236.00,958014.0,27931
-254352.00,958224.0,27942
-253653.00,958175.0,27955
-254548.00,958394.0,27966
-254670.00,958306.0,27978
-253710.00,958345.0,27990
-252760.00,958495.0,28002
-254676.00,958609.0,28013
-254441.00,958719.0,28025
-253515.00,958408.0,28037
-254746.00,958342.0,28049
-252841.00,958254.0,28060
-253629.00,958345.0,28072
-255596.00,958255.0,28084
-253588.00,958184.0,28096
-253490.00,958386.0,28107
-253591.00,958442.0,28120
-254649.00,958443.0,28131
-255087.00,958505.0,28143
-252603.00,958394.0,28154
-253776.00,958332.0,28167
-254650.00,958569.0,28178
-253789.00,958621.0,28190
-254953.00,958496.0,28201
-253728.00,958325.0,28214
-252401.00,958348.0,28225
-254751.00,958312.0,28237
-254898.00,958350.0,28249
-253915.00,958354.0,28261
-254101.00,958384.0,28272
-253436.00,958633.0,28284
-254570.00,958439.0,28296
-254012.00,958387.0,28308
-253490.00,958343.0,28319
-253831.00,958358.0,28332
-254400.00,958304.0,28343
-254724.00,958366.0,28355
-253670.00,958332.0,28366
-252767.00,958162.0,28379
-255155.00,958389.0,28390
-254317.00,958492.0,28402
-253852.00,958383.0,28413
-254712.00,958439.0,28426
-252488.00,958368.0,28437
-254168.00,958246.0,28449
-255642.00,958318.0,28461
-253336.00,958378.0,28473
-253022.00,958559.0,28484
-253984.00,958580.0,28496
-254701.00,958614.0,28508
-254579.00,958153.0,28520
-253890.00,957926.0,28531
-253649.00,958191.0,28544
-254012.00,958314.0,28555
-254474.00,958413.0,28567
-254727.00,958395.0,28578
-253911.00,958447.0,28591
-253077.00,958431.0,28602
-254839.00,958418.0,28614
-254287.00,958579.0,28625
-252751.00,958688.0,28638
-254626.00,958853.0,28649
-254144.00,958729.0,28661
-253743.00,958634.0,28673
-253565.00,958562.0,28685
-253347.00,958380.0,28696
-254563.00,958413.0,28708
-254326.00,958144.0,28720
-253943.00,958375.0,28732
-253755.00,958554.0,28743
-253901.00,958412.0,28755
-254071.00,958442.0,28767
-253510.00,958414.0,28779
-253932.00,958493.0,28790
-254639.00,958410.0,28803
-254315.00,958580.0,28814
-254117.00,958522.0,28825
-253990.00,958398.0,28837
-253590.00,958334.0,28849
-254180.00,958108.0,28861
-254694.00,958236.0,28872
-254000.00,958438.0,28884
-253890.00,958685.0,28896
-254505.00,958646.0,28908
-253774.00,958358.0,28919
-253645.00,958476.0,28932
-254293.00,958323.0,28943
-253499.00,958579.0,28955
-254040.00,958533.0,28966
-254315.00,958515.0,28979
-253578.00,958380.0,28990
-253944.00,958031.0,29002
-253825.00,958196.0,29014
-253978.00,958417.0,29026
-254435.00,958581.0,29037
-253908.00,958611.0,29049
-253789.00,958692.0,29061
-254262.00,958759.0,29073
-254076.00,958463.0,29084
-253823.00,958594.0,29096
-253630.00,958577.0,29108
-254142.00,958276.0,29120
-254123.00,958322.0,29131
-254169.00,958247.0,29144
-254310.00,958203.0,29155
-253698.00,958245.0,29167
-253855.00,958264.0,29178
-254583.00,958048.0,29191
-254051.00,958051.0,29202
-253768.00,958576.0,29214
-253977.00,958670.0,29225
-253439.00,958796.0,29238
-253891.00,958740.0,29249
-254141.00,958309.0,29261
-253607.00,958173.0,29273
-253885.00,958034.0,29285
-254243.00,958078.0,29296
-254528.00,958146.0,29308
-254030.00,958300.0,29320
-253646.00,958260.0,29332
-254226.00,958271.0,29343
-254025.00,958631.0,29356
-253710.00,958663.0,29367
-254064.00,958705.0,29379
-254032.00,958689.0,29390
-254020.00,958573.0,29403
-254449.00,958453.0,29414
-253848.00,958359.0,29426
-253807.00,958190.0,29437
-254712.00,957945.0,29450
-253889.00,958059.0,29461
-254402.00,958344.0,29473
-254388.00,958463.0,29485
-254016.00,958587.0,29497
-253737.00,958578.0,29508
-253605.00,958543.0,29520
-253664.00,958654.0,29532
-254026.00,958752.0,29544
-254186.00,958562.0,29555
-254108.00,958291.0,29568
-253524.00,957924.0,29579
-253902.00,957836.0,29591
-254464.00,957950.0,29602
-254242.00,958080.0,29615
-254064.00,958276.0,29626
-253833.00,958300.0,29638
-253775.00,958681.0,29649
-253873.00,958963.0,29662
-254513.00,958851.0,29673
-253648.00,958721.0,29685
-252906.00,958598.0,29697
-254927.00,958384.0,29709
-254790.00,958197.0,29720
-254269.00,957871.0,29732
-254052.00,957949.0,29744
-253337.00,958145.0,29756
-254272.00,958318.0,29767
-254632.00,958533.0,29779
-253835.00,958860.0,29791
-253530.00,958946.0,29803
-254082.00,958879.0,29814
-254041.00,958890.0,29827
-254085.00,958820.0,29838
-253808.00,958453.0,29850
-254564.00,958090.0,29861
-254258.00,957928.0,29874
-254648.00,957752.0,29885
-254026.00,957983.0,29897
-253576.00,958239.0,29908
-254525.00,958338.0,29921
-253923.00,958491.0,29932
-253740.00,958853.0,29944
-254121.00,958883.0,29956
-253907.00,958878.0,29968
-253778.00,958764.0,29979
-254013.00,958507.0,29991
-253617.00,958121.0,30003
-254018.00,957865.0,30015
-254466.00,957956.0,30026
-253819.00,957933.0,30039
-254597.00,957914.0,30050
-254479.00,958275.0,30061
-253651.00,958445.0,30073
-254329.00,958791.0,30085
-253488.00,958943.0,30097
-253117.00,959163.0,30108
-254235.00,958862.0,30120
-254356.00,958565.0,30132
-253751.00,958359.0,30144
-253753.00,958024.0,30155
-254247.00,957873.0,30168
-254062.00,957859.0,30179
-254008.00,958062.0,30191
-254230.00,958259.0,30202
-253932.00,958482.0,30215
-253737.00,958691.0,30226
-254550.00,959102.0,30238
-254088.00,959023.0,30249
-253061.00,958645.0,30262
-254255.00,958529.0,30273
-253893.00,958422.0,30285
-254215.00,958287.0,30297
-254722.00,958089.0,30309
-253682.00,957747.0,30320
-253898.00,957742.0,30332
-254405.00,958111.0,30344
-253928.00,958397.0,30356
-255436.00,958805.0,30367
-252413.00,959024.0,30380
-252877.00,958696.0,30391
-257746.00,958588.0,30403
-250893.00,958329.0,30414
-251520.00,958426.0,30427
-258217.00,958363.0,30438
-253288.00,958280.0,30450
-253102.00,958128.0,30461
-254907.00,957993.0,30474
-253655.00,958180.0,30485
-255101.00,958183.0,30497
-253406.00,958330.0,30509
-253400.00,958683.0,30521
-255359.00,959058.0,30532
-252707.00,958939.0,30544
-255013.00,958865.0,30556
-255241.00,958857.0,30568
-250332.00,958662.0,30579
-255551.00,958592.0,30592
-255391.00,958178.0,30603
-251918.00,958139.0,30615
-256459.00,957914.0,30626
-252349.00,957950.0,30639
-256408.00,958325.0,30650
-252971.00,958076.0,30662
-253989.00,958637.0,30673
-253962.00,958790.0,30686
-252182.00,958753.0,30697
-256379.00,958942.0,30709
-253706.00,958706.0,30721
-251823.00,958468.0,30733
-255808.00,958302.0,30744
-253136.00,958060.0,30756
-254359.00,957852.0,30768
-256496.00,957847.0,30780
-251835.00,957885.0,30791
-254419.00,958169.0,30803
-255042.00,958582.0,30815
-252431.00,958917.0,30827
-255331.00,959259.0,30838
-253084.00,959181.0,30851
-253009.00,958814.0,30862
-255396.00,958540.0,30874
-252515.00,958026.0,30885
-253763.00,957951.0,30898
-254899.00,957869.0,30909
-253917.00,957771.0,30921
-255827.00,958014.0,30932
-253705.00,958370.0,30945
-252428.00,958673.0,30956
-255166.00,959066.0,30968
-253916.00,959193.0,30980
-253384.00,959266.0,30992
-254322.00,959063.0,31003
-252485.00,958882.0,31015
-255272.00,958424.0,31027
-253373.00,957804.0,31039
-254282.00,957382.0,31050
-254175.00,957680.0,31063
-254175.00,958115.0,31074
-255171.00,958288.0,31086
-253376.00,958406.0,31097
-253349.00,958748.0,31110
-253779.00,959063.0,31121
-254093.00,959037.0,31133
-254557.00,958880.0,31144
-253112.00,958654.0,31157
-253806.00,958110.0,31168
-254401.00,957693.0,31180
-254246.00,957582.0,31192
-254934.00,957838.0,31204
-253666.00,957804.0,31215
-253330.00,958239.0,31227
-254346.00,958646.0,31239
-254634.00,958911.0,31251
-253947.00,959121.0,31262
-252766.00,959149.0,31273
-253400.00,958961.0,31286
-254084.00,958622.0,31297
-254388.00,958449.0,31309
-254602.00,958060.0,31321
-254160.00,957815.0,31333
-253718.00,957756.0,31344
-254453.00,958041.0,31356
-254665.00,958307.0,31368
-253093.00,958509.0,31380
-254314.00,958783.0,31391
-254410.00,958943.0,31404
-254528.00,959080.0,31415
-252792.00,959103.0,31427
-253180.00,958727.0,31438
-254965.00,958470.0,31451
-254088.00,958014.0,31462
-254643.00,957847.0,31474
-253780.00,957585.0,31485
-253749.00,957560.0,31498
-255317.00,957796.0,31509
-254400.00,957966.0,31521
-253496.00,958248.0,31533
-253605.00,958774.0,31545
-253270.00,959357.0,31556
-254479.00,959396.0,31568
-254134.00,959025.0,31580
-252522.00,958772.0,31592
-253811.00,958441.0,31603
-254752.00,958125.0,31616
-254414.00,957672.0,31627
-254469.00,957549.0,31639
-253255.00,957438.0,31650
-254303.00,957634.0,31663
-256439.00,958594.0,31674
-252052.00,958905.0,31686
-253530.00,959404.0,31697
-256062.00,959449.0,31710
-250446.00,959193.0,31721
-254093.00,958768.0,31733
-257010.00,958037.0,31745
-252307.00,958002.0,31757
-253328.00,957595.0,31768
-254828.00,957527.0,31780
-254553.00,957774.0,31792
-253106.00,957717.0,31804
-253327.00,958114.0,31815
-255160.00,958722.0,31827
-252905.00,959430.0,31839
-254677.00,959247.0,31851
-253568.00,959043.0,31862
-251170.00,958729.0,31875
-256360.00,958499.0,31886
-254565.00,958192.0,31898
-252597.00,957701.0,31909
-255369.00,957348.0,31922
-253693.00,957261.0,31933
-255058.00,957926.0,31945
-254872.00,958398.0,31956
-251784.00,958820.0,31969
-254782.00,959543.0,31980
-254024.00,959736.0,31992
-252709.00,959236.0,32004
-256476.00,958869.0,32016
-252351.00,958385.0,32027
-251826.00,958039.0,32039
-257636.00,957763.0,32051
-253477.00,957437.0,32063
-253285.00,957769.0,32074
-256036.00,957841.0,32087
-252403.00,958238.0,32098
-254831.00,958694.0,32110
-254803.00,958824.0,32121
-251788.00,959245.0,32134
-254073.00,959351.0,32145
-254143.00,959152.0,32157
-254427.00,958878.0,32168
-254104.00,958361.0,32181
-254585.00,958005.0,32192
-255024.00,957783.0,32204
-253877.00,957479.0,32216
-255003.00,957475.0,32228
-253496.00,957776.0,32239
-253380.00,958423.0,32251
-255830.00,958811.0,32263
-253006.00,958960.0,32275
-252197.00,958997.0,32286
-254797.00,959171.0,32299
-253287.00,959151.0,32310
-254365.00,958597.0,32322
-254882.00,957791.0,32333
-252853.00,957358.0,32346
-254436.00,957393.0,32357
-255184.00,957499.0,32369
-254246.00,957805.0,32380
-254164.00,958207.0,32393
-253701.00,958606.0,32404
-253688.00,959209.0,32416
-254690.00,959426.0,32428
-253863.00,959439.0,32440
-253000.00,959065.0,32451
-253267.00,958495.0,32462
-253830.00,957958.0,32475
-255111.00,957627.0,32486
-254710.00,957516.0,32498
-253821.00,957467.0,32509
-254000.00,957817.0,32522
-254404.00,958317.0,32533
-254254.00,958573.0,32545
-253683.00,958933.0,32557
-253921.00,959351.0,32569
-253815.00,959432.0,32580
-253776.00,959134.0,32592
-253548.00,958611.0,32604
-254034.00,958307.0,32616
-254559.00,957903.0,32627
-254560.00,957635.0,32640
-254411.00,957442.0,32651
-253927.00,957591.0,32663
-253809.00,957807.0,32674
-254695.00,958180.0,32687
-254004.00,958784.0,32698
-253301.00,959122.0,32710
-253285.00,959231.0,32721
-253534.00,959378.0,32734
-254519.00,959272.0,32745
-253624.00,958893.0,32757
-253276.00,958318.0,32769
-254721.00,957823.0,32781
-254822.00,957623.0,32792
-254101.00,957266.0,32804
-254444.00,957311.0,32816
-254295.00,958193.0,32828
-253783.00,958945.0,32839
-254630.00,959533.0,32851
-253642.00,959582.0,32863
-252489.00,959623.0,32875
-253850.00,959146.0,32886
-254236.00,958310.0,32899
-254400.00,957871.0,32910
-253957.00,957711.0,32922
-253710.00,957669.0,32933
-254962.00,957779.0,32946
-254879.00,957939.0,32957
-253744.00,958299.0,32969
-253166.00,958557.0,32980
-254339.00,958917.0,32993
-254355.00,959202.0,33004
-253495.00,959344.0,33016
-253634.00,959290.0,33028
-253853.00,958956.0,33040
-253940.00,958500.0,33051
-254226.00,957979.0,33063
-253923.00,957546.0,33075
-253626.00,957102.0,33087
-255112.00,957337.0,33098
-255499.00,957941.0,33111
-253950.00,958430.0,33122
-253344.00,958878.0,33134
-253251.00,959281.0,33145
-253490.00,959431.0,33158
-254495.00,959141.0,33169
-253889.00,958971.0,33181
-253576.00,958612.0,33192
-254205.00,958327.0,33205
-254386.00,957908.0,33216
-255184.00,957259.0,33228
-254086.00,957223.0,33240
-253463.00,957495.0,33252
-254969.00,957960.0,33263
-255122.00,958733.0,33275
-254085.00,959160.0,33287
-253215.00,959489.0,33299
-252999.00,959484.0,33310
-253427.00,959235.0,33323
-254323.00,958902.0,33334
-254113.00,958208.0,33346
-254242.00,957690.0,33357
-254752.00,957362.0,33370
-254755.00,957191.0,33381
-253479.00,957506.0,33393
-253275.00,957989.0,33404
-254683.00,958467.0,33417
-254124.00,959022.0,33428
-253604.00,959029.0,33440
-253802.00,959083.0,33452
-252996.00,958961.0,33464
-253756.00,958897.0,33475
-254667.00,958558.0,33487
-253901.00,957924.0,33499
-254027.00,957557.0,33511
-254497.00,957481.0,33522
-255082.00,957654.0,33534
-254290.00,957779.0,33546
-253263.00,958178.0,33558
-253956.00,958822.0,33569
-253873.00,959250.0,33582
-254442.00,959511.0,33593
-253709.00,959513.0,33605
-252879.00,959229.0,33616
-253457.00,958608.0,33629
-254653.00,957920.0,33640
-255922.00,957766.0,33652
-251186.00,957101.0,33664
-256243.00,957541.0,33676
-255521.00,957282.0,33687
-251530.00,958232.0,33699
-257007.00,958560.0,33711
-253190.00,958977.0,33723
-251760.00,959480.0,33734
-254491.00,959737.0,33746
-254846.00,959692.0,33758
-253595.00,959042.0,33770
-251715.00,958241.0,33781
-256973.00,957737.0,33794
-254770.00,957568.0,33805
-252878.00,957214.0,33817
-256210.00,957208.0,33828
-252190.00,958024.0,33841
-254114.00,958670.0,33852
-257215.00,959448.0,33863
-251308.00,959402.0,33875
-252408.00,959419.0,33887
-255158.00,959116.0,33899
-252532.00,958874.0,33910
-255636.00,958294.0,33923
-253769.00,957783.0,33934
-252882.00,957527.0,33946
-256571.00,957458.0,33957
-252672.00,957334.0,33970
-255154.00,957662.0,33981
-255610.00,958313.0,33993
-250319.00,958838.0,34004
-255909.00,959582.0,34017
-255432.00,959784.0,34028
-250726.00,959389.0,34040
-255359.00,958863.0,34052
-253089.00,958467.0,34064
-252636.00,958374.0,34075
-257286.00,957779.0,34087
-253071.00,957279.0,34099
-253813.00,957221.0,34111
-255586.00,957521.0,34122
-254244.00,957982.0,34135
-253786.00,958577.0,34146
-252455.00,959054.0,34158
-253583.00,959439.0,34169
-254428.00,959603.0,34182
-254036.00,959218.0,34193
-253447.00,958765.0,34205
-253008.00,958122.0,34216
-254469.00,957784.0,34229
-255518.00,957424.0,34240
-253453.00,957293.0,34252
-254778.00,957430.0,34264
-254397.00,958127.0,34276
-253098.00,958842.0,34287
-255616.00,959280.0,34299
-253047.00,959402.0,34311
-252012.00,959389.0,34323
-254446.00,959350.0,34334
-253767.00,959029.0,34347
-254133.00,958494.0,34358
-254384.00,957804.0,34370
-254319.00,957194.0,34381
-254178.00,957059.0,34394
-255098.00,957304.0,34405
-254773.00,957898.0,34417
-253370.00,958707.0,34428
-254477.00,959048.0,34441
-253342.00,959323.0,34452
-253695.00,959521.0,34464
-254614.00,959487.0,34476
-252561.00,959259.0,34488
-253661.00,958976.0,34499
-254659.00,958332.0,34511
-253423.00,957693.0,34523
-254538.00,957157.0,34535
-253890.00,957215.0,34546
-255169.00,957461.0,34558
-254548.00,957966.0,34570
-253041.00,958752.0,34582
-253779.00,959247.0,34593
-253678.00,959590.0,34606
-253974.00,959519.0,34617
-254058.00,959280.0,34629
-252541.00,958534.0,34640
-254552.00,957898.0,34653
-255241.00,957538.0,34664
-253860.00,957297.0,34676
-255207.00,957316.0,34688
-253527.00,957577.0,34700
-253716.00,958049.0,34711
-255916.00,958624.0,34723
-253490.00,958898.0,34735
-253111.00,959214.0,34747
-253772.00,959495.0,34758
-253067.00,959508.0,34770
-254384.00,958860.0,34782
-254302.00,958206.0,34794
-252994.00,957718.0,34805
-254468.00,957517.0,34818
-255464.00,957454.0,34829
-254491.00,957713.0,34841
-254035.00,958042.0,34852
-253288.00,958336.0,34865
-253876.00,958969.0,34876
-254890.00,959326.0,34888
-253862.00,959563.0,34899
-253380.00,959343.0,34912
-253429.00,959029.0,34923
-254653.00,958611.0,34935
-254340.00,957730.0,34947
-254245.00,957429.0,34959
-253968.00,957265.0,34970
-254741.00,957281.0,34982
-255239.00,957519.0,34994
-253673.00,958146.0,35006
-253223.00,958814.0,35017
-254024.00,959456.0,35030
-254187.00,959636.0,35041
-253620.00,959596.0,35053
-253250.00,959158.0,35064
-253695.00,958571.0,35076
-254211.00,957977.0,35088
-254663.00,957541.0,35099
-255129.00,957361.0,35111
-253776.00,957249.0,35123
-253518.00,957755.0,35135
-255658.00,958364.0,35146
-254585.00,958828.0,35159
-253220.00,959211.0,35170
-253468.00,959331.0,35182
-253077.00,959550.0,35193
-254104.00,959163.0,35206
-254563.00,958625.0,35217
-253569.00,958331.0,35229
-253925.00,958013.0,35240
-254260.00,957607.0,35253
-254269.00,957552.0,35264
-254900.00,957775.0,35276
-253785.00,957889.0,35288
-253715.00,958393.0,35300
-254187.00,958861.0,35311
-253999.00,959071.0,35323
-252659.00,959253.0,35335
-252936.00,959114.0,35347
-254894.00,958759.0,35358
-254256.00,958434.0,35371
-253979.00,958152.0,35382
-253980.00,957736.0,35394
-253880.00,957465.0,35405
-254965.00,957441.0,35418
-254857.00,957635.0,35429
-253244.00,958007.0,35441
-253833.00,958491.0,35452
-254386.00,958948.0,35465
-253566.00,959378.0,35476
-254289.00,959431.0,35488
-253532.00,959123.0,35500
-253071.00,958837.0,35512
-254396.00,958465.0,35523
-254004.00,958044.0,35535
-254266.00,957659.0,35547
-254420.00,957394.0,35559
-253844.00,957574.0,35570
-255132.00,957842.0,35582
-254230.00,958360.0,35594
-253103.00,958909.0,35606
-254210.00,959139.0,35617
-253312.00,959337.0,35630
-253807.00,959553.0,35641
-254579.00,959111.0,35653
-253366.00,958384.0,35664
-253896.00,958033.0,35677
-254382.00,957490.0,35688
-254554.00,957366.0,35700
-254087.00,957707.0,35712
-254120.00,958010.0,35724
-254529.00,958287.0,35735
-253489.00,958672.0,35747
-253319.00,959019.0,35759
-254079.00,959200.0,35771
-253507.00,959272.0,35782
-253901.00,959069.0,35794
-254291.00,958627.0,35806
-253391.00,957975.0,35818
-254786.00,957396.0,35829
-254830.00,957275.0,35842
-253535.00,957366.0,35853
-255014.00,957901.0,35865
-254039.00,958586.0,35876
-253262.00,958927.0,35889
-254614.00,959143.0,35900
-253502.00,959468.0,35912
-253351.00,959257.0,35923
-254170.00,959007.0,35936
-253862.00,958631.0,35947
-254185.00,958198.0,35959
-253985.00,957846.0,35971
-254364.00,957650.0,35983
-254912.00,957728.0,35994
-254083.00,957838.0,36006
-254206.00,958161.0,36018
-254157.00,958486.0,36030
-253358.00,958916.0,36041
-254196.00,959318.0,36054
-254137.00,959410.0,36065
-252904.00,959191.0,36077
-254147.00,958809.0,36088
-253772.00,958422.0,36101
-254886.00,957874.0,36112
-254149.00,957372.0,36124
-253538.00,957305.0,36135
-254688.00,957660.0,36148
-254338.00,957906.0,36159
-253852.00,958586.0,36171
-253899.00,959081.0,36183
-253749.00,959351.0,36195
-254085.00,959203.0,36206
-253513.00,958654.0,36218
-253534.00,958456.0,36230
-254152.00,958257.0,36242
-254204.00,957860.0,36253
-254236.00,957690.0,36265
-254160.00,957763.0,36277
-254295.00,957823.0,36289
-254133.00,958080.0,36300
-254102.00,958476.0,36313
-254327.00,958796.0,36324
-253913.00,958891.0,36336
-253348.00,958883.0,36347
-253591.00,959012.0,36360
-254084.00,958855.0,36371
-254216.00,958595.0,36383
-254006.00,958072.0,36395
-254112.00,957728.0,36407
-253796.00,957601.0,36418
-254008.00,957948.0,36430
-254808.00,958257.0,36442
-253929.00,958511.0,36454
-253547.00,958776.0,36465
-254017.00,959022.0,36477
-253454.00,958972.0,36489
-253887.00,958872.0,36501
-253728.00,958785.0,36512
-253538.00,958681.0,36525
-254505.00,958126.0,36536
-253834.00,957640.0,36548
-253454.00,957406.0,36559
-254742.00,957525.0,36572
-254781.00,957798.0,36583
-254607.00,958273.0,36595
-253578.00,958488.0,36606
-253243.00,958852.0,36619
-254234.00,959205.0,36630
-253960.00,959295.0,36642
-253768.00,959086.0,36654
-253687.00,958768.0,36666
-253481.00,958346.0,36677
-254439.00,957956.0,36689
-254834.00,957565.0,36701
-254263.00,957423.0,36713
-254585.00,957685.0,36724
-254051.00,958123.0,36737
-254036.00,958772.0,36748
-254793.00,959075.0,36760
-253671.00,959147.0,36771
-253875.00,959222.0,36784
-253931.00,959368.0,36795
-253474.00,959049.0,36807
-254092.00,958657.0,36818
-254232.00,958215.0,36831
-253989.00,957841.0,36842
-254291.00,957685.0,36854
-253991.00,957931.0,36866
-254539.00,958170.0,36878
-254263.00,958504.0,36889
-253947.00,958697.0,36901
-253938.00,958962.0,36913
-253291.00,959074.0,36925
-254352.00,958856.0,36936
-254039.00,958600.0,36948
-253367.00,958272.0,36960
-254292.00,957869.0,36972
-254103.00,957721.0,36983
-254831.00,957912.0,36996
-255250.00,957900.0,37007
-253694.00,957778.0,37019
-253663.00,958072.0,37030
-253996.00,958532.0,37043
-254349.00,958965.0,37054
-254478.00,959330.0,37066
-253639.00,959339.0,37078
-253145.00,959137.0,37090
-253654.00,958587.0,37101
-254740.00,958229.0,37113
-254488.00,957884.0,37125
-254146.00,957762.0,37137
-254326.00,958005.0,37148
-253959.00,958328.0,37160
-254819.00,958681.0,37172
-254639.00,958811.0,37184
-253304.00,958945.0,37195
-253531.00,958894.0,37208
-253618.00,958956.0,37219
-254209.00,958818.0,37231
-253453.00,958357.0,37242
-254281.00,958079.0,37255
-254188.00,957881.0,37266
-254238.00,957713.0,37278
-254679.00,957658.0,37289
-254119.00,957827.0,37302
-253796.00,958188.0,37313
-254326.00,958712.0,37325
-254474.00,959126.0,37337
-253364.00,959152.0,37349
-253479.00,959046.0,37360
-253395.00,959008.0,37372
-254011.00,958779.0,37384
-254931.00,958397.0,37396
-253881.00,957802.0,37407
-253705.00,957662.0,37420
-253966.00,957691.0,37431
-254409.00,957718.0,37443
-255167.00,958175.0,37454
-253737.00,958461.0,37467
-253234.00,958719.0,37478
-253925.00,959032.0,37489
-253498.00,959133.0,37501
-254459.00,959092.0,37513
-254068.00,958765.0,37525
-252969.00,958477.0,37536
-254222.00,958004.0,37549
-254706.00,957762.0,37560
-254229.00,957647.0,37572
-254193.00,957771.0,37583
-254174.00,958082.0,37596
-253989.00,958429.0,37607
-254881.00,958846.0,37619
-254059.00,959091.0,37630
-253936.00,959245.0,37643
-254002.00,959304.0,37654
-253968.00,958989.0,37666
-254481.00,958563.0,37678
-253108.00,958041.0,37690
-254000.00,957580.0,37701
-255334.00,957634.0,37713
-254524.00,957820.0,37725
-254215.00,957945.0,37737
-253350.00,958090.0,37748
-253299.00,958543.0,37761
-254253.00,958969.0,37772
-254479.00,959015.0,37784
-254078.00,959170.0,37795
-253312.00,958947.0,37808
-253520.00,958652.0,37819
-254228.00,958270.0,37831
-254165.00,957751.0,37842
-253950.00,957703.0,37855
-254877.00,957619.0,37866
-254496.00,957743.0,37878
-253852.00,958104.0,37890
-254743.00,958340.0,37902
-253742.00,958752.0,37913
-252876.00,959084.0,37925
-254356.00,959430.0,37937
-253744.00,959310.0,37949
-253495.00,958941.0,37960
-254630.00,958550.0,37972
-253752.00,957916.0,37984
-254297.00,957857.0,37996
-254958.00,957699.0,38007
-253613.00,957875.0,38020
-254111.00,958096.0,38031
-253907.00,958471.0,38043
-254245.00,958781.0,38054
-253691.00,959212.0,38067
-253604.00,959091.0,38078
-253672.00,959030.0,38090
-253538.00,958871.0,38102
-254130.00,958498.0,38113
-254116.00,958077.0,38125
-254123.00,957906.0,38136
-254621.00,957471.0,38149
-253928.00,957487.0,38160
-253846.00,957702.0,38172
-254710.00,958142.0,38183
-254127.00,958814.0,38196
-253716.00,958982.0,38207
-254129.00,958959.0,38219
-253176.00,958845.0,38231
-253658.00,958949.0,38243
-254728.00,958636.0,38254
-253877.00,958255.0,38266
-253577.00,958108.0,38278
-253830.00,957887.0,38290
-254112.00,957846.0,38301
-254990.00,957908.0,38313
-254631.00,958115.0,38325
-253715.00,958525.0,38337
-253848.00,958856.0,38348
-253937.00,959057.0,38361
-253529.00,959100.0,38372
-253602.00,959048.0,38384
-254147.00,959030.0,38395
-254170.00,958667.0,38408
-254112.00,958132.0,38419
-253830.00,957905.0,38431
-254217.00,957697.0,38443
-254682.00,957756.0,38455
-254394.00,958119.0,38466
-253913.00,958538.0,38478
-253451.00,958876.0,38490
-254120.00,959104.0,38502
-253748.00,959215.0,38513
-253307.00,958929.0,38525
-253930.00,958776.0,38537
-253812.00,958498.0,38549
-254580.00,958206.0,38560
-254443.00,957859.0,38573
-253804.00,957634.0,38584
-254359.00,957717.0,38596
-254144.00,958099.0,38607
-254379.00,958650.0,38620
-254218.00,958820.0,38631
-253463.00,958785.0,38643
-253709.00,958834.0,38654
-254172.00,958739.0,38667
-254141.00,958835.0,38678
-253453.00,958878.0,38690
-253809.00,958513.0,38702
-254456.00,958024.0,38714
-254178.00,957959.0,38725
-254748.00,957840.0,38736
-254006.00,957897.0,38749
-253474.00,958402.0,38760
-254547.00,958709.0,38772
-254463.00,958686.0,38784
-253649.00,959039.0,38796
-253387.00,959124.0,38807
-253711.00,958971.0,38819
-253905.00,959070.0,38831
-254023.00,958656.0,38843
-254281.00,957969.0,38854
-254078.00,957593.0,38866
-254386.00,957745.0,38878
-254792.00,957981.0,38890
-254012.00,958054.0,38901
-254037.00,958177.0,38914
-254216.00,958534.0,38925
-254006.00,959025.0,38937
-254029.00,959051.0,38948
-253592.00,959072.0,38961
-253309.00,958839.0,38972
-254235.00,958397.0,38984
-254955.00,958394.0,38995
-254481.00,957923.0,39008
-254226.00,957646.0,39019
-253565.00,957823.0,39031
-253839.00,958164.0,39043
-254746.00,958463.0,39055
-253972.00,958640.0,39066
-254196.00,958921.0,39078
-253864.00,959113.0,39090
-253179.00,959039.0,39102
-254650.00,958817.0,39113
-254018.00,958525.0,39126
-253838.00,958218.0,39137
-254599.00,957808.0,39149
-254285.00,957789.0,39160
-254997.00,957807.0,39173
-254177.00,957964.0,39184
-253287.00,958254.0,39196
-254017.00,958588.0,39207
-254368.00,958973.0,39220
-253477.00,959082.0,39231
-253561.00,958995.0,39243
-254074.00,958670.0,39255
-253845.00,958548.0,39267
-254272.00,958226.0,39278
-254356.00,957894.0,39290
-253847.00,957511.0,39302
-254358.00,957673.0,39314
-254693.00,957782.0,39325
-254194.00,958179.0,39337
-253975.00,958493.0,39349
-253910.00,958915.0,39360
-253261.00,959129.0,39372
-253788.00,959031.0,39384
-253993.00,959074.0,39396
-253346.00,958672.0,39407
-254459.00,958041.0,39419
-254551.00,957834.0,39431
-254203.00,957775.0,39443
-254252.00,957622.0,39454
-253936.00,957809.0,39467
-254487.00,958282.0,39478
-253875.00,958763.0,39490
-253868.00,959006.0,39501
-254168.00,959002.0,39514
-253357.00,958973.0,39525
-253740.00,959053.0,39537
-253642.00,958940.0,39548
-253975.00,958757.0,39561
-254611.00,958416.0,39572
-254081.00,957975.0,39584
-254071.00,958053.0,39596
-253984.00,958219.0,39608
-254295.00,958161.0,39619
-253844.00,958437.0,39631
-253911.00,958763.0,39643
-254146.00,958994.0,39655
-253997.00,959188.0,39666
-253944.00,959094.0,39678
-253908.00,958739.0,39690
-253958.00,958227.0,39702
-254433.00,957969.0,39713
-254811.00,957697.0,39726
-254175.00,957607.0,39737
-254006.00,957871.0,39749
-254043.00,958172.0,39760
-254240.00,958689.0,39773
-254312.00,958863.0,39784
-253327.00,958830.0,39796
-253553.00,958927.0,39808
-254306.00,958902.0,39820
-253960.00,958649.0,39831
-254071.00,958471.0,39843
-254138.00,958321.0,39855
-253712.00,958104.0,39867
-254241.00,957955.0,39878
-254678.00,957927.0,39890
-254306.00,958043.0,39902
-253589.00,958362.0,39914
-253642.00,958659.0,39925
-254502.00,959113.0,39938
-254232.00,959052.0,39949
-253414.00,958907.0,39960
-253589.00,958852.0,39972
-253724.00,958746.0,39984
-254406.00,958530.0,39996
-254995.00,958237.0,40007
-253675.00,958119.0,40019
-254235.00,957954.0,40031
-254112.00,958072.0,40043
-254364.00,958299.0,40054
-253874.00,958585.0,40067
-253794.00,958791.0,40078
-254246.00,958966.0,40090
-253728.00,959011.0,40101
-254008.00,958909.0,40114
-254131.00,958519.0,40125
-253374.00,958274.0,40137
-254269.00,958105.0,40148
-254933.00,957723.0,40161
-253848.00,957789.0,40172
-254145.00,957906.0,40184
-254258.00,958255.0,40196
-253984.00,958603.0,40208
-254259.00,958952.0,40219
-253294.00,959164.0,40231
-253592.00,959047.0,40243
-254287.00,958870.0,40255
-253660.00,958380.0,40266
-253667.00,958112.0,40279
-253714.00,958164.0,40290
-253837.00,958106.0,40302
-254509.00,957985.0,40313
-254885.00,957886.0,40326
-253774.00,958227.0,40337
-253420.00,958376.0,40349
-254000.00,958669.0,40360
-254264.00,958950.0,40373
-253842.00,958846.0,40384
-253174.00,958843.0,40396
-253837.00,958902.0,40408
-254415.00,958808.0,40420
-253643.00,958486.0,40431
-253419.00,958073.0,40443
-254231.00,957817.0,40455
-254880.00,957949.0,40467
-254734.00,957861.0,40478
-253543.00,958157.0,40491
-253448.00,958560.0,40502
-254187.00,958979.0,40514
-254477.00,958950.0,40525
-254285.00,958891.0,40538
-253263.00,958668.0,40549
-253063.00,958621.0,40561
-254328.00,958684.0,40572
-254811.00,958333.0,40585
-254220.00,958068.0,40596
-253750.00,957862.0,40607
-253872.00,957994.0,40620
-254783.00,958173.0,40631
-254678.00,958222.0,40643
-253686.00,958545.0,40654
-253558.00,958904.0,40667
-254252.00,959000.0,40678
-254665.00,959104.0,40690
-254179.00,959069.0,40701
-253089.00,958603.0,40714
-252916.00,958183.0,40725
-254607.00,958203.0,40737
-255073.00,957965.0,40749
-254125.00,957757.0,40761
-253916.00,957925.0,40772
-253486.00,958351.0,40784
-254312.00,958654.0,40796
-253776.00,958819.0,40808
-253127.00,958971.0,40819
-253415.00,958973.0,40832
-254185.00,958950.0,40843
-254612.00,958826.0,40855
-253642.00,958615.0,40866
-253479.00,958069.0,40879
-254486.00,957782.0,40890
-254586.00,957573.0,40902
-254402.00,957796.0,40913
-254079.00,958008.0,40926
-253268.00,958346.0,40937
-254184.00,958776.0,40949
-254671.00,958953.0,40961
-253433.00,959034.0,40973
-253397.00,958894.0,40984
-253724.00,958575.0,40996
-254131.00,958107.0,41008
-255164.00,957895.0,41020
-254049.00,957705.0,41031
-253389.00,957707.0,41043
-254688.00,958061.0,41055
-254458.00,958047.0,41067
-254188.00,958374.0,41078
-253790.00,958601.0,41091
-253041.00,958858.0,41102
-253969.00,958940.0,41114
-254312.00,958843.0,41125
-254037.00,958781.0,41138
-253869.00,958475.0,41149
-253620.00,958144.0,41161
-254199.00,958106.0,41172
-254695.00,957993.0,41185
-253968.00,957852.0,41196
-254364.00,958136.0,41208
-254126.00,958479.0,41220
-253869.00,958635.0,41231
-253981.00,958769.0,41243
-253286.00,958914.0,41254
-253815.00,958891.0,41267
-254546.00,958704.0,41278
-254258.00,958454.0,41290
-254170.00,958059.0,41302
-253660.00,957757.0,41314
-254213.00,957882.0,41325
-255022.00,958041.0,41337
-254185.00,958051.0,41349
-253828.00,958231.0,41361
-253720.00,958638.0,41372
-253741.00,958914.0,41384
-254595.00,959174.0,41396
-254100.00,958928.0,41408
-253302.00,958591.0,41419
-253925.00,958285.0,41432
-254046.00,958088.0,41443
-254357.00,958083.0,41455
-254629.00,957821.0,41466
-253805.00,957832.0,41479
-254192.00,958058.0,41490
-254682.00,958495.0,41502
-253762.00,958862.0,41513
-253486.00,958990.0,41526
-254066.00,959008.0,41537
-253840.00,958841.0,41549
-253854.00,958592.0,41561
-253998.00,958540.0,41573
-253761.00,958227.0,41584
-254384.00,958027.0,41596
-253930.00,957761.0,41608
-254276.00,957744.0,41620
-253904.00,957988.0,41631
-254459.00,958226.0,41644
-254073.00,958526.0,41655
-253225.00,959033.0,41667
-253770.00,959177.0,41678
-253532.00,959032.0,41691
-254091.00,958789.0,41702
-254500.00,958401.0,41714
-253440.00,958121.0,41725
-254066.00,957982.0,41738
-254658.00,957719.0,41749
-254480.00,957753.0,41761
-254166.00,958041.0,41773
-253917.00,958378.0,41785
-253803.00,958665.0,41796
-253903.00,958781.0,41808
-254435.00,958834.0,41820
-253590.00,958910.0,41832
-253546.00,958992.0,41843
-254123.00,958880.0,41854
-254294.00,958403.0,41867
-254379.00,957896.0,41878
-253958.00,957701.0,41890
-254468.00,957824.0,41902
-254218.00,957991.0,41914
-254194.00,958266.0,41925
-254532.00,958777.0,41937
-253684.00,958871.0,41949
-254102.00,958860.0,41961
-253843.00,958887.0,41972
-253501.00,958861.0,41985
-253923.00,958908.0,41996
-253945.00,958610.0,42008
-253966.00,958201.0,42019
-254064.00,958120.0,42032
-254462.00,957904.0,42043
-254168.00,957857.0,42055
-254198.00,957988.0,42066
-253802.00,958307.0,42079
-253494.00,958544.0,42090
-254215.00,958895.0,42102
-254095.00,959074.0,42114
-253593.00,958734.0,42126
-253906.00,958511.0,42137
-253380.00,958358.0,42149
-253910.00,958311.0,42161
-254959.00,958085.0,42173
-254492.00,958065.0,42184
-253869.00,958015.0,42196
-254213.00,958235.0,42208
-254171.00,958525.0,42220
-253746.00,958809.0,42231
-254339.00,958966.0,42244
-253830.00,958964.0,42255
-253512.00,958745.0,42267
-254006.00,958664.0,42278
-254189.00,958485.0,42291
-254104.00,958286.0,42302
-253507.00,958185.0,42314
-254267.00,958041.0,42326
-255022.00,957962.0,42338
-253931.00,957952.0,42349
-254138.00,958200.0,42361
-253956.00,958444.0,42373
-253395.00,958739.0,42385
-254570.00,958960.0,42396
-253305.00,958846.0,42408
-253694.00,958702.0,42420
-254147.00,958574.0,42432
-254141.00,958377.0,42443
-253695.00,958176.0,42456
-253893.00,958163.0,42467
-254582.00,958293.0,42478
-254177.00,958181.0,42490
-254121.00,958150.0,42502
-254090.00,958360.0,42514
-253998.00,958555.0,42525
-254338.00,958824.0,42537
-254107.00,958949.0,42549
-254025.00,958840.0,42561
-253803.00,958548.0,42572
-253813.00,958324.0,42585
-254170.00,958115.0,42596
-254690.00,957854.0,42608
-254117.00,958124.0,42619
-253298.00,958410.0,42632
-254622.00,958511.0,42643
-254689.00,958582.0,42655
-253793.00,958363.0,42667
-253795.00,958529.0,42679
-253495.00,958766.0,42690
-254008.00,958891.0,42702
-254418.00,958792.0,42714
-254367.00,958572.0,42726
-253770.00,958430.0,42737
-253300.00,958263.0,42749
-254795.00,958242.0,42761
-254891.00,958333.0,42773
-253824.00,958145.0,42784
-254070.00,958166.0,42797
-254236.00,958343.0,42808
-254511.00,958525.0,42820
-253915.00,958618.0,42831
-253298.00,958765.0,42844
-253823.00,958717.0,42855
-254623.00,958583.0,42867
-254179.00,958337.0,42878
-253611.00,957967.0,42891
-253812.00,958088.0,42902
-254239.00,958437.0,42914
-254672.00,958503.0,42926
-254094.00,958519.0,42938
-253816.00,958428.0,42949
-253809.00,958409.0,42961
-253785.00,958547.0,42973
-254282.00,958589.0,42985
-253607.00,958679.0,42996
-253811.00,958512.0,43009
-254337.00,958328.0,43020
-253881.00,958333.0,43032
-254369.00,958376.0,43043
-253787.00,958291.0,43056
-253407.00,958286.0,43067
-254424.00,958488.0,43079
-254349.00,958497.0,43090
-254378.00,958557.0,43103
-253748.00,958740.0,43114
-253475.00,958848.0,43125
-254420.00,958808.0,43138
-254100.00,958830.0,43149
-253994.00,958504.0,43161
-253994.00,958469.0,43172
-254273.00,958560.0,43185
-254275.00,958358.0,43196
-254276.00,958152.0,43208
-253694.00,958036.0,43219
-254110.00,958268.0,43232
-254553.00,958341.0,43243
-253579.00,958566.0,43255
-253851.00,958743.0,43267
-253867.00,958654.0,43279
-254024.00,958596.0,43290
-254554.00,958540.0,43302
-254034.00,958402.0,43314
-253882.00,958190.0,43326
-253943.00,958330.0,43337
-254406.00,958304.0,43350
-254265.00,958393.0,43361
-253726.00,958528.0,43373
-254032.00,958442.0,43384
-254140.00,958497.0,43397
-254364.00,958496.0,43408
-253715.00,958609.0,43420
-253347.00,958660.0,43431
-253844.00,958613.0,43444
-254418.00,958433.0,43455
-254812.00,958330.0,43467
-253864.00,958410.0,43479
-253510.00,958347.0,43491
-254330.00,958371.0,43502
-254345.00,958601.0,43514
-254395.00,958595.0,43526
-253807.00,958650.0,43538
-253528.00,958644.0,43549
-254313.00,958574.0,43561
-254033.00,958561.0,43573
-253896.00,958421.0,43585
-253737.00,958371.0,43596
-254569.00,958226.0,43609
-254269.00,958107.0,43620
-253572.00,958111.0,43632
-254274.00,958233.0,43643
-253961.00,958414.0,43656
-253738.00,958308.0,43667
-254010.00,958516.0,43679
-253689.00,958709.0,43691
-254099.00,958737.0,43703
-253995.00,958540.0,43714
-253766.00,958604.0,43725
-254283.00,958513.0,43738
-253835.00,958290.0,43749
-253782.00,958228.0,43761
-254539.00,958218.0,43772
-253824.00,958298.0,43785
-253649.00,958362.0,43796
-254619.00,958477.0,43808
-253970.00,958524.0,43820
-253925.00,958357.0,43832
-253867.00,958333.0,43843
-253256.00,958448.0,43855
-254607.00,958493.0,43867
-254325.00,958800.0,43879
-253949.00,958882.0,43890
-254235.00,958766.0,43902
-253439.00,958624.0,43914
-253965.00,958387.0,43926
-254556.00,958380.0,43937
-253906.00,958404.0,43950
-254196.00,958482.0,43961
-253839.00,958595.0,43973
-254650.00,958628.0,43984
-254067.00,958726.0,43997
-253603.00,958646.0,44008
-253802.00,958615.0,44020
-253779.00,958510.0,44032
-254761.00,958339.0,44044
-254455.00,957999.0,44055
-253597.00,957893.0,44067
-254103.00,958331.0,44079
-254354.00,958324.0,44091
-254339.00,958300.0,44102
-254433.00,958617.0,44114
-253700.00,958660.0,44126
-253695.00,958488.0,44138
-254433.00,958785.0,44149
-253992.00,958626.0,44162
-253835.00,958614.0,44173
-253797.00,958515.0,44185
-253950.00,958490.0,44196
-254715.00,958485.0,44209
-254382.00,958364.0,44220
-253674.00,958215.0,44232
-253892.00,958239.0,44243
-253997.00,958379.0,44256
-254534.00,958455.0,44267
-254284.00,958659.0,44279
-253720.00,958849.0,44291
-253890.00,959074.0,44303
-254054.00,958931.0,44314
-254141.00,958525.0,44326
-253923.00,958180.0,44338
-253835.00,958073.0,44349
-253788.00,958219.0,44361
-254892.00,958221.0,44372
-253945.00,958080.0,44385
-253568.00,958112.0,44396
-254098.00,958396.0,44408
-254272.00,958771.0,44420
-254117.00,958839.0,44432
-253464.00,958836.0,44443
-253926.00,958843.0,44455
-254315.00,958484.0,44467
-254021.00,958216.0,44479
-253636.00,958094.0,44490
-253670.00,958005.0,44503
-254205.00,958253.0,44514
-254756.00,958335.0,44526
-254504.00,958342.0,44537
-253577.00,958487.0,44550
-253731.00,958607.0,44561
-253908.00,958773.0,44573
-254179.00,958788.0,44584
-254222.00,958674.0,44597
-253787.00,958458.0,44608
-253911.00,958393.0,44620
-253900.00,958402.0,44632
-254147.00,958343.0,44644
-254145.00,958327.0,44655
-253945.00,958264.0,44667
-254322.00,958383.0,44679
-254532.00,958457.0,44691
-254141.00,958386.0,44702
-254013.00,958705.0,44715
-254002.00,958926.0,44726
-253783.00,958798.0,44738
-254150.00,958729.0,44749
-253573.00,958724.0,44762
-253897.00,958439.0,44773
-254410.00,958286.0,44785
-254116.00,958267.0,44796
-254056.00,958089.0,44809
-254007.00,957988.0,44820
-253919.00,958293.0,44832
-254073.00,958612.0,44844
-254523.00,958618.0,44856
-254365.00,958486.0,44867
-253185.00,958548.0,44879
-253630.00,958605.0,44891
-254533.00,958536.0,44903
-254144.00,958378.0,44914
-254511.00,958343.0,44926
-253859.00,958384.0,44938
-253473.00,958374.0,44950
-254611.00,958506.0,44961
-254449.00,958509.0,44974
-253609.00,958644.0,44985
-253864.00,958731.0,44996
-254631.00,958736.0,45008
-254448.00,958639.0,45020
-253711.00,958523.0,45032
-253577.00,958479.0,45043
-253942.00,958457.0,45056
-254381.00,958307.0,45067
-254550.00,958539.0,45079
-254069.00,958489.0,45090
-253092.00,958539.0,45103
-254285.00,958456.0,45114
-255187.00,958338.0,45126
-253525.00,958478.0,45137
-253744.00,958737.0,45150
-254016.00,958806.0,45161
-255102.00,958619.0,45173
-253797.00,958501.0,45185
-253311.00,958373.0,45197
-254085.00,958424.0,45208
-254412.00,958615.0,45220
-254990.00,958540.0,45232
-253919.00,958292.0,45244
-253438.00,958295.0,45255
-254224.00,958441.0,45267
-254093.00,958659.0,45279
-254332.00,958649.0,45291
-254117.00,958536.0,45302
-253132.00,958484.0,45315
-254069.00,958607.0,45326
-254664.00,958404.0,45338
-254007.00,958230.0,45349
-253612.00,958055.0,45362
-253678.00,958142.0,45373
-254203.00,958395.0,45385
-254649.00,958612.0,45396
-254202.00,958677.0,45409
-253324.00,958677.0,45420
-253404.00,958603.0,45432
-254031.00,958565.0,45444
-254349.00,958508.0,45456
-253858.00,958318.0,45467
-253883.00,958255.0,45479
-254305.00,958265.0,45491
-253768.00,958252.0,45503
-254116.00,958245.0,45514
-254538.00,958372.0,45527
-253701.00,958461.0,45538
-254431.00,958642.0,45550
-254400.00,958736.0,45561
-253415.00,958595.0,45574
-254006.00,958412.0,45585
-253887.00,958410.0,45597
-253691.00,958409.0,45608
-254646.00,958394.0,45621
-253923.00,958265.0,45632
-253997.00,958290.0,45643
-254410.00,958323.0,45656
-253531.00,958432.0,45667
-253827.00,958613.0,45679
-254072.00,958702.0,45690
-253983.00,958602.0,45703
-254171.00,958540.0,45714
-254004.00,958421.0,45726
-254104.00,958321.0,45737
-253989.00,958384.0,45750
-253761.00,958534.0,45761
-254612.00,958378.0,45773
-254188.00,958289.0,45785
-253703.00,958390.0,45797
-254729.00,958469.0,45808
-254037.00,958643.0,45820
-253524.00,958685.0,45832
-254101.00,958622.0,45844
-253547.00,958574.0,45855
-254265.00,958472.0,45868
-254905.00,958425.0,45879
-253777.00,958564.0,45891
-253419.00,958661.0,45902
-254269.00,958461.0,45915
-254544.00,958282.0,45926
-254259.00,958460.0,45938
-253774.00,958615.0,45949
-254112.00,958681.0,45962
-254121.00,958604.0,45973
-254318.00,958592.0,45985
-253709.00,958551.0,45997
-253167.00,958562.0,46009
-254334.00,958544.0,46020
-254579.00,958444.0,46032
-254140.00,958184.0,46044
-253894.00,958057.0,46056
-253844.00,957925.0,46067
-254264.00,958078.0,46080
-254715.00,958361.0,46091
-254164.00,958477.0,46103
-253276.00,958607.0,46114
-254034.00,958603.0,46127
-254235.00,958791.0,46138
-253751.00,958814.0,46150
-254227.00,958846.0,46161
-253523.00,958641.0,46174
-253535.00,958387.0,46185
-254503.00,958270.0,46197
-254812.00,958100.0,46209
-254393.00,958223.0,46221
-253432.00,958212.0,46232
-253861.00,958458.0,46244
-254622.00,958647.0,46256
-254184.00,958675.0,46268
-253470.00,958743.0,46279
-253485.00,958980.0,46290
-254106.00,958807.0,46303
-254193.00,958564.0,46314
-254110.00,958195.0,46326
-253581.00,958180.0,46338
-255000.00,958182.0,46350
-254810.00,958379.0,46361
-253798.00,958309.0,46373
-253956.00,958237.0,46385
-253702.00,958427.0,46397
-254173.00,958608.0,46408
-254299.00,959098.0,46420
-253454.00,959131.0,46432
-253779.00,958704.0,46444
-253929.00,958452.0,46455
-254407.00,958165.0,46468
-254735.00,957959.0,46479
-253486.00,957867.0,46491
-253784.00,957813.0,46502
-254426.00,958153.0,46515
-253792.00,958548.0,46526
-254294.00,958865.0,46538
-254232.00,958742.0,46550
-253289.00,958756.0,46562
-253864.00,958689.0,46573
-254121.00,958520.0,46585
-253632.00,958490.0,46597
-253902.00,958483.0,46609
-254057.00,958429.0,46620
-254289.00,958238.0,46632
-254819.00,958183.0,46644
-253980.00,958254.0,46656
-253599.00,958154.0,46667
-254135.00,958463.0,46680
-254098.00,958914.0,46691
-254935.00,958944.0,46703
-253349.00,958849.0,46714
-252803.00,958832.0,46727
-254274.00,958748.0,46738
-254385.00,958520.0,46750
-253895.00,958256.0,46761
-253158.00,958088.0,46774
-254708.00,958302.0,46785
-254801.00,958468.0,46797
-253839.00,958377.0,46809
-253771.00,958303.0,46821
-253803.00,958190.0,46832
-254427.00,958327.0,46844
-254422.00,958601.0,46856
-253348.00,958682.0,46868
-253123.00,958644.0,46879
-254200.00,958716.0,46892
-254698.00,958822.0,46903
-254153.00,958560.0,46915
-253491.00,958186.0,46926
-253574.00,958086.0,46938
-254548.00,958205.0,46950
-254728.00,958410.0,46961
-253906.00,958297.0,46973
-253622.00,958628.0,46985
-253787.00,958813.0,46997
-254700.00,958694.0,47008
-254399.00,958711.0,47021
-253181.00,958761.0,47032
-253738.00,958732.0,47044
-254176.00,958522.0,47055
-254247.00,958545.0,47068
-254800.00,958289.0,47079
-253792.00,958053.0,47091
-253110.00,958159.0,47102
-254345.00,958502.0,47115
-254912.00,958539.0,47126
-253536.00,958574.0,47138
-254384.00,958500.0,47150
-254135.00,958434.0,47162
-254154.00,958460.0,47173
-254349.00,958639.0,47185
-253148.00,958530.0,47197
-253990.00,958524.0,47209
-255069.00,958338.0,47220
-253843.00,958149.0,47233
-253294.00,958300.0,47244
-254093.00,958576.0,47256
-254067.00,958596.0,47267
-254047.00,958586.0,47280
-254438.00,958464.0,47291
-253912.00,958486.0,47303
-253603.00,958545.0,47314
-254630.00,958460.0,47327
-254510.00,958505.0,47338
-253709.00,958426.0,47350
-253570.00,958435.0,47362
-254053.00,958461.0,47374
-254347.00,958555.0,47385
-253973.00,958646.0,47397
-254240.00,958688.0,47409
-253622.00,958618.0,47421
-253642.00,958580.0,47432
-254725.00,958573.0,47444
-253610.00,958547.0,47456
-253691.00,958445.0,47468
-254871.00,958508.0,47479
-254028.00,958509.0,47492
-254221.00,958382.0,47503
-254285.00,958548.0,47515
-253840.00,958792.0,47526
-253802.00,958694.0,47539
-254505.00,958600.0,47550
-254492.00,958520.0,47561
-253549.00,958568.0,47574
-253729.00,958515.0,47585
-254342.00,958548.0,47597
-253815.00,958617.0,47608
-253614.00,958721.0,47621
-254620.00,958460.0,47632
-254276.00,958178.0,47644
-253970.00,958186.0,47655
-254441.00,958320.0,47668
-253824.00,958515.0,47679
-254130.00,958677.0,47691
-254176.00,958805.0,47703
-253605.00,958660.0,47715
-254365.00,958520.0,47726
-254039.00,958461.0,47738
-254167.00,958239.0,47750
-254398.00,958288.0,47762
-253659.00,958285.0,47773
-254355.00,958202.0,47785
-254172.00,958225.0,47797
-254207.00,958247.0,47809
-254405.00,958614.0,47820
-253724.00,958823.0,47833
-253629.00,958877.0,47844
-254187.00,959031.0,47856
-254749.00,959017.0,47867
-253373.00,958839.0,47880
-253181.00,958888.0,47891
-254111.00,958793.0,47903
-254332.00,958491.0,47915
-253548.00,958235.0,47927
-253517.00,958032.0,47938
-254443.00,958069.0,47950
-254162.00,958361.0,47962
-254738.00,958439.0,47974
-253697.00,958587.0,47985
-253208.00,958828.0,47997
-254845.00,958940.0,48009
-254218.00,958820.0,48021
-253738.00,958580.0,48032
-253991.00,958242.0,48045
-253941.00,958313.0,48056
-254431.00,958310.0,48068
-254527.00,958162.0,48079
-254258.00,958054.0,48092
-253996.00,958103.0,48103
-254102.00,958528.0,48115
-254145.00,958844.0,48126
-254264.00,958926.0,48139
-253881.00,958964.0,48150
-253045.00,958925.0,48162
-254425.00,958750.0,48174
-254339.00,958467.0,48186
-253541.00,958196.0,48197
-254483.00,957911.0,48208
-253670.00,958246.0,48221
-254220.00,958341.0,48232
-254902.00,958516.0,48244
-253871.00,958644.0,48256
-253896.00,958617.0,48268
-253767.00,958666.0,48279
-253697.00,958809.0,48291
-254131.00,958823.0,48303
-253973.00,958700.0,48315
-254235.00,958659.0,48326
-254744.00,958336.0,48338
-253803.00,958010.0,48350
-254257.00,958103.0,48362
-254244.00,958238.0,48373
-254026.00,958361.0,48386
-254796.00,958392.0,48397
-253027.00,958489.0,48409
-253780.00,958790.0,48420
-254557.00,958973.0,48433
-253340.00,958947.0,48444
-254391.00,958820.0,48456
-253902.00,958560.0,48467
-253375.00,958379.0,48480
-255273.00,958399.0,48491
-254513.00,958320.0,48503
-253388.00,958387.0,48515
-254173.00,958376.0,48527
-254122.00,958528.0,48538
-254440.00,958508.0,48550
-254403.00,958556.0,48562
-253263.00,958791.0,48574
-253598.00,959003.0,48585
-254132.00,958838.0,48598
-254278.00,958624.0,48609
-254631.00,958593.0,48621
-253160.00,958422.0,48632
-253368.00,958497.0,48645
-255329.00,958548.0,48656
-254127.00,958408.0,48668
-254142.00,958345.0,48679
-254309.00,958540.0,48692
-253138.00,958767.0,48703
-254970.00,958909.0,48715
-253264.00,958888.0,48727
-253214.00,958779.0,48739
-254486.00,958710.0,48750
-254263.00,958502.0,48762
-253867.00,958398.0,48774
-253718.00,958088.0,48786
-253287.00,958068.0,48797
-254733.00,957987.0,48809
-254722.00,958003.0,48821
-253373.00,958211.0,48832
-254157.00,958595.0,48844
-254355.00,958858.0,48856
-254057.00,958818.0,48868
-253842.00,958681.0,48879
-253302.00,958630.0,48891
-254349.00,958536.0,48903
-254536.00,958352.0,48915
-253277.00,958020.0,48926
-254285.00,958082.0,48939
-254264.00,958254.0,48950
-253693.00,958467.0,48962
-255281.00,958492.0,48973
-254097.00,958458.0,48986
-252881.00,958789.0,48997
-254386.00,958795.0,49009
-253919.00,958837.0,49020
-253770.00,958776.0,49033
-254494.00,958509.0,49044
-253491.00,958265.0,49056
-253974.00,958160.0,49068
-254683.00,958459.0,49080
-253776.00,958554.0,49091
-253711.00,958857.0,49103
-254250.00,958884.0,49115
-254816.00,959051.0,49127
-253360.00,958781.0,49138
-253512.00,958360.0,49150
-254556.00,958490.0,49162
-253471.00,958405.0,49174
-254460.00,958423.0,49185
-254891.00,958414.0,49198
-252694.00,958287.0,49209
-254244.00,958291.0,49221
-255119.00,958290.0,49232
-253336.00,958383.0,49245
-254203.00,958415.0,49256
-254329.00,958716.0,49268
-253556.00,958845.0,49280
-254473.00,958586.0,49292
-254097.00,958704.0,49303
-253577.00,958708.0,49315
-254266.00,958755.0,49327
-254220.00,958532.0,49339
-254565.00,958350.0,49350
-254211.00,958193.0,49362
-253466.00,958090.0,49374
-254578.00,958108.0,49386
-254332.00,958384.0,49397
-253769.00,958556.0,49410
-254374.00,958737.0,49421
-253843.00,958843.0,49433
-253812.00,958945.0,49444
-254483.00,958921.0,49457
-253563.00,958549.0,49468
-253608.00,958451.0,49479
-254538.00,958293.0,49491
-254509.00,958239.0,49503
-253905.00,958056.0,49515
-253741.00,957940.0,49526
-254852.00,958375.0,49539
-253858.00,958622.0,49550
-253604.00,958866.0,49562
-253971.00,959005.0,49573
-253476.00,958700.0,49586
-254203.00,958554.0,49597
-254440.00,958422.0,49609
-253251.00,958297.0,49620
-254177.00,958191.0,49633
-254376.00,958050.0,49644
-254076.00,958059.0,49656
-254412.00,958328.0,49668
-253719.00,958573.0,49680
-253989.00,958667.0,49691
-254280.00,958703.0,49703
-253775.00,958680.0,49715
-254177.00,958664.0,49727
-254040.00,958668.0,49738
-253661.00,958643.0,49751
-254745.00,958759.0,49762
-253882.00,958450.0,49774
-253201.00,958232.0,49785
-254727.00,958362.0,49798
-254112.00,958128.0,49809
-253973.00,958198.0,49821
-254694.00,958387.0,49832
-253017.00,958632.0,49845
-253589.00,958848.0,49856
-254554.00,958885.0,49868
-253544.00,958944.0,49880
-254039.00,958889.0,49892
-253792.00,958770.0,49903
-254688.00,958380.0,49915
-253281.00,958262.0,49927
-254113.00,958204.0,49939
-254916.00,958068.0,49950
-253901.00,958211.0,49963
-254505.00,958133.0,49974
-254166.00,958429.0,49986
-253428.00,958758.0,49997
-254271.00,958761.0,50010
-254095.00,958909.0,50021
-253593.00,958841.0,50033
-253789.00,958694.0,50044
-254017.00,958329.0,50057
-254838.00,958209.0,50068
-254356.00,958215.0,50080
-253586.00,958000.0,50092
-254555.00,958147.0,50103
-254104.00,958327.0,50115
-253642.00,958454.0,50126
-255027.00,958840.0,50139
-254245.00,958938.0,50150
-253291.00,958951.0,50162
-254238.00,958858.0,50173
-253538.00,958836.0,50186
-254266.00,958685.0,50197
-254751.00,958383.0,50209
-253417.00,958356.0,50221
-254193.00,958356.0,50233
-254328.00,958304.0,50244
-254313.00,958259.0,50256
-254507.00,958256.0,50268
-253447.00,958603.0,50280
-253899.00,958873.0,50291
-254219.00,958946.0,50304
-253714.00,958698.0,50315
-253980.00,958528.0,50327
-253882.00,958412.0,50338
-253709.00,958569.0,50351
-254345.00,958701.0,50362
-254197.00,958260.0,50374
-253668.00,958269.0,50385
-254073.00,958230.0,50398
-254018.00,958400.0,50409
-254434.00,958612.0,50421
-254269.00,958462.0,50433
-253462.00,958530.0,50445
-253928.00,958475.0,50456
-253801.00,958731.0,50468
-254606.00,958667.0,50480
-254508.00,958506.0,50492
-253242.00,958492.0,50503
-254065.00,958327.0,50515
-254623.00,958181.0,50527
-254258.00,958138.0,50539
-254182.00,958411.0,50550
-253826.00,958499.0,50563
-253166.00,958715.0,50574
-254169.00,958815.0,50586
-254789.00,958608.0,50597
-253346.00,958544.0,50610
-254003.00,958541.0,50621
-254221.00,958606.0,50633
-253390.00,958806.0,50644
-254407.00,958502.0,50657
-254023.00,958454.0,50668
-253555.00,958474.0,50680
-254088.00,958429.0,50692
-254741.00,958512.0,50704
-253840.00,958384.0,50715
-253409.00,958525.0,50727
-254293.00,958697.0,50739
-253609.00,958903.0,50750
-253999.00,958836.0,50762
-254622.00,958569.0,50774
-253788.00,958327.0,50786
-253747.00,958108.0,50797
-254476.00,958076.0,50809
-254094.00,958068.0,50821
-253933.00,958377.0,50833
-254659.00,958524.0,50844
-253532.00,958534.0,50856
-253658.00,958580.0,50868
-254004.00,958704.0,50880
-253656.00,958797.0,50891
-254526.00,958844.0,50904
-253559.00,958633.0,50915
-253417.00,958571.0,50927
-254405.00,958410.0,50938
-254326.00,958320.0,50951
-254610.00,958208.0,50962
-253981.00,958250.0,50974
-253512.00,958336.0,50985
-254714.00,958632.0,50998
-254334.00,958851.0,51009
-253699.00,958826.0,51021
-253927.00,958982.0,51033
-253451.00,958992.0,51045
-254137.00,958751.0,51056
-254809.00,958566.0,51068
-253649.00,958462.0,51080
-254515.00,958275.0,51092
-254736.00,958222.0,51103
-254197.00,958194.0,51116
-253497.00,958406.0,51127
-253726.00,958696.0,51139
-254420.00,958863.0,