319.0,8816
-314253.00,779891.0,8827
-312997.00,779894.0,8840
-311307.00,779983.0,8851
-312372.00,779883.0,8863
-313764.00,779856.0,8875
-312522.00,779925.0,8887
-311349.00,779962.0,8898
-312556.00,780093.0,8910
-314323.00,780177.0,8922
-312906.00,780012.0,8934
-311657.00,779804.0,8945
-312385.00,779902.0,8957
-313208.00,780002.0,8969
-313232.00,779954.0,8980
-313241.00,779850.0,8992
-312602.00,779804.0,9004
-311441.00,780031.0,9016
-313194.00,780233.0,9027
-314081.00,780247.0,9039
-312329.00,780160.0,9051
-311748.00,780106.0,9063
-312555.00,779928.0,9074
-313756.00,779833.0,9086
-313190.00,779891.0,9098
-312380.00,780019.0,9110
-312129.00,780166.0,9121
-312435.00,780210.0,9134
-313699.00,780075.0,9145
-313270.00,779761.0,9157
-311793.00,779570.0,9168
-312200.00,779900.0,9181
-313010.00,780204.0,9192
-313634.00,780378.0,9204
-313362.00,780395.0,9216
-311377.00,780375.0,9228
-312087.00,780327.0,9239
-313935.00,780090.0,9251
-313065.00,779958.0,9263
-312264.00,779795.0,9275
-312139.00,779731.0,9286
-313877.00,779894.0,9298
-313623.00,780104.0,9310
-311751.00,779914.0,9322
-311736.00,779945.0,9333
-312958.00,780077.0,9346
-313939.00,779864.0,9357
-312987.00,779922.0,9369
-311249.00,780024.0,9380
-312281.00,779864.0,9393
-313743.00,779971.0,9404
-313154.00,780033.0,9416
-313015.00,779899.0,9427
-311738.00,779863.0,9440
-311828.00,780105.0,9451
-313864.00,780149.0,9463
-313523.00,779815.0,9475
-312367.00,779602.0,9487
-311340.00,779657.0,9498
-312629.00,779924.0,9510
-314841.00,780145.0,9522
-312879.00,780034.0,9534
-311641.00,779986.0,9545
-312434.00,780170.0,9558
-312979.00,780263.0,9569
-313764.00,780058.0,9581
-313284.00,779897.0,9592
-311594.00,779968.0,9605
-312194.00,780143.0,9616
-313755.00,780153.0,9628
-313760.00,780003.0,9639
-312487.00,780131.0,9652
-4880.00,780076.0,9663
-2621441.00,780282.0,9675
-313672.00,780215.0,9687
-311720.00,779865.0,9699
-311665.00,779619.0,9710
-313375.00,779674.0,9722
-313928.00,779925.0,9734
-312818.00,780115.0,9746
-312048.00,780085.0,9757
-312020.00,780320.0,9769
-312772.00,780320.0,9781
-314297.00,779871.0,9793
-313046.00,779561.0,9804
-311219.00,779517.0,9817
-312742.00,779834.0,9828
-314278.00,780178.0,9839
-313265.00,780373.0,9851
-312022.00,780203.0,9863
-311800.00,779991.0,9875
-312543.00,779980.0,9886
-313219.00,779890.0,9899
-313252.00,779850.0,9910
-312899.00,779685.0,9922
-311989.00,779760.0,9933
-312530.00,779954.0,9946
-313990.00,780044.0,9957
-313195.00,780190.0,9969
-311252.00,780321.0,9980
-312362.00,780226.0,9993
-314265.00,780250.0,10004
-313095.00,780075.0,10016
-312402.00,779937.0,10028
-312535.00,779893.0,10040
-312509.00,780052.0,10051
-313440.00,780245.0,10063
-312442.00,780362.0,10075
-311951.00,780259.0,10087
-312659.00,780180.0,10098
-313488.00,780075.0,10110
-312478.00,779969.0,10122
-312009.00,779785.0,10134
-313178.00,779736.0,10145
-313798.00,779702.0,10158
-313175.00,779895.0,10169
-311879.00,780138.0,10181
-311881.00,780380.0,10192
-312975.00,780233.0,10205
-313230.00,779934.0,10216
-312578.00,779690.0,10228
-312336.00,779447.0,10240
-312820.00,779595.0,10252
-313109.00,779711.0,10263
-313648.00,780107.0,10275
-312715.00,780506.0,10287
-311267.00,780669.0,10299
-312466.00,780366.0,10310
-313817.00,779870.0,10322
-313088.00,779938.0,10334
-311996.00,779862.0,10346
-312123.00,779749.0,10357
-313627.00,779957.0,10370
-313555.00,780010.0,10381
-312451.00,780064.0,10393
-312462.00,780197.0,10404
-312270.00,780277.0,10417
-312841.00,780218.0,10428
-314164.00,780121.0,10440
-310959.00,780144.0,10451
-312418.00,780193.0,10464
-313777.00,780337.0,10475
-313000.00,780145.0,10487
-312594.00,779820.0,10499
-312313.00,779727.0,10511
-312580.00,779844.0,10522
-313491.00,780089.0,10534
-313304.00,780072.0,10546
-312234.00,780049.0,10558
-311892.00,780067.0,10569
-312690.00,779964.0,10582
-313786.00,779954.0,10593
-313023.00,780014.0,10605
-311720.00,780064.0,10616
-312090.00,780071.0,10629
-313334.00,779982.0,10640
-313622.00,779915.0,10652
-312539.00,779760.0,10663
-312120.00,779791.0,10676
-312764.00,779941.0,10687
-312786.00,780147.0,10698
-313176.00,780105.0,10711
-313348.00,779982.0,10722
-311786.00,779922.0,10734
-311886.00,780057.0,10745
-314098.00,780132.0,10758
-313888.00,779997.0,10769
-312062.00,779894.0,10781
-312271.00,779976.0,10792
-312696.00,780227.0,10805
-312701.00,780260.0,10816
-313171.00,780328.0,10828
-312700.00,780212.0,10840
-312756.00,779912.0,10852
-313564.00,779716.0,10863
-313224.00,779683.0,10875
-312191.00,779899.0,10887
-312134.00,779994.0,10899
-312895.00,780212.0,10910
-313393.00,780127.0,10923
-312819.00,780056.0,10934
-312071.00,779825.0,10946
-312705.00,779631.0,10957
-313387.00,779815.0,10970
-313460.00,779873.0,10981
-312902.00,779869.0,10993
-312265.00,779885.0,11004
-312045.00,780097.0,11017
-313024.00,780184.0,11028
-313633.00,780139.0,11040
-312616.00,780033.0,11052
-311890.00,779788.0,11064
-312739.00,779782.0,11075
-313215.00,779955.0,11087
-312757.00,780067.0,11099
-312551.00,780074.0,11111
-312718.00,780050.0,11122
-312916.00,779985.0,11134
-312642.00,779914.0,11146
-312514.00,779992.0,11158
-312688.00,779856.0,11169
-312467.00,779809.0,11182
-313018.00,779742.0,11193
-313597.00,779973.0,11205
-312549.00,779969.0,11216
-311807.00,780160.0,11229
-313130.00,780268.0,11240
-312282.00,780130.0,11252
-312686.00,779949.0,11264
-312837.00,779804.0,11276
-312889.00,779741.0,11287
-312949.00,779757.0,11299
-312738.00,779905.0,11311
-312876.00,780197.0,11323
-312843.00,780319.0,11334
-312691.00,780224.0,11346
-312603.00,779948.0,11358
-312692.00,779893.0,11370
-312942.00,779828.0,11381
-313395.00,779599.0,11394
-313403.00,779542.0,11405
-312343.00,779795.0,11417
-312201.00,780259.0,11428
-313145.00,780604.0,11441
-313318.00,780598.0,11452
-312229.00,780084.0,11464
-312192.00,779667.0,11475
-312948.00,779707.0,11487
-312930.00,779571.0,11499
-313482.00,779612.0,11510
-313124.00,779962.0,11523
-312144.00,780286.0,11534
-312542.00,780657.0,11546
-313196.00,780731.0,11557
-312526.00,780375.0,11570
-312180.00,779797.0,11581
-312623.00,779269.0,11593
-313309.00,779167.0,11604
-313330.00,779453.0,11617
-312766.00,779946.0,11628
-312174.00,780421.0,11640
-312692.00,780651.0,11652
-312817.00,780562.0,11664
-312479.00,780122.0,11675
-312659.00,779648.0,11687
-312471.00,779321.0,11699
-313511.00,779454.0,11711
-313659.00,779651.0,11722
-312373.00,780059.0,11735
-312141.00,780386.0,11746
-312178.00,780526.0,11758
-312458.00,780465.0,11769
-313193.00,779924.0,11782
-312874.00,779544.0,11793
-312659.00,779283.0,11805
-313216.00,779308.0,11816
-313194.00,779923.0,11829
-312677.00,780318.0,11840
-312192.00,780490.0,11852
-311877.00,780530.0,11864
-312540.00,780427.0,11876
-313652.00,779902.0,11887
-313253.00,779481.0,11899
-312185.00,779459.0,11911
-312388.00,779681.0,11923
-313737.00,779981.0,11934
-313308.00,780209.0,11947
-312067.00,780476.0,11958
-312396.00,780488.0,11970
-312753.00,780192.0,11981
-313172.00,779905.0,11994
-313317.00,779719.0,12005
-312418.00,779690.0,12017
-313304.00,779835.0,12028
-313301.00,780215.0,12041
-312474.00,780267.0,12052
-312429.00,780273.0,12064
-312356.00,780195.0,12076
-312629.00,780166.0,12088
-313257.00,779937.0,12099
-312920.00,779538.0,12111
-312152.00,779378.0,12123
-313127.00,779502.0,12135
-313280.00,779794.0,12146
-312411.00,780278.0,12158
-312613.00,780529.0,12170
-312380.00,780515.0,12182
-312148.00,780177.0,12193
-313206.00,779898.0,12206
-313399.00,779579.0,12217
-312771.00,779408.0,12229
-312990.00,779426.0,12240
-312803.00,779933.0,12253
-312574.00,780409.0,12264
-312715.00,780549.0,12276
-312435.00,780499.0,12288
-312250.00,780262.0,12299
-312731.00,779702.0,12311
-313251.00,779431.0,12322
-313163.00,779414.0,12335
-312672.00,779728.0,12346
-312471.00,780222.0,12358
-313240.00,780552.0,12369
-312733.00,780551.0,12382
-312244.00,780294.0,12393
-312607.00,779983.0,12405
-312988.00,779759.0,12417
-313052.00,779607.0,12429
-312929.00,779628.0,12440
-312602.00,779944.0,12452
-312481.00,780229.0,12464
-313251.00,780348.0,12476
-312859.00,780426.0,12487
-312357.00,780197.0,12499
-312810.00,779906.0,12511
-313066.00,779826.0,12523
-312749.00,779879.0,12534
-312907.00,779883.0,12547
-312776.00,779970.0,12558
-312432.00,780057.0,12570
-312898.00,780018.0,12581
-313168.00,779973.0,12594
-312777.00,779998.0,12605
-312474.00,780015.0,12617
-312366.00,780258.0,12628
-312768.00,780182.0,12641
-313333.00,780117.0,12652
-312639.00,779977.0,12664
-311891.00,779884.0,12676
-313034.00,779991.0,12688
-313374.00,780122.0,12699
-312849.00,780063.0,12711
-312516.00,779985.0,12723
-312359.00,779963.0,12735
-312823.00,780032.0,12746
-313531.00,779958.0,12759
-313353.00,779876.0,12770
-312211.00,779840.0,12782
-312580.00,779878.0,12793
-313116.00,779976.0,12806
-313051.00,780116.0,12817
-312257.00,780110.0,12829
-312227.00,779969.0,12840
-312776.00,779771.0,12853
-313477.00,779818.0,12864
-313082.00,779735.0,12876
-311948.00,779808.0,12888
-312449.00,780086.0,12900
-313438.00,780156.0,12911
-313312.00,780136.0,12923
-312411.00,780205.0,12935
-311945.00,780117.0,12947
-312315.00,779922.0,12958
-313676.00,779897.0,12971
-313229.00,779853.0,12982
-312091.00,780013.0,12994
-312326.00,780036.0,13005
-312692.00,779965.0,13018
-313589.00,780038.0,13029
-313113.00,779966.0,13041
-311982.00,779959.0,13052
-312499.00,780207.0,13065
-313226.00,780419.0,13076
-313461.00,780378.0,13088
-312855.00,780262.0,13100
-312248.00,780049.0,13111
-312363.00,779814.0,13123
-313134.00,779906.0,13134
-313383.00,779971.0,13147
-312604.00,779980.0,13158
-312799.00,780195.0,13170
-312599.00,780376.0,13181
-312422.00,780311.0,13194
-312527.00,780203.0,13205
-312620.00,780189.0,13217
-313347.00,779851.0,13229
-313475.00,779767.0,13241
-312679.00,779892.0,13252
-312374.00,780026.0,13264
-312639.00,780181.0,13276
-312802.00,780472.0,13288
-312935.00,780294.0,13299
-312771.00,779961.0,13312
-312198.00,779849.0,13323
-312338.00,779700.0,13335
-313774.00,779683.0,13346
-313183.00,779772.0,13359
-312109.00,779814.0,13370
-312757.00,780052.0,13382
-313008.00,780492.0,13393
-312998.00,780596.0,13406
-312811.00,780337.0,13417
-312519.00,779936.0,13429
-312355.00,779677.0,13441
-313335.00,779682.0,13453
-313567.00,779738.0,13464
-312611.00,779786.0,13476
-312311.00,780095.0,13488
-312419.00,780569.0,13500
-313329.00,780655.0,13511
-313236.00,780430.0,13523
-311954.00,780015.0,13535
-311975.00,779662.0,13547
-312971.00,779590.0,13558
-313861.00,779750.0,13571
-313320.00,779921.0,13582
-311858.00,780254.0,13594
-313064.00,780402.0,13605
-313386.00,780384.0,13618
-312272.00,780072.0,13629
-312119.00,779798.0,13641
-312884.00,779778.0,13652
-313064.00,779847.0,13665
-313481.00,779737.0,13676
-313223.00,779742.0,13688
-311822.00,779929.0,13700
-311838.00,780260.0,13712
-313489.00,780355.0,13723
-313255.00,780200.0,13735
-311991.00,779980.0,13747
-312660.00,779830.0,13759
-313067.00,779906.0,13770
-312788.00,779856.0,13783
-313313.00,779955.0,13794
-312913.00,780048.0,13806
-312047.00,780102.0,13817
-312682.00,780350.0,13830
-313543.00,780220.0,13841
-312679.00,780099.0,13853
-311923.00,780072.0,13864
-312708.00,779903.0,13877
-313068.00,779759.0,13888
-313324.00,779770.0,13900
-312934.00,779899.0,13912
-312099.00,780296.0,13924
-312379.00,780615.0,13935
-312867.00,780552.0,13946
-312953.00,780292.0,13959
-312445.00,779950.0,13970
-312692.00,779743.0,13982
-313227.00,779475.0,13995
-313786.00,779443.0,14006
-312244.00,779914.0,14017
-311861.00,780244.0,14029
-313188.00,780492.0,14041
-313361.00,780578.0,14053
-312965.00,780334.0,14064
-312332.00,779737.0,14076
-312250.00,779350.0,14088
-313042.00,779404.0,14100
-313647.00,779727.0,14111
-312614.00,780147.0,14124
-311899.00,780382.0,14135
-312718.00,780580.0,14147
-313411.00,780440.0,14158
-313345.00,779909.0,14171
-312484.00,779672.0,14182
-312235.00,779635.0,14194
-313184.00,779774.0,14205
-313655.00,779892.0,14218
-312566.00,780247.0,14229
-312096.00,780456.0,14241
-312369.00,780316.0,14253
-312682.00,780163.0,14265
-313151.00,779991.0,14276
-312984.00,779721.0,14288
-312409.00,779847.0,14300
-312727.00,780043.0,14312
-313459.00,780161.0,14323
-313371.00,780307.0,14336
-312372.00,780392.0,14347
-311781.00,780402.0,14359
-312626.00,780129.0,14370
-313043.00,779916.0,14383
-312362.00,779762.0,14394
-312330.00,779784.0,14406
-313305.00,780116.0,14417
-313520.00,780434.0,14430
-311921.00,780398.0,14441
-312231.00,780254.0,14453
-313017.00,779978.0,14465
-313281.00,779697.0,14477
-313537.00,779648.0,14488
-312343.00,779824.0,14500
-311996.00,780091.0,14512
-313136.00,780256.0,14524
-313595.00,780265.0,14535
-312821.00,780060.0,14547
-311857.00,779762.0,14559
-311830.00,779792.0,14571
-313375.00,779865.0,14582
-314012.00,780115.0,14595
-312650.00,780195.0,14606
-311852.00,779987.0,14618
-312514.00,779876.0,14629
-313213.00,779959.0,14642
-313402.00,780113.0,14653
-312883.00,780039.0,14665
-312131.00,780264.0,14676
-312403.00,780404.0,14689
-313351.00,780387.0,14700
-313066.00,780176.0,14712
-311889.00,779975.0,14724
-312503.00,779759.0,14736
-313371.00,779738.0,14747
-313359.00,779993.0,14758
-312099.00,780309.0,14771
-312162.00,780385.0,14782
-313028.00,780199.0,14794
-313314.00,780060.0,14806
-313174.00,779730.0,14818
-312323.00,779672.0,14829
-312943.00,779765.0,14841
-313162.00,780071.0,14853
-312988.00,780124.0,14865
-312980.00,780053.0,14876
-312006.00,780068.0,14888
-312444.00,780180.0,14900
-313606.00,780028.0,14912
-313436.00,779834.0,14923
-312562.00,779829.0,14936
-312338.00,779926.0,14947
-312642.00,780080.0,14959
-312876.00,780223.0,14970
-313581.00,780181.0,14983
-312748.00,780034.0,14994
-312082.00,779933.0,15006
-313162.00,779956.0,15017
-313066.00,780286.0,15030
-312712.00,780344.0,15041
-312774.00,780018.0,15053
-312697.00,780010.0,15065
-312631.00,779980.0,15077
-313206.00,779977.0,15088
-313333.00,779922.0,15100
-312324.00,780040.0,15112
-312507.00,780190.0,15124
-313060.00,780097.0,15135
-312454.00,780197.0,15148
-312419.00,780411.0,15159
-312834.00,780383.0,15171
-313420.00,779855.0,15182
-313027.00,779519.0,15195
-312716.00,779605.0,15206
-312379.00,779716.0,15218
-312987.00,780146.0,15229
-313126.00,780499.0,15242
-312296.00,780452.0,15253
-312459.00,780415.0,15265
-312381.00,779982.0,15277
-313190.00,779881.0,15289
-313504.00,779856.0,15300
-312156.00,779801.0,15312
-312189.00,780014.0,15324
-313052.00,780155.0,15336
-312999.00,780268.0,15347
-312769.00,780279.0,15360
-312710.00,780121.0,15371
-312210.00,780012.0,15383
-312579.00,780028.0,15394
-313848.00,779979.0,15407
-312963.00,780045.0,15418
-312251.00,780305.0,15430
-312305.00,780298.0,15441
-312856.00,780186.0,15454
-313381.00,780139.0,15465
-312529.00,779854.0,15477
-312543.00,780154.0,15489
-312503.00,780314.0,15501
-312893.00,780340.0,15512
-313404.00,780298.0,15524
-312228.00,780195.0,15536
-312272.00,780111.0,15547
-313068.00,779993.0,15559
-313469.00,779869.0,15570
-312913.00,779772.0,15583
-312214.00,779833.0,15594
-312037.00,780102.0,15606
-313111.00,780179.0,15618
-313397.00,779992.0,15630
-312337.00,780125.0,15641
-312204.00,780008.0,15653
-312856.00,779869.0,15665
-313299.00,779778.0,15677
-313060.00,779800.0,15688
-312583.00,780024.0,15700
-312237.00,780157.0,15712
-312565.00,780258.0,15724
-313346.00,780270.0,15735
-313034.00,780098.0,15748
-312468.00,779933.0,15759
-312655.00,779766.0,15771
-312803.00,779920.0,15782
-312996.00,780051.0,15795
-313080.00,779987.0,15806
-312575.00,779857.0,15818
-312302.00,780154.0,15830
-312913.00,780357.0,15842
-313044.00,780302.0,15853
-312857.00,780149.0,15865
-313123.00,779889.0,15877
-312711.00,779803.0,15889
-312240.00,779972.0,15900
-313363.00,780132.0,15912
-313297.00,780421.0,15924
-312223.00,780397.0,15936
-312744.00,780209.0,15947
-312939.00,780059.0,15960
-312709.00,779724.0,15971
-313027.00,779716.0,15983
-312823.00,779726.0,15994
-312510.00,779952.0,16007
-312913.00,780125.0,16018
-312851.00,780158.0,16030
-312680.00,780344.0,16041
-312317.00,780333.0,16054
-312507.00,780095.0,16065
-313154.00,779897.0,16077
-313282.00,779668.0,16089
-312905.00,779730.0,16101
-312389.00,779856.0,16112
-312576.00,780178.0,16124
-312807.00,780287.0,16136
-313191.00,780322.0,16148
-312804.00,780188.0,16159
-312175.00,779973.0,16172
-312915.00,780012.0,16183
-313413.00,780010.0,16195
-312718.00,779967.0,16206
-312657.00,779998.0,16219
-312774.00,780011.0,16230
-312810.00,780053.0,16242
-312966.00,780278.0,16253
-313131.00,780194.0,16266
-312144.00,780019.0,16277
-311979.00,780001.0,16289
-313464.00,780028.0,16301
-313181.00,779978.0,16313
-312734.00,779923.0,16324
-312956.00,779993.0,16336
-312926.00,780061.0,16348
-313419.00,780040.0,16359
-312237.00,780169.0,16371
-312420.00,780117.0,16382
-313292.00,779829.0,16395
-312962.00,779691.0,16406
-312860.00,779761.0,16418
-312755.00,779727.0,16430
-312420.00,779877.0,16442
-312725.00,780212.0,16453
-313156.00,780357.0,16465
-313124.00,780354.0,16477
-312343.00,780074.0,16489
-312252.00,779831.0,16500
-313350.00,779778.0,16513
-313280.00,779628.0,16524
-312969.00,779677.0,16536
-312656.00,780150.0,16547
-311998.00,780499.0,16560
-312704.00,780691.0,16571
-312837.00,780652.0,16583
-312512.00,780222.0,16594
-312843.00,779706.0,16607
-312986.00,779531.0,16618
-312951.00,779512.0,16630
-312945.00,779842.0,16642
-312726.00,780188.0,16654
-312604.00,780470.0,16665
-312949.00,780616.0,16677
-312651.00,780474.0,16689
-312359.00,780084.0,16701
-312861.00,779560.0,16712
-312759.00,779528.0,16724
-313614.00,779783.0,16736
-313015.00,780103.0,16748
-312040.00,780314.0,16759
-312439.00,780566.0,16772
-313053.00,780369.0,16783
-312524.00,780041.0,16795
-312869.00,779964.0,16806
-313076.00,779676.0,16819
-312715.00,779555.0,16830
-313005.00,779788.0,16842
-312497.00,780064.0,16854
-312817.00,780294.0,16866
-312671.00,780414.0,16877
-312406.00,780605.0,16889
-312891.00,780424.0,16901
-312491.00,779956.0,16913
-313099.00,779680.0,16924
-312704.00,779447.0,16936
-312678.00,779556.0,16948
-313356.00,780044.0,16960
-312298.00,780216.0,16971
-312632.00,780456.0,16984
-313242.00,780433.0,16995
-312305.00,780319.0,17007
-312530.00,779984.0,17018
-312864.00,779474.0,17031
-312694.00,779325.0,17042
-313211.00,779681.0,17054
-312918.00,780167.0,17065
-312599.00,780646.0,17078
-312528.00,780937.0,17089
-312103.00,780987.0,17101
-313031.00,780217.0,17113
-313321.00,779806.0,17125
-312956.00,779297.0,17136
-313943.00,779159.0,17148
-312236.00,779564.0,17160
-313029.00,780046.0,17172
-312853.00,780636.0,17183
-311558.00,780812.0,17195
-312836.00,780711.0,17207
-313362.00,780139.0,17218
-312798.00,779440.0,17230
-312595.00,778981.0,17242
-313123.00,779119.0,17254
-313642.00,779757.0,17265
-312936.00,780523.0,17277
-312304.00,781031.0,17289
-312186.00,781021.0,17301
-311859.00,780516.0,17312
-313188.00,779963.0,17325
-313514.00,779184.0,17336
-312044.00,778912.0,17348
-312725.00,779409.0,17359
-313755.00,780059.0,17372
-312557.00,780563.0,17383
-312521.00,780771.0,17395
-312462.00,780740.0,17406
-311430.00,780329.0,17419
-313396.00,779816.0,17430
-313775.00,779268.0,17442
-311936.00,779288.0,17454
-312819.00,779599.0,17466
-313464.00,780044.0,17477
-313261.00,780539.0,17489
-312846.00,780858.0,17501
-311965.00,780668.0,17513
-312942.00,780524.0,17524
-313042.00,780225.0,17537
-312947.00,780003.0,17548
-312291.00,779603.0,17560
-312846.00,779393.0,17571
-313866.00,779713.0,17584
-313033.00,780154.0,17595
-311760.00,780649.0,17607
-311862.00,780866.0,17618
-312680.00,780627.0,17631
-313342.00,780164.0,17642
-313168.00,779578.0,17654
-312524.00,779224.0,17666
-312697.00,779290.0,17678
-313077.00,779672.0,17689
-313535.00,780435.0,17701
-312389.00,780718.0,17713
-311288.00,780876.0,17725
-312551.00,780603.0,17736
-312988.00,780069.0,17748
-313212.00,779526.0,17760
-312818.00,779231.0,17772
-312323.00,779403.0,17783
-312972.00,779849.0,17796
-313154.00,780442.0,17807
-313057.00,780888.0,17819
-311974.00,780887.0,17830
-311609.00,780409.0,17843
-312939.00,779804.0,17854
-313306.00,779374.0,17866
-313766.00,779304.0,17878
-312993.00,779510.0,17890
-312133.00,780100.0,17901
-313003.00,780830.0,17913
-312388.00,781071.0,17925
-312106.00,780900.0,17937
-312659.00,780339.0,17948
-312749.00,779707.0,17960
-312875.00,779359.0,17972
-313393.00,779150.0,17983
-312645.00,779355.0,17995
-312457.00,779891.0,18007
-312829.00,780546.0,18019
-312701.00,780831.0,18030
-312700.00,780680.0,18042
-312176.00,780265.0,18054
-312925.00,779689.0,18066
-313389.00,779350.0,18077
-312744.00,779413.0,18089
-313119.00,779877.0,18101
-312503.00,780255.0,18113
-312338.00,780532.0,18124
-312916.00,780526.0,18137
-312598.00,780266.0,18148
-312587.00,780068.0,18160
-312364.00,779937.0,18171
-313103.00,780106.0,18184
-313269.00,779990.0,18195
-312708.00,779808.0,18207
-312370.00,779868.0,18219
-312373.00,780085.0,18231
-313036.00,780350.0,18242
-312843.00,780481.0,18254
-312950.00,780396.0,18266
-312312.00,780229.0,18278
-311973.00,780104.0,18289
-313432.00,779924.0,18301
-312508.00,779764.0,18313
-312783.00,779634.0,18325
-312754.00,779585.0,18336
-313523.00,780010.0,18349
-312590.00,780096.0,18360
-311438.00,780563.0,18372
-312714.00,780651.0,18383
-313419.00,780050.0,18396
-312843.00,779545.0,18407
-312865.00,779359.0,18419
-313198.00,779447.0,18430
-312598.00,779899.0,18443
-312783.00,780494.0,18454
-312705.00,780923.0,18466
-311956.00,780840.0,18478
-312321.00,780395.0,18490
-313228.00,779906.0,18501
-313352.00,779595.0,18513
-312326.00,779651.0,18525
-312695.00,779971.0,18537
-313576.00,780314.0,18548
-312607.00,780541.0,18561
-312547.00,780641.0,18572
-311893.00,780574.0,18584
-311686.00,780213.0,18595
-313634.00,779795.0,18608
-314059.00,779639.0,18619
-312694.00,779585.0,18631
-312391.00,779855.0,18642
-312602.00,780310.0,18655
-312770.00,780454.0,18666
-313340.00,780356.0,18678
-312192.00,780249.0,18690
-313213.00,780077.0,18702
-313669.00,779663.0,18713
-313189.00,779583.0,18725
-312135.00,779524.0,18737
-312257.00,779637.0,18749
-313409.00,779842.0,18760
-313550.00,780441.0,18771
-312742.00,780785.0,18784
-312012.00,780555.0,18795
-312046.00,780302.0,18807
-312863.00,780020.0,18819
-313507.00,779628.0,18831
-312900.00,779523.0,18842
-312252.00,779621.0,18854
-312892.00,779749.0,18866
-313534.00,780074.0,18878
-312841.00,780513.0,18889
-311867.00,780577.0,18902
-312521.00,780448.0,18913
-312321.00,780158.0,18925
-313199.00,779711.0,18936
-314305.00,779361.0,18949
-311947.00,779458.0,18960
-312131.00,779885.0,18972
-313878.00,780317.0,18983
-312766.00,780750.0,18996
-312038.00,780806.0,19007
-312462.00,780459.0,19019
-312385.00,779814.0,19031
-313137.00,779231.0,19043
-313677.00,779177.0,19054
-312235.00,779517.0,19066
-312456.00,780257.0,19078
-313317.00,780956.0,19090
-312702.00,780947.0,19101
-311386.00,780406.0,19113
-312797.00,779896.0,19125
-313039.00,779415.0,19137
-313254.00,779228.0,19148
-313889.00,779454.0,19161
-311796.00,779906.0,19172
-312380.00,780389.0,19184
-313690.00,780702.0,19195
-312530.00,780566.0,19208
-311780.00,780381.0,19219
-312279.00,779998.0,19231
-313191.00,779744.0,19243
-313864.00,779541.0,19255
-313451.00,779666.0,19266
-312181.00,779809.0,19278
-311746.00,780200.0,19290
-312736.00,780381.0,19302
-313795.00,780477.0,19313
-312765.00,780340.0,19325
-311152.00,779971.0,19337
-312466.00,779826.0,19349
-313623.00,779673.0,19360
-313380.00,779608.0,19373
-313120.00,779770.0,19384
-312230.00,779989.0,19396
-312121.00,780435.0,19407
-313345.00,780608.0,19420
-313584.00,780419.0,19431
-311863.00,780081.0,19443
-311745.00,779791.0,19454
-313271.00,779661.0,19467
-314036.00,779446.0,19478
-311906.00,779739.0,19490
-312131.00,780132.0,19502
-312683.00,780503.0,19514
-313146.00,780572.0,19525
-312560.00,780251.0,19537
-311976.00,779985.0,19549
-312437.00,779715.0,19561
-313480.00,779569.0,19572
-313607.00,779477.0,19584
-312227.00,779544.0,19596
-311890.00,779856.0,19607
-312559.00,780302.0,19619
-313323.00,780538.0,19631
-313118.00,780324.0,19643
-311636.00,780029.0,19654
-312553.00,779845.0,19666
-313729.00,779824.0,19678
-312909.00,779838.0,19690
-312750.00,779755.0,19701
-312367.00,780034.0,19714
-311886.00,780496.0,19725
-313380.00,780481.0,19737
-313586.00,780323.0,19748
-312239.00,779975.0,19761
-312462.00,779729.0,19772
-312928.00,779739.0,19784
-313246.00,779834.0,19795
-313260.00,780239.0,19808
-312152.00,780383.0,19819
-312374.00,780600.0,19831
-313297.00,780259.0,19843
-312740.00,779840.0,19855
-313028.00,779845.0,19866
-311999.00,779732.0,19878
-314221.00,779891.0,19890
-313434.00,779891.0,19902
-311609.00,780030.0,19913
-312224.00,780307.0,19926
-312506.00,780389.0,19937
-313522.00,780206.0,19949
-313533.00,779930.0,19960
-311794.00,779846.0,19973
-312128.00,779834.0,19984
-313267.00,779903.0,19996
-313316.00,779919.0,20007
-313079.00,779913.0,20020
-311855.00,779963.0,20031
-312424.00,779901.0,20043
-313815.00,780032.0,20055
-312948.00,780010.0,20067
-312217.00,779946.0,20078
-312017.00,779777.0,20090
-312396.00,779781.0,20102
-313892.00,779971.0,20114
-313409.00,780030.0,20125
-311808.00,780251.0,20137
-312618.00,780311.0,20149
-313226.00,780310.0,20161
-312798.00,780261.0,20172
-312772.00,779861.0,20185
-311980.00,779662.0,20196
-312597.00,779643.0,20208
-313957.00,779809.0,20219
-313262.00,780075.0,20232
-312190.00,780420.0,20243
-312154.00,780622.0,20255
-312821.00,780391.0,20267
-312858.00,779969.0,20279
-311996.00,779764.0,20290
-312669.00,779629.0,20302
-313399.00,779685.0,20314
-313371.00,780013.0,20326
-312685.00,780331.0,20337
-311761.00,780456.0,20349
-312239.00,780323.0,20361
-313435.00,779854.0,20372
-313379.00,779896.0,20384
-312547.00,779832.0,20396
-312256.00,780131.0,20408
-313045.00,780291.0,20419
-313810.00,780323.0,20431
-313069.00,780022.0,20443
-311789.00,780046.0,20455
-312513.00,780040.0,20466
-313246.00,780277.0,20478
-313947.00,780424.0,20490
-313089.00,780127.0,20502
-311135.00,780036.0,20513
-312358.00,779976.0,20526
-314031.00,779896.0,20537
-313216.00,780041.0,20549
-312145.00,780053.0,20560
-312330.00,780181.0,20573
-312607.00,780302.0,20584
-313260.00,780281.0,20596
-313747.00,780107.0,20608
-311954.00,779891.0,20620
-311581.00,779951.0,20631
-313574.00,779915.0,20643
-313784.00,780018.0,20655
-311692.00,780309.0,20667
-312224.00,780479.0,20678
-313579.00,780295.0,20690
-314068.00,779898.0,20702
-312755.00,779529.0,20714
-311105.00,779485.0,20725
-312518.00,779738.0,20738
-314248.00,780096.0,20749
-313413.00,780291.0,20761
-311581.00,780310.0,20772
-311546.00,780209.0,20785
-313034.00,780009.0,20796
-313846.00,779923.0,20808
-313391.00,779786.0,20819
-311691.00,779886.0,20832
-311635.00,780130.0,20843
-313675.00,780134.0,20855
-313342.00,780169.0,20867
-312660.00,780129.0,20879
-312148.00,780076.0,20890
-311909.00,780021.0,20902
-313838.00,779862.0,20914
-313698.00,779961.0,20926
-311754.00,779960.0,20937
-312169.00,780081.0,20950
-312681.00,780169.0,20961
-313075.00,780216.0,20973
-313721.00,780281.0,20984
-312578.00,779912.0,20997
-311709.00,779907.0,21008
-312952.00,780037.0,21020
-313768.00,780057.0,21031
-312619.00,780090.0,21044
-312775.00,780093.0,21055
-313124.00,780175.0,21067
-313490.00,780052.0,21079
-312974.00,779935.0,21091
-311503.00,779892.0,21102
-312091.00,779975.0,21114
-313880.00,779946.0,21126
-313571.00,779872.0,21138
-312366.00,780167.0,21149
-312424.00,780174.0,21161
-312655.00,780008.0,21173
-313200.00,780045.0,21184
-313454.00,780004.0,21196
-311999.00,779870.0,21208
-311909.00,780007.0,21220
-313406.00,780246.0,21231
-313495.00,780213.0,21243
-312436.00,780113.0,21255
-312474.00,779933.0,21267
-312582.00,779720.0,21278
-312936.00,779672.0,21291
-313717.00,779948.0,21302
-312450.00,780334.0,21314
-311790.00,780484.0,21325
-313435.00,780476.0,21338
-313385.00,780259.0,21349
-312570.00,780054.0,21361
-312001.00,779926.0,21372
-311990.00,779964.0,21385
-313375.00,779926.0,21396
-313896.00,780033.0,21408
-313083.00,780157.0,21420
-311959.00,780347.0,21432
-311529.00,780576.0,21443
-313614.00,780376.0,21455
-312907.00,779925.0,21467
-313037.00,779610.0,21479
-313178.00,779574.0,21490
-312874.00,779661.0,21502
-312431.00,780069.0,21514
-312059.00,780368.0,21526
-312740.00,780325.0,21537
-313474.00,780130.0,21550
-313059.00,779731.0,21561
-312793.00,779543.0,21573
-312140.00,779878.0,21584
-312278.00,780256.0,21597
-313687.00,780266.0,21608
-313125.00,780178.0,21620
-312379.00,780063.0,21632
-312775.00,779896.0,21644
-312265.00,779827.0,21655
-312693.00,779891.0,21667
-313485.00,780140.0,21679
-312479.00,780339.0,21691
-312181.00,780244.0,21702
-313108.00,780220.0,21714
-312984.00,780143.0,21726
-312212.00,780080.0,21738
-312968.00,780000.0,21749
-313289.00,779983.0,21762
-312752.00,779915.0,21773
-312773.00,779996.0,21785
-312431.00,780033.0,21796
-311676.00,780266.0,21809
-312122.00,780403.0,21820
-313999.00,780306.0,21832
-312187.00,780085.0,21843
-312461.00,779834.0,21856
-312529.00,779798.0,21867
-312895.00,779866.0,21879
-313570.00,780106.0,21891
-312519.00,780537.0,21903
-311965.00,780531.0,21914
-313779.00,780079.0,21926
-313676.00,779725.0,21938
-311853.00,779380.0,21950
-311880.00,779821.0,21961
-312839.00,780360.0,21974
-313668.00,780629.0,21985
-313750.00,780428.0,21996
-311896.00,779844.0,22008
-311303.00,779805.0,22020
-312371.00,779942.0,22032
-313509.00,780010.0,22043
-313777.00,780101.0,22055
-312763.00,779998.0,22067
-312322.00,780076.0,22079
-312561.00,780222.0,22090
-312770.00,780251.0,22103
-312666.00,780135.0,22114
-312381.00,780005.0,22126
-312587.00,779939.0,22137
-313447.00,779894.0,22150
-313611.00,780054.0,22161
-312214.00,780226.0,22173
-312033.00,780170.0,22184
-312523.00,780183.0,22197
-313091.00,780219.0,22208
-313760.00,780162.0,22220
-312220.00,780277.0,22232
-312552.00,780461.0,22244
-313130.00,780271.0,22255
-313647.00,780025.0,22267
-312447.00,779517.0,22279
-311948.00,779494.0,22291
-313049.00,779911.0,22302
-313855.00,780277.0,22315
-313277.00,780521.0,22326
-312187.00,780497.0,22338
-312129.00,780252.0,22349
-312707.00,780137.0,22362
-313276.00,780088.0,22373
-312953.00,779742.0,22385
-312769.00,779644.0,22396
-312842.00,779877.0,22409
-313713.00,780226.0,22420
-313056.00,780535.0,22432
-310971.00,780565.0,22444
-312321.00,780366.0,22456
-313738.00,780059.0,22467
-313488.00,779460.0,22479
-313967.00,779133.0,22491
-312166.00,779600.0,22503
-311413.00,780382.0,22514
-313460.00,780752.0,22526
-313633.00,780641.0,22538
-312450.00,780551.0,22550
-311530.00,780047.0,22561
-312596.00,779752.0,22574
-314142.00,779742.0,22585
-313222.00,779892.0,22597
-312120.00,780118.0,22608
-312186.00,780238.0,22621
-313998.00,780369.0,22632
-312436.00,780290.0,22644
-310842.00,780187.0,22656
-312245.00,780120.0,22668
-314114.00,779953.0,22679
-314808.00,779562.0,22691
-312999.00,779262.0,22703
-310026.00,779469.0,22715
-311465.00,780084.0,22726
-314682.00,780679.0,22738
-313755.00,780563.0,22750
-312168.00,780246.0,22762
-311294.00,779751.0,22773
-311992.00,779715.0,22785
-314691.00,779827.0,22797
-313545.00,779758.0,22808
-311579.00,779799.0,22820
-312087.00,780047.0,22832
-313204.00,780275.0,22844
-313743.00,780380.0,22855
-312576.00,780125.0,22867
-310885.00,779815.0,22879
-311404.00,779706.0,22891
-314237.00,779847.0,22902
-315237.00,779756.0,22915
-312525.00,779876.0,22926
-310483.00,780145.0,22938
-311980.00,780553.0,22949
-314003.00,780532.0,22962
-314028.00,780254.0,22973
-312373.00,779929.0,22985
-310959.00,779838.0,22996
-312161.00,780053.0,23009
-314141.00,779924.0,23020
-311669.00,779814.0,23032
-311181.00,779954.0,23044
-312687.00,780337.0,23056
-314239.00,780824.0,23067
-313140.00,780682.0,23079
-311199.00,780190.0,23091
-311753.00,779779.0,23103
-314332.00,779494.0,23114
-314505.00,779328.0,23127
-312441.00,779550.0,23138
-310990.00,780294.0,23150
-311687.00,780939.0,23161
-314416.00,780983.0,23174
-314049.00,780569.0,23185
-310784.00,779858.0,23197
-310921.00,779444.0,23208
-314062.00,779267.0,23221
-314589.00,779379.0,23232
-312768.00,779868.0,23244
-311636.00,780545.0,23256
-311687.00,781152.0,23268
-313230.00,780959.0,23279
-314204.00,780041.0,23291
-312793.00,779217.0,23303
-311105.00,779132.0,23315
-312541.00,779624.0,23326
-314506.00,780286.0,23339
-313345.00,780834.0,23350
-311664.00,780743.0,23362
-311625.00,780408.0,23373
-312627.00,780022.0,23386
-313993.00,779886.0,23397
-313594.00,779950.0,23409
-311388.00,780154.0,23420
-313928.00,780161.0,23433
-314618.00,780056.0,23444
-311969.00,779949.0,23456
-310493.00,779907.0,23468
-312242.00,780124.0,23480
-314596.00,780128.0,23491
-314513.00,779960.0,23503
-311806.00,779551.0,23515
-310840.00,779538.0,23527
-312762.00,780057.0,23538
-313806.00,780540.0,23549
-313231.00,780785.0,23562
-311756.00,780397.0,23573
-311815.00,779878.0,23585
-314075.00,779521.0,23597
-314494.00,779258.0,23609
-312297.00,779564.0,23620
-310681.00,780237.0,23632
-311667.00,780896.0,23644
-314447.00,781040.0,23656
-314715.00,780359.0,23667
-311743.00,779772.0,23680
-310746.00,779410.0,23691
-312272.00,779741.0,23703
-314156.00,780235.0,23714
-314556.00,780538.0,23727
-312048.00,780570.0,23738
-310461.00,780647.0,23750
-312269.00,780402.0,23761
-314212.00,779882.0,23774
-313910.00,779552.0,23785
-311383.00,779464.0,23797
-314625.00,780023.0,23809
-314248.00,780681.0,23821
-311062.00,780760.0,23832
-311556.00,780618.0,23844
-312592.00,780275.0,23856
-314164.00,779967.0,23868
-315294.00,779554.0,23879
-311704.00,779219.0,23891
-309819.00,779832.0,23903
-312591.00,780615.0,23915
-314416.00,780819.0,23926
-313693.00,780637.0,23939
-312205.00,779788.0,23950
-311980.00,779082.0,23962
-313294.00,779354.0,23973
-313386.00,779764.0,23986
-313016.00,780328.0,23997
-312104.00,780690.0,24009
-311239.00,780662.0,24020
-314103.00,780297.0,24033
-314324.00,779674.0,24044
-311760.00,779355.0,24056
-312157.00,779414.0,24068
-312703.00,779931.0,24080
-314156.00,780366.0,24091
-314129.00,780510.0,24103
-310874.00,780316.0,24115
-310840.00,779973.0,24127
-313441.00,779813.0,24138
-314146.00,779531.0,24151
-313672.00,779408.0,24162
-312478.00,779589.0,24174
-311894.00,779894.0,24185
-312911.00,780412.0,24198
-313007.00,780570.0,24209
-312261.00,780177.0,24221
-311875.00,779898.0,24232
-313895.00,779743.0,24245
-314037.00,779724.0,24256
-312040.00,779970.0,24268
-311854.00,780132.0,24280
-312575.00,780224.0,24292
-313725.00,780061.0,24303
-313365.00,779707.0,24315
-311795.00,779599.0,24327
-311943.00,779762.0,24339
-313307.00,779906.0,24350
-314027.00,779872.0,24361
-313277.00,779781.0,24374
-311475.00,779918.0,24385
-311665.00,780115.0,24397
-313863.00,780082.0,24409
-314146.00,779947.0,24421
-312556.00,779844.0,24432
-311814.00,779725.0,24444
-312657.00,779932.0,24456
-313516.00,780044.0,24468
-313188.00,780118.0,24479
-312148.00,780026.0,24492
-311780.00,779962.0,24503
-313472.00,779978.0,24515
-314138.00,779953.0,24526
-313024.00,780155.0,24539
-311556.00,780180.0,24550
-311784.00,780145.0,24562
-313576.00,780163.0,24573
-313823.00,779743.0,24586
-312097.00,779639.0,24597
-312395.00,779846.0,24609
-313114.00,780230.0,24621
-313161.00,780251.0,24633
-312732.00,779905.0,24644
-311868.00,779992.0,24656
-312386.00,779889.0,24668
-313464.00,779600.0,24680
-313839.00,779649.0,24691
-312477.00,780006.0,24704
-311904.00,780195.0,24715
-313480.00,780430.0,24727
-313217.00,780571.0,24738
-312133.00,780211.0,24751
-312293.00,779692.0,24762
-312643.00,779323.0,24774
-313755.00,779263.0,24785
-313698.00,779789.0,24798
-312300.00,780386.0,24809
-311982.00,780535.0,24821
-312506.00,780485.0,24833
-313040.00,779986.0,24845
-313210.00,779757.0,24856
-312641.00,779648.0,24868
-312302.00,779693.0,24880
-313269.00,780020.0,24892
-313820.00,780254.0,24903
-312675.00,780264.0,24915
-311528.00,780229.0,24927
-312371.00,780368.0,24939
-313666.00,780162.0,24950
-313191.00,779801.0,24963
-312122.00,779551.0,24974
-312855.00,779770.0,24986
-313754.00,780039.0,24997
-312937.00,780198.0,25010
-311442.00,780286.0,25021
-312209.00,780329.0,25033
-313720.00,779967.0,25044
-313485.00,779713.0,25057
-312640.00,779719.0,25068
-311882.00,780037.0,25080
-312500.00,780295.0,25092
-313561.00,780249.0,25104
-313399.00,780055.0,25115
-312406.00,779696.0,25126
-311971.00,779721.0,25139
-312932.00,780027.0,25150
-313524.00,780227.0,25162
-313029.00,780163.0,25174
-312184.00,779917.0,25186
-312426.00,779864.0,25197
-313226.00,779822.0,25209
-313266.00,779922.0,25221
-312853.00,780034.0,25233
-312024.00,779933.0,25244
-312563.00,779979.0,25256
-313338.00,779978.0,25268
-313234.00,779916.0,25280
-312909.00,780279.0,25291
-311794.00,780494.0,25304
-312381.00,780329.0,25315
-313626.00,780091.0,25327
-313022.00,779910.0,25338
-312387.00,779866.0,25351
-312271.00,780025.0,25362
-312850.00,780008.0,25374
-312726.00,780031.0,25385
-311919.00,780073.0,25398
-312665.00,780037.0,25409
-312994.00,780069.0,25421
-313450.00,779907.0,25433
-312888.00,779583.0,25445
-312090.00,779619.0,25456
-312888.00,779912.0,25468
-313141.00,780173.0,25480
-312642.00,780403.0,25492
-312561.00,780129.0,25503
-312518.00,779899.0,25516
-312930.00,779682.0,25527
-313893.00,779627.0,25539
-312923.00,779794.0,25550
-311894.00,780390.0,25563
-312298.00,780628.0,25574
-313021.00,780332.0,25586
-313504.00,780137.0,25597
-312359.00,779813.0,25610
-312252.00,779637.0,25621
-312963.00,779658.0,25633
-313388.00,779853.0,25645
-313579.00,779980.0,25657
-312095.00,780130.0,25668
-311918.00,780373.0,25680
-313227.00,780418.0,25692
-313015.00,780211.0,25704
-312674.00,779898.0,25715
-312651.00,779433.0,25728
-312310.00,779525.0,25739
-312984.00,779853.0,25751
-313994.00,780304.0,25762
-311592.00,780565.0,25775
-312865.00,780522.0,25786
-313358.00,780327.0,25798
-313237.00,780075.0,25809
-312580.00,779737.0,25822
-312149.00,779534.0,25833
-312667.00,779754.0,25845
-313143.00,780049.0,25857
-313374.00,780161.0,25869
-312227.00,780357.0,25880
-311981.00,780335.0,25892
-313179.00,780222.0,25904
-312846.00,780105.0,25915
-313150.00,779805.0,25927
-313000.00,779991.0,25938
-312076.00,780031.0,25951
-313187.00,780246.0,25962
-313578.00,780303.0,25974
-312640.00,780087.0,25986
-312098.00,779903.0,25998
-312699.00,780036.0,26009
-313486.00,780190.0,26021
-313541.00,780210.0,26033
-312083.00,779926.0,26045
-311654.00,780116.0,26056
-313021.00,780157.0,26068
-313462.00,779932.0,26080
-313596.00,779805.0,26092
-312382.00,779599.0,26103
-312066.00,779768.0,26116
-313421.00,779979.0,26127
-313290.00,780140.0,26139
-312919.00,780166.0,26150
-312146.00,779974.0,26163
-313855.00,780041.0,26174
-313365.00,780000.0,26186
-312230.00,779788.0,26198
-313009.00,779843.0,26210
-312414.00,780075.0,26221
-313195.00,780215.0,26233
-313503.00,780208.0,26245
-311851.00,780109.0,26257
-312451.00,779932.0,26268
-313290.00,779855.0,26280
-313228.00,779847.0,26292
-313338.00,779990.0,26304
-312117.00,780095.0,26315
-311986.00,780044.0,26328
-313394.00,780091.0,26339
-313257.00,780033.0,26351
-313118.00,779766.0,26362
-312738.00,779695.0,26375
-312601.00,779901.0,26386
-312829.00,780062.0,26398
-312721.00,780229.0,26409
-313125.00,780136.0,26422
-312893.00,779929.0,26433
-312469.00,779713.0,26445
-313511.00,779726.0,26457
-313074.00,780050.0,26469
-311885.00,780340.0,26480
-313195.00,780265.0,26492
-313169.00,780123.0,26504
-312545.00,779971.0,26516
-313422.00,779706.0,26527
-312595.00,779812.0,26540
-311853.00,780113.0,26551
-313541.00,780167.0,26563
-312603.00,780228.0,26574
-312422.00,780108.0,26587
-312302.00,780052.0,26598
-312716.00,779990.0,26610
-313388.00,779703.0,26621
-313437.00,779635.0,26634
-312524.00,779703.0,26645
-312265.00,779956.0,26657
-312755.00,780206.0,26669
-312654.00,780353.0,26681
-312803.00,780302.0,26692
-312585.00,779855.0,26703
-312533.00,779744.0,26716
-313411.00,779658.0,26727
-313377.00,779623.0,26739
-312232.00,779774.0,26750
-312054.00,780147.0,26763
-313119.00,780398.0,26774
-313013.00,780345.0,26786
-313026.00,780051.0,26798
-312578.00,779948.0,26810
-311983.00,779698.0,26821
-313350.00,779830.0,26833
-313404.00,779897.0,26845
-312699.00,780062.0,26857
-312188.00,780286.0,26868
-312023.00,780340.0,26881
-313521.00,780291.0,26892
-313254.00,780088.0,26904
-312375.00,779843.0,26915
-312385.00,779724.0,26928
-312645.00,779741.0,26939
-313292.00,780132.0,26951
-312880.00,780092.0,26962
-312270.00,780157.0,26975
-312593.00,780226.0,26986
-313538.00,780330.0,26998
-313374.00,780079.0,27010
-312052.00,779692.0,27022
-311979.00,779561.0,27033
-313294.00,779646.0,27045
-313188.00,779988.0,27057
-313079.00,780189.0,27069
-312446.00,780265.0,27080
-311577.00,780133.0,27092
-312911.00,780083.0,27104
-313740.00,779895.0,27116
-312737.00,779821.0,27127
-312309.00,779809.0,27140
-312438.00,779865.0,27151
-313015.00,780089.0,27163
-313369.00,780240.0,27174
-312861.00,780191.0,27187
-312646.00,780154.0,27198
-312539.00,780182.0,27210
-312829.00,780119.0,27222
-313253.00,780046.0,27234
-312615.00,780045.0,27245
-312329.00,780036.0,27257
-313140.00,779958.0,27269
-313299.00,779946.0,27281
-312719.00,780243.0,27292
-312056.00,780207.0,27304
-312364.00,780153.0,27316
-313300.00,779916.0,27328
-313381.00,779747.0,27339
-312289.00,779742.0,27352
-313037.00,779848.0,27363
-312967.00,779820.0,27375
-313137.00,779895.0,27386
-312821.00,780048.0,27399
-312128.00,780219.0,27410
-313106.00,780121.0,27422
-313539.00,779982.0,27433
-312736.00,779727.0,27446
-312324.00,779790.0,27457
-312910.00,779930.0,27469
-313129.00,780148.0,27481
-312962.00,780245.0,27492
-312620.00,780167.0,27504
-312362.00,779992.0,27515
-312686.00,779909.0,27528
-313154.00,780020.0,27539
-312822.00,779868.0,27551
-312366.00,779888.0,27563
-312655.00,780036.0,27575
-312753.00,779877.0,27586
-312979.00,779893.0,27598
-313300.00,780017.0,27610
-312481.00,780026.0,27622
-312113.00,780061.0,27633
-312914.00,780155.0,27645
-312987.00,780023.0,27657
-312690.00,780026.0,27669
-312734.00,780072.0,27680
-312565.00,780092.0,27693
-312342.00,780051.0,27704
-312835.00,780142.0,27716
-313211.00,780160.0,27727
-312467.00,780111.0,27740
-313170.00,779997.0,27751
-312370.00,779814.0,27763
-312404.00,779888.0,27774
-313124.00,780006.0,27787
-312471.00,779953.0,27798
-312846.00,779978.0,27810
-313001.00,780075.0,27822
-312517.00,780158.0,27834
-312602.00,780145.0,27845
-312589.00,779904.0,27857
-313068.00,779696.0,27869
-313094.00,779590.0,27881
-312261.00,779641.0,27892
-312715.00,779863.0,27905
-313243.00,780255.0,27916
-312927.00,780330.0,27928
-312688.00,780112.0,27939
-312393.00,779907.0,27952
-312423.00,779732.0,27963
-313461.00,779813.0,27975
-313262.00,780063.0,27986
-312950.00,780268.0,27999
-313002.00,780191.0,28010
-312189.00,780175.0,28022
-312880.00,780226.0,28034
-313029.00,780107.0,28046
-312184.00,779810.0,28057
-312735.00,779810.0,28069
-313043.00,779902.0,28081
-313119.00,779810.0,28093
-313113.00,780088.0,28104
-312233.00,780343.0,28116
-312255.00,780406.0,28128
-313051.00,780252.0,28140
-312809.00,780123.0,28151
-312769.00,779830.0,28164
-312331.00,779608.0,28175
-313050.00,779545.0,28187
-313230.00,779791.0,28198
-312588.00,779973.0,28211
-312404.00,780038.0,28222
-312640.00,780237.0,28234
-313036.00,780360.0,28246
-313089.00,780072.0,28258
-312773.00,779792.0,28269
-312432.00,779587.0,28281
-312628.00,779654.0,28293
-312858.00,779861.0,28304
-313315.00,779882.0,28316
-312854.00,780030.0,28327
-312204.00,780283.0,28340
-313090.00,780317.0,28351
-313099.00,780219.0,28363
-313089.00,780042.0,28375
-312696.00,779804.0,28387
-311940.00,779868.0,28398
-313173.00,780125.0,28410
-313716.00,780249.0,28422
-312796.00,780147.0,28434
-312216.00,780200.0,28445
-312799.00,780260.0,28457
-313077.00,780125.0,28469
-312912.00,779956.0,28481
-312756.00,779825.0,28492
-312384.00,779722.0,28505
-312999.00,779960.0,28516
-312781.00,780385.0,28528
-311593.00,780367.0,28539
-311897.00,780293.0,28552
-313171.00,780326.0,28563
-313040.00,780065.0,28575
-312827.00,779776.0,28587
-312529.00,779643.0,28599
-312270.00,779718.0,28610
-313065.00,779765.0,28622
-313444.00,780204.0,28634
-312692.00,780446.0,28646
-311933.00,780496.0,28657
-312118.00,780167.0,28669
-313275.00,779811.0,28681
-313562.00,779644.0,28693
-312749.00,779494.0,28704
-312612.00,779616.0,28717
-312779.00,780051.0,28728
-313301.00,780451.0,28740
-313116.00,780462.0,28751
-311963.00,780278.0,28764
-312608.00,779881.0,28775
-312912.00,779667.0,28787
-313296.00,779599.0,28798
-313751.00,779560.0,28811
-312099.00,779920.0,28822
-312068.00,780327.0,28834
-313332.00,780383.0,28846
-313136.00,780225.0,28858
-312814.00,779945.0,28869
-312276.00,779758.0,28881
-312266.00,779660.0,28893
-313166.00,779964.0,28905
-313524.00,779952.0,28916
-312366.00,779961.0,28929
-312271.00,780086.0,28940
-313038.00,779946.0,28952
-313670.00,780083.0,28963
-312360.00,780003.0,28976
-312012.00,779976.0,28987
-313074.00,779849.0,28999
-313352.00,779842.0,29010
-313226.00,779720.0,29023
-312466.00,779807.0,29034
-312243.00,780025.0,29046
-312944.00,780010.0,29058
-313050.00,780011.0,29069
-313239.00,780151.0,29081
-312299.00,780106.0,29092
-312127.00,779982.0,29105
-313459.00,779836.0,29116
-313388.00,779906.0,29128
-312751.00,779688.0,29139
-312243.00,779930.0,29152
-312342.00,780164.0,29163
-312953.00,780269.0,29175
-313539.00,780343.0,29187
-312690.00,779896.0,29199
-312137.00,779772.0,29210
-312979.00,779722.0,29222
-313058.00,779920.0,29234
-313230.00,780110.0,29246
-312754.00,780211.0,29257
-311671.00,780357.0,29270
-313323.00,780465.0,29281
-313520.00,780295.0,29293
-312243.00,780045.0,29304
-312859.00,779847.0,29317
-313398.00,779662.0,29328
-313310.00,779716.0,29340
-312120.00,779966.0,29351
-312736.00,780159.0,29364
-312822.00,780365.0,29375
-312655.00,780323.0,29387
-312854.00,780270.0,29399
-312529.00,780019.0,29411
-313092.00,779714.0,29422
-312798.00,779814.0,29434
-312154.00,780061.0,29446
-312847.00,780142.0,29458
-312938.00,780214.0,29469
-312452.00,780205.0,29481
-312710.00,780120.0,29493
-312540.00,779932.0,29505
-312525.00,779852.0,29516
-313271.00,779905.0,29529
-312641.00,779937.0,29540
-312173.00,780140.0,29552
-313273.00,780113.0,29563
-312412.00,780072.0,29576
-312648.00,780063.0,29587
-313298.00,780005.0,29599
-312362.00,780018.0,29611
-312759.00,780066.0,29623
-313292.00,780159.0,29634
-312914.00,780218.0,29646
-312420.00,780103.0,29658
-312762.00,780040.0,29670
-313232.00,780066.0,29681
-312546.00,779950.0,29693
-312864.00,780074.0,29705
-312403.00,780328.0,29717
-312522.00,780175.0,29728
-313090.00,780101.0,29741
-312803.00,780167.0,29752
-312030.00,780042.0,29764
-313176.00,779898.0,29775
-312862.00,779825.0,29788
-312599.00,779781.0,29799
-313281.00,779956.0,29811
-312135.00,780166.0,29822
-312837.00,780208.0,29834
-313510.00,780161.0,29846
-312501.00,780114.0,29857
-312748.00,780057.0,29870
-312905.00,779871.0,29881
-312477.00,779874.0,29893
-313064.00,779904.0,29904
-312730.00,779845.0,29917
-312260.00,780138.0,29928
-313160.00,780526.0,29940
-313000.00,780485.0,29952
-312731.00,780208.0,29964
-312566.00,779966.0,29975
-312490.00,780024.0,29987
-312800.00,780040.0,29999
-312746.00,780094.0,30011
-313005.00,780085.0,30022
-312983.00,779988.0,30034
-312464.00,779994.0,30046
-312542.00,780380.0,30058
-312769.00,780408.0,30069
-312535.00,780190.0,30082
-313148.00,780121.0,30093
-312462.00,780016.0,30105
-313453.00,779943.0,30116
-312295.00,779718.0,30129
-312650.00,779964.0,30140
-313015.00,780110.0,30152
-312323.00,780385.0,30163
-312905.00,780295.0,30176
-312788.00,779897.0,30187
-312279.00,779793.0,30199
-312844.00,779817.0,30211
-313271.00,779847.0,30223
-312978.00,780058.0,30234
-312348.00,780414.0,30246
-312563.00,780584.0,30258
-313208.00,780546.0,30270
-312863.00,780017.0,30281
-312941.00,779844.0,30294
-312099.00,779903.0,30305
-311929.00,779681.0,30317
-313795.00,779743.0,30328
-313554.00,780057.0,30341
-312121.00,780155.0,30352
-312156.00,780110.0,30364
-312587.00,780107.0,30375
-312949.00,780100.0,30388
-313653.00,779997.0,30399
-312411.00,779945.0,30411
-311991.00,779934.0,30423
-313499.00,779948.0,30435
-313188.00,780060.0,30446
-312860.00,780313.0,30458
-312400.00,780197.0,30470
-312206.00,780051.0,30482
-312900.00,780117.0,30493
-313343.00,779855.0,30505
-311706.00,779436.0,30517
-312364.00,779589.0,30529
-313180.00,780106.0,30540
-312903.00,780343.0,30553
-312886.00,780427.0,30564
-312440.00,780291.0,30576
-312487.00,779892.0,30587
-313448.00,779932.0,30600
-313230.00,779822.0,30611
-312175.00,779850.0,30622
-312463.00,780046.0,30635
-313055.00,780250.0,30646
-313001.00,780480.0,30658
-313007.00,780460.0,30669
-312500.00,780204.0,30682
-312091.00,779963.0,30693
-312656.00,779877.0,30705
-313259.00,779772.0,30716
-312895.00,779935.0,30729
-312414.00,780268.0,30740
-313230.00,780329.0,30752
-312886.00,780228.0,30764
-312019.00,780155.0,30776
-312798.00,779920.0,30787
-312897.00,779914.0,30799
-312751.00,780126.0,30811
-313469.00,780069.0,30823
-312750.00,779928.0,30834
-312243.00,780040.0,30846
-312960.00,779992.0,30858
-312939.00,780113.0,30870
-313100.00,780208.0,30881
-312006.00,779967.0,30894
-312984.00,779890.0,30905
-313269.00,779880.0,30917
-312351.00,780042.0,30928
-312793.00,780126.0,30941
-312544.00,779971.0,30952
-313091.00,779848.0,30964
-313717.00,780040.0,30976
-312346.00,780091.0,30988
-312529.00,780018.0,30999
-312900.00,780023.0,31011
-312680.00,779976.0,31023
-313055.00,779970.0,31035
-312451.00,780002.0,31046
-312474.00,780186.0,31058
-313623.00,780201.0,31070
-313105.00,780159.0,31082
-312324.00,780104.0,31093
-312959.00,779734.0,31106
-312527.00,779765.0,31117
-312554.00,780039.0,31129
-313912.00,780280.0,31140
-312781.00,780503.0,31153
-311745.00,780345.0,31164
-312566.00,779989.0,31176
-312980.00,779832.0,31187
-313019.00,779813.0,31200
-312438.00,779717.0,31211
-312753.00,779960.0,31223
-312924.00,780205.0,31235
-312689.00,780106.0,31247
-313351.00,780039.0,31258
-312737.00,780129.0,31270
-312811.00,780144.0,31282
-313885.00,780184.0,31294
-312882.00,780036.0,31305
-312285.00,779797.0,31318
-312645.00,779643.0,31329
-312719.00,779822.0,31341
-313428.00,780045.0,31352
-312858.00,780073.0,31364
-311817.00,780107.0,31376
-312782.00,780154.0,31387
-313157.00,780184.0,31399
-313140.00,780126.0,31411
-312947.00,780060.0,31423
-311906.00,779878.0,31434
-312689.00,779791.0,31447
-313673.00,779836.0,31458
-312668.00,780118.0,31470
-312348.00,780363.0,31481
-312437.00,780244.0,31494
-312364.00,779912.0,31505
-313240.00,779820.0,31517
-313368.00,779852.0,31528
-312584.00,779860.0,31541
-312610.00,780089.0,31552
-312891.00,780423.0,31564
-312789.00,780458.0,31576
-312765.00,780181.0,31588
-312768.00,779884.0,31599
-312395.00,779869.0,31611
-313003.00,779914.0,31623
-313450.00,779943.0,31635
-312732.00,780145.0,31646
-312326.00,780325.0,31659
-312450.00,780181.0,31670
-313082.00,779988.0,31682
-312469.00,779758.0,31693
-312511.00,779761.0,31706
-312561.00,779920.0,31717
-313011.00,780061.0,31729
-313292.00,780123.0,31740
-312379.00,780176.0,31753
-312026.00,780065.0,31764
-313114.00,780035.0,31776
-312755.00,779838.0,31788
-312590.00,779850.0,31800
-313042.00,779920.0,31811
-312031.00,779913.0,31823
-313151.00,780106.0,31835
-313305.00,780048.0,31847
-311975.00,780070.0,31858
-312800.00,780112.0,31870
-312458.00,780142.0,31882
-312636.00,780339.0,31894
-313457.00,780234.0,31905
-312567.00,779979.0,31918
-311863.00,779808.0,31929
-312816.00,779710.0,31941
-313598.00,779818.0,31952
-313262.00,780116.0,31965
-312472.00,780248.0,31976
-312052.00,780222.0,31988
-312953.00,780281.0,32000
-312927.00,780079.0,32012
-312941.00,779929.0,32023
-312493.00,780080.0,32035
-311581.00,780226.0,32047
-313616.00,780202.0,32059
-312246.00,779903.0,32070
-312492.00,779865.0,32082
-312360.00,779921.0,32094
-313006.00,780145.0,32106
-313549.00,780267.0,32117
-312285.00,780015.0,32129
-311665.00,779781.0,32141
-313393.00,779822.0,32152
-314164.00,779869.0,32164
-312744.00,779914.0,32176
-312075.00,780082.0,32188
-312226.00,780168.0,32199
-313293.00,780241.0,32211
-313666.00,780124.0,32223
-312624.00,780050.0,32235
-311979.00,780041.0,32246
-312409.00,780090.0,32259
-313400.00,780118.0,32270
-313320.00,779854.0,32282
-312392.00,779851.0,32293
-312154.00,780000.0,32306
-312365.00,780292.0,32317
-312713.00,780548.0,32329
-313210.00,780379.0,32340
-312462.00,780018.0,32353
-312428.00,779753.0,32364
-313372.00,779936.0,32376
-312994.00,780052.0,32388
-312745.00,780273.0,32400
-312254.00,780378.0,32411
-312021.00,780330.0,32423
-313230.00,780423.0,32435
-313079.00,780167.0,32447
-312525.00,780186.0,32458
-312741.00,780053.0,32471
-313391.00,779725.0,32482
-313347.00,779716.0,32494
-311783.00,779919.0,32505
-311652.00,780195.0,32518
-313204.00,780482.0,32529
-313621.00,780473.0,32541
-312504.00,780113.0,32552
-311601.00,779834.0,32565
-312633.00,779655.0,32576
-313642.00,779743.0,32588
-312961.00,779836.0,32600
-312662.00,780054.0,32612
-312059.00,780174.0,32623
-312535.00,780307.0,32635
-313768.00,780274.0,32647
-312444.00,780174.0,32659
-311838.00,780094.0,32670
-312517.00,779949.0,32683
-313168.00,779720.0,32694
-314094.00,779592.0,32706
-312537.00,779993.0,32717
-311418.00,780534.0,32730
-312782.00,780914.0,32741
-313087.00,780593.0,32753
-313217.00,780169.0,32764
-312305.00,779715.0,32777
-311514.00,779547.0,32788
-313432.00,780020.0,32800
-313911.00,780394.0,32812
-312851.00,780309.0,32824
-312321.00,780344.0,32835
-312285.00,780361.0,32847
-313520.00,780261.0,32859
-312484.00,779996.0,32871
-312108.00,779897.0,32882
-312842.00,779822.0,32894
-313386.00,779923.0,32906
-313929.00,780022.0,32917
-312035.00,779991.0,32929
-311089.00,780305.0,32941
-313225.00,780359.0,32953
-313493.00,780178.0,32964
-313466.00,779962.0,32976
-312538.00,779702.0,32988
-311730.00,779889.0,33000
-313428.00,780225.0,33011
-313794.00,780182.0,33024
-312501.00,780122.0,33035
-311629.00,780066.0,33047
-312175.00,780172.0,33058
-313915.00,780316.0,33071
-313794.00,780215.0,33082
-311962.00,779928.0,33094
-312133.00,779637.0,33105
-312709.00,779844.0,33118
-313385.00,780118.0,33129
-314086.00,780335.0,33141
-311451.00,780358.0,33153
-311497.00,780306.0,33165
-313617.00,780357.0,33176
-313557.00,780233.0,33188
-312887.00,779994.0,33200
-311493.00,779944.0,33212
-312473.00,780066.0,33223
-314245.00,779999.0,33235
-313661.00,779992.0,33247
-311579.00,780283.0,33259
-312571.00,780532.0,33270
-313400.00,780351.0,33283
-313103.00,780052.0,33294
-312079.00,779613.0,33306
-312033.00,779453.0,33317
-313742.00,779564.0,33330
-313504.00,779930.0,33341
-312539.00,780271.0,33353
-311677.00,780625.0,33364
-312283.00,780580.0,33377
-313633.00,780137.0,33388
-313009.00,779797.0,33400
-312812.00,779678.0,33412
-312192.00,779576.0,33424
-312548.00,779827.0,33435
-313638.00,780057.0,33447
-312710.00,780321.0,33459
-312212.00,780576.0,33471
-312123.00,780411.0,33482
-312773.00,780081.0,33495
-313642.00,779860.0,33506
-312914.00,779609.0,33518
-312269.00,779829.0,33529
-312590.00,780331.0,33542
-313109.00,780460.0,33553
-312835.00,780187.0,33565
-312644.00,780160.0,33576
-312471.00,780090.0,33589
-312187.00,780043.0,33600
-313425.00,780133.0,33612
-313247.00,780127.0,33624
-312081.00,780132.0,33636
-313314.00,780024.0,33647
-313651.00,779939.0,33658
-312622.00,780065.0,33671
-312690.00,780174.0,33682
-312307.00,780338.0,33694
-312564.00,780145.0,33705
-313950.00,780137.0,33718
-312302.00,779988.0,33729
-312063.00,779826.0,33741
-313382.00,779708.0,33753
-312453.00,779817.0,33765
-312608.00,780010.0,33776
-313321.00,779985.0,33788
-311920.00,780189.0,33800
-312326.00,780231.0,33812
-313661.00,779984.0,33823
-312680.00,779815.0,33836
-312363.00,779902.0,33847
-312980.00,780000.0,33859
-313108.00,780312.0,33870
-313183.00,780444.0,33883
-312337.00,780372.0,33894
-312345.00,780270.0,33906
-312846.00,779918.0,33917
-313428.00,779734.0,33930
-313829.00,779806.0,33941
-312172.00,779987.0,33953
-312205.00,780002.0,33965
-313469.00,780324.0,33977
-312974.00,780501.0,33988
-312625.00,780376.0,34000
-312184.00,780211.0,34012
-312347.00,779918.0,34024
-313534.00,779609.0,34035
-312358.00,779671.0,34048
-312421.00,779743.0,34059
-313002.00,780081.0,34071
-313166.00,780364.0,34082
-312745.00,780644.0,34095
-312077.00,780532.0,34106
-312689.00,780076.0,34118
-313337.00,779740.0,34129
-313243.00,779455.0,34142
-312855.00,779545.0,34153
-312024.00,779938.0,34165
-312426.00,780371.0,34177
-313451.00,780552.0,34189
-312974.00,780449.0,34200
-311990.00,780251.0,34212
-312057.00,779905.0,34224
-313369.00,779729.0,34236
-313749.00,779589.0,34247
-312793.00,779672.0,34259
-312453.00,779992.0,34271
-312437.00,780386.0,34283
-313076.00,780486.0,34294
-313370.00,780298.0,34307
-312336.00,779997.0,34318
-311986.00,779963.0,34330
-313064.00,780098.0,34341
-313414.00,780126.0,34354
-312872.00,779970.0,34365
-312474.00,779879.0,34377
-312287.00,779977.0,34388
-313054.00,780055.0,34401
-313083.00,780239.0,34412
-313030.00,780181.0,34424
-312224.00,780373.0,34436
-313504.00,780135.0,34447
-312731.00,779927.0,34459
-312232.00,779768.0,34470
-312887.00,779627.0,34483
-312517.00,779896.0,34494
-313377.00,779919.0,34506
-313330.00,779872.0,34518
-311944.00,779889.0,34530
-312525.00,779939.0,34541
-312990.00,779972.0,34553
-312700.00,780194.0,34565
-312820.00,780189.0,34577
-312575.00,780070.0,34588
-312583.00,780087.0,34600
-312936.00,779951.0,34612
-312733.00,779859.0,34624
-312813.00,780046.0,34635
-312755.00,780148.0,34648
-312565.00,780313.0,34659
-313240.00,780589.0,34671
-312308.00,780520.0,34682
-312000.00,780409.0,34695
-313099.00,779996.0,34706
-312695.00,779741.0,34718
-313092.00,779551.0,34729
-312829.00,779667.0,34742
-312294.00,780125.0,34753
-313640.00,780407.0,34765
-312782.00,780345.0,34777
-312240.00,780385.0,34789
-312749.00,780281.0,34800
-311997.00,780207.0,34812
-313426.00,779902.0,34824
-312523.00,779728.0,34836
-312626.00,779941.0,34847
-312791.00,780003.0,34860
-313315.00,780237.0,34871
-312608.00,780303.0,34883
-312301.00,780156.0,34894
-312918.00,780092.0,34907
-312891.00,779975.0,34918
-313146.00,779837.0,34930
-312822.00,779753.0,34941
-312326.00,779882.0,34954
-312842.00,779759.0,34965
-313409.00,779939.0,34977
-312366.00,780208.0,34989
-312495.00,780438.0,35001
-312655.00,780373.0,35012
-312326.00,780049.0,35024
-313486.00,779818.0,35036
-312746.00,779556.0,35048
-312498.00,779781.0,35059
-313369.00,780117.0,35072
-312440.00,780339.0,35083
-312881.00,780622.0,35095
-312917.00,780439.0,35106
-312108.00,780313.0,35119
-312852.00,780148.0,35130
-312957.00,779836.0,35142
-313157.00,779817.0,35153
-313241.00,779953.0,35166
-312555.00,780298.0,35177
-312980.00,780542.0,35189
-312797.00,780644.0,35201
-312193.00,780491.0,35212
-312477.00,780035.0,35224
-312759.00,779648.0,35235
-313413.00,779595.0,35248
-312286.00,779846.0,35259
-312824.00,780160.0,35271
-312914.00,780364.0,35282
-312283.00,780600.0,35295
-313071.00,780564.0,35306
-312611.00,780201.0,35318
-312039.00,779962.0,35330
-313590.00,779959.0,35342
-313008.00,779837.0,35353
-312057.00,779854.0,35365
-313513.00,780160.0,35377
-312749.00,780370.0,35389
-312086.00,780374.0,35400
-312664.00,780110.0,35412
-312661.00,780011.0,35424
-312852.00,779824.0,35436
-312650.00,779724.0,35447
-313170.00,779823.0,35460
-312498.00,780174.0,35471
-311922.00,780372.0,35483
-313465.00,780371.0,35494
-313192.00,780253.0,35507
-312018.00,780055.0,35518
-312717.00,780085.0,35530
-312907.00,780061.0,35542
-312870.00,779987.0,35554
-313372.00,780139.0,35565
-312719.00,780067.0,35577
-312095.00,780071.0,35589
-312841.00,780059.0,35601
-312355.00,780191.0,35612
-311780.00,780274.0,35624
-312717.00,780169.0,35636
-313254.00,780206.0,35648
-313209.00,780087.0,35659
-312718.00,779853.0,35672
-311824.00,779765.0,35683
-312304.00,779993.0,35695
-313818.00,780314.0,35706
-313597.00,780464.0,35719
-312042.00,780416.0,35730
-312059.00,780163.0,35742
-312824.00,780008.0,35753
-313146.00,779931.0,35766
-313461.00,779740.0,35777
-312937.00,779797.0,35789
-312106.00,779900.0,35801
-312739.00,780214.0,35813
-314081.00,780400.0,35824
-312595.00,780403.0,35836
-311201.00,780379.0,35848
-312699.00,780234.0,35860
-313326.00,779998.0,35871
-313506.00,779656.0,35884
-313367.00,779629.0,35895
-312121.00,780059.0,35907
-312004.00,780618.0,35918
-313169.00,780764.0,35931
-313424.00,780699.0,35942
-312300.00,780407.0,35954
-311738.00,780216.0,35965
-312654.00,779993.0,35977
-313783.00,779830.0,35989
-313182.00,779669.0,36000
-312242.00,779851.0,36013
-312378.00,780200.0,36024
-313578.00,780277.0,36036
-313120.00,780382.0,36047
-312008.00,780355.0,36060
-312419.00,780094.0,36071
-313114.00,779789.0,36083
-313392.00,779677.0,36094
-313119.00,779751.0,36107
-311922.00,780004.0,36118
-312240.00,780315.0,36130
-313765.00,780483.0,36142
-313001.00,780469.0,36154
-312482.00,780391.0,36165
-312006.00,780125.0,36177
-312458.00,779895.0,36189
-313606.00,779783.0,36201
-312739.00,779784.0,36212
-312596.00,779854.0,36225
-312837.00,780121.0,36236
-312370.00,780378.0,36248
-312892.00,780662.0,36259
-312824.00,780658.0,36272
-312100.00,780275.0,36283
-312728.00,779992.0,36295
-313773.00,779755.0,36306
-312725.00,779796.0,36319
-312240.00,780004.0,36330
-312508.00,780468.0,36342
-312896.00,780570.0,36354
-313287.00,780392.0,36366
-312326.00,780240.0,36377
-312241.00,780079.0,36389
-312800.00,779815.0,36401
-313580.00,779982.0,36413
-312540.00,779918.0,36424
-312098.00,780054.0,36436
-312820.00,780170.0,36448
-313174.00,780430.0,36460
-312645.00,780529.0,36471
-312047.00,780264.0,36484
-312804.00,779773.0,36495
-313408.00,779729.0,36507
-313067.00,779788.0,36518
-312999.00,780039.0,36531
-312205.00,780238.0,36542
-311839.00,780367.0,36554
-313279.00,780428.0,36566
-312923.00,780361.0,36578
-312493.00,780123.0,36589
-312669.00,779868.0,36601
-312623.00,779983.0,36613
-313505.00,780076.0,36625
-313084.00,779934.0,36636
-312082.00,780304.0,36648
-312465.00,780612.0,36660
-312799.00,780452.0,36672
-313357.00,780147.0,36683
-313121.00,779901.0,36696
-312258.00,779672.0,36707
-312967.00,779993.0,36719
-313147.00,780390.0,36730
-312764.00,780577.0,36742
-313241.00,780601.0,36754
-312360.00,780318.0,36765
-312563.00,780078.0,36777
-313456.00,779933.0,36789
-312520.00,779902.0,36801
-312307.00,780064.0,36812
-312786.00,780180.0,36825
-313353.00,780280.0,36836
-312688.00,780263.0,36848
-312195.00,779979.0,36859
-312720.00,779836.0,36872
-312723.00,779929.0,36883
-313317.00,780021.0,36895
-313308.00,780312.0,36907
-311668.00,780445.0,36919
-312307.00,780467.0,36930
-313294.00,780339.0,36942
-312792.00,780005.0,36954
-312751.00,779641.0,36966
-313053.00,779741.0,36977
-312805.00,780094.0,36989
-312242.00,780205.0,37001
-313212.00,780228.0,37013
-312883.00,780452.0,37024
-311541.00,780384.0,37037
-313276.00,780213.0,37048
-313532.00,780210.0,37060
-312447.00,780066.0,37071
-313023.00,779921.0,37084
-312688.00,779963.0,37095
-312367.00,780218.0,37107
-312898.00,780365.0,37118
-312714.00,780416.0,37131
-312433.00,780413.0,37142
-312173.00,780204.0,37154
-312796.00,780010.0,37166
-313422.00,779797.0,37178
-312160.00,779924.0,37189
-312843.00,780208.0,37201
-312919.00,780481.0,37213
-312917.00,780596.0,37225
-312578.00,780458.0,37236
-311859.00,780240.0,37249
-312685.00,780093.0,37260
-313284.00,779738.0,37272
-312870.00,779627.0,37283
-312882.00,779837.0,37296
-312337.00,780159.0,37307
-312767.00,780356.0,37319
-313504.00,780637.0,37330
-312149.00,780768.0,37343
-312158.00,780477.0,37354
-312880.00,780043.0,37366
-312927.00,779600.0,37378
-313544.00,779534.0,37390
-312550.00,779769.0,37401
-311861.00,780188.0,37413
-313127.00,780746.0,37425
-312987.00,780757.0,37437
-312384.00,780600.0,37448
-312758.00,780348.0,37460
-312362.00,779994.0,37472
-312817.00,779705.0,37484
-313638.00,779705.0,37495
-312909.00,780030.0,37508
-312266.00,780550.0,37519
-312306.00,780884.0,37530
-312690.00,780814.0,37542
-313316.00,780505.0,37554
-312483.00,780158.0,37566
-313133.00,779719.0,37577
-312862.00,779549.0,37590
-312897.00,779785.0,37601
-312911.00,780124.0,37613
-312282.00,780380.0,37624
-312427.00,780582.0,37637
-313270.00,780349.0,37648
-313386.00,780283.0,37660
-312111.00,780061.0,37671
-312495.00,779766.0,37684
-313784.00,779851.0,37695
-313048.00,779969.0,37707
-312442.00,780153.0,37719
-312866.00,780306.0,37731
-312798.00,780559.0,37742
-312673.00,780372.0,37754
-312901.00,780127.0,37766
-312795.00,779951.0,37778
-312519.00,779940.0,37789
-313254.00,780047.0,37801
-313219.00,780266.0,37813
-312312.00,780201.0,37825
-312382.00,780369.0,37836
-312707.00,780361.0,37849
-312931.00,780227.0,37860
-312545.00,780177.0,37872
-312668.00,780096.0,37883
-312532.00,780077.0,37896
-312653.00,780140.0,37907
-313449.00,780110.0,37919
-312574.00,780066.0,37931
-312463.00,780324.0,37943
-313225.00,780499.0,37954
-312046.00,780734.0,37966
-313190.00,780533.0,37978
-312361.00,780214.0,37990
-312757.00,779885.0,38001
-313101.00,779767.0,38013
-312516.00,779612.0,38025
-312423.00,780050.0,38037
-312384.00,780478.0,38048
-312985.00,780573.0,38061
-313045.00,780532.0,38072
-312262.00,780035.0,38084
-313085.00,779759.0,38095
-313023.00,779757.0,38108
-312374.00,779911.0,38119
-313303.00,780204.0,38131
-312853.00,780561.0,38142
-312174.00,780675.0,38155
-312712.00,780414.0,38166
-312724.00,779972.0,38178
-312852.00,779523.0,38190
-312817.00,779588.0,38202
-312699.00,780037.0,38213
-313171.00,780472.0,38225
-312614.00,780686.0,38237
-312100.00,780489.0,38249
-312278.00,780347.0,38260
-312404.00,780057.0,38273
-313231.00,779913.0,38284
-313172.00,779897.0,38295
-312878.00,779984.0,38307
-312651.00,780383.0,38319
-312158.00,780479.0,38331
-313120.00,780638.0,38342
-312686.00,780346.0,38354
-312949.00,780218.0,38366
-312362.00,779934.0,38378
-312928.00,779663.0,38389
-313000.00,779758.0,38402
-312467.00,779917.0,38413
-312460.00,780128.0,38425
-312354.00,780332.0,38436
-312654.00,780374.0,38449
-313123.00,780490.0,38460
-312953.00,780295.0,38472
-312477.00,780107.0,38483
-312376.00,779973.0,38496
-312904.00,779914.0,38507
-313213.00,779919.0,38519
-312838.00,779985.0,38531
-312601.00,780082.0,38543
-312804.00,780404.0,38554
-312137.00,780609.0,38566
-312526.00,780530.0,38578
-313456.00,780219.0,38590
-312169.00,779818.0,38601
-312450.00,779377.0,38614
-313432.00,779513.0,38625
-312483.00,780117.0,38637
-312615.00,780467.0,38648
-312893.00,780819.0,38661
-312239.00,780983.0,38672
-312443.00,780600.0,38684
-312855.00,780077.0,38695
-312947.00,779572.0,38708
-313033.00,779589.0,38719
-312804.00,779787.0,38731
-312975.00,780305.0,38743
-312440.00,780839.0,38755
-312741.00,780946.0,38766
-311694.00,780610.0,38778
-312822.00,779974.0,38790
-313576.00,779513.0,38802
-312630.00,779397.0,38813
-312743.00,779605.0,38825
-312769.00,780195.0,38837
-312204.00,780603.0,38849
-312828.00,780647.0,38860
-313444.00,780467.0,38873
-312213.00,780179.0,38884
-312171.00,779952.0,38896
-312980.00,779867.0,38907
-313014.00,779873.0,38920
-313323.00,779904.0,38931
-312447.00,780292.0,38943
-312225.00,780498.0,38955
-312726.00,780479.0,38967
-312894.00,780395.0,38978
-313183.00,780155.0,38990
-312176.00,780007.0,39002
-312570.00,779925.0,39014
-313189.00,779947.0,39025
-312831.00,780041.0,39037
-312773.00,780037.0,39049
-312307.00,780103.0,39060
-312315.00,780358.0,39072
-313040.00,780460.0,39084
-313178.00,780367.0,39096
-312651.00,780065.0,39107
-312392.00,779923.0,39119
-312745.00,780182.0,39131
-313054.00,780413.0,39143
-312716.00,780464.0,39154
-312307.00,780420.0,39166
-312587.00,780354.0,39178
-312808.00,780183.0,39190
-312851.00,780067.0,39201
-312724.00,779942.0,39214
-312495.00,779882.0,39225
-313180.00,779872.0,39237
-313389.00,779895.0,39248
-312453.00,780162.0,39261
-312067.00,780453.0,39272
-312388.00,780585.0,39284
-313041.00,780596.0,39296
-313227.00,780475.0,39308
-312810.00,780133.0,39319
-312288.00,779924.0,39331
-312625.00,779986.0,39343
-313728.00,780178.0,39355
-313115.00,780521.0,39366
-311714.00,780594.0,39378
-312272.00,780718.0,39390
-312914.00,780434.0,39402
-312998.00,780177.0,39413
-312694.00,779841.0,39426
-312306.00,779789.0,39437
-312550.00,779893.0,39449
-313306.00,780087.0,39460
-313244.00,780444.0,39473
-312136.00,780647.0,39484
-311952.00,780640.0,39496
-312687.00,780361.0,39507
-313450.00,780009.0,39520
-312861.00,779811.0,39531
-312411.00,779919.0,39543
-312922.00,780188.0,39555
-313656.00,780283.0,39567
-312603.00,780250.0,39578
-311669.00,780117.0,39590
-312578.00,780138.0,39602
-313292.00,780247.0,39614
-312979.00,780350.0,39625
-312430.00,780177.0,39638
-312347.00,780179.0,39649
-312481.00,780176.0,39661
-313312.00,780153.0,39672
-313005.00,780203.0,39685
-312008.00,780182.0,39696
-312269.00,780280.0,39708
-313111.00,780588.0,39719
-313359.00,780557.0,39732
-312502.00,780394.0,39743
-312269.00,780067.0,39755
-312744.00,779862.0,39767
-313008.00,779852.0,39779
-313527.00,779939.0,39790
-312541.00,780346.0,39802
-311640.00,780619.0,39814
-312951.00,780575.0,39825
-313333.00,780283.0,39837
-312644.00,780065.0,39848
-312533.00,779877.0,39861
-312399.00,779830.0,39872
-312967.00,780051.0,39884
-313850.00,780279.0,39896
-312857.00,780477.0,39908
-311435.00,780621.0,39919
-312510.00,780426.0,39931
-312668.00,780198.0,39943
-312603.00,780077.0,39955
-312635.00,780007.0,39966
-312776.00,779933.0,39979
-313155.00,780175.0,39990
-312819.00,780501.0,40002
-312704.00,780413.0,40013
-312121.00,780057.0,40026
-312547.00,780147.0,40037
-313476.00,780217.0,40049
-312469.00,780244.0,40060
-312476.00,779984.0,40073
-313097.00,779956.0,40084
-312740.00,779951.0,40096
-313001.00,779996.0,40108
-312619.00,780235.0,40120
-312017.00,780280.0,40131
-312770.00,780290.0,40143
-313058.00,780235.0,40155
-312535.00,780194.0,40167
-312506.00,780022.0,40178
-312532.00,779979.0,40190
-312958.00,780069.0,40202
-313139.00,780154.0,40214
-312267.00,780464.0,40225
-312231.00,780601.0,40238
-312686.00,780310.0,40249
-312768.00,780138.0,40261
-313174.00,780037.0,40272
-312472.00,780170.0,40285
-312166.00,780315.0,40296
-313519.00,780517.0,40308
-313238.00,780471.0,40320
-312574.00,780080.0,40332
-312218.00,780195.0,40343
-313236.00,780254.0,40355
-313446.00,780208.0,40367
-312599.00,780079.0,40379
-312285.00,780072.0,40390
-312509.00,780111.0,40402
-313280.00,780312.0,40414
-312945.00,780082.0,40426
-312513.00,780033.0,40437
-312943.00,780220.0,40450
-312626.00,780089.0,40461
-312746.00,780120.0,40473
-313386.00,780151.0,40484
-312149.00,780146.0,40497
-311971.00,780095.0,40508
-313483.00,780029.0,40520
-313170.00,780172.0,40531
-312393.00,780287.0,40544
-312525.00,780361.0,40555
-312169.00,780287.0,40567
-312981.00,780077.0,40579
-313569.00,779929.0,40591
-312261.00,779748.0,40602
-312106.00,780198.0,40614
-312812.00,780513.0,40626
-313211.00,780591.0,40637
-312571.00,780404.0,40649
-312545.00,780127.0,40660
-312778.00,779917.0,40673
-312313.00,779963.0,40684
-313518.00,780184.0,40696
-312928.00,780384.0,40708
-311540.00,780402.0,40720
-313334.00,780390.0,40731
-312835.00,780195.0,40743
-312322.00,780030.0,40755
-312379.00,779929.0,40767
-312987.00,779952.0,40778
-313308.00,780021.0,40791
-312966.00,780209.0,40802
-311858.00,780336.0,40814
-311894.00,780413.0,40825
-313269.00,780396.0,40838
-313289.00,780275.0,40849
-312179.00,780028.0,40861
-312414.00,779769.0,40872
-312960.00,779986.0,40885
-312781.00,780248.0,40896
-313027.00,780390.0,40908
-312555.00,780485.0,40920
-312267.00,780498.0,40932
-312909.00,780417.0,40943
-313325.00,780209.0,40955
-313146.00,779900.0,40967
-311933.00,779828.0,40979
-312410.00,779874.0,40990
-313371.00,779898.0,41003
-312691.00,780140.0,41014
-313313.00,780253.0,41026
-312414.00,780441.0,41037
-311458.00,780530.0,41050
-313199.00,780399.0,41061
-313134.00,780087.0,41073
-312468.00,780114.0,41084
-312695.00,780037.0,41097
-312290.00,780096.0,41108
-313202.00,780168.0,41120
-312005.00,780391.0,41132
-312167.00,780313.0,41144
-312671.00,780268.0,41155
-313076.00,780349.0,41167
-313298.00,780270.0,41179
-312082.00,780057.0,41191
-312949.00,779956.0,41202
-313442.00,779870.0,41214
-312155.00,779945.0,41226
-312825.00,780052.0,41238
-313025.00,780274.0,41249
-312229.00,780354.0,41262
-313063.00,780384.0,41273
-313161.00,780268.0,41285
-312366.00,780196.0,41296
-312538.00,780319.0,41309
-312904.00,780314.0,41320
-313524.00,780262.0,41332
-312598.00,780165.0,41344
-312302.00,780253.0,41356
-313153.00,780498.0,41367
-312171.00,780484.0,41379
-312907.00,780361.0,41391
-313198.00,780200.0,41402
-311861.00,780172.0,41414
-312833.00,780070.0,41425
-313652.00,780190.0,41438
-312334.00,780463.0,41449
-311986.00,780678.0,41461
-312789.00,780662.0,41473
-313190.00,780414.0,41485
-312958.00,780051.0,41496
-312496.00,779923.0,41508
-312812.00,780215.0,41520
-313442.00,780448.0,41532
-313348.00,780385.0,41543
-312066.00,780252.0,41555
-312062.00,780210.0,41567
-312977.00,780266.0,41579
-313242.00,780204.0,41590
-313300.00,779978.0,41603
-312440.00,779965.0,41614
-312251.00,780175.0,41626
-313246.00,780244.0,41637
-313292.00,780336.0,41650
-312840.00,780269.0,41661
-311553.00,780188.0,41673
-312195.00,780194.0,41684
-314024.00,780188.0,41697
-313256.00,780134.0,41708
-312023.00,779986.0,41720
-312290.00,780122.0,41732
-312456.00,780323.0,41744
-313387.00,780477.0,41755
-313867.00,780403.0,41767
-311953.00,780263.0,41779
-311475.00,780236.0,41791
-313322.00,780149.0,41802
-313903.00,780188.0,41815
-312705.00,780065.0,41826
-311931.00,780133.0,41838
-312048.00,780170.0,41849
-312941.00,780131.0,41862
-313691.00,780099.0,41873
-313163.00,780143.0,41885
-311932.00,780229.0,41896
-313726.00,780346.0,41909
-313738.00,780389.0,41920
-311830.00,780258.0,41932
-312074.00,779993.0,41944
-312790.00,779899.0,41956
-313513.00,779853.0,41967
-313419.00,779791.0,41979
-311951.00,780017.0,41991
-311647.00,780310.0,42003
-313262.00,780627.0,42014
-313644.00,780532.0,42027
-312607.00,780309.0,42038
-312451.00,780081.0,42050
-311775.00,779875.0,42061
-312774.00,780205.0,42074
-314062.00,780432.0,42085
-312613.00,780398.0,42097
-311929.00,780388.0,42108
-312068.00,780193.0,42121
-313220.00,780129.0,42132
-313394.00,779973.0,42144
-312224.00,780057.0,42156
-312644.00,779902.0,42168
-312787.00,780039.0,42179
-312782.00,780406.0,42191
-313267.00,780475.0,42203
-312425.00,780519.0,42214
-311739.00,780300.0,42226
-312838.00,779973.0,42237
-313301.00,779995.0,42250
-312789.00,780060.0,42261
-312615.00,780198.0,42273
-312106.00,780263.0,42285
-312682.00,780405.0,42297
-312662.00,780406.0,42308
-312511.00,780327.0,42320
-312381.00,780178.0,42332
-312757.00,780196.0,42344
-313450.00,780208.0,42355
-312702.00,780058.0,42368
-312205.00,780120.0,42379
-312730.00,780175.0,42391
-312925.00,780360.0,42402
-312924.00,780345.0,42415
-312758.00,780159.0,42426
-312577.00,780130.0,42438
-312636.00,780207.0,42449
-312749.00,780138.0,42462
-312779.00,780064.0,42473
-312891.00,779903.0,42485
-312367.00,779999.0,42497
-312737.00,779981.0,42509
-313279.00,780082.0,42520
-312490.00,780135.0,42532
-312491.00,780184.0,42544
-312728.00,780277.0,42556
-312638.00,780238.0,42567
-312978.00,780232.0,42579
-312927.00,780105.0,42591
-312670.00,780066.0,42603
