963448.00
7880.00
-412.13,25.23,1134
-412.88,25.24,1136
-413.45,25.26,1137
-412.97,25.52,1148
-412.38,25.79,1160
-412.66,25.69,1171
-413.17,25.27,1183
-414.23,24.98,1195
-414.39,24.62,1207
-412.95,24.62,1218
-413.12,25.17,1230
-413.17,25.38,1242
-412.21,25.53,1254
-412.56,25.55,1265
-412.43,25.58,1277
-412.14,25.53,1289
-412.98,25.34,1301
-413.30,25.13,1312
-412.59,24.88,1324
-414.31,24.84,1336
-414.36,24.81,1347
-413.03,24.93,1359
-413.22,25.26,1371
-412.59,25.26,1383
-412.50,25.41,1394
-413.75,25.56,1406
-413.42,25.48,1418
-412.22,25.50,1430
-412.03,25.30,1441
-411.76,25.12,1454
-412.42,25.02,1465
-413.13,24.95,1477
-414.55,25.09,1488
-414.84,25.10,1500
-412.54,25.14,1512
-411.92,25.17,1523
-412.36,25.57,1536
-413.38,25.77,1547
-414.25,25.78,1559
-413.04,25.65,1570
-412.11,25.08,1583
-413.06,24.76,1594
-413.79,24.44,1606
-413.61,24.65,1617
-413.37,25.19,1630
-412.59,25.41,1641
-412.42,25.78,1652
-412.82,25.76,1665
-412.14,25.62,1676
-412.68,25.32,1688
-413.38,25.09,1699
-413.34,24.99,1712
-413.43,25.19,1723
-413.02,25.37,1735
-413.70,25.03,1746
-413.10,24.99,1759
-412.31,24.95,1770
-413.04,24.99,1782
-413.13,25.67,1794
-413.31,25.92,1805
-413.36,25.84,1817
-412.01,25.58,1828
-412.17,25.15,1841
-413.42,24.85,1852
-414.21,24.69,1864
-413.53,24.73,1875
-412.44,24.73,1888
-412.86,25.02,1899
-413.03,25.47,1911
-412.52,25.73,1923
-413.03,25.91,1935
-411.85,25.67,1946
-412.40,25.46,1957
-413.54,25.25,1970
-413.11,24.83,1981
-413.00,24.80,1993
-413.04,24.74,2004
-412.98,24.92,2017
-413.08,25.21,2028
-412.63,25.34,2040
-412.62,25.70,2052
-412.82,25.79,2064
-412.84,25.47,2075
-412.78,25.11,2087
-412.04,25.10,2099
-413.49,25.20,2111
-415.22,25.08,2122
-413.17,25.18,2134
-411.69,25.05,2146
-412.51,24.99,2157
-413.28,25.17,2169
-413.42,25.32,2181
-412.38,25.80,2193
-411.38,25.88,2204
-412.44,25.74,2216
-413.42,25.39,2228
-413.10,24.82,2240
-412.68,24.56,2251
-412.94,24.60,2264
-414.72,24.87,2275
-414.36,25.10,2286
-411.62,25.56,2298
-411.18,25.92,2310
-413.14,25.98,2322
-413.03,25.80,2333
-412.85,25.28,2345
-412.36,24.91,2357
-413.70,24.77,2369
-414.19,24.63,2380
-412.67,24.95,2393
-412.03,25.17,2404
-412.53,25.47,2416
-413.60,25.86,2427
-413.11,25.86,2439
-411.63,25.63,2451
-412.82,25.31,2462
-413.36,25.09,2475
-412.76,24.87,2486
-413.03,24.91,2498
-412.56,25.08,2509
-412.23,25.05,2522
-414.84,25.22,2533
-413.68,25.08,2545
-411.40,25.12,2556
-413.11,25.39,2569
-413.21,25.39,2580
-411.99,25.74,2591
-412.65,25.67,2604
-412.66,25.26,2615
-413.03,24.85,2627
-413.40,24.48,2638
-412.75,24.44,2651
-413.30,24.87,2662
-413.83,25.50,2674
-413.03,25.82,2685
-412.87,26.09,2698
-412.02,25.88,2709
-411.69,25.38,2721
-413.10,24.97,2733
-413.06,24.58,2745
-413.34,24.74,2756
-412.92,25.12,2767
-413.65,25.33,2780
-413.03,25.64,2791
-412.34,25.59,2803
-413.33,25.37,2814
-412.87,25.24,2827
-413.05,25.29,2838
-413.63,25.45,2850
-411.83,25.52,2862
-412.68,25.55,2874
-414.19,25.28,2885
-412.45,24.82,2897
-413.30,24.78,2909
-413.44,24.85,2920
-412.02,25.23,2932
-413.90,25.36,2944
-411.86,25.67,2956
-410.61,25.96,2967
-413.26,25.93,2979
-412.34,25.76,2991
-412.82,25.22,3003
-413.32,24.85,3014
-412.09,24.59,3026
-413.43,24.70,3038
-414.74,25.08,3050
-412.91,25.46,3061
-412.74,25.75,3073
-412.60,25.74,3085
-412.95,25.70,3096
-413.31,25.28,3108
-412.35,24.88,3120
-412.75,25.14,3132
-414.02,25.07,3143
-414.02,25.22,3155
-411.48,25.37,3167
-412.26,25.43,3179
-414.27,25.38,3190
-413.17,25.04,3203
-412.61,25.11,3214
-412.95,25.22,3226
-412.81,25.49,3237
-413.43,25.65,3249
-412.71,25.69,3261
-411.34,25.62,3272
-413.61,25.05,3284
-414.62,24.66,3296
-413.35,24.62,3308
-413.82,24.73,3319
-412.74,25.22,3332
-412.73,25.51,3343
-413.30,25.80,3355
-412.36,25.81,3366
-411.84,25.51,3379
-412.39,25.20,3390
-412.84,25.18,3402
-413.31,25.08,3414
-413.43,24.90,3425
-412.65,25.05,3437
-412.28,25.20,3448
-412.78,25.27,3461
-413.09,25.40,3472
-412.64,25.24,3484
-412.16,25.21,3495
-413.24,25.37,3508
-412.51,25.61,3519
-413.26,25.89,3531
-413.17,25.50,3543
-412.54,25.01,3555
-413.90,24.65,3566
-414.23,24.55,3578
-413.57,24.82,3590
-413.01,25.11,3601
-412.63,25.39,3613
-412.60,25.59,3624
-412.23,25.79,3637
-412.41,25.77,3648
-412.18,25.52,3660
-412.55,25.27,3672
-413.63,24.81,3684
-414.51,24.66,3695
-413.75,24.63,3707
-412.63,24.74,3719
-412.97,25.40,3731
-412.87,25.72,3742
-412.28,25.83,3753
-412.88,25.61,3766
-413.38,25.53,3777
-412.91,25.47,3789
-412.15,25.20,3801
-412.52,25.16,3813
-412.58,24.90,3824
-412.72,24.86,3836
-413.28,24.77,3848
-413.90,24.81,3860
-413.90,25.28,3871
-412.52,25.43,3884
-412.71,25.71,3895
-411.40,25.88,3906
-412.32,25.84,3918
-413.28,25.58,3930
-412.41,24.98,3942
-413.03,24.61,3953
-413.56,24.34,3965
-413.34,24.62,3977
-414.02,25.04,3989
-412.93,25.45,4000
-411.02,25.97,4013
-411.64,25.94,4024
-412.49,25.80,4036
-413.14,25.37,4047
-413.18,24.98,4059
-412.59,24.99,4071
-413.09,24.86,4082
-413.66,24.87,4094
-412.96,24.90,4106
-412.84,25.08,4118
-412.79,25.38,4129
-413.70,25.61,4142
-413.61,25.73,4153
-411.95,25.56,4165
-412.95,25.50,4176
-413.79,25.32,4189
-412.51,25.12,4200
-413.15,25.14,4212
-413.17,24.81,4224
-412.90,24.98,4235
-414.37,25.06,4247
-413.79,25.04,4258
-412.61,25.52,4271
-413.45,25.70,4282
-411.34,25.81,4294
-412.66,25.81,4305
-413.04,25.64,4318
-413.28,25.21,4329
-413.39,24.66,4341
-412.57,24.39,4353
-413.39,24.42,4365
-414.13,24.99,4376
-413.64,25.67,4387
-412.82,26.00,4400
-412.13,26.11,4411
-412.14,25.62,4423
-412.24,25.22,4434
-413.14,24.91,4447
-413.13,24.73,4458
-413.42,24.96,4470
-413.53,25.03,4482
-413.07,25.18,4494
-413.32,25.25,4505
-413.37,25.46,4517
-412.91,25.46,4529
-412.01,25.47,4540
-411.87,25.63,4552
-412.60,25.53,4563
-413.52,25.41,4576
-413.06,25.03,4587
-411.79,24.84,4599
-412.78,24.89,4611
-413.66,25.02,4623
-413.48,25.39,4634
-412.58,25.42,4646
-413.02,25.58,4658
-412.52,25.82,4670
-412.43,25.80,4681
-411.93,25.71,4694
-411.78,25.15,4705
-413.85,24.72,4716
-412.82,24.58,4728
-411.83,24.72,4740
-413.81,25.00,4752
-413.69,25.11,4763
-411.71,25.52,4775
-412.74,25.75,4787
-413.98,25.82,4799
-412.33,25.83,4810
-412.68,25.50,4823
-412.98,25.31,4834
-412.71,25.12,4846
-413.71,25.01,4857
-414.18,25.00,4869
-414.34,25.02,4881
-412.11,25.20,4892
-411.81,25.20,4904
-413.53,25.63,4916
-412.85,25.79,4928
-412.23,25.83,4939
-411.94,25.73,4952
-411.50,25.39,4963
-413.35,25.04,4975
-414.03,24.61,4986
-412.49,24.68,4999
-412.78,25.01,5010
-414.61,25.03,5021
-413.23,25.28,5033
-412.60,25.50,5045
-412.52,25.60,5057
-411.97,25.74,5068
-412.77,25.81,5081
-411.96,25.55,5092
-413.21,25.13,5104
-413.73,24.85,5115
-413.26,24.60,5128
-412.77,24.74,5139
-412.49,25.15,5151
-412.87,25.34,5163
-412.78,25.66,5174
-413.05,25.68,5186
-412.35,25.56,5197
-411.72,25.59,5210
-413.12,25.46,5221
-414.16,25.28,5233
-413.51,25.07,5244
-413.08,24.92,5257
-413.75,24.88,5268
-413.62,24.92,5280
-413.34,25.09,5292
-412.85,25.15,5304
-412.29,25.55,5315
-413.02,25.65,5327
-413.12,25.68,5339
-412.37,25.65,5350
-411.36,25.21,5362
-412.86,25.00,5373
-413.43,24.67,5386
-413.31,24.60,5397
-413.89,24.82,5409
-413.35,24.96,5421
-412.91,25.42,5433
-412.80,25.66,5444
-413.21,25.88,5456
-411.94,25.93,5468
-413.05,25.72,5480
-412.74,25.31,5491
-413.13,24.77,5502
-413.28,24.51,5515
-413.67,24.44,5526
-413.95,24.82,5538
-413.02,25.21,5550
-412.87,25.46,5562
-413.06,25.81,5573
-412.51,25.67,5585
-412.33,25.48,5597
-412.43,25.44,5609
-412.72,25.25,5620
-413.23,25.06,5633
-413.76,24.93,5644
-412.78,25.05,5655
-412.40,24.87,5667
-413.78,25.01,5679
-414.07,25.48,5691
-411.88,25.57,5702
-411.61,25.87,5714
-412.35,25.93,5726
-411.58,25.79,5738
-412.55,25.51,5749
-412.93,24.98,5762
-411.83,24.70,5773
-414.27,24.58,5785
-414.98,24.69,5796
-412.75,24.97,5809
-411.66,25.31,5820
-412.84,25.76,5831
-413.81,25.97,5843
-413.51,25.90,5855
-412.40,25.48,5867
-413.28,25.15,5878
-413.97,24.85,5891
-414.13,24.54,5902
-412.65,24.72,5914
-413.23,24.92,5925
-413.72,25.27,5938
-412.21,25.70,5949
-412.51,25.80,5961
-413.33,25.76,5972
-412.51,25.65,5984
-412.51,25.39,5996
-412.65,25.13,6007
-412.74,24.99,6020
-414.11,24.95,6031
-413.76,24.76,6043
-413.18,24.95,6054
-412.89,25.07,6067
-412.81,25.23,6078
-412.92,25.55,6090
-412.48,25.69,6102
-412.79,25.96,6114
-413.39,25.82,6125
-411.96,25.42,6136
-412.22,24.96,6149
-413.49,24.55,6160
-412.88,24.66,6172
-413.22,24.84,6183
-413.48,25.19,6196
-412.53,25.58,6207
-412.85,25.74,6219
-412.20,25.68,6231
-411.74,25.51,6243
-412.31,25.42,6254
-412.99,25.19,6266
-413.47,25.16,6278
-411.92,25.14,6289
-413.42,25.00,6301
-413.90,25.01,6312
-411.55,24.92,6325
-411.75,25.10,6336
-413.19,25.30,6348
-413.81,25.29,6360
-413.98,25.58,6372
-411.78,25.67,6383
-411.20,25.72,6395
-413.02,25.63,6407
-413.13,25.37,6419
-413.54,25.01,6430
-413.07,24.61,6443
-413.50,24.67,6454
-414.71,24.83,6465
-412.30,25.21,6477
-411.26,25.67,6489
-411.73,25.83,6501
-412.17,25.99,6512
-413.46,25.79,6524
-412.84,25.36,6536
-411.38,24.98,6548
-413.01,24.73,6559
-414.96,24.60,6572
-414.08,24.66,6583
-412.87,25.04,6595
-412.56,25.23,6606
-412.57,25.69,6618
-413.00,25.88,6630
-412.74,25.66,6641
-413.06,25.63,6653
-412.73,25.32,6665
-413.11,25.19,6677
-413.28,25.14,6688
-412.84,24.92,6701
-413.94,24.94,6712
-414.13,24.87,6724
-412.34,24.90,6735
-412.26,25.20,6748
-412.79,25.79,6759
-412.96,26.02,6770
-412.41,25.77,6782
-411.19,25.61,6794
-411.87,25.09,6806
-413.55,24.93,6817
-413.80,24.74,6830
-413.45,24.54,6841
-412.47,24.93,6853
-412.66,25.19,6864
-413.62,25.48,6877
-412.15,25.77,6888
-411.06,25.78,6900
-413.01,25.72,6912
-413.62,25.49,6924
-413.85,25.20,6935
-412.97,24.93,6946
-411.49,24.98,6959
-412.90,25.04,6970
-414.56,25.09,6982
-413.29,25.48,6993
-412.13,25.40,7006
-412.74,25.39,7017
-413.35,25.27,7029
-412.79,25.24,7041
-412.33,25.39,7053
-412.82,25.21,7064
-413.38,25.28,7076
-413.25,25.28,7088
-411.93,24.93,7099
-413.64,24.79,7111
-415.89,24.83,7122
-413.00,25.07,7135
-411.37,25.25,7146
-412.10,25.56,7158
-412.38,25.71,7170
-413.26,25.60,7182
-413.36,25.36,7193
-411.95,24.75,7205
-412.96,24.69,7217
-414.28,24.85,7229
-413.28,24.93,7240
-413.27,25.29,7251
-412.59,25.47,7264
-412.86,25.56,7275
-413.19,25.59,7287
-411.84,25.41,7299
-412.74,25.26,7311
-414.16,25.11,7322
-413.32,25.08,7334
-412.74,24.91,7346
-411.11,25.14,7358
-411.75,25.26,7369
-414.33,25.16,7382
-413.84,25.05,7393
-412.54,24.88,7404
-412.85,25.15,7416
-412.63,25.67,7428
-413.36,25.97,7440
-412.47,25.87,7451
-412.08,25.34,7463
-413.18,24.91,7475
-413.85,24.60,7487
-413.35,24.67,7498
-413.04,24.81,7511
-412.78,25.16,7522
-412.57,25.68,7534
-411.95,25.72,7545
-411.63,25.73,7558
-412.49,25.60,7569
-413.34,25.18,7580
-414.01,24.86,7592
-412.61,24.61,7604
-412.62,24.95,7616
-413.46,25.31,7627
-413.47,25.49,7640
-412.47,25.58,7651
-412.36,25.29,7663
-413.15,25.25,7674
-413.17,25.31,7687
-412.98,25.59,7698
-412.43,25.62,7710
-413.13,25.43,7721
-413.27,25.26,7733
-412.69,24.96,7745
-412.90,24.86,7756
-412.59,24.97,7769
-412.77,25.12,7780
-413.56,25.50,7792
-413.58,25.53,7803
-412.55,25.60,7816
-413.14,25.63,7827
-411.99,25.34,7839
-412.76,25.04,7851
-413.53,24.82,7863
-412.07,24.77,7874
-413.52,24.83,7885
-413.45,25.26,7898
-411.37,25.56,7909
-413.32,25.60,7921
-413.57,25.49,7932
-412.50,25.32,7945
-413.13,25.35,7956
-413.39,25.40,7968
-413.56,25.19,7980
-413.81,25.26,7992
-412.67,25.03,8003
-412.46,25.07,8015
-412.78,25.16,8027
-413.46,25.24,8038
-413.61,25.33,8050
-412.50,25.18,8061
-413.34,25.26,8074
-412.70,25.39,8085
-412.20,25.72,8097
-413.76,25.66,8109
-413.00,25.32,8121
-411.73,25.06,8132
-413.15,24.64,8144
-413.15,24.72,8156
-413.07,25.06,8168
-413.76,25.34,8179
-411.96,25.64,8192
-411.60,25.66,8203
-413.47,25.58,8214
-412.41,25.49,8226
-412.94,25.18,8238
-412.65,24.86,8250
-413.55,24.91,8261
-413.53,25.12,8273
-412.93,25.17,8285
-412.93,25.35,8297
-413.20,25.47,8308
-413.31,25.47,8321
-413.13,25.53,8332
-413.39,25.32,8344
-412.83,25.28,8355
-412.53,25.24,8367
-412.84,25.27,8379
-412.92,25.38,8390
-412.87,25.16,8402
-413.28,24.98,8414
-413.74,24.96,8426
-413.35,25.10,8437
-412.83,25.31,8450
-412.96,25.47,8461
-412.85,25.73,8473
-413.00,25.56,8484
-412.67,25.40,8497
-412.60,25.26,8508
-413.60,25.05,8519
-413.11,25.05,8531
-413.24,24.82,8543
-413.66,24.94,8555
-412.00,25.24,8566
-413.45,25.56,8579
-413.67,25.68,8590
-412.08,25.61,8602
-413.03,25.40,8613
-413.67,25.07,8626
-413.67,25.01,8637
-413.32,24.98,8649
-413.25,25.05,8660
-413.57,25.28,8672
-413.38,25.12,8684
-412.98,25.32,8695
-412.81,25.37,8708
-413.31,25.35,8719
-413.52,25.49,8731
-412.69,25.39,8742
-412.90,25.39,8755
-413.35,25.40,8766
-413.05,25.37,8778
-413.79,25.18,8790
-412.19,24.95,8802
-410.42,25.15,8813
-413.21,25.13,8825
-414.32,25.35,8837
-413.21,25.48,8848
-412.05,25.54,8860
-411.50,25.75,8871
-412.63,25.50,8884
-413.05,25.42,8895
-413.07,25.09,8907
-412.46,24.92,8919
-412.65,25.15,8931
-414.05,25.02,8942
-413.18,25.21,8954
-411.36,25.40,8966
-412.98,25.58,8978
-413.68,25.53,8989
-412.51,25.45,9000
-412.25,25.43,9013
-412.79,25.21,9024
-414.32,25.26,9036
-412.76,25.08,9048
-411.90,25.09,9060
-412.36,25.17,9071
-413.86,25.11,9083
-413.88,25.35,9095
-411.97,25.39,9107
-412.67,25.32,9118
-413.23,25.49,9131
-412.43,25.40,9142
-412.57,25.28,9153
-413.56,25.23,9165
-413.20,25.16,9177
-413.52,24.89,9189
-413.26,24.83,9200
-411.40,25.12,9212
-412.20,25.20,9224
-413.71,25.45,9236
-413.37,25.55,9247
-412.72,25.65,9260
-411.26,25.66,9271
-413.01,25.30,9283
-414.49,25.05,9294
-412.27,24.76,9307
-412.05,24.77,9318
-411.95,25.04,9329
-412.72,25.29,9341
-413.38,25.59,9353
-411.78,25.66,9365
-411.81,25.58,9376
-413.23,25.31,9389
-413.43,25.12,9400
-412.60,25.16,9412
-412.68,25.04,9423
-414.36,25.09,9436
-413.57,24.96,9447
-412.94,24.88,9459
-413.47,25.16,9470
-412.54,25.27,9482
-413.27,25.51,9494
-414.06,25.60,9505
-411.63,25.56,9518
-411.53,25.55,9529
-413.47,25.43,9541
-413.65,25.22,9552
-412.72,24.86,9565
-412.12,24.89,9576
-413.48,24.82,9588
-414.29,24.98,9600
-412.41,25.31,9612
-412.36,25.32,9623
-412.25,25.67,9634
-412.61,25.67,9647
-414.11,25.62,9658
-411.96,25.50,9670
-410.94,25.15,9681
-413.93,24.89,9694
-414.11,24.86,9705
-412.76,24.88,9717
-412.13,24.90,9729
-412.82,25.31,9741
-413.09,25.67,9752
-413.23,25.46,9764
-412.54,25.64,9776
-412.59,25.57,9787
-414.08,25.44,9799
-413.22,25.31,9810
-411.95,24.86,9823
-413.32,24.87,9834
-414.34,24.97,9846
-412.54,25.12,9858
-413.60,25.28,9870
-412.72,25.41,9881
-411.58,25.56,9893
-414.26,25.64,9905
-412.93,25.74,9917
-411.10,25.46,9928
-412.94,25.30,9939
-413.94,25.06,9952
-413.36,24.64,9963
-413.60,24.77,9975
-413.58,24.81,9987
-411.95,25.14,9999
-413.58,25.75,10010
-413.80,25.76,10022
-411.38,25.86,10034
-412.21,25.70,10046
-413.78,25.43,10057
-413.56,25.23,10070
-411.94,24.88,10081
-412.56,24.90,10093
-413.34,24.88,10104
-412.88,25.00,10116
-413.61,25.10,10128
-412.80,25.46,10139
-412.03,25.75,10151
-413.35,25.61,10163
-413.30,25.53,10175
-412.26,25.38,10186
-414.55,25.19,10199
-412.94,25.24,10210
-411.88,25.03,10222
-413.34,25.01,10233
-413.02,24.88,10246
-413.68,25.00,10257
-413.48,25.18,10268
-412.69,25.45,10280
-412.44,25.76,10292
-413.23,25.70,10304
-413.26,25.72,10315
-411.96,25.25,10328
-413.07,24.90,10339
-413.39,24.80,10351
-413.52,24.71,10362
-413.46,25.05,10375
-411.85,25.24,10386
-412.52,25.56,10398
-412.95,25.69,10409
-412.43,25.44,10421
-412.61,25.29,10433
-412.36,25.22,10444
-413.03,25.18,10457
-412.60,25.23,10468
-413.38,25.30,10480
-413.34,25.22,10491
-412.24,25.07,10504
-411.97,25.12,10515
-412.92,25.08,10527
-413.55,25.20,10539
-413.04,25.22,10551
-412.97,25.23,10562
-412.25,25.55,10573
-412.34,25.52,10586
-413.16,25.34,10597
-412.63,25.18,10609
-412.69,24.90,10620
-414.08,24.82,10633
-412.94,24.95,10644
-412.55,25.08,10656
-413.50,25.46,10668
-412.48,25.63,10680
-413.09,25.54,10691
-414.20,25.27,10703
-412.46,25.20,10715
-412.13,25.11,10727
-414.22,25.17,10738
-414.23,25.25,10749
-412.58,25.07,10762
-413.26,25.14,10773
-412.71,25.07,10785
-412.55,25.23,10797
-413.59,25.43,10809
-412.57,25.40,10820
-411.80,25.37,10832
-412.70,25.36,10844
-412.68,25.48,10856
-412.32,25.55,10867
-412.27,25.46,10880
-413.20,25.31,10891
-413.58,24.85,10902
-413.46,24.90,10914
-413.84,24.91,10926
-412.59,25.13,10938
-411.41,25.45,10949
-413.33,25.45,10961
-411.38,25.52,10973
-412.51,25.50,10985
-413.17,25.45,10996
-413.67,25.35,11009
-413.34,25.04,11020
-412.69,24.77,11032
-413.36,24.71,11043
-414.51,25.00,11055
-413.66,25.16,11067
-411.65,25.46,11078
-412.04,25.67,11090
-413.97,25.45,11102
-413.84,25.49,11114
-412.09,25.29,11125
-412.32,25.15,11138
-413.90,25.11,11149
-413.67,25.01,11161
-413.25,24.88,11172
-412.30,24.79,11185
-412.45,25.04,11196
-414.30,25.20,11207
-413.78,25.48,11219
-411.74,25.80,11231
-411.47,25.67,11243
-413.80,25.63,11254
-413.91,25.33,11267
-412.09,25.10,11278
-412.20,24.89,11290
-413.37,24.61,11301
-414.81,24.90,11314
-414.19,25.14,11325
-412.06,25.50,11337
-412.05,25.92,11348
-412.76,25.90,11360
-411.11,25.60,11372
-411.96,25.33,11383
-414.16,25.11,11396
-414.55,25.01,11407
-414.37,25.02,11419
-412.09,24.88,11430
-411.65,24.75,11443
-414.20,25.19,11454
-415.08,25.31,11466
-412.16,25.51,11478
-410.35,25.76,11490
-413.10,25.60,11501
-413.78,25.62,11513
-411.60,25.35,11525
-411.70,24.96,11536
-413.47,24.87,11548
-413.45,24.77,11559
-413.87,24.92,11572
-412.79,25.11,11583
-411.80,25.31,11595
-414.47,25.59,11607
-414.63,25.73,11619
-410.85,25.62,11630
-410.94,25.39,11642
-413.03,25.52,11654
-413.29,25.26,11666
-412.76,24.94,11677
-412.04,24.90,11688
-413.37,24.84,11701
-413.96,25.08,11712
-412.52,25.23,11724
-412.31,25.30,11736
-412.64,25.59,11748
-412.62,25.68,11759
-412.71,25.70,11771
-411.81,25.43,11783
-412.97,25.17,11795
-412.77,25.00,11806
-413.04,25.01,11819
-413.44,25.02,11830
-412.68,25.08,11841
-413.38,25.45,11853
-413.10,25.26,11865
-412.61,25.30,11877
-413.62,25.60,11888
-413.31,25.73,11900
-412.95,25.72,11912
-412.86,25.50,11924
-412.73,25.22,11935
-412.60,24.96,11948
-413.53,24.80,11959
-413.83,24.82,11971
-413.18,24.99,11982
-413.08,25.35,11994
-412.50,25.53,12006
-412.85,25.81,12017
-412.41,25.81,12029
-412.90,25.59,12041
-414.03,25.54,12053
-412.24,25.18,12064
-413.27,24.97,12077
-414.23,24.91,12088
-413.08,24.93,12100
-412.95,25.03,12111
-412.87,25.31,12124
-412.49,25.68,12135
-412.82,25.77,12147
-411.70,25.69,12158
-411.98,25.46,12170
-413.77,25.24,12182
-413.08,25.31,12193
-412.97,25.02,12206
-413.79,25.09,12217
-414.10,25.12,12229
-413.84,24.95,12240
-413.17,25.27,12253
-411.79,25.42,12264
-412.09,25.52,12276
-412.78,25.77,12288
-411.75,25.70,12300
-412.80,25.53,12311
-413.03,25.21,12322
-412.18,24.82,12335
-414.06,24.72,12346
-413.04,24.87,12358
-412.90,25.10,12369
-414.10,25.34,12382
-412.01,25.78,12393
-411.61,25.77,12405
-412.75,25.81,12417
-413.05,25.51,12429
-413.14,25.07,12440
-413.16,25.06,12452
-413.23,24.87,12464
-413.22,24.99,12475
-413.41,25.22,12487
-413.45,25.18,12498
-413.99,25.30,12511
-412.40,25.38,12522
-412.48,25.49,12534
-412.48,25.61,12546
-413.40,25.73,12558
-412.62,25.53,12569
-412.45,25.11,12581
-413.72,25.01,12593
-412.67,24.73,12605
-412.66,24.65,12616
-414.03,24.85,12627
-412.10,25.10,12640
-412.53,25.68,12651
-413.56,25.83,12663
-411.94,25.88,12675
-412.88,25.84,12687
-413.13,25.57,12698
-412.10,25.27,12710
-413.11,24.83,12722
-412.41,24.58,12734
-412.74,24.61,12745
-414.36,25.08,12758
-412.94,25.34,12769
-412.50,25.67,12781
-412.13,25.86,12792
-412.13,25.66,12804
-414.06,25.65,12816
-412.97,25.45,12827
-412.32,25.12,12839
-413.88,24.99,12851
-413.02,24.80,12863
-412.64,24.84,12874
-413.84,25.00,12887
-412.15,25.27,12898
-412.00,25.46,12910
-413.88,25.63,12921
-411.69,25.76,12934
-413.12,25.64,12945
-412.31,25.59,12956
-412.46,25.35,12968
-412.84,25.05,12980
-412.85,24.97,12992
-412.77,24.85,13003
-413.69,24.99,13016
-414.25,25.05,13027
-412.01,25.20,13039
-411.83,25.48,13050
-413.43,25.68,13063
-412.85,25.89,13074
-411.97,25.62,13086
-412.36,25.16,13097
-412.94,24.81,13109
-413.20,24.72,13121
-413.77,24.92,13132
-412.22,25.05,13145
-411.67,25.28,13156
-414.39,25.50,13168
-413.88,25.57,13179
-412.00,25.60,13192
-412.39,25.40,13203
-413.40,25.35,13215
-413.33,25.36,13227
-413.28,25.18,13239
-413.51,25.03,13250
-412.36,25.01,13261
-413.72,25.07,13274
-414.11,25.05,13285
-412.91,25.15,13297
-411.42,25.38,13308
-412.58,25.60,13321
-412.99,25.67,13332
-412.70,25.31,13344
-413.38,25.23,13356
-412.79,25.17,13368
-414.58,24.97,13379
-414.26,25.00,13391
-411.70,24.85,13403
-412.37,25.01,13415
-414.08,25.26,13426
-411.94,25.44,13437
-412.38,25.64,13450
-413.18,25.66,13461
-411.56,25.51,13473
-413.17,25.34,13485
-414.03,25.22,13497
-411.63,24.91,13508
-412.29,24.84,13520
-414.55,24.86,13532
-414.46,24.61,13544
-412.85,25.14,13555
-411.20,25.46,13568
-413.03,25.74,13579
-413.79,26.06,13590
-412.36,25.85,13602
-413.47,25.68,13614
-411.02,25.33,13626
-412.10,24.83,13637
-416.02,24.67,13649
-412.76,24.67,13661
-411.26,24.86,13673
-414.27,25.07,13684
-413.25,25.65,13697
-412.29,25.78,13708
-411.35,25.72,13720
-412.36,25.66,13731
-414.53,25.44,13743
-412.65,25.45,13755
-411.77,25.12,13766
-413.89,24.73,13778
-414.89,24.80,13790
-413.41,24.68,13802
-411.64,24.81,13813
-412.69,25.25,13826
-412.81,25.70,13837
-412.42,25.92,13849
-413.08,25.93,13860
-411.54,25.72,13873
-411.91,25.43,13884
-415.12,24.96,13896
-412.94,24.59,13907
-411.40,24.64,13919
-414.07,24.89,13931
-414.86,25.07,13942
-413.99,25.61,13955
-412.74,25.52,13966
-411.01,25.55,13978
-412.23,25.69,13989
-413.98,25.32,14002
-413.59,25.14,14013
-411.81,24.98,14025
-411.37,24.88,14036
-413.81,24.95,14049
-414.72,24.99,14060
-412.34,25.05,14071
-411.77,25.12,14084
-413.47,25.40,14095
-412.78,25.49,14107
-410.85,25.54,14118
-412.25,25.59,14131
-414.74,25.36,14142
-413.97,25.18,14154
-412.48,24.89,14166
-411.85,24.82,14178
-412.84,25.01,14189
-414.44,25.13,14201
-412.94,25.37,14213
-411.65,25.49,14224
-412.87,25.68,14236
-413.08,25.79,14247
-412.14,25.61,14260
-413.14,25.29,14271
-411.42,24.85,14283
-412.42,24.85,14295
-414.66,24.86,14307
-412.44,24.90,14318
-412.57,25.09,14330
-413.62,25.14,14342
-413.14,25.36,14354
-413.68,25.27,14365
-413.36,25.27,14376
-410.99,25.51,14389
-412.16,25.64,14400
-413.96,25.59,14412
-413.26,25.21,14424
-412.99,24.89,14436
-412.71,24.72,14447
-413.03,24.83,14459
-413.81,25.13,14471
-413.36,25.28,14483
-411.80,25.66,14494
-413.12,25.84,14507
-413.72,25.89,14518
-411.81,25.69,14530
-411.60,25.06,14541
-413.77,24.74,14553
-413.17,24.58,14565
-413.18,24.76,14576
-413.59,25.13,14588
-412.41,25.38,14600
-413.05,25.60,14612
-413.99,25.66,14623
-412.17,25.61,14636
-412.35,25.44,14647
-413.16,25.41,14659
-412.23,25.39,14670
-413.31,25.23,14683
-413.34,25.12,14694
-412.74,24.89,14705
-414.73,24.94,14717
-414.29,24.95,14729
-412.06,24.93,14741
-411.73,25.44,14752
-412.06,25.84,14765
-414.01,25.89,14776
-414.35,25.77,14788
-411.40,25.39,14799
-412.15,25.00,14812
-413.80,24.70,14823
-413.08,24.61,14835
-413.61,24.55,14846
-413.21,25.04,14858
-412.23,25.60,14870
-413.32,25.73,14881
-411.65,25.94,14894
-412.72,25.71,14905
-413.56,25.28,14917
-413.40,25.00,14928
-412.78,24.83,14941
-412.33,24.87,14952
-413.56,24.82,14964
-413.37,25.12,14976
-413.34,25.16,14988
-412.50,25.25,14999
-411.12,25.35,15011
-412.97,25.33,15023
-413.55,25.52,15034
-412.73,25.44,15046
-413.46,25.45,15057
-412.72,25.45,15070
-412.99,25.12,15081
-414.58,24.84,15093
-413.40,24.61,15105
-412.22,24.72,15117
-413.62,25.12,15128
-413.71,25.54,15140
-412.08,26.05,15152
-411.71,26.11,15164
-411.65,25.89,15175
-412.30,25.40,15186
-413.94,24.95,15199
-413.57,24.77,15210
-412.07,24.73,15222
-412.81,25.10,15234
-414.21,25.27,15246
-412.72,25.64,15257
-411.24,25.86,15269
-412.39,25.64,15281
-413.82,25.74,15293
-413.11,25.39,15304
-411.35,25.29,15316
-412.69,25.35,15328
-414.49,24.98,15339
-413.24,24.84,15351
-412.30,24.82,15363
-413.36,25.00,15375
-413.43,25.16,15386
-413.89,25.41,15398
-413.78,25.64,15410
-410.89,25.70,15422
-411.67,25.86,15433
-415.01,25.51,15446
-413.34,25.21,15457
-411.75,24.81,15469
-412.80,24.40,15480
-414.09,24.66,15493
-414.38,24.91,15504
-412.83,25.29,15515
-410.60,25.63,15527
-411.96,25.83,15539
-414.31,25.77,15551
-413.06,25.55,15562
-411.26,25.20,15575
-412.07,25.06,15586
-414.77,24.92,15598
-413.92,24.89,15609
-412.88,24.97,15622
-413.39,25.27,15633
-412.34,25.24,15645
-413.45,25.31,15656
-414.67,25.51,15668
-412.15,25.57,15680
-414.07,25.82,15691
-412.99,25.58,15704
-412.77,25.42,15715
-412.72,25.14,15727
-412.01,24.87,15738
-414.32,24.95,15751
-414.51,24.92,15762
-411.46,25.10,15774
-412.01,25.41,15785
-413.01,25.73,15798
-413.89,25.81,15809
-412.33,25.72,15820
-410.86,25.49,15833
-412.48,25.10,15844
-413.73,24.99,15856
-414.19,24.87,15867
-413.30,24.97,15880
-411.30,25.16,15891
-413.06,25.25,15903
-414.92,25.40,15915
-412.12,25.45,15927
-411.34,25.37,15938
-413.90,25.39,15950
-413.03,25.47,15962
-413.55,25.51,15973
-413.18,25.15,15985
-411.43,25.05,15996
-414.14,24.84,16009
-414.28,24.75,16020
-413.31,25.00,16032
-413.12,25.07,16044
-412.43,25.48,16056
-413.20,25.65,16067
-412.03,25.56,16079
-412.14,25.72,16091
-413.31,25.46,16103
-413.36,25.13,16114
-413.47,24.96,16126
-412.98,24.94,16138
-412.87,25.07,16149
-414.66,25.04,16161
-412.69,25.14,16173
-411.50,25.34,16185
-412.70,25.67,16196
-413.05,25.62,16208
-414.07,25.48,16220
-413.43,25.34,16232
-411.72,25.14,16243
-412.32,25.00,16256
-414.26,24.92,16267
-413.09,24.80,16279
-411.94,25.06,16290
-413.34,25.34,16302
-412.91,25.55,16314
-413.10,25.65,16325
-412.24,25.55,16337
-410.92,25.37,16349
-413.16,25.29,16361
-413.31,25.24,16372
-413.58,25.06,16385
-413.49,25.02,16396
-411.71,24.91,16408
-413.10,24.95,16419
-414.47,25.29,16432
-412.46,25.30,16443
-413.13,25.59,16454
-413.53,25.64,16466
-414.36,25.39,16478
-412.37,25.34,16490
-412.71,25.04,16501
-414.26,25.02,16514
-413.00,25.03,16525
-413.97,25.12,16537
-412.14,25.27,16548
-411.61,25.32,16561
-414.74,25.39,16572
-412.56,25.27,16584
-411.40,25.40,16595
-412.89,25.36,16608
-412.16,25.28,16619
-413.15,25.39,16630
-414.22,25.11,16643
-411.90,25.08,16654
-412.64,25.10,16666
-413.69,24.87,16677
-413.16,25.10,16690
-413.05,25.09,16701
-411.68,25.31,16713
-413.32,25.49,16724
-414.84,25.63,16737
-411.19,25.48,16748
-412.16,25.39,16760
-413.23,25.20,16772
-412.38,24.89,16783
-414.11,24.98,16795
-412.84,24.97,16806
-412.12,25.28,16819
-413.12,25.52,16830
-413.18,25.39,16842
-413.01,25.42,16854
-412.10,25.26,16866
-412.15,25.20,16877
-413.94,25.35,16889
-412.10,25.17,16901
-411.76,25.10,16913
-413.60,24.96,16924
-412.64,25.03,16935
-413.40,25.25,16948
-412.66,25.36,16959
-412.13,25.55,16971
-413.01,25.52,16983
-412.53,25.69,16995
-413.75,25.56,17006
-412.65,25.34,17018
-412.48,25.18,17030
-413.62,24.92,17042
-413.11,24.90,17053
-412.77,24.91,17065
-413.11,25.02,17077
-413.99,25.29,17089
-413.22,25.48,17100
-412.70,25.47,17112
-412.29,25.33,17124
-411.91,25.50,17135
-413.28,25.42,17147
-413.45,25.18,17159
-412.94,25.20,17171
-412.70,24.93,17182
-413.10,24.93,17195
-413.87,24.84,17206
-412.84,24.96,17218
-412.66,25.43,17229
-412.75,25.55,17242
-412.98,25.81,17253
-412.11,25.67,17264
-412.89,25.32,17276
-412.74,25.09,17288
-414.21,24.86,17300
-414.16,24.81,17311
-412.05,24.74,17324
-413.25,25.07,17335
-412.68,25.18,17347
-413.36,25.43,17358
-413.21,25.78,17371
-410.86,25.55,17382
-412.38,25.69,17394
-412.04,25.38,17405
-412.59,25.04,17417
-414.28,25.09,17429
-413.07,24.88,17440
-413.06,24.94,17453
-414.06,25.13,17464
-412.16,25.26,17476
-411.76,25.47,17487
-413.61,25.48,17500
-411.97,25.49,17511
-411.78,25.58,17523
-412.52,25.66,17534
-411.88,25.29,17547
-413.11,24.99,17558
-413.80,24.74,17570
-413.17,24.60,17582
-412.52,24.94,17593
-412.78,25.17,17605
-415.00,25.53,17616
-412.13,25.81,17629
-414.07,25.69,17640
-411.77,25.63,17652
-412.00,25.45,17664
-413.85,25.15,17676
-412.70,24.87,17687
-414.06,24.75,17699
-415.29,24.74,17711
-412.11,24.86,17723
-411.61,25.37,17734
-413.78,25.57,17745
-412.68,25.73,17758
-412.70,25.71,17769
-411.84,25.42,17781
-411.89,25.52,17793
-414.42,25.28,17805
-413.20,25.01,17816
-413.63,24.84,17828
-414.04,24.52,17840
-412.17,24.85,17852
-413.21,25.10,17863
-413.33,25.52,17875
-411.73,25.78,17887
-412.63,25.83,17898
-412.33,25.58,17910
-411.72,25.39,17922
-413.99,25.25,17934
-413.45,25.02,17945
-413.13,25.10,17957
-414.10,25.03,17969
-412.57,25.00,17981
-413.50,25.24,17992
-414.31,25.32,18004
-412.47,25.49,18016
-411.95,25.74,18028
-413.39,25.71,18039
-413.79,25.56,18052
-412.47,25.33,18063
-412.42,25.21,18074
-414.13,25.05,18086
-412.62,25.01,18098
-412.40,24.97,18110
-413.18,24.89,18121
-412.75,25.24,18134
-414.07,25.41,18145
-413.73,25.60,18157
-411.19,25.69,18168
-412.60,25.45,18181
-414.12,25.43,18192
-413.02,25.24,18204
-413.08,24.99,18215
-412.42,24.89,18227
-411.94,24.88,18239
-414.09,25.01,18250
-413.11,25.04,18263
-412.44,25.22,18274
-412.77,25.36,18286
-412.70,25.56,18297
-413.14,25.54,18310
-412.00,25.36,18321
-411.97,25.32,18333
-413.67,25.08,18344
-413.05,24.93,18357
-412.68,24.80,18368
-413.97,24.83,18379
-412.48,25.19,18392
-412.87,25.40,18403
-414.35,25.57,18415
-411.81,25.68,18426
-413.81,25.52,18439
-413.31,25.43,18450
-412.87,25.21,18462
-413.30,24.97,18473
-413.13,24.74,18486
-412.95,25.06,18497
-413.42,25.10,18509
-413.55,25.02,18521
-412.70,25.33,18532
-412.91,25.40,18544
-413.58,25.62,18555
-412.10,25.70,18568
-411.62,25.48,18579
-414.38,25.23,18591
-413.25,24.99,18603
-412.34,24.98,18615
-414.30,25.11,18626
-412.56,25.18,18638
-412.35,25.29,18650
-414.31,25.26,18662
-412.57,25.34,18673
-411.94,25.40,18685
-413.80,25.57,18697
-413.55,25.58,18708
-412.45,25.28,18720
-413.22,25.11,18732
-413.82,24.88,18744
-413.36,25.03,18755
-413.19,25.10,18767
-413.14,25.16,18779
-412.31,25.56,18791
-412.45,25.55,18802
-413.83,25.40,18814
-411.62,25.44,18826
-412.38,25.21,18838
-413.72,25.70,18849
-413.12,25.11,18861
-413.11,25.33,18873
-413.23,24.89,18884
-411.38,24.88,18896
-414.31,25.41,18908
-414.31,24.92,18920
-410.94,25.59,18931
-413.45,25.38,18944
-412.41,25.43,18955
-412.57,25.65,18967
-414.90,25.32,18978
-410.61,25.55,18991
-411.42,25.21,19002
-414.92,25.11,19013
-412.37,24.87,19025
-413.78,25.07,19037
-413.14,25.13,19049
-411.59,25.14,19060
-415.22,25.54,19073
-412.39,25.35,19084
-411.91,25.62,19096
-414.05,25.32,19107
-412.51,25.12,19120
-413.98,25.31,19131
-413.00,25.01,19143
-411.39,25.14,19154
-414.62,25.08,19166
-414.05,25.04,19178
-412.14,25.40,19189
-412.26,25.64,19202
-414.25,25.69,19213
-414.12,25.66,19225
-410.59,25.49,19236
-413.35,25.03,19249
-413.37,25.03,19260
-412.41,24.85,19272
-415.40,24.87,19283
-411.26,25.15,19296
-411.89,25.04,19307
-415.03,25.47,19319
-412.06,25.62,19331
-412.94,25.55,19342
-412.66,25.57,19354
-412.03,25.34,19365
-414.68,25.08,19378
-413.38,24.95,19389
-412.64,24.98,19401
-413.66,25.14,19412
-413.29,25.15,19425
-414.03,25.32,19436
-412.67,25.34,19448
-410.97,25.50,19460
-413.52,25.57,19472
-413.87,25.41,19483
-411.92,25.21,19494
-413.22,25.03,19507
-412.55,24.92,19518
-412.70,25.08,19530
-414.85,25.03,19542
-412.06,25.25,19554
-411.86,25.42,19565
-414.73,25.45,19577
-412.45,25.54,19589
-412.70,25.53,19601
-412.32,25.41,19612
-413.95,25.30,19624
-413.00,25.05,19636
-413.61,24.90,19647
-413.89,24.93,19659
-413.11,25.10,19671
-413.91,25.07,19683
-412.30,25.31,19694
-410.96,25.53,19706
-413.04,25.72,19718
-412.92,25.74,19730
-412.82,25.44,19741
-412.78,25.36,19753
-411.88,25.10,19765
-413.37,24.95,19777
-414.01,24.97,19788
-412.03,24.95,19801
-412.73,25.11,19812
-412.20,25.32,19823
-411.85,25.72,19835
-413.57,25.82,19847
-411.80,25.66,19859
-411.43,25.55,19870
-412.97,25.10,19883
-412.55,25.01,19894
-413.32,24.95,19906
-412.12,24.91,19917
-411.89,25.02,19930
-414.41,25.09,19941
-413.45,25.33,19953
-412.22,25.58,19964
-412.54,25.81,19976
-411.93,25.87,19988
-413.99,25.70,19999
-411.89,25.41,20012
-412.32,25.07,20023
-413.73,25.02,20035
-413.15,24.90,20046
-412.41,24.94,20059
-412.46,25.20,20070
-413.20,25.21,20082
-413.63,25.62,20093
-411.99,25.60,20106
-411.90,25.49,20117
-413.00,25.45,20128
-412.32,25.26,20141
-413.76,24.93,20152
-414.62,24.76,20164
-413.16,24.82,20175
-413.58,24.81,20188
-413.45,25.03,20199
-412.01,25.35,20211
-412.46,25.38,20222
-413.14,25.66,20235
-412.80,25.64,20246
-412.83,25.46,20258
-412.43,25.32,20270
-412.56,25.08,20281
-413.28,25.05,20293
-412.91,24.82,20304
-413.56,24.60,20317
-413.27,24.83,20328
-412.65,25.15,20340
-413.19,25.45,20352
-412.18,25.71,20364
-412.22,25.82,20375
-413.72,25.56,20387
-413.23,25.31,20399
-413.27,25.14,20411
-412.89,24.81,20422
-413.47,24.92,20434
-413.27,24.87,20446
-412.68,25.00,20457
-413.82,25.27,20469
-412.65,25.46,20481
-411.60,25.72,20493
-412.65,25.71,20504
-411.87,25.67,20516
-412.54,25.46,20528
-413.46,25.23,20540
-412.23,25.07,20551
-413.30,25.11,20563
-414.31,24.87,20575
-412.94,24.89,20587
-412.92,25.17,20598
-412.90,25.34,20610
-412.63,25.54,20622
-413.76,25.73,20633
-412.44,25.49,20645
-412.42,25.41,20657
-413.24,25.41,20669
-412.58,24.90,20680
-413.54,24.91,20692
-413.79,25.01,20704
-413.87,25.05,20716
-412.75,25.15,20727
-412.95,25.10,20740
-412.77,25.53,20751
-412.07,25.46,20762
-412.56,25.39,20774
-413.22,25.26,20786
-412.92,25.10,20798
-412.49,25.09,20809
-413.55,24.96,20822
-412.68,25.27,20833
-412.91,25.20,20845
-414.12,25.17,20856
-412.23,25.11,20869
-412.93,25.13,20880
-413.12,25.37,20892
-411.33,25.49,20903
-412.92,25.56,20916
-413.69,25.29,20927
-411.65,25.20,20938
-412.70,25.11,20951
-413.17,24.84,20962
-412.87,24.88,20974
-413.80,24.85,20985
-413.36,25.18,20998
-413.46,25.36,21009
-412.66,25.26,21021
-412.23,25.35,21032
-413.69,25.43,21045
-412.14,25.44,21056
-412.88,25.39,21068
-413.88,25.09,21080
-411.94,24.95,21091
-414.03,25.09,21103
-413.48,25.27,21114
-411.30,25.29,21127
-414.29,25.38,21138
-413.46,25.15,21150
-411.67,25.33,21161
-412.95,25.69,21174
-412.89,25.46,21185
-413.80,25.38,21197
-411.93,25.15,21209
-412.43,24.84,21221
-413.90,25.06,21232
-412.84,24.93,21243
-413.27,25.18,21256
-412.92,25.39,21267
-412.16,25.33,21279
-413.58,25.55,21291
-412.22,25.45,21303
-411.80,25.39,21314
-413.41,25.35,21326
-413.08,25.26,21338
-413.22,25.15,21350
-413.19,25.04,21361
-412.78,25.10,21373
-413.06,25.10,21385
-413.04,25.18,21397
-412.93,25.35,21408
-413.19,25.30,21420
-412.13,25.54,21432
-413.03,25.52,21443
-413.39,25.58,21455
-411.35,25.46,21467
-412.75,25.14,21479
-413.30,25.09,21490
-412.46,25.00,21502
-414.32,25.10,21514
-413.11,25.06,21526
-412.65,25.48,21537
-413.95,25.40,21550
-413.04,25.41,21561
-412.86,25.31,21572
-411.50,25.20,21584
-413.81,25.49,21596
-413.04,25.22,21608
-412.43,24.88,21619
-413.69,24.90,21632
-412.48,24.86,21643
-413.22,25.22,21655
-414.32,25.25,21666
-410.21,25.38,21679
-412.04,25.36,21690
-414.61,25.56,21702
-412.57,25.49,21713
-413.19,25.62,21725
-411.95,25.49,21737
-411.18,25.39,21748
-414.14,25.07,21761
-414.05,25.10,21772
-413.10,24.84,21784
-412.41,24.80,21795
-412.55,25.12,21808
-414.07,25.50,21819
-412.50,25.45,21831
-411.13,25.63,21842
-413.49,25.72,21855
-413.77,25.57,21866
-413.01,25.16,21877
-413.62,25.00,21890
-411.87,24.72,21901
-414.11,24.93,21913
-414.75,24.96,21924
-411.31,25.43,21937
-411.86,25.60,21948
-412.32,25.61,21960
-413.57,25.69,21971
-412.45,25.45,21984
-412.30,25.24,21995
-412.99,25.11,22007
-413.59,24.92,22019
-413.15,25.02,22031
-412.92,24.85,22042
-412.96,24.90,22053
-413.22,25.22,22066
-412.05,25.37,22077
-412.41,25.40,22089
-412.76,25.58,22100
-412.82,25.74,22113
-413.82,25.47,22124
-412.62,25.44,22136
-410.59,25.09,22148
-412.95,24.92,22160
-414.23,24.86,22171
-412.02,24.62,22183
-412.79,24.93,22195
-413.26,25.41,22206
-412.62,25.69,22218
-413.16,25.85,22230
-412.41,25.66,22242
-412.02,25.48,22253
-413.44,25.19,22265
-413.55,24.93,22277
-413.08,24.77,22289
-412.30,24.88,22300
-412.61,25.06,22312
-413.99,24.96,22324
-413.83,25.27,22336
-411.83,25.26,22347
-412.07,25.40,22359
-413.60,25.66,22371
-413.52,25.43,22382
-412.11,25.46,22394
-412.54,25.34,22406
-413.68,24.95,22418
-412.70,24.89,22429
-413.26,24.87,22441
-413.18,25.01,22453
-412.68,25.06,22465
-413.73,25.38,22476
-412.51,25.63,22489
-411.57,25.78,22500
-412.69,25.69,22512
-413.07,25.12,22523
-413.17,25.58,22535
-412.94,24.60,22547
-412.73,25.01,22558
-414.17,24.96,22571
-413.20,24.71,22582
-412.17,25.63,22594
-413.76,25.09,22605
-410.80,25.70,22618
-413.75,25.83,22629
-413.91,25.65,22641
-410.75,25.87,22652
-415.38,25.10,22665
-413.84,25.21,22676
-409.96,24.80,22687
-415.69,24.91,22700
-413.01,24.93,22711
-412.77,24.85,22723
23.49,25.35,22734
-13909.90,25.24,22747
-412.78,25.76,22758
-412.27,25.66,22770
-413.06,25.57,22781
-412.02,25.40,22794
-413.54,24.85,22805
-413.32,24.93,22817
-413.16,24.55,22829
-414.59,24.72,22840
-411.73,25.13,22852
-412.30,25.15,22863
-414.14,25.66,22876
-411.25,25.88,22887
-411.97,25.81,22899
-413.96,25.80,22910
-411.13,25.48,22923
-413.21,24.90,22934
-413.90,24.84,22946
-411.56,24.65,22958
-414.77,24.86,22970
-414.42,25.22,22981
-411.79,25.18,22993
-412.45,25.50,23005
-412.08,25.65,23016
-413.06,25.56,23028
-413.37,25.53,23040
-411.84,25.45,23052
-413.18,25.25,23063
-412.78,25.23,23075
-413.42,24.93,23087
-414.13,24.72,23099
-411.60,24.97,23110
-412.60,25.05,23122
-411.57,25.35,23134
-413.01,25.88,23146
-412.26,25.76,23157
-411.78,26.02,23169
-413.33,25.79,23181
-412.64,25.25,23192
-412.43,24.95,23204
-413.85,24.55,23216
-413.69,24.49,23228
-413.20,24.86,23239
-413.42,25.26,23251
-412.12,25.67,23263
-412.48,25.97,23275
-413.59,25.81,23286
-412.57,25.66,23299
-412.06,25.40,23310
-412.77,24.98,23321
-414.14,24.98,23333
-414.52,24.91,23345
-411.59,24.82,23357
-414.18,25.14,23368
-414.12,25.02,23380
-411.92,25.22,23392
-413.59,25.62,23404