965891.00
2182.00
-416.90,25.29,1134
-404.90,27.62,1135
-412.55,29.61,1137
-409.83,31.08,1148
-402.74,31.34,1160
-413.12,30.09,1171
-410.46,27.98,1183
-409.99,25.81,1195
-419.34,23.71,1207
-412.80,23.21,1218
-413.83,23.32,1230
-417.23,25.12,1242
-407.21,27.30,1254
-410.31,29.61,1265
-411.43,31.33,1276
-400.76,31.27,1289
-411.31,30.32,1300
-414.26,27.97,1312
-404.11,25.39,1324
-418.60,23.71,1336
-420.42,22.81,1347
-406.54,23.51,1359
-419.35,25.17,1371
-415.44,27.67,1383
-401.72,29.98,1394
-415.21,31.47,1406
-408.22,31.50,1418
-402.18,30.12,1429
-415.79,27.93,1441
-409.10,25.35,1453
-412.32,23.61,1465
-418.76,22.79,1476
-411.09,23.53,1488
-416.42,25.02,1500
-414.03,27.35,1512
-406.65,29.90,1523
-412.18,31.23,1536
-405.62,31.68,1547
-415.94,30.36,1559
-405.60,27.82,1570
-412.00,25.38,1582
-423.43,23.58,1594
-408.17,22.58,1605
-417.04,23.36,1617
-420.10,25.29,1629
-402.52,27.57,1641
-414.49,30.16,1652
-412.14,31.55,1665
-398.39,31.23,1676
-413.42,30.54,1688
-412.42,27.72,1699
-406.47,25.18,1712
-421.05,23.50,1723
-414.38,22.54,1734
-410.41,23.75,1746
-423.00,25.07,1758
-408.65,27.64,1770
-404.23,29.84,1781
-415.59,30.94,1794
-404.18,31.64,1805
-405.90,30.18,1817
-416.45,27.89,1828
-405.48,25.44,1841
-414.09,23.65,1852
-422.44,22.58,1864
-408.82,23.27,1875
-417.06,25.27,1887
-415.94,27.25,1899
-405.70,30.08,1910
-413.38,31.30,1923
-402.55,31.59,1934
-414.68,30.39,1946
-409.56,27.61,1957
-410.24,25.42,1970
-420.82,23.27,1981
-412.51,22.73,1993
-414.22,23.59,2004
-420.09,25.23,2017
-405.14,27.80,2028
-409.00,30.03,2039
-412.59,31.35,2052
-401.86,31.48,2063
-410.84,30.15,2075
-412.90,27.72,2086
-407.26,25.42,2099
-417.68,23.63,2110
-416.15,22.71,2122
-413.15,23.55,2134
-418.19,25.06,2146
-410.21,27.49,2157
-408.07,30.12,2169
-411.41,31.19,2181
-403.78,31.93,2192
-409.04,30.21,2204
-411.65,28.04,2215
-408.95,25.42,2228
-418.15,23.01,2239
-416.02,22.59,2251
-412.46,23.18,2263
-418.92,25.06,2275
-413.40,28.00,2286
-406.61,30.04,2298
-411.29,31.62,2310
-405.48,31.72,2322
-413.51,30.25,2333
-407.79,27.78,2344
-412.21,25.28,2357
-419.74,23.24,2368
-412.68,22.39,2380
-415.15,23.38,2392
-416.37,25.13,2404
-406.54,27.86,2415
-412.43,30.20,2427
-409.51,31.48,2439
-400.96,31.68,2451
-413.07,30.08,2462
-410.58,27.83,2475
-408.79,25.35,2486
-422.42,23.37,2498
-409.57,22.50,2509
-412.29,23.33,2521
-424.44,24.99,2533
-404.65,27.51,2544
-407.25,30.11,2556
-416.18,31.36,2568
-398.61,32.01,2580
-410.79,30.40,2591
-415.05,28.16,2604
-403.07,25.39,2615
-417.66,23.17,2627
-417.75,22.96,2638
-411.26,22.96,2651
-419.72,25.12,2662
-408.57,27.62,2673
-408.08,29.88,2685
-415.77,31.78,2697
-401.89,31.51,2709
-416.01,30.45,2720
-406.45,27.85,2733
-414.52,25.24,2744
-419.54,23.16,2756
-409.68,22.43,2767
-417.57,23.30,2780
-417.51,24.94,2791
-407.22,27.90,2803
-411.17,29.83,2814
-406.78,31.45,2826
-405.73,31.72,2838
-413.78,30.36,2849
-405.85,28.07,2862
-411.65,25.28,2873
-418.90,23.71,2885
-410.59,22.57,2896
-418.41,23.28,2909
-418.19,25.15,2920
-403.39,27.35,2932
-415.72,30.08,2944
-413.04,31.55,2956
-398.48,31.85,2967
-413.48,30.23,2978
-410.52,27.94,2991
-405.31,25.54,3002
-422.09,23.30,3014
-412.40,22.75,3025
-409.13,23.15,3038
-423.85,25.32,3049
-410.50,27.56,3061
-405.69,29.87,3073
-413.92,31.44,3085
-404.25,31.33,3096
-409.44,30.40,3107
-405.24,27.79,3120
-415.36,25.37,3131
-417.75,23.40,3143
-413.03,22.64,3154
-419.08,23.45,3167
-410.86,24.92,3178
-408.65,27.93,3190
-417.15,29.98,3202
-402.58,31.58,3214
-404.03,31.84,3225
-417.73,29.97,3237
-403.97,28.07,3249
-411.58,25.46,3261
-422.44,23.49,3272
-406.17,22.86,3283
-416.92,23.21,3296
-424.18,25.03,3307
-402.03,27.54,3319
-409.35,30.07,3331
-415.29,31.55,3343
-400.00,31.70,3354
-411.61,30.27,3366
-413.13,27.90,3378
-403.64,25.37,3390
-420.69,23.57,3401
-417.42,22.70,3412
-408.25,22.93,3425
-420.88,25.25,3436
-411.79,27.56,3448
-407.96,29.80,3460
-415.86,31.68,3472
-401.60,31.40,3483
-405.34,30.12,3495
-407.83,28.31,3507
-415.22,24.72,3519
-416.52,24.09,3530
-410.00,21.93,3543
-420.91,23.56,3554
-416.68,24.70,3565
-401.95,27.04,3577
-415.22,30.31,3589
-409.63,31.14,3601
-401.03,32.21,3612
-416.32,30.60,3624
-406.28,27.48,3636
-405.87,26.13,3648
-424.32,23.16,3659
-411.87,22.67,3672
-413.32,23.01,3683
-417.17,24.74,3695
-408.52,27.35,3706
-414.15,30.03,3718
-408.30,31.37,3730
-401.39,31.86,3741
-414.39,30.77,3753
-407.46,27.68,3765
-410.14,25.67,3777
-422.48,23.13,3788
-407.87,22.43,3801
-413.41,23.71,3812
-425.61,24.62,3824
-404.13,27.66,3835
-408.57,29.70,3848
-416.18,31.08,3859
-401.09,32.06,3870
-409.90,30.34,3883
-411.20,27.90,3894
-419.07,25.73,3906
-416.68,23.42,3917
-411.93,22.39,3930
-418.17,23.48,3941
-410.69,24.90,3953
-412.37,27.70,3964
-414.37,30.06,3977
-403.32,31.25,3988
-406.50,31.86,4000
-412.74,30.13,4012
-407.49,28.10,4023
-413.83,25.38,4035
-416.28,23.12,4046
-411.52,23.02,4059
-419.43,23.21,4070
-416.95,24.94,4082
-406.20,27.72,4093
-411.09,29.69,4106
-410.16,31.17,4117
-406.86,31.60,4129
-410.76,30.19,4141
-406.85,28.02,4153
-410.87,25.91,4164
-419.27,23.28,4175
-412.95,22.89,4188
-416.05,23.34,4199
-418.32,25.01,4211
-406.92,27.84,4222
-414.90,29.73,4235
-412.48,31.23,4246
-397.74,31.44,4258
-412.96,30.03,4270
-414.13,27.99,4282
-420.15,25.67,4293
-416.55,23.77,4305
-407.36,22.91,4317
-424.92,23.65,4328
-413.58,25.06,4340
-401.25,27.51,4352
-417.12,29.98,4364
-407.73,31.01,4375
-403.20,31.21,4387
-416.31,29.91,4399
-406.14,28.19,4411
-411.40,25.76,4422
-420.52,23.95,4434
-408.51,23.50,4446
-416.27,23.34,4458
-417.39,25.45,4469
-406.48,27.63,4481
-415.43,29.46,4493
-407.55,31.26,4504
-400.59,31.16,4516
-415.66,29.80,4528
-408.54,27.86,4540
-408.27,25.70,4551
-418.97,23.90,4563
-410.80,23.51,4575
-416.07,23.85,4587
-418.56,25.03,4598
-406.57,27.55,4611
-412.48,29.43,4622
-411.07,31.05,4633
-404.76,31.33,4645
-412.76,29.80,4657
-407.15,27.93,4669
-407.93,25.60,4680
-411.28,23.98,4692
-412.15,23.55,4704
-421.81,24.01,4716
-406.28,25.47,4727
-411.47,27.50,4740
-416.90,29.61,4751
-399.38,30.76,4763
-409.98,30.99,4774
-415.46,29.73,4786
-402.68,27.54,4798
-416.02,25.45,4809
-417.65,23.92,4822
-408.41,23.58,4833
-419.24,24.15,4845
-415.24,25.67,4856
-405.73,27.49,4869
-414.29,29.24,4880
-408.87,30.65,4892
-404.69,30.61,4903
-412.47,29.57,4916
-406.64,28.06,4927
-411.68,25.52,4938
-418.75,24.08,4951
-408.79,23.52,4962
-416.28,23.73,4974
-417.94,25.65,4985
-405.08,27.80,4998
-413.34,29.64,5009
-410.56,30.94,5021
-401.91,30.73,5032
-413.47,29.37,5045
-410.39,27.48,5056
-406.06,25.37,5068
-413.91,24.04,5080
-412.24,23.76,5092
-420.99,24.17,5103
-407.65,25.86,5114
-407.75,28.01,5127
-416.29,29.61,5138
-403.24,30.64,5150
-408.02,30.64,5161
-415.68,29.12,5174
-405.12,27.82,5185
-414.12,25.51,5197
-416.77,24.30,5209
-410.63,23.84,5221
-420.09,24.10,5232
-411.55,25.42,5243
-409.88,27.69,5256
-414.56,29.61,5267
-404.79,30.72,5279
-409.58,30.74,5291
-411.55,29.39,5303
-404.13,27.60,5314
-419.98,25.36,5326
-412.46,24.29,5338
-409.90,23.83,5350
-420.95,24.26,5361
-412.05,25.87,5373
-409.44,27.53,5385
-415.68,29.84,5396
-406.87,30.66,5408
-404.97,30.30,5420
-413.27,29.47,5432
-408.90,26.93,5443
-408.39,25.64,5455
-418.73,23.91,5467
-412.37,23.75,5479
-418.10,24.81,5490
-408.37,26.04,5502
-409.56,28.03,5514
-414.61,29.52,5526
-403.56,30.63,5537
-408.69,30.26,5549
-416.41,29.09,5561
-402.90,27.10,5572
-414.95,25.35,5584
-419.88,24.42,5596
-406.52,23.80,5608
-418.67,24.66,5619
-416.35,26.22,5632
-403.02,28.00,5643
-416.26,29.66,5655
-407.50,30.64,5666
-403.32,30.25,5679
-416.11,29.01,5690
-404.45,27.25,5701
-412.33,25.19,5713
-422.10,24.25,5725
-405.32,23.72,5737
-418.79,24.67,5748
-417.87,26.42,5761
-401.69,28.12,5772
-418.32,30.01,5784
-409.11,30.42,5795
-398.45,30.33,5808
-419.67,28.70,5819
-408.73,26.67,5831
-406.80,25.20,5842
-423.44,23.72,5854
-411.38,23.85,5866
-422.21,24.79,5877
-404.54,26.50,5890
-410.64,28.47,5901
-414.12,29.99,5913
-401.20,30.68,5924
-414.22,29.84,5937
-411.29,28.70,5948
-405.65,26.72,5960
-418.85,25.06,5971
-412.55,24.10,5984
-413.19,23.96,5995
-418.59,24.91,6006
-408.20,26.39,6019
-412.49,28.33,6030
-413.85,29.68,6042
-402.08,30.37,6053
-410.31,30.02,6066
-412.42,28.48,6077
-406.07,26.95,6089
-418.38,24.90,6100
-414.96,23.95,6113
-409.89,23.99,6124
-419.92,24.84,6136
-411.45,26.80,6148
-406.77,28.67,6159
-414.21,30.40,6171
-406.34,30.93,6182
-406.12,30.10,6195
-416.49,28.38,6206
-407.06,26.36,6218
-410.07,24.82,6230
-421.81,23.87,6242
-410.39,23.95,6253
-419.81,24.96,6265
-405.75,26.99,6277
-410.46,28.61,6289
-415.20,30.03,6300
-401.52,30.65,6311
-410.57,29.81,6324
-415.51,28.65,6335
-406.06,26.54,6347
-417.55,24.65,6359
-415.92,24.05,6371
-408.80,23.96,6382
-419.29,25.03,6394
-413.41,26.89,6406
-405.56,28.57,6418
-413.69,30.27,6429
-407.92,30.86,6441
-407.56,29.90,6453
-412.91,28.37,6464
-408.10,26.30,6476
-415.16,24.61,6488
-417.55,23.47,6500
-411.55,24.22,6511
-417.70,25.11,6523
-411.58,27.13,6535
-407.18,29.42,6547
-414.30,30.11,6558
-405.95,30.64,6571
-407.94,29.89,6582
-413.66,27.69,6594
-407.57,26.23,6605
-415.84,24.68,6617
-415.97,23.46,6629
-407.66,24.35,6640
-414.23,25.37,6652
-403.44,27.13,6664
-415.85,29.00,6676
-407.96,30.04,6687
-402.51,30.14,6700
-417.47,29.67,6711
-408.06,28.09,6723
-406.81,26.15,6734
-422.14,24.95,6747
-412.87,23.87,6758
-410.78,24.18,6769
-418.75,25.45,6781
-409.88,27.26,6793
-410.34,29.14,6805
-411.55,30.49,6816
-404.10,30.86,6829
-410.50,29.67,6840
-412.06,27.80,6852
-409.68,25.93,6863
-416.16,24.07,6876
-413.33,23.73,6887
-412.88,24.14,6899
-419.69,25.34,6910
-409.24,27.49,6922
-408.16,29.48,6934
-413.78,30.61,6945
-404.40,30.90,6958
-409.17,29.68,6969
-413.45,27.49,6981
-405.21,25.96,6992
-417.25,24.39,7005
-418.35,23.72,7016
-407.01,24.49,7028
-417.65,25.42,7040
-404.71,27.43,7052
-415.90,29.28,7063
-408.72,30.46,7074
-400.38,30.86,7087
-416.91,29.72,7098
-410.38,28.06,7110
-405.83,25.90,7121
-421.61,24.04,7134
-411.66,23.41,7145
-411.92,24.02,7157
-421.66,25.42,7169
-405.58,27.49,7181
-407.55,29.65,7192
-414.98,30.86,7204
-403.34,30.99,7216
-409.52,29.92,7227
-413.82,27.70,7239
-406.56,25.60,7250
-420.17,24.15,7263
-416.58,23.36,7274
-408.54,23.99,7286
-420.11,25.56,7298
-409.76,27.46,7310
-407.99,29.61,7321
-417.50,30.50,7333
-401.48,30.71,7345
-406.98,29.66,7357
-418.74,27.78,7368
-404.52,25.75,7379
-414.20,24.28,7392
-421.53,23.40,7403
-406.57,24.01,7415
-418.42,25.63,7427
-402.35,27.31,7439
-413.45,29.60,7450
-409.41,30.86,7462
-403.63,30.92,7474
-415.62,29.99,7486
-407.24,27.51,7497
-410.06,26.04,7510
-420.98,24.69,7521
-411.85,23.96,7532
-418.55,23.89,7544
-418.44,24.68,7556
-400.21,27.19,7568
-407.43,30.15,7579
-414.76,32.01,7591
-407.40,30.19,7603
-413.05,28.16,7615
-409.80,25.74,7626
-402.22,25.13,7639
-423.55,25.17,7650
-426.94,25.26,7662
-404.91,25.41,7673
-406.04,26.23,7685
-412.47,27.71,7697
-415.12,29.05,7708
-417.46,29.56,7720
-405.60,29.60,7732
-398.27,29.06,7744
-415.29,28.05,7755
-420.23,26.65,7768
-410.33,24.61,7779
-406.25,23.87,7791
-412.04,23.68,7802
-423.77,24.00,7815
-419.57,26.28,7826
-404.82,29.42,7837
-413.22,31.31,7849
-414.91,32.16,7861
-408.60,29.98,7873
-400.36,27.23,7884
-412.11,25.21,7897
-428.58,23.92,7908
-417.26,23.40,7920
-407.47,24.38,7931
-409.94,26.38,7944
-409.21,28.34,7955
-418.38,30.23,7967
-413.58,30.33,7979
-394.80,29.51,7990
-409.22,28.17,8002
-420.78,26.79,8013
-412.03,25.28,8026
-413.45,24.60,8037
-408.97,24.59,8049
-410.02,24.97,8060
-424.90,26.03,8073
-411.34,27.28,8084
-400.22,28.70,8096
-414.67,30.60,8108
-411.95,30.69,8120
-408.51,29.84,8131
-413.10,28.02,8142
-401.97,25.81,8155
-413.18,24.20,8166
-427.95,23.19,8178
-409.15,23.56,8189
-408.46,25.36,8202
-415.83,28.01,8213
-414.78,30.00,8225
-407.31,30.69,8237
-400.06,30.48,8249
-415.22,29.12,8260
-414.68,27.16,8272
-411.93,25.12,8284
-417.78,23.67,8295
-407.27,23.83,8307
-416.05,24.95,8318
-424.31,26.44,8331
-401.51,28.18,8342
-405.75,29.70,8354
-416.97,30.56,8366
-404.21,30.47,8378
-414.71,29.19,8389
-413.05,27.03,8401
-400.84,25.47,8413
-421.14,24.11,8425
-422.12,22.93,8436
-405.93,24.36,8448
-415.62,24.95,8460
-410.98,28.18,8471
-410.11,30.33,8483
-415.88,30.77,8495
-400.83,31.31,8507
-404.63,29.40,8518
-418.24,27.01,8530
-410.49,25.30,8542
-416.45,22.99,8554
-414.57,23.75,8565
-408.34,24.83,8578
-422.94,26.21,8589
-416.36,28.56,8600
-400.16,29.98,8612
-411.12,30.66,8624
-408.39,30.26,8636
-413.50,28.63,8647
-407.18,26.35,8659
-410.88,25.11,8671
-421.33,23.91,8683
-416.06,23.69,8694
-411.72,24.55,8707
-409.60,25.84,8718
-410.01,28.42,8730
-419.28,30.28,8741
-406.89,30.96,8753
-398.49,31.21,8765
-415.22,29.47,8776
-412.55,27.40,8788
-411.98,24.99,8800
-420.09,22.98,8812
-406.53,23.02,8823
-414.45,23.98,8836
-427.01,26.47,8847
-404.05,27.79,8859
-400.95,30.82,8870
-414.26,31.16,8883
-406.23,30.53,8894
-412.39,29.44,8905
-412.04,26.52,8918
-402.46,24.68,8929
-420.62,24.12,8941
-422.47,22.89,8952
-408.84,24.64,8965
-414.45,26.12,8976
-410.79,28.71,8988
-409.50,30.36,8999
-400.57,31.15,9012
-400.95,30.67,9023
-419.87,29.22,9035
-411.03,27.20,9047
-411.50,24.67,9058
-418.39,23.08,9070
-406.06,22.65,9081
-418.86,24.13,9094
-424.07,26.14,9105
-400.42,28.07,9117
-404.90,30.91,9128
-414.45,31.15,9141
-405.72,31.24,9152
-411.63,29.55,9164
-410.64,26.24,9176
-407.53,25.26,9188
-420.68,23.00,9199
-417.19,23.31,9210
-411.95,24.00,9223
-415.22,25.95,9234
-408.86,28.50,9246
-413.31,30.50,9257
-412.77,31.33,9270
-398.04,31.08,9281
-408.60,29.34,9293
-416.73,26.85,9305
-408.46,24.58,9317
-416.66,23.12,9328
-415.16,22.60,9340
-409.48,24.20,9352
-422.15,25.87,9363
-414.51,28.28,9375
-402.00,31.22,9387
-411.72,31.73,9399
-404.63,31.43,9410
-413.18,29.86,9422
-409.27,26.72,9434
-411.45,24.49,9446
-421.90,23.08,9457
-415.48,22.33,9469
-410.87,23.57,9481
-414.65,25.73,9493
-411.17,28.23,9504
-410.06,30.44,9516
-406.69,31.59,9528
-405.40,31.19,9539
-411.46,29.64,9551
-410.14,27.38,9563
-413.37,25.00,9575
-417.71,23.15,9586
-409.85,22.90,9598
-417.11,23.84,9610
-421.20,25.57,9622
-404.31,28.08,9633
-409.63,30.50,9646
-413.41,31.57,9657
-402.60,31.63,9668
-412.65,30.05,9680
-410.77,26.97,9692
-404.47,24.80,9704
-422.08,23.12,9715
-416.99,22.13,9728
-410.47,23.43,9739
-422.16,25.75,9751
-408.37,28.35,9762
-406.79,31.08,9775
-418.48,32.06,9786
-404.56,31.49,9798
-420.30,29.97,9809
-404.84,27.29,9821
-413.36,24.51,9833
-422.61,23.19,9844
-408.02,22.62,9857
-418.40,23.50,9868
-418.46,25.52,9880
-402.44,28.01,9891
-411.22,30.49,9904
-409.54,31.69,9915
-404.17,31.60,9927
-413.57,29.79,9938
-407.39,27.19,9951
-411.09,24.89,9962
-422.69,23.10,9973
-412.64,22.48,9986
-414.30,23.42,9997
-417.81,25.43,10009
-406.60,28.28,10020
-413.34,31.00,10033
-411.23,32.19,10044
-399.10,31.79,10056
-412.45,30.21,10067
-413.12,27.05,10080
-407.94,24.45,10091
-419.84,22.82,10103
-413.60,22.24,10115
-412.49,23.90,10126
-423.28,25.35,10138
-408.76,28.75,10149
-404.67,30.15,10162
-413.49,31.78,10173
-403.73,31.97,10185
-411.52,29.26,10196
-403.71,27.45,10209
-420.48,24.70,10220
-416.89,22.87,10232
-412.40,23.11,10244
-420.10,23.26,10256
-407.38,26.11,10267
-410.26,28.40,10278
-416.29,30.71,10291
-400.42,31.76,10302
-404.87,31.32,10314
-414.45,29.88,10326
-409.30,27.24,10338
-414.19,24.37,10349
-415.93,23.00,10361
-413.38,22.52,10373
-417.26,23.44,10385
-417.41,25.77,10396
-408.25,28.19,10408
-407.52,30.54,10420
-410.38,32.03,10431
-407.11,31.54,10443
-410.03,29.86,10455
-409.30,27.34,10467
-408.35,25.00,10478
-420.91,23.06,10490
-416.63,22.66,10502
-410.22,23.33,10514
-419.83,25.41,10525
-412.08,28.09,10537
-407.99,30.70,10549
-414.53,31.26,10561
-401.80,31.90,10572
-418.83,29.89,10584
-404.04,27.05,10596
-415.84,25.23,10607
-418.62,22.83,10619
-405.99,22.81,10631
-425.39,23.48,10643
-413.90,25.22,10654
-400.27,28.32,10667
-420.04,30.21,10678
-404.00,32.01,10690
-402.90,31.65,10701
-419.30,29.67,10714
-401.73,27.33,10725
-413.38,24.43,10736
-424.74,23.00,10748
-406.75,22.61,10760
-417.39,23.38,10772
-419.68,25.42,10783
-404.93,28.18,10796
-412.96,30.46,10807
-409.83,31.89,10819
-401.04,31.85,10830
-413.00,30.05,10843
-412.41,27.54,10854
-409.33,24.73,10866
-417.29,22.85,10877
-415.43,22.70,10889
-415.95,23.32,10901
-416.82,25.30,10912
-409.80,28.02,10925
-411.04,30.18,10936
-410.46,31.80,10948
-404.07,31.69,10959
-409.15,29.91,10972
-407.76,27.72,10983
-417.63,24.97,10995
-416.77,22.91,11006
-409.49,22.58,11019
-419.64,23.27,11030
-415.42,25.56,11041
-405.30,28.05,11054
-414.84,30.41,11065
-406.80,31.81,11077
-401.23,31.63,11088
-417.97,30.23,11101
-409.79,27.70,11112
-405.99,24.96,11124
-422.05,23.34,11136
-413.38,22.65,11148
-411.39,23.22,11159
-421.77,25.42,11171
-407.06,27.69,11183
-405.36,30.11,11194
-414.84,31.88,11206
-404.01,31.46,11217
-407.60,30.09,11230
-412.02,27.74,11241
-408.86,24.95,11253
-419.96,23.23,11265
-415.30,22.40,11277
-411.35,23.23,11288
-420.23,25.40,11300
-409.96,27.87,11312
-408.43,30.36,11324
-414.30,31.54,11335
-400.84,31.68,11346
-407.43,30.42,11359
-407.13,27.59,11370
-414.41,25.06,11382
-416.58,23.03,11394
-413.47,22.33,11406
-420.95,23.31,11417
-411.46,25.29,11429
-408.40,27.79,11441
-414.74,30.50,11453
-403.46,31.88,11464
-406.56,31.90,11476
-413.67,30.52,11488
-402.47,27.72,11499
-415.35,25.14,11511
-423.18,23.07,11523
-407.04,22.24,11535
-417.37,23.43,11546
-419.47,25.12,11558
-405.03,27.86,11570
-413.17,30.28,11582
-410.13,31.63,11593
-401.30,31.84,11606
-413.89,30.58,11617
-412.25,27.66,11629
-406.11,24.80,11640
-419.12,23.06,11652
-415.23,22.27,11664
-412.57,23.24,11675
-421.78,25.62,11687
-408.36,27.85,11699
-407.02,30.28,11711
-415.69,31.87,11722
-403.51,31.38,11735
-406.48,30.03,11746
-413.34,27.86,11758
-416.83,25.20,11769
-419.98,23.20,11782
-408.27,22.95,11793
-419.03,23.60,11804
-416.78,25.23,11816
-404.46,27.88,11828
-414.28,29.79,11840
-408.28,31.29,11851
-402.89,31.51,11864
-415.86,30.08,11875
-408.84,28.02,11887
-409.28,25.32,11898
-420.73,23.39,11911
-411.97,22.77,11922
-417.46,23.26,11934
-417.79,25.23,11945
-404.98,27.67,11957
-414.11,30.10,11969
-409.39,31.58,11980
-401.28,31.30,11993
-415.72,30.38,12004
-409.13,27.10,12016
-406.50,25.94,12027
-420.73,22.91,12040
-411.47,23.16,12051
-413.63,23.62,12063
-425.60,25.03,12075
-401.43,28.06,12087
-413.28,29.88,12098
-415.14,31.51,12109
-394.29,31.23,12122
-419.46,29.93,12133
-411.38,27.78,12145
-430.71,25.53,12156
-411.69,24.08,12169
-403.58,22.43,12180
-431.73,23.69,12192
-406.32,24.78,12204
-406.31,27.66,12216
-424.44,29.67,12227
-394.63,31.80,12239
-405.65,31.79,12251
-421.62,29.41,12263
-401.55,28.51,12274
-414.25,24.51,12285
-421.72,23.73,12298
-405.62,23.52,12309
-419.31,23.19,12321
-418.89,25.79,12333
-403.84,27.72,12345
-412.16,29.89,12356
-411.08,31.52,12368
-405.10,31.50,12380
-407.99,29.22,12392
-411.46,27.85,12403
-413.85,25.21,12416
-412.50,23.27,12427
-418.02,24.05,12438
-416.07,23.39,12450
-409.03,25.62,12462
-415.55,27.85,12474
-413.14,29.28,12485
-407.11,31.50,12497
-406.18,31.09,12509
-410.07,29.89,12521
-412.48,27.74,12532
-405.98,25.58,12545
-419.28,23.34,12556
-408.91,23.39,12568
-418.81,23.77,12579
-416.29,25.14,12591
-401.51,28.04,12603
-415.43,29.41,12614
-412.12,31.28,12626
-399.78,31.16,12638
-414.25,29.84,12650
-411.11,27.95,12661
-409.10,25.03,12674
-421.89,24.01,12685
-412.39,22.88,12697
-413.33,23.61,12708
-418.54,25.91,12721
-406.85,27.77,12732
-411.64,29.77,12743
-409.38,30.89,12755
-402.08,30.94,12767
-416.23,29.43,12779
-407.78,28.10,12790
-407.56,25.53,12803
-421.28,23.65,12814
-409.69,23.64,12826
-416.46,23.51,12837
-421.08,25.52,12850
-403.28,27.72,12861
-413.69,29.46,12873
-413.70,31.18,12884
-400.00,30.76,12896
-413.69,29.80,12908
-411.45,27.75,12919
-405.45,25.58,12932
-412.07,23.67,12943
-411.23,23.05,12955
-422.99,23.72,12966
-408.42,25.38,12979
-409.30,28.20,12990
-415.38,29.79,13002
-400.71,31.29,13014
-409.34,31.19,13026
-414.93,29.43,13037
-404.45,27.83,13048
-414.81,25.09,13061
-417.68,23.65,13072
-410.61,23.37,13084
-416.97,23.65,13095
-414.27,25.58,13108
-408.18,28.02,13119
-412.04,29.67,13131
-408.18,31.23,13143
-406.16,31.20,13155
-412.00,29.40,13166
-407.59,27.80,13178
-413.85,25.53,13190
-417.69,23.63,13201
-409.35,23.37,13213
-417.67,23.71,13224
-418.05,25.52,13237
-406.46,27.96,13248
-413.90,29.91,13260
-411.99,31.20,13272
-400.54,30.98,13284
-412.97,29.41,13295
-414.41,27.30,13307
-403.38,25.27,13319
-418.10,23.64,13331
-406.87,23.46,13342
-419.95,23.98,13353
-413.90,25.68,13366
-403.17,27.78,13377
-416.77,29.82,13389
-407.54,31.11,13401
-401.90,30.69,13413
-416.02,29.66,13424
-409.52,27.51,13436
-411.71,25.09,13448
-418.67,23.84,13460
-411.42,23.51,13471
-416.16,24.17,13484
-416.48,25.79,13495
-407.89,28.03,13506
-412.37,29.64,13518
-406.68,30.93,13530
-405.03,31.01,13542
-415.38,29.19,13553
-405.95,27.42,13565
-410.60,25.26,13577
-421.23,23.65,13589
-408.08,23.37,13600
-416.76,24.10,13613
-419.70,26.11,13624
-403.62,28.01,13636
-413.60,30.06,13647
-413.64,30.84,13659
-401.27,30.68,13671
-412.39,29.50,13682
-410.33,27.06,13694
-408.21,25.22,13706
-421.10,23.72,13718
-411.79,23.53,13729
-421.15,24.38,13742
-409.80,26.10,13753
-409.87,28.17,13765
-412.36,29.56,13776
-404.03,30.80,13789
-412.30,30.58,13800
-410.66,29.05,13811
-407.10,27.32,13824
-418.31,25.21,13835
-412.85,23.80,13847
-413.70,23.53,13858
-421.37,24.23,13871
-407.65,25.78,13882
-410.08,28.12,13894
-417.06,30.14,13905
-403.06,30.83,13918
-407.90,31.01,13929
-415.31,29.23,13941
-403.42,27.08,13953
-414.88,25.27,13964
-420.37,23.50,13976
-406.91,23.41,13987
-416.74,24.41,14000
-419.25,26.08,14011
-406.27,28.22,14023
-412.15,30.00,14034
-410.66,30.98,14047
-402.87,30.66,14058
-412.12,29.28,14070
-411.45,27.14,14082
-407.84,24.97,14094
-417.75,23.84,14105
-413.22,23.47,14116
-417.93,24.25,14129
-410.46,26.02,14140
-409.02,28.15,14152
-412.84,29.89,14163
-405.26,31.05,14176
-408.09,30.64,14187
-412.14,29.16,14199
-409.56,27.18,14211
-416.33,25.07,14223
-414.83,23.66,14234
-412.69,23.78,14246
-419.78,24.46,14258
-411.27,26.10,14269
-407.92,28.39,14281
-415.64,30.00,14292
-404.41,31.03,14305
-406.69,30.53,14316
-416.06,29.16,14328
-404.84,27.02,14340
-412.86,25.01,14352
-419.83,23.59,14363
-409.73,23.34,14375
-417.06,24.37,14387
-415.45,26.05,14399
-407.95,28.45,14410
-414.43,30.11,14422
-407.96,31.05,14434
-404.95,30.52,14445
-413.72,29.13,14457
-406.60,27.08,14469
-411.92,24.91,14481
-420.22,23.66,14492
-408.13,23.46,14504
-421.80,24.37,14516
-403.60,26.20,14528
-411.52,28.24,14539
-414.67,29.97,14552
-400.19,30.89,14563
-412.06,30.59,14574
-413.75,29.13,14586
-402.65,27.28,14598
-418.05,25.44,14610
-417.53,23.78,14621
-408.88,23.20,14633
-420.51,24.29,14645
-411.88,25.78,14657
-406.25,28.03,14668
-417.22,30.26,14681
-403.66,30.99,14692
-405.74,30.87,14704
-416.12,29.28,14715
-403.74,27.14,14727
-413.96,25.11,14739
-420.58,23.63,14750
-406.93,23.41,14763
-420.10,24.04,14774
-418.06,25.76,14786
-402.43,28.30,14797
-416.84,30.17,14810
-411.26,30.85,14821
-400.06,30.54,14833
-416.78,29.03,14844
-409.32,26.78,14857
-406.24,25.20,14868
-422.21,23.73,14879
-411.74,23.43,14892
-420.21,24.56,14903
-409.72,26.17,14915
-410.81,28.52,14926
-411.92,30.05,14939
-403.31,30.85,14950
-411.89,30.74,14962
-411.17,28.76,14973
-406.72,26.92,14986
-418.12,25.00,14997
-412.79,23.65,15009
-412.20,23.72,15021
-422.68,24.44,15032
-410.14,26.15,15044
-405.72,28.37,15055
-415.92,30.03,15068
-406.13,30.87,15079
-405.41,30.60,15091
-415.30,28.84,15102
-407.04,26.89,15115
-411.61,25.33,15126
-421.11,23.64,15138
-412.17,23.67,15150
-412.66,24.48,15162
-417.11,25.96,15173
-409.81,28.40,15184
-410.80,30.00,15197
-409.06,30.99,15208
-404.88,30.65,15220
-411.36,28.90,15232
-411.64,27.01,15244
-411.24,24.79,15255
-414.94,23.59,15267
-411.12,23.66,15279
-416.78,24.43,15291
-405.82,26.18,15302
-412.36,28.40,15314
-413.35,30.02,15326
-403.04,31.07,15337
-411.78,30.89,15349
-411.43,29.01,15361
-404.22,26.96,15373
-419.69,24.99,15384
-416.70,23.53,15396
-408.18,23.61,15408
-419.41,24.65,15420
-411.19,26.45,15431
-407.11,28.34,15443
-414.85,30.18,15455
-403.30,30.74,15467
-406.40,30.26,15478
-415.09,28.97,15490
-407.13,26.80,15502
-414.64,24.86,15513
-417.30,23.90,15525
-409.80,23.46,15537
-420.36,24.70,15549
-413.82,26.61,15560
-406.66,28.26,15572
-415.45,30.15,15584
-406.23,30.63,15596
-406.65,30.27,15607
-416.72,28.83,15620
-403.92,26.79,15631
-412.06,25.22,15642
-421.70,23.75,15654
-407.29,23.48,15666
-416.38,24.56,15678
-404.09,26.31,15689
-412.53,28.56,15702
-413.73,30.25,15713
-400.94,30.91,15725
-412.62,30.37,15736
-411.41,28.93,15749
-407.62,26.69,15760
-418.96,24.72,15772
-412.69,23.65,15783
-413.35,23.42,15795
-420.21,24.58,15807
-407.15,26.69,15818
-409.52,28.80,15831
-413.77,30.56,15842
-402.74,31.07,15854
-410.23,30.26,15865
-413.78,28.54,15878
-404.91,26.43,15889
-417.26,24.65,15901
-416.35,23.68,15912
-410.59,23.90,15925
-419.81,24.65,15936
-411.21,26.67,15947
-408.10,29.01,15960
-414.94,30.53,15971
-403.79,30.99,15983
-407.24,30.22,15994
-416.05,28.48,16007
-405.68,26.24,16018
-413.29,24.52,16030
-419.40,23.63,16041
-409.34,23.47,16054
-417.77,24.73,16065
-415.78,26.71,16077
-415.64,28.78,16089
-408.51,30.65,16101
-399.52,31.15,16112
-417.11,30.28,16123
-409.04,28.53,16136
-404.38,26.27,16147
-424.01,24.29,16159
-412.65,23.56,16171
-408.05,23.70,16183
-423.59,24.99,16194
-409.65,26.90,16206
-404.60,28.79,16218
-415.55,30.76,16230
-405.42,30.95,16241
-406.59,29.93,16253
-413.75,28.61,16265
-409.55,25.88,16276
-415.58,24.20,16288
-414.82,23.60,16300
-412.49,23.57,16312
-418.98,24.99,16323
-409.33,26.94,16335
-409.82,28.90,16347
-416.02,30.63,16359
-402.74,31.29,16370
-407.46,30.16,16382
-416.15,28.26,16394
-405.63,26.37,16406
-413.81,24.19,16417
-419.96,23.12,16429
-408.47,23.76,16441
-416.61,24.89,16452
-416.65,27.03,16464
-413.97,29.32,16476
-407.57,30.78,16488
-403.54,31.04,16499
-415.46,30.16,16512
-406.49,28.21,16523
-409.75,25.90,16535
-422.64,24.31,16546
-410.05,23.46,16559
-413.16,23.74,16570
-422.60,25.17,16581
-404.80,27.22,16593
-408.43,29.25,16605
-417.28,30.59,16617
-400.61,31.10,16628
-407.65,30.08,16641
-416.92,28.22,16652
-404.89,26.11,16664
-413.88,24.15,16675
-420.23,23.57,16688
-408.74,23.84,16699
-416.72,25.32,16711
-416.09,27.29,16722
-405.89,28.83,16734
-412.20,30.55,16746
-407.46,30.95,16757
-406.24,29.95,16770
-414.13,28.35,16781
-408.26,26.00,16793
-413.40,24.12,16804
-418.29,23.55,16817
-411.03,23.73,16828
-416.93,24.94,16840
-415.38,27.14,16851
-405.17,29.23,16864
-409.11,30.60,16875
-401.82,31.24,16886
-415.13,30.14,16899
-409.27,28.02,16910
-408.67,25.93,16922
-421.82,24.03,16933
-411.77,23.20,16946
-413.54,23.65,16957
-420.46,25.04,16969
-406.46,27.32,16980
-410.46,29.43,16993
-413.89,30.91,17004
-401.20,31.02,17016
-411.48,30.25,17028
-413.95,28.25,17039
-405.05,25.79,17051
-419.29,24.16,17062
-416.02,23.08,17075
-408.62,23.48,17086
-422.29,25.05,17098
-412.69,27.19,17110
-405.07,29.36,17122
-415.27,30.91,17133
-404.62,31.35,17145
-404.97,29.99,17157
-417.04,28.17,17169
-406.04,25.97,17180
-411.38,23.69,17191
-421.81,23.19,17204
-410.58,23.50,17215
-416.04,24.93,17227
-417.65,27.61,17239
-405.35,29.66,17251
-410.07,31.03,17262
-402.44,31.28,17274
-413.43,30.13,17286
-411.01,27.96,17298
-409.53,25.71,17309
-421.34,23.90,17321
-410.89,23.07,17333
-413.23,23.59,17344
-423.90,25.02,17356
-405.33,27.44,17368
-407.02,29.46,17380
-416.69,31.06,17391
-400.88,31.47,17403
-409.17,29.95,17415
-417.82,28.17,17427
-404.78,25.58,17438
-414.23,23.79,17451
-421.14,23.48,17462
-410.57,23.33,17474
-414.79,25.10,17485
-414.27,27.52,17497
-407.92,29.48,17509
-410.78,31.27,17520
-406.05,31.41,17532
-407.93,29.99,17544
-412.31,28.08,17556
-408.83,25.77,17567
-416.45,23.63,17580
-416.43,22.94,17591
-409.33,23.62,17603
-419.23,25.15,17614
-415.70,27.46,17627
-405.09,29.56,17638
-414.04,31.03,17649
-402.01,31.18,17661
-416.92,30.28,17673
-408.69,28.44,17685
-407.48,25.70,17696
-423.04,24.10,17709
-412.49,23.18,17720
-410.53,23.12,17732
-422.45,25.28,17743
-407.86,27.46,17756
-406.33,29.41,17767
-416.37,31.36,17779
-402.97,31.31,17790
-405.32,29.95,17802
-417.10,28.29,17814
-409.84,25.60,17825
-415.60,23.47,17838
-416.91,23.09,17849
-410.28,23.29,17861
-417.88,24.78,17872
-413.32,27.49,17885
-407.47,29.47,17896
-412.29,31.10,17908
-404.10,31.61,17920
-407.97,30.13,17932
-415.73,27.96,17943
-403.76,25.60,17954
-414.68,23.85,17967
-422.15,22.88,17978
-409.16,23.35,17990
-417.46,24.88,18001
-415.33,27.11,18014
-404.72,29.77,18025
-416.67,31.43,18037
-400.02,31.50,18049
-415.56,30.50,18061
-410.06,28.14,18072
-409.90,25.34,18084
-422.00,23.64,18096
-408.65,23.03,18107
-414.07,23.32,18119
-423.43,25.19,18130
-404.83,27.61,18143
-408.99,29.53,18154
-413.12,31.40,18166
-401.52,31.58,18178
-412.45,30.14,18190
-412.64,28.21,18201
-405.24,25.59,18213
-420.46,23.57,18225
-416.83,22.75,18237
-409.96,23.37,18248
-419.48,25.03,18259
-409.55,27.29,18272
-408.07,29.78,18283
-414.49,31.19,18295
-402.34,31.46,18307
-407.78,30.29,18319
-414.61,28.31,18330
-407.54,25.62,18342
-416.98,23.47,18354
-417.17,22.93,18366
-408.62,23.24,18377
-420.84,25.03,18390
-414.25,27.50,18401
-404.59,29.66,18412
-414.27,31.49,18424
-405.06,31.74,18436
-415.33,30.51,18448
-405.85,28.18,18459
-410.25,25.53,18471
-421.97,23.60,18483
-412.86,22.81,18495
-414.42,23.37,18506
-416.86,25.08,18519
-406.09,27.49,18530
-412.20,29.76,18542
-411.33,31.18,18553
-401.59,31.58,18565
-411.79,30.34,18577
-411.71,28.15,18588
-408.33,25.64,18600
-419.59,23.50,18612
-413.89,22.87,18624
-410.91,23.01,18635
-423.14,25.07,18648
-410.60,27.34,18659
-403.70,29.38,18671
-414.83,31.54,18682
-404.95,31.55,18695
-404.31,30.44,18706
-415.92,28.37,18717
-406.97,25.49,18729
-411.26,23.58,18741
-423.69,22.77,18753
-413.25,23.10,18764
-411.60,24.80,18777
-418.51,27.32,18788
-409.38,29.54,18800
-407.57,31.43,18811
-410.08,31.61,18824
-409.77,30.12,18835
-412.57,28.47,18847
-412.08,25.83,18859
-416.43,23.64,18871
-412.71,22.94,18882
-417.00,22.88,18893
-417.88,24.53,18906
-405.97,27.24,18917
-409.51,29.70,18929
-411.57,31.77,18940
-403.32,31.85,18953
-412.28,30.53,18964
-411.11,28.24,18976
-404.58,25.56,18988
-421.57,23.88,19000
-417.30,22.88,19011
-408.34,23.05,19023
-420.46,24.75,19035
-411.18,27.19,19046
-406.02,29.67,19058
-414.77,31.56,19069
-403.93,31.54,19082
-405.24,30.18,19093
-414.51,28.48,19105
-408.32,25.53,19117
-415.10,23.75,19129
-415.54,23.32,19140
-411.31,23.07,19152
-421.83,24.86,19164
-410.59,27.15,19176
-405.02,29.25,19187
-416.63,31.39,19198
-403.41,31.88,19211
-417.74,30.52,19222
-402.94,28.39,19234
-412.37,25.69,19246
-424.02,23.47,19258
-406.47,22.88,19269
-417.91,23.38,19281
-420.22,25.00,19293
-401.89,27.44,19305
-415.96,29.39,19316
-410.22,31.30,19329
-396.06,31.66,19340
-416.80,30.45,19351
-410.80,28.70,19363
-404.40,25.65,19375
-423.86,23.65,19387
-412.83,22.99,19398
-409.63,23.00,19410
-424.08,24.94,19422
-407.83,27.24,19434
-405.64,29.39,19445
-416.16,31.35,19458
-403.88,31.62,19469
-408.65,30.41,19481
-413.32,28.53,19492
-405.40,25.79,19504
-416.82,23.68,19516
-417.67,23.08,19527
-410.76,23.20,19539
-418.89,24.88,19551
-410.78,27.43,19563
-406.67,29.41,19574
-415.82,31.15,19587
-405.04,31.40,19598
-405.21,30.18,19610
-406.83,28.50,19621
-413.46,25.83,19634
-420.74,23.91,19645
-409.47,22.92,19656
-417.42,23.14,19668
-419.71,24.92,19680
-404.80,27.25,19692
-411.80,29.51,19703
-410.69,31.06,19716
-401.44,31.36,19727
-413.07,30.43,19739
-408.75,28.38,19750
-406.42,25.98,19763
-420.77,23.99,19774
-414.78,22.99,19786
-412.17,22.98,19798
-418.82,24.98,19809
-409.37,27.32,19821
-410.18,29.43,19832
-413.23,31.45,19845
-402.61,31.32,19856
-408.54,30.21,19868
-412.55,28.37,19879
-406.49,25.69,19892
-416.92,24.01,19903
-415.29,23.05,19915
-410.67,23.23,19927
-422.86,24.79,19939
-411.70,27.02,19950
-403.97,29.58,19961
-414.59,31.27,19974
-406.00,31.49,19985
-405.80,30.15,19997
-405.26,27.91,20008
-412.88,25.71,20021
-421.23,24.11,20032
-409.89,23.15,20044
-416.58,23.36,20056
-416.20,24.83,20068
-405.00,26.85,20079
-415.48,29.40,20091
-408.62,31.44,20103
-399.21,31.33,20114
-416.90,30.49,20126
-410.08,28.28,20137
-404.72,25.37,20150
-423.84,23.93,20161
-411.73,23.00,20173
-409.93,23.35,20185
-425.03,25.02,20197
-405.94,27.16,20208
-405.33,29.60,20220
-419.11,31.30,20232
-403.20,31.46,20244
-405.45,30.34,20255
-416.60,28.32,20267
-407.04,25.47,20279
-414.96,23.88,20290
-420.55,23.26,20302
-409.50,23.31,20314
-416.49,25.20,20326
-415.54,27.24,20337
-407.65,29.24,20349
-413.44,31.18,20361
-405.72,31.29,20373
-406.49,30.32,20384
-415.06,28.31,20397
-413.95,25.79,20408
-419.75,23.85,20419
-409.46,22.81,20431
-420.66,23.47,20443
-417.08,24.86,20455
-402.37,26.98,20466
-414.48,29.63,20478
-410.41,31.22,20490
-400.82,31.59,20502
-416.18,30.58,20513
-409.26,28.26,20526
-405.61,25.46,20537
-422.43,23.83,20549
-413.70,22.92,20560
-410.74,23.16,20572
-421.47,25.28,20584
-407.07,27.44,20595
-408.83,29.70,20608
-414.65,31.38,20619
-401.53,31.11,20631
-409.85,30.12,20642
-414.01,28.16,20655
-403.92,25.58,20666
-417.83,23.96,20678
-418.77,23.24,20689
-408.61,23.29,20702
-419.90,25.01,20713
-414.95,27.45,20724
-404.31,29.39,20737
-413.61,31.27,20748
-408.89,31.33,20760
-403.70,29.96,20771
-413.04,28.16,20784
-411.18,25.51,20795
-417.53,23.78,20807
-414.29,22.99,20818
-416.60,23.26,20831
-413.36,25.31,20842
-410.60,27.48,20854
-413.25,29.93,20866
-403.91,31.48,20877
-406.84,31.28,20889
-414.93,29.98,20900
-405.24,27.66,20913
-413.10,25.47,20924
-421.07,23.80,20936
-408.23,23.28,20947
-417.18,24.05,20960
-421.06,25.45,20971
-402.75,27.42,20983
-412.37,29.62,20995
-414.41,31.00,21007
-397.88,31.04,21018
-413.33,30.05,21030
-414.06,27.95,21042
-401.87,25.51,21053
-421.17,24.19,21065
-416.76,23.03,21076
-407.18,23.27,21089
-421.79,25.17,21100
-411.88,27.12,21112
-404.90,29.42,21124
-415.64,31.30,21136
-404.32,31.44,21147
-404.90,30.28,21159
-415.00,28.10,21171
-414.97,25.55,21183
-419.32,23.57,21194
-409.73,23.00,21206
-418.26,23.40,21218
-415.75,25.20,21229
-406.19,27.73,21241
-413.84,29.56,21253
-407.06,31.21,21265
-404.35,31.37,21276
-414.56,29.98,21288
-407.66,28.05,21300
-411.38,25.35,21312
-421.10,23.51,21323
-410.79,23.02,21335
-415.54,23.68,21347
-419.30,25.21,21358
-405.69,27.31,21370
-411.87,29.59,21382
-412.36,30.86,21394
-401.71,31.28,21405
-412.40,30.23,21417
-412.35,28.07,21429
-405.01,25.77,21441
-420.06,23.47,21452
-416.51,22.60,21465
-408.82,23.32,21476
-421.48,25.14,21488
-412.59,27.65,21499
-405.11,29.88,21511
-415.83,31.33,21523
-405.34,31.11,21534
-404.47,29.92,21547
-415.45,27.89,21558
-407.32,25.47,21570
-419.29,23.71,21581
-411.63,23.05,21594
-418.08,23.55,21605
-414.71,25.35,21617
-405.69,27.63,21628
-414.61,29.74,21641
-407.09,31.05,21652
-402.32,30.98,21663
-416.03,29.51,21676
-407.51,27.83,21687
-409.37,25.62,21699
-421.63,23.79,21710
-409.87,23.38,21723
-414.33,23.45,21734
-420.46,25.36,21746
-404.76,27.71,21757
-411.51,29.67,21770
-412.56,31.33,21781
-399.82,31.02,21793
-413.12,29.63,21805
-412.17,27.75,21816
-405.84,25.32,21828
-421.02,23.75,21839
-413.96,23.22,21852
-410.30,23.60,21863
-423.26,25.54,21875
-407.93,27.79,21886
-406.51,29.62,21899
-417.37,31.13,21910
-401.31,31.03,21922
-407.16,29.62,21934
-416.69,27.94,21946
-405.08,25.30,21957
-417.78,23.69,21968
-406.90,23.37,21981
-420.88,23.73,21992
-413.38,25.54,22004
-404.50,27.60,22016
-417.96,29.51,22028
-404.84,30.96,22039
-401.73,30.90,22051
-418.56,29.80,22063
-406.27,27.82,22075
-410.59,25.46,22086
-423.34,23.68,22098
-408.92,23.14,22110
-415.68,23.64,22121
-419.64,25.37,22133
-404.12,27.92,22145
-413.37,29.80,22157
-412.68,31.13,22168
-400.70,31.08,22180
-413.29,29.56,22192
-411.05,27.88,22204
-405.20,25.25,22215
-421.74,23.60,22227
-415.40,23.21,22239
-408.98,23.46,22251
-420.68,25.62,22262
-411.14,28.04,22274
-406.93,29.80,22286
-413.36,31.46,22297
-403.38,31.24,22309
-407.12,29.55,22321
-414.63,27.79,22333
-409.25,25.16,22344
-413.84,23.36,22356
-413.72,23.22,22368
-418.56,23.55,22380
-410.88,25.33,22391
-407.51,28.30,22404
-413.14,29.98,22415
-405.60,31.31,22426
-407.63,31.44,22438
-411.54,29.37,22450
-407.24,27.63,22462
-417.27,25.55,22473
-416.79,23.34,22486
-409.72,23.06,22497
-418.35,23.78,22509
-414.01,25.43,22520
-408.23,28.09,22533
-415.77,30.25,22544
-406.01,31.16,22556
-403.03,31.21,22567
-416.97,29.63,22579
-406.33,27.46,22591
-409.06,25.58,22602
-422.56,23.54,22615
-408.76,23.23,22626
-413.95,23.91,22638
-423.81,25.39,22649
-404.59,28.02,22662
-409.16,30.07,22673
-416.53,31.23,22685
-400.37,31.15,22696
-409.09,29.56,22709
-415.30,27.23,22720
-405.33,25.19,22731
-417.59,23.61,22744
-407.96,22.88,22755
-419.55,24.02,22767
-414.92,25.52,22778
-406.08,27.70,22791
-414.78,30.02,22802
-406.21,31.17,22814
-403.83,31.32,22825
-416.39,29.75,22838
-407.77,27.43,22849
-410.96,25.34,22861
-420.86,23.40,22873
-410.90,23.20,22884
-415.62,23.77,22896
-418.91,25.28,22907
-406.43,28.06,22920
-410.88,29.82,22931
-412.26,31.26,22943
-404.03,31.57,22955
-408.37,29.84,22967
-410.75,27.68,22978
-411.92,25.49,22990
-418.23,23.30,23002
-413.91,22.89,23014
-414.90,23.89,23025
-417.10,25.30,23036
-408.11,27.97,23049
-411.81,30.19,23060
-409.33,30.94,23072
-401.34,31.38,23084
-412.61,29.81,23096
-410.88,27.31,23107
-405.35,25.52,23119
-419.31,23.44,23131
-414.71,22.96,23143
-423.27,23.85,23154
-410.08,25.24,23166
-404.53,27.72,23178
-418.98,30.20,23189
-405.11,31.17,23201
-402.26,31.26,23213
-416.63,30.11,23225
-406.40,27.67,23236
-410.26,25.41,23248
-422.53,23.62,23260
-409.32,22.75,23272
-413.54,23.53,23283
-419.53,25.28,23296
-407.19,27.80,23307
-411.51,29.97,23319
-409.78,31.16,23330
-401.50,31.51,23342
-414.45,29.99,23354
-410.98,27.78,23365
-406.54,25.37,23377
-420.04,23.33,23389
-413.48,23.10,23401
-412.18,23.53,23412
-422.09,25.14,23425
-407.46,27.73,23436
-406.90,30.01,23448
-416.59,31.45,23459
-404.68,31.49,23472
-406.02,30.08,23483
-413.02,27.77,23494
-408.04,25.39,23506
-415.30,23.55,23518
-416.83,22.93,23530
-417.02,23.57,23541
-412.79,25.15,23554
-410.39,27.91,23565
-411.89,29.96,23577
-403.77,31.26,23588
-408.72,31.59,23601
-412.59,29.89,23612
-406.47,27.83,23624
-415.34,25.73,23635
-415.82,23.52,23647
-410.63,23.00,23659
-421.36,23.66,23670
-413.15,25.07,23683
-404.18,27.60,23694
-416.67,30.12,23706
-407.24,31.10,23717
-402.76,31.53,23730
-415.59,30.45,23741
-405.23,27.68,23753
-408.99,25.54,23764
-424.04,23.59,23777
-410.65,22.42,23788
-412.24,23.40,23799
-421.29,25.26,23812
-407.80,27.85,23823
-410.97,30.08,23835
-412.52,31.50,23846
-401.18,31.43,23859
-410.93,29.90,23870
-412.95,27.80,23882
-406.12,25.27,23894
-417.89,23.53,23906
-414.18,22.94,23917
-411.70,23.39,23929
-409.68,25.05,23941
-406.03,27.76,23952
-416.36,30.05,23964
-403.19,31.37,23975
-405.56,31.64,23988
-415.55,30.06,23999
-403.90,27.77,24011
-413.87,25.63,24023
-422.34,23.32,24035
-407.58,22.76,24046
-416.75,23.51,24058
-418.29,25.01,24070
-405.07,27.68,24082
-414.83,30.03,24093
-408.82,31.61,24104
-400.49,31.48,24117
-415.37,29.91,24128
-409.62,27.76,24140
-407.33,24.89,24152
-421.01,23.41,24164
-411.84,23.08,24175
-413.20,23.53,24187
-420.70,25.42,24199
-407.23,27.78,24211
-410.10,29.74,24222
-413.44,31.27,24235
-402.13,31.29,24246
-409.46,29.68,24257
-411.76,27.65,24269
-407.49,25.36,24281
-419.47,23.62,24293
-414.60,23.10,24304
-410.90,23.63,24316
-410.23,25.42,24328
-408.53,27.62,24340
-416.46,29.60,24351
-401.59,31.38,24364
-406.33,31.26,24375
-416.72,30.14,24387
-403.27,27.96,24398
-413.21,25.22,24410
-421.44,23.73,24422
-408.71,22.99,24433
-417.83,23.51,24445
-417.05,25.33,24457
-404.70,27.63,24469
-412.47,29.99,24480
-410.24,31.28,24493
-403.69,31.23,24504
-412.10,29.78,24516
-408.24,27.56,24527
-411.50,25.33,24540
-420.19,23.49,24551
-410.49,23.11,24562
-415.25,23.70,24574
-419.02,25.43,24586
-406.72,27.81,24598
-413.68,29.72,24609
-411.66,31.09,24622
-398.72,31.18,24633
-413.46,30.04,24645
-412.92,27.70,24656
-404.24,25.41,24669
-419.24,23.79,24680
-414.12,23.03,24692
-410.76,23.69,24704
-423.00,25.26,24715
-406.16,27.79,24727
-416.84,29.83,24738
-402.82,31.15,24751
-405.35,31.33,24762
-414.04,29.74,24774
-404.89,27.88,24785
-416.29,25.39,24798
-419.52,23.46,24809
-407.49,22.95,24821
-418.71,23.42,24833
-415.71,25.35,24845
-406.01,28.31,24856
-414.64,30.60,24867
-407.52,31.58,24880
-404.63,30.87,24891
-413.43,29.22,24903
-404.91,27.62,24914
-410.09,25.39,24927
-423.48,23.22,24938
-414.61,22.06,24950
-411.32,22.49,24962
-411.92,25.36,24974
-407.76,29.21,24985
-418.01,31.20,24997
-413.02,32.05,25009
-395.74,31.36,25020
-406.10,29.24,25032
-416.86,27.14,25043
-415.68,24.28,25056
-415.85,22.77,25067
-409.54,23.34,25079
-412.42,24.33,25091
-421.80,26.49,25103
-403.21,28.70,25114
-404.10,29.94,25126
-410.80,30.91,25138
-417.38,30.19,25150
-406.33,28.63,25161
-398.84,27.20,25172
-418.56,25.69,25185
-423.48,24.14,25196
-413.37,23.32,25208
-412.28,23.33,25220
-407.96,25.46,25232
-411.97,28.66,25243
-422.22,30.64,25255
-403.64,31.80,25267
-393.23,31.22,25279
-414.72,29.49,25290
-417.20,27.38,25303
-412.43,24.23,25314
-415.39,22.26,25325
-407.85,22.27,25337
-417.06,23.77,25349
-425.95,26.67,25361
-405.74,29.04,25372
-401.76,30.92,25384
-410.29,31.92,25396
-408.48,30.55,25408
-414.07,28.43,25419
-408.01,26.31,25432
-404.69,24.56,25443
-421.78,23.86,25455
-419.81,23.75,25466
-411.36,24.16,25479
-412.01,26.19,25490
-406.72,28.74,25501
-417.19,30.05,25513
-395.54,31.03,25525
-405.40,30.96,25537
-419.01,29.48,25548
-408.52,27.36,25561
-416.64,24.73,25572
-414.69,22.78,25584
-404.61,22.64,25595
-425.48,23.85,25608
-420.78,26.11,25619
-399.15,28.57,25631
-409.66,30.91,25643
-411.06,32.08,25654
-407.16,31.37,25666
-413.83,29.25,25677
-404.82,26.54,25690
-410.35,24.04,25701
-424.38,22.85,25713
-415.09,23.23,25724
-412.41,24.09,25737
-411.61,26.50,25748
-407.05,29.02,25760
-418.56,30.32,25772
-409.15,31.15,25784
-397.12,30.53,25795
-412.96,28.77,25806
-412.52,27.11,25819
-411.04,24.85,25830
-420.42,23.25,25842
-406.18,23.24,25853
-411.59,24.34,25866
-428.36,25.99,25877
-407.06,28.42,25889
-416.51,30.62,25901
-403.80,31.58,25913
-408.34,31.24,25924
-415.19,29.40,25936
-401.13,26.79,25948
-415.27,24.55,25959
-425.37,23.06,25971
-409.01,22.75,25982
-413.64,23.83,25995
-415.16,26.22,26006
-406.75,28.83,26018
-414.42,30.84,26030
-406.55,31.89,26042
-399.32,30.85,26053
-415.36,29.19,26065
-414.80,26.70,26077
-410.50,24.18,26089
-416.48,23.09,26100
-413.49,23.03,26112
-416.37,24.29,26124
-419.13,26.33,26135
-405.55,28.62,26147
-406.76,30.62,26159
-412.04,31.40,26171
-406.69,30.82,26182
-411.57,28.84,26194
-408.19,26.63,26206
-406.32,24.50,26218
-422.48,23.12,26229
-417.33,22.93,26242
-408.14,23.83,26253
-416.44,26.20,26264
-411.66,28.62,26276
-410.62,30.61,26288
-401.42,31.57,26300
-407.41,30.89,26311
-415.11,29.53,26323
-409.65,26.89,26335
-415.99,24.30,26347
-414.25,23.09,26358
-411.46,22.75,26371
-422.52,24.22,26382
-412.46,26.18,26394
-403.57,28.40,26405
-413.48,30.66,26417
-407.31,31.52,26429
-407.13,31.05,26440
-412.94,29.11,26452
-405.22,26.68,26464
-415.06,24.51,26476
-420.61,22.95,26487
-410.68,22.79,26500
-417.32,24.05,26511
-414.03,26.27,26523
-407.14,28.88,26534
-417.08,30.89,26547
-406.52,31.47,26558
-399.21,31.00,26569
-416.43,29.36,26582
-409.86,26.61,26593
-407.53,24.65,26605
-422.20,23.02,26616
-410.16,22.67,26629
-413.49,24.04,26640
-424.11,25.82,26652
-405.37,28.62,26663
-407.38,30.93,26676
-402.28,31.64,26687
-410.13,31.32,26699
-411.70,29.50,26711
-403.59,26.86,26722
-421.23,24.57,26734
-419.07,23.13,26745
-407.27,22.87,26758
-420.37,23.95,26769
-412.54,26.12,26781
-404.99,28.64,26792
-416.65,30.62,26805
-403.83,31.44,26816
-402.01,31.10,26828
-417.22,29.47,26840
-408.54,26.72,26852
-411.53,24.54,26863
-418.73,22.84,26874
-410.48,22.76,26887
-418.47,24.16,26898
-417.31,25.99,26910
-402.81,28.38,26921
-413.77,30.46,26934
-410.57,31.57,26945
-401.66,31.14,26957
-415.49,29.37,26969
-408.15,27.08,26981
-406.58,24.77,26992
-425.39,23.03,27004
-413.34,22.78,27016
-409.75,23.69,27027
-422.24,25.52,27039
-408.59,28.36,27051
-408.52,30.51,27063
-414.86,31.54,27074
-409.10,31.65,27086
-414.91,29.59,27098
-405.62,27.00,27110
-416.77,24.98,27121
-416.92,22.97,27133
-411.15,22.70,27145
-421.93,23.80,27157
-411.28,25.67,27168
-404.39,28.59,27180
-415.85,30.70,27192
-404.92,31.92,27203
-404.57,31.63,27215
-414.53,29.43,27227
-404.33,27.18,27239
-413.58,24.71,27250
-422.93,22.82,27262
-408.44,22.60,27274
-416.21,23.55,27286
-418.11,25.58,27297
-404.94,28.35,27310
-413.68,30.70,27321
-408.85,31.88,27332
-400.35,31.86,27344
-415.01,29.77,27356
-410.59,27.16,27368
-407.49,24.70,27379
-421.08,22.77,27392
-413.67,22.49,27403
-413.11,23.52,27415
-421.77,25.74,27426
-406.55,28.43,27439
-406.35,30.73,27450
-415.07,31.88,27462
-407.63,31.15,27473
-413.56,29.59,27485
-405.99,27.06,27497
-417.45,24.50,27508
-419.13,23.20,27521
-407.75,22.47,27532
-419.30,23.56,27544
-415.23,26.12,27555
-404.53,28.68,27568
-415.04,30.73,27579
-406.38,31.78,27591
-401.24,31.36,27602
-417.68,29.51,27615
-410.26,27.03,27626
-407.98,24.68,27637
-419.21,23.02,27650
-413.48,22.77,27661
-415.55,23.72,27673
-416.82,25.74,27684
-406.14,28.29,27697
-411.48,30.52,27708
-410.29,31.65,27720
-402.65,31.25,27731
-413.31,29.71,27744
-408.98,27.33,27755
-406.73,24.96,27767
-424.33,23.23,27779
-414.34,22.77,27790
-407.14,23.73,27802
-423.26,25.56,27813
-411.91,28.30,27826
-404.40,30.48,27837
-415.34,31.58,27849
-402.94,31.58,27860
-417.10,29.61,27873
-407.30,27.11,27884
-413.01,24.65,27896
-419.35,22.84,27908
-411.26,22.79,27920
-418.11,23.59,27931
-414.63,25.63,27942
-404.40,28.31,27955
-413.19,30.34,27966
-409.46,31.87,27978
-402.51,31.54,27990
-412.13,29.61,28002
-409.65,27.34,28013
-410.74,24.97,28025
-419.53,22.88,28037
-412.34,22.76,28049
-413.93,23.64,28060
-416.17,25.37,28072
-408.63,28.33,28084
-413.98,30.25,28095
-407.12,31.53,28107
-401.72,31.60,28119
-415.39,29.65,28131
-409.37,27.43,28142
-406.79,24.96,28154
-422.13,22.99,28166
-413.23,22.78,28178
-412.22,23.58,28189
-423.64,25.39,28201
-406.42,28.15,28213
-406.64,30.43,28225
-417.60,31.41,28236
-401.87,31.48,28248
-415.09,29.95,28260
-404.40,27.29,28271
-417.31,25.29,28283
-419.40,23.32,28295
-406.76,22.60,28307
-419.77,23.34,28318
-415.85,25.36,28331
-405.68,28.03,28342
-414.51,29.95,28354
-405.26,31.58,28365
-403.75,31.51,28378
-416.29,29.68,28389
-407.63,27.72,28400
-411.20,25.16,28412
-418.67,23.32,28424
-410.75,23.12,28436
-420.33,23.58,28447
-417.30,25.07,28460
-402.62,27.90,28471
-414.99,30.28,28483
-411.64,31.32,28494
-400.95,31.57,28507
-413.72,29.89,28518
-408.68,27.45,28530
-407.17,25.41,28541
-422.60,23.21,28553
-412.88,22.70,28565
-409.06,23.67,28576
-422.24,25.26,28589
-410.73,27.75,28600
-407.52,29.98,28612
-412.78,31.28,28623
-403.09,31.31,28636
-409.39,30.00,28647
-405.98,27.70,28659
-415.04,25.07,28670
-416.54,23.48,28683
-412.08,22.92,28694
-420.10,23.46,28705
-412.27,25.19,28718
-406.46,27.62,28729
-415.64,29.96,28741
-406.89,31.53,28752
-405.23,31.82,28765
-412.90,30.06,28776
-405.30,27.62,28788
-415.13,25.54,28800
-420.78,23.17,28812
-408.30,22.77,28823
-417.37,23.76,28835
-419.07,25.12,28847
-405.67,27.86,28858
-413.95,30.33,28870
-410.29,31.38,28881
-399.39,31.42,28894
-414.40,30.09,28905
-411.99,27.54,28917
-403.45,25.08,28929
-420.79,23.49,28941
-415.20,22.61,28952
-410.65,23.40,28964
-423.07,25.30,28976
-410.70,27.64,28988
-405.96,29.95,28999
-416.06,31.34,29010
-405.12,31.43,29023
-405.00,29.87,29034
-407.08,27.91,29046
-414.96,25.27,29058
-419.73,23.27,29070
-410.05,23.08,29081
-417.96,23.28,29093
-416.19,25.07,29105
-406.29,27.91,29117
-413.42,29.90,29128
-407.66,31.24,29140
-402.48,31.59,29152
-413.92,29.84,29163
-409.82,27.59,29175
-408.73,25.60,29187
-420.00,23.50,29199
-414.42,22.89,29210
-414.53,23.78,29222
-417.97,25.20,29234
-407.09,27.56,29246
-410.58,29.95,29257
-411.47,31.15,29270
-402.91,31.42,29281
-411.15,30.07,29293
-409.75,27.96,29304
-407.37,25.53,29316
-418.24,23.66,29328
-413.55,23.07,29339
-412.53,23.48,29351
-419.39,25.11,29363
-409.91,27.33,29375
-410.32,29.55,29386
-412.55,31.00,29399
-402.34,31.41,29410
-410.05,30.36,29422
-412.38,27.76,29433
-417.30,25.85,29446
-414.97,23.79,29457
-409.63,22.81,29468
-421.50,23.76,29480
-410.49,24.90,29492
-404.80,27.19,29504
-417.90,29.89,29515
-404.50,31.11,29528
-403.08,31.31,29539
-417.62,30.32,29551
-403.93,27.93,29562
-409.57,25.64,29575
-424.36,23.97,29586
-408.11,22.76,29598
-413.32,23.25,29609
-422.79,25.01,29621
-405.54,27.15,29633
-410.62,29.73,29644
-414.52,31.34,29657
-399.71,31.67,29668
-409.53,30.62,29680
-415.85,28.34,29691
-405.07,25.77,29704
-414.81,23.51,29715
-418.31,22.78,29727
-411.65,23.14,29739
-417.91,24.63,29751
-413.01,27.45,29762
-407.19,29.66,29773
-412.12,31.24,29786
-406.69,31.78,29797
-406.59,30.20,29809
-411.18,28.22,29820
-416.19,25.74,29833
-418.71,23.43,29844
-408.69,22.76,29856
-420.53,23.24,29868
-417.02,24.71,29880
-403.23,27.34,29891
-416.20,29.72,29903
-408.94,31.19,29915
-398.89,31.80,29926
-416.85,30.64,29938
-411.61,28.12,29949
-404.42,25.75,29962
-421.20,23.48,29973
-414.29,22.47,29985
-411.43,23.19,29997
-420.65,24.75,30009
-407.28,27.39,30020
-407.21,29.76,30032
-413.55,31.41,30044
-402.29,31.67,30056
-407.78,30.51,30067
-412.64,28.23,30078
-407.99,25.50,30091
-418.91,23.41,30102
-416.12,22.65,30114
-410.52,23.32,30126
-419.78,24.97,30138
-411.28,27.59,30149
-407.49,29.94,30161
-413.65,31.10,30173
-403.73,31.54,30185
-407.59,30.23,30196
-414.70,28.05,30209
-404.17,25.74,30220
-420.76,23.46,30231
-407.19,22.60,30243
-418.90,23.31,30255
-418.18,25.05,30267
-401.41,27.45,30278
-413.98,29.79,30290
-412.50,31.44,30302
-398.50,31.51,30314
-413.30,30.45,30325
-413.89,28.25,30338
-405.72,25.56,30349
-418.69,23.68,30361
-416.98,22.81,30372
-410.33,23.12,30384
-417.70,24.91,30396
-412.38,27.44,30407
-407.55,29.61,30419
-409.74,31.25,30431
-406.77,31.58,30443
-408.78,30.01,30454
-410.16,28.21,30467
-410.49,26.02,30478
-416.67,23.51,30490
-414.46,22.98,30501
-413.74,23.20,30514
-418.38,24.37,30525
-410.52,27.12,30536
-409.77,29.72,30548
-413.78,30.97,30560
-403.50,31.43,30572
-406.20,30.55,30583
-414.99,27.96,30596
-407.59,25.90,30607
-419.69,24.02,30619
-409.66,22.65,30630
-415.94,23.19,30643
-420.12,24.65,30654
-406.25,26.85,30666
-410.02,29.38,30678
-413.07,31.29,30689
-401.46,31.64,30701
-409.24,30.38,30712
-412.17,28.63,30725
-407.84,25.89,30736
-418.08,23.76,30748
-416.04,23.14,30759
-412.57,23.02,30772
-417.92,24.56,30783
-409.56,27.23,30795
-408.92,29.44,30807
-413.00,31.23,30819
-401.51,31.75,30830
-408.20,30.62,30841
-415.37,28.29,30854
-404.95,26.01,30865
-415.90,23.77,30877
-419.88,22.55,30888
-409.36,23.18,30901
-418.67,24.49,30912
-415.52,26.87,30924
-405.94,29.57,30936
-413.69,31.16,30948
-406.62,31.63,30959
-403.68,30.69,30971
-415.46,28.55,30983
-406.84,25.70,30995
-412.11,23.83,31006
-408.75,22.93,31017
-416.03,22.93,31030
-419.66,24.69,31041
-404.32,27.14,31053
-412.40,29.55,31065
-410.48,31.22,31077
-401.40,31.69,31088
-413.73,30.79,31100
-409.19,28.51,31112
-407.50,26.07,31124
-421.76,23.72,31135
-411.32,22.51,31148
-412.61,23.05,31159
-423.47,24.69,31170
-405.69,27.08,31182
-408.48,29.68,31194
-417.17,31.37,31206
-399.64,31.68,31217
-407.64,30.51,31229
-416.33,28.46,31241
-404.59,25.66,31253
-416.38,23.79,31264
-419.28,22.92,31277
-408.54,23.02,31288
-419.13,24.67,31300
-414.79,26.97,31311
-405.26,29.46,31323
-412.38,31.13,31335
-406.03,31.76,31346
-405.80,30.59,31358
-413.40,28.33,31370
-406.37,26.10,31382
-412.91,23.73,31393
-410.83,22.84,31406
-418.28,23.27,31417
-416.41,24.49,31429
-406.31,27.06,31440
-414.95,29.52,31453
-406.70,31.13,31464
-401.25,31.79,31475
-416.03,30.85,31488
-407.84,28.44,31499
-407.04,25.81,31511
-422.70,23.93,31522
-412.15,22.56,31535
-410.80,22.90,31546
-423.35,24.81,31558
-407.84,26.91,31569
-406.23,29.42,31582
-416.41,31.28,31593
-402.45,31.61,31605
-405.39,30.79,31617
-415.03,28.71,31628
-408.10,25.86,31640
-414.20,23.66,31651
-418.23,22.78,31664
-413.42,22.98,31675
-416.61,24.56,31687
-411.64,27.14,31698
-408.72,29.33,31711
-412.38,31.25,31722
-404.89,31.68,31734
-407.88,30.60,31746
-413.33,28.60,31758
-404.38,26.02,31769
-413.96,23.87,31780
-420.71,22.75,31793
-417.18,23.18,31804
-418.83,24.51,31816
-403.76,26.64,31827
-413.08,29.30,31840
-412.29,30.90,31851
-398.89,31.47,31863
-412.02,30.83,31875
-412.85,28.78,31887
-406.70,26.06,31898
-420.60,24.15,31910
-413.32,22.90,31922
-408.92,22.74,31933
-422.22,24.83,31945
-409.04,26.97,31956
-405.01,29.12,31969
-415.29,31.41,31980
-401.34,31.69,31992
-406.79,30.66,32004
-417.68,28.84,32016
-404.19,26.07,32027
-413.77,23.92,32039
-422.81,22.78,32051
-408.38,23.14,32063
-416.46,24.52,32074
-416.85,26.81,32086
-404.24,29.39,32098
-413.19,31.07,32109
-408.00,31.68,32121
-402.54,30.78,32133
-413.50,28.72,32145
-407.74,26.25,32156
-412.47,24.28,32168
-421.22,22.89,32180
-415.80,22.95,32192
-420.86,24.46,32203
-403.64,26.48,32216
-412.12,29.22,32227
-413.09,31.17,32238
-399.03,31.61,32250
-413.41,30.86,32262
-411.84,28.59,32274
-403.53,25.95,32285
-422.50,24.02,32297
-416.75,22.58,32309
-408.58,22.79,32321
-422.60,24.29,32332
-410.61,26.69,32345
-405.49,29.23,32356
-415.49,31.21,32368
-403.64,31.85,32379
-404.31,30.77,32391
-415.39,28.76,32403
-408.63,26.09,32414
-413.80,23.66,32427
-418.39,22.65,32438
-410.08,22.85,32450
-418.26,24.38,32461
-415.69,26.68,32474
-405.80,29.13,32485
-412.31,31.03,32497
-406.61,31.68,32508
-403.73,31.00,32521
-414.79,28.81,32532
-408.10,26.12,32543
-410.36,23.92,32556
-421.35,22.85,32567
-412.20,22.94,32579
-419.21,24.47,32590
-406.44,26.83,32603
-410.04,29.14,32614
-413.04,31.19,32626
-402.88,31.79,32637
-409.40,30.85,32650
-411.60,29.06,32661
-409.94,26.09,32673
-418.42,23.90,32685
-412.27,22.57,32696
-414.21,22.68,32708
-420.22,24.50,32719
-407.71,26.73,32732
-410.96,29.23,32743
-412.32,31.01,32755
-401.10,31.58,32766
-411.45,30.85,32779
-411.55,28.81,32790
-404.28,26.35,32802
-419.67,24.21,32814
-415.30,22.73,32826
-410.23,22.84,32837
-424.34,24.53,32848
-409.58,26.52,32861
-406.24,29.28,32872
-418.95,31.52,32884
-401.57,31.41,32896
-404.74,31.04,32908
-417.69,29.13,32919
-403.71,25.94,32931
-412.85,24.32,32943
-421.91,22.70,32955
-407.67,22.53,32966
-418.81,24.28,32978
-404.77,26.33,32990
-414.09,29.18,33001
-409.49,31.20,33013
-401.49,31.63,33025
-413.69,30.93,33037
-409.15,29.01,33048
-408.36,26.46,33060
-420.35,24.19,33072
-411.26,22.88,33084
-412.74,22.64,33095
-421.01,23.95,33107
-407.76,26.49,33119
-409.78,28.85,33131
-413.35,31.01,33142
-400.26,31.90,33154
-409.64,30.87,33166
-414.54,29.07,33177
-403.53,26.52,33189
-417.91,24.09,33201
-419.35,23.00,33213
-405.94,22.88,33224
-421.26,24.23,33236
-416.52,26.51,33248
-401.72,28.82,33260
-415.71,31.11,33271
-409.35,32.00,33284
-399.26,30.90,33295
-415.27,29.10,33307
-410.70,26.24,33318
-407.44,23.78,33330
-421.92,23.06,33342
-415.17,22.46,33353
-412.36,23.76,33366
-407.85,26.95,33377
-408.51,28.63,33389
-414.37,31.54,33400
-402.60,32.20,33413
-404.17,31.18,33424
-413.85,29.40,33436
-411.57,26.00,33447
-417.46,23.65,33459
-416.71,21.98,33471
-410.20,22.16,33482
-418.16,24.49,33495
-415.02,26.92,33506
-407.29,29.51,33518
-410.46,31.40,33529
-401.54,32.07,33542
-408.08,30.99,33553
-420.22,28.72,33565
-402.10,25.82,33576
-410.34,23.81,33589
-425.21,22.73,33600
-410.02,22.77,33611
-417.45,24.51,33624
-415.55,26.15,33635
-399.22,28.93,33647
-416.02,31.17,33658
-415.23,31.24,33671
-396.22,31.29,33682
-411.06,29.20,33694
-411.57,26.57,33705
-412.94,24.31,33718
-421.26,22.58,33729
-406.51,22.26,33741
-416.71,24.09,33753
-405.80,26.46,33764
-412.83,29.13,33776
-407.75,31.16,33787
-399.81,32.08,33800
-418.71,31.15,33811
-407.55,29.06,33823
-404.66,26.10,33835
-421.02,23.70,33847
-411.89,22.76,33858
-416.67,22.88,33870
-420.70,24.23,33882
-402.33,26.57,33894
-411.28,29.15,33905
-417.15,31.37,33917
-400.63,31.38,33929
-407.60,30.90,33940
-411.84,28.89,33952
-406.08,27.10,33964
-419.35,24.44,33976
-416.30,23.13,33987
-407.65,22.72,33999
-419.36,23.63,34011
-417.77,26.31,34023
-409.18,28.20,34034
-409.35,31.24,34046
-406.91,32.21,34058
-405.87,31.27,34070
-412.56,29.76,34081
-408.49,26.31,34093
-409.61,23.80,34105
-417.97,22.61,34116
-415.51,22.36,34128
-415.11,23.93,34140
-417.29,26.57,34152
-410.33,29.21,34163
-416.02,31.32,34176
-400.86,32.21,34187
-407.23,30.90,34199
-415.32,28.99,34210
-407.21,26.33,34223
-419.87,23.95,34234
-416.67,22.85,34245
-406.92,22.52,34257
-422.66,24.20,34269
-414.04,26.34,34281
-404.37,28.64,34292
-414.51,30.98,34305
-402.99,31.81,34316
-406.65,31.25,34328
-417.85,29.64,34339
-401.13,26.64,34352
-413.99,24.18,34363
-424.36,23.04,34375
-407.56,22.67,34386
-419.87,23.71,34398
-416.15,26.32,34410
-401.39,28.56,34421
-419.23,30.86,34434
-408.62,31.96,34445
-397.23,31.25,34457
-416.16,29.57,34468
-408.37,26.96,34481
-407.02,24.23,34492
-420.64,22.81,34504
-411.66,22.46,34515
-415.73,23.35,34528
-422.42,25.96,34539
-408.27,28.67,34550
-411.95,31.02,34563
-403.75,32.27,34574
-413.94,31.46,34586
-407.57,29.63,34597
-402.98,27.09,34610
-423.45,24.27,34621
-416.16,22.81,34633
-408.85,22.32,34644
-422.42,23.48,34657
-409.53,26.03,34668
-406.16,28.86,34680
-418.58,30.61,34692
-400.74,31.80,34703
-401.52,31.02,34715
-418.88,29.18,34726
-409.12,27.37,34739
-409.41,24.46,34750
-419.06,23.19,34762
-412.17,22.96,34774
-416.18,23.48,34786
-417.76,25.98,34797
-406.74,28.18,34809
-409.50,30.65,34821
-410.73,31.89,34833
-405.38,31.54,34844
-410.03,29.63,34855
-407.19,27.19,34868
-408.46,24.65,34879
-420.76,22.70,34891
-413.87,22.63,34903
-413.10,23.24,34915
-420.09,25.75,34926
-408.33,28.87,34938
-414.17,30.64,34950
-399.95,32.02,34962
-408.96,31.36,34973
-415.19,29.45,34985
-406.47,27.07,34997
-416.92,24.46,35008
-416.54,23.15,35020
-409.39,22.72,35032
-420.98,23.81,35044
-413.80,25.66,35055
-404.70,28.28,35067
-414.20,30.52,35079
-406.86,31.77,35091
-405.51,31.32,35102
-414.22,29.39,35115
-406.82,27.28,35126
-414.23,24.40,35138
-420.71,22.99,35149
-409.80,22.90,35161
-417.27,23.46,35173
-415.67,26.12,35184
-406.25,28.47,35196
-416.94,30.38,35208
-407.01,32.06,35220
-398.86,31.47,35231
-417.25,29.70,35244
-409.90,27.20,35255
-405.57,24.38,35267
-423.62,22.65,35278
-412.61,22.74,35291
-411.73,23.58,35302
-423.88,25.87,35313
-406.10,28.46,35325
-416.18,30.61,35337
-403.88,31.92,35349
-406.92,31.23,35360
-414.47,29.35,35373
-405.25,27.06,35384
-417.24,24.47,35396
-418.97,23.35,35407
-409.21,23.02,35420
-419.08,23.80,35431
-411.91,26.23,35443
-405.86,28.65,35454
-416.17,30.31,35466
-404.73,31.73,35478
-402.92,31.03,35489
-415.86,29.20,35502
-407.78,27.11,35513
-410.26,24.40,35525
-419.50,22.79,35536
-411.40,22.64,35549
-416.91,23.85,35560
-417.48,25.79,35572
-405.91,28.45,35584
-411.05,30.79,35596
-409.42,31.60,35607
-403.90,31.47,35618
-412.55,29.21,35631
-407.62,27.04,35642
-409.24,24.57,35654
-422.11,22.90,35665
-412.12,22.89,35678
-412.77,23.67,35689
-420.53,26.29,35701
-407.53,28.73,35713
-408.61,30.36,35725
-401.19,31.69,35736
-409.16,30.91,35748
-416.16,29.21,35760
-408.43,26.74,35771
-414.32,24.63,35783
-416.96,22.89,35794
-414.11,22.93,35807
-417.76,24.10,35818
-412.20,25.97,35830
-409.81,28.95,35842
-411.17,30.55,35854
-406.33,31.65,35865
-408.38,31.27,35877
-411.07,29.09,35889
-407.71,27.02,35901
-416.72,24.50,35912
-417.05,22.88,35923
-409.92,22.78,35936
-419.75,23.83,35947
-414.41,25.77,35959
-406.22,28.50,35971
-415.35,30.66,35983
-405.65,31.41,35994
-401.91,31.52,36006
-415.53,29.22,36018
-408.05,26.73,36030
-409.01,24.62,36041
-420.89,22.79,36054
-412.26,23.20,36065
-414.49,24.13,36076
-419.31,26.14,36088
-406.04,28.66,36100
-410.01,30.49,36112
-401.45,31.66,36123
-410.35,30.89,36135
-410.86,29.66,36147
-406.28,26.25,36159
-419.52,25.06,36170
-415.40,22.53,36183
-409.80,22.65,36194
-420.52,24.30,36206
-411.65,25.51,36217
-406.98,28.87,36229
-416.14,30.29,36241
-402.92,31.36,36252
-404.08,31.78,36264
-417.60,29.27,36276
-404.72,27.63,36288
-412.97,24.81,36299
-420.76,23.16,36312
-408.66,22.73,36323
-418.66,23.50,36335
-417.70,25.27,36346
-402.03,28.22,36359
-414.29,30.61,36370
-411.43,31.33,36381
-400.39,31.66,36393
-413.02,29.29,36405
-409.20,26.90,36417
-407.95,25.13,36428
-423.79,22.79,36441
-412.67,22.90,36452
-410.98,23.80,36464
-421.47,25.77,36475
-408.21,28.40,36488
-410.02,30.63,36499
-412.97,31.36,36511
-411.48,31.26,36523
-413.51,29.66,36534
-404.35,26.84,36546
-417.92,25.29,36557
-415.52,22.98,36570
-410.12,22.85,36581
-422.02,23.92,36593
-411.54,25.07,36604
-404.98,28.63,36617
-416.07,30.13,36628
-404.75,31.45,36640
-404.67,31.73,36652
-413.88,29.33,36664
-405.74,27.24,36675
-415.22,24.82,36686
-419.70,23.05,36699
-408.98,22.91,36710
-418.19,24.19,36722
-417.27,25.52,36733
-407.23,28.45,36746
-413.18,30.57,36757
-407.16,31.11,36769
-403.86,31.59,36781
-414.13,29.01,36793
-407.91,26.80,36804
-410.57,24.77,36816
-419.58,22.76,36828
-412.28,23.44,36839
-414.81,23.95,36851
-418.03,25.65,36862
-408.06,28.41,36875
-410.41,30.14,36886
-412.16,31.33,36898
