959701.00
2196.00
-403.53,34.24,1134
-398.06,30.00,1135
-411.67,28.62,1147
-408.96,30.38,1160
-411.91,34.12,1171
-409.17,35.74,1183
-396.23,32.95,1195
-405.75,29.49,1207
-417.03,26.75,1218
-414.30,27.42,1230
-414.30,31.73,1242
-410.12,34.07,1253
-397.47,33.74,1265
-402.85,31.07,1276
-414.93,28.74,1289
-411.72,29.84,1300
-410.19,32.96,1312
-411.65,35.46,1324
-404.08,33.91,1336
-397.96,30.07,1347
-410.34,26.41,1359
-416.77,27.12,1371
-412.20,30.77,1383
-414.54,34.49,1394
-407.47,35.37,1405
-395.04,32.15,1418
-405.20,29.43,1429
-415.55,29.22,1441
-410.44,31.53,1453
-413.00,34.29,1465
-411.17,34.05,1476
-397.65,30.55,1488
-404.76,27.41,1500
-414.28,26.94,1512
-413.64,30.45,1523
-413.71,33.87,1536
-411.52,35.94,1547
-399.37,33.07,1558
-408.95,29.60,1570
-413.95,28.86,1582
-414.39,29.74,1594
-411.61,33.10,1605
-406.80,34.17,1617
-399.41,31.25,1629
-407.00,28.17,1641
-417.63,27.39,1652
-412.73,29.19,1665
-412.08,33.93,1676
-408.70,36.20,1688
-397.16,34.04,1699
-400.16,31.34,1711
-413.82,28.23,1723
-414.11,28.19,1734
-412.89,32.01,1746
-413.32,32.90,1758
-404.64,31.98,1770
-401.39,29.94,1781
-409.23,27.07,1794
-417.33,29.61,1805
-411.06,33.77,1817
-408.81,35.81,1828
-406.01,36.20,1841
-397.65,31.05,1852
-404.67,27.41,1863
-418.29,27.50,1875
-412.09,29.53,1887
-412.67,33.47,1899
-413.34,33.76,1910
-397.68,31.16,1923
-402.27,29.02,1934
-411.97,29.87,1946
-410.61,32.13,1957
-410.21,35.91,1970
-400.98,34.98,1981
-399.70,30.91,1993
-412.74,27.48,2004
-417.58,26.20,2016
-411.83,28.96,2028
-410.92,33.18,2039
-407.77,34.81,2052
-397.87,32.92,2063
-402.70,30.30,2075
-416.55,29.44,2086
-410.73,31.20,2099
-410.79,33.96,2110
-413.22,34.66,2122
-397.28,31.63,2134
-403.28,27.83,2145
-421.19,26.76,2157
-412.56,28.45,2168
-411.59,32.72,2181
-412.65,35.84,2192
-401.47,33.99,2204
-400.07,31.06,2215
-412.02,29.29,2228
-411.64,29.11,2239
-411.62,32.75,2251
-414.67,34.33,2263
-406.69,31.72,2275
-399.32,29.09,2286
-406.53,26.54,2297
-417.60,28.08,2310
-414.41,33.16,2321
-411.56,35.79,2333
-395.77,35.73,2344
-402.60,32.49,2357
-418.12,28.34,2368
-409.67,27.92,2380
-414.45,30.64,2392
-414.07,32.70,2404
-402.33,33.30,2415
-401.60,30.54,2427
-410.56,27.31,2439
-413.58,29.08,2450
-413.46,32.04,2462
-411.43,35.48,2473
-404.25,36.60,2486
-395.89,32.09,2497
-406.75,28.67,2509
-418.96,27.64,2521
-413.01,28.48,2533
-410.69,32.69,2544
-412.75,33.93,2556
-398.61,31.24,2568
-402.56,29.83,2580
-417.83,29.10,2591
-410.25,31.22,2603
-409.63,35.71,2615
-414.11,35.42,2626
-399.84,32.60,2638
-399.01,28.54,2650
-414.13,26.09,2662
-416.01,28.08,2673
-413.67,31.97,2685
-412.97,34.29,2697
-405.35,33.73,2709
-398.03,30.46,2720
-414.84,29.41,2733
-410.66,30.28,2744
-411.32,33.34,2755
-411.00,35.11,2767
-398.56,33.05,2779
-403.19,29.01,2791
-418.92,26.60,2802
-411.50,28.01,2814
-413.30,31.27,2826
-413.30,35.62,2838
-399.15,34.25,2849
-398.84,32.01,2862
-414.04,29.01,2873
-410.78,29.06,2885
-412.42,32.34,2896
-414.31,33.76,2908
-402.11,33.34,2920
-400.40,29.82,2931
-409.90,27.03,2944
-416.70,27.34,2955
-412.39,31.20,2967
-412.48,34.65,2978
-406.15,35.89,2991
-399.00,33.30,3002
-402.30,28.83,3014
-414.08,28.95,3025
-412.53,29.56,3038
-411.70,32.59,3049
-414.68,34.02,3060
-403.55,30.00,3073
-400.37,28.83,3084
-413.22,28.01,3096
-413.09,30.26,3107
-413.41,35.26,3120
-402.84,36.11,3131
-396.86,33.54,3143
-409.96,30.56,3154
-415.91,27.66,3167
-410.78,28.34,3178
-413.16,31.85,3190
-411.29,33.13,3202
-399.61,32.19,3213
-403.58,29.88,3225
-414.31,28.01,3236
-411.66,30.46,3249
-411.43,34.02,3260
-410.68,35.99,3272
-399.04,34.76,3283
-399.11,30.02,3296
-414.49,26.83,3307
-417.43,27.44,3319
-410.58,29.82,3331
-414.79,33.75,3343
-406.38,33.87,3354
-398.03,31.32,3365
-407.83,29.39,3378
-413.05,29.63,3389
-409.90,32.59,3401
-413.19,35.19,3412
-408.73,34.04,3425
-397.03,30.27,3436
-404.23,26.93,3448
-418.88,26.66,3460
-414.09,30.00,3472
-412.90,34.10,3483
-412.27,35.24,3495
-399.17,33.45,3507
-413.51,29.95,3518
-412.14,29.37,3530
-410.06,31.14,3542
-415.28,33.62,3554
-405.50,34.40,3565
-398.07,30.57,3577
-410.31,27.25,3589
-417.03,26.82,3601
-414.18,28.93,3612
-411.68,33.77,3624
-406.41,36.51,3636
-397.71,33.86,3648
-402.29,31.20,3659
-415.44,29.06,3671
-412.57,29.04,3683
-410.32,32.59,3694
-414.08,33.89,3706
-403.82,31.20,3718
-399.11,28.88,3730
-415.94,27.29,3741
-414.59,28.82,3753
-409.37,34.13,3765
-414.52,35.69,3777
-402.32,35.08,3788
-394.83,31.45,3800
-412.11,27.45,3812
-415.80,28.62,3823
-412.15,30.60,3835
-414.95,32.95,3847
-407.38,33.33,3859
-399.63,29.95,3870
-406.89,28.24,3883
-412.84,29.11,3894
-412.51,32.55,3906
-410.78,35.32,3917
-400.76,35.37,3930
-399.81,31.35,3941
-411.92,28.15,3952
-416.24,27.78,3964
-412.02,29.22,3976
-413.55,33.64,3988
-405.59,33.72,3999
-397.11,31.47,4012
-409.63,29.48,4023
-414.81,28.62,4035
-409.98,31.67,4046
-412.70,34.85,4059
-408.37,35.50,4070
-396.05,32.03,4082
-405.11,28.11,4093
-417.72,26.61,4105
-412.58,28.34,4117
-411.91,32.94,4128
-412.30,34.80,4141
-399.66,33.67,4152
-398.23,30.40,4164
-413.98,29.03,4175
-412.78,30.06,4188
-409.60,32.94,4199
-415.33,35.12,4211
-403.31,32.24,4222
-396.73,28.84,4235
-411.38,26.77,4246
-417.21,27.25,4257
-410.76,32.58,4270
-415.26,35.13,4281
-407.80,34.72,4293
-405.42,32.13,4304
-414.39,28.59,4317
-410.47,29.22,4328
-414.35,32.04,4340
-411.48,33.56,4352
-400.38,32.60,4364
-404.07,29.63,4375
-413.60,26.35,4387
-415.15,28.45,4399
-412.48,31.97,4410
-410.26,35.90,4422
-403.89,36.70,4433
-395.31,32.47,4446
-408.53,28.70,4457
-417.14,28.08,4469
-411.85,29.33,4481
-412.82,32.73,4493
-413.59,33.55,4504
-396.68,30.54,4516
-404.70,28.70,4528
-415.41,28.94,4540
-410.27,31.02,4551
-411.71,35.40,4562
-410.83,35.54,4575
-398.59,32.41,4586
-401.14,28.75,4598
-413.72,26.75,4610
-417.42,28.94,4622
-412.53,32.12,4633
-411.00,34.22,4645
-405.24,32.30,4657
-398.80,29.59,4669
-408.69,28.62,4680
-408.73,30.18,4692
-411.82,34.15,4704
-410.71,35.72,4715
-395.89,33.19,4727
-403.43,29.88,4739
-417.96,26.68,4751
-411.83,28.03,4762
-416.63,31.43,4774
-413.01,34.23,4786
-395.77,33.09,4798
-401.91,31.06,4809
-414.84,28.86,4822
-413.67,29.47,4833
-411.28,32.92,4845
-410.73,34.59,4856
-404.08,33.59,4868
-401.23,30.22,4880
-411.45,26.88,4891
-417.68,27.43,4903
-410.28,31.19,4915
-412.19,34.26,4927
-409.94,35.32,4938
-396.42,31.95,4951
-404.31,28.89,4962
-414.48,28.97,4974
-411.40,30.88,4985
-414.20,34.11,4998
-411.09,34.29,5009
-398.32,30.57,5020
-402.73,27.75,5032
-417.77,27.48,5044
-414.92,29.33,5056
-412.58,34.38,5067
-409.55,35.69,5080
-398.15,32.83,5091
-407.13,30.27,5103
-414.39,28.23,5114
-411.51,30.06,5127
-412.64,33.11,5138
-409.88,34.36,5150
-397.25,31.85,5161
-406.48,28.54,5173
-416.77,27.59,5185
-413.27,29.42,5196
-411.31,33.85,5209
-408.80,35.96,5220
-397.81,34.12,5232
-401.99,30.04,5243
-414.39,27.73,5256
-414.68,28.13,5267
-412.19,31.39,5279
-412.58,34.17,5291
-403.26,32.96,5303
-399.36,30.42,5314
-410.50,28.28,5325
-415.04,28.86,5338
-409.24,33.07,5349
-413.05,35.29,5361
-407.48,34.19,5372
-396.57,31.04,5385
-406.33,27.24,5396
-416.81,27.67,5408
-411.93,31.23,5420
-415.31,33.54,5432
-410.60,34.41,5443
-397.68,31.22,5454
-402.73,28.15,5467
-415.18,28.88,5478
-412.97,31.52,5490
-409.21,34.65,5501
-402.10,35.54,5514
-401.17,31.27,5525
-410.70,27.68,5537
-415.96,27.73,5549
-412.59,29.25,5561
-413.61,33.79,5572
-407.87,35.51,5584
-396.61,31.90,5596
-404.12,29.91,5607
-417.75,28.42,5619
-412.59,29.76,5630
-411.93,34.43,5643
-410.29,34.24,5654
-398.30,32.09,5666
-403.45,28.70,5678
-418.67,27.15,5690
-413.56,29.13,5701
-411.42,33.15,5713
-413.09,35.25,5725
-401.39,33.55,5737
-398.31,30.50,5748
-413.86,28.31,5760
-414.69,29.33,5772
-411.29,32.46,5783
-413.55,34.49,5795
-406.44,32.98,5807
-397.77,29.36,5819
-408.91,27.34,5830
-417.39,28.52,5842
-411.74,32.24,5854
-412.00,35.73,5866
-397.82,34.70,5877
-400.21,31.38,5890
-416.72,28.42,5901
-414.06,27.97,5912
-411.81,31.20,5924
-413.23,33.78,5936
-401.65,33.54,5948
-398.44,31.13,5959
-414.53,28.10,5971
-414.15,28.93,5983
-409.06,31.87,5995
-414.51,35.05,6006
-406.03,35.25,6019
-395.77,32.07,6030
-409.89,28.12,6042
-415.93,27.71,6053
-410.99,29.89,6065
-416.53,32.85,6077
-409.81,34.78,6088
-397.10,31.74,6100
-403.49,28.81,6112
-416.31,28.89,6124
-412.48,30.19,6135
-413.10,34.40,6148
-411.73,35.55,6159
-399.85,32.35,6171
-400.22,29.18,6182
-414.09,27.20,6195
-416.22,28.35,6206
-411.74,32.64,6217
-412.43,34.48,6230
-407.05,32.82,6241
-397.66,29.94,6253
23.42,28.21,6264
-414.44,29.45,6277
-408.93,33.50,6299
-397.20,34.96,6310
-405.05,33.10,6322
-417.54,29.91,6333
-413.05,26.65,6345
-412.32,28.08,6356
-411.29,32.12,6368
-400.55,34.63,6379
-400.00,34.57,6390
-411.89,31.14,6402
-413.23,28.29,6413
-412.66,29.24,6425
-413.55,31.63,6436
-404.11,34.46,6448
-398.59,33.82,6459
-408.18,30.14,6470
-417.13,27.35,6481
-415.77,27.78,6493
-412.11,30.75,6504
-407.02,34.47,6516
-396.68,35.32,6528
-402.98,32.09,6539
-414.61,29.70,6550
-412.13,28.40,6561
-411.30,30.60,6573
-413.59,33.51,6584
-401.58,34.07,6595
-399.89,31.68,6607
-413.59,28.14,6619
-414.97,28.14,6630
-409.24,30.67,6641
-411.99,34.28,6652
-403.37,36.18,6664
-393.89,32.96,6675
-408.77,29.35,6687
-417.72,27.27,6699
-409.82,28.76,6711
-413.14,32.11,6722
-408.81,34.88,6734
-396.62,32.65,6746
-404.45,30.20,6758
-416.07,28.71,6769
-409.88,29.62,6781
-411.71,33.80,6793
-411.88,35.41,6805
-396.81,33.24,6816
-403.36,29.81,6828
-413.30,26.64,6840
-413.77,27.90,6851
-413.94,32.20,6863
-413.91,34.86,6875
-402.13,34.22,6887
-396.86,31.08,6898
-407.50,28.06,6910
-416.11,28.99,6922
-413.21,31.96,6934
-412.39,34.69,6945
-405.64,34.18,6958
-397.83,30.18,6969
-406.50,27.41,6980
-416.91,27.52,6992
-412.62,31.32,7004
-413.70,34.60,7016
-410.99,35.33,7027
-398.05,31.89,7040
-415.51,28.37,7051
-414.76,28.54,7063
-412.70,30.15,7074
-414.39,33.76,7087
-402.55,34.61,7098
-398.73,30.90,7110
-412.71,28.02,7121
-415.56,27.41,7133
-412.83,30.12,7145
-413.87,34.43,7156
-406.11,35.99,7169
-398.71,32.58,7180
-405.76,29.26,7192
-414.72,27.62,7203
-415.14,29.02,7216
-414.87,33.40,7227
-409.08,34.37,7239
-400.67,32.58,7250
-398.96,29.34,7263
-414.56,27.43,7274
-418.14,29.95,7285
-411.07,33.29,7298
-408.88,35.68,7309
-403.87,33.69,7321
-397.07,29.86,7332
-411.30,27.89,7345
-415.39,28.20,7356
-410.11,32.38,7368
-412.23,34.76,7379
-409.74,33.15,7392
-396.04,30.21,7403
-405.13,27.56,7415
-416.16,29.17,7427
-411.54,32.59,7438
-409.27,35.53,7450
-396.14,34.67,7461
-402.76,30.76,7474
-414.86,27.63,7485
-414.20,27.69,7497
-410.90,31.08,7508
-411.26,34.06,7521
-402.51,34.56,7532
-397.94,31.48,7544
-410.83,28.24,7556
-414.69,28.77,7568
-409.79,31.38,7579
-412.77,34.53,7590
-406.88,34.88,7603
-395.58,31.42,7614
-407.24,27.80,7626
-419.21,27.72,7638
-410.40,30.07,7650
-412.26,33.80,7661
-409.79,35.11,7673
-398.45,32.14,7685
-402.99,29.04,7697
-413.82,28.52,7708
-412.22,30.37,7719
-412.16,34.04,7732
-412.18,35.59,7743
-402.74,31.61,7755
-397.67,28.87,7767
-412.87,26.75,7779
-419.62,28.61,7790
-409.39,33.43,7802
-411.33,35.24,7814
-406.66,33.77,7826
-408.57,30.80,7837
-416.67,28.13,7849
-409.94,29.37,7861
-413.02,32.56,7873
-410.35,34.39,7884
-397.81,32.86,7896
-403.38,29.67,7908
-416.23,27.13,7919
-414.13,28.81,7931
-410.77,32.30,7943
-412.08,34.89,7955
-401.92,34.40,7966
-400.08,30.50,7979
-412.69,28.01,7990
-415.86,28.58,8002
-410.81,31.50,8013
-413.36,34.57,8025
-405.50,33.89,8037
-397.76,30.51,8048
-408.70,27.79,8060
-418.00,27.91,8072
-410.09,31.47,8084
-413.19,34.87,8095
-408.25,35.43,8108
-396.82,31.92,8119
-403.95,28.62,8131
-417.90,27.86,8142
-412.02,30.24,8155
-412.54,33.35,8166
-411.75,34.30,8177
-402.03,31.88,8189
-399.83,28.52,8201
-413.42,28.60,8213
-413.13,30.69,8224
-414.37,33.92,8237
-403.61,35.84,8248
-397.07,32.10,8260
-409.52,28.81,8271
-416.84,27.86,8284
-412.38,28.51,8295
-412.28,33.06,8307
-407.23,34.72,8318
-399.87,32.47,8330
-406.74,30.01,8342
-413.89,28.16,8353
-411.22,29.53,8366
-412.44,34.00,8377
-410.59,35.53,8389
-401.38,33.40,8400
-399.58,29.91,8413
-415.74,26.66,8424
-415.89,27.96,8436
-411.54,32.17,8448
-413.08,34.39,8460
-403.68,34.72,8471
-395.38,31.36,8482
-410.56,28.54,8495
-414.92,29.59,8506
-409.59,31.92,8518
-412.90,34.33,8529
-408.06,33.74,8542
-399.23,29.73,8553
-406.73,27.54,8565
-416.68,28.08,8577
-410.10,31.64,8589
-411.89,35.58,8600
-411.45,35.59,8612
-399.23,32.22,8624
-414.98,28.65,8635
-414.32,28.12,8647
-412.35,30.08,8658
-413.73,33.64,8671
-404.21,34.19,8682
-398.86,31.43,8694
-410.15,28.62,8706
-415.62,28.06,8718
-411.27,31.09,8729
-412.37,34.23,8741
-407.25,35.94,8753
-397.45,32.55,8765
-403.33,28.44,8776
-418.84,27.63,8787
-413.07,28.50,8800
-411.00,32.79,8811
-413.82,34.89,8823
-398.93,32.81,8835
-398.45,29.96,8847
-417.54,28.36,8858
-413.05,29.84,8870
-410.68,33.55,8882
-414.97,35.45,8894
-403.97,33.11,8905
-396.65,29.96,8918
-414.10,27.38,8929
-415.69,28.32,8940
-411.33,32.34,8952
-414.53,34.71,8964
-407.42,33.41,8976
-396.81,30.85,8987
-405.25,28.01,8999
-416.88,28.84,9011
-410.63,32.53,9023
-412.89,34.46,9034
-398.57,34.06,9047
-400.45,30.68,9058
-416.77,27.35,9070
-414.00,28.32,9081
-409.06,31.26,9093
-414.55,34.42,9105
-403.82,34.98,9116
-397.20,31.67,9128
-412.74,28.24,9140
-414.75,28.53,9152
-410.32,30.83,9163
-415.24,33.89,9176
-408.05,35.25,9187
-396.01,30.93,9199
-405.65,28.27,9210
-419.54,27.62,9223
-413.73,29.32,9234
-412.38,34.29,9245
-409.19,34.76,9257
-399.00,32.74,9269
-403.77,29.88,9281
-415.35,27.84,9292
-410.55,29.82,9305
-412.03,33.21,9316
-414.33,34.58,9328
-406.02,32.02,9339
-398.28,29.38,9352
-409.04,27.72,9363
-415.70,29.54,9375
-415.68,33.51,9387
-411.99,35.00,9398
-397.56,33.36,9410
-407.02,29.88,9421
-420.16,27.67,9434
-413.47,28.78,9445
-407.88,32.26,9457
-413.11,34.93,9468
-401.98,33.47,9481
-401.62,29.94,9492
-416.16,27.81,9504
-412.02,28.30,9516
-411.48,32.23,9528
-418.31,35.01,9539
-399.28,34.36,9550
-392.64,31.21,9563
-415.45,28.22,9574
-417.97,28.10,9586
-412.62,31.26,9597
-413.69,34.20,9610
-404.75,34.31,9621
-397.79,31.80,9633
-409.70,28.27,9645
-416.92,28.27,9657
-409.79,30.92,9668
-410.76,33.71,9680
-412.90,34.76,9692
-400.46,31.44,9703
-399.18,28.07,9715
-413.15,28.24,9726
-414.26,30.39,9739
-411.98,34.38,9750
-412.62,35.49,9762
-398.73,32.15,9774
-396.19,29.03,9786
-414.57,27.68,9797
-412.05,29.01,9809
-412.45,33.20,9821
-404.29,35.06,9833
-398.82,32.80,9844
-408.42,30.15,9856
-413.31,28.17,9868
-410.93,29.14,9879
-414.75,33.36,9891
-412.30,34.61,9903
-398.00,32.51,9915
-401.00,29.65,9926
-413.78,27.34,9938
-414.60,29.12,9950
-414.87,33.38,9962
-410.49,35.20,9973
-397.79,34.20,9986
-399.41,30.34,9997
-415.11,27.39,10008
-416.76,28.40,10020
-411.56,31.57,10032
-410.97,34.85,10044
-405.73,33.87,10055
-403.27,30.65,10067
-405.68,27.82,10079
-413.23,28.20,10091
-414.27,31.82,10102
-412.80,34.70,10115
-410.07,34.73,10126
-398.22,31.03,10138
-399.15,28.15,10149
-416.68,28.01,10161
-416.92,30.80,10173
-412.27,33.56,10184
-399.50,34.25,10196
-402.64,31.57,10208
-415.81,28.26,10220
-412.35,28.91,10231
-408.66,30.63,10244
-412.85,34.46,10255
-408.21,35.35,10267
-398.77,31.40,10278
-406.41,28.35,10291
-415.59,27.45,10302
-413.73,29.73,10313
-413.58,34.15,10326
-407.84,35.22,10337
-395.10,32.77,10349
-404.54,29.51,10360
-418.66,27.98,10373
-413.31,29.45,10384
-409.31,33.39,10396
-411.03,35.01,10407
-403.68,32.65,10420
-398.86,29.67,10431
-412.73,27.45,10443
-414.47,28.91,10455
-411.99,33.17,10466
-414.51,34.65,10478
-405.76,33.76,10489
-395.32,30.51,10502
-408.68,28.14,10513
-419.66,29.49,10525
-410.17,32.22,10536
-410.75,34.54,10549
-409.70,33.41,10560
-396.56,29.73,10572
-417.69,27.84,10584
-407.91,28.20,10596
-412.26,32.02,10607
-415.78,35.26,10618
-397.03,34.57,10631
-399.43,31.65,10642
-415.54,28.12,10654
-410.12,28.50,10665
-415.42,30.42,10678
-415.79,33.75,10689
-399.06,33.82,10701
-398.39,30.92,10713
-413.56,28.77,10725
-414.63,28.66,10736
-410.43,31.35,10747
-410.72,34.22,10760
-405.91,35.58,10771
-399.03,31.45,10783
-406.74,28.35,10795
-416.62,27.69,10807
-407.47,29.32,10818
-413.57,33.99,10830
-415.92,35.31,10842
-396.46,32.48,10854
-398.02,29.74,10865
-414.69,28.20,10877
-413.30,29.87,10889
-414.67,33.36,10900
-413.71,34.98,10912
-399.29,32.51,10924
-400.03,30.01,10936
-413.82,27.37,10947
-414.88,29.08,10959
-411.17,32.99,10971
-409.64,34.50,10983
-398.88,33.85,10994
-403.34,30.43,11006
-416.80,28.09,11018
-410.56,29.29,11030
-412.92,32.18,11041
-415.01,34.73,11053
-397.56,33.49,11065
-400.31,30.18,11076
-417.13,27.90,11088
-413.97,28.57,11100
-410.94,32.28,11112
-414.13,35.06,11123
-400.20,34.58,11136
-397.94,31.34,11147
-413.36,28.10,11159
-415.57,28.20,11170
-409.62,30.95,11183
-413.90,34.08,11194
-410.44,34.53,11205
-397.86,31.23,11217
-402.71,28.43,11229
-417.21,28.00,11241
-412.14,30.93,11252
-413.88,34.21,11265
-413.87,34.85,11276
-395.67,32.57,11288
-399.18,28.69,11299
-418.93,28.49,11312
-413.37,29.96,11323
-409.55,33.14,11335
-414.15,34.84,11346
-402.00,31.59,11358
-412.39,29.21,11370
-413.29,28.22,11381
-410.14,29.62,11394
-415.21,33.92,11405
-407.69,35.69,11417
-396.78,32.60,11428
-403.83,29.38,11441
-418.89,27.47,11452
-415.05,28.19,11464
-412.44,32.99,11475
-409.93,34.62,11488
-397.20,33.30,11499
-402.89,30.48,11510
-417.65,27.86,11523
-409.87,28.76,11534
-410.64,32.75,11546
-415.87,34.72,11557
-403.51,34.01,11570
-398.34,30.91,11581
-411.01,27.51,11593
-414.60,28.68,11604
-412.91,31.69,11617
-412.10,34.40,11628
-405.39,34.04,11640
-394.89,30.93,11652
-407.56,27.73,11663
-417.10,28.40,11675
-412.61,31.26,11686
-410.70,34.58,11699
-409.13,34.60,11710
-402.41,31.25,11722
-399.34,28.11,11734
-413.51,27.88,11746
-414.56,30.45,11757
-413.53,34.50,11769
-402.90,34.57,11781
-393.39,32.41,11793
-413.43,28.85,11804
-418.73,28.54,11815
-409.52,30.72,11828
-411.31,33.69,11839
-407.12,35.33,11851
-398.60,31.88,11863
-406.51,28.72,11875
-417.03,27.37,11886
-411.46,29.03,11898
-410.84,33.36,11910
-413.00,35.22,11922
-398.65,33.16,11933
-397.13,30.35,11945
-415.07,28.28,11957
-417.31,29.39,11968
-408.02,33.00,11980
-412.03,34.64,11992
-403.55,32.78,12004
-396.87,29.64,12015
-414.73,27.29,12027
-419.01,28.56,12039
-406.67,32.78,12051
-413.34,35.15,12062
-408.41,34.29,12075
-397.23,31.08,12086
-403.25,28.21,12098
-417.30,28.65,12109
-412.82,31.72,12121
-411.84,34.14,12133
-411.16,33.57,12144
-399.91,30.51,12156
-420.24,27.73,12168
-412.78,28.41,12180
-409.95,31.72,12191
-411.45,35.01,12204
-402.67,35.09,12215
-397.76,31.63,12227
-413.59,28.12,12238
-414.44,27.82,12251
-411.16,30.45,12262
-415.72,33.98,12273
-406.16,34.80,12285
-394.96,31.61,12297
-406.72,28.77,12309
-417.85,27.91,12320
-413.91,30.43,12333
-411.27,33.88,12344
-407.27,35.44,12356
-399.66,32.27,12367
-403.55,28.62,12380
-415.25,27.82,12391
-413.73,29.03,12403
-410.47,33.46,12414
-413.04,34.98,12426
-403.36,32.46,12438
-397.86,29.51,12449
-410.69,27.96,12462
-416.67,29.33,12473
-412.31,33.55,12485
-413.57,35.25,12496
-404.39,32.99,12509
-394.09,29.98,12520
-410.98,27.30,12532
-418.34,28.36,12544
-414.08,32.20,12556
-409.98,34.35,12567
-399.27,33.62,12578
-405.96,30.69,12591
-414.73,26.93,12602
-410.26,30.47,12614
-413.12,31.43,12625
-413.00,35.90,12638
-402.98,34.51,12649
-393.33,29.70,12661
-416.43,28.39,12673
-417.68,27.18,12685
-408.15,31.02,12696
-417.64,34.27,12708
-402.46,34.08,12720
-395.72,31.45,12731
-413.61,28.81,12743
-413.78,28.49,12754
-406.93,31.78,12767
-417.33,34.41,12778
-406.93,34.65,12790
-398.38,31.18,12802
-407.39,27.17,12814
-412.78,27.22,12825
-415.19,29.98,12837
-414.29,34.03,12849
-412.40,35.74,12861
-397.61,32.70,12872
-397.53,29.20,12883
-415.34,28.35,12896
-416.82,29.39,12907
-409.85,33.24,12919
-412.54,34.68,12931
-399.04,31.73,12943
-414.99,29.28,12954
-410.01,27.38,12966
-410.10,29.39,12978
-418.04,33.92,12990
-405.35,35.39,13001
-398.44,33.47,13014
-403.58,29.87,13025
-414.38,27.66,13036
-417.39,28.61,13048
-412.35,32.53,13060
-408.71,34.58,13072
-400.37,33.54,13083
-401.42,30.57,13095
-415.93,27.88,13107
-413.06,29.08,13119
-407.38,32.37,13130
-413.96,35.03,13143
-405.26,34.04,13154
-398.48,30.50,13165
-408.48,27.30,13177
-413.26,28.03,13189
-413.48,31.57,13201
-416.82,34.21,13212
-405.94,34.66,13224
-393.69,31.21,13236
-405.68,28.48,13248
-418.79,28.80,13259
-413.37,30.95,13272
-408.16,34.42,13283
-409.79,34.89,13295
-401.84,31.65,13306
-402.22,28.29,13318
-414.07,28.11,13330
-408.92,30.16,13341
-415.75,34.24,13353
-406.56,35.08,13365
-394.25,31.68,13377
-408.06,29.25,13388
-417.59,27.87,13401
-413.78,30.46,13412
-411.70,33.81,13424
-406.30,34.99,13435
-395.59,32.38,13448
-406.56,28.87,13459
-419.20,27.63,13471
-410.92,29.00,13483
-410.18,32.76,13494
-412.50,35.35,13506
-399.53,32.66,13517
-398.75,30.52,13530
-413.91,27.93,13541
-415.67,28.92,13553
-406.45,33.06,13564
-418.41,34.34,13577
-401.37,33.86,13588
-395.51,29.40,13600
-416.14,27.66,13612
-412.63,28.37,13623
-410.05,32.04,13635
-416.87,35.29,13646
-404.76,33.78,13659
-398.50,31.45,13670
-405.94,27.38,13682
-413.63,28.87,13693
-414.86,30.70,13706
-412.32,34.48,13717
-400.62,34.11,13729
-399.09,30.35,13741
-419.59,28.29,13753
-412.93,27.55,13764
-409.19,31.74,13775
-414.39,34.62,13788
-403.46,35.54,13799
-394.16,32.36,13811
-415.01,28.48,13822
-413.58,28.14,13835
-409.70,29.45,13846
-419.17,33.40,13858
-405.04,34.60,13870
-398.57,31.91,13882
-407.70,29.20,13893
-412.15,28.33,13905
-414.63,30.17,13917
-412.01,33.96,13928
-409.73,35.19,13940
-397.20,32.09,13952
-400.93,29.26,13964
-418.74,27.63,13975
-412.40,28.82,13987
-409.76,33.17,13999
-412.77,35.09,14011
-401.64,33.22,14022
-399.02,30.38,14034
-411.67,28.04,14046
-411.47,29.25,14058
-411.69,33.19,14069
-416.01,35.00,14081
-403.95,33.24,14093
-396.30,29.96,14104
-407.18,26.89,14116
-413.72,28.42,14128
-411.23,32.15,14140
-408.52,34.97,14151
-400.45,34.85,14163
-402.88,31.04,14175
-415.67,28.21,14187
-411.75,28.52,14198
-410.78,31.64,14211
-416.04,34.25,14222
-404.17,34.10,14233
-395.04,30.53,14245
-412.33,27.76,14257
-415.90,28.47,14269
-413.44,31.06,14280
-414.69,34.76,14292
-403.44,34.90,14304
-394.61,31.78,14316
-409.42,28.76,14327
-418.08,28.20,14340
-410.38,30.62,14351
-410.31,33.59,14363
-411.75,34.46,14374
-400.11,31.08,14386
-402.72,28.04,14398
-416.46,27.69,14409
-411.95,29.75,14422
-410.78,34.38,14433
-414.82,35.78,14445
-400.03,32.84,14456
-396.00,29.65,14469
-413.77,27.57,14480
-417.90,28.88,14492
-409.05,32.48,14503
-408.08,34.35,14516
-397.06,32.23,14527
-408.11,29.44,14538
-417.89,28.35,14551
-409.19,29.19,14562
-412.33,33.77,14574
-413.40,35.45,14585
-395.93,33.62,14598
-400.05,30.95,14609
-419.47,27.20,14621
-410.63,28.60,14632
-412.94,31.28,14645
-413.65,33.99,14656
-400.93,33.53,14668
-397.73,30.42,14680
-413.10,28.74,14691
-413.62,29.11,14703
-407.99,33.03,14714
-413.36,35.13,14727
-407.06,34.76,14738
-395.60,31.00,14750
-406.49,27.11,14761
-418.50,27.28,14774
-412.12,29.88,14785
-414.86,33.39,14797
-411.63,34.66,14809
-396.36,31.90,14821
-402.46,29.42,14832
-416.65,28.95,14843
-412.38,31.40,14856
-411.15,34.14,14867
-412.16,34.78,14879
-403.19,30.95,14891
-400.44,27.51,14903
-417.03,26.62,14914
-411.59,29.03,14926
-412.64,33.80,14938
-407.41,35.76,14950
-394.57,33.31,14961
-407.73,30.49,14973
-415.85,28.68,14985
-410.46,29.69,14996
-414.16,33.30,15008
-410.58,34.15,15020
-397.64,31.31,15032
-404.49,28.46,15043
-415.78,26.75,15055
-413.89,28.85,15067
-413.39,33.53,15079
-409.32,36.08,15090
-399.81,34.92,15102
-399.73,31.16,15114
-410.78,28.15,15126
-415.31,28.53,15137
-410.47,31.43,15149
-412.60,33.60,15161
-409.05,32.77,15172
-397.75,29.50,15184
-405.65,27.95,15196
-418.90,28.99,15208
-412.17,32.90,15219
-410.73,36.16,15232
-408.98,35.27,15243
-393.66,31.52,15255
-403.60,28.22,15266
-418.59,27.29,15279
-412.02,30.01,15290
-413.94,33.06,15301
-400.86,33.45,15313
-401.39,31.29,15325
-412.11,28.62,15337
-411.63,29.13,15348
-411.86,32.00,15361
-414.49,34.92,15372
-402.07,35.57,15384
-395.76,31.95,15395
-411.40,27.48,15408
-417.83,27.12,15419
-413.27,28.60,15431
-413.27,32.26,15442
-407.72,35.41,15454
-399.11,32.26,15466
-406.35,29.96,15477
-413.38,29.22,15490
-408.32,29.90,15501
-413.89,34.54,15513
-414.08,34.93,15524
-399.53,32.12,15537
-399.75,28.83,15548
-414.19,26.25,15560
-415.81,28.10,15571
-413.85,32.61,15584
-413.20,34.97,15595
-401.79,33.97,15606
-398.07,31.57,15619
-412.87,28.40,15630
-413.67,29.32,15642
-408.67,32.59,15653
-413.54,33.90,15666
-411.61,32.99,15677
-404.79,29.45,15689
-414.17,26.95,15700
-413.11,28.87,15713
-414.83,32.28,15724
-412.08,35.34,15736
-397.53,35.30,15748
-398.19,31.31,15759
-416.93,28.75,15771
-415.48,28.12,15782
-410.44,30.82,15795
-412.64,33.84,15806
-404.33,33.89,15818
-400.10,30.86,15830
-412.87,27.94,15842
-414.31,28.03,15853
-408.12,30.86,15865
-417.00,34.95,15877
-408.34,35.31,15888
-394.08,32.32,15900
-404.33,28.89,15911
-418.12,27.56,15924
-414.42,29.78,15935
-414.88,32.71,15947
-409.04,34.20,15959
-399.17,32.09,15971
-401.61,29.18,15982
-415.72,28.69,15994
-414.12,30.29,16006
-407.38,33.91,16018
-413.52,35.49,16029
-406.66,32.78,16040
-396.13,28.87,16053
-409.81,27.53,16064
-414.37,28.30,16076
-416.39,32.52,16088
-408.03,34.68,16100
-393.65,32.97,16111
-406.55,30.38,16123
-417.61,28.37,16135
-410.90,29.16,16147
-411.01,32.91,16158
-409.13,34.96,16171
-399.57,33.33,16182
-403.51,30.44,16193
-414.36,27.18,16205
-412.23,27.71,16217
-413.16,31.49,16229
-415.28,33.59,16240
-406.65,34.18,16252
-394.43,31.71,16264
-407.53,28.72,16276
-416.38,29.72,16287
-413.04,32.02,16300
-412.04,33.88,16311
-407.63,33.93,16323
-397.00,30.46,16334
-407.69,27.07,16346
-419.59,27.66,16358
-411.64,30.12,16369
-411.60,34.00,16381
-412.46,36.14,16393
-400.10,32.33,16405
-400.09,29.63,16416
-412.60,28.38,16429
-412.22,29.35,16440
-413.93,33.75,16452
-416.21,33.79,16463
-395.85,31.09,16476
-412.50,28.83,16487
-417.87,27.06,16498
-411.61,29.79,16510
-411.83,33.83,16522
-405.84,35.63,16534
-398.17,33.63,16545
-407.38,30.27,16558
-414.23,27.78,16569
-410.54,28.82,16581
-415.50,32.57,16592
-413.36,33.98,16605
-399.39,32.70,16616
-400.84,29.52,16628
-414.29,27.73,16640
-414.91,29.65,16651
-413.44,33.07,16663
-408.45,36.00,16674
-400.09,34.40,16687
-399.58,30.42,16698
-412.12,27.77,16710
-417.95,27.41,16721
-410.25,31.16,16734
-409.56,34.21,16745
-411.09,33.51,16757
-397.07,30.70,16769
-404.90,28.01,16781
-415.82,28.52,16792
-410.96,32.65,16803
-414.12,35.14,16816
-411.15,35.11,16827
-394.23,31.80,16839
-400.82,27.68,16850
-416.49,28.11,16863
-413.33,30.50,16874
-411.86,33.25,16886
-399.06,34.92,16898
-403.70,31.38,16910
-412.41,28.45,16921
-411.13,28.86,16933
-412.75,30.52,16945
-410.90,34.75,16956
-406.66,35.84,16968
-396.79,31.58,16979
-405.56,28.57,16992
-416.49,26.93,17003
-415.46,28.61,17015
-412.41,33.25,17027
-408.70,34.64,17039
-396.21,32.75,17050
-402.72,30.40,17062
-416.84,28.68,17074
-412.98,29.84,17086
-408.27,33.62,17097
-412.28,34.49,17108
-405.03,32.25,17121
-401.56,29.37,17132
-409.99,26.64,17144
-414.23,28.89,17156
-414.70,32.76,17168
-415.34,34.51,17179
-404.14,34.21,17191
-394.27,30.09,17203
-407.92,28.41,17215
-419.56,29.25,17226
-411.61,32.05,17239
-411.45,35.15,17250
-399.52,33.50,17261
-407.44,30.17,17273
-415.98,27.36,17285
-410.52,27.59,17297
-412.70,31.68,17308
-413.95,34.96,17320
-400.39,34.98,17332
-398.92,31.95,17344
-410.89,28.40,17355
-415.78,28.23,17368
-414.93,30.83,17379
-412.70,33.35,17391
-403.50,34.02,17402
-399.35,31.12,17414
-410.62,27.82,17426
-415.96,28.50,17437
-410.36,31.02,17449
-411.33,34.22,17461
-408.70,36.07,17473
-399.29,32.02,17484
-403.62,28.60,17497
-414.72,27.94,17508
-411.48,29.06,17520
-415.12,33.54,17531
-412.84,34.74,17544
-399.28,31.93,17555
-399.99,29.03,17566
-413.93,27.90,17579
-415.50,29.58,17590
-411.08,34.17,17602
-409.70,35.42,17613
-404.07,33.18,17626
-398.54,30.00,17637
-409.24,27.11,17649
-411.66,28.49,17660
-413.24,32.68,17673
-411.77,34.52,17684
-397.50,33.37,17696
-402.81,30.11,17708
-415.55,27.97,17719
-413.47,29.73,17731
-412.22,33.08,17742
-410.91,34.98,17755
-398.52,33.70,17766
-399.55,29.73,17778
-416.29,27.05,17789
-415.02,27.86,17802
-410.46,31.50,17813
-412.21,34.63,17825
-404.87,35.07,17837
-397.04,31.12,17849
-408.57,28.94,17860
-415.90,29.13,17871
-410.79,31.45,17884
-413.49,34.71,17895
-410.09,33.86,17907
-395.98,30.84,17918
-406.97,27.52,17931
-418.60,27.42,17942
-411.49,31.04,17954
-412.43,33.98,17966
-412.68,35.48,17978
-398.96,32.48,17989
-399.54,28.88,18001
-414.79,28.72,18013
-413.35,30.11,18024
-410.19,33.52,18036
-403.67,34.59,18048
-397.64,31.22,18060
-413.36,28.61,18071
-415.59,27.84,18083
-412.04,29.74,18095
-412.28,34.09,18107
-406.02,35.54,18118
-397.61,33.01,18130
-406.27,29.92,18142
-416.14,27.63,18153
-413.04,28.40,18165
-411.58,32.53,18177
-413.58,34.22,18189
-401.58,32.49,18200
-398.68,30.01,18212
-415.66,27.82,18224
-413.98,29.47,18236
-410.91,33.19,18247
-414.46,35.10,18259
-403.04,33.76,18271
-396.72,29.70,18283
-413.47,27.06,18294
-418.11,27.87,18306
-409.96,31.72,18318
-414.94,34.82,18329
-407.78,34.25,18341
-395.44,30.94,18353
-406.75,28.05,18365
-416.34,28.60,18376
-410.93,31.56,18388
-413.54,34.43,18400
-412.50,34.71,18412
-398.66,31.02,18423
-400.47,27.89,18436
-414.33,27.95,18447
-412.39,30.64,18458
-414.30,33.77,18470
-400.99,34.69,18482
-397.51,31.76,18494
-414.09,28.95,18505
-414.43,28.85,18518
-410.52,30.83,18529
-412.30,34.35,18541
-406.71,35.16,18552
-398.86,31.39,18565
-405.95,28.33,18576
-415.84,27.36,18588
-414.50,29.39,18599
-413.03,33.61,18611
-410.50,34.96,18623
-396.74,32.99,18634
-399.58,29.65,18647
-419.78,28.34,18658
-414.66,29.47,18670
-407.37,32.86,18681
-413.99,34.95,18694
-401.60,32.29,18705
-398.50,29.79,18717
-416.16,27.58,18728
-412.52,28.67,18741
-407.82,33.15,18752
-417.40,34.78,18763
-406.68,34.00,18776
-395.05,30.38,18787
-407.90,27.95,18799
-414.17,28.95,18810
-412.87,31.90,18823
-405.97,34.39,18834
-397.79,33.14,18846
-405.57,30.18,18857
-418.43,27.44,18870
-414.85,28.36,18881
-407.70,31.85,18893
-411.08,35.19,18905
-406.05,35.22,18916
-397.46,31.30,18928
-410.61,28.37,18939
-415.70,27.78,18952
-411.14,30.62,18963
-414.35,34.04,18975
-408.28,34.08,18987
-393.00,31.74,18999
-407.47,28.48,19010
-419.69,28.45,19022
-409.78,31.11,19034
-412.01,34.25,19046
-409.48,35.12,19057
-396.91,31.82,19068
-405.25,28.18,19081
-417.43,27.62,19092
-409.64,29.51,19104
-412.36,33.51,19116
-414.92,35.18,19128
-397.86,32.21,19139
-399.65,29.21,19151
-412.60,28.38,19163
-413.16,29.51,19175
-412.67,33.80,19186
-411.31,35.39,19198
-401.47,32.25,19210
-399.15,29.14,19221
-416.84,27.07,19233
-410.12,28.18,19245
-411.56,32.88,19257
-410.87,35.32,19268
-397.93,33.46,19280
-401.62,30.96,19292
-414.55,27.85,19304
-414.63,29.29,19315
-412.80,32.65,19328
-411.65,34.13,19339
-400.61,33.49,19351
-398.97,29.78,19362
-413.99,27.36,19374
-416.47,28.60,19386
-410.50,32.09,19397
-411.11,34.82,19409
-405.79,34.86,19421
-397.96,31.08,19433
-407.63,27.99,19444
-417.20,28.47,19457
-410.26,30.80,19468
-414.27,34.28,19480
-410.05,34.06,19491
-395.57,30.48,19503
-404.42,28.11,19515
-417.82,27.87,19526
-410.69,31.37,19538
-413.48,34.97,19550
-410.77,34.99,19562
-397.24,32.25,19573
-400.06,28.47,19586
-414.86,27.72,19597
-416.06,29.96,19609
-412.21,32.98,19620
-405.65,34.76,19633
-398.27,31.82,19644
-409.36,29.10,19655
-415.84,28.50,19667
-409.30,30.28,19679
-412.95,34.11,19691
-409.05,35.12,19702
-395.71,32.24,19715
-406.62,28.52,19726
-419.47,27.28,19738
-412.89,28.45,19749
-412.92,32.93,19762
-411.49,35.50,19773
-398.29,33.10,19785
-400.43,30.59,19796
-416.76,28.26,19808
-413.46,28.78,19820
-411.19,32.77,19831
-412.70,34.32,19844
-403.59,33.10,19855
-398.94,30.15,19867
-410.79,27.47,19878
-415.72,28.86,19891
-411.85,32.59,19902
-413.07,34.87,19914
-407.35,34.50,19926
-394.95,30.65,19938
-406.69,27.66,19949
-418.71,28.36,19960
-412.13,31.21,19973
-412.01,34.37,19984
-412.60,34.42,19996
-397.46,30.76,20007
-415.71,27.78,20020
-411.74,28.17,20031
-412.67,30.69,20043
-413.97,34.58,20055
-400.35,34.83,20067
-398.41,31.44,20078
-413.65,28.72,20090
-413.95,27.47,20102
-411.64,30.27,20113
-414.61,33.48,20125
-407.14,34.59,20136
-397.68,31.82,20149
-406.36,28.76,20160
-415.05,28.52,20172
-412.67,30.21,20184
-411.64,33.95,20196
-409.79,35.07,20207
-398.15,32.27,20219
-402.83,28.84,20231
-416.74,27.55,20243
-412.62,29.05,20254
-411.16,33.36,20265
-413.45,35.21,20278
-401.48,32.82,20289
-397.19,29.91,20301
-409.48,28.00,20313
-415.62,28.93,20325
-412.84,33.04,20336
-411.68,34.84,20348
-404.94,33.37,20360
-398.38,30.42,20372
-406.43,27.43,20383
-418.40,28.81,20396
-409.68,32.34,20407
-410.64,34.55,20418
-399.36,34.20,20430
-401.46,30.64,20442
-415.51,27.82,20454
-410.56,28.59,20465
-413.46,31.36,20477
-415.39,34.22,20489
-399.28,34.08,20501
-397.63,30.86,20512
-413.58,28.26,20525
-413.62,28.69,20536
-411.55,31.35,20548
-412.12,34.51,20559
-404.09,34.62,20571
-397.69,31.16,20583
-410.77,27.79,20594
-416.56,27.75,20606
-408.49,30.26,20618
-412.77,34.38,20630
-412.15,35.48,20641
-395.83,32.25,20654
-402.02,28.92,20665
-415.79,27.93,20677
-412.38,29.56,20688
-414.09,33.41,20701
-412.98,34.70,20712
-398.33,31.86,20723
-400.44,29.11,20736
-416.11,27.59,20747
-416.00,29.51,20759
-410.08,33.82,20770
-411.25,35.30,20783
-406.18,33.15,20794
-406.78,29.16,20806
-416.70,27.28,20817
-410.54,28.33,20830
-416.20,32.37,20841
-413.25,35.15,20853
-394.75,33.18,20865
-402.05,30.68,20876
-417.89,27.94,20888
-414.33,29.00,20899
-411.48,32.66,20912
-411.02,34.33,20923
-400.48,33.44,20935
-403.65,29.66,20946
-414.95,27.25,20959
-413.74,28.29,20970
-410.53,32.00,20982
-413.71,35.04,20994
-406.83,34.99,21005
-397.28,31.28,21017
-405.19,28.03,21028
-417.85,28.08,21041
-414.14,30.72,21052
-413.38,33.82,21064
-408.86,33.87,21075
-394.74,31.05,21088
-402.52,28.21,21099
-419.98,28.52,21111
-412.25,31.43,21123
-408.48,34.75,21135
-409.21,35.43,21146
-402.26,31.93,21157
-400.23,28.08,21170
-412.98,27.24,21181
-413.49,29.70,21193
-413.75,33.20,21204
-405.18,35.49,21217
-394.45,32.09,21228
-407.15,29.66,21240
-418.74,28.83,21252
-411.23,29.75,21264
-408.89,34.28,21275
-406.92,34.79,21287
-397.65,32.21,21299
-407.26,28.93,21310
-417.66,27.25,21322
-410.38,28.67,21334
-411.22,33.46,21346
-412.67,35.46,21357
-400.52,33.18,21369
-398.52,30.55,21381
-411.53,27.53,21393
-416.32,28.81,21404
-414.21,32.51,21416
-412.31,34.04,21428
-403.91,33.29,21440
-397.81,29.80,21451
-409.90,27.61,21463
-420.28,28.82,21475
-409.33,32.48,21486
-408.54,35.08,21498
-409.15,34.56,21510
-398.25,30.53,21522
-405.94,27.46,21533
-415.83,28.30,21545
-408.95,31.14,21557
-413.99,34.48,21569
-414.75,34.84,21580
-398.19,31.05,21593
-414.52,28.34,21604
-415.69,28.40,21615
-414.46,30.23,21627
-411.02,34.19,21639
-401.12,34.61,21651
-400.76,32.01,21662
-412.64,29.02,21675
-414.65,27.86,21686
-407.89,30.25,21698
-413.60,33.36,21709
-412.57,34.55,21722
-398.15,32.13,21733
-405.19,28.71,21745
-414.90,28.45,21756
-411.93,29.87,21768
-417.57,33.79,21780
-410.29,35.23,21791
-393.43,32.53,21804
-403.55,29.62,21815
-417.21,27.80,21827
-413.80,28.81,21838
-413.31,32.36,21851
-410.21,34.71,21862
-404.90,32.26,21874
-403.15,30.43,21885
-409.01,28.16,21898
-411.85,29.23,21909
-410.40,33.88,21920
-412.84,34.82,21933
-411.44,33.52,21944
-396.51,29.88,21956
-401.90,26.74,21967
-414.16,27.98,21980
-413.31,31.78,21991
-410.35,34.14,22003
-395.41,35.00,22014
-402.06,31.65,22027
-417.55,28.61,22038
-409.42,28.99,22050
-409.35,30.64,22062
-414.99,33.98,22073
-404.24,33.81,22085
-401.08,30.72,22096
-408.56,28.16,22109
-413.09,28.13,22120
-412.05,31.00,22132
-414.55,34.39,22144
-404.83,35.36,22156
-392.55,31.93,22167
-405.79,29.30,22179
-419.37,28.16,22191
-413.55,30.09,22203
-408.20,33.58,22214
-410.17,34.42,22225
-400.27,32.04,22238
-403.54,28.59,22249
-416.53,27.97,22261
-408.28,29.55,22273
-411.49,34.24,22285
-417.10,35.56,22296
-401.26,32.73,22308
-395.90,29.34,22320
-410.22,27.34,22332
-414.83,29.04,22343
-416.09,32.56,22355
-413.08,35.10,22367
-397.23,33.05,22378
-407.54,30.01,22390
-418.26,28.12,22402
-412.45,28.81,22414
-409.06,32.58,22425
-411.32,34.75,22437
-403.10,33.66,22449
-399.92,30.39,22461
-414.33,27.79,22472
-412.63,28.44,22484
-412.79,31.95,22496
-415.88,34.49,22508
-399.48,33.80,22519
-395.95,30.77,22531
-413.47,28.27,22543
-416.53,28.71,22554
-411.72,31.81,22566
-410.03,34.53,22578
-405.26,34.36,22590
-401.14,31.31,22601
-408.72,27.86,22614
-412.22,28.19,22625
-411.17,30.90,22637
-413.66,33.84,22648
-411.97,34.71,22661
-398.85,31.37,22672
-400.03,28.34,22683
-415.26,28.33,22695
-416.55,30.48,22707
-412.72,34.02,22719
-410.45,35.23,22730
-400.62,32.06,22743
-399.12,29.03,22754
-416.13,27.76,22766
-408.65,29.10,22777
-413.49,33.03,22790
-409.91,34.83,22801
-398.91,32.29,22813
-406.35,29.85,22824
-413.38,28.54,22836
-411.73,29.62,22848
-414.48,33.77,22859
-409.96,34.60,22872
-395.30,32.09,22883
-401.96,29.53,22895
-419.49,27.19,22906
-412.79,28.90,22919
-407.91,33.02,22930
-411.07,34.94,22942
-401.72,34.36,22953
-398.94,30.60,22965
-413.68,27.67,22977
-412.13,28.84,22988
-408.29,31.71,23001
-416.70,34.55,23012
-407.45,34.18,23024
-392.78,30.25,23035
-408.13,28.09,23048
-417.54,28.76,23059
-410.61,31.52,23071
-414.63,34.82,23083
-408.31,34.64,23095
-394.41,31.11,23106
-406.67,28.58,23117
-416.59,27.94,23130
-410.18,30.69,23141
-409.30,33.89,23153
-402.88,34.37,23164
-399.78,31.88,23177
-411.67,28.37,23188
-412.33,28.29,23200
-409.66,30.76,23212
-415.86,34.42,23224
-405.75,35.25,23235
-394.26,32.09,23247
-407.26,28.57,23259
-418.42,27.78,23270
-410.79,29.66,23282
-413.14,33.12,23293
-408.86,34.88,23306
-396.73,32.67,23317
-406.27,29.30,23329
-415.43,28.21,23341
-410.71,29.22,23353
-412.25,33.33,23364
-412.87,35.37,23376
-401.00,32.65,23388
-398.84,29.86,23400
-414.40,27.44,23411
-413.90,28.28,23422
-412.99,32.68,23435
-414.85,34.34,23446
-404.57,33.66,23458
-395.55,30.67,23470
-410.13,28.18,23482
-416.04,29.34,23493
-408.85,32.41,23505
-414.74,34.74,23517
-409.86,33.89,23529
-395.96,30.36,23540
-415.46,27.35,23553
-409.73,28.01,23564
-415.73,31.08,23575
-414.86,34.21,23587
-397.08,34.69,23599
-399.67,31.15,23611
-413.56,28.86,23622
-413.26,28.71,23634
-412.67,31.18,23646
-410.88,34.56,23658
-403.20,34.36,23669
-400.43,31.21,23682
-410.05,27.61,23693
-414.82,27.19,23705
-411.62,30.47,23716
-413.26,34.01,23728
-411.35,35.56,23740
-396.83,32.58,23751
-399.55,29.16,23763
-415.95,28.49,23775
-413.56,29.73,23787
-413.05,33.25,23798
-413.51,34.60,23811
-396.62,31.53,23822
-400.33,29.06,23834
-417.31,27.43,23845
-413.38,29.48,23858
-410.82,33.57,23869
-413.00,35.30,23880
-402.47,33.52,23892
-398.02,29.78,23904
-408.76,27.79,23916
-414.10,28.55,23927
-412.72,32.49,23940
-408.84,34.54,23951
-396.52,32.66,23963
-402.28,30.00,23974
-418.21,27.63,23987
-415.22,29.19,23998
-408.39,33.07,24010
-411.19,35.55,24022
-398.70,34.59,24033
-398.97,30.87,24045
-416.58,27.47,24056
-414.30,27.97,24069
-408.89,31.23,24080
-415.38,34.26,24092
-406.90,34.22,24103
-395.21,30.79,24116
-408.80,28.21,24127
-416.62,28.65,24139
-411.92,31.47,24151
-413.60,34.80,24163
-406.82,34.75,24174
-395.05,31.19,24185
-406.49,27.65,24198
-418.75,27.54,24209
-412.73,30.07,24221
-411.43,33.59,24232
-410.27,34.98,24245
-399.95,32.26,24256
-401.37,29.18,24268
-413.05,28.65,24280
-412.10,30.20,24292
-412.19,33.74,24303
-414.03,34.58,24315
-404.13,31.79,24327
-410.36,28.67,24338
-419.29,27.10,24350
-412.22,29.35,24361
-411.62,33.25,24374
-408.63,35.14,24385
-395.79,33.41,24397
-407.17,29.93,24409
-416.40,28.19,24421
-410.07,28.84,24432
-412.00,32.90,24444
-414.75,34.33,24456
-399.01,32.50,24467
-398.28,29.86,24479
-416.17,27.39,24491
-416.61,28.68,24503
-411.43,32.51,24514
-411.34,34.91,24526
-401.51,33.71,24538
-397.89,30.77,24550
-412.23,27.68,24561
-416.77,28.27,24573
-408.28,32.03,24585
-413.42,34.52,24597
-407.81,34.23,24608
-398.67,30.53,24620
-406.42,27.70,24632
-415.02,28.32,24643
-411.84,31.82,24655
-414.21,34.59,24667
-411.63,35.34,24679
-395.84,31.01,24690
-398.12,28.00,24702
-417.58,28.13,24714
-416.13,29.92,24726
-411.25,34.30,24737
-402.57,34.72,24750
-399.65,31.90,24761
-414.24,28.78,24772
-412.00,28.28,24784
-407.33,30.56,24796
-416.73,33.90,24808
-407.93,35.46,24819
-392.74,31.62,24832
-406.62,28.58,24843
-415.43,27.62,24855
-414.86,29.43,24866
-414.53,33.67,24879
-404.81,34.89,24890
-396.48,32.73,24902
-406.80,29.87,24913
-415.26,28.06,24925
-411.02,29.75,24937
-408.38,33.50,24948
-412.60,34.83,24961
-405.85,32.36,24972
-399.76,29.25,24984
-408.43,27.13,24995
-414.66,28.73,25008
-412.66,33.06,25019
-416.96,35.09,25031
-403.92,34.09,25042
-391.46,30.68,25055
-408.85,28.16,25066
-420.03,28.93,25077
-412.66,32.16,25090
-410.79,34.35,25101
-406.85,33.60,25113
-408.01,30.28,25124
-414.79,27.28,25137
-409.74,28.28,25148
-410.54,31.68,25160
-415.06,35.18,25171
-403.13,35.30,25184
-396.37,31.27,25195
-410.40,28.25,25207
-417.24,28.19,25219
-414.01,30.26,25230
-413.11,33.82,25242
-403.89,34.16,25253
-396.74,31.11,25266
-412.65,28.64,25277
-418.42,28.21,25289
-408.66,30.81,25300
-409.47,34.23,25313
-410.62,35.41,25324
-400.53,32.43,25336
-403.17,28.62,25348
-413.67,27.69,25360
-412.46,29.30,25371
-414.86,33.01,25382
-415.62,34.66,25395
-397.78,31.84,25406
-397.34,29.17,25418
-416.52,28.08,25430
-417.18,29.59,25442
-408.58,33.62,25453
-411.07,35.57,25465
-403.58,33.17,25477
-398.99,29.61,25489
-413.68,27.35,25500
-413.16,27.88,25512
-415.32,32.21,25524
-412.43,34.27,25535
-398.79,33.29,25547
-400.33,30.83,25559
-414.30,28.21,25571
-415.45,29.29,25582
-411.90,32.79,25594
-412.56,34.49,25606
-399.53,33.88,25618
-399.03,30.39,25629
-417.69,27.38,25641
-418.45,28.02,25653
-407.17,31.27,25665
-410.47,34.07,25676
-407.66,34.69,25688
-395.69,31.76,25700
-409.26,28.48,25711
-414.39,29.01,25723
-408.65,31.09,25735
-415.67,34.09,25747
-412.32,34.54,25758
-391.60,30.58,25771
-404.47,28.06,25782
-419.87,27.71,25794
-412.50,30.28,25805
-411.39,34.63,25818
-410.95,35.62,25829
-396.98,33.06,25840
-402.40,29.27,25852
-414.80,27.88,25864
-412.34,29.09,25876
-410.50,32.84,25887
-415.64,34.27,25900
-397.86,31.96,25911
-408.10,29.40,25923
-415.64,28.05,25934
-410.78,30.01,25947
-413.48,33.73,25958
-407.81,35.49,25970
-393.99,33.10,25981
-405.51,29.73,25993
-418.61,27.42,26005
-413.39,28.31,26016
-411.86,31.82,26029
-410.80,34.38,26040
-402.34,33.03,26052
-401.15,30.75,26063
-412.85,28.40,26076
-411.39,29.20,26087
-412.48,33.23,26099
-414.90,34.55,26110
-402.54,33.86,26123
-395.01,30.21,26134
-411.80,26.73,26145
-418.55,27.88,26158
-413.76,30.86,26169
-412.03,34.35,26181
-405.87,34.84,26192
-398.25,32.24,26205
-407.32,28.93,26216
-414.73,28.81,26228
-408.32,31.06,26240
-412.25,33.59,26252
-414.41,34.20,26263
-403.01,30.60,26275
-400.09,27.90,26287
-413.57,27.73,26298
-415.40,30.48,26310
-412.79,34.21,26321
-403.19,35.17,26334
-395.41,32.48,26345
-411.06,29.27,26357
-417.29,28.30,26369
-410.04,29.92,26381
-409.95,33.27,26392
-411.40,34.78,26404
-398.85,31.72,26416
-404.85,28.75,26428
-414.19,27.58,26439
-411.72,29.33,26450
-411.26,33.84,26463
-414.59,35.53,26474
-396.27,33.17,26486
-398.75,29.92,26498
-415.63,27.61,26510
-415.19,28.71,26521
-410.74,32.75,26533
-411.44,34.47,26545
-402.11,33.09,26557
-399.70,29.86,26568
-412.03,27.66,26580
-414.99,29.06,26592
-409.96,32.94,26604
-412.88,35.48,26615
-408.78,34.39,26627
-397.61,30.83,26639
-402.90,27.66,26650
-414.42,28.22,26662
-413.72,31.46,26674
-414.40,34.03,26686
-397.94,33.92,26697
-397.94,30.66,26710
-418.99,28.09,26721
-414.00,28.90,26733
-407.30,32.08,26744
-411.13,35.44,26757
-403.89,35.60,26768
-399.13,31.52,26780
-412.21,27.76,26791
-413.90,27.07,26803
-411.15,29.52,26815
-416.12,34.02,26826
-409.63,34.69,26839
-395.49,32.18,26850
-403.63,29.42,26862
-417.17,28.69,26873
-414.43,31.00,26886
-409.47,34.33,26897
-408.93,35.04,26909
-399.90,31.84,26920
-404.75,27.68,26933
-419.89,26.93,26944
-411.79,28.88,26955
-408.03,33.42,26968
-414.79,36.19,26979
-403.98,33.42,26991
-397.30,29.95,27002
-409.91,27.69,27015
-413.88,28.61,27026
-414.20,32.68,27038
-416.05,34.71,27049
-405.09,32.64,27062
-397.31,29.39,27073
-418.60,27.18,27085
-408.29,28.25,27097
-409.57,32.79,27109
-412.66,35.62,27120
-400.98,34.30,27131
-402.92,31.04,27144
-413.92,27.41,27155
-412.06,27.96,27167
-414.38,31.87,27179
-414.81,33.93,27191
-400.06,33.99,27202
-398.03,30.56,27214
-413.93,27.60,27226
-415.05,28.76,27238
-410.58,31.51,27249
-412.15,34.93,27261
-404.67,34.75,27273
-397.95,31.33,27285
-408.87,28.09,27296
-415.10,28.10,27308
-410.08,30.56,27320
-415.43,33.71,27331
-410.64,34.65,27343
-396.46,31.21,27355
-402.32,28.45,27367
-416.07,28.39,27378
-413.57,30.31,27390
-414.08,34.28,27402
-410.15,35.14,27414
-400.00,32.02,27425
-400.92,29.06,27438
-411.94,27.83,27449
-415.33,29.63,27460
-411.98,33.62,27472
-405.04,34.94,27484
-397.83,32.52,27496
-406.84,29.40,27507
-415.42,27.93,27520
-413.37,29.58,27531
-412.46,33.47,27543
-408.99,35.09,27554
-397.27,33.22,27567
-403.06,29.92,27578
-415.28,27.72,27590
-412.92,29.35,27601
-412.57,32.49,27614
-411.27,34.36,27625
-400.60,33.20,27636
-399.87,29.44,27649
-412.50,27.76,27660
-414.47,28.85,27672
-411.56,32.39,27683
-411.14,35.13,27696
-405.65,33.90,27707
-397.46,30.86,27719
-408.05,27.63,27730
-417.28,27.57,27743
-410.81,30.93,27754
-413.94,33.84,27766
-410.90,33.99,27778
-397.14,31.49,27790
-403.75,28.46,27801
-415.73,28.78,27812
-411.48,31.52,27825
-412.40,34.26,27836
-412.84,34.67,27848
-400.17,31.20,27859
-414.61,27.76,27872
-415.73,27.69,27883
-413.13,29.87,27895
-412.08,33.51,27907
-404.60,35.10,27919
-396.53,31.84,27930
-409.36,28.95,27942
-418.35,28.37,27954
-409.58,29.79,27965
-410.81,34.02,27977
-410.98,35.17,27988
-398.32,32.09,28001
-404.64,28.83,28012
-416.54,26.97,28024
-412.15,28.67,28036
-412.75,33.18,28048
-414.08,35.45,28059
-398.65,33.42,28071
-397.94,30.75,28083
-413.89,27.95,28095
-414.20,29.06,28106
-412.73,32.37,28119
-413.28,34.08,28130
-402.09,33.09,28141
-399.01,29.67,28153
-411.68,27.55,28165
-415.86,28.96,28177
-409.03,32.60,28188
-413.79,35.40,28200
-408.80,34.48,28212
-395.52,30.93,28224
-404.43,27.73,28235
-413.64,28.22,28248
-413.14,31.48,28259
-411.46,34.31,28271
-399.89,34.21,28282
-399.81,30.81,28294
-414.29,28.03,28306
-415.00,28.31,28317
-409.37,31.73,28329
-411.68,35.22,28341
-402.56,35.54,28353
-396.54,32.34,28364
-411.79,27.81,28377
-416.54,27.11,28388
-409.40,29.20,28400
-415.31,32.76,28411
-409.45,34.91,28424
-395.71,32.16,28435
-404.49,29.31,28447
-416.55,29.20,28459
-410.18,30.22,28470
-414.33,34.11,28482
-410.44,34.96,28493
-398.06,31.37,28506
-402.31,28.36,28517
-417.68,27.02,28529
-414.73,28.84,28540
-410.50,33.61,28553
-411.97,35.80,28564
-403.86,33.48,28576
-398.30,30.21,28588
-411.84,27.64,28600
-414.54,28.86,28611
-411.24,33.28,28622
-408.67,34.44,28635
-396.45,33.36,28646
-405.09,29.68,28658
-416.73,27.14,28669
-414.32,28.83,28682
-414.52,32.04,28693
-410.08,34.89,28705
-396.30,33.76,28717
-402.64,31.09,28729
-417.19,28.39,28740
-413.34,28.77,28752
-408.92,32.14,28764
-414.67,33.85,28776
-405.73,33.36,28787
-399.79,30.03,28798
-410.16,27.42,28811
-415.91,28.93,28822
-411.31,32.27,28834
-412.68,35.48,28846
-408.18,35.04,28858
-394.07,31.13,28869
-406.01,27.94,28881
-420.55,27.53,28893
-413.19,30.40,28905
-409.14,34.20,28916
-411.40,35.24,28929
-398.07,32.06,28940
-401.54,28.50,28952
-417.28,27.99,28963
-411.20,29.36,28975
-409.22,33.87,28987
-413.50,35.43,28998
-402.53,32.82,29010
-410.05,29.79,29022
-416.46,27.94,29034
-412.92,28.91,29045
-412.99,32.21,29058
-406.06,34.31,29069
-399.18,32.51,29081
-407.48,30.33,29092
-416.51,28.64,29105
-411.55,29.89,29116
-408.86,33.37,29127
-410.80,34.93,29139
-400.35,33.16,29151
-402.02,29.94,29163
-414.21,27.51,29174
-414.15,28.60,29187
-411.81,32.62,29198
-414.56,34.67,29210
-403.47,34.15,29221
-396.14,30.71,29234
-410.34,27.72,29245
-418.42,28.30,29257
-412.97,31.71,29268
-410.63,34.78,29281
-405.98,34.36,29292
-398.52,31.47,29303
-408.44,27.63,29316
-418.00,27.74,29327
-409.61,30.85,29339
-411.41,33.96,29350
-413.45,34.85,29363
-399.84,31.61,29374
-400.85,28.59,29386
-414.36,28.39,29398
-414.91,30.94,29410
-414.35,34.53,29421
-398.32,34.86,29433
-400.85,31.29,29445
-413.48,28.08,29456
-415.58,27.49,29468
-412.90,29.88,29479
-413.00,34.00,29492
-405.72,35.16,29503
-401.79,32.27,29515
-404.20,29.01,29527
-414.45,28.06,29539
-414.97,29.65,29550
-413.96,33.54,29562
-409.80,34.95,29574
-398.48,32.02,29586
-401.07,29.04,29597
-417.81,27.46,29609
-416.57,28.99,29621
-411.88,32.92,29632
-411.19,35.11,29644
-400.88,33.39,29656
-399.00,30.78,29668
-413.55,27.99,29679
-413.82,28.94,29691
-411.26,32.38,29703
-416.05,33.77,29715
-405.93,32.69,29726
-397.13,29.59,29739
-407.40,27.52,29750
-417.49,29.25,29762
-413.66,32.74,29773
-412.73,35.43,29786
-399.74,34.30,29797
-402.63,30.36,29808
-418.29,27.60,29820
-414.42,27.44,29832
-411.47,30.99,29844
-412.42,34.38,29855
-401.15,34.35,29868
-399.06,31.67,29879
-413.76,28.09,29891
-413.59,28.33,29902
-411.69,31.08,29915
-414.33,34.67,29926
-403.02,35.32,29938
-397.23,31.72,29949
-409.14,28.54,29961
-417.15,27.46,29973
-412.25,29.87,29984
-412.63,33.02,29997
-410.07,34.63,30008
-398.12,32.13,30020
-401.71,29.04,30031
-416.32,28.94,30044
-412.36,30.24,30055
-410.72,33.81,30067
-413.42,34.69,30078
-400.33,31.86,30091
-398.32,28.77,30102
-416.30,27.36,30114
-413.40,29.20,30126
-411.76,33.25,30137
-414.33,35.37,30149
-404.50,32.66,30160
-396.88,30.04,30173
-412.94,27.73,30184
-414.90,29.20,30196
-413.98,33.03,30208
-406.93,34.80,30220
-397.81,32.93,30231
-403.09,30.21,30243
-419.73,26.95,30255
-413.46,28.23,30267
-409.92,31.94,30278
-412.22,34.31,30290
-401.60,34.33,30302
-399.67,30.84,30313
-413.95,28.05,30325
-411.22,28.62,30337
-408.90,32.01,30349
-417.68,34.26,30360
-402.75,33.87,30372
-396.49,30.63,30384
-408.79,27.31,30396
-416.66,28.21,30407
-414.73,31.13,30419
-411.53,34.39,30431
-405.37,35.52,30443
-397.75,31.78,30454
-405.11,28.85,30466
-417.99,28.14,30478
-411.60,30.00,30489
-407.30,33.65,30501
-414.95,33.94,30513
-405.14,30.77,30525
-395.87,28.14,30536
-415.57,27.95,30548
-413.94,30.68,30560
-415.42,35.12,30572
-400.68,35.61,30583
-394.14,32.48,30596
-413.13,29.01,30607
-416.29,26.98,30619
-411.00,28.94,30630
-412.98,32.56,30642
-405.86,34.40,30654
-399.81,33.06,30665
-406.11,29.41,30678
-412.53,28.37,30689
-411.10,30.06,30701
-410.92,33.30,30712
-410.80,36.00,30725
-401.30,33.08,30736
-397.50,29.51,30748
-414.63,27.32,30759
-416.51,27.66,30772
-410.90,31.82,30783
-412.19,34.41,30794
-403.71,33.54,30807
-396.60,31.09,30818
-410.88,28.73,30830
-415.28,29.50,30841
-408.33,33.03,30854
-411.54,35.12,30865
-408.88,33.68,30877
-396.96,30.32,30888
-406.61,26.93,30901
-415.95,27.58,30912
-413.23,31.36,30924
-414.11,34.26,30936
-411.05,35.04,30948
23.66,31.81,30959
-413.47,28.79,30970
-410.54,29.11,30994
-411.14,30.99,31005
-404.22,33.91,31016
-400.76,34.15,31028
-410.62,30.90,31039
-415.00,27.91,31050
-411.68,28.25,31063
-411.69,29.63,31074
-408.15,35.03,31085
-395.70,34.63,31096
-407.94,33.13,31108
-415.88,29.17,31119
-412.12,27.94,31130
-415.76,29.76,31141
-408.67,32.75,31154
-400.22,35.10,31165
-405.05,31.69,31176
-413.59,29.52,31187
-413.26,27.88,31199
-413.98,29.32,31210
-410.91,33.55,31221
-402.71,34.85,31233
-400.22,33.65,31245
-408.93,29.82,31256
-418.74,27.77,31267
-411.72,28.20,31279
-412.70,31.99,31290
-408.52,34.41,31301
-396.82,33.30,31312
-405.41,31.11,31325
-415.58,28.06,31336
-411.96,29.16,31347
-411.31,32.02,31358
-412.51,34.26,31370
-397.85,33.80,31382
-404.23,30.35,31393
-415.55,27.56,31406
-412.11,28.14,31417
-412.19,31.26,31429
-411.87,34.78,31440
-402.95,34.58,31453
-398.19,31.93,31464
-410.33,28.55,31475
-413.50,28.32,31488
-412.55,30.82,31499
-413.49,33.66,31511
-406.01,34.27,31522
-397.33,30.99,31535
-407.63,28.45,31546
-417.10,27.80,31558
-411.12,30.58,31569
-413.30,34.11,31582
-408.98,35.19,31593
-397.77,32.35,31605
-401.63,29.20,31617
-413.81,27.75,31628
-413.02,29.82,31640
-412.80,32.67,31651
-413.21,34.77,31664
-400.05,32.27,31675
-401.29,29.19,31687
-410.38,28.74,31698
-413.05,29.41,31711
-416.04,33.82,31722
-409.83,35.43,31734
-399.78,32.80,31746
-406.70,30.09,31758
-413.58,27.62,31769
-416.36,28.00,31781
-411.11,32.40,31793
-409.87,34.11,31804
-401.28,33.11,31816
-400.23,31.23,31827
-411.62,28.15,31840
-413.83,29.67,31851
-414.29,33.41,31863
-409.12,34.33,31875
-401.34,34.03,31887
-401.60,30.09,31898
-412.99,26.94,31910
-415.03,27.88,31922
-413.21,30.86,31934
-410.27,34.25,31945
-409.14,34.40,31958
-400.00,31.63,31969
-402.39,28.56,31980
-415.10,29.21,31992
-414.98,31.28,32004
-413.05,34.23,32016
-410.25,34.32,32027
-397.28,29.93,32039
-403.69,27.77,32051
-419.62,27.58,32063
-414.52,29.88,32074
-412.58,34.84,32087
-410.69,35.50,32098
-400.99,32.84,32110
-402.65,29.92,32121
-412.69,28.09,32133
-413.75,29.91,32145
-412.80,33.19,32156
-407.34,33.99,32168
-399.44,31.51,32180
-406.67,28.23,32192
-418.90,27.21,32203
-413.18,29.96,32216
-410.18,33.85,32227
-409.34,36.24,32239
-395.78,34.13,32250
