-38.92,1439.10,19425
-35.63,1452.34,19436
10.78,1466.32,19448
34.35,1461.24,19460
2.97,1444.28,19472
-38.85,1443.27,19483
-35.98,1459.14,19495
8.86,1469.37,19507
5.28,1459.73,19519
-38.66,1443.07,19530
-36.25,1441.21,19543
10.58,1457.67,19554
32.90,1466.35,19566
4.05,1454.48,19577
-35.12,1440.91,19590
-36.56,1444.58,19601
6.26,1461.71,19612
33.75,1469.14,19624
4.76,1454.82,19636
-37.05,1441.43,19648
-34.36,1446.13,19659
6.27,1461.94,19672
31.43,1466.12,19683
7.89,1450.78,19695
-34.26,1438.04,19706
-36.59,1446.89,19719
4.84,1463.56,19730
31.82,1466.35,19742
8.01,1451.20,19753
-34.35,1441.28,19766
-36.87,1451.38,19777
2.28,1467.44,19789
30.87,1465.64,19801
10.96,1447.86,19813
-32.73,1438.77,19824
-38.45,1449.78,19836
2.46,1465.20,19848
31.75,1463.43,19860
11.34,1446.61,19871
-31.29,1441.28,19883
-39.58,1455.01,19895
31.74,1468.40,19906
12.98,1462.10,19918
-30.56,1444.96,19930
-40.98,1441.98,19942
-2.39,1455.90,19953
33.74,1466.79,19965
14.93,1458.36,19977
-31.07,1441.48,19989
-41.06,1440.55,20000
-1.87,1458.11,20013
32.78,1468.33,20024
14.46,1457.88,20036
-31.48,1443.57,20047
-42.44,1445.62,20060
-2.74,1462.62,20071
32.71,1469.33,20083
14.20,1453.90,20094
-30.59,1438.82,20107
-41.45,1442.63,20118
-1.70,1460.33,20130
32.73,1467.50,20142
13.84,1453.16,20154
-29.49,1441.47,20165
-41.49,1449.18,20176
-4.74,1465.75,20189
31.57,1468.51,20200
15.15,1452.07,20212
-28.78,1440.37,20224
-41.42,1448.52,20236
-5.91,1463.31,20247
31.53,1463.28,20259
17.92,1447.50,20271
-27.57,1439.57,20283
-41.65,1452.16,20294
28.55,1467.45,20306
17.48,1464.69,20318
-24.91,1447.76,20330
-42.94,1441.30,20341
-7.20,1453.92,20354
29.91,1467.08,20365
18.08,1460.02,20377
-23.56,1442.77,20388
-41.51,1438.11,20401
-9.45,1453.86,20412
30.26,1467.73,20424
18.86,1460.79,20435
-23.95,1444.82,20447
-41.78,1443.49,20459
-11.37,1459.02,20470
29.20,1468.26,20483
21.37,1457.45,20494
-23.00,1441.77,20506
-42.92,1441.86,20517
-11.80,1458.21,20530
28.87,1466.95,20541
22.36,1454.78,20553
-22.23,1441.25,20564
-43.62,1445.85,20577
-12.46,1462.72,20588
28.37,1468.85,20600
22.65,1454.30,20612
-21.28,1440.89,20624
-44.99,1447.36,20635
-14.28,1464.17,20647
28.93,1466.89,20659
23.34,1450.09,20671
-19.74,1437.59,20682
-45.05,1446.58,20695
29.97,1464.76,20706
23.28,1465.57,20717
-21.27,1450.43,20729
-43.73,1441.75,20741
-15.90,1452.93,20753
26.07,1467.62,20764
25.17,1464.20,20776
-19.12,1446.35,20788
-45.28,1438.95,20800
-14.03,1451.31,20811
27.57,1466.25,20824
22.90,1461.47,20835
-16.63,1445.09,20847
-43.50,1441.39,20858
-18.62,1456.64,20871
26.22,1468.97,20882
24.35,1462.11,20894
-17.78,1445.13,20905
-41.43,1442.40,20918
-18.98,1457.50,20929
22.40,1467.77,20941
27.52,1457.17,20953
-14.13,1440.39,20965
-43.60,1440.81,20976
-19.69,1458.51,20988
23.63,1468.30,21000
26.66,1457.89,21011
-13.59,1443.82,21023
-44.28,1446.12,21035
-21.54,1461.95,21047
22.54,1467.63,21058
28.25,1453.66,21070
-11.23,1439.67,21082
-44.42,1444.99,21094
24.31,1461.79,21105
27.58,1466.57,21117
-11.51,1451.76,21129
-42.99,1440.74,21141
-24.84,1449.22,21152
22.39,1465.77,21165
28.92,1466.40,21176
-12.73,1450.55,21188
-41.67,1440.10,21199
-23.07,1450.04,21212
19.08,1465.74,21223
28.70,1464.49,21235
-10.53,1446.80,21246
-42.55,1438.15,21259
-23.84,1450.90,21270
19.41,1466.58,21281
28.30,1463.43,21294
-8.47,1447.57,21305
-41.11,1441.93,21317
-25.72,1456.21,21328
17.54,1468.40,21341
28.77,1460.87,21352
-5.69,1443.46,21364
-41.39,1439.38,21376
-27.40,1455.42,21388
18.73,1467.10,21399
30.01,1458.73,21411
-5.48,1443.21,21423
-40.58,1443.20,21435
-30.09,1459.56,21446
17.56,1468.79,21458
32.31,1457.75,21470
-6.61,1442.59,21482
-41.50,1444.95,21493
15.83,1460.48,21506
33.35,1466.82,21517
-3.55,1453.29,21529
-42.24,1438.79,21540
-28.61,1445.15,21553
16.58,1463.01,21564
30.47,1467.87,21575
-3.59,1453.73,21587
-40.23,1441.47,21599
-30.27,1448.43,21611
15.08,1465.15,21622
31.26,1465.81,21635
-1.72,1449.01,21646
-40.51,1438.44,21658
-30.93,1448.18,21669
14.87,1465.29,21682
30.79,1465.13,21693
-1.68,1447.86,21705
-37.97,1439.48,21716
-32.20,1452.62,21729
12.06,1466.76,21740
33.10,1464.37,21752
-1.24,1447.18,21764
-39.88,1439.40,21776
-30.64,1453.23,21787
11.43,1465.34,21799
30.26,1459.68,21811
1.83,1444.54,21823
-37.77,1440.24,21834
-32.93,1455.83,21846
10.56,1468.82,21858
31.39,1460.57,21869
2.05,1445.94,21881
-36.20,1445.11,21893
7.36,1459.12,21905
31.59,1468.17,21916
5.52,1455.69,21928
-35.91,1438.61,21940
-34.20,1440.49,21952
7.91,1458.95,21963
31.89,1467.50,21976
5.05,1456.55,21987
-35.37,1442.67,21999
-37.46,1446.76,22010
5.61,1463.89,22023
33.14,1467.86,22034
6.33,1453.38,22046
-35.63,1439.24,22057
-35.85,1444.16,22070
5.15,1461.97,22081
33.16,1465.25,22093
8.98,1450.47,22105
-35.80,1440.59,22116
-39.53,1449.79,22128
6.11,1466.29,22139
32.29,1466.81,22152
7.32,1449.55,22163
-33.29,1440.50,22175
-39.16,1450.86,22187
3.36,1465.25,22199
33.70,1464.02,22210
7.01,1445.88,22222
-33.49,1438.23,22234
-37.05,1452.56,22246
2.00,1466.33,22257
32.45,1463.09,22269
9.40,1447.31,22281
-38.85,1441.79,22293
1.23,1456.47,22304
31.64,1468.16,22317
10.21,1460.13,22328
-31.01,1444.03,22340
-39.37,1441.44,22351
-1.10,1456.49,22364
32.00,1466.81,22375
13.17,1456.67,22387
-31.05,1441.45,22398
-39.72,1442.86,22410
-0.31,1459.74,22422
30.82,1469.04,22433
12.51,1456.31,22446
-28.72,1441.38,22457
-40.84,1446.32,22469
-2.62,1462.54,22480
31.63,1468.78,22493
12.41,1451.73,22504
-29.01,1436.42,22516
-37.21,1444.35,22528
-2.76,1462.32,22540
28.78,1468.38,22551
13.92,1453.28,22563
-29.43,1440.25,22575
-39.71,1450.90,22587
-2.03,1467.04,22598
27.28,1466.48,22610
12.76,1449.64,22622
-25.80,1436.51,22634
-37.33,1448.58,22645
-3.81,1465.94,22658
25.79,1463.46,22669
14.12,1448.86,22681
-38.64,1440.17,22692
-8.16,1453.46,22704
24.70,1469.25,22716
15.48,1462.84,22727
-21.58,1446.33,22739
-40.08,1439.72,22751
-10.24,1451.88,22763
26.48,1467.48,22774
18.03,1460.42,22787
-21.18,1442.67,22798
-41.92,1441.45,22810
-12.77,1456.02,22821
27.03,1468.32,22834
20.72,1461.41,22845
-20.99,1444.19,22857
-43.63,1444.49,22868
-14.18,1459.97,22881
29.18,1467.50,22892
23.40,1456.94,22904
-21.95,1439.86,22916
-43.48,1441.64,22928
-13.19,1459.53,22939
28.86,1468.04,22951
24.76,1455.02,22963
-23.00,1442.21,22974
-45.49,1446.73,22986
-12.59,1463.72,22998
27.80,1468.62,23010
23.69,1452.54,23021
-20.69,1440.18,23033
-46.39,1446.84,23045
-11.82,1462.74,23057
29.82,1465.85,23068
21.78,1449.47,23080
-44.51,1439.38,23092
-15.23,1450.21,23104
29.81,1465.84,23115
21.96,1466.05,23128
-20.06,1449.25,23139
-41.68,1440.80,23151
-16.54,1452.50,23162
25.99,1467.23,23175
24.45,1462.58,23186
-17.69,1445.12,23198
-41.82,1437.84,23209
-16.46,1451.35,23222
25.07,1466.07,23233
24.86,1462.03,23245
-16.12,1445.96,23257
-42.17,1443.09,23268
-19.40,1457.26,23280
22.75,1469.06,23291
25.84,1460.79,23304
-13.31,1443.32,23315
-42.66,1441.25,23327
-20.77,1455.51,23339
23.17,1466.40,23351
28.04,1456.87,23362
-12.18,1441.47,23374
-42.96,1443.41,23386
-22.19,1460.83,23398
21.97,1469.16,23409
27.61,1457.54,23421
-10.47,1442.23,23433
-43.83,1445.36,23445
-24.30,1461.35,23456
23.88,1466.70,23469
29.52,1451.79,23480
-42.01,1438.12,23492
-24.57,1445.21,23503
21.49,1463.13,23516
30.37,1468.00,23527
-11.69,1452.38,23538
-44.34,1441.61,23550
-23.21,1450.22,23562
20.54,1466.10,23574
28.44,1466.30,23585
-9.72,1448.62,23598
-43.38,1438.34,23609
-24.53,1447.97,23621
21.44,1464.15,23632
29.16,1463.07,23645
-8.46,1446.79,23656
-41.84,1441.16,23668
-25.93,1453.92,23680
18.58,1468.44,23692
28.55,1464.26,23703
-6.46,1446.94,23715
-41.33,1441.73,23727
-27.70,1454.91,23739
18.15,1465.88,23750
29.20,1458.36,23762
-5.24,1442.03,23774
-38.13,1439.33,23786
-28.80,1456.19,23797
15.43,1469.30,23810
31.88,1460.36,23821
-5.58,1444.74,23832
-40.38,1444.94,23844
-28.30,1459.30,23856
13.00,1468.09,23868
31.54,1456.30,23879
-41.91,1440.57,23891
-29.68,1442.91,23903
15.73,1459.34,23915
30.76,1466.61,23926
-1.19,1453.47,23939
-40.21,1440.79,23950
-32.77,1447.37,23962
13.62,1464.80,23973
31.17,1469.11,23986
-1.58,1453.91,23997
-39.88,1439.47,24009
-31.69,1445.90,24020
13.00,1462.05,24033
32.11,1463.92,24044
1.49,1448.07,24056
-38.10,1439.02,24068
-33.55,1449.70,24080
12.03,1466.80,24091
32.12,1466.76,24102
0.49,1449.68,24115
-37.64,1441.96,24126
-34.90,1452.57,24138
9.08,1466.57,24150
33.31,1462.80,24162
3.51,1444.09,24173
-36.39,1437.71,24185
-34.59,1452.07,24197
8.02,1466.39,24209
33.53,1462.24,24220
3.97,1446.57,24232
-37.73,1443.23,24244
-34.69,1458.44,24256
7.04,1469.92,24267
32.03,1460.06,24280
-37.38,1442.38,24291
-36.25,1439.28,24303
8.26,1455.52,24314
31.44,1466.57,24327
7.57,1456.98,24338
-34.80,1442.85,24350
-38.53,1444.61,24361
5.67,1461.44,24374
33.32,1468.94,24385
6.45,1456.10,24396
-35.14,1442.48,24409
-37.52,1445.83,24420
4.17,1462.29,24432
32.29,1467.25,24443
8.75,1451.05,24456
-33.60,1437.47,24467
-38.06,1444.11,24479
2.83,1462.36,24491
32.93,1466.90,24503
9.68,1453.23,24514
-33.70,1442.73,24526
-39.22,1450.76,24538
0.95,1466.36,24550
31.86,1465.27,24561
10.98,1447.32,24573
-32.53,1437.51,24585
-38.28,1448.35,24597
0.66,1464.72,24608
31.65,1463.90,24621
13.06,1447.20,24632
-31.86,1441.65,24644
-41.44,1453.94,24655
0.69,1468.37,24667
0.18,1464.34,24679
2601.48,1447.06,24690
-40.78,1441.51,24702
-2.15,1454.81,24714
33.52,1465.84,24726
13.98,1458.22,24737
-30.26,1440.77,24750
-39.56,1439.49,24761
-3.44,1456.92,24773
30.26,1468.89,24784
15.87,1460.37,24797
-29.19,1445.23,24808
-42.46,1444.57,24820
-4.12,1460.30,24832
31.05,1467.72,24844
15.85,1454.65,24855
-26.91,1439.35,24867
-40.28,1441.89,24879
-5.13,1458.90,24891
31.00,1468.18,24902
16.97,1455.15,24914
-26.76,1441.87,24926
-43.06,1447.90,24938
-7.91,1463.56,24949
30.60,1467.82,24961
17.72,1452.33,24973
-25.45,1439.67,24984
-41.21,1446.81,24996
-9.84,1463.17,25008
29.23,1464.02,25020
20.30,1447.82,25031
-24.52,1438.57,25043
-43.44,1450.42,25055
-9.37,1468.07,25067
19.77,1466.68,25078
-24.55,1450.11,25091
-43.64,1441.64,25102
-10.66,1451.86,25114
29.85,1465.65,25125
21.13,1461.12,25138
-22.55,1443.82,25149
-43.72,1438.37,25161
-11.00,1452.94,25172
29.50,1467.32,25185
19.94,1462.51,25196
-23.53,1445.96,25208
-42.45,1441.61,25220
-12.19,1457.32,25231
26.49,1467.75,25243
22.11,1458.57,25254
-20.42,1442.75,25267
-43.21,1441.71,25278
-12.37,1456.99,25290
26.69,1466.70,25302
21.05,1456.22,25314
-18.58,1441.23,25325
-42.38,1444.16,25337
-16.09,1461.50,25349
26.10,1468.88,25361
22.54,1456.29,25372
-18.68,1442.34,25384
-41.77,1445.72,25396
-16.94,1460.81,25408
24.59,1465.63,25419
24.92,1451.66,25432
-15.88,1438.70,25443
-42.52,1446.82,25455
-18.39,1464.12,25466
26.53,1467.41,25479
-16.38,1452.04,25490
-43.91,1440.36,25502
-19.08,1449.04,25513
22.83,1465.37,25525
26.93,1465.55,25537
-13.53,1448.56,25548
-44.49,1438.08,25561
-19.96,1448.97,25572
23.75,1464.30,25584
26.68,1462.59,25595
-13.09,1446.59,25608
-43.92,1440.75,25619
-21.95,1454.34,25631
23.42,1468.55,25643
27.11,1463.27,25655
-13.30,1445.88,25666
-43.07,1440.37,25678
-22.04,1454.59,25690
22.59,1466.17,25702
29.65,1459.00,25713
-10.83,1443.09,25725
-43.09,1441.56,25737
-23.78,1458.70,25749
22.46,1469.74,25760
28.60,1458.90,25773
-10.59,1442.77,25784
-41.85,1443.01,25795
-25.08,1458.74,25807
20.84,1468.55,25819
31.55,1455.20,25831
-10.56,1439.94,25842
-42.28,1443.60,25854
-24.36,1461.17,25866
30.22,1467.93,25878
-8.35,1454.07,25889
-43.46,1441.56,25902
-25.76,1447.97,25913
20.32,1464.47,25925
29.86,1467.11,25936
-8.25,1451.23,25949
-41.07,1438.65,25960
-27.38,1447.21,25972
17.91,1463.34,25984
30.50,1465.41,25996
-6.26,1449.48,26007
-40.89,1439.33,26019
-27.59,1450.84,26031
15.43,1466.60,26043
29.30,1465.71,26054
-3.15,1449.42,26066
-41.36,1440.40,26078
-30.86,1452.93,26089
16.01,1466.31,26101
31.69,1461.70,26113
-2.82,1444.30,26125
-40.19,1438.51,26136
-30.96,1453.94,26148
14.91,1467.36,26160
32.29,1461.71,26172
-1.39,1445.22,26183
-40.60,1442.97,26195
-33.11,1458.60,26207
13.62,1468.68,26219
33.18,1458.84,26230
-0.68,1441.07,26243
-39.71,1440.64,26254
-32.06,1457.83,26266
32.93,1467.43,26277
-1.58,1457.02,26290
-39.89,1441.42,26301
-31.97,1444.44,26313
12.27,1461.55,26324
31.21,1468.30,26337
0.53,1455.83,26348
-38.34,1441.41,26359
-33.14,1445.99,26372
11.05,1462.24,26383
31.56,1466.42,26395
2.00,1451.32,26406
-36.58,1439.03,26419
-33.97,1446.85,26430
8.50,1463.53,26442
32.15,1467.32,26454
3.75,1451.79,26466
-36.97,1441.67,26477
-34.54,1451.17,26489
6.94,1466.22,26501
30.49,1464.42,26513
7.07,1446.72,26524
-34.38,1438.01,26536
-38.05,1450.56,26548
6.78,1466.17,26560
33.20,1463.41,26571
5.24,1446.99,26584
-35.19,1440.69,26595
-37.10,1454.95,26607
4.41,1468.31,26618
33.66,1463.36,26630
8.02,1446.09,26642
-36.46,1440.72,26653
-37.68,1455.27,26665
32.47,1466.38,26677
8.61,1458.90,26689
-33.48,1442.07,26700
-39.56,1440.92,26713
4.44,1458.13,26724
34.21,1468.17,26736
7.75,1459.00,26747
-34.04,1444.15,26760
-38.23,1444.73,26771
1.98,1460.43,26783
32.41,1467.39,26795
9.16,1453.46,26807
-32.18,1439.03,26818
-36.77,1442.93,26830
1.36,1460.10,26842
31.66,1467.22,26854
11.27,1453.96,26865
-31.64,1441.65,26877
-38.71,1449.16,26889
-0.49,1465.08,26901
29.60,1468.38,26912
11.79,1452.36,26924
-29.28,1438.85,26936
-39.40,1447.06,26947
-2.76,1462.53,26959
31.06,1463.46,26971
15.80,1447.61,26983
-28.44,1438.82,26994
-42.06,1451.55,27006
-4.03,1468.58,27018
31.05,1467.08,27030
14.72,1450.29,27041
-27.74,1441.89,27054
-6.17,1452.49,27065
33.48,1465.56,27077
17.17,1460.19,27088
-28.11,1442.55,27101
-41.28,1438.54,27112
-5.29,1452.98,27124
31.53,1467.68,27136
18.06,1462.66,27148
-28.48,1445.82,27159
-44.18,1444.05,27171
-6.27,1459.42,27183
31.78,1468.64,27195
17.93,1458.29,27206
-26.62,1440.57,27217
-42.26,1439.58,27230
-6.17,1457.00,27241
30.32,1466.43,27253
19.28,1454.88,27265
-25.69,1441.16,27277
-43.71,1445.16,27288
-6.24,1463.40,27300
29.39,1471.10,27312
16.43,1454.89,27324
-24.39,1441.40,27335
-41.68,1445.48,27347
-8.41,1461.04,27359
28.86,1466.42,27371
17.96,1449.80,27382
-22.25,1438.16,27395
-40.73,1447.09,27406
-10.37,1463.49,27418
27.06,1467.04,27429
18.74,1452.62,27442
-21.24,1441.70,27453
-14.15,1451.92,27465
25.79,1466.11,27476
22.17,1463.31,27488
-18.71,1447.49,27500
-41.94,1437.93,27511
-15.87,1449.59,27524
25.38,1465.67,27535
24.85,1461.64,27547
-16.53,1445.34,27558
-44.33,1440.76,27571
-17.65,1455.74,27582
26.36,1470.51,27594
25.29,1463.86,27606
-17.59,1445.27,27618
-45.38,1440.53,27629
-17.28,1454.37,27641
27.84,1467.09,27653
27.37,1457.61,27665
-18.54,1441.03,27676
-45.66,1441.15,27688
-16.74,1458.65,27700
27.79,1468.88,27712
26.20,1458.26,27723
-19.28,1444.38,27736
-46.81,1446.94,27747
-16.86,1462.06,27759
28.24,1468.25,27770
25.00,1453.14,27782
-17.40,1438.00,27794
-43.33,1443.07,27805
-17.65,1460.61,27817
27.44,1466.67,27829
25.34,1453.18,27841
-17.89,1441.34,27852
-17.83,1449.47,27865
22.85,1465.74,27876
25.01,1467.43,27888
-15.83,1451.49,27899
-40.92,1439.73,27912
-17.99,1447.89,27923
21.02,1463.38,27935
25.93,1463.49,27947
-11.50,1447.35,27959
-42.00,1439.53,27970
-21.30,1450.09,27982
20.60,1465.94,27994
26.06,1464.70,28006
-8.77,1448.67,28017
-41.52,1443.32,28029
-26.71,1454.85,28041
20.43,1467.53,28053
29.01,1461.55,28064
-8.92,1443.36,28076
-41.36,1439.57,28088
-27.22,1454.02,28099
20.63,1466.87,28111
31.97,1459.48,28123
-9.70,1444.07,28135
-43.35,1442.40,28146
-26.90,1460.02,28158
19.85,1470.61,28170
31.32,1458.54,28182
-9.81,1443.32,28193
-44.19,1442.61,28206
-26.01,1458.49,28217
21.40,1467.11,28229
31.19,1453.13,28240
-8.06,1439.15,28253
-26.50,1444.40,28264
19.81,1462.24,28276
29.25,1469.57,28288
-8.09,1455.42,28300
-41.59,1442.15,28311
-27.25,1448.03,28323
18.87,1462.94,28335
28.93,1464.99,28346
-6.77,1450.16,28358
-39.43,1438.01,28369
-26.66,1447.39,28382
15.31,1464.54,28393
29.06,1465.72,28405
-3.19,1450.61,28417
-39.66,1441.32,28429
-30.37,1451.94,28440
14.30,1467.23,28452
28.97,1464.18,28464
-1.41,1446.70,28476
-37.59,1439.21,28487
-33.28,1451.64,28499
12.48,1465.96,28511
33.13,1460.73,28523
-2.45,1444.40,28534
-39.33,1440.53,28547
-31.67,1456.09,28558
10.49,1469.98,28570
32.86,1462.66,28581
1.12,1444.49,28594
-42.37,1441.60,28605
-33.48,1456.60,28617
13.74,1467.10,28628
32.56,1457.79,28640
0.66,1441.59,28652
-32.67,1441.71,28663
13.05,1459.95,28676
31.19,1468.82,28687
0.83,1457.09,28699
-39.48,1442.67,28710
-34.02,1445.99,28723
12.69,1462.07,28734
31.86,1468.30,28746
1.02,1453.10,28758
-36.27,1439.46,28770
-34.98,1444.11,28781
10.31,1461.61,28793
33.61,1465.65,28805
1.29,1450.83,28817
-36.24,1441.16,28828
-33.54,1449.80,28840
6.91,1465.55,28852
33.11,1466.91,28864
3.79,1450.78,28875
-37.02,1440.91,28888
-34.37,1451.43,28899
7.05,1465.75,28910
31.08,1463.14,28922
6.72,1446.40,28934
-35.11,1437.96,28946
-36.30,1451.33,28957
6.19,1467.44,28969
32.56,1463.91,28981
6.70,1447.41,28993
-35.13,1442.13,29004
-37.70,1456.27,29017
4.40,1468.57,29028
33.46,1461.26,29040
8.51,1443.44,29051
-39.02,1439.92,29064
5.91,1454.66,29075
34.70,1466.25,29087
7.88,1458.50,29099
-33.70,1443.16,29111
-39.36,1444.20,29122
1.86,1461.19,29134
34.23,1469.15,29146
9.39,1457.70,29158
-34.46,1441.69,29169
-38.55,1443.37,29181
2.99,1460.55,29193
33.26,1466.63,29204
9.31,1452.66,29216
-33.26,1439.83,29228
-38.55,1445.58,29240
1.64,1463.87,29251
31.99,1468.30,29263
9.98,1451.97,29275
-33.44,1440.56,29287
-38.17,1447.69,29298
2.32,1463.89,29310
30.74,1465.79,29322
10.96,1449.37,29334
-32.14,1439.17,29345
-39.70,1450.06,29358
1.01,1464.85,29369
30.31,1464.98,29381
11.72,1448.90,29392
-29.38,1440.16,29405
-39.93,1452.81,29416
-2.09,1467.18,29428
30.61,1463.13,29440
-27.94,1447.29,29452
-40.31,1440.21,29463
-4.44,1453.39,29474
30.57,1466.45,29487
16.77,1459.47,29498
-27.41,1443.34,29510
-41.63,1440.34,29521
-4.87,1456.11,29534
30.97,1468.58,29545
16.81,1460.48,29557
-27.21,1443.93,29569
-42.65,1443.53,29581
-5.43,1458.65,29592
31.68,1467.44,29604
17.60,1456.00,29616
-26.42,1439.79,29628
-43.00,1442.32,29639
-6.76,1460.21,29651
32.56,1467.85,29663
17.58,1456.07,29675
-28.15,1441.87,29686
-43.62,1445.87,29699
-6.49,1463.50,29710
31.83,1467.21,29722
18.21,1452.08,29733
-25.74,1439.15,29746
-43.17,1445.82,29757
-7.92,1463.45,29768
31.36,1465.52,29780
18.20,1450.42,29792
-25.29,1441.08,29804
-42.96,1450.83,29815
-9.90,1467.38,29828
29.58,1466.90,29839
-24.03,1448.69,29851
-41.74,1438.38,29862
-9.99,1450.22,29875
28.21,1464.78,29886
20.86,1462.63,29898
-23.83,1446.71,29910
-42.92,1440.18,29922
-10.68,1454.46,29933
27.49,1468.52,29945
20.28,1462.63,29957
-21.21,1445.85,29969
-43.50,1441.66,29980
-13.37,1455.40,29992
28.42,1467.25,30004
22.96,1459.57,30016
-20.08,1442.93,30027
-44.53,1442.65,30039
-15.31,1458.69,30051
28.78,1467.88,30062
23.73,1457.24,30074
-20.23,1441.55,30086
-43.64,1443.86,30098
-14.69,1461.94,30109
28.03,1469.54,30121
22.95,1455.24,30133
-20.81,1439.97,30145
-42.11,1444.26,30156
-14.83,1461.46,30169
25.03,1468.35,30180
24.72,1452.28,30192
-19.06,1439.56,30203
-43.02,1448.40,30216
-13.13,1465.41,30227
22.94,1468.92,30239
-15.60,1451.30,30251
-42.58,1438.34,30263
-15.32,1448.70,30274
24.26,1464.02,30286
21.59,1465.19,30298
-14.18,1449.07,30310
-41.13,1438.67,30321
-18.91,1451.42,30332
23.61,1466.31,30345
23.23,1463.55,30356
-13.38,1448.73,30368
-40.14,1441.23,30380
-22.34,1453.50,30392
22.35,1467.77,30403
26.53,1461.24,30415
-13.06,1445.05,30427
-40.89,1440.26,30439
-22.96,1453.28,30450
20.03,1467.69,30462
29.05,1460.87,30474
-10.78,1443.43,30486
-43.01,1442.72,30497
-24.01,1457.82,30510
19.76,1468.22,30521
29.64,1460.58,30533
-9.45,1442.26,30544
-45.50,1442.94,30557
-23.40,1459.50,30568
20.96,1466.62,30580
30.35,1456.76,30592
-7.06,1440.53,30603
-46.10,1443.93,30615
-26.01,1462.69,30626
23.10,1467.74,30639
-9.11,1454.26,30650
-42.64,1441.57,30662
-27.57,1446.80,30673
21.11,1465.12,30686
30.77,1468.03,30697
-10.74,1449.61,30709
-41.73,1437.19,30721
-23.48,1446.88,30733
19.29,1464.66,30744
28.78,1465.77,30756
-10.38,1450.20,30768
-40.95,1438.80,30780
-22.83,1452.93,30791
16.33,1469.05,30803
25.92,1463.58,30815
-6.79,1448.65,30827
-38.24,1437.64,30838
-23.81,1450.73,30851
14.41,1468.46,30862
24.89,1460.63,30874
-3.92,1446.48,30885
-36.96,1439.77,30897
-25.74,1453.40,30909
12.19,1471.23,30920
25.96,1460.29,30932
-1.95,1444.90,30944
-36.35,1442.55,30956
-28.81,1454.95,30967
11.41,1470.16,30980
28.42,1457.89,30991
0.19,1440.71,31003
-36.62,1442.51,31014
-31.53,1457.76,31027
10.83,1470.27,31038
0.17,1457.81,31050
-39.11,1441.94,31062
-33.04,1444.37,31074
11.78,1461.19,31085
32.62,1468.68,31097
0.92,1454.39,31109
-38.97,1439.93,31121
-35.31,1445.13,31132
12.50,1462.00,31144
35.45,1467.22,31156
1.08,1451.94,31167
-39.38,1439.45,31179
-35.37,1447.29,31191
10.93,1464.52,31203
35.72,1466.65,31214
1.54,1450.18,31226
-40.96,1440.21,31238
-33.95,1450.40,31250
11.59,1465.67,31261
33.90,1464.44,31273
2.44,1447.01,31285
-39.98,1439.25,31297
-34.11,1451.95,31308
12.28,1466.79,31321
31.89,1463.74,31332
1.84,1446.10,31344
-37.66,1441.01,31355
-34.80,1455.59,31368
10.09,1467.85,31379
33.11,1461.87,31391
2.09,1444.79,31403
-36.30,1441.73,31415
-34.00,1457.46,31426
7.28,1467.62,31438
4.41,1458.24,31450
-36.03,1442.47,31461
-34.31,1441.99,31473
6.34,1458.84,31484
30.39,1468.48,31497
6.70,1457.06,31508
-35.10,1442.14,31520
-36.90,1444.45,31532
6.00,1460.65,31544
29.61,1468.67,31555
7.44,1454.78,31567
-32.10,1439.98,31579
-38.02,1445.00,31591
4.14,1461.11,31602
31.48,1466.63,31614
8.10,1452.98,31626
-32.65,1440.26,31638
-38.70,1448.03,31649
1.31,1464.75,31662
32.53,1466.74,31673
11.12,1450.86,31685
-33.00,1439.13,31696
-40.45,1448.51,31709
1.69,1465.15,31720
33.49,1464.58,31731
10.92,1448.27,31744
-33.11,1440.67,31755
-40.02,1451.28,31767
1.17,1466.54,31778
33.59,1463.61,31791
12.06,1445.59,31802
-32.17,1441.07,31814
-41.09,1454.77,31825
34.22,1467.85,31838
11.96,1462.42,31849
-32.38,1444.04,31861
-40.59,1439.90,31873
-0.07,1455.21,31885
34.29,1466.23,31896
12.87,1458.73,31908
-31.87,1442.14,31920
-40.58,1442.17,31932
-0.93,1460.31,31943
31.81,1469.66,31955
13.29,1456.79,31967
-30.87,1441.24,31979
-41.21,1441.95,31990
-1.10,1459.13,32003
31.81,1467.64,32014
13.31,1453.84,32025
-29.17,1439.69,32037
-40.28,1444.22,32049
-2.87,1461.13,32061
31.94,1467.53,32072
14.68,1453.99,32084
-29.07,1441.75,32096
-41.80,1449.43,32108
-5.39,1464.47,32119
31.50,1465.93,32132
17.16,1449.28,32143
-27.34,1437.33,32155
-40.84,1447.80,32166
-6.39,1464.71,32179
30.96,1464.41,32190
18.24,1449.10,32202
-27.93,1440.99,32214
-42.76,1453.48,32226
29.16,1469.79,32237
17.16,1464.27,32249
-25.79,1446.12,32261
-42.09,1438.64,32273
-6.58,1451.48,32284
30.19,1467.25,32295
17.81,1460.41,32308
-25.77,1444.48,32319
-42.06,1440.87,32331
-7.32,1455.69,32343
28.68,1468.64,32355
17.14,1460.76,32366
-23.77,1444.30,32378
-41.20,1442.80,32390
-9.55,1457.32,32402
28.16,1467.61,32413
18.18,1457.08,32425
-20.58,1441.02,32437
-40.22,1442.48,32449
-13.99,1458.76,32460
28.01,1467.82,32473
21.29,1456.41,32484
-22.16,1442.04,32496
-40.78,1446.41,32507
-14.64,1462.60,32520
25.19,1468.06,32531
24.39,1453.38,32543
-19.97,1439.38,32555
-43.88,1445.45,32567
-13.88,1462.69,32578
27.03,1466.47,32589
23.84,1451.05,32602
-18.70,1440.32,32613
-44.85,1448.93,32625
28.02,1465.28,32636
24.19,1466.60,32649
-19.03,1449.26,32660
-44.96,1440.28,32672
-15.84,1450.83,32684
28.48,1465.41,32696
24.27,1463.07,32707
-18.91,1446.30,32719
-44.06,1439.19,32731
-15.98,1452.30,32743
28.25,1467.11,32754
24.23,1462.71,32766
-19.59,1446.48,32778
-42.79,1441.83,32790
-16.90,1455.65,32801
25.04,1467.60,32814
25.50,1459.51,32825
-17.42,1443.09,32837
-42.52,1441.09,32848
-16.14,1456.60,32860
23.67,1467.19,32872
23.98,1457.25,32883
-14.47,1442.81,32896
-42.11,1444.23,32907
-19.04,1459.81,32919
23.03,1469.54,32930
24.26,1456.60,32943
-13.14,1441.14,32954
-41.33,1443.70,32966
-21.29,1460.30,32977
22.49,1467.31,32990
27.00,1453.79,33001
-12.13,1440.63,33013
-42.27,1446.18,33025
21.91,1463.83,33037
27.24,1467.35,33048
-10.65,1452.03,33060
-41.75,1440.53,33072
-24.86,1447.62,33084
20.31,1464.24,33095
29.59,1466.00,33107
-9.81,1448.81,33119
-42.20,1438.68,33131
-24.51,1448.75,33142
20.21,1465.19,33154
28.85,1464.67,33166
-8.21,1448.97,33177
-42.91,1441.92,33189
-26.90,1453.90,33201
20.51,1467.46,33213
30.58,1462.96,33224
-9.24,1445.33,33236
-41.57,1439.44,33248
-25.81,1453.75,33260
17.90,1466.99,33271
31.21,1460.90,33284
-6.79,1444.89,33295
-43.57,1441.51,33307
-26.51,1457.14,33318
18.67,1468.88,33331
29.57,1459.27,33342
-5.89,1443.19,33354
-41.76,1442.46,33366
-28.79,1458.90,33378
17.61,1468.91,33389
30.87,1457.46,33401
-5.16,1440.93,33413
-41.23,1443.05,33424
17.01,1460.09,33436
30.22,1467.38,33447
-4.15,1455.18,33460
-39.78,1441.48,33471
-31.29,1446.34,33483
15.06,1463.98,33495
31.87,1467.72,33507
-4.29,1452.43,33518
-38.99,1439.47,33530
-29.65,1446.09,33542
12.63,1462.80,33554
32.28,1466.36,33565
-0.68,1451.27,33577
-39.91,1440.97,33589
-31.04,1450.25,33601
12.71,1465.56,33612
31.96,1465.40,33625
1.41,1448.78,33636
-39.19,1439.73,33648
-32.49,1451.61,33659
11.95,1466.23,33672
31.67,1463.61,33683
2.33,1445.80,33695
-37.24,1439.61,33707
-34.54,1453.66,33718
10.02,1468.06,33730
33.29,1462.81,33741
3.10,1445.28,33754
-38.68,1440.88,33765
-35.10,1456.55,33777
9.96,1468.43,33788
32.26,1459.88,33801
3.66,1443.26,33812
-37.87,1441.17,33824
10.35,1457.08,33836
33.40,1467.68,33848
3.31,1457.25,33859
-36.21,1442.48,33871
-36.24,1443.53,33883
8.15,1460.19,33895
33.51,1467.68,33906
4.17,1456.08,33918
-36.25,1441.89,33930
-35.58,1445.25,33942
6.70,1461.57,33953
32.08,1466.59,33966
5.29,1452.28,33977
-34.02,1439.53,33988
-34.82,1445.79,34000
3.17,1463.33,34012
31.80,1466.97,34024
8.83,1451.84,34035
-35.48,1440.89,34048
-36.74,1449.69,34059
3.70,1465.81,34071
30.20,1466.34,34082
10.16,1448.97,34095
-32.59,1437.71,34106
-38.59,1448.97,34118
2.92,1465.67,34129
32.19,1464.71,34142
10.71,1447.87,34153
-32.50,1440.22,34165
-40.09,1454.00,34177
1.68,1468.13,34189
32.26,1463.53,34200
10.90,1446.40,34212
-39.92,1439.97,34224
0.43,1454.06,34236
33.14,1466.30,34247
11.72,1459.64,34259
-30.80,1444.06,34271
-39.39,1442.04,34282
-2.29,1456.86,34294
32.01,1468.19,34306
13.72,1458.53,34318
-30.87,1442.22,34329
-40.03,1443.56,34341
-2.60,1460.03,34353
30.14,1468.61,34365
14.75,1456.78,34376
-28.58,1440.58,34388
-41.04,1442.22,34400
-3.40,1460.17,34412
30.90,1467.46,34423
15.16,1455.05,34436
-27.56,1441.46,34447
-41.97,1446.52,34459
-6.09,1463.55,34470
31.06,1467.63,34483
17.21,1453.05,34494
-27.50,1440.31,34506
-41.41,1447.11,34518
-6.74,1464.47,34530
29.68,1465.90,34541
18.50,1449.84,34553
-25.49,1439.44,34565
-43.45,1449.24,34576
-8.05,1465.35,34588
31.06,1465.70,34599
18.95,1449.16,34612
-42.58,1440.79,34623
-10.02,1452.84,34635
29.73,1466.37,34647
20.71,1462.35,34659
-24.44,1444.68,34670
-43.28,1438.26,34682
-8.42,1452.83,34694
30.07,1467.18,34706
19.13,1461.95,34717
-23.19,1445.84,34729
-42.48,1442.49,34741
-11.76,1457.29,34753
28.72,1469.01,34764
20.18,1460.01,34777
-22.10,1442.57,34788
-40.57,1440.69,34800
-12.13,1456.21,34811
27.27,1466.93,34824
22.01,1457.86,34835
-19.80,1442.52,34846
-42.02,1444.48,34859
-14.45,1461.09,34870
25.13,1468.78,34882
24.07,1457.55,34893
-18.01,1442.23,34906
-43.87,1445.10,34917
-15.80,1461.21,34929
25.22,1466.34,34940
24.09,1453.04,34953
-14.77,1439.12,34964
-43.76,1445.51,34976
-18.49,1463.24,34988
25.66,1467.97,35000
25.61,1453.48,35011
-44.07,1442.74,35023
-19.59,1450.49,35035
25.02,1465.90,35047
26.83,1465.46,35058
-14.54,1448.10,35070
-43.61,1438.06,35082
-20.00,1448.68,35094
24.69,1465.33,35105
26.62,1464.09,35118
-14.29,1448.11,35129
-42.96,1440.83,35140
-21.58,1453.98,35152
23.75,1468.95,35164
26.68,1463.85,35176
-14.47,1446.12,35187
-42.24,1439.12,35200
-20.57,1453.60,35211
22.44,1466.99,35223
27.15,1460.59,35234
-13.06,1443.65,35247
-42.52,1440.28,35258
-20.52,1456.75,35270
20.74,1469.28,35281
25.91,1460.97,35294
-9.91,1445.54,35305
-42.87,1444.27,35317
-23.69,1458.45,35329
20.10,1466.76,35341
26.71,1455.42,35352
-6.98,1440.10,35364
-39.72,1443.03,35376
-27.35,1460.07,35388
18.70,1468.47,35399
29.07,1456.01,35410
-40.12,1442.17,35423
-28.53,1447.83,35434
16.09,1463.37,35446
31.34,1467.19,35458
-5.41,1451.51,35470
-40.75,1437.53,35481
-27.73,1445.04,35493
16.75,1462.99,35505
32.00,1466.66,35517
-4.57,1451.55,35528
-43.28,1440.89,35540
-28.53,1450.51,35552
16.29,1467.42,35564
30.92,1467.07,35575
-2.14,1448.81,35588
-41.71,1439.38,35599
-30.91,1449.23,35611
17.34,1464.79,35622
32.11,1463.43,35635
-3.10,1446.11,35646
-40.17,1440.85,35658
-30.80,1454.71,35670
14.66,1468.07,35682
32.28,1463.62,35693
-1.40,1445.68,35704
-40.18,1441.71,35717
-31.52,1456.24,35728
14.24,1466.56,35740
32.78,1459.53,35751
-0.75,1443.08,35764
-38.85,1441.67,35775
-31.85,1458.38,35787
11.26,1468.87,35799
32.09,1457.71,35811
-38.43,1442.00,35822
-32.13,1443.65,35834
10.85,1460.29,35846
31.45,1470.22,35858
1.16,1455.96,35869
-37.26,1440.37,35881
-33.04,1443.65,35893
9.35,1460.05,35905
31.11,1468.08,35916
3.46,1452.98,35929
-36.74,1439.85,35940
-34.36,1446.99,35952
9.18,1462.83,35963
29.84,1468.57,35975
3.41,1453.75,35987
-34.85,1440.87,35998
-36.67,1448.83,36011
6.09,1463.23,36022
32.20,1463.96,36034
5.47,1449.01,36045
-34.06,1438.11,36058
-36.13,1449.13,36069
4.35,1465.60,36081
32.25,1464.83,36092
6.85,1449.01,36105
-35.21,1442.31,36116
-36.87,1453.35,36128
3.43,1467.60,36140
31.13,1463.19,36152
8.79,1444.45,36163
-33.77,1439.93,36175
-37.51,1453.25,36187
3.62,1467.00,36199
31.44,1461.84,36210
-32.98,1444.15,36222
-39.88,1442.94,36234
1.82,1457.84,36246
33.29,1468.24,36257
9.70,1460.35,36269
-33.16,1442.76,36281
-38.57,1441.46,36292
1.11,1457.59,36304
32.68,1466.50,36316
12.42,1455.63,36328
-32.54,1441.61,36339
-40.50,1444.13,36352
0.36,1461.28,36363
31.93,1469.39,36375
12.54,1456.37,36386
-30.37,1442.20,36399
-40.56,1446.52,36410
-1.92,1462.07,36422
31.67,1467.07,36433
13.07,1451.52,36446
-28.62,1438.18,36457
-38.62,1445.73,36469
-3.80,1462.65,36481
30.90,1466.19,36493
16.51,1451.35,36504
-28.72,1441.40,36516
-41.30,1451.59,36528
-4.77,1466.77,36539
30.42,1466.26,36551
17.54,1448.51,36562
-26.08,1437.98,36575
-41.88,1448.84,36586
-5.80,1465.08,36598
32.55,1463.27,36610
-26.34,1447.38,36622
-42.76,1441.40,36633
-7.83,1454.43,36645
31.09,1469.21,36657
19.23,1464.08,36669
-25.79,1444.96,36680
-42.53,1440.79,36692
-8.01,1454.42,36704
31.03,1466.64,36716
20.48,1460.05,36727
-25.19,1442.40,36740
-43.83,1440.99,36751
-8.84,1458.01,36763
29.97,1468.90,36774
20.93,1459.82,36787
-24.10,1443.53,36798
-44.23,1443.97,36809
-10.38,1460.12,36822
30.08,1467.70,36833
20.59,1455.54,36845
-22.63,1440.40,36856
-43.30,1443.24,36869
-10.70,1460.66,36880
28.90,1467.15,36892
20.54,1453.64,36903
-21.33,1442.57,36916
-43.39,1448.01,36927
-13.16,1464.14,36939
28.49,1468.30,36951
20.36,1451.25,36963
-20.18,1439.50,36974
-41.22,1447.55,36986
-14.53,1463.17,36998
26.68,1466.26,37010
-19.33,1450.30,37021
-41.70,1439.81,37033
-15.14,1450.84,37045
25.14,1466.59,37057
24.47,1465.41,37068
-17.10,1448.61,37081
-43.74,1440.01,37092
-16.99,1451.66,37103
24.92,1466.34,37115
26.31,1462.77,37127
-15.69,1445.22,37139
-43.64,1439.35,37150
-18.20,1452.86,37163
25.03,1466.88,37174
27.33,1462.12,37186
-14.69,1445.22,37197
-46.31,1443.69,37210
-19.78,1457.87,37221
25.15,1468.61,37233
25.76,1459.50,37244
-14.04,1441.46,37257
-42.72,1440.49,37268
-21.36,1456.57,37280
25.74,1467.39,37292
27.33,1456.89,37304
-15.49,1442.79,37315
-42.93,1444.66,37327
-20.82,1462.22,37339
23.67,1469.23,37351
26.72,1455.43,37362
-14.28,1441.41,37373
-41.54,1444.66,37386
-21.62,1461.11,37397
21.59,1466.60,37409
-11.35,1452.43,37421
-42.26,1440.62,37433
-23.03,1447.11,37444
19.27,1464.52,37456
27.28,1467.69,37468
-8.51,1450.94,37480
-41.46,1439.97,37491
-25.10,1448.54,37504
18.92,1464.98,37515
28.83,1465.44,37527
-7.03,1448.07,37538
-40.58,1438.73,37551
-27.63,1449.91,37562
18.04,1465.77,37574
30.42,1464.93,37585
-6.32,1448.17,37598
-41.92,1441.26,37609
-28.59,1454.36,37621
17.11,1468.29,37633
31.26,1462.83,37645
-5.28,1446.04,37656
-41.69,1440.46,37667
-30.02,1454.54,37680
16.93,1467.82,37691
31.37,1460.35,37703
-4.38,1444.26,37714
-41.23,1441.80,37727
-29.63,1456.62,37738
16.08,1467.98,37750
31.25,1457.92,37762
-3.90,1441.91,37774
-40.66,1442.71,37785
-29.12,1459.40,37797
15.31,1468.47,37809
-2.44,1457.17,37821
-39.46,1441.89,37832
-30.92,1444.31,37844
13.29,1460.85,37856
30.94,1467.11,37868
-0.15,1454.98,37879
-38.47,1441.13,37892
-32.62,1446.24,37903
11.58,1463.25,37915
31.22,1467.27,37926
1.58,1451.84,37938
-37.90,1439.65,37950
-34.22,1447.21,37961
9.87,1465.39,37974
32.96,1467.22,37985
2.25,1449.58,37997
-38.19,1439.30,38008
-34.11,1448.87,38021
9.34,1465.58,38032
33.07,1466.17,38044
3.64,1449.43,38055
-37.96,1441.12,38068
-35.08,1452.92,38079
9.32,1467.09,38091
32.05,1463.77,38103
4.51,1447.05,38115
-36.00,1440.42,38126
-37.21,1454.04,38138
7.26,1467.49,38150
34.43,1461.26,38162
5.26,1444.79,38173
-36.34,1441.40,38185
-35.90,1456.80,38197
4.94,1469.09,38209
8.19,1459.97,38220
-36.14,1442.82,38232
-37.43,1441.66,38244
5.78,1458.03,38255
32.44,1468.69,38267
8.71,1457.31,38279
-34.86,1440.95,38291
-38.37,1442.30,38302
4.92,1460.12,38315
33.48,1468.82,38326
8.53,1456.71,38338
-34.86,1442.06,38349
-37.95,1445.31,38362
3.20,1461.87,38373
32.55,1467.68,38385
9.94,1453.14,38396
-33.17,1439.83,38409
-38.58,1445.75,38420
2.45,1462.72,38432
32.50,1466.30,38444
10.36,1452.02,38456
-32.18,1441.64,38467
-38.16,1450.01,38479
-0.71,1465.01,38491
30.52,1465.56,38502
12.51,1448.98,38514
-28.92,1439.57,38525
-39.87,1449.73,38538
-2.81,1465.22,38549
30.61,1463.75,38561
13.81,1447.33,38573
-28.60,1440.24,38585
-39.86,1453.61,38596
30.39,1469.07,38608
16.40,1462.50,38620
-27.99,1445.33,38632
-40.68,1439.61,38643
-4.73,1454.49,38656
30.63,1469.62,38667
17.24,1459.67,38679
-28.60,1443.95,38690
-41.01,1439.13,38703
-3.83,1455.64,38714
29.75,1470.79,38726
17.24,1457.85,38737
-27.55,1444.35,38750
-42.74,1443.22,38761
-4.30,1458.11,38772
29.86,1469.37,38785
15.45,1456.14,38796
-23.80,1440.71,38808
-41.07,1442.98,38819
-7.90,1459.50,38832
31.09,1467.76,38843
16.61,1455.39,38855
-24.27,1440.73,38866
-39.50,1447.04,38879
-11.81,1463.38,38890
28.62,1467.11,38902
20.77,1454.04,38914
-23.98,1439.60,38926
-40.61,1446.16,38937
-11.74,1463.91,38949
26.48,1465.09,38961
23.76,1450.11,38973
-21.31,1439.93,38984
-43.92,1449.00,38996
26.46,1466.43,39008
22.84,1465.65,39020
-19.13,1448.41,39031
-44.66,1440.38,39044
-15.42,1451.58,39055
28.04,1466.55,39066
23.18,1465.03,39078
-19.77,1446.13,39090
-43.85,1439.46,39102
-15.96,1453.33,39113
27.37,1466.08,39126
24.67,1462.18,39137
-19.31,1445.64,39149
-44.39,1441.34,39160
-16.42,1457.44,39173
26.70,1468.86,39184
24.02,1460.11,39196
-17.95,1443.83,39207
-42.90,1440.69,39220
-17.50,1457.94,39231
24.85,1468.51,39243
24.96,1457.06,39255
-16.64,1442.70,39267
-42.61,1443.22,39278
-17.10,1459.43,39290
24.16,1468.61,39302
24.42,1456.34,39314
-13.84,1442.30,39325
-42.15,1445.44,39336
-21.60,1461.47,39349
23.50,1468.59,39360
26.98,1454.45,39372
-14.73,1439.32,39384
-41.37,1446.05,39396
21.44,1461.92,39407
28.73,1465.35,39419
-12.19,1452.60,39431
-43.21,1440.42,39443
-22.98,1450.02,39454
20.11,1466.82,39467
29.72,1465.80,39478
-9.68,1450.09,39490
-43.74,1438.92,39501
-23.60,1448.20,39514
20.90,1465.65,39525
28.93,1463.68,39537
-7.38,1446.81,39548
-42.20,1440.20,39561
-27.10,1452.77,39572
20.62,1467.11,39584
30.80,1464.37,39596
-8.35,1445.50,39607
-42.90,1440.28,39619
-26.48,1454.71,39630
19.97,1467.67,39643
29.94,1462.56,39654
-7.05,1444.24,39666
-41.86,1438.98,39677
-28.00,1456.13,39690
19.14,1467.08,39701
31.62,1460.01,39713
-6.82,1444.87,39725
-41.31,1443.61,39737
-29.59,1459.87,39748
17.45,1468.78,39760
32.03,1456.99,39772
-5.41,1441.08,39784
-40.22,1443.19,39795
15.07,1459.63,39808
31.97,1467.45,39819
-3.19,1454.85,39831
-41.42,1441.24,39842
-30.29,1447.07,39855
13.93,1463.08,39866
30.78,1468.14,39878
-0.84,1453.50,39889
-39.48,1438.94,39901
-30.84,1445.98,39913
13.17,1463.71,39924
30.38,1466.48,39937
0.50,1451.21,39948
-38.30,1439.37,39960
-32.66,1447.66,39971
12.47,1464.86,39984
30.56,1466.33,39995
1.82,1450.70,40007
-36.57,1441.82,40018
-35.06,1451.53,40031
9.60,1466.44,40042
32.60,1464.13,40054
2.96,1446.14,40066
-36.53,1439.08,40078
-34.35,1451.93,40089
8.07,1466.59,40101
32.59,1462.53,40113
5.42,1445.96,40125
-37.02,1442.12,40136
-36.83,1456.29,40148
7.10,1468.45,40160
33.58,1461.55,40171
5.55,1443.31,40183
-36.62,1440.99,40195
6.76,1456.90,40207
33.89,1468.38,40218
6.13,1458.90,40230
-37.11,1442.04,40242
-37.57,1441.75,40254
6.00,1458.49,40265
33.82,1467.66,40278
6.91,1457.35,40289
-35.85,1442.91,40301
-37.65,1445.78,40312
3.59,1462.81,40325
32.46,1468.21,40336
9.24,1453.63,40348
-34.61,1438.89,40359
-38.00,1443.67,40372
3.76,1461.92,40383
31.46,1467.14,40395
9.99,1453.09,40407
-32.45,1440.86,40419
-39.75,1449.02,40430
2.34,1464.57,40442
32.19,1466.54,40454
9.50,1450.51,40465
-29.82,1440.03,40477
-39.26,1449.61,40488
-1.13,1464.81,40501
33.34,1464.83,40512
12.46,1447.77,40524
-30.80,1438.34,40536
-39.47,1451.53,40548
-2.75,1466.97,40559
32.31,1464.66,40571
13.46,1448.81,40583
-29.64,1441.66,40595
-4.80,1455.01,40606
30.77,1468.92,40619
16.21,1460.60,40630
-28.77,1442.69,40642
-40.77,1437.98,40653
-3.46,1453.13,40666
30.09,1468.60,40677
16.65,1460.58,40689
-27.98,1444.68,40700
-43.15,1443.11,40713
-4.40,1458.99,40724
30.15,1468.93,40735
15.68,1457.89,40748
-25.04,1441.41,40759
-43.08,1441.96,40771
-6.96,1457.71,40782
31.91,1466.90,40795
17.30,1455.18,40806
-25.72,1440.34,40818
-41.74,1445.56,40829
-9.57,1462.28,40842
29.22,1468.28,40853
19.99,1455.03,40865
-24.86,1441.24,40877
-42.88,1447.24,40889
-9.81,1463.22,40900
28.67,1465.37,40912
20.42,1449.95,40924
-22.54,1437.62,40936
-42.79,1446.69,40947
-11.42,1465.13,40960
29.10,1467.35,40971
20.84,1451.43,40983
185.15,1442.50,40994
26.63,1451.00,41007
22.80,1465.34,41029
-19.63,1463.76,41040
-43.07,1445.91,41052
-13.24,1438.92,41063
27.64,1450.64,41074
21.93,1465.49,41086
-19.64,1462.96,41098
-43.09,1445.93,41109
-16.95,1441.76,41120
26.68,1455.87,41132
25.20,1468.11,41143
-17.63,1461.74,41155
-43.65,1443.64,41166
-17.50,1440.27,41178
26.06,1455.58,41189
25.54,1466.84,41200
-16.70,1458.74,41211
-43.36,1442.95,41223
-17.84,1442.02,41235
25.64,1458.77,41246
25.54,1469.52,41257
-15.78,1457.65,41269
-43.05,1442.39,41280
-19.14,1443.69,41291
24.56,1460.74,41303
25.65,1469.74,41315
-14.89,1454.48,41326
-42.20,1439.05,41337
-20.00,1443.81,41349
23.27,1459.26,41360
26.51,1466.89,41371
-13.67,1452.23,41383
-42.95,1440.59,41395
-21.36,1449.43,41406
21.27,1464.86,41417
25.63,1467.09,41430
-11.45,1451.14,41441
-42.02,1438.35,41453
-22.51,1448.15,41464
21.07,1464.58,41477
26.24,1464.77,41488
-9.42,1449.14,41500
-39.85,1438.96,41511
-24.73,1449.93,41524
19.67,1466.62,41535
26.72,1464.90,41547
-8.33,1448.83,41559
-39.29,1441.42,41571
-26.69,1452.82,41582
16.35,1467.50,41593
29.93,1462.74,41606
-5.92,1443.71,41617
-40.68,1439.18,41629
-27.82,1453.31,41640
16.17,1466.62,41653
31.63,1462.26,41664
-3.13,1445.98,41676
-43.09,1443.95,41688
-30.98,1458.94,41700
15.96,1467.69,41711
32.14,1458.24,41723
-2.11,1441.14,41735
-41.79,1440.28,41747
-30.99,1458.62,41758
17.55,1469.44,41771
30.57,1455.93,41782
-40.38,1441.44,41794
-31.74,1444.29,41805
15.79,1461.91,41818
31.37,1470.48,41829
-4.07,1453.20,41841
-38.72,1439.38,41852
-28.51,1446.19,41864
13.64,1462.41,41876
29.39,1468.71,41887
-2.75,1451.66,41900
-37.95,1437.19,41911
-27.17,1448.06,41923
10.81,1465.28,41934
26.96,1467.54,41947
-0.24,1452.16,41958
-35.67,1437.94,41970
-28.33,1449.39,41981
8.66,1467.43,41994
25.99,1462.94,42005
2.40,1449.09,42017
-33.92,1437.73,42029
-30.23,1450.06,42041
7.36,1470.13,42052
25.42,1461.83,42064
4.70,1447.68,42076
-31.76,1439.93,42088
-33.01,1451.79,42099
4.83,1471.78,42112
27.44,1460.56,42123
5.84,1444.88,42135
-31.98,1440.18,42146
-33.95,1452.38,42158
3.73,1471.37,42170
29.19,1457.95,42181
-33.42,1443.00,42193
-35.70,1441.91,42205
3.55,1456.98,42217
29.17,1473.50,42228
8.32,1457.41,42241
-33.14,1441.99,42252
-36.93,1443.29,42264
3.78,1457.06,42275
30.15,1469.55,42288
8.38,1453.06,42299
-32.83,1438.40,42311
-36.28,1445.33,42322
3.08,1462.01,42335
28.81,1471.03,42346
8.46,1454.75,42358
-32.01,1439.62,42370
-36.98,1447.26,42382
1.69,1462.88,42393
29.46,1468.48,42405
9.57,1451.12,42417
-30.21,1437.18,42428
-36.85,1446.90,42440
0.15,1463.96,42451
28.58,1466.74,42464
10.59,1450.99,42475
-29.35,1440.36,42487
-37.95,1451.11,42499
-1.20,1467.85,42511
28.14,1466.39,42522
11.35,1448.55,42534
-27.50,1439.27,42546
-38.74,1449.87,42558
-2.98,1464.48,42569
30.03,1461.82,42582
-26.86,1446.39,42593
-41.08,1441.43,42605
-6.13,1455.26,42616
30.06,1468.60,42629
16.65,1461.72,42640
-25.70,1445.49,42652
-42.23,1441.63,42663
-8.40,1456.32,42676
30.91,1468.45,42687
19.03,1457.66,42699
-26.68,1440.08,42711
-41.34,1440.32,42722
-7.41,1457.40,42734
29.33,1470.00,42745
19.08,1456.86,42758
-26.89,1441.73,42769
-42.37,1445.08,42781
-6.34,1462.86,42792
28.08,1472.17,42805
16.45,1454.80,42816
-25.80,1438.42,42828
-40.26,1444.13,42840
-6.35,1461.08,42852
27.22,1467.22,42863
16.22,1452.24,42875
-23.03,1437.16,42887
-37.41,1448.69,42899
-8.85,1466.12,42910
23.21,1467.70,42923
16.12,1453.46,42934
-20.46,1439.27,42946
-36.54,1449.58,42957
-11.25,1467.26,42970
21.62,1463.04,42981
-18.05,1448.17,42992
-36.64,1436.46,43004
-12.90,1447.53,43016
20.16,1468.36,43028
20.61,1463.37,43039
-15.51,1448.97,43052
-39.78,1440.60,43063
-15.58,1452.88,43075
20.66,1472.42,43086
21.86,1461.04,43099
-13.60,1445.33,43110
-39.38,1438.05,43122
-17.30,1450.89,43133
21.72,1470.96,43146
24.30,1457.56,43157
-13.50,1444.40,43169
-41.39,1442.90,43181
-18.98,1456.62,43193
21.93,1474.09,43204
23.42,1457.82,43216
-13.57,1441.46,43228
-39.67,1442.28,43240
-19.59,1457.00,43251
21.80,1471.16,43264
25.25,1454.45,43275
-13.61,1438.52,43286
-40.69,1443.58,43298
-18.25,1459.39,43310
21.71,1470.65,43322
24.51,1455.05,43333
-12.76,1440.15,43345
-39.60,1447.91,43357
-19.89,1463.97,43369
19.15,1469.89,43380
-11.01,1452.70,43393
-38.80,1436.70,43404
-19.77,1444.98,43416
18.19,1463.18,43427
26.07,1466.51,43440
-9.16,1451.16,43451
-40.17,1438.86,43463
-21.75,1450.64,43474
17.42,1467.43,43487
24.63,1466.15,43498
-6.61,1449.27,43510
-39.53,1438.52,43522
-24.83,1449.50,43534
17.62,1466.49,43545
27.13,1462.12,43556
-5.70,1445.85,43569
-39.32,1438.91,43580
-26.67,1452.44,43592
17.00,1468.86,43603
28.19,1463.99,43616
-4.76,1447.43,43627
-39.68,1442.02,43639
-29.89,1455.23,43651
15.96,1467.91,43663
31.30,1460.14,43674
-2.78,1442.44,43686
-40.04,1440.39,43698
-31.31,1455.89,43710
15.85,1468.14,43721
33.16,1459.90,43734
-2.53,1443.03,43745
-40.89,1444.35,43757
-31.54,1461.53,43768
14.59,1469.05,43781
-1.77,1457.56,43792
-42.22,1440.99,43804
-30.65,1442.44,43815
15.56,1460.28,43827
32.86,1465.50,43839
-0.48,1452.51,43850
-40.48,1439.85,43863
-31.90,1445.46,43874
13.44,1464.47,43886
30.94,1469.30,43897
-1.18,1454.09,43910
-38.46,1443.13,43921
-33.12,1449.53,43933
10.60,1464.44,43944
31.91,1465.45,43957
1.33,1447.41,43968
-37.19,1436.22,43980
-32.16,1447.24,43992
9.18,1464.33,44004
31.34,1465.97,44015
2.98,1451.22,44027
-37.86,1442.20,44039
-34.55,1454.61,44051
7.46,1468.28,44062
30.63,1463.67,44075
5.26,1446.84,44086
-35.37,1438.24,44097
-36.35,1451.09,44109
7.38,1466.39,44121
32.35,1460.53,44133
6.23,1444.29,44144
-33.59,1442.05,44156
-37.80,1456.95,44168
3.98,1469.69,44180
5.86,1462.34,44191
-35.02,1444.25,44204
-35.95,1442.21,44215
3.40,1456.73,44227
32.29,1466.50,44238
10.00,1456.83,44251
-33.58,1440.31,44262
-38.69,1442.25,44274
2.25,1460.89,44285
31.63,1468.39,44298
10.36,1457.43,44309
-33.49,1442.72,44321
-39.60,1445.06,44333
2.07,1462.41,44345
31.51,1468.05,44356
10.58,1453.31,44368
-31.26,1440.02,44380
-40.97,1445.82,44391
0.30,1462.14,44403
32.58,1466.24,44414
11.71,1451.26,44427
-30.72,1440.31,44438
-40.48,1448.64,44450
-2.07,1465.14,44462
31.65,1467.76,44474
12.96,1451.96,44485
-29.73,1441.40,44497
-40.64,1451.15,44509
-4.38,1465.71,44521
31.23,1463.44,44532
15.44,1446.14,44545
-28.93,1437.31,44556
-39.99,1450.50,44568
29.78,1466.68,44579
15.89,1464.29,44592
-27.41,1448.42,44603
-42.79,1442.43,44615
-6.34,1455.65,44626
30.08,1468.40,44639
16.18,1461.17,44650
-24.82,1443.32,44661
-40.68,1438.84,44674
-7.80,1453.62,44685
30.64,1466.24,44697
19.51,1459.26,44708
-25.39,1443.69,44721
-42.60,1444.49,44732
-10.30,1460.44,44744
29.56,1469.51,44755
19.94,1459.06,44768
-24.57,1440.98,44779
-42.34,1441.54,44791
-10.06,1458.07,44803
29.02,1465.38,44815
22.31,1454.83,44826
-23.09,1440.57,44838
-44.97,1445.92,44850
-10.44,1463.99,44862
28.20,1469.14,44873
20.32,1455.64,44886
-20.25,1441.71,44897
-44.56,1446.71,44909
-13.94,1463.14,44920
30.09,1465.66,44933
21.13,1450.11,44944
-20.28,1439.07,44955
-40.92,1448.39,44967
27.58,1464.86,44979
23.65,1466.26,44991
-21.06,1449.95,45002
-41.81,1440.96,45015
-15.04,1452.42,45026
24.56,1466.84,45038
24.78,1465.69,45049
-17.30,1447.51,45062
-43.90,1437.67,45073
-15.76,1450.37,45085
25.34,1464.30,45096
24.58,1461.35,45109
-14.33,1446.13,45120
-43.32,1441.83,45132
-19.58,1456.83,45144
25.68,1469.15,45156
25.63,1462.24,45167
-14.47,1445.01,45179
-42.36,1441.32,45191
-20.19,1455.49,45203
23.67,1466.11,45214
28.15,1457.51,45225
-12.54,1440.70,45238
-42.89,1441.68,45249
-21.93,1459.86,45261
23.41,1469.51,45273
27.24,1458.76,45285
-12.62,1442.78,45296
-43.19,1445.47,45308
-23.04,1461.62,45320
22.53,1469.43,45332
28.80,1453.67,45343
-11.75,1438.39,45356
-42.09,1442.77,45367
22.56,1460.45,45379
28.37,1467.78,45390
-12.42,1453.39,45403
-43.13,1442.44,45414
-22.93,1450.75,45426
20.89,1465.11,45437
28.20,1466.78,45450
-9.48,1449.48,45461
-41.01,1438.30,45473
-24.33,1448.38,45485
20.16,1463.32,45497
28.13,1463.79,45508
-8.06,1448.11,45519
-39.93,1439.43,45532
-25.71,1451.94,45543
15.95,1468.01,45555
29.23,1463.99,45566
-6.45,1447.38,45579
-39.94,1440.36,45590
-26.42,1453.88,45602
14.83,1468.83,45614
28.83,1460.11,45626
-4.20,1443.57,45637
-39.90,1438.21,45649
-26.70,1453.42,45661
15.32,1470.02,45673
28.55,1460.27,45684
-3.19,1446.08,45697
-40.12,1444.36,45708
-29.29,1458.67,45720
14.75,1471.53,45731
28.44,1456.39,45744
-2.30,1440.65,45755
-37.74,1441.10,45767
14.43,1456.07,45778
29.17,1468.12,45790
-2.03,1455.73,45802
-36.04,1441.26,45813
-31.96,1446.91,45826
10.62,1462.02,45837
31.26,1468.89,45849
-0.69,1455.43,45860
-36.83,1439.90,45873
-33.04,1446.68,45884
8.71,1462.25,45896
33.65,1465.19,45907
2.77,1450.56,45920
-38.80,1437.46,45931
-33.31,1445.90,45943
8.80,1464.67,45955
32.20,1466.88,45967
4.82,1451.21,45978
-39.75,1442.20,45990
-36.76,1451.16,46002
10.78,1466.28,46014
33.25,1464.28,46025
5.36,1445.01,46038
-37.69,1438.22,46049
-37.45,1451.44,46061
10.81,1465.89,46072
34.63,1463.61,46084
2.65,1446.35,46096
-37.27,1442.03,46107
-36.05,1456.54,46119
7.75,1468.39,46131
33.62,1461.50,46143
4.52,1444.01,46154
-36.71,1440.57,46167
7.51,1456.41,46178
31.02,1468.11,46190
6.14,1458.41,46201
-34.04,1441.93,46214
-35.97,1441.71,46225
5.71,1458.13,46237
31.49,1467.87,46248
7.49,1457.57,46261
-32.48,1443.30,46272
-37.91,1444.98,46284
2.11,1461.16,46296
32.48,1467.33,46308
10.64,1453.14,46319
-32.69,1438.88,46331
-37.86,1443.55,46343
1.54,1460.98,46354
32.61,1467.23,46366
11.46,1453.52,46377
-32.76,1441.79,46390
-40.71,1449.06,46401
0.44,1464.36,46413
33.27,1466.50,46425
12.33,1449.82,46437
-32.06,1438.59,46448
-40.67,1448.41,46460
-0.05,1464.72,46472
34.38,1464.66,46484
12.63,1448.08,46495
-32.14,1440.20,46508
-41.80,1452.93,46519
-0.73,1468.39,46531
33.96,1464.26,46542
11.69,1446.71,46555
-31.59,1439.78,46566
-1.12,1452.59,46578
33.03,1466.83,46589
13.14,1461.39,46602
-30.68,1443.50,46613
-40.10,1440.62,46624
-2.24,1455.44,46637
30.95,1467.92,46648
14.09,1461.07,46660
-29.68,1444.47,46671
-40.46,1443.39,46684
-2.95,1457.65,46695
30.30,1465.48,46707
15.58,1455.70,46718
-26.04,1440.55,46731
-40.83,1443.70,46742
-5.89,1461.29,46754
28.58,1468.65,46766
16.16,1456.31,46778
-25.29,1441.27,46789
-41.40,1444.13,46801
-6.58,1462.00,46813
29.31,1467.36,46825
17.13,1451.52,46836
-24.14,1439.64,46849
-42.04,1446.37,46860
-9.00,1464.24,46872
30.81,1468.08,46883
18.63,1450.11,46896
-27.01,1439.01,46907
-41.50,1449.96,46918
-7.91,1465.95,46930
28.22,1467.52,46942
20.67,1449.06,46954
-26.14,1439.30,46965
-5.68,1451.63,46978
28.49,1465.28,46989
17.49,1462.64,47001
-21.39,1446.74,47012
-43.80,1439.27,47025
-10.15,1453.34,47036
30.97,1467.88,47048
17.86,1461.59,47059
-22.69,1446.16,47072
-41.81,1441.81,47083
-13.13,1455.66,47095
29.05,1468.34,47107
21.36,1459.32,47119
-22.04,1442.58,47130
-41.45,1442.30,47142
-13.30,1457.40,47154
26.94,1467.79,47166
23.12,1457.52,47177
-20.30,1441.21,47188
-43.66,1443.55,47201
-13.25,1460.96,47212
27.47,1469.01,47224
23.39,1457.28,47236
-19.71,1441.38,47248
-44.50,1444.31,47259
-14.53,1461.42,47271
28.73,1466.50,47283
23.62,1452.82,47295
-18.36,1440.24,47306
-43.98,1446.04,47319
-16.72,1463.87,47330
27.78,1467.46,47342
25.13,1450.84,47353
-19.04,1440.51,47366
-17.13,1449.11,47377
26.53,1464.38,47389
25.93,1465.03,47400
-17.44,1448.36,47413
-44.70,1439.03,47424
-16.63,1450.40,47436
25.96,1465.89,47448
24.69,1463.91,47460
-16.21,1447.13,47471
-43.95,1439.98,47482
-18.84,1453.66,47495
26.38,1468.32,47506
25.40,1461.91,47518
-17.41,1444.65,47529
-43.02,1439.08,47542
-17.43,1454.17,47553
23.94,1467.81,47565
25.88,1460.66,47577
-15.63,1445.02,47589
-43.26,1443.14,47600
-18.47,1457.78,47612
22.49,1468.40,47624
24.51,1458.79,47636
-12.85,1442.19,47647
-41.13,1443.05,47660
-20.73,1458.18,47671
20.09,1467.06,47683
26.12,1456.37,47694
-10.04,1441.55,47707
-40.53,1444.79,47718
-24.14,1462.22,47730
18.66,1468.29,47741
27.19,1455.30,47753
-40.57,1441.40,47765
-25.85,1446.11,47777
17.73,1463.46,47789
29.98,1467.04,47800
-7.01,1451.21,47812
-42.36,1439.50,47823
-27.24,1446.22,47836
18.94,1463.73,47847
31.75,1467.20,47859
-6.44,1450.75,47870
-44.19,1441.16,47883
-29.28,1451.07,47894
19.43,1466.09,47906
32.59,1464.99,47918
-6.91,1447.20,47930
-44.13,1438.86,47941
-28.32,1451.38,47953
20.06,1465.94,47965
32.70,1461.83,47977
-7.28,1445.01,47988
-43.46,1440.63,48001
-27.77,1455.77,48012
19.21,1468.98,48024
30.96,1462.10,48035
-7.93,1444.67,48047
-41.70,1441.50,48059
-26.35,1456.70,48070
16.88,1468.26,48082
30.39,1458.64,48094
-5.54,1442.25,48106
-40.82,1440.87,48117
-26.69,1457.80,48130
15.50,1468.17,48141
28.75,1458.25,48153
-39.12,1443.36,48164
-30.72,1444.21,48177
13.86,1460.45,48188
29.81,1467.04,48200
-0.88,1454.63,48211
-36.87,1441.23,48224
-32.52,1445.24,48235
11.69,1461.99,48247
31.79,1466.91,48259
1.14,1452.52,48271
-37.59,1440.16,48282
-32.91,1447.23,48294
9.74,1464.00,48306
32.85,1466.22,48317
2.63,1450.83,48329
-38.49,1439.60,48340
-34.45,1449.71,48353
10.03,1466.05,48364
33.38,1465.09,48376
2.74,1447.88,48388
-38.67,1438.38,48400
-34.28,1450.19,48411
9.78,1466.50,48423
33.01,1464.33,48435
3.91,1447.51,48447
-38.79,1440.38,48458
-35.17,1453.21,48471
9.07,1467.32,48482
32.21,1461.79,48494
4.60,1445.32,48505
-36.34,1440.49,48518
-35.77,1455.45,48529
8.37,1467.14,48541
32.31,1459.46,48552
-34.86,1443.30,48565
-36.05,1442.18,48576
6.16,1458.65,48588
31.41,1467.90,48600
7.08,1458.00,48611
-33.63,1442.13,48623
-37.48,1442.93,48634
4.44,1459.84,48647
32.62,1467.44,48658
7.79,1455.73,48670
-34.21,1441.42,48681
-36.86,1444.26,48694
3.31,1462.43,48705
32.83,1468.62,48717
9.05,1453.37,48729
-33.41,1440.47,48741
-37.61,1446.21,48752
2.27,1463.09,48764
32.19,1468.66,48776
11.04,1450.82,48788
-34.17,1439.89,48799
-37.58,1449.25,48812
2.02,1464.44,48823
30.05,1466.80,48835
11.62,1449.87,48846
-31.63,1439.37,48859
-40.11,1450.65,48870
1.37,1464.93,48881
31.27,1464.16,48893
12.10,1448.56,48905
-28.42,1439.99,48917
-41.09,1452.82,48928
-2.58,1467.84,48941
33.25,1462.06,48952
-29.33,1446.22,48964
-40.00,1440.55,48975
-4.30,1454.19,48988
32.62,1468.36,48999
15.26,1460.35,49011
-29.76,1443.44,49022
-39.56,1440.34,49035
-3.81,1455.63,49046
29.98,1468.18,49058
18.27,1459.57,49070
-29.15,1442.81,49082
-43.69,1442.99,49093
-3.37,1459.25,49105
30.92,1467.93,49117
16.40,1457.29,49129
-25.98,1440.58,49140
-43.99,1443.13,49153
-6.24,1460.34,49164
32.64,1466.28,49175
16.93,1454.70,49187
-26.89,1440.76,49199
-42.89,1445.60,49211
-8.51,1463.80,49222
31.56,1467.57,49234
18.76,1452.68,49246
-26.07,1440.51,49258
-42.72,1447.06,49269
-8.74,1463.95,49282
30.95,1467.05,49293
19.19,1450.01,49305
-27.13,1439.43,49316
-40.98,1448.72,49329
-8.21,1464.56,49340
27.38,1465.79,49352
-23.57,1449.80,49363
-43.42,1440.88,49376
-9.26,1452.68,49387
27.41,1465.97,49399
18.68,1463.07,49411
-21.14,1446.02,49423
-41.21,1438.43,49434
-11.72,1452.73,49445
26.39,1466.03,49458
19.97,1461.13,49469
-19.38,1445.48,49481
-41.57,1441.84,49492
-15.18,1456.57,49505
25.85,1468.12,49516
21.97,1460.41,49528
-17.93,1443.55,49540
-41.58,1441.73,49552
-17.02,1457.49,49563
25.51,1467.68,49575
24.85,1457.22,49587
-17.55,1441.24,49599
-42.36,1442.86,49610
-17.39,1459.98,49623
25.44,1468.68,49634
26.13,1457.70,49646
-17.30,1441.98,49657
-43.81,1445.52,49670
-16.94,1462.65,49681
24.49,1467.64,49693
26.31,1453.38,49704
-15.12,1439.50,49716
-43.94,1444.73,49728
-18.03,1462.27,49739
25.16,1467.39,49752
-14.16,1452.99,49763
-44.12,1441.66,49775
-21.51,1450.01,49786
25.05,1465.71,49799
27.28,1466.71,49810
-14.04,1448.84,49822
-42.86,1439.06,49833
-22.03,1449.83,49846
24.12,1464.92,49857
29.79,1463.82,49869
-13.35,1446.74,49881
-44.09,1440.32,49893
-21.64,1453.96,49904
22.67,1468.37,49916
28.53,1463.45,49928
-12.98,1445.98,49940
-44.31,1440.51,49951
-21.38,1454.88,49964
23.97,1467.07,49975
28.39,1459.71,49986
-12.04,1443.04,49998
-43.80,1441.20,50010
-22.45,1457.72,50022
22.31,1468.44,50033
27.15,1459.20,50045
-11.16,1443.04,50057
-42.49,1443.06,50069
-24.24,1459.63,50080
20.31,1467.96,50093
27.48,1456.19,50104
-9.06,1441.56,50116
-41.04,1443.91,50127
-25.73,1460.67,50140
0.45,1467.58,50151
0.00,1454.67,50163
-40.41,1441.02,50174
-25.82,1446.72,50187
17.27,1462.37,50198
29.39,1466.59,50210
-5.84,1452.31,50222
-40.34,1440.16,50234
-28.15,1448.80,50245
15.21,1464.53,50257
29.72,1465.38,50269
-4.09,1448.91,50280
-39.79,1438.50,50292
-29.57,1449.63,50304
14.44,1466.48,50316
30.10,1465.69,50327
-3.67,1448.59,50339
-40.68,1439.71,50351
-30.53,1452.16,50363
14.64,1468.03,50374
30.89,1462.72,50386
-3.00,1445.34,50398
-40.02,1438.11,50410
-30.29,1453.20,50421
14.41,1468.86,50434
30.81,1461.33,50445
-2.45,1445.14,50457
-40.27,1441.43,50468
-30.56,1456.59,50481
13.80,1468.74,50492
30.88,1458.82,50504
-0.67,1442.81,50515
-38.44,1443.01,50528
-31.41,1457.59,50539
30.20,1467.92,50550
0.05,1457.01,50563
-35.67,1441.19,50574
-33.76,1445.29,50586
9.46,1461.08,50597
32.88,1468.79,50610
0.86,1456.30,50621
-36.85,1440.38,50633
-32.05,1444.77,50644
7.53,1461.83,50657
31.52,1468.31,50668
5.30,1453.18,50680
-36.44,1439.38,50692
-34.26,1446.21,50704
8.42,1463.14,50715
31.79,1467.24,50727
6.70,1450.93,50739
-36.60,1440.32,50751
-36.59,1448.64,50762
8.36,1464.33,50775
32.28,1465.78,50786
7.09,1448.87,50798
-34.63,1439.59,50809
-39.04,1450.84,50822
6.16,1466.49,50833
34.44,1463.82,50844
6.26,1446.87,50856
-35.08,1440.17,50868
-37.81,1453.54,50880
3.43,1468.63,50891
34.41,1461.73,50904
7.17,1444.95,50915
-36.81,1440.11,50927
-34.62,1455.22,50938
30.68,1468.90,50951
9.47,1459.50,50962
-35.63,1443.39,50974
-36.79,1441.50,50985
5.70,1457.52,50998
28.21,1468.80,51009
8.75,1458.44,51021
-31.44,1442.83,51033
-38.92,1443.11,51045
3.27,1458.85,51056
29.94,1467.99,51068
8.35,1457.28,51080
-28.99,1441.22,51092
-37.92,1444.72,51103
-2.58,1460.27,51115
30.30,1466.12,51127
13.03,1453.94,51138
-29.53,1440.56,51150
-39.94,1447.03,51162
-2.90,1463.90,51174
30.04,1468.06,51185
14.45,1452.25,51197
-28.07,1439.11,51209
-41.20,1447.21,51221
-4.81,1463.69,51232
31.30,1465.93,51245
16.47,1449.87,51256
-27.31,1439.84,51268
-42.59,1450.15,51279
-5.65,1466.48,51292
32.50,1465.63,51303
16.47,1448.30,51315
-28.14,1439.93,51326
-42.69,1451.86,51339
33.68,1467.28,51350
18.83,1462.84,51362
-28.53,1444.13,51374
-42.90,1438.84,51385
-5.12,1453.39,51397
31.78,1468.50,51408
18.11,1462.40,51421
-27.60,1445.34,51432
-42.91,1441.67,51444
-5.84,1456.88,51456
31.49,1467.47,51468
18.24,1458.54,51479
-26.41,1442.09,51491
-42.19,1441.69,51503
-5.58,1458.31,51515
28.91,1468.31,51526
17.34,1457.56,51538
-22.60,1443.26,51550
-41.54,1445.01,51562
-10.85,1461.08,51573
29.11,1468.61,51586
19.17,1454.75,51597
-21.58,1439.76,51609
-39.97,1444.10,51620
-12.57,1460.75,51633
27.26,1468.45,51644
21.51,1453.95,51656
-21.52,1441.08,51667
-41.90,1447.63,51679
-14.43,1463.74,51691
26.03,1466.80,51702
24.11,1451.23,51715
-20.44,1440.50,51726
-45.17,1448.51,51738
27.45,1464.80,51749
22.96,1464.87,51762
-18.73,1448.92,51773
-43.92,1440.43,51785
-16.55,1451.54,51796
25.83,1466.96,51809
23.68,1463.99,51820
-18.77,1446.32,51832
-42.91,1439.55,51844
-15.28,1452.11,51856
25.17,1467.01,51867
22.72,1461.89,51879
-15.76,1445.48,51891
-42.92,1440.30,51903
-18.28,1455.22,51914
25.14,1468.22,51927
23.46,1460.89,51938
-16.19,1443.93,51949
-41.77,1440.96,51961
-20.10,1456.35,51973
23.37,1467.51,51985
26.12,1458.24,51996
-14.50,1443.33,52008
-42.27,1443.94,52020
-21.55,1459.48,52032
21.41,1468.17,52043
27.46,1455.99,52056
-11.28,1440.31,52067
-41.89,1442.93,52079
-22.05,1460.04,52090
21.60,1468.60,52103
27.13,1455.68,52114
-10.23,1441.75,52126
-42.08,1446.52,52137
21.40,1462.65,52150
27.68,1466.72,52161
-8.50,1452.84,52173
-41.47,1439.67,52185
-25.98,1446.93,52197
20.18,1464.86,52208
29.54,1466.56,52220
-8.02,1450.91,52232
-41.30,1440.30,52243
-27.38,1449.14,52255
17.92,1465.44,52267
30.95,1465.19,52279
-5.80,1448.90,52290
-42.03,1440.90,52302
-28.19,1452.01,52314
17.92,1466.68,52326
31.08,1463.55,52337
-5.01,1446.04,52349
-41.78,1439.22,52361
-28.92,1453.22,52373
16.97,1468.06,52384
32.09,1462.85,52397
-5.55,1445.98,52408
-41.66,1441.61,52420
-29.15,1455.85,52431
14.96,1468.18,52444
30.58,1460.43,52455
-2.27,1442.95,52467
-41.00,1440.27,52478
-29.57,1456.51,52491
15.55,1467.84,52502
30.33,1458.84,52513
-2.21,1443.20,52526
-38.82,1443.92,52537
12.98,1460.24,52549
31.07,1468.53,52560
-0.79,1456.62,52573
-37.86,1441.27,52584
-31.81,1443.44,52596
9.91,1460.11,52608
31.64,1466.11,52620
2.91,1453.37,52631
-37.42,1440.51,52643
-33.74,1445.41,52655
8.71,1463.66,52667
30.90,1468.14,52678
3.13,1452.54,52690
-37.11,1441.44,52702
-34.59,1448.43,52714
7.85,1463.91,52725
31.59,1466.48,52738
6.28,1448.85,52749
-37.07,1438.00,52761
-35.99,1448.73,52772
7.91,1464.64,52785
31.14,1464.70,52796
5.49,1449.30,52807
-35.08,1440.88,52819
-38.27,1453.65,52831
6.19,1467.52,52843
32.35,1463.04,52854
5.61,1446.18,52867
-33.87,1438.63,52878
-36.34,1452.73,52890
3.06,1467.38,52901
31.82,1461.40,52914
9.05,1445.00,52925
-33.69,1440.59,52937
3.36,1455.57,52948
31.44,1468.69,52961
8.91,1461.22,52972
-32.62,1444.60,52984
-38.76,1443.39,52996
-0.15,1458.22,53008
31.79,1467.52,53019
12.60,1457.41,53031
-31.18,1440.47,53043
-39.44,1441.00,53055
0.66,1458.29,53066
31.39,1467.10,53078
11.67,1456.78,53090
-29.78,1443.49,53101
-40.53,1446.61,53113
-3.29,1463.86,53125
31.38,1468.08,53137
14.05,1453.27,53148
-28.16,1439.58,53160
-39.30,1443.93,53172
-4.07,1461.39,53184
29.85,1466.65,53195
16.01,1451.99,53208
-27.33,1440.65,53219
-42.07,1449.57,53231
-6.23,1465.87,53242
30.14,1467.80,53255
18.02,1451.14,53266
-26.54,1439.53,53278
-42.85,1449.80,53289
-6.75,1464.85,53302
31.64,1463.76,53313
18.82,1447.07,53325
-43.32,1438.80,53337
-7.92,1451.95,53349
31.61,1467.45,53360
19.76,1464.21,53371
-26.67,1448.20,53384
-43.30,1442.00,53395
-8.95,1455.68,53407
29.35,1468.17,53419
20.27,1461.26,53431
-23.63,1443.32,53442
-43.37,1439.46,53454
-9.30,1454.48,53466
30.41,1466.99,53478
19.16,1459.67,53489
-24.66,1444.49,53501
-42.12,1444.08,53513
-12.28,1460.52,53525
27.29,1469.18,53536
22.02,1457.83,53549
-22.15,1441.44,53560
-42.55,1442.50,53572
-11.19,1458.74,53583
26.30,1466.60,53596
21.30,1455.06,53607
-18.99,1440.71,53618
-42.25,1445.00,53630
-14.93,1463.11,53642
25.87,1468.52,53654
21.58,1455.45,53665
-18.03,1442.08,53678
-41.40,1447.19,53689
-16.59,1464.29,53701
24.46,1466.14,53712
23.48,1450.29,53725
-41.48,1438.36,53736
-19.09,1447.16,53748
24.16,1463.84,53760
26.75,1465.46,53772
-16.11,1450.16,53783
-43.97,1442.15,53795
-19.36,1452.54,53807
23.39,1467.32,53819
26.33,1465.02,53830
-13.87,1446.98,53842
-42.84,1438.79,53854
-20.78,1451.83,53866
23.82,1465.30,53877
28.13,1462.09,53890
-13.33,1445.45,53901
-43.71,1440.39,53912
-20.95,1456.44,53924
22.17,1469.55,53936
27.53,1462.46,53948
-12.23,1445.43,53959
-43.52,1441.45,53971
-22.49,1456.76,53983
22.66,1467.20,53995
28.48,1457.48,54006
-11.06,1440.39,54019
-42.64,1440.84,54030
-23.18,1457.79,54042
21.03,1468.71,54053
28.92,1458.89,54066
-9.99,1443.92,54077
-43.57,1447.20,54089
-26.10,1461.85,54100
20.83,1467.76,54113
29.05,1453.73,54124
-40.15,1437.96,54136
-25.62,1442.95,54148
18.83,1460.32,54160
30.39,1466.34,54171
-8.30,1453.35,54182
-41.41,1442.47,54195
-27.51,1449.81,54206
16.83,1466.32,54218
30.32,1467.33,54230
-5.85,1449.98,54242
-40.57,1439.01,54253
-27.44,1448.20,54265
16.23,1464.79,54277
31.08,1464.38,54289
-3.07,1446.65,54300
-40.27,1438.31,54312
-29.31,1450.94,54324
16.10,1467.48,54336
30.13,1465.56,54347
-3.44,1448.60,54360
-40.36,1441.16,54371
-30.09,1454.94,54383
13.66,1468.42,54394
31.28,1461.42,54407
-1.71,1443.60,54418
-39.84,1437.57,54430
-29.36,1453.11,54441
14.84,1467.52,54454
29.78,1460.64,54465
-0.91,1446.11,54476
-37.67,1444.61,54489
-34.28,1459.74,54500
11.48,1469.84,54512
31.64,1457.96,54523
-35.63,1441.63,54536
-33.09,1442.30,54547
8.21,1457.48,54559
33.39,1466.63,54571
2.94,1455.50,54583
-38.08,1439.47,54594
-33.42,1444.83,54606
8.42,1462.11,54618
31.38,1468.36,54630
4.45,1455.41,54641
-38.20,1441.04,54653
-36.20,1446.46,54665
8.99,1462.95,54677
32.50,1466.20,54688
4.73,1450.95,54701
-36.25,1438.70,54712
-37.08,1446.95,54724
8.57,1464.24,54735
33.36,1466.49,54747
4.21,1450.96,54759
-35.14,1441.77,54770
-36.77,1452.13,54782
4.08,1466.91,54794
32.80,1465.16,54806
6.52,1445.74,54817
-34.88,1438.31,54830
-35.99,1451.31,54841
3.88,1466.40,54853
32.06,1463.39,54864
8.38,1445.56,54877
-34.55,1439.68,54888
-36.91,1455.12,54900
2.49,1468.21,54912
31.75,1462.45,54924
-33.77,1445.85,54935
-39.33,1441.66,54947
2.79,1455.88,54959
33.27,1467.38,54971
11.08,1458.26,54982
-32.58,1442.43,54994
-39.25,1441.62,55006
1.21,1456.98,55018
32.96,1467.88,55029
12.14,1456.96,55041
-32.19,1442.74,55053
-40.28,1446.16,55064
-0.82,1461.53,55076
31.15,1469.20,55088
12.41,1455.66,55100
-29.65,1438.92,55111
-39.64,1444.19,55123
-2.27,1460.86,55135
31.65,1466.87,55147
14.75,1452.80,55158
-30.04,1440.00,55171
-40.44,1447.35,55182
-3.73,1464.67,55194
30.29,1467.61,55205
16.39,1452.21,55218
-28.12,1441.17,55229
-42.66,1449.24,55241
-5.10,1465.58,55252
31.19,1465.29,55265
16.58,1448.20,55276
-26.53,1438.96,55288
-43.04,1449.54,55300
-6.92,1465.67,55311
32.43,1464.28,55323
-27.89,1447.61,55334
-42.31,1442.04,55347
-7.39,1454.63,55358
29.37,1468.85,55370
17.99,1463.21,55382
-25.61,1444.53,55394
-42.82,1439.56,55405
-7.32,1453.93,55417
29.83,1466.86,55429
17.88,1460.79,55441
-24.37,1444.17,55452
-42.08,1442.45,55464
-9.49,1458.05,55476
28.45,1469.27,55488
19.07,1459.18,55499
-23.29,1443.90,55512
-41.73,1443.53,55523
-11.53,1459.23,55535
27.17,1467.71,55546
20.89,1455.64,55559
-19.85,1440.18,55570
-42.27,1442.78,55581
-13.62,1459.78,55593
27.69,1468.10,55605
21.98,1455.36,55617
-19.60,1442.70,55628
-41.99,1448.22,55641
-16.15,1464.68,55652
25.22,1468.17,55664
24.43,1451.38,55675
-17.07,1437.96,55688
-43.91,1445.06,55699
-16.45,1462.10,55711
27.99,1465.32,55723
-17.15,1451.23,55735
-44.78,1441.13,55746
-19.48,1451.45,55758
27.20,1467.92,55770
25.71,1466.09,55782
-17.06,1448.47,55793
-44.27,1439.47,55805
-19.29,1450.47,55817
27.13,1466.23,55829
27.64,1462.48,55840
-16.90,1444.21,55853
-44.11,1438.98,55864
-19.21,1453.51,55875
25.20,1468.59,55887
26.95,1463.19,55899
-16.13,1446.09,55911
-44.91,1442.76,55922
-19.74,1457.33,55934
24.67,1468.37,55946
27.10,1459.41,55958
-13.57,1442.20,55969
-43.06,1440.51,55982
-20.67,1456.20,55993
24.59,1468.12,56005
26.46,1458.28,56016
-11.89,1443.36,56029
-41.54,1445.06,56040
-23.40,1461.02,56052
22.57,1469.14,56064
27.61,1455.96,56076
-11.55,1440.96,56087
-40.57,1445.23,56099
-24.30,1460.83,56111
29.13,1466.67,56123
-8.91,1452.18,56134
-41.60,1438.63,56145
-25.56,1446.27,56158
19.01,1464.31,56169
29.64,1467.59,56181
-8.27,1453.05,56193
-42.83,1441.84,56205
-27.86,1450.22,56216
17.97,1466.29,56228
31.19,1464.82,56240
-6.32,1447.09,56252
-42.88,1437.56,56263
-27.53,1448.30,56275
17.89,1466.95,56287
31.35,1465.49,56299
-6.05,1447.42,56310
-43.79,1441.26,56323
-28.04,1454.21,56334
17.52,1467.94,56346
30.68,1463.55,56357
-5.18,1445.07,56370
-42.45,1439.75,56381
-27.95,1454.95,56393
17.13,1466.81,56404
29.64,1460.31,56416
-3.07,1443.09,56428
-41.21,1440.47,56439
-30.39,1457.62,56452
16.28,1468.73,56463
30.71,1460.17,56475
-2.99,1445.31,56486
-40.58,1444.32,56499
-31.36,1459.76,56510
31.29,1468.20,56522
-1.59,1454.41,56534
-38.02,1439.56,56546
-30.83,1442.04,56557
11.49,1459.57,56569
32.95,1468.19,56581
0.75,1455.39,56593
-40.84,1442.83,56604
-32.78,1448.62,56616
11.57,1464.30,56628
31.56,1467.70,56640
2.36,1451.16,56651
-36.94,1437.78,56664
-34.75,1445.79,56675
10.00,1464.02,56687
33.96,1466.00,56698
2.37,1450.44,56710
-38.26,1440.52,56722
-34.87,1450.57,56733
7.66,1467.64,56745
33.46,1467.04,56757
4.13,1449.63,56769
-38.56,1440.08,56780
-35.20,1450.73,56793
8.41,1465.46,56804
33.36,1462.55,56816
5.40,1445.91,56827
-38.19,1440.21,56840
-35.42,1454.32,56851
8.65,1467.98,56863
31.65,1462.23,56875
5.61,1445.55,56887
-35.68,1441.27,56898
-37.18,1456.33,56910
32.94,1466.80,56922
5.20,1458.55,56934
-33.59,1442.39,56945
-35.50,1441.12,56957
3.63,1458.10,56969
31.77,1468.28,56980
7.00,1457.79,56992
-33.28,1442.77,57004
-36.17,1444.12,57016
2.46,1460.51,57027
31.18,1468.13,57039
9.86,1455.78,57051
-32.55,1440.57,57063
-37.41,1443.35,57074
1.02,1460.06,57086
30.21,1466.09,57098
12.20,1452.97,57110
-28.76,1440.27,57121
-40.81,1447.61,57134
-1.20,1464.49,57145
30.93,1467.90,57157
13.20,1452.46,57168
-28.96,1439.85,57181
-41.86,1447.93,57192
-2.97,1464.35,57204
33.60,1464.62,57216
14.37,1448.04,57228
-29.03,1438.33,57239
-41.68,1450.25,57251
-4.05,1467.02,57263
33.26,1465.95,57274
15.89,1448.99,57286
-31.43,1440.47,57297
-41.75,1453.32,57310
31.51,1467.61,57321
15.74,1462.27,57333
-28.62,1444.33,57345
-42.40,1438.76,57357
-2.93,1453.28,57368
32.15,1467.33,57380
14.67,1461.03,57392
-26.96,1444.77,57404
-40.82,1442.00,57415
-7.31,1457.34,57427
31.13,1468.40,57439
17.14,1459.69,57451
-26.92,1443.20,57462
-39.65,1442.24,57475
-7.85,1457.74,57486
27.04,1466.65,57498
19.58,1456.15,57509
-22.82,1441.25,57522
-42.41,1444.08,57533
-9.86,1460.94,57544
27.27,1467.61,57556
20.18,1455.30,57568
-20.07,1441.13,57580
-42.01,1446.07,57591
-13.70,1463.10,57604
26.95,1467.91,57615
22.90,1452.83,57627
-19.98,1438.77,57638
-42.87,1445.67,57651
-13.42,1463.36,57662
26.97,1467.30,57674
23.17,1451.61,57686
-19.51,1440.13,57698
-43.54,1450.26,57709
26.79,1466.96,57721
24.50,1467.22,57733
-20.29,1448.99,57745
-44.73,1437.96,57756
-14.47,1448.97,57768
27.92,1464.36,57780
24.50,1463.20,57792
-18.49,1447.39,57803
-44.29,1440.73,57816
-16.66,1454.47,57827
27.08,1467.94,57838
23.14,1463.05,57850
-17.73,1446.71,57862
-42.33,1441.57,57874
-17.96,1454.47,57885
25.06,1466.63,57897
24.46,1459.14,57909
-15.80,1442.31,57921
-40.53,1441.55,57932
-19.59,1457.87,57945
22.11,1468.99,57956
25.63,1460.06,57968
-13.59,1443.33,57979
-41.39,1443.27,57992
-20.41,1459.27,58003
20.38,1468.34,58015
26.61,1457.30,58027
-10.78,1440.71,58039
-41.89,1443.10,58050
-22.17,1460.36,58062
19.83,1468.35,58074
27.53,1456.20,58086
-8.97,1441.96,58097
-43.22,1446.21,58108
20.81,1462.55,58121
27.72,1466.40,58132
-7.86,1452.42,58144
-41.71,1439.46,58156
-27.00,1447.36,58168
20.40,1463.82,58179
30.16,1466.21,58191
-9.06,1450.26,58203
-42.03,1439.16,58215
-27.33,1449.19,58226
18.22,1465.53,58238
30.93,1465.64,58250
-8.19,1449.29,58262
-42.47,1440.15,58273
-26.67,1451.03,58286
17.23,1465.66,58297
30.70,1462.82,58309
-5.37,1445.99,58320
-41.54,1439.99,58333
-28.08,1453.55,58344
17.00,1468.17,58356
29.80,1463.37,58368
-4.95,1445.49,58379
-40.45,1441.43,58391
-29.58,1455.03,58402
15.22,1467.43,58415
31.20,1460.26,58426
-3.15,1443.36,58438
-39.52,1441.29,58449
-29.56,1456.77,58462
12.85,1467.57,58473
30.87,1458.23,58485
-0.26,1443.42,58497
-32.00,1444.56,58509
11.07,1460.46,58520
32.20,1468.64,58532
0.73,1456.53,58544
-37.99,1440.97,58556
-31.85,1443.44,58567
10.21,1459.68,58579
30.33,1467.10,58591
3.58,1454.39,58603
-36.61,1439.83,58614
-35.70,1446.18,58627
9.60,1463.00,58638
32.40,1467.69,58649
3.00,1453.12,58661
-36.47,1440.21,58673
-35.96,1447.65,58685
6.92,1464.88,58696
32.19,1466.33,58708
6.00,1449.69,58720
-36.00,1438.92,58732
-37.21,1448.18,58743
6.65,1464.08,58756
32.36,1465.18,58767
5.32,1448.61,58779
-34.37,1441.09,58790
-36.94,1453.47,58803
4.08,1467.61,58814
31.71,1465.05,58826
6.71,1446.07,58838
-33.34,1438.87,58850
-36.53,1451.96,58861
2.35,1465.34,58873
32.02,1462.49,58885
9.96,1445.93,58897
-38.03,1441.31,58908
-0.03,1456.43,58920
31.41,1468.28,58932
13.31,1461.07,58943
-31.01,1444.44,58955
-40.82,1442.62,58967
-0.90,1456.82,58979
32.19,1467.90,58990
13.70,1457.05,59002
-29.48,1440.08,59014
-40.35,1441.88,59026
-2.36,1458.67,59037
32.11,1468.66,59049
14.98,1457.87,59061
-29.58,1441.96,59073
-41.91,1445.76,59084
-4.07,1462.30,59097
32.69,1468.37,59108
15.82,1454.37,59120
-29.52,1438.13,59131
-41.13,1443.60,59144
-3.88,1461.98,59155
31.82,1467.73,59167
16.99,1453.91,59179
-28.40,1441.96,59191
-42.91,1448.75,59202
-5.98,1465.21,59213
30.95,1467.19,59226
17.20,1450.35,59237
-26.03,1439.40,59249
-41.24,1447.70,59260
-7.73,1463.63,59273
30.22,1464.22,59284
19.00,1447.69,59296
-41.30,1440.58,59308
-10.41,1452.74,59320
28.72,1467.55,59331
20.48,1465.38,59343
-22.22,1448.04,59355
-41.92,1440.57,59367
-12.16,1453.15,59378
27.70,1466.74,59390
22.30,1461.44,59402
-20.56,1444.27,59414
-42.03,1439.22,59425
-12.69,1454.26,59438
27.35,1468.11,59449
23.66,1461.18,59461
-19.47,1444.55,59472
-43.46,1442.20,59484
-15.07,1458.09,59496
25.94,1469.37,59507
23.48,1459.35,59520
-17.47,1442.02,59531
-43.82,1441.87,59543
-17.60,1458.00,59554
27.57,1467.43,59567
25.46,1456.32,59578
-17.90,1441.31,59590
-42.82,1444.41,59601
-19.35,1462.27,59614
24.59,1469.17,59625
27.11,1455.55,59637
-16.41,1441.50,59649
-44.15,1444.80,59661
-19.75,1461.12,59672
24.29,1465.87,59684
27.08,1450.69,59696
-42.65,1439.87,59708
-21.85,1447.32,59719
22.35,1465.09,59731
27.40,1468.13,59743
-13.90,1451.31,59754
-42.98,1440.84,59766
-21.95,1449.82,59778
21.37,1465.24,59790
27.58,1465.17,59801
-11.45,1447.59,59813
-41.62,1438.12,59825
-22.54,1449.53,59837
20.00,1466.07,59848
28.58,1464.58,59860
-9.16,1448.90,59872
-41.63,1441.66,59884
-25.69,1454.34,59895
18.31,1468.68,59908
29.07,1463.15,59919
-6.31,1445.69,59931
-41.19,1440.32,59942
-27.82,1453.51,59955
17.57,1466.55,59966
31.14,1459.92,59978
-4.66,1443.72,59990
-40.76,1442.19,60002
-30.02,1458.59,60013
15.98,1470.06,60025
31.57,1459.85,60037
-3.76,1442.56,60048
-40.72,1442.16,60060
-30.34,1458.33,60071
15.10,1467.94,60084
32.54,1457.01,60095
-41.36,1440.71,60107
-31.12,1442.98,60119
15.00,1460.17,60131
31.30,1468.18,60142
-2.67,1456.03,60154
-39.41,1442.48,60166
-31.55,1446.15,60178
11.83,1463.23,60189
31.72,1467.76,60201
-1.01,1452.20,60213
-38.36,1439.87,60225
-31.66,1445.98,60236
10.26,1461.71,60249
32.27,1465.32,60260
2.52,1449.71,60272
-38.82,1440.35,60283
-32.73,1451.09,60296
9.95,1466.54,60307
29.05,1466.78,60318
2.87,1450.38,60331
-35.24,1440.34,60342
-35.31,1451.15,60354
7.98,1465.00,60365
31.36,1462.46,60378
4.88,1445.79,60389
-33.65,1438.01,60401
-35.82,1452.67,60412
5.18,1468.08,60425
32.41,1463.88,60436
6.05,1447.56,60448
-34.67,1441.98,60460
-36.57,1455.64,60472
3.77,1468.68,60483
31.83,1460.49,60495
-33.95,1443.02,60507
-38.30,1439.42,60519
3.98,1453.92,60530
32.44,1467.24,60542
9.56,1458.86,60554
-32.06,1443.74,60566
-40.19,1444.64,60577
0.98,1460.45,60590
33.49,1469.17,60601
9.69,1458.41,60612
-32.28,1442.08,60624
-38.84,1443.20,60636
-0.54,1460.10,60648
32.13,1466.00,60659
13.31,1453.62,60672
-30.44,1439.86,60683
-40.23,1444.84,60695
-0.82,1463.38,60706
31.41,1468.71,60719
12.65,1454.46,60730
-28.01,1442.37,60742
-40.56,1447.33,60753
-4.38,1464.29,60766
31.44,1466.11,60777
15.12,1449.85,60789
-27.53,1438.30,60801
-40.24,1447.11,60813
-5.02,1464.32,60824
30.91,1466.33,60836
16.81,1450.52,60848
-27.12,1441.23,60860
-41.26,1452.55,60871
-7.84,1467.19,60882
28.20,1464.64,60895
-24.24,1447.14,60906
-42.72,1438.01,60918
-8.68,1450.01,60930
30.20,1464.88,60942
19.81,1461.81,60953
-22.91,1446.37,60965
-43.11,1440.95,60977
-12.70,1456.34,60989
28.94,1469.04,61000
20.98,1462.50,61012
-22.96,1445.26,61024
-42.74,1440.68,61036
-13.12,1455.08,61047
29.33,1467.24,61060
24.13,1457.33,61071
-22.59,1441.47,61083
-43.62,1441.49,61094
-12.69,1458.79,61107
26.01,1469.70,61118
23.75,1458.26,61130
-19.85,1442.14,61142
-46.01,1443.70,61153
-13.09,1460.13,61165
28.20,1467.31,61176
22.00,1455.22,61189
-18.09,1439.36,61200
-43.18,1444.20,61212
-17.19,1461.98,61223
26.77,1467.20,61236
23.74,1454.14,61247
-18.08,1440.39,61259
-41.95,1446.91,61271
-17.91,1464.51,61283
25.33,1467.26,61294
-15.85,1452.37,61306
-42.15,1440.61,61318
-20.14,1448.18,61330
22.90,1464.30,61341
27.75,1465.17,61353
-14.53,1448.57,61365
-42.15,1439.09,61377
-20.36,1450.42,61388
20.28,1465.91,61401
28.16,1465.14,61412
-10.35,1448.23,61424
-44.63,1440.18,61435
-22.61,1453.39,61447
21.39,1467.40,61459
27.01,1463.74,61470
-8.56,1446.13,61483
-41.17,1439.08,61494
-26.15,1453.80,61506
21.39,1466.80,61517
30.58,1461.63,61530
-9.35,1444.92,61541
-42.08,1441.77,61553
-26.76,1456.96,61564
18.72,1468.38,61577
30.91,1460.01,61588
-7.02,1442.87,61600
-41.91,1441.69,61612
-26.92,1457.78,61624
17.85,1467.51,61635
30.79,1457.06,61647
-5.28,1442.01,61659
-41.57,1443.43,61671
-28.90,1460.70,61682
29.50,1468.79,61694
-4.55,1456.05,61706
-39.43,1440.66,61717
-29.84,1444.71,61729
14.09,1461.09,61741
31.43,1466.26,61753
-2.39,1453.33,61764
-39.69,1439.93,61776
-31.05,1446.49,61788
12.78,1463.52,61800
30.97,1466.29,61811
-0.36,1451.07,61824
-38.28,1439.38,61835
-32.65,1448.12,61847
10.96,1465.03,61858
32.42,1466.38,61871
0.34,1450.02,61882
-39.20,1439.35,61894
-31.82,1449.57,61905
9.94,1465.64,61918
30.43,1464.73,61929
3.75,1447.87,61941
-38.11,1439.07,61953
-34.73,1452.08,61965
9.70,1466.86,61976
30.84,1464.06,61987
4.08,1447.19,62000
-35.00,1440.53,62011
-37.16,1454.12,62023
6.81,1467.41,62034
33.27,1461.56,62047
6.38,1444.52,62058
-35.70,1441.22,62070
-38.44,1456.76,62082
33.93,1467.19,62094
7.95,1459.33,62105
-35.39,1442.48,62117
-38.44,1441.66,62129
5.27,1458.69,62141
34.60,1469.09,62152
7.22,1458.13,62164
-35.73,1442.22,62176
-38.27,1443.87,62188
4.42,1460.15,62199
33.66,1467.82,62212
8.37,1454.42,62223
-34.34,1439.48,62235
-38.32,1444.28,62246
3.17,1462.49,62259
33.64,1468.42,62270
9.29,1454.08,62281
-33.33,1440.02,62294
-37.63,1446.31,62305
1.09,1462.75,62317
31.64,1466.65,62328
11.90,1451.10,62341
-31.42,1439.70,62352
-38.56,1448.66,62364
-0.85,1464.54,62375
30.51,1465.16,62388
13.99,1449.18,62399
-29.96,1439.40,62411
-40.41,1450.47,62423
-1.26,1466.16,62435
29.54,1464.81,62446
13.95,1447.67,62458
-26.77,1439.83,62470
-41.18,1451.98,62482
30.96,1466.28,62493
15.07,1463.19,62505
-25.97,1445.96,62517
-40.96,1440.22,62529
-7.20,1454.35,62540
30.18,1467.93,62552
17.31,1461.13,62564
-25.12,1444.25,62575
-42.11,1440.91,62587
-8.28,1455.20,62599
30.33,1467.25,62611
18.75,1459.01,62622
-25.29,1442.18,62635
-41.76,1442.35,62646
-10.52,1458.80,62658
28.37,1468.76,62669
20.74,1458.28,62682
-24.49,1441.68,62693
-42.97,1443.95,62705
-9.48,1459.95,62716
27.62,1467.33,62729
20.54,1455.36,62740
-22.34,1440.42,62752
-42.31,1445.18,62764
-11.63,1461.72,62776
27.69,1467.04,62787
21.77,1453.48,62799
-21.68,1439.80,62811
-42.50,1446.95,62823
-12.15,1464.14,62834
25.61,1466.98,62845
21.15,1451.93,62858
-17.54,1439.79,62869
-42.42,1448.27,62881
26.73,1464.53,62893
22.47,1465.78,62905
-17.99,1448.80,62916
-41.50,1439.77,62928
-17.70,1450.53,62940
25.32,1465.71,62952
25.47,1465.21,62963
-17.10,1447.86,62976
-43.17,1440.38,62987
-18.29,1453.10,62999
24.72,1465.96,63010
26.08,1462.59,63023
-14.37,1445.64,63034
-43.68,1440.55,63046
-20.74,1455.59,63057
24.25,1467.84,63070
27.48,1460.69,63081
-14.57,1443.74,63093
-42.11,1441.29,63105
-20.59,1456.64,63116
22.05,1468.57,63128
28.22,1459.21,63139
-11.95,1442.25,63152
-43.61,1442.04,63163
-21.72,1458.05,63175
22.10,1468.55,63186
27.13,1457.63,63199
-10.98,1441.34,63210
-42.09,1443.21,63222
-24.34,1459.46,63234
21.48,1467.53,63246
29.88,1455.34,63257
-9.39,1440.32,63269
-42.43,1445.73,63281
20.16,1462.87,63293
30.07,1467.50,63304
-8.35,1453.72,63316
-41.55,1440.87,63328
-26.64,1446.63,63340
18.95,1463.71,63351
31.40,1466.00,63364
-7.50,1450.12,63375
-41.89,1440.44,63387
-26.10,1449.10,63398
17.13,1465.94,63410
29.45,1467.18,63422
-5.51,1449.68,63433
-41.01,1440.73,63446
-27.68,1451.28,63457
16.35,1466.03,63469
28.87,1463.75,63480
-3.45,1446.09,63493
-38.82,1439.01,63504
-29.65,1453.27,63516
14.30,1467.55,63527
29.49,1464.59,63540
-2.26,1447.07,63551
-38.09,1440.70,63563
-30.81,1455.99,63575
11.63,1468.54,63587
30.24,1460.82,63598
0.50,1444.70,63610
-37.57,1440.51,63622
-32.79,1455.51,63634
10.33,1468.46,63645
32.25,1459.46,63657
1.63,1444.04,63669
-33.54,1445.13,63681
8.48,1459.73,63692
31.32,1469.82,63705
4.96,1457.86,63716
-38.13,1441.19,63728
-36.65,1444.14,63739
10.12,1459.74,63751
31.92,1466.43,63763
4.15,1454.58,63774
-35.88,1440.56,63787
-37.16,1447.11,63798
7.28,1465.17,63810
33.59,1469.20,63821
4.31,1453.90,63834
-35.78,1440.15,63845
-35.97,1446.14,63857
6.58,1463.98,63868
33.24,1466.89,63881
6.27,1450.43,63892
-35.36,1439.86,63904
-36.32,1448.66,63916
4.78,1465.59,63928
32.59,1466.53,63939
8.11,1449.19,63951
-33.68,1441.09,63963
-37.37,1452.29,63975
2.06,1466.29,63986
31.35,1464.77,63998
10.39,1446.81,64010
-32.44,1439.34,64022
-38.44,1452.05,64033
1.25,1465.53,64046
32.10,1461.40,64057
11.19,1445.53,64068
-39.35,1441.61,64080
-1.77,1457.25,64092
30.74,1469.77,64104
12.91,1461.06,64115
-29.89,1444.48,64128
-39.88,1440.23,64139
-2.37,1455.63,64151
31.29,1467.07,64162
14.80,1456.96,64175
-28.03,1441.72,64186
-41.12,1442.43,64198
-4.30,1459.28,64209
30.91,1470.53,64222
14.73,1458.34,64233
-27.76,1442.70,64245
-41.31,1444.66,64257
-5.80,1460.09,64269
32.05,1467.31,64280
17.15,1454.14,64292
-27.76,1439.46,64304
-41.53,1444.33,64316
-6.49,1460.97,64327
31.24,1466.30,64338
19.10,1453.19,64351
-27.04,1442.12,64362
-43.13,1449.81,64374
-7.86,1466.49,64386
29.46,1466.90,64398
18.63,1450.16,64409
-24.50,1439.50,64421
-43.03,1447.72,64433
-8.60,1464.47,64445
30.33,1464.20,64456
18.27,1447.75,64468
-41.61,1440.79,64480
-11.03,1452.79,64492
28.40,1469.34,64503
19.89,1465.68,64516
-23.92,1447.68,64527
-41.77,1440.16,64539
-11.05,1453.04,64550
26.45,1465.99,64563
22.47,1460.43,64574
-20.77,1444.27,64586
-43.33,1439.30,64598
-11.28,1454.48,64609
27.22,1467.71,64621
19.47,1461.15,64632
-18.42,1446.49,64645
-42.13,1444.99,64656
-17.12,1458.89,64668
26.16,1468.93,64679
23.72,1458.01,64692
-17.64,1440.19,64703
-40.58,1440.38,64715
-16.94,1457.08,64727
24.73,1466.20,64739
25.36,1456.29,64750
-16.06,1442.32,64762
-42.75,1445.78,64774
-19.14,1463.53,64786
23.40,1469.56,64797
25.31,1454.79,64809
-14.13,1440.10,64821
-43.31,1444.45,64833
-20.79,1461.09,64844
23.68,1466.23,64857
-12.48,1451.97,64868
-44.21,1439.91,64880
-22.63,1447.16,64891
24.08,1464.23,64903
27.80,1466.15,64915
-13.08,1450.82,64926
-42.74,1440.72,64939
-23.36,1450.18,64950
21.49,1466.43,64962
30.29,1465.46,64973
-11.81,1448.35,64986
-43.56,1437.97,64997
-22.34,1450.05,65009
20.34,1465.33,65020
29.76,1463.18,65033
-8.81,1446.40,65044
-44.32,1440.50,65056
-24.69,1455.03,65068
21.29,1468.58,65080
27.46,1462.43,65091
-8.14,1445.12,65103
-41.93,1440.25,65115
-27.14,1454.81,65127
20.26,1467.22,65138
29.83,1459.10,65150
-9.17,1442.66,65162
-40.08,1440.20,65173
-25.38,1456.77,65185
17.06,1467.83,65197
29.27,1458.88,65209
-5.91,1444.15,65220
-40.40,1444.85,65232
-27.46,1461.17,65244
15.00,1469.13,65256
-3.17,1456.19,65267
-38.18,1440.31,65280
-29.03,1442.00,65291
13.45,1459.44,65303
29.93,1466.39,65314
-0.80,1453.94,65327
-38.74,1442.13,65338
-32.02,1448.43,65350
11.59,1464.95,65361
29.55,1468.15,65374
1.27,1452.40,65385
-37.06,1439.36,65397
-33.87,1446.56,65409
11.85,1463.23,65421
32.06,1465.37,65432
1.27,1450.06,65443
-36.46,1439.82,65456
-34.62,1449.66,65467
8.65,1466.13,65479
34.48,1465.97,65490
2.45,1450.02,65503
-39.70,1441.45,65514
-33.49,1452.43,65526
8.92,1466.84,65538
31.73,1463.33,65550
5.72,1445.38,65561
-36.63,1437.84,65573
-36.37,1451.49,65585
8.81,1466.81,65597
33.16,1462.78,65608
5.34,1446.86,65620
-35.08,1443.87,65632
-37.52,1459.10,65644
4.75,1469.80,65655
7.50,1460.25,65668
-34.12,1441.89,65679
-37.54,1438.74,65691
4.87,1455.13,65702
34.27,1466.22,65715
8.21,1457.79,65726
-34.37,1443.26,65737
-38.30,1444.13,65750
1.89,1461.52,65761
33.26,1469.76,65773
9.85,1456.54,65784
-35.22,1441.95,65797
-38.66,1445.08,65808
2.38,1460.99,65820
31.53,1466.61,65831
11.73,1452.27,65844
-32.23,1437.88,65855
-39.50,1444.55,65867
1.86,1462.64,65879
31.63,1468.57,65891
10.45,1454.50,65902
-30.63,1441.61,65914
-40.42,1449.81,65926
-1.63,1464.73,65938
32.04,1465.00,65949
13.00,1448.71,65961
-29.36,1436.70,65973
-39.49,1446.89,65985
-2.79,1464.77,65996
30.67,1464.62,66008
14.82,1449.37,66020
-27.45,1442.49,66031
-42.36,1454.15,66043
-6.48,1467.88,66055
16.29,1463.67,66067
-27.71,1445.92,66078
-40.70,1439.19,66091
-6.46,1452.03,66102
29.64,1466.85,66114
17.71,1461.11,66125
-27.48,1443.69,66138
-41.32,1439.92,66149
-5.58,1455.44,66161
27.69,1469.73,66172
17.41,1460.31,66185
-24.19,1444.86,66196
-42.21,1442.24,66208
-7.34,1458.42,66220
27.78,1469.78,66232
15.98,1456.29,66243
-22.29,1440.87,66255
-39.43,1441.03,66267
-8.95,1456.98,66279
26.68,1467.86,66290
18.41,1456.60,66301
-20.10,1442.90,66314
-41.78,1447.51,66325
-14.58,1462.99,66337
26.03,1468.73,66349
20.84,1455.31,66361
-19.04,1439.56,66372
-41.06,1445.12,66384
-16.61,1462.17,66396
25.19,1465.84,66408
25.69,1451.55,66419
-17.91,1439.05,66432
-43.34,1448.23,66443
-17.18,1465.81,66455
26.10,1468.51,66466
-17.19,1452.24,66479
-45.55,1440.52,66490
-17.47,1449.35,66502
26.83,1464.73,66513
26.74,1463.45,66526
-16.16,1446.23,66537
-45.46,1438.40,66549
-18.25,1451.27,66561
27.34,1467.03,66572
25.01,1464.66,66584
-16.69,1448.16,66595
-43.45,1441.92,66608
-21.13,1454.67,66619
25.69,1467.32,66631
26.31,1460.83,66642
-15.08,1443.11,66655
-41.32,1440.36,66666
-21.05,1455.22,66678
22.24,1467.46,66690
27.37,1460.70,66702
-14.04,1443.57,66713
-41.48,1442.67,66725
-21.60,1458.49,66737
19.37,1467.93,66749
28.45,1458.41,66760
-9.83,1442.04,66772
-42.96,1442.75,66784
-22.70,1459.81,66796
19.19,1466.88,66807
26.95,1455.25,66820
-6.66,1441.01,66831
-42.26,1444.28,66842
-26.38,1462.63,66854
27.80,1469.20,66866
-7.19,1454.63,66878
-40.71,1440.83,66889
-27.53,1445.58,66902
18.54,1462.30,66913
29.29,1467.80,66925
-6.30,1451.70,66936
-40.30,1440.17,66949
-28.65,1448.25,66960
16.31,1463.63,66972
30.48,1466.35,66983
-4.33,1450.07,66996
-39.59,1439.41,67007
-29.33,1450.55,67019
14.38,1465.55,67031
31.73,1464.54,67043
-2.23,1448.74,67054
-40.18,1440.12,67066
-30.59,1452.64,67078
13.28,1467.45,67090
31.06,1463.04,67101
0.15,1445.69,67112
-39.98,1439.72,67125
-32.00,1453.19,67136
13.65,1467.99,67148
30.26,1463.00,67160
0.12,1445.85,67172
-39.22,1442.46,67183
-33.78,1456.17,67195
12.39,1467.59,67207
31.88,1460.49,67219
0.81,1443.25,67230
-37.68,1442.20,67243
-34.67,1458.38,67254
32.70,1468.32,67266
1.52,1459.07,67277
-36.75,1442.11,67290
-33.73,1443.42,67301
7.40,1460.95,67313
32.62,1468.69,67324
3.32,1454.80,67337
-36.66,1440.51,67348
-31.85,1444.20,67360
5.42,1461.43,67372
29.76,1469.29,67384
7.91,1452.43,67395
-35.56,1439.81,67406
-35.32,1447.43,67419
6.50,1463.17,67430
28.93,1468.78,67442
7.31,1452.25,67453
-32.04,1439.13,67466
-37.55,1448.35,67477
4.81,1463.92,67489
30.81,1466.40,67501
7.49,1451.44,67513
-29.91,1439.27,67524
-39.21,1449.61,67536
-0.52,1465.78,67548
34.10,1464.30,67560
10.52,1449.59,67571
-31.35,1440.19,67584
-39.05,1451.48,67595
-1.61,1468.27,67607
33.70,1463.08,67618
13.25,1446.19,67631
-32.38,1441.54,67642
-2.44,1454.09,67654
32.42,1467.68,67665
15.80,1461.74,67678
-31.87,1443.14,67689
-41.63,1441.49,67700
-1.05,1456.89,67713
30.89,1467.77,67724
14.83,1461.00,67736
-29.67,1443.24,67747
-42.72,1442.21,67760
-2.05,1459.80,67771
31.92,1467.81,67783
13.39,1457.99,67794
-28.18,1442.14,67807
-40.42,1441.95,67818
-4.52,1459.46,67830
30.33,1468.88,67842
14.49,1455.81,67854
-27.65,1441.90,67865
-40.60,1444.57,67877
-6.15,1460.52,67889
28.70,1467.78,67901
15.55,1453.13,67912
-24.18,1440.71,67924
-40.11,1446.97,67936
-10.04,1462.68,67948
28.44,1467.03,67959
18.74,1451.82,67972
-23.83,1440.46,67983
-41.49,1449.48,67994
-11.72,1464.36,68006
27.00,1465.77,68018
20.85,1450.16,68030
-21.53,1440.28,68041
-12.88,1450.88,68054
27.30,1466.89,68065
21.78,1465.19,68077
-20.47,1448.27,68088
-43.27,1440.47,68101
-13.94,1451.25,68112
27.90,1467.09,68124
21.98,1463.37,68135
-20.35,1445.96,68148
-42.50,1441.06,68159
-14.81,1453.85,68171
26.45,1467.46,68183
23.52,1462.11,68195
-18.50,1444.65,68206
-42.35,1441.68,68218
-16.35,1456.38,68230
25.33,1468.24,68242
24.08,1460.66,68253
-18.03,1443.36,68264
-41.55,1441.99,68277
-16.22,1457.18,68288
23.00,1466.94,68300
25.30,1457.91,68312
-14.41,1442.49,68324
-43.26,1443.83,68335
-18.59,1460.14,68347
23.02,1467.63,68359
25.05,1456.05,68371
-12.11,1442.43,68382
-42.16,1445.54,68395
-22.74,1462.04,68406
22.56,1467.46,68418
26.83,1453.59,68429
-11.41,1440.50,68442
-23.71,1446.21,68453
20.58,1463.22,68465
28.10,1468.20,68476
-10.57,1450.74,68489
-41.19,1439.51,68500
-24.17,1447.83,68512
19.11,1464.92,68524
28.23,1467.51,68536
-9.14,1450.17,68547
-41.32,1439.17,68558
-25.01,1448.85,68571
18.55,1463.98,68582
28.94,1464.71,68594
-7.48,1449.20,68605
-41.06,1439.97,68618
-27.13,1452.23,68629
16.76,1466.26,68641
29.45,1462.97,68653
-4.89,1447.86,68665
-39.57,1440.91,68676
-28.92,1453.95,68688
13.87,1467.82,68700
30.71,1460.93,68712
-2.93,1445.29,68723
-38.86,1441.24,68736
-30.11,1455.72,68747
12.86,1469.32,68759
30.46,1460.37,68770
-1.37,1443.62,68783
-38.85,1442.35,68794
-31.14,1457.36,68806
12.28,1469.36,68817
31.09,1458.87,68830
0.04,1441.35,68841
-32.45,1441.64,68852
11.39,1458.86,68865
31.84,1468.02,68876
1.22,1457.40,68888
-38.44,1442.12,68899
-33.88,1444.89,68912
10.24,1461.88,68923
31.73,1467.23,68935
3.81,1454.31,68946
-36.37,1441.24,68959
-35.53,1445.52,68970
8.42,1462.80,68982
32.91,1467.31,68994
4.01,1451.80,69006
-34.99,1440.34,69017
-35.11,1447.14,69029
6.38,1464.45,69041
32.25,1467.38,69053
6.20,1450.40,69064
-35.52,1440.47,69076
-36.63,1450.14,69088
5.08,1465.07,69100
31.81,1465.18,69111
7.41,1448.45,69123
-33.93,1438.85,69135
-37.73,1450.87,69146
3.22,1466.59,69158
32.80,1464.04,69170
8.76,1448.41,69182
-34.00,1441.57,69193
-37.86,1454.27,69206
1.47,1468.48,69217
30.89,1462.33,69229
11.47,1444.56,69240
-38.82,1439.86,69253
0.79,1454.51,69264
30.98,1468.08,69276
12.67,1460.31,69287
-30.46,1443.70,69300
-40.14,1441.94,69311
-0.56,1457.07,69323
31.59,1468.68,69335
11.49,1460.22,69347
-28.24,1443.31,69358
-40.33,1443.37,69370
-4.89,1459.45,69382
32.53,1467.28,69394
15.65,1456.05,69405
-28.50,1441.45,69416
-40.08,1443.31,69429
-5.59,1461.60,69440
31.10,1467.72,69452
17.22,1454.75,69464
-27.76,1441.16,69476
-40.70,1445.84,69487
-6.22,1462.86,69499
29.45,1466.57,69511
18.55,1451.50,69523
-25.23,1439.70,69534
-41.61,1446.73,69547
-6.82,1463.71,69558
27.82,1467.20,69570
19.27,1451.39,69581
-23.44,1440.47,69594
-43.82,1450.20,69605
-9.31,1465.90,69617
28.98,1465.48,69628
-21.67,1448.73,69641
-41.33,1438.23,69652
-12.51,1450.11,69664
28.26,1466.07,69676
21.85,1463.83,69688
-21.46,1448.25,69699
-43.23,1440.39,69710
-14.22,1453.48,69723
26.87,1467.34,69734
23.02,1462.60,69746
-18.47,1446.66,69757
-43.44,1440.27,69770
-15.85,1454.66,69781
26.35,1467.48,69793
24.07,1459.65,69805
-16.70,1443.94,69817
-43.17,1442.05,69828
-18.13,1457.65,69840
26.10,1469.70,69852
25.32,1458.90,69864
-16.21,1441.62,69875
-42.58,1441.93,69888
-18.77,1459.12,69899
23.81,1469.31,69911
25.57,1457.40,69922
-15.28,1441.48,69935
-43.74,1443.04,69946
-18.33,1459.97,69958
23.96,1467.40,69969
24.97,1455.67,69982
-13.47,1441.23,69993
-42.65,1446.55,70004
-21.44,1463.43,70017
22.35,1468.03,70028
-11.25,1454.49,70040
-40.30,1440.79,70051
-24.05,1445.76,70064
20.46,1462.84,70075
27.71,1465.67,70087
-9.13,1450.51,70098
-39.93,1440.09,70111
-25.10,1449.40,70122
16.85,1466.76,70134
29.23,1467.24,70146
-6.70,1449.84,70158
-42.11,1440.70,70169
-26.73,1450.80,70181
17.95,1465.86,70193
29.23,1464.59,70205
-5.14,1447.14,70216
-40.92,1439.29,70228
-28.54,1452.36,70240
17.25,1465.97,70252
31.02,1462.85,70263
-3.81,1446.37,70276
-41.67,1441.42,70287
-30.55,1456.73,70298
15.90,1469.50,70310
31.47,1461.94,70322
-3.72,1444.47,70334
-39.90,1439.98,70345
-29.86,1454.94,70358
14.34,1468.48,70369
32.13,1458.68,70381
-3.11,1443.43,70392
-40.52,1442.96,70405
-29.78,1459.51,70416
12.81,1470.61,70428
-0.51,1458.78,70439
-40.87,1443.08,70452
-29.95,1443.77,70463
12.75,1459.60,70475
28.59,1467.38,70487
1.49,1454.85,70499
-36.37,1440.44,70510
-33.55,1445.43,70522
10.27,1461.79,70534
29.18,1467.03,70546
2.34,1454.05,70557
-33.23,1441.16,70568
-34.89,1448.24,70581
5.69,1464.58,70592
31.98,1467.59,70604
4.21,1451.79,70616
-33.44,1439.19,70628
-34.55,1447.86,70639
3.00,1464.16,70651
32.09,1466.14,70663
7.58,1449.94,70675
-35.01,1439.54,70686
-35.00,1450.85,70699
2.80,1466.84,70710
30.53,1465.90,70722
10.78,1449.21,70733
-34.33,1440.49,70746
-39.31,1451.66,70757
3.63,1466.41,70769
30.97,1462.98,70780
10.54,1446.01,70793
-30.05,1439.49,70804
-40.37,1453.09,70816
-0.05,1467.47,70828
11.79,1462.10,70840
-31.00,1445.16,70851
-41.26,1443.75,70863
-2.11,1457.84,70875
32.12,1468.35,70886
13.44,1459.61,70898
-30.07,1440.64,70909
-41.18,1438.99,70922
-1.61,1456.45,70933
33.35,1466.77,70945
13.49,1458.50,70957
-29.90,1443.98,70969
-41.80,1445.71,70980
-4.04,1463.02,70992
31.49,1470.02,71004
14.29,1455.98,71016
-27.76,1440.30,71027
-39.24,1441.85,71040
-4.47,1458.73,71051
30.56,1466.17,71063
16.66,1452.94,71074
-26.39,1440.94,71087
-40.73,1447.49,71098
-7.59,1464.08,71110
28.38,1469.10,71121
17.76,1453.76,71134
-23.72,1441.50,71145
-40.62,1449.89,71156
-10.78,1464.94,71169
27.92,1465.75,71180
21.59,1449.37,71192
-22.65,1438.35,71203
-42.40,1448.58,71216
27.05,1465.12,71227
20.82,1464.82,71239
-20.32,1449.78,71250
-43.65,1442.82,71263
-14.90,1454.32,71274
27.97,1468.78,71286
22.94,1464.75,71298
-21.14,1446.35,71310
-42.29,1439.65,71321
-14.27,1451.78,71333
26.70,1466.35,71345
24.91,1462.06,71357
-19.08,1444.39,71368
-44.02,1442.40,71380
-15.05,1457.33,71392
25.97,1469.17,71404
23.34,1462.27,71415
-17.41,1445.03,71428
-42.65,1442.85,71439
-17.35,1458.08,71450
24.46,1468.01,71462
25.10,1457.19,71474
-14.37,1440.86,71486
-41.54,1440.91,71497
-19.33,1457.48,71510
23.82,1468.14,71521
25.34,1457.74,71533
-13.88,1444.46,71544
-41.68,1447.71,71557
-22.88,1463.36,71568
20.77,1469.65,71580
27.15,1454.03,71591
-10.88,1438.66,71604
-40.60,1443.57,71615
20.46,1459.83,71627
29.07,1466.78,71639
-9.54,1452.73,71651
-42.41,1440.45,71662
-24.84,1449.46,71674
19.08,1465.54,71686
29.97,1468.18,71698
-6.62,1452.88,71709
-43.93,1439.72,71721
-27.37,1448.53,71733
19.32,1464.75,71744
30.09,1463.47,71756
-5.06,1446.60,71768
-42.77,1438.20,71780
-30.09,1450.24,71791
19.75,1467.72,71803
31.29,1465.97,71815
-7.36,1449.25,71827
-41.53,1443.76,71838
-29.94,1456.04,71851
15.49,1468.66,71862
32.27,1461.56,71874
-4.72,1441.48,71885
-40.63,1436.83,71898
-27.86,1451.99,71909
15.68,1466.58,71921
31.23,1461.85,71932
-4.09,1446.08,71945
-40.24,1444.29,71956
-29.12,1459.93,71968
12.19,1470.21,71980
29.59,1459.88,71992
-0.20,1443.17,72003
-38.16,1441.99,72014
12.12,1456.70,72027
29.32,1466.15,72038
1.57,1455.89,72050
-35.77,1441.05,72061
-34.44,1444.72,72074
8.64,1460.98,72085
31.43,1468.80,72097
2.46,1456.27,72109
-35.25,1443.33,72121
-34.96,1448.00,72132
5.39,1463.08,72144
32.42,1466.83,72156
6.68,1450.79,72168
-35.07,1437.13,72179
-34.99,1444.30,72192
5.25,1463.49,72203
31.95,1467.07,72215
7.13,1452.29,72226
-37.21,1441.41,72239
-37.22,1450.85,72250
5.29,1467.60,72262
30.70,1466.67,72273
6.74,1448.26,72286
-33.86,1437.55,72297
-35.81,1449.11,72309
4.54,1465.74,72321
30.82,1463.59,72332
8.07,1447.84,72344
-34.01,1439.84,72355
-34.94,1454.52,72368
3.88,1469.65,72379
27.08,1464.00,72391
9.15,1447.81,72402
-29.54,1441.21,72415
1.02,1454.14,72426
29.07,1467.85,72438
9.74,1459.40,72450
-26.74,1443.36,72462
-37.78,1440.68,72473
-3.56,1454.08,72485
31.12,1467.73,72497
13.00,1460.09,72509
-27.18,1444.95,72520
-39.80,1446.31,72532
-7.72,1460.70,72544
30.33,1469.05,72556
17.81,1457.54,72567
-27.66,1439.57,72580
-40.56,1441.14,72591
-6.63,1459.03,72603
29.87,1466.48,72614
20.01,1454.99,72626
-27.10,1441.34,72638
-44.48,1446.07,72649
-6.33,1464.43,72662
30.75,1469.03,72673
19.18,1454.07,72685
-26.19,1442.04,72696
-45.37,1447.34,72709
-7.32,1463.72,72720
31.10,1466.28,72732
18.72,1449.36,72743
-23.48,1438.11,72756
-43.58,1448.05,72767
-9.13,1464.67,72779
31.35,1467.25,72791
18.28,1452.13,72803
-41.44,1442.80,72814
-10.95,1454.10,72826
27.38,1467.63,72838
20.61,1464.58,72850
-22.34,1446.31,72861
-41.21,1436.30,72873
-10.23,1449.29,72885
26.18,1465.06,72896
20.91,1462.64,72908
-20.22,1447.98,72920
-42.17,1443.43,72932
-14.29,1456.76,72943
25.04,1469.38,72955
22.00,1462.22,72967
-17.41,1445.58,72979
-41.26,1442.12,72990
-16.38,1455.10,73003
23.51,1466.84,73014
23.85,1457.87,73026
-13.90,1441.60,73037
-40.83,1441.35,73050
-20.20,1458.42,73061
23.37,1468.70,73073
26.41,1459.04,73084
-13.06,1444.56,73097
-42.67,1446.13,73108
-21.90,1461.94,73120
23.19,1468.70,73132
27.99,1454.21,73144
-11.66,1438.12,73155
-42.01,1441.47,73167
-22.62,1460.86,73179
23.44,1467.66,73190
29.95,1454.85,73202
-44.51,1442.96,73213
-23.44,1448.45,73226
21.63,1465.83,73237
29.62,1467.94,73249
-11.63,1451.67,73261
-44.77,1439.80,73273
-22.55,1447.16,73284
22.37,1463.71,73296
28.13,1464.73,73308
-9.88,1448.48,73320
-42.67,1439.11,73331
-24.28,1450.29,73344
21.13,1466.45,73355
27.11,1465.17,73367
-8.62,1449.96,73378
-39.33,1442.14,73391
-27.01,1454.03,73402
17.49,1467.38,73414
28.54,1461.68,73425
-6.34,1444.23,73438
-36.92,1437.70,73449
-27.39,1452.27,73461
13.48,1467.07,73473
30.18,1462.07,73484
-3.04,1446.31,73496
-39.15,1443.07,73507
-30.31,1457.86,73520
12.18,1469.38,73531
30.83,1460.22,73543
-0.38,1443.16,73554
-39.52,1441.30,73567
-32.17,1457.26,73578
11.85,1468.28,73590
32.75,1457.83,73602
-39.80,1441.46,73614
-34.27,1443.10,73625
11.79,1459.90,73637
32.83,1468.72,73649
2.52,1457.29,73661
-39.59,1441.67,73672
-35.76,1445.72,73684
12.22,1462.14,73696
33.05,1466.70,73708
2.29,1452.62,73719
-36.43,1437.76,73732
-35.06,1444.39,73743
9.43,1463.13,73755
33.60,1467.21,73766
2.92,1453.22,73778
-36.97,1441.26,73790
-34.74,1449.20,73801
7.12,1465.48,73814
32.16,1466.15,73825
5.19,1450.01,73837
-36.39,1439.20,73848
-35.16,1448.25,73861
6.90,1464.43,73872
31.47,1464.35,73884
6.78,1447.96,73895
-33.73,1440.92,73908
-36.56,1452.57,73919
4.46,1466.32,73931
30.94,1464.34,73943
8.04,1447.86,73955
-32.06,1442.19,73966
-36.50,1455.57,73978
1.03,1467.27,73990
30.05,1460.13,74002
-29.28,1443.24,74013
-39.39,1438.88,74025
-0.25,1455.99,74037
30.05,1469.47,74048
11.82,1461.58,74060
-28.19,1445.56,74072
-39.90,1442.12,74084
-3.53,1457.29,74095
31.88,1468.11,74107
14.78,1458.07,74119
-29.42,1442.06,74131
-41.27,1443.04,74142
-3.03,1458.90,74155
31.30,1468.46,74166
15.09,1456.91,74178
-27.63,1440.84,74189
-41.85,1444.94,74202
